-0.0462914 -0.0733067 0.24484 1689.92 2
-0.0435257 -0.0732426 0.243952 1811.43 2
-0.0404455 -0.0730946 0.24325 2108 2
-0.0375014 -0.07302 0.243 2300.55 2
-0.0345996 -0.07302 0.243 2460.96 2
-0.0314341 -0.07302 0.243 2449.75 2
-0.0283349 -0.0731951 0.243583 2397.79 2
-0.0254712 -0.0733205 0.244 2433.5 2
-0.0225099 -0.0733337 0.244385 2366.15 2
-0.0205222 -0.0733548 0.245 2287.9 2
-0.045922 -0.0705602 0.245 2672.25 2
-0.0435434 -0.0705 0.244333 2801.67 2
-0.0405333 -0.0706048 0.243778 3034.61 2
-0.037441 -0.0703855 0.24325 3132.19 2
-0.0345306 -0.0704591 0.243059 3227.88 2
-0.031441 -0.070396 0.243056 3429.22 2
-0.028368 -0.0706292 0.243861 3427.06 2
-0.0254712 -0.0706699 0.244 3436.57 2
-0.022785 -0.0706229 0.244556 3435.19 2
-0.0462516 -0.0674069 0.245 2863.52 2
-0.0435306 -0.0674678 0.244815 3073.48 2
-0.0405316 -0.0675269 0.244 3230.86 2
-0.0374324 -0.0675651 0.244278 3440.83 2
-0.0345299 -0.0675897 0.244367 3579 2
-0.0315489 -0.0674578 0.243889 3645.69 2
-0.0284329 -0.067603 0.244417 3647 2
-0.0255369 -0.0676629 0.244633 3628.2 2
-0.0233592 -0.0679431 0.245 3613.17 2
-0.045789 -0.0659026 0.245 2952.33 2
-0.0432434 -0.0648381 0.245 3223.61 2
-0.0403045 -0.0645734 0.244 3379.4 2
-0.0374004 -0.0645726 0.244545 3567.36 2
-0.0346261 -0.0645725 0.244643 3636.39 2
-0.0315407 -0.0645644 0.244161 3661.9 2
-0.0286603 -0.0647264 0.244968 3680.39 2
-0.0258796 -0.0656745 0.245 3669.43 2
-0.0429974 -0.0613289 0.2447 3311.2 2
-0.040538 -0.0616142 0.244027 3434.32 2
-0.0375491 -0.0614303 0.244641 3591.95 2
-0.0344045 -0.0613579 0.244771 3673.34 2
-0.0316143 -0.0616475 0.244676 3702.54 2
-0.0296031 -0.0619485 0.245 3687.86 2
-0.0428634 -0.0584505 0.245 3376.15 2
-0.0404605 -0.0586034 0.244724 3496.86 2
-0.0375441 -0.0584505 0.245 3631.9 2
-0.0343525 -0.0584505 0.245 3687.47 2
-0.0316928 -0.0584505 0.245 3732.45 2
-0.0425974 -0.055789 0.245 3421.06 2
-0.0404697 -0.0555228 0.245 3545 2
-0.0375441 -0.0555228 0.245 3654.03 2
-0.0343525 -0.0555229 0.245 3702.86 2
-0.0316928 -0.0555228 0.245 3746.42 2
-0.0423314 -0.0536598 0.245 3472 2
-0.0404137 -0.0528473 0.245 3538.42 2
-0.0375618 -0.0531985 0.245 3669.93 2
-0.034778 -0.0533404 0.245 3683.5 2
-0.0316928 -0.0536598 0.245 3732 2
-0.0185446 -0.0750269 0.247 989 2
-0.0170044 -0.0753307 0.248 871.25 2
-0.0544264 -0.0726366 0.248 1896.67 2
-0.0527055 -0.0730883 0.247619 1741.67 2
-0.0493276 -0.0732439 0.246129 1698.97 2
-0.019213 -0.0732882 0.246417 2481.88 2
-0.017389 -0.0736373 0.248 2418.57 2
-0.0544264 -0.071559 0.248 2130 2
-0.0524806 -0.0705687 0.247652 2285.96 2
-0.0496302 -0.0704261 0.246588 2510.47 2
-0.0473111 -0.0704474 0.246 2667 2
-0.0216742 -0.0696457 0.246 3573.75 2
-0.0196104 -0.0704487 0.246944 3355.47 2
-0.0175429 -0.0707507 0.248 3264.12 2
-0.052153 -0.0676376 0.248 2444.67 2
-0.0495038 -0.0675116 0.246688 2683.97 2
-0.0473111 -0.0675078 0.246 2813.5 2
-0.0240777 -0.0664389 0.246 3632 2
-0.0221962 -0.0672178 0.246261 3618.39 2
-0.0196909 -0.0675406 0.247636 3495.21 2
-0.0516572 -0.0652471 0.248 2553.57 2
-0.049329 -0.0646784 0.247333 2799.15 2
-0.0465808 -0.0645465 0.246154 2978.54 2
-0.0446406 -0.0640338 0.246 3145.83 2
-0.0276028 -0.06382 0.246 3670.4 2
-0.0252686 -0.0644111 0.246193 3646.97 2
-0.0223275 -0.0645007 0.246914 3625.57 2
-0.0199659 -0.0645543 0.248 3560.07 2
-0.0491546 -0.0617446 0.24775 2861.9 2
-0.0466343 -0.0615512 0.246562 3053.78 2
-0.0446406 -0.0616286 0.246 3172 2
-0.0304869 -0.0602925 0.246 3728 2
-0.0283214 -0.0613739 0.246187 3697.12 2
-0.0255644 -0.0614543 0.246872 3681.26 2
-0.0223678 -0.0615354 0.247778 3636.86 2
-0.0205043 -0.0615909 0.248 3614.33 2
-0.0492994 -0.0582057 0.248 2868.7 2
-0.0466816 -0.0584473 0.247 3069.21 2
-0.0446406 -0.0584218 0.246 3246.83 2
-0.0304869 -0.0584218 0.246 3718 2
-0.0287418 -0.0584078 0.246455 3716.39 2
-0.0255097 -0.0582338 0.247314 3709.57 2
-0.0225026 -0.0584098 0.247909 3670.94 2
-0.0205043 -0.0591662 0.248 3624 2
-0.0495804 -0.0553945 0.248 2831.16 2
-0.0466954 -0.0554317 0.247172 3056.1 2
-0.0441659 -0.0553634 0.246 3312.72 2
-0.0304869 -0.0554822 0.246 3728 2
-0.0286199 -0.0554858 0.246667 3718.97 2
-0.0257513 -0.0554902 0.247931 3702.28 2
-0.0229518 -0.0560313 0.248 3650.09 2
-0.048965 -0.0527389 0.248 2905 2
-0.0466818 -0.0523751 0.247452 3108.23 2
-0.043541 -0.0525678 0.246161 3395.45 2
-0.0403678 -0.0516645 0.246 3572.79 2
-0.03746 -0.0519488 0.246 3664.06 2
-0.0343283 -0.052152 0.246 3715.08 2
-0.031514 -0.0523371 0.246 3755.88 2
-0.0287418 -0.0525177 0.246455 3761.48 2
-0.0255232 -0.0525086 0.247788 3753.3 2
-0.0226581 -0.052431 0.248 3735.03 2
-0.0485035 -0.0494675 0.248 3008.8 2
-0.0465176 -0.0495834 0.247849 3184.06 2
-0.0434998 -0.0495554 0.2471 3429.07 2
-0.0404411 -0.0494234 0.246444 3593.14 2
-0.0374774 -0.0495489 0.246038 3677.46 2
-0.0344927 -0.049603 0.246 3732.37 2
-0.0313241 -0.0494726 0.246485 3782.09 2
-0.0285061 -0.0495597 0.246903 3766.06 2
-0.0256103 -0.049457 0.247212 3781.06 2
-0.0226581 -0.0494675 0.248 3751.12 2
-0.0488266 -0.0467195 0.248 2976.1 2
-0.0466266 -0.0466854 0.247807 3179.68 2
-0.0435173 -0.0466231 0.2472 3444.92 2
-0.0405319 -0.0465848 0.247 3611.67 2
-0.0374832 -0.0467272 0.246586 3689.45 2
-0.0345161 -0.0466941 0.246167 3751.14 2
-0.0314659 -0.0466612 0.246875 3803.06 2
-0.0284658 -0.0465848 0.247 3817 2
-0.0254854 -0.0465175 0.247424 3795.88 2
-0.0231965 -0.046504 0.248 3770.5 2
-0.0485035 -0.0440793 0.248 3074 2
-0.0463727 -0.0437161 0.247333 3208 2
-0.0434814 -0.0436332 0.247 3452.93 2
-0.0405319 -0.0436333 0.247 3622.19 2
-0.0375824 -0.0436332 0.247 3725.7 2
-0.0346329 -0.0436332 0.247 3777.25 2
-0.0314153 -0.0436333 0.247 3807.11 2
-0.0284695 -0.043639 0.247033 3807.97 2
-0.0256573 -0.0436278 0.247667 3799.52 2
-0.023238 -0.0437063 0.248 3774.31 2
-0.0460943 -0.0407307 0.247708 3232.83 2
-0.0434934 -0.0404239 0.247067 3463.93 2
-0.0405546 -0.0404354 0.247139 3649.03 2
-0.0375876 -0.0404187 0.247033 3739.43 2
-0.0346329 -0.0404134 0.247 3781.44 2
-0.0314221 -0.0404222 0.247056 3824.33 2
-0.0285497 -0.0405324 0.247733 3832.67 2
-0.026018 -0.0408249 0.248 3822.2 2
-0.023735 -0.0419241 0.248 3758 2
-0.0455959 -0.0383679 0.248 3304.4 2
-0.0434167 -0.0375602 0.247897 3505.41 2
-0.0404824 -0.037649 0.247962 3657.15 2
-0.0376628 -0.0375404 0.24752 3732.08 2
-0.0346329 -0.0374619 0.247 3790.8 2
-0.0314732 -0.0375322 0.247467 3839.3 2
-0.028581 -0.0376135 0.248 3839 2
-0.0265251 -0.0379074 0.248 3833.82 2
-0.0428498 -0.0357277 0.248 3561.62 2
-0.0404268 -0.03465 0.248 3662.03 2
-0.037675 -0.0345941 0.2476 3746.87 2
-0.0346329 -0.0345103 0.247 3816.17 2
-0.0314986 -0.0346035 0.247667 3839.06 2
-0.0286579 -0.034727 0.248 3839.82 2
-0.0269657 -0.0351889 0.248 3837.75 2
-0.0425806 -0.0314171 0.248 3622.25 2
-0.0404268 -0.0314171 0.248 3687.67 2
-0.037527 -0.0313383 0.247882 3793.97 2
-0.0345523 -0.0314353 0.247625 3829.94 2
-0.0315278 -0.0314026 0.247889 3839.92 2
-0.0291194 -0.0316866 0.248 3840 2
-0.0433882 -0.0292619 0.248 3555 2
-0.0402473 -0.0290823 0.248 3687.92 2
-0.0375877 -0.028772 0.248 3788.77 2
-0.0345039 -0.0292619 0.248 3826.2 2
-0.0315425 -0.0291464 0.248 3834.71 2
-0.0154511 -0.0753639 0.249 979 2
-0.0138848 -0.0756666 0.25 756.75 2
-0.0114881 -0.0751513 0.251 1386 2
-0.057939 -0.0730424 0.250714 1717.86 2
-0.0558716 -0.072938 0.2494 1747.7 2
-0.0159917 -0.0734705 0.249 2581.9 2
-0.0133322 -0.0736239 0.250303 2391.52 2
-0.0115709 -0.073738 0.250833 2221.5 2
-0.058068 -0.0705139 0.250783 2038.91 2
-0.0552648 -0.0704175 0.249259 2143.07 2
-0.0162234 -0.0703405 0.249 3190.75 2
-0.0134728 -0.0706199 0.250032 2960.52 2
-0.0114881 -0.0713339 0.251 2803 2
-0.0576828 -0.0677307 0.250786 2083.43 2
-0.0553579 -0.0674555 0.249767 2251.77 2
-0.0532943 -0.0672491 0.249 2405.75 2
-0.0186948 -0.0664376 0.249 3438 2
-0.0164803 -0.0674851 0.24925 3331.47 2
-0.0136669 -0.0675554 0.25031 3077.86 2
-0.0572646 -0.0645172 0.251 2238.83 2
-0.055502 -0.0645284 0.250231 2355.73 2
-0.0526714 -0.0642501 0.249 2486.87 2
-0.0508615 -0.0637327 0.249 2679.33 2
-0.0188493 -0.0643509 0.249 3484.64 2
-0.0166221 -0.0645705 0.249412 3364 2
-0.0142245 -0.0645056 0.250647 3183.18 2
-0.0576279 -0.0618815 0.251 2183.33 2
-0.0554096 -0.0615398 0.250172 2384.66 2
-0.052591 -0.0615025 0.249222 2539.74 2
-0.0505011 -0.061208 0.249 2720.67 2
-0.0192355 -0.0615687 0.249 3567.75 2
-0.0165141 -0.0615515 0.249706 3443.5 2
-0.014667 -0.0616997 0.251 3274 2
-0.0572646 -0.0585186 0.251 2205.33 2
-0.0555306 -0.0584486 0.250286 2408.68 2
-0.0524713 -0.0585473 0.249214 2560.54 2
-0.050707 -0.0590956 0.249 2713.71 2
-0.0211276 -0.0577818 0.249 3639 2
-0.0193856 -0.0585031 0.249 3605.74 2
-0.0166092 -0.0585972 0.250176 3487.12 2
-0.0147578 -0.0585186 0.251 3358.83 2
-0.0572646 -0.0566099 0.251 2272 2
-0.0552551 -0.0555929 0.250478 2447.83 2
-0.0526386 -0.0555964 0.249444 2588.96 2
-0.0243713 -0.0548064 0.249 3685.5 2
-0.0221519 -0.0552477 0.249 3664.16 2
-0.0195058 -0.0556178 0.249 3595.4 2
-0.0169276 -0.0555911 0.25031 3510.76 2
-0.0548123 -0.0527926 0.251 2475.8 2
-0.0525973 -0.0526136 0.249621 2602.07 2
-0.0503209 -0.0523719 0.249 2795.88 2
-0.0211276 -0.0526424 0.249 3710.83 2
-0.0195158 -0.05267 0.249133 3655.07 2
-0.0168829 -0.0525159 0.250759 3526.59 2
-0.0545398 -0.0492479 0.251 2527.25 2
-0.0526938 -0.049582 0.250172 2657.55 2
-0.0500506 -0.0493965 0.249 2856.17 2
-0.0213303 -0.0490583 0.249 3731.25 2
-0.0193445 -0.0495438 0.249943 3665.03 2
-0.0169692 -0.0498342 0.250933 3578.33 2
-0.0545398 -0.0465212 0.251 2532 2
-0.0528589 -0.0465249 0.2505 2661.54 2
-0.0501858 -0.0462181 0.249 2849.69 2
-0.0216682 -0.046421 0.249 3735 2
-0.0192645 -0.0465574 0.250281 3677 2
-0.0172101 -0.0465212 0.251 3626.5 2
-0.0545398 -0.0435219 0.251 2540.6 2
-0.0525276 -0.0435637 0.250656 2700.47 2
-0.0495555 -0.0433531 0.24928 2969.68 2
-0.0219139 -0.0432489 0.249 3754.27 2
-0.0193788 -0.0435496 0.250059 3705.59 2
-0.0172101 -0.0435219 0.251 3641.7 2
-0.0545398 -0.0418859 0.251 2573 2
-0.0523732 -0.0405353 0.250806 2757.68 2
-0.0494261 -0.0404 0.249643 3029.21 2
-0.0473475 -0.0399291 0.249 3179.83 2
-0.0248136 -0.040175 0.249 3819.27 2
-0.0224331 -0.0404085 0.24925 3816.44 2
-0.0193628 -0.0404687 0.250667 3735.22 2
-0.0172101 -0.0416132 0.251 3651.25 2
-0.0520588 -0.0376637 0.250789 2797 2
-0.0493414 -0.0374656 0.249815 3027.67 2
-0.0467032 -0.0373007 0.24908 3230.44 2
-0.0446444 -0.0361422 0.249 3425.5 2
-0.0252498 -0.0372918 0.249 3826.08 2
-0.0225946 -0.0375031 0.249588 3827.29 2
-0.0198941 -0.0374484 0.2505 3760.65 2
-0.0516788 -0.0349328 0.251 2849.83 2
-0.0495441 -0.0344593 0.250533 3006.37 2
-0.0467094 -0.0344287 0.249607 3259.54 2
-0.0436464 -0.0343528 0.249 3552.46 2
-0.0273447 -0.0337078 0.249 3840 2
-0.0254525 -0.0345193 0.249 3838.16 2
-0.0225537 -0.0343628 0.249833 3832.72 2
-0.0198941 -0.0344551 0.2505 3760.33 2
-0.0512701 -0.0320698 0.251 2901.67 2
-0.0495067 -0.0315737 0.250826 3095.39 2
-0.0465816 -0.0314633 0.249556 3366.04 2
-0.0442119 -0.0315438 0.249 3542.7 2
-0.0277772 -0.0313274 0.249 3840 2
-0.0254792 -0.0315766 0.249267 3840 2
-0.0225752 -0.031407 0.250067 3838.27 2
-0.0201685 -0.0317582 0.251 3793 2
-0.0489635 -0.0285438 0.250789 3164.21 2
-0.046632 -0.0285554 0.249615 3322.04 2
-0.0435632 -0.0284436 0.249 3539.85 2
-0.0407561 -0.0279858 0.249 3685.77 2
-0.0372785 -0.0276893 0.249 3805.12 2
-0.0343727 -0.0280274 0.249 3836.89 2
-0.0313577 -0.0279442 0.249 3840 2
-0.028389 -0.028458 0.249333 3840 2
-0.0254182 -0.0283504 0.250121 3840 2
-0.0227228 -0.028763 0.250704 3834.41 2
-0.0204799 -0.0298885 0.251 3782 2
-0.0487572 -0.025647 0.251 3201.44 2
-0.0461609 -0.025544 0.25 3407.15 2
-0.0434188 -0.0256785 0.249419 3594 2
-0.0405898 -0.0255929 0.249 3698.9 2
-0.0376164 -0.0255929 0.249 3811.31 2
-0.0343727 -0.0255929 0.249 3837.06 2
-0.0314074 -0.0255995 0.249067 3840 2
-0.0285855 -0.0255466 0.249758 3840 2
-0.0253461 -0.0254881 0.250633 3840 2
-0.0232436 -0.0258375 0.251 3840 2
-0.0482728 -0.0227992 0.251 3199.9 2
-0.0462926 -0.02249 0.2506 3374.07 2
-0.0434668 -0.0224368 0.25 3601.07 2
-0.0405898 -0.0226175 0.249 3715.56 2
-0.0376164 -0.0226175 0.249 3797.13 2
-0.0343727 -0.0226175 0.249 3835.83 2
-0.0314032 -0.0224879 0.2495 3840 2
-0.0285461 -0.0224415 0.250056 3840 2
-0.0254521 -0.0225798 0.250882 3840 2
-0.0234771 -0.0230718 0.251 3840 2
-0.0462786 -0.019615 0.250913 3433.04 2
-0.0435022 -0.0194643 0.2502 3612.6 2
-0.0405508 -0.0196194 0.249667 3728.3 2
-0.0375617 -0.0197502 0.249455 3821.64 2
-0.0344798 -0.0197024 0.249778 3839.03 2
-0.0315762 -0.0195638 0.249926 3840 2
-0.0286188 -0.0195034 0.2507 3840 2
-0.025657 -0.0195272 0.251 3840 2
-0.0457864 -0.0166982 0.251 3491.44 2
-0.0434817 -0.0164491 0.250939 3649.45 2
-0.0403829 -0.0165454 0.250152 3730.64 2
-0.0374961 -0.016462 0.25 3833.83 2
-0.0345108 -0.016462 0.25 3839.44 2
-0.0314807 -0.0164221 0.250065 3840 2
-0.0285717 -0.0165421 0.250629 3840 2
-0.0258613 -0.0167323 0.251 3840 2
-0.0452755 -0.0146191 0.251 3505 2
-0.0428232 -0.0137102 0.251 3675.72 2
-0.0403583 -0.0135238 0.25092 3726.4 2
-0.0375206 -0.0134827 0.25016 3814.36 2
-0.0345564 -0.0134914 0.250333 3839.33 2
-0.0313621 -0.0135207 0.250867 3840 2
-0.0284766 -0.0135996 0.251 3840 2
-0.0264199 -0.0142919 0.251 3840 2
-0.0425507 -0.0105291 0.251 3660.5 2
-0.0403709 -0.0105291 0.251 3756 2
-0.0373736 -0.0105291 0.251 3828.72 2
-0.0345021 -0.0106969 0.251 3840 2
-0.0316515 -0.0113471 0.251 3840 2
-0.0425507 -0.00752979 0.251 3651.73 2
-0.0403709 -0.00752979 0.251 3738.32 2
-0.0374514 -0.0076077 0.251 3822.11 2
-0.0354662 -0.00780246 0.251 3840 2
-0.0424517 -0.00510058 0.251 3647.18 2
-0.0405266 -0.00495893 0.251 3741.1 2
-0.038191 -0.00548479 0.251 3806.88 2
-0.00999635 -0.0753673 0.252333 1436 2
-0.00769638 -0.0757094 0.2536 1217.4 2
-0.0637395 -0.0727384 0.254 1263.17 2
-0.061405 -0.073019 0.252933 1555.8 2
-0.0596813 -0.0729869 0.252 1923 2
-0.0102331 -0.0735421 0.252455 2351.45 2
-0.00821334 -0.0737444 0.253667 2290.78 2
-0.0616477 -0.070623 0.253172 1715.69 2
-0.0596813 -0.0705231 0.252 2107.6 2
-0.012081 -0.0699756 0.252 2916.33 2
-0.0103532 -0.0704654 0.252889 2776.48 2
-0.00859227 -0.0710828 0.254 2605.83 2
-0.0612759 -0.0676646 0.2535 1810.85 2
-0.0591341 -0.0672381 0.252 2028.56 2
-0.0122921 -0.0672025 0.252125 2972.5 2
-0.0106172 -0.067597 0.253269 2809.38 2
-0.0610584 -0.0643892 0.253312 1773.44 2
-0.0588606 -0.0645005 0.252 2045.55 2
-0.0127166 -0.0643431 0.252632 3042 2
-0.0111965 -0.0647888 0.253667 2915.08 2
-0.060935 -0.0614184 0.253538 1774.46 2
-0.0590172 -0.0613182 0.2522 2025 2
-0.0132325 -0.0614563 0.252731 3155.12 2
-0.0110388 -0.0614925 0.253941 2937.06 2
-0.0609821 -0.0583902 0.254 1768.9 2
-0.0590389 -0.0584546 0.252545 2011.09 2
-0.0131574 -0.0584915 0.252821 3156.75 2
-0.0111055 -0.0584789 0.253937 2969.88 2
-0.0601549 -0.055631 0.254 1902.4 2
-0.0585253 -0.0555413 0.252909 2084.64 2
-0.0567111 -0.05488 0.252 2311.71 2
-0.0153637 -0.0554666 0.252 3425.83 2
-0.0135602 -0.0555016 0.252727 3250.03 2
-0.0111742 -0.055932 0.254 3035.82 2
-0.0601549 -0.0534235 0.254 1868.67 2
-0.058293 -0.0525263 0.253462 2087.19 2
-0.0560197 -0.0523712 0.252 2380.85 2
-0.0153637 -0.0524554 0.252 3461 2
-0.0134102 -0.0524567 0.252727 3288 2
-0.0116254 -0.0525958 0.254 3102 2
-0.0601549 -0.0495606 0.254 1925.4 2
-0.0583554 -0.049444 0.253167 2102.08 2
-0.0558514 -0.0494441 0.252 2370.75 2
-0.0158327 -0.0491312 0.252 3553.07 2
-0.0135731 -0.0495082 0.25297 3325.61 2
-0.0116254 -0.0495606 0.254 3117.4 2
-0.0601549 -0.0468013 0.254 1898 2
-0.0583877 -0.0464898 0.253231 2104.31 2
-0.0559198 -0.0465012 0.252 2412.94 2
-0.0159149 -0.0464448 0.252067 3570.27 2
-0.0137298 -0.0465489 0.253296 3379.7 2
-0.0581896 -0.0434959 0.253526 2119.11 2
-0.056029 -0.0434766 0.252095 2364.19 2
-0.0159278 -0.0434697 0.252278 3583.94 2
-0.0137941 -0.0435107 0.253345 3444.38 2
-0.0116254 -0.0423865 0.254 3235 2
-0.0582689 -0.0406328 0.253389 2082.33 2
-0.0554961 -0.0403632 0.252071 2445.25 2
-0.0163972 -0.0403427 0.252174 3616.91 2
-0.0134528 -0.0405025 0.253515 3411.3 2
-0.0116254 -0.040455 0.254 3251.33 2
-0.058369 -0.0373924 0.25352 2091.08 2
-0.0554624 -0.0375037 0.25225 2458.47 2
-0.0533893 -0.0368515 0.252 2713.88 2
-0.0183729 -0.0373989 0.252 3687.5 2
-0.0164959 -0.037488 0.2526 3626.17 2
-0.0138114 -0.0375774 0.253655 3511.59 2
-0.0116254 -0.0385235 0.254 3232 2
-0.0576833 -0.0347982 0.2538 2174.2 2
-0.0556004 -0.0344812 0.253154 2464.19 2
-0.0529789 -0.0341823 0.252 2684.75 2
-0.0183729 -0.0343876 0.252 3718.5 2
-0.0164959 -0.0344695 0.2526 3664.8 2
-0.014333 -0.0344257 0.253706 3545.35 2
-0.0573976 -0.0316253 0.254 2259.25 2
-0.0555714 -0.0315712 0.253571 2476.32 2
-0.052784 -0.0313396 0.252444 2755.3 2
-0.0509272 -0.0305551 0.252 3006 2
-0.0188106 -0.0311574 0.252 3748.9 2
-0.0165223 -0.0315 0.253 3683.2 2
-0.0145108 -0.0317418 0.253833 3597.67 2
-0.0550814 -0.0287005 0.254 2550.6 2
-0.0524529 -0.0284581 0.253043 2806.74 2
-0.0503801 -0.0284199 0.252 3014 2
-0.0216557 -0.0278176 0.252 3840 2
-0.0194915 -0.0284026 0.252333 3780.23 2
-0.0165612 -0.0285452 0.2536 3704.6 2
-0.0149342 -0.0285902 0.254 3660.2 2
-0.0540887 -0.025555 0.254 2639.5 2
-0.0522977 -0.0254873 0.253333 2825.23 2
-0.0501456 -0.0253146 0.252 3032.14 2
-0.0221421 -0.0255058 0.252 3840 2
-0.0194513 -0.0254991 0.252647 3779.09 2
-0.0166959 -0.0256239 0.253778 3718.63 2
-0.0149342 -0.0263828 0.254 3679.67 2
-0.0540887 -0.0225198 0.254 2666.6 2
-0.0524684 -0.0224209 0.253696 2796 2
-0.0498353 -0.0225534 0.252136 3051.73 2
-0.0241178 -0.0215213 0.252 3840 2
-0.0223081 -0.022532 0.252 3840 2
-0.0195825 -0.0225006 0.252625 3804.25 2
-0.0168644 -0.0225198 0.254 3726.65 2
-0.0540887 -0.0194847 0.254 2671.5 2
-0.052218 -0.0194669 0.253769 2829.96 2
-0.0494575 -0.0194724 0.252571 3169.86 2
-0.0473709 -0.0185099 0.252 3375.5 2
-0.0241178 -0.019605 0.252 3840 2
-0.0224764 -0.019605 0.252 3839.88 2
-0.0194558 -0.0194659 0.252706 3797.24 2
-0.0168644 -0.0194846 0.254 3738.04 2
-0.0540887 -0.0164494 0.254 2672.6 2
-0.0523446 -0.0164214 0.25356 2824.64 2
-0.0492912 -0.0164636 0.252333 3129.96 2
-0.0472145 -0.0163981 0.252 3334.57 2
-0.0245281 -0.016183 0.252 3840 2
-0.0224764 -0.0165936 0.252 3840 2
-0.0195922 -0.0164706 0.25275 3816.38 2
-0.0168644 -0.0164494 0.254 3753.1 2
-0.0540887 -0.0147939 0.254 2648 2
-0.0521789 -0.0134761 0.25372 2875.32 2
-0.049412 -0.013541 0.252423 3154.58 2
-0.0465958 -0.0135368 0.252 3428.5 2
-0.0443616 -0.0133086 0.252 3627.42 2
-0.0274006 -0.0127611 0.252 3840 2
-0.0252777 -0.0134291 0.252 3840 2
-0.0223557 -0.013498 0.252643 3840 2
-0.0194675 -0.0134691 0.253636 3821.18 2
-0.0169145 -0.0135397 0.254 3785.68 2
-0.0516623 -0.0111517 0.254 2904.2 2
-0.0494398 -0.0106601 0.253407 3155.33 2
-0.0466003 -0.0105817 0.252267 3407.7 2
-0.0443616 -0.0105711 0.252 3601.22 2
-0.0336926 -0.00947607 0.252 3840 2
-0.0312852 -0.00991406 0.252 3840 2
-0.0284949 -0.0105711 0.252 3840 2
-0.0255126 -0.0105822 0.252278 3840 2
-0.0223616 -0.0105887 0.253371 3840 2
-0.0197702 -0.0108036 0.254 3822 2
-0.0174158 -0.0114828 0.254 3771 2
-0.04934 -0.00774243 0.254 3119.39 2
-0.0466988 -0.00758379 0.2528 3369.4 2
-0.0443616 -0.0075598 0.252 3559.47 2
-0.0364283 -0.00646478 0.252 3833.5 2
-0.0343049 -0.00750765 0.252 3840 2
-0.0315041 -0.00755979 0.252 3840 2
-0.0284992 -0.00756082 0.25204 3840 2
-0.0255726 -0.00758564 0.252867 3840 2
-0.0223394 -0.0076065 0.253567 3840 2
-0.0204489 -0.00761979 0.254 3840 2
-0.0486064 -0.00450345 0.254 3217.65 2
-0.0463762 -0.00452804 0.253071 3398.54 2
-0.0438145 -0.0043743 0.252 3614.45 2
-0.040167 -0.00354474 0.252 3726.11 2
-0.037288 -0.00427475 0.252 3822.75 2
-0.0345133 -0.0045485 0.252 3840 2
-0.0315108 -0.00454921 0.252055 3840 2
-0.0285772 -0.00456073 0.252733 3840 2
-0.0255894 -0.0045669 0.253028 3840 2
-0.0225864 -0.00462602 0.253839 3840 2
-0.0204489 -0.00596424 0.254 3840 2
-0.0482589 -0.00186476 0.254 3216.14 2
-0.0462817 -0.00154614 0.25352 3390.72 2
-0.0433507 -0.00153928 0.25248 3624.08 2
-0.0404216 -0.00147659 0.252074 3717.07 2
-0.0374357 -0.00159608 0.252071 3812.39 2
-0.0345133 -0.00153722 0.252 3840 2
-0.0315443 -0.00153925 0.252333 3840 2
-0.0285018 -0.00148266 0.253148 3840 2
-0.0255346 -0.00160411 0.253464 3840 2
-0.0230441 -0.00167926 0.254 3840 2
-0.0480225 0.000382068 0.254 3163 2
-0.0461984 0.00140087 0.254 3401.31 2
-0.0434857 0.00148206 0.253267 3621.3 2
-0.0404179 0.00147992 0.253 3723.19 2
-0.0374064 0.0014806 0.253067 3799.93 2
-0.0344563 0.00154459 0.253 3835.5 2
-0.0314412 0.00141102 0.252875 3840 2
-0.0285184 0.0014114 0.253125 3840 2
-0.0255943 0.00154975 0.253882 3840 2
-0.0234269 0.00104429 0.254 3840 2
-0.0455409 0.00424503 0.254 3424.25 2
-0.0435974 0.0045198 0.25392 3598.92 2
-0.0404452 0.00450663 0.253167 3698.47 2
-0.0373967 0.00450316 0.253 3799.64 2
-0.0343755 0.00450316 0.253 3835.93 2
-0.0313934 0.00450973 0.25332 3840 2
-0.0284148 0.00451708 0.253733 3840 2
-0.0254122 0.00452096 0.254 3840 2
-0.0237578 0.00452096 0.254 3840 2
-0.0431627 0.00724573 0.254 3579.69 2
-0.0405561 0.00755259 0.253861 3700.64 2
-0.0374315 0.00753439 0.253233 3788 2
-0.0344424 0.00754218 0.2535 3830.08 2
-0.0316798 0.00734819 0.253958 3840 2
-0.0284453 0.00672837 0.254 3840 2
-0.0257366 0.00702053 0.254 3840 2
-0.0237578 0.00617652 0.254 3840 2
-0.0428387 0.00981874 0.254 3595.4 2
-0.0403709 0.0103844 0.254 3705.04 2
-0.0375446 0.0105913 0.254 3773.84 2
-0.0345115 0.0105913 0.254 3823.03 2
-0.0321301 0.0102903 0.254 3840 2
-0.0367173 0.0133506 0.254 3799.4 2
-0.034559 0.0133125 0.254 3825.86 2
-0.0325813 0.0130747 0.254 3840 2
-0.0367174 0.0150062 0.254 3771.5 2
-0.035088 0.0154577 0.254 3786.09 2
-0.00641152 -0.0755179 0.255 1595 2
-0.00534583 -0.0763893 0.257 1163.17 2
-0.0664646 -0.0721987 0.256 995.5 2
-0.0651828 -0.0725647 0.255333 1112.67 2
-0.00680296 -0.0734639 0.255889 2331.83 2
-0.0666377 -0.0712707 0.256667 1036.5 2
-0.064693 -0.0704142 0.255583 1318.33 2
-0.00732729 -0.0704552 0.256133 2495.97 2
-0.0641007 -0.0675905 0.255842 1442.95 2
-0.0626063 -0.0674845 0.255 1655.2 2
-0.00973338 -0.0666535 0.255 2714 2
-0.00810302 -0.0674694 0.256 2565.33 2
-0.0639927 -0.0645787 0.25625 1447.06 2
-0.0626063 -0.0644374 0.255 1635 2
-0.0100102 -0.0642988 0.255 2826.56 2
-0.00811885 -0.0645378 0.2565 2613.1 2
-0.0634902 -0.0614313 0.256333 1507.17 2
-0.0623295 -0.0613902 0.255 1603.7 2
-0.00973338 -0.0613902 0.255 2794.2 2
-0.00806966 -0.06161 0.256545 2607.18 2
-0.0639343 -0.0585215 0.257 1487.8 2
-0.0623702 -0.0583803 0.255167 1636.08 2
-0.00973338 -0.0586201 0.255 2822.1 2
-0.00816804 -0.058549 0.256455 2697.64 2
-0.0638582 -0.0555774 0.257 1450.18 2
-0.0618672 -0.0554808 0.255522 1735.57 2
-0.0101088 -0.0553315 0.255167 2945.33 2
-0.00840207 -0.0556475 0.256625 2773.62 2
-0.0630974 -0.0523794 0.257 1549.6 2
-0.0615297 -0.0524607 0.255889 1763.83 2
-0.0598381 -0.0519718 0.255 1915 2
-0.0102575 -0.0524865 0.255545 3008.05 2
-0.00819776 -0.0522553 0.257 2736.28 2
-0.0630974 -0.0501459 0.257 1513.33 2
-0.0617148 -0.0493907 0.255526 1725.63 2
-0.0122248 -0.0480936 0.255 3195 2
-0.0104119 -0.0493819 0.255435 3003.61 2
-0.0083749 -0.0498269 0.257 2830 2
-0.0630974 -0.0465165 0.257 1523.33 2
-0.0616665 -0.0464173 0.255824 1738.94 2
-0.0598381 -0.0453235 0.255 1922 2
-0.0122248 -0.0464315 0.255 3285.4 2
-0.010546 -0.0465091 0.256111 3044.78 2
-0.00869374 -0.0473541 0.257 2832.5 2
-0.0630974 -0.0434455 0.257 1577 2
-0.0614638 -0.043554 0.256 1813.05 2
-0.0598381 -0.0436614 0.255 1978.2 2
-0.0122248 -0.0439384 0.255 3274.75 2
-0.0105439 -0.0435907 0.255667 3108.54 2
-0.00869375 -0.0431663 0.257 2882.38 2
-0.0630974 -0.041212 0.257 1557.67 2
-0.0612943 -0.0406461 0.255842 1781.26 2
-0.0598381 -0.0406143 0.255 1916.83 2
-0.0103547 -0.0405603 0.255455 3139.05 2
-0.00869375 -0.0409328 0.257 2934.38 2
-0.0612553 -0.0376742 0.256437 1817.5 2
-0.0598381 -0.0386752 0.255 1932 2
-0.0122248 -0.0372901 0.255 3291.75 2
-0.0105299 -0.0374565 0.256143 3177.71 2
-0.060775 -0.0342881 0.256615 1853.31 2
-0.0589966 -0.0344148 0.25525 2029.06 2
-0.0127917 -0.0345573 0.255278 3381.78 2
-0.0107496 -0.0346347 0.256708 3190.83 2
-0.0602292 -0.0313983 0.256667 1883.83 2
-0.0587369 -0.0313249 0.255556 2081.72 2
-0.0130824 -0.0313304 0.255263 3520.68 2
-0.0111584 -0.0314863 0.256706 3302.24 2
-0.0603074 -0.0283695 0.257 1934.6 2
-0.0582666 -0.0284384 0.255552 2178.83 2
-0.0559626 -0.0274562 0.255 2435.12 2
-0.0133621 -0.0284926 0.2556 3517.77 2
-0.0112224 -0.0284324 0.256625 3295.44 2
-0.0603074 -0.0255776 0.257 1935.6 2
-0.0583978 -0.0254736 0.25596 2152.28 2
-0.0556858 -0.0253786 0.255 2458.7 2
-0.0155466 -0.0248246 0.255 3646 2
-0.013542 -0.025383 0.255643 3577.68 2
-0.0117444 -0.0255365 0.2566 3402.2 2
-0.0603074 -0.0236234 0.257 1933.5 2
-0.058358 -0.0225521 0.256538 2189.88 2
-0.0556858 -0.0226085 0.255 2492.3 2
-0.0155466 -0.0226085 0.255 3686 2
-0.0137505 -0.0225453 0.256063 3590.06 2
-0.0117627 -0.0233442 0.257 3370.33 2
-0.0582421 -0.0193977 0.2565 2160.35 2
-0.0555668 -0.0195883 0.255357 2488.93 2
-0.053748 -0.0195613 0.255 2702 2
-0.0155466 -0.0195613 0.255 3715.33 2
-0.013989 -0.0194355 0.256154 3634.12 2
-0.0581271 -0.0168489 0.256733 2184.87 2
-0.0557961 -0.0165466 0.2555 2438 2
-0.0155466 -0.0165142 0.255 3733.4 2
-0.0140177 -0.0166845 0.25613 3634.35 2
-0.0577965 -0.0138519 0.257 2191.9 2
-0.0555685 -0.0134477 0.255552 2468.52 2
-0.0536373 -0.0130792 0.255 2731.4 2
-0.0157542 -0.0131208 0.255 3746.25 2
-0.0140054 -0.0134277 0.256143 3635.43 2
-0.0557059 -0.0104753 0.25636 2468.92 2
-0.0528345 -0.010226 0.255 2770.05 2
-0.0509798 -0.00958888 0.255 2962.5 2
-0.0189608 -0.00995822 0.255 3808.67 2
-0.0163736 -0.0103142 0.255444 3739.7 2
-0.0141487 -0.0107454 0.256692 3644.15 2
-0.0557433 -0.00741653 0.256533 2498.97 2
-0.0528223 -0.00743988 0.25569 2808.28 2
-0.0507425 -0.00733321 0.255 2998.29 2
-0.0191083 -0.00750316 0.255182 3829.91 2
-0.0166113 -0.0075552 0.2565 3773.47 2
-0.0550414 -0.00439447 0.257 2553.69 2
-0.0524845 -0.00440603 0.256 2823.81 2
-0.0503154 -0.00476886 0.255 3066.53 2
-0.0210831 -0.00432564 0.255 3840 2
-0.0194754 -0.00445598 0.255444 3819.04 2
-0.0171103 -0.00447916 0.256778 3761.06 2
-0.0544486 -0.00156772 0.257 2585.2 2
-0.0523331 -0.00156284 0.2562 2821.24 2
-0.0496572 -0.0014324 0.255 3066.22 2
-0.0215941 -0.00138505 0.255 3840 2
-0.0194822 -0.0015604 0.2558 3837.52 2
-0.0173027 -0.00132842 0.257 3769.21 2
-0.0541696 0.00150332 0.257 2600.83 2
-0.0523605 0.0015 0.256333 2769.77 2
-0.0494261 0.00157222 0.255143 3090.04 2
-0.047658 0.00204564 0.255 3237.25 2
-0.0220817 0.00166344 0.255231 3840 2
-0.019508 0.00149883 0.256133 3815.03 2
-0.0170635 0.00150332 0.257 3764.92 2
-0.05211 0.00444705 0.256778 2786.67 2
-0.0494129 0.00454765 0.25548 3101.6 2
-0.0469415 0.00466912 0.255 3297.18 2
-0.0222069 0.00454232 0.2552 3840 2
-0.019546 0.00456847 0.25664 3820.12 2
-0.0173027 0.00433506 0.257 3785.21 2
-0.0516586 0.00680784 0.257 2774.33 2
-0.0495677 0.00734609 0.25628 3098.6 2
-0.0465441 0.00744114 0.255296 3353.48 2
-0.0442965 0.00794205 0.255 3527.43 2
-0.0307718 0.00841693 0.255 3840 2
-0.0285573 0.00841693 0.255 3840 2
-0.0250863 0.00828908 0.255 3840 2
-0.0225039 0.00741393 0.255433 3840 2
-0.0195584 0.00736048 0.2568 3789.04 2
-0.0176215 0.00624947 0.257 3780 2
-0.0491761 0.0103486 0.256923 3095.19 2
-0.0466025 0.0104167 0.255917 3310.83 2
-0.0438076 0.0108849 0.255 3518.86 2
-0.0412911 0.0114641 0.255 3654 2
-0.0310882 0.0108705 0.255 3840 2
-0.0286009 0.0106504 0.2554 3840 2
-0.0255923 0.0106672 0.2558 3840 2
-0.0225224 0.0104402 0.256086 3840 2
-0.0196971 0.0102627 0.256923 3806.88 2
-0.0484967 0.0136944 0.257 3115.75 2
-0.0463891 0.0135087 0.256 3309.14 2
-0.0434871 0.0133748 0.255172 3520.59 2
-0.0404606 0.0134032 0.255 3675.52 2
-0.038246 0.0134032 0.255 3779.13 2
-0.0332632 0.0145112 0.255 3840 2
-0.0311782 0.0134114 0.25516 3840 2
-0.0284465 0.0134941 0.255923 3840 2
-0.0256123 0.0134557 0.256 3840 2
-0.0225977 0.013482 0.2565 3833.4 2
-0.0201754 0.0133365 0.257 3785.77 2
-0.0488687 0.0165793 0.257 3058.21 2
-0.0461896 0.0165195 0.256067 3302.5 2
-0.0433983 0.0165148 0.256 3514.17 2
-0.0405146 0.0164722 0.255333 3653.47 2
-0.0375852 0.0166201 0.255 3737.26 2
-0.0341692 0.0168029 0.255 3816.95 2
-0.0313887 0.0165032 0.2552 3838.34 2
-0.0284376 0.0164661 0.255936 3840 2
-0.0256123 0.0165148 0.256 3836 2
-0.0226414 0.0165102 0.256543 3830.77 2
-0.0206904 0.0163001 0.257 3779 2
-0.0483107 0.0188128 0.257 3072.25 2
-0.0462078 0.0195206 0.256565 3270.96 2
-0.0433983 0.0195739 0.256 3497.24 2
-0.0405254 0.019528 0.2554 3652.76 2
-0.0374156 0.0194974 0.255 3748.57 2
-0.0343705 0.0194974 0.255 3805.52 2
-0.0314186 0.0195563 0.255767 3839.9 2
-0.0283913 0.0195739 0.256 3839.32 2
-0.0255028 0.0196475 0.256148 3832.37 2
-0.0228131 0.0195678 0.25687 3833.83 2
-0.0456823 0.0221301 0.256909 3303.36 2
-0.0434534 0.0223835 0.25632 3471.36 2
-0.0405694 0.0223276 0.25568 3631.64 2
-0.0373447 0.0224214 0.25503 3731.82 2
-0.0343705 0.0225446 0.255 3792.73 2
-0.0313979 0.0223204 0.2556 3833.9 2
-0.0283999 0.0223622 0.25608 3838.28 2
-0.0254064 0.0224198 0.256733 3838.63 2
-0.0232014 0.022163 0.257 3839.12 2
-0.0452418 0.0249549 0.257 3363.75 2
-0.0434881 0.0254335 0.257 3461.39 2
-0.0406343 0.0255591 0.25675 3582.41 2
-0.0376003 0.0255102 0.256323 3690.29 2
-0.034554 0.0257294 0.25636 3780.8 2
-0.0314753 0.0254371 0.256222 3817.08 2
-0.0285417 0.0253966 0.256821 3821.64 2
-0.0259293 0.0249239 0.257 3825.33 2
-0.0404192 0.0285045 0.257 3618.14 2
-0.0374765 0.0285377 0.257 3703.42 2
-0.0348261 0.0279328 0.257 3756.17 2
-0.0315712 0.0284125 0.257 3789.65 2
-0.0291997 0.0276071 0.257 3797.75 2
-0.039662 0.0306782 0.257 3635.88 2
-0.037988 0.0306782 0.257 3671.62 2
-0.0315712 0.0302594 0.257 3784 2
-0.00458522 -0.0758192 0.259143 1708.29 2
-0.00482293 -0.0733251 0.259 2140.1 2
-0.0677409 -0.0698818 0.25875 909 2
-0.00487804 -0.0704328 0.259182 2171.18 2
-0.0675998 -0.0674902 0.25928 945.12 2
-0.0655835 -0.0671573 0.258 1263.8 2
-0.00648694 -0.0674376 0.258 2420.58 2
-0.00483334 -0.0675478 0.2595 2214.7 2
-0.0671994 -0.0647151 0.259684 1048.47 2
-0.0654887 -0.0641762 0.258571 1294.14 2
-0.00648694 -0.0643546 0.258 2450.7 2
-0.00483334 -0.0647288 0.2595 2224.9 2
-0.0663742 -0.0614642 0.26 1200.1 2
-0.0647433 -0.0615519 0.258 1374.5 2
-0.00648694 -0.0615519 0.258 2450 2
-0.00539437 -0.0615869 0.259333 2355.42 2
-0.0664055 -0.0587652 0.26 1203.11 2
-0.0651033 -0.0582687 0.258 1353 2
-0.00649952 -0.0585806 0.2585 2511.08 2
-0.00540824 -0.0586397 0.26 2397.1 2
-0.0666564 -0.0560978 0.26 1126 2
-0.0652433 -0.0553053 0.2585 1296.58 2
-0.00699604 -0.0553573 0.258444 2576.78 2
-0.00539576 -0.0556878 0.2594 2415.8 2
-0.0660919 -0.052426 0.26 1188 2
-0.0647401 -0.0526934 0.258706 1349.12 2
-0.00667366 -0.0527701 0.258 2564.08 2
-0.00494416 -0.0525868 0.2594 2422.75 2
-0.0660919 -0.0496015 0.26 1151 2
-0.0645785 -0.04953 0.258588 1341.29 2
-0.0069401 -0.0493135 0.2582 2649.6 2
-0.00539576 -0.0494857 0.2594 2489.5 2
-0.0660919 -0.0465888 0.26 1151 2
-0.0647435 -0.0465561 0.258588 1331.35 2
-0.00900765 -0.0458567 0.258 2871.67 2
-0.00719753 -0.0464005 0.25904 2754.6 2
-0.00540823 -0.0476245 0.26 2462.75 2
-0.0660919 -0.0431053 0.26 1127 2
-0.064787 -0.0437265 0.258667 1313.78 2
-0.00900765 -0.0447356 0.258 2924 2
-0.00714616 -0.0436088 0.259238 2786.86 2
-0.0660919 -0.0408457 0.26 1123.5 2
-0.0644644 -0.0405471 0.258947 1369.11 2
-0.0627827 -0.0396907 0.258 1647.67 2
-0.00900765 -0.0394104 0.258 3043 2
-0.00724126 -0.040503 0.259167 2771.71 2
-0.0642031 -0.0373906 0.259333 1450.89 2
-0.0625026 -0.0372617 0.258 1654.17 2
-0.00900765 -0.0374486 0.258 2998.6 2
-0.00729821 -0.0375058 0.259259 2824.41 2
-0.0634295 -0.0345638 0.2595 1562.83 2
-0.0622459 -0.0346215 0.258429 1698.86 2
-0.00924772 -0.0343256 0.258 3074.43 2
-0.00737966 -0.0344707 0.259185 2855.85 2
-0.0632363 -0.0315666 0.2594 1568.8 2
-0.0617004 -0.0315161 0.258294 1743.94 2
-0.00957752 -0.0315965 0.258278 3147.94 2
-0.0076771 -0.0317113 0.25945 2960.05 2
-0.0633851 -0.0282628 0.259444 1517.22 2
-0.0617428 -0.0285167 0.258333 1752.47 2
-0.00957946 -0.0285167 0.258333 3130.53 2
-0.00790564 -0.0284688 0.259706 2993.35 2
-0.0634621 -0.0257607 0.2594 1443.3 2
-0.0617878 -0.025609 0.258375 1737.44 2
-0.0100913 -0.0255593 0.258643 3208.89 2
-0.00808415 -0.0257178 0.259833 3024.58 2
-0.0632207 -0.0224687 0.2598 1481 2
-0.0616163 -0.0224901 0.25881 1766.14 2
-0.0599819 -0.0220336 0.258 1970.75 2
-0.0123686 -0.0217534 0.258 3481.67 2
-0.0103874 -0.02245 0.258933 3288.17 2
-0.00851298 -0.0224869 0.26 3100.2 2
-0.0632694 -0.0205097 0.26 1461.5 2
-0.0614587 -0.0196815 0.258941 1738.06 2
-0.0599819 -0.0195112 0.258 1922.2 2
-0.0123686 -0.0195112 0.258 3493.2 2
-0.010558 -0.0196689 0.259286 3312.32 2
-0.00851298 -0.0202273 0.26 3047.67 2
-0.0612085 -0.0164609 0.259478 1818.35 2
-0.0592117 -0.0160078 0.258 2096.5 2
-0.0127239 -0.0160044 0.2584 3560.6 2
-0.0107418 -0.0165128 0.259333 3354.93 2
-0.060985 -0.0136751 0.259714 1810.93 2
-0.0589932 -0.0131663 0.258167 2086.92 2
-0.0123686 -0.0133452 0.258 3540.4 2
-0.0107357 -0.0134073 0.2592 3361.72 2
-0.0607291 -0.0106242 0.26 1844.2 2
-0.0586962 -0.0105629 0.2585 2145.2 2
-0.0129004 -0.0103823 0.258308 3565.69 2
-0.0107498 -0.0106039 0.25952 3323.04 2
-0.0588482 -0.00749253 0.259167 2137.29 2
-0.0154494 -0.00633843 0.258 3707.25 2
-0.0135122 -0.00747243 0.258467 3608.1 2
-0.0108907 -0.00733686 0.259769 3420.81 2
-0.0585388 -0.00439365 0.25904 2108 2
-0.0563809 -0.00405622 0.258 2405.57 2
-0.0156362 -0.00418968 0.258 3693.33 2
-0.0135323 -0.00439026 0.25884 3597.48 2
-0.0108347 -0.00450501 0.259783 3389.74 2
-0.0584645 -0.0017431 0.259429 2106.95 2
-0.0561194 -0.00157515 0.258267 2428.07 2
-0.0158696 -0.00178402 0.258 3717.5 2
-0.0135311 -0.00157911 0.25884 3603.6 2
-0.0113324 -0.00158532 0.259933 3404.53 2
-0.0580317 0.00163311 0.2598 2160.5 2
-0.0558229 0.00141084 0.258545 2450 2
-0.0154494 0.00150917 0.258 3706.92 2
-0.013519 0.00151268 0.2586 3616.63 2
-0.0113202 0.00151892 0.259667 3448.67 2
-0.0573421 0.00462775 0.26 2275.6 2
-0.0553893 0.00466607 0.259095 2485.9 2
-0.0535401 0.004779 0.258 2638 2
-0.0158696 0.00480236 0.258 3718.06 2
-0.0135381 0.00461002 0.25896 3629.16 2
-0.0113719 0.0044517 0.259846 3424.92 2
-0.0573422 0.00688731 0.26 2241 2
-0.055257 0.00743755 0.25948 2475.92 2
-0.0526599 0.0076351 0.258 2695.21 2
-0.0164983 0.00747951 0.258143 3715.25 2
-0.0135672 0.00743879 0.25952 3622.68 2
-0.0119 0.0074522 0.26 3522.6 2
-0.0549918 0.0103416 0.259682 2480.91 2
-0.0523365 0.0105818 0.258571 2789.86 2
-0.0504593 0.0110384 0.258 2965.5 2
-0.0188104 0.011599 0.258 3774 2
-0.0165898 0.0104914 0.258333 3716.08 2
-0.0136503 0.010461 0.259571 3619.86 2
-0.0119 0.00999418 0.26 3494.5 2
-0.0546137 0.0132894 0.26 2545.67 2
-0.0523516 0.013616 0.25904 2758.92 2
-0.0499422 0.0133884 0.258 3013.54 2
-0.0189235 0.0138239 0.258077 3762.38 2
-0.0165707 0.0135643 0.258793 3684.1 2
-0.0141177 0.0134239 0.26 3586.43 2
-0.0542374 0.0164904 0.26 2476.8 2
-0.0523191 0.0164189 0.25888 2689.08 2
-0.0504593 0.0163636 0.258 2958.2 2
-0.0191277 0.0163969 0.25852 3751.96 2
-0.0165551 0.0163083 0.259667 3682 2
-0.0144402 0.0153606 0.26 3585.5 2
-0.0542374 0.0193148 0.26 2465.4 2
-0.0522688 0.0194164 0.258929 2707.14 2
-0.049569 0.0198143 0.258136 3010.23 2
-0.0473784 0.0208479 0.258 3141 2
-0.0213311 0.0194465 0.258 3812.5 2
-0.0194643 0.0194627 0.258743 3777.43 2
-0.0169805 0.0193148 0.26 3716.2 2
-0.0521434 0.0223905 0.259824 2694.29 2
-0.0495772 0.0226389 0.25924 2941.36 2
-0.0470583 0.0227698 0.258 3199.14 2
-0.0220609 0.0226668 0.258059 3828.65 2
-0.0194034 0.022568 0.259064 3741.52 2
-0.0167239 0.0225245 0.26 3670.5 2
-0.0514149 0.0249637 0.26 2773 2
-0.0496462 0.0254893 0.2596 2933.32 2
-0.0467865 0.0254045 0.25819 3203.71 2
-0.0448577 0.0264533 0.258 3395 2
-0.0247854 0.0257993 0.258 3812.83 2
-0.0224817 0.0253681 0.25836 3811.36 2
-0.0194767 0.0254733 0.259433 3738.1 2
-0.0170831 0.0252205 0.26 3663.36 2
-0.0495751 0.0284296 0.259556 2888.81 2
-0.0465994 0.0284523 0.258333 3185.27 2
-0.0437166 0.0286747 0.258 3436.07 2
-0.0414968 0.0298166 0.258 3568 2
-0.0364553 0.0298166 0.258 3693 2
-0.0344948 0.0293361 0.258 3761.86 2
-0.0312272 0.0298166 0.258 3801.67 2
-0.0284183 0.0287199 0.258 3800.26 2
-0.0255428 0.028428 0.258111 3804.81 2
-0.0225676 0.0284662 0.258896 3798.45 2
-0.0200534 0.0281519 0.25979 3739.53 2
-0.0497283 0.0315262 0.259714 2840.93 2
-0.0466403 0.0315671 0.25856 3164.28 2
-0.0434573 0.0314982 0.258 3447.2 2
-0.04064 0.031828 0.258 3604.59 2
-0.0373121 0.031828 0.258 3671.41 2
-0.0344948 0.0314982 0.258 3730.8 2
-0.0313896 0.0315957 0.258 3765.83 2
-0.0284964 0.0315698 0.258074 3815.07 2
-0.0255087 0.0315343 0.258786 3806.5 2
-0.0225275 0.0316026 0.259385 3764.88 2
-0.0203675 0.0314599 0.26 3734.22 2
-0.0493764 0.0343158 0.26 2882.67 2
-0.0463952 0.0343998 0.259034 3176.9 2
-0.0433049 0.0344028 0.25876 3433.24 2
-0.0403437 0.0344507 0.258185 3620.89 2
-0.0375757 0.0345812 0.258 3670.43 2
-0.0344948 0.0345812 0.258 3737.28 2
-0.0314139 0.0345812 0.258 3769.87 2
-0.0284593 0.034508 0.258151 3798.06 2
-0.025411 0.0344503 0.258961 3785.19 2
-0.0226255 0.0345668 0.26 3759.56 2
-0.0204109 0.034393 0.26 3720.23 2
-0.0483101 0.0373913 0.26 2935.8 2
-0.0462781 0.0373461 0.25968 3125.04 2
-0.0433531 0.0373577 0.259308 3368.96 2
-0.0405385 0.0375772 0.258643 3590.96 2
-0.0375757 0.0376642 0.258 3661.32 2
-0.0344948 0.0376642 0.258 3736.57 2
-0.0314424 0.0376997 0.25824 3767.2 2
-0.0284429 0.0376226 0.259 3775.37 2
-0.0254044 0.0373291 0.25956 3766.92 2
-0.0227237 0.0373176 0.26 3778.43 2
-0.020932 0.0368264 0.26 3760.67 2
-0.0483101 0.0393684 0.26 2936 2
-0.0462874 0.0402157 0.26 3128.17 2
-0.0435452 0.0405416 0.259966 3326.76 2
-0.0405464 0.0406368 0.25908 3529.48 2
-0.0375154 0.0406004 0.258444 3666.19 2
-0.0344513 0.0404752 0.258428 3732.96 2
-0.0315208 0.0406055 0.25888 3742.12 2
-0.0284122 0.0405767 0.259375 3771.84 2
-0.025448 0.0404981 0.26 3756.57 2
-0.02319 0.0400139 0.26 3776.21 2
-0.0429474 0.043605 0.26 3345.53 2
-0.0405651 0.0434709 0.2592 3506.56 2
-0.0374495 0.0434488 0.259067 3642.47 2
-0.0343582 0.0434511 0.25908 3701.4 2
-0.0315357 0.0434373 0.259 3733.88 2
-0.0284781 0.0434932 0.259333 3758.37 2
-0.025602 0.043528 0.26 3778.36 2
-0.0237545 0.0427577 0.26 3776 2
-0.0426652 0.0460764 0.26 3387.25 2
-0.0406152 0.0463446 0.25952 3523.32 2
-0.0375813 0.0464461 0.2595 3624.44 2
-0.0343356 0.0464956 0.259357 3674.5 2
-0.0315357 0.0465323 0.259 3694.5 2
-0.0285462 0.0464122 0.259312 3727.5 2
-0.0261066 0.0462412 0.26 3747.92 2
-0.0405012 0.0492774 0.26 3521.88 2
-0.0375182 0.0496194 0.26 3622.62 2
-0.0344935 0.0496235 0.25963 3665.15 2
-0.0316284 0.0497736 0.25976 3705.12 2
-0.0284796 0.0496084 0.259941 3727.94 2
-0.0262948 0.0484066 0.26 3746.25 2
-0.0398427 0.0515135 0.26 3566 2
-0.037411 0.0525129 0.26 3599.04 2
-0.0346582 0.0523757 0.26 3643.74 2
-0.0316574 0.0520784 0.26 3682.67 2
-0.0285528 0.0520784 0.26 3735.94 2
-0.0398427 0.0989641 0.26 530 2
-0.0310929 0.0989641 0.26 574.667 2
-0.028835 0.0989641 0.26 572.6 2
-0.0427049 0.101219 0.259667 486.444 2
-0.0404593 0.100679 0.258926 506.185 2
-0.0381623 0.100968 0.259667 525.333 2
-0.0340095 0.10113 0.26 542.333 2
-0.0315061 0.10075 0.25925 545.25 2
-0.02853 0.100758 0.259429 552.371 2
-0.0254202 0.101114 0.25972 559.24 2
-0.0227516 0.101582 0.259833 554 2
-0.0495097 0.102565 0.26 326.5 2
-0.0436192 0.102623 0.259889 357.333 2
-0.0404699 0.102364 0.2586 301 2
-0.0373291 0.102613 0.2598 408.6 2
-0.0344799 0.102636 0.26 449.5 2
-0.0315357 0.102522 0.259 382.8 2
-0.0284429 0.102522 0.259 398.333 2
-0.0253501 0.102522 0.259 426.8 2
-0.0223912 0.102607 0.25975 486.875 2
-0.00344569 -0.0764442 0.261 1451.4 2
-0.00228816 -0.0765863 0.262176 1243.53 2
-0.00345669 -0.0735585 0.261833 1972.17 2
-0.00255075 -0.0739186 0.2623 1781.2 2
-0.00345889 -0.0704755 0.262 1970 2
-0.00264848 -0.0700626 0.262286 1826.71 2
-0.00344833 -0.0674237 0.2612 2010.6 2
-0.00232345 -0.0673519 0.2624 1826.93 2
-0.0692237 -0.0642925 0.261167 662.833 2
-0.0684332 -0.0640698 0.261125 863.125 2
-0.00366479 -0.0641617 0.2615 2041.88 2
-0.00267592 -0.0647117 0.262 1880.75 2
-0.0694445 -0.0613677 0.262 614.2 2
-0.0681337 -0.0615896 0.261333 919.267 2
-0.00402116 -0.0616677 0.261667 2092.4 2
-0.00290108 -0.061602 0.263 1886.2 2
-0.0694445 -0.0585216 0.262 566.4 2
-0.0680901 -0.058564 0.261294 897.824 2
-0.00405346 -0.0586297 0.261588 2177.71 2
-0.00290108 -0.0587449 0.263 1964.4 2
-0.0694309 -0.0552449 0.262667 585.667 2
-0.0679932 -0.0556047 0.261667 934.733 2
-0.00401676 -0.0555337 0.261333 2200.73 2
-0.00289005 -0.0556754 0.262 2009 2
-0.0694292 -0.0526247 0.26275 498.625 2
-0.0678391 -0.0525311 0.261778 919.722 2
-0.00366809 -0.0522818 0.26175 2226.38 2
-0.00289005 -0.0525446 0.262 2059.67 2
-0.0678302 -0.0494656 0.261455 864.545 2
-0.00405539 -0.049558 0.261706 2276.94 2
-0.00290108 -0.0496024 0.263 2094.2 2
-0.0678162 -0.0465954 0.261444 825.778 2
-0.00469919 -0.0463085 0.261762 2350.62 2
-0.00290108 -0.0478882 0.263 2063 2
-0.0679473 -0.0432919 0.261909 776.591 2
-0.00487224 -0.0433704 0.2616 2442.75 2
-0.0691386 -0.0401742 0.263 414.5 2
-0.0677045 -0.0402917 0.262111 842.444 2
-0.0657794 -0.0393016 0.261 1238.5 2
-0.00492884 -0.0404468 0.261909 2471.32 2
-0.0691386 -0.0378886 0.263 398.75 2
-0.0674183 -0.0375022 0.2623 910 2
-0.0657794 -0.0376005 0.261 1226.25 2
-0.00487883 -0.0374599 0.262 2476.7 2
-0.0667912 -0.0347121 0.26275 1042.81 2
-0.0649792 -0.0345072 0.2612 1340.8 2
-0.00482881 -0.03447 0.262091 2494.73 2
-0.066569 -0.0321746 0.263 1094.25 2
-0.0648217 -0.0314977 0.261706 1395.76 2
-0.00656237 -0.0310793 0.261 2911.5 2
-0.0050761 -0.0316183 0.262333 2611.5 2
-0.066569 -0.0276033 0.263 1046.25 2
-0.0649951 -0.0285704 0.261833 1330.58 2
-0.00656237 -0.0285275 0.261 2850.58 2
-0.00544984 -0.0283522 0.262 2640.8 2
-0.0648854 -0.0251521 0.261545 1275.36 2
-0.00688619 -0.0251657 0.261 2896.71 2
-0.00544984 -0.025506 0.262 2670.4 2
-0.0662835 -0.0216035 0.263 1062 2
-0.0648784 -0.0226532 0.261933 1291.67 2
-0.00712904 -0.0225734 0.261 2910.7 2
-0.00545677 -0.0224022 0.262333 2691.08 2
-0.0662835 -0.0196036 0.263 1023.5 2
-0.0644882 -0.0193948 0.261889 1312 2
-0.0629461 -0.0188875 0.261 1551.25 2
-0.00911239 -0.0186039 0.261 3109 2
-0.00729981 -0.0193975 0.261519 2964.37 2
-0.00547063 -0.0196036 0.263 2729.12 2
-0.0643471 -0.0163503 0.262375 1348.5 2
-0.0629461 -0.0166192 0.261 1570 2
-0.00911239 -0.0163357 0.261 3116.8 2
-0.00744429 -0.0164108 0.2622 2990.52 2
-0.0641638 -0.013578 0.2625 1381.2 2
-0.062096 -0.0129333 0.261 1707.17 2
-0.00911239 -0.0135004 0.261 3150.4 2
-0.00744429 -0.0135625 0.2622 2976.76 2
-0.064184 -0.0104441 0.262583 1343.5 2
-0.0620961 -0.0106651 0.261 1692.8 2
-0.00911239 -0.0106651 0.261 3165 2
-0.00738269 -0.0105896 0.262259 2992.74 2
-0.0639043 -0.00750885 0.263 1403.17 2
-0.0616484 -0.00756071 0.2615 1775.04 2
-0.00945239 -0.00799991 0.261 3278 2
-0.00750369 -0.00747726 0.262143 3056.14 2
-0.0617197 -0.00444034 0.2618 1706.25 2
-0.00936023 -0.00410519 0.261143 3198.86 2
-0.00771795 -0.00462927 0.262316 3067.37 2
-0.0615085 -0.00169437 0.262111 1708.78 2
-0.0595461 -0.000741527 0.261 1963 2
-0.00969069 -0.00159415 0.261333 3274.67 2
-0.00812913 -0.00191322 0.262545 3130.91 2
-0.060887 0.00153288 0.261889 1807.39 2
-0.0595461 0.00152672 0.261 1983.83 2
-0.00969069 0.00152867 0.261333 3278.89 2
-0.00810773 0.00186243 0.262571 3118.86 2
-0.0610676 0.00467522 0.262667 1798.27 2
-0.0590554 0.00465149 0.261333 2090.2 2
-0.00986048 0.00478682 0.261412 3294.24 2
-0.00802928 0.00467522 0.262667 3122.4 2
-0.06056 0.00746586 0.262667 1868.11 2
-0.0586726 0.00759311 0.261412 2097.41 2
-0.0102736 0.00750282 0.26176 3361.24 2
-0.00836181 0.00720819 0.262857 3077.71 2
-0.0602879 0.0101095 0.263 1881.62 2
-0.0582639 0.0103403 0.2616 2135.65 2
-0.0564293 0.0108832 0.261 2354 2
-0.0125124 0.0114503 0.261 3546 2
-0.0103425 0.0103936 0.261846 3320.04 2
-0.00861121 0.0103952 0.263 3107.8 2
-0.0584458 0.0135084 0.262417 2092.33 2
-0.0560516 0.0137185 0.261 2396.89 2
-0.0129414 0.013865 0.261083 3528.25 2
-0.0108048 0.0134509 0.262194 3356.19 2
-0.00861121 0.0121094 0.263 3162 2
-0.0584645 0.016649 0.2625 2045.65 2
-0.0559384 0.0165758 0.26135 2370.35 2
-0.0156291 0.0174045 0.261 3647.25 2
-0.0135912 0.0166778 0.261391 3532.52 2
-0.0112799 0.0165206 0.262588 3331.88 2
-0.0581574 0.0193356 0.262833 2048 2
-0.0559492 0.0194193 0.2614 2329.5 2
-0.0156291 0.0193891 0.261 3672.4 2
-0.0136146 0.0194847 0.261692 3549.58 2
-0.0114124 0.0194352 0.262714 3377.79 2
-0.0580038 0.0223947 0.263 2032.2 2
-0.0556352 0.0223295 0.261462 2296.96 2
-0.0535394 0.0229616 0.261 2511.7 2
-0.0156291 0.0222244 0.261 3653.75 2
-0.0134785 0.0224106 0.261938 3515.19 2
-0.0111808 0.0218233 0.263 3345.17 2
-0.0577519 0.0256215 0.263 2064.24 2
-0.0556041 0.0254404 0.262 2277.12 2
-0.0529006 0.0257041 0.261 2594.27 2
-0.0159529 0.0258698 0.261 3637.57 2
-0.0135119 0.025429 0.262467 3519.8 2
-0.0576145 0.0283685 0.263 2056.27 2
-0.0553991 0.028659 0.262091 2316.36 2
-0.0526475 0.0283882 0.261 2635.48 2
-0.0186428 0.0287714 0.261 3719.36 2
-0.0165185 0.0285324 0.26164 3645.04 2
-0.0140358 0.0286802 0.263 3498.45 2
-0.0571473 0.0306801 0.263 2108.5 2
-0.0551457 0.0313836 0.262364 2382.14 2
-0.0524296 0.0314634 0.261091 2620.36 2
-0.0187458 0.031581 0.261 3692.11 2
-0.0165704 0.0314551 0.261769 3631.69 2
-0.0140358 0.0315372 0.263 3471.4 2
-0.0547335 0.0341827 0.262833 2386.83 2
-0.0523835 0.034596 0.261522 2626.52 2
-0.0501393 0.0354937 0.261 2860.2 2
-0.018933 0.0348723 0.261294 3696.53 2
-0.0165539 0.0344041 0.2622 3630.36 2
-0.0146068 0.0338229 0.263 3565.67 2
-0.052511 0.0376001 0.262333 2610.89 2
-0.0499384 0.0375547 0.261133 2843.4 2
-0.0212958 0.0383857 0.261 3742.25 2
-0.0193553 0.037622 0.2616 3680.48 2
-0.0168677 0.0373671 0.262857 3625.29 2
-0.051943 0.0406282 0.262667 2694.47 2
-0.0495812 0.0405919 0.261381 2857.38 2
-0.0467015 0.0415045 0.261 3088 2
-0.0218125 0.0406373 0.261 3750.35 2
-0.019388 0.0405318 0.26204 3701.72 2
-0.0171764 0.0406797 0.263 3650.93 2
-0.0514372 0.0435368 0.263 2623.8 2
-0.0495592 0.043392 0.26212 2820.4 2
-0.046483 0.0435023 0.261077 3114.19 2
-0.0445293 0.0437728 0.261 3261.3 2
-0.0244125 0.0443398 0.261 3781 2
-0.0223862 0.0435231 0.261258 3743.81 2
-0.0194004 0.0434044 0.2622 3666.8 2
-0.0171764 0.0435368 0.263 3612.93 2
-0.0514372 0.0465843 0.263 2665 2
-0.0495006 0.0465765 0.262482 2812.07 2
-0.0467218 0.0466271 0.261815 3066.93 2
-0.0440793 0.0467748 0.261 3239.88 2
-0.0249356 0.0467825 0.261 3745.38 2
-0.0224079 0.046608 0.261594 3722.38 2
-0.0194787 0.0464162 0.262407 3652.56 2
-0.0172203 0.046218 0.263 3612.15 2
-0.0517798 0.0495365 0.263 2586.7 2
-0.0496235 0.0496106 0.262231 2769 2
-0.0466561 0.0495949 0.2618 3047.96 2
-0.0436793 0.0494434 0.261 3272.8 2
-0.0417904 0.0503885 0.261 3478.67 2
-0.0253973 0.0496327 0.261143 3741.62 2
-0.0225117 0.0496268 0.261967 3723.9 2
-0.0195164 0.0495178 0.26284 3638.12 2
-0.0177474 0.0486794 0.263 3630 2
-0.0514372 0.0518222 0.263 2616.5 2
-0.0494168 0.0525057 0.26281 2789.24 2
-0.0466509 0.05244 0.262042 3029.96 2
-0.0437672 0.0523837 0.26152 3256.6 2
-0.0408459 0.0528052 0.261 3499.21 2
-0.0385793 0.0536963 0.261 3585 2
-0.0340459 0.0536963 0.261 3652.67 2
-0.0314959 0.0536963 0.261 3672.67 2
-0.0283792 0.0536963 0.261 3732.7 2
-0.0256476 0.0524868 0.261407 3723.85 2
-0.0225511 0.0525665 0.262433 3723.63 2
-0.0196162 0.0527572 0.263 3664.77 2
-0.0482966 0.0549649 0.263 2886 2
-0.0463651 0.055514 0.262762 3028.43 2
-0.0435345 0.0553358 0.262148 3240.59 2
-0.0403723 0.0555257 0.2616 3491.4 2
-0.0373686 0.0555264 0.261 3573.18 2
-0.0346598 0.0556338 0.261 3647.62 2
-0.0314959 0.0553975 0.261 3670.83 2
-0.0283792 0.0553975 0.261 3727.05 2
-0.0254376 0.0554852 0.262 3696.56 2
-0.0224892 0.0554527 0.262893 3689.36 2
-0.0198997 0.0550968 0.263 3659.62 2
-0.0458698 0.058179 0.263 3096.44 2
-0.0434301 0.0583758 0.26292 3242.88 2
-0.0404956 0.0582613 0.2624 3455.36 2
-0.0375786 0.058439 0.261923 3564.31 2
-0.0343729 0.0586063 0.261875 3633.97 2
-0.0313321 0.0584559 0.262 3684 2
-0.0284879 0.0584559 0.262 3711.13 2
-0.0254162 0.0583052 0.2626 3688.7 2
-0.023172 0.0575362 0.263 3697.75 2
-0.042301 0.0603933 0.263 3277 2
-0.0403284 0.0612244 0.263 3440.45 2
-0.0376592 0.0617388 0.262897 3574.86 2
-0.0343688 0.0615427 0.262071 3635.61 2
-0.0313846 0.0616914 0.26244 3674.24 2
-0.0285876 0.0618033 0.26292 3687.4 2
-0.0259319 0.061298 0.263 3676.33 2
-0.0372189 0.0642788 0.263 3476.2 2
-0.0345209 0.0642503 0.263 3618.38 2
-0.0317372 0.0638217 0.263 3668.62 2
-0.0363053 0.086678 0.263 619.5 2
-0.0342809 0.0860406 0.2628 624.35 2
-0.0325937 0.0861065 0.263 634.75 2
-0.0372054 0.0888123 0.262957 614 2
-0.0342662 0.0884055 0.262192 622.538 2
-0.0320227 0.0886779 0.263 620.667 2
-0.0394459 0.0921063 0.263 591 2
-0.0374474 0.0915349 0.263 600.367 2
-0.0342861 0.0914797 0.26284 599.6 2
-0.0314517 0.0915349 0.263 606.4 2
-0.0290249 0.0917492 0.263 602.062 2
-0.0394459 0.0943919 0.263 565.8 2
-0.0379549 0.0940745 0.263 575.056 2
-0.0338676 0.0939524 0.263 588.692 2
-0.0314517 0.0943919 0.263 595.72 2
-0.0290249 0.0941776 0.263 601.875 2
-0.0488676 0.0989632 0.263 450.5 2
-0.046298 0.0989632 0.263 481.8 2
-0.043443 0.0989632 0.263 511.2 2
-0.0402917 0.0976981 0.2625 531.923 2
-0.0377633 0.0978055 0.262696 551.739 2
-0.0343645 0.0982864 0.262625 570.562 2
-0.0312086 0.0975725 0.262194 582.065 2
-0.0286059 0.0977399 0.262 581.828 2
-0.0257998 0.0983538 0.262357 586 2
-0.023172 0.0989632 0.263 580 2
-0.0189846 0.0987727 0.263 563.5 2
-0.0164796 0.0978142 0.262636 546.955 2
-0.0140418 0.0976064 0.262636 516.5 2
-0.0521838 0.100823 0.262368 380.316 2
-0.049411 0.100613 0.261966 430.655 2
-0.046619 0.100628 0.262133 468.067 2
-0.0438719 0.100315 0.26188 496.56 2
-0.0407852 0.0994995 0.261273 521.273 2
-0.0372708 0.100012 0.261476 535 2
-0.034782 0.0999205 0.261348 549.913 2
-0.0325974 0.0995338 0.2612 567 2
-0.0272458 0.0996283 0.261 569.5 2
-0.025395 0.0994961 0.2614 572.733 2
-0.0225066 0.100539 0.262037 560.926 2
-0.0194373 0.100681 0.262407 553.185 2
-0.0165775 0.100509 0.26256 543.2 2
-0.01442 0.100331 0.262909 525.455 2
-0.0516127 0.10218 0.261 386.333 2
-0.0490222 0.102423 0.261 388.857 2
-0.0465126 0.102747 0.261 380.733 2
-0.0445293 0.10218 0.261 471.5 2
-0.0365959 0.10218 0.261 535 2
-0.0357459 0.10218 0.261 532 2
-0.0210125 0.102747 0.261 511 2
-0.0192458 0.102798 0.261471 513.412 2
-0.0165788 0.103092 0.2626 513.2 2
-0.014464 0.102963 0.263 511.125 2
-0.000905967 -0.07847 0.264 304.5 2
-0.00080197 -0.0766415 0.26525 1237.12 2
0.000530985 -0.0776196 0.266 863.5 2
-0.00141928 -0.0731678 0.265111 1574.33 2
-0.00148215 -0.0706728 0.264875 1582.94 2
-0.000786135 -0.0675765 0.265143 1560.14 2
0.000530985 -0.0677949 0.266 1322 2
-0.00148336 -0.0643973 0.2651 1692.95 2
-0.00148647 -0.0616107 0.2655 1750.15 2
-0.00143079 -0.0584784 0.265091 1753.86 2
-0.00148258 -0.0554482 0.265 1780.05 2
-0.00148258 -0.0525694 0.265 1841.05 2
-0.00189399 -0.0497876 0.264857 1896.36 2
-0.0694014 -0.0454892 0.264 544.5 2
-0.0688283 -0.0454892 0.264 734.5 2
-0.00348529 -0.0463496 0.264 2150.8 2
-0.00234722 -0.046536 0.265067 2008.2 2
-0.00348529 -0.0434817 0.264 2221.2 2
-0.00231253 -0.0434332 0.264941 2055.65 2
-0.00348529 -0.0406138 0.264 2232.4 2
-0.00234929 -0.0404336 0.265333 2062.87 2
-0.00348529 -0.0374591 0.264 2296.33 2
-0.00238447 -0.0374559 0.26525 2159.25 2
-0.0679685 -0.0340176 0.264 822.625 2
-0.00349322 -0.0343811 0.2646 2284.2 2
-0.00254058 -0.0348478 0.265222 2140.56 2
-0.0675386 -0.0312214 0.264 891.625 2
-0.00387475 -0.0311203 0.264556 2386.89 2
-0.00292314 -0.0315556 0.265 2248.4 2
-0.0675386 -0.0287837 0.264 862.062 2
-0.00406288 -0.0286047 0.264333 2432.13 2
-0.00292314 -0.0286768 0.265 2298.6 2
-0.067541 -0.0255785 0.264364 846.227 2
-0.00403173 -0.025659 0.264687 2415 2
-0.00293233 -0.0255895 0.265833 2217.33 2
-0.0676498 -0.0225397 0.265048 830.095 2
-0.0659623 -0.0211121 0.264 1175 2
-0.00409996 -0.0225113 0.264588 2507.35 2
-0.00293417 -0.0224279 0.266 2313 2
-0.0674456 -0.0196229 0.264357 792.929 2
-0.0659623 -0.0192002 0.264 1143 2
-0.00439684 -0.0194029 0.264714 2572.64 2
-0.00293417 -0.0204052 0.266 2310 2
-0.0669492 -0.0165548 0.2645 915.6 2
-0.0659623 -0.0165235 0.264 1117.4 2
-0.00492649 -0.0165548 0.2645 2680.55 2
-0.0671382 -0.0135472 0.264461 799.538 2
-0.0659623 -0.0136556 0.264 1088.8 2
-0.00469069 -0.0135499 0.26475 2607.46 2
-0.00293417 -0.0128922 0.266 2394 2
-0.0671625 -0.0104101 0.264857 753.429 2
-0.0659623 -0.0113613 0.264 1074.33 2
-0.00492648 -0.0105208 0.2645 2694 2
-0.0669015 -0.00758914 0.265833 887.083 2
-0.0652258 -0.0070717 0.2645 1239.25 2
-0.00493307 -0.00737081 0.2649 2697.2 2
-0.0647267 -0.00449123 0.2648 1309.45 2
-0.00663781 -0.00390473 0.264 2921.33 2
-0.00500813 -0.00463124 0.265444 2688.89 2
-0.0647114 -0.00153957 0.265273 1305.36 2
-0.0625232 -0.000750049 0.264 1605 2
-0.00697971 -0.00136746 0.264571 2968.57 2
-0.00552888 -0.00162053 0.2658 2798.4 2
-0.0644613 0.00144775 0.265143 1305.18 2
-0.0625232 0.00154427 0.264 1616.83 2
-0.00694326 0.00126186 0.26475 2962.25 2
-0.00553304 0.001267 0.266 2769.2 2
-0.0641944 0.00434139 0.265533 1341.73 2
-0.0626653 0.00471093 0.2646 1595.6 2
-0.00666295 0.00471675 0.265 2942.4 2
-0.00553304 0.00444559 0.266 2775.33 2
-0.063431 0.00760828 0.2654 1434.6 2
-0.0621217 0.00775927 0.264538 1629.38 2
-0.00716127 0.00771023 0.264556 2992.22 2
-0.00553304 0.00762417 0.266 2777.2 2
-0.0635744 0.0105138 0.266 1400.2 2
-0.0620032 0.0106077 0.264941 1628.59 2
-0.00722903 0.0104633 0.2647 2973.3 2
-0.00553304 0.00964691 0.266 2779 2
-0.0635744 0.0128255 0.266 1409.33 2
-0.0614608 0.0132671 0.264783 1688.96 2
-0.00921713 0.0135894 0.264 3159.75 2
-0.00748306 0.0134134 0.26525 3022.46 2
-0.0613547 0.0164115 0.265364 1691.18 2
-0.00971342 0.0167946 0.264143 3165.57 2
-0.00765123 0.0162233 0.26525 2976.12 2
-0.0613616 0.019334 0.265444 1689.61 2
-0.0593707 0.0198988 0.264 1927.88 2
-0.00980196 0.0196368 0.264333 3202.4 2
-0.00808831 0.0195348 0.265706 3037.59 2
-0.0609756 0.0226502 0.266 1727.9 2
-0.0595056 0.0225323 0.2646 1883.6 2
-0.0101012 0.0226834 0.264263 3221.16 2
-0.00812099 0.0226218 0.265667 3059.8 2
-0.0609756 0.0255398 0.266 1720.1 2
-0.0595956 0.0254438 0.265 1872.8 2
-0.0123696 0.0264949 0.264 3440.5 2
-0.0103872 0.0254094 0.26464 3268.08 2
-0.00812318 0.0255145 0.265733 3094 2
-0.0609755 0.0284294 0.266 1669.4 2
-0.0590753 0.0286413 0.264143 1921.21 2
-0.0123696 0.0285025 0.264 3436.08 2
-0.0104064 0.0283357 0.26512 3259.52 2
-0.00846192 0.0280992 0.266 3070 2
-0.060759 0.0311023 0.266 1706.75 2
-0.0586388 0.0315066 0.264571 1990.9 2
-0.0567914 0.0322307 0.264 2182 2
-0.0123696 0.0316572 0.264 3347.3 2
-0.0107601 0.0314119 0.265454 3285.14 2
-0.0601093 0.0333418 0.266 1742.5 2
-0.0581426 0.0346297 0.265428 2020.43 2
-0.0560271 0.0346525 0.264 2262.33 2
-0.0132333 0.0346797 0.264083 3411.08 2
-0.0106628 0.0345818 0.265636 3244.05 2
-0.0575104 0.0376762 0.266 2075.4 2
-0.0554644 0.0374638 0.2645 2285.25 2
-0.0158087 0.0379665 0.264 3587.17 2
-0.013545 0.0374786 0.2646 3437.43 2
-0.0113083 0.0376762 0.266 3228.1 2
-0.0575104 0.0402769 0.266 2075.62 2
-0.0556213 0.0404523 0.26525 2223.75 2
-0.0536389 0.0408344 0.264 2470.7 2
-0.015608 0.040586 0.26425 3561.19 2
-0.0133597 0.0404163 0.265308 3419.5 2
-0.0113083 0.03941 0.266 3281.5 2
-0.0555714 0.0434752 0.265636 2235.82 2
-0.0529118 0.0435439 0.264125 2531.62 2
-0.015541 0.0435656 0.264333 3533.73 2
-0.0133024 0.0433709 0.26548 3362.12 2
-0.0549718 0.0465114 0.265667 2312.17 2
-0.0525818 0.0464794 0.2643 2549.45 2
-0.0156684 0.0466605 0.264333 3542.22 2
-0.0135248 0.0462185 0.265727 3340.09 2
-0.055631 0.0493072 0.265545 2252.5 2
-0.053209 0.0493664 0.264 2442.5 2
-0.0183881 0.0502985 0.264 3603.5 2
-0.0162509 0.0495923 0.264481 3557.07 2
-0.0138572 0.0495536 0.265706 3379.18 2
-0.0548648 0.0527002 0.265571 2260.5 2
-0.05263 0.0525008 0.2644 2498.25 2
-0.0183881 0.0520192 0.264 3628.25 2
-0.0164422 0.0525041 0.265 3540.5 2
-0.0139516 0.0525244 0.266 3381.38 2
-0.054334 0.0555919 0.266 2357 2
-0.0524448 0.0554257 0.2652 2544.16 2
-0.0496115 0.0556267 0.264 2768.58 2
-0.0476205 0.0568946 0.264 2981 2
-0.0190568 0.0562255 0.264 3641.5 2
-0.0165641 0.0554636 0.265032 3541.9 2
-0.0144847 0.0553029 0.266 3402.25 2
-0.0524508 0.0585117 0.265555 2501.52 2
-0.0495157 0.0586195 0.264592 2747.07 2
-0.0472384 0.0589977 0.264 3004.22 2
-0.0222404 0.05879 0.264048 3668.76 2
-0.0195726 0.058732 0.26452 3613.2 2
-0.0167532 0.0585709 0.26536 3533.76 2
-0.0522549 0.0613711 0.266 2534.2 2
-0.0494904 0.0616696 0.2648 2750.16 2
-0.0464741 0.0614833 0.264 3003.28 2
-0.0437079 0.0615581 0.264 3187.48 2
-0.0415447 0.0622863 0.264 3331.6 2
-0.0244065 0.06177 0.264 3674.75 2
-0.0224165 0.0615298 0.2642 3667.56 2
-0.0196084 0.0617161 0.265 3623.12 2
-0.0168748 0.0613772 0.2659 3516.7 2
-0.0517929 0.0640874 0.266 2550.1 2
-0.0495057 0.0645659 0.26488 2720.8 2
-0.0464741 0.0643512 0.264 2965.44 2
-0.0436082 0.0643512 0.264 3116.32 2
-0.0406735 0.0645118 0.264 3243.28 2
-0.0384495 0.0652115 0.264 3334 2
-0.0335774 0.0652115 0.264 3636.25 2
-0.0313802 0.0650203 0.264 3658.92 2
-0.0287054 0.0646379 0.264 3679.2 2
-0.025471 0.0644331 0.264 3671.96 2
-0.0224433 0.0644779 0.26452 3644.04 2
-0.0196197 0.0646344 0.26516 3609.48 2
-0.0171523 0.0643708 0.266 3560.71 2
-0.0514464 0.0671504 0.266 2503 2
-0.0495252 0.0675317 0.265522 2679.39 2
-0.0465665 0.0673523 0.26452 2966 2
-0.043577 0.0673052 0.264077 3141.15 2
-0.0404557 0.0675058 0.264 3366 2
-0.0373031 0.0675058 0.264 3468.03 2
-0.0345152 0.0673753 0.264111 3561.67 2
-0.0315458 0.0673251 0.264154 3636.12 2
-0.0286532 0.0675419 0.264032 3650.35 2
-0.0255461 0.0672947 0.264448 3664.86 2
-0.0224884 0.067484 0.26504 3636 2
-0.0197311 0.06754 0.265652 3599.13 2
-0.0176611 0.0668614 0.266 3571.5 2
-0.0488475 0.0697511 0.266 2761 2
-0.0466372 0.0704914 0.265818 2945.95 2
-0.0436182 0.0704493 0.264963 3154.93 2
-0.040182 0.0705396 0.264083 3327.25 2
-0.0374019 0.0706075 0.264174 3436.26 2
-0.0344926 0.0704525 0.265 3544.65 2
-0.0317388 0.0704004 0.265 3604.46 2
-0.0284689 0.0705827 0.265 3629.32 2
-0.0253768 0.0703954 0.26516 3669.64 2
-0.0225563 0.0705761 0.26584 3612.4 2
-0.02059 0.0702877 0.266 3598.57 2
-0.0458877 0.0734353 0.266 2995.69 2
-0.0432395 0.0734601 0.265133 3142.33 2
-0.0402558 0.073442 0.264148 3317.15 2
-0.0373324 0.073586 0.264667 3398.89 2
-0.0345677 0.073519 0.265 3559.17 2
-0.0316909 0.0735191 0.265 3570.37 2
-0.0286072 0.0733771 0.265323 3619.39 2
-0.0254457 0.0734746 0.26588 3644.24 2
-0.0228588 0.0735075 0.266 3609.65 2
-0.0459599 0.0763971 0.266 2929.25 2
-0.0432236 0.0765482 0.265304 3093.57 2
-0.0403032 0.0766515 0.26488 3280.08 2
-0.0374386 0.0766743 0.26496 3439.16 2
-0.0345677 0.0766857 0.265 3452.92 2
-0.0316909 0.0766857 0.265 3534.08 2
-0.0285216 0.0765365 0.265343 3593.54 2
-0.0254944 0.0764413 0.265923 3601.42 2
-0.0226705 0.0764725 0.266 3605.52 2
-0.0208375 0.0769751 0.266 3585.67 2
-0.0457124 0.0790391 0.266 2884.29 2
-0.0434363 0.0793873 0.266 3029.13 2
-0.0402732 0.0795167 0.265174 3214.09 2
-0.0374318 0.0794906 0.265087 3385.43 2
-0.0345677 0.0795644 0.265 3410.64 2
-0.0316909 0.0795644 0.265 3437.08 2
-0.0285847 0.0796659 0.264818 3473.7 2
-0.0253481 0.0794077 0.265276 3556.86 2
-0.0226277 0.0793926 0.265926 3575.07 2
-0.0208375 0.0792868 0.266 3589.6 2
-0.0453824 0.0821764 0.266 2357.4 2
-0.043361 0.0824654 0.266 2338 2
-0.0404082 0.0823612 0.265148 2630 2
-0.0374967 0.0823834 0.265222 2797.19 2
-0.0345677 0.0824432 0.265 2844.48 2
-0.0316909 0.0824432 0.265 2843.12 2
-0.028407 0.0825022 0.264778 2715.33 2
-0.025362 0.0824432 0.265 2732.32 2
-0.0224413 0.0823237 0.265214 2649.36 2
-0.0196525 0.0823399 0.2656 2453.8 2
-0.0167176 0.0830644 0.2657 1396.6 2
-0.043031 0.0847358 0.266 671.429 2
-0.0403311 0.0854996 0.265346 669 2
-0.0374309 0.0853331 0.264464 733.143 2
-0.0344807 0.0845323 0.264333 894.467 2
-0.0314833 0.0852975 0.264333 761.741 2
-0.0285264 0.085322 0.265 739.467 2
-0.025362 0.085322 0.265 722.68 2
-0.0224852 0.085322 0.265 684.12 2
-0.0196084 0.085322 0.265 662.04 2
-0.0164803 0.085516 0.2656 656.633 2
-0.0453824 0.0894004 0.266 558.5 2
-0.0430976 0.0894036 0.265643 582.5 2
-0.0403722 0.0884155 0.264786 601.786 2
-0.0381629 0.0878679 0.264 612.333 2
-0.0309026 0.0882503 0.264 616.917 2
-0.0285659 0.0882821 0.264588 616.971 2
-0.0254635 0.0885395 0.264937 630.531 2
-0.0224852 0.0884886 0.265 636.833 2
-0.0197061 0.0885517 0.2655 643.857 2
-0.0168211 0.0882708 0.266 649.045 2
-0.046128 0.0915228 0.265909 537.318 2
-0.0434996 0.0915777 0.265148 560.852 2
-0.0407084 0.0913609 0.26415 582.1 2
-0.0307115 0.0901622 0.264 604.5 2
-0.0282645 0.0908682 0.264 607.231 2
-0.0255901 0.0914474 0.2644 609.433 2
-0.0224852 0.0916552 0.265 611.68 2
-0.0196197 0.0914799 0.26516 603.68 2
-0.0176611 0.0914232 0.266 601.7 2
-0.0552003 0.0954686 0.266 396 2
-0.0514464 0.0954686 0.266 453 2
-0.0488475 0.0951797 0.266 477 2
-0.0467122 0.0946046 0.265774 500.742 2
-0.0436733 0.0945089 0.265 539.217 2
-0.0410288 0.094464 0.264 554.833 2
-0.0368255 0.0952288 0.264 565.583 2
-0.0349149 0.0952288 0.264 573.083 2
-0.0279029 0.0949229 0.264 600.4 2
-0.0256677 0.0944744 0.264394 602.879 2
-0.0224852 0.094534 0.265 586.96 2
-0.0195497 0.094432 0.265074 574.704 2
-0.0165583 0.0946699 0.265687 559.219 2
-0.0134521 0.0948251 0.26524 540.04 2
-0.0115826 0.0953483 0.265667 524 2
-0.0548362 0.0973806 0.265471 382 2
-0.0524886 0.0975854 0.265654 426.577 2
-0.0494665 0.0973053 0.264853 461.5 2
-0.0465675 0.0975271 0.264533 488.4 2
-0.0436967 0.0975271 0.264533 509.667 2
-0.041602 0.0970451 0.264 525.5 2
-0.0370166 0.0970451 0.264 555 2
-0.0344372 0.0970451 0.264 565 2
-0.0327177 0.0970451 0.264 574.667 2
-0.0281322 0.0967584 0.264 599.667 2
-0.0253061 0.0972476 0.264192 593.423 2
-0.0224593 0.0975888 0.2647 579.167 2
-0.0196202 0.097347 0.264321 568.286 2
-0.0167361 0.0965453 0.264429 549.857 2
-0.012678 0.0972161 0.264467 506.667 2
-0.0109727 0.0974682 0.265706 500.118 2
-0.0547051 0.09914 0.265 319.333 2
-0.0524664 0.0994832 0.264294 411.059 2
-0.0505501 0.0994642 0.264333 438 2
-0.0218272 0.0996262 0.264 572.5 2
-0.0206808 0.0996263 0.264 569.5 2
-0.0128243 0.100728 0.264333 503.4 2
-0.0104333 0.100594 0.2658 469.88 2
-0.00768766 0.101337 0.266 437.231 2
-0.00553304 0.101537 0.266 410.25 2
-0.0130251 0.103364 0.264091 489.591 2
-0.0104071 0.103509 0.265133 462.7 2
-0.0075388 0.103639 0.265467 425.067 2
-0.00506686 0.103539 0.2658 393.55 2
0.00140778 -0.0784944 0.268 507.5 2
-4.68215e-05 -0.0760503 0.2676 1338.8 2
0.00160979 -0.0765342 0.26848 958.2 2
-4.68915e-05 -0.073254 0.268 1370.2 2
0.00143183 -0.0731245 0.268667 1068.13 2
-4.6804e-05 -0.0705031 0.2675 1357.75 2
0.00175031 -0.0704798 0.268333 997.958 2
-4.67165e-05 -0.0671797 0.267 1457.75 2
0.00174971 -0.0674723 0.268167 1067.38 2
-4.68565e-05 -0.0644709 0.2678 1502.6 2
0.00161113 -0.0645624 0.26876 1134 2
-4.68915e-05 -0.0616086 0.268 1524.4 2
0.00170465 -0.0613249 0.2688 1162.12 2
-4.68915e-05 -0.0586972 0.268 1536.4 2
0.00143183 -0.0589212 0.268667 1243.4 2
-4.6979e-05 -0.0555966 0.2685 1566.17 2
0.000535975 -0.0555966 0.2685 1474.83 2
-4.69964e-05 -0.0524106 0.2686 1630 2
0.000536175 -0.0524106 0.2686 1510.8 2
-0.00062653 -0.0493195 0.267667 1709.33 2
0.000536973 -0.0495652 0.269 1494.6 2
-0.00062653 -0.0464118 0.267667 1730.27 2
0.000536973 -0.046643 0.269 1536.6 2
-0.000916949 -0.0434273 0.2672 1824.2 2
-0.000919695 -0.0406469 0.268 1820 2
-0.000920267 -0.0374668 0.268167 1844.33 2
-0.00135533 -0.0342738 0.26825 1953.5 2
-0.00155178 -0.0314781 0.267909 2018.59 2
-0.00149939 -0.0284192 0.268 2005.05 2
-0.00175192 -0.0257855 0.268286 2067.43 2
-0.00208343 -0.0225965 0.268 2172.8 2
-0.0035249 -0.0190316 0.267 2488 2
-0.00225786 -0.0193397 0.268067 2202.8 2
-0.0035249 -0.0167112 0.267 2474.6 2
-0.00237276 -0.0163818 0.267933 2263.33 2
-0.0035249 -0.0146808 0.267 2446 2
-0.00222706 -0.0135136 0.267833 2244.58 2
-0.0035249 -0.0103302 0.267 2468.8 2
-0.00237173 -0.0103606 0.2678 2265.07 2
-0.0684165 -0.00716637 0.268 516.25 2
-0.0035249 -0.00742968 0.267 2484.8 2
-0.00237587 -0.00746679 0.268333 2333.6 2
-0.0677091 -0.00453768 0.2675 703.4 2
-0.00378277 -0.00420983 0.267714 2535.43 2
-0.00257177 -0.00494333 0.268444 2398.67 2
-0.0674684 -0.00184756 0.267125 720.625 2
-0.004109 -0.00163075 0.267333 2558.4 2
-0.00295623 -0.00163482 0.268 2440 2
-0.0670018 0.00127177 0.267 837.9 2
-0.00410988 0.00127396 0.2674 2637.33 2
-0.00295844 0.00127835 0.2682 2435.2 2
-0.0670259 0.00456865 0.268118 857.647 2
-0.0654093 0.00509239 0.267429 1163.29 2
-0.00411706 0.00447764 0.267889 2579.33 2
-0.00296726 0.00449573 0.269 2412.67 2
-0.0668058 0.00755268 0.268933 923.867 2
-0.0648724 0.00756118 0.267455 1238.18 2
-0.0041134 0.00767194 0.267667 2585.07 2
-0.00296726 0.00771016 0.269 2370.4 2
-0.0669527 0.0105685 0.268947 823.105 2
-0.0648724 0.010676 0.267455 1210.64 2
-0.00453279 0.0107567 0.267952 2621.43 2
-0.00296726 0.0106324 0.269 2396.8 2
-0.0668879 0.0134831 0.268941 801.353 2
-0.0645773 0.013639 0.2676 1275.27 2
-0.00491423 0.0134269 0.267571 2684.76 2
-0.00296726 0.0123857 0.269 2401 2
-0.0663356 0.0153079 0.269 965 2
-0.0643213 0.0164098 0.2679 1323.15 2
-0.00671323 0.0175145 0.267 2858.5 2
-0.00499684 0.0164346 0.2683 2686.05 2
-0.0644645 0.0193629 0.2685 1282.6 2
-0.0623642 0.020705 0.267 1545.5 2
-0.00671324 0.0195448 0.267 2897.08 2
-0.005001 0.0193629 0.2685 2666.75 2
-0.0640751 0.022086 0.2685 1320.92 2
-0.0623642 0.0227353 0.267 1546.2 2
-0.00671323 0.0227353 0.267 2877.7 2
-0.00505315 0.0224348 0.268455 2716.77 2
-0.0639994 0.0255356 0.269 1306.17 2
-0.0623642 0.0256358 0.267 1519.5 2
-0.00671826 0.0256559 0.2672 2898.8 2
-0.0053869 0.0254723 0.268333 2723.33 2
-0.0639994 0.0287501 0.269 1267.7 2
-0.0624109 0.0285585 0.2672 1445 2
-0.00724249 0.0287246 0.267556 2898.28 2
-0.00559544 0.0281656 0.269 2707.33 2
-0.0639994 0.0305034 0.269 1252.5 2
-0.0621997 0.0317695 0.267714 1484.14 2
-0.00932187 0.0314368 0.267 3125 2
-0.00761469 0.0315781 0.2682 2948.4 2
-0.0631233 0.0337178 0.269 1331 2
-0.0614073 0.0344831 0.268133 1601.53 2
-0.0598301 0.0349617 0.267333 1839 2
-0.00932187 0.0343373 0.267 3111.4 2
-0.00761469 0.0344916 0.2682 2972.76 2
-0.0612959 0.0374702 0.268667 1651.4 2
-0.0592504 0.037671 0.267333 1927.73 2
-0.00991089 0.037662 0.267267 3150.2 2
-0.00794986 0.0372931 0.268556 2969 2
-0.061131 0.0402302 0.268583 1677.67 2
-0.0590711 0.0407284 0.267294 1924.24 2
-0.0104397 0.0406381 0.267381 3190.43 2
-0.00825847 0.0402132 0.268692 2959.77 2
-0.0610114 0.0433134 0.2687 1644 2
-0.0587602 0.0436399 0.267539 1931.08 2
-0.0104897 0.0435143 0.267815 3155.52 2
-0.00880766 0.0433611 0.269 3046.4 2
-0.0607288 0.0460496 0.269 1662 2
-0.0583883 0.046559 0.267579 1966.26 2
-0.0565673 0.0462293 0.267 2152.12 2
-0.0125103 0.0473895 0.267 3304.5 2
-0.0105105 0.0465418 0.2678 3131.72 2
-0.00880766 0.0462833 0.269 3068.2 2
-0.0602031 0.0494978 0.269 1728 2
-0.0585576 0.0495129 0.267952 1943.9 2
-0.0125102 0.0494198 0.267 3293.9 2
-0.010474 0.0495376 0.268 3125.35 2
-0.00880766 0.0494978 0.269 3048.67 2
-0.0602031 0.0521278 0.269 1686 2
-0.0582966 0.0525724 0.268286 1960.67 2
-0.056443 0.0520717 0.267 2144.14 2
-0.0125102 0.0523203 0.267 3299.6 2
-0.0105173 0.0525089 0.26796 3117.16 2
-0.00880766 0.0527122 0.269 2986.4 2
-0.058052 0.055531 0.2685 1951.3 2
-0.0557339 0.0556921 0.267 2182.38 2
-0.0151188 0.0569611 0.267 3412 2
-0.0132196 0.0555201 0.267348 3312.61 2
-0.010647 0.0554872 0.268652 3134.83 2
-0.00880766 0.05505 0.269 2937.33 2
-0.0579327 0.0582566 0.268625 1944.25 2
-0.0554366 0.0586697 0.267444 2196.17 2
-0.0151188 0.0587013 0.267 3432.4 2
-0.0133923 0.0585196 0.267783 3303.83 2
-0.0111021 0.0583061 0.269 3155 2
-0.057575 0.0614788 0.269 1946 2
-0.0555747 0.0614961 0.2678 2160.8 2
-0.0536687 0.0618918 0.267 2381.12 2
-0.0153362 0.0618193 0.267 3432.12 2
-0.0134587 0.0615294 0.268185 3338.7 2
-0.0114359 0.0608944 0.269 3187.33 2
-0.057575 0.0632322 0.269 1980.5 2
-0.0555794 0.0643601 0.268667 2158.6 2
-0.053199 0.0646734 0.267067 2381 2
-0.0155404 0.0646078 0.267 3478.27 2
-0.0134464 0.0645973 0.26836 3325.84 2
-0.0548076 0.0669889 0.2686 2227.1 2
-0.0526564 0.0675703 0.267375 2423 2
-0.0180173 0.0682729 0.267 3587.5 2
-0.0161524 0.0676206 0.267546 3426.27 2
-0.0136822 0.0672449 0.268688 3257.75 2
-0.0543627 0.0699532 0.269 2244.75 2
-0.0523846 0.0704435 0.268083 2464.38 2
-0.0495695 0.070842 0.267 2688.86 2
-0.0190207 0.070507 0.267143 3571.67 2
-0.0163524 0.0706297 0.26824 3421.88 2
-0.0142887 0.0704253 0.269 3310.15 2
-0.0522609 0.0736701 0.2687 2469.3 2
-0.049326 0.0734882 0.267357 2687.96 2
-0.047292 0.0740739 0.267 2891.5 2
-0.0214955 0.0737839 0.267 3601.2 2
-0.0194765 0.0735342 0.267147 3549.5 2
-0.0163392 0.0734779 0.268 3409.28 2
-0.014356 0.0737521 0.269 3293.8 2
-0.0543627 0.0778432 0.269 2226 2
-0.0522966 0.0765942 0.268524 2470.67 2
-0.0493993 0.0765762 0.267074 2669.78 2
-0.0475819 0.0766843 0.267 2813.2 2
-0.0214955 0.0758142 0.267 3601.5 2
-0.019318 0.0765653 0.267185 3547.19 2
-0.0163392 0.0763893 0.268 3408.84 2
-0.0140223 0.0769248 0.269 3281.43 2
-0.0543627 0.0784277 0.269 2209 2
-0.0522966 0.0794 0.268524 2343.48 2
-0.0492781 0.0795359 0.267174 2569.09 2
-0.0471076 0.0799012 0.267 2705.45 2
-0.0191425 0.0795632 0.267154 3540.5 2
-0.0163189 0.0794913 0.267667 3335.57 2
-0.0134469 0.0794066 0.26836 3192.08 2
-0.0117279 0.0795965 0.269 3047.4 2
-0.0520683 0.0822683 0.269 1909.64 2
-0.0495234 0.0825851 0.267741 1956.96 2
-0.0470022 0.0824853 0.267 2186.73 2
-0.0180173 0.0816151 0.267 3233.5 2
-0.0160298 0.0819466 0.267 2633 2
-0.0134238 0.0824714 0.2679 1767.43 2
-0.0114812 0.0827176 0.2687 1268.5 2
-0.0517346 0.085441 0.269 535.9 2
-0.0494874 0.0857011 0.268304 539.522 2
-0.046451 0.0854368 0.26716 627.6 2
-0.0437024 0.0860105 0.267 539.385 2
-0.0134561 0.0855238 0.267583 631.542 2
-0.0110897 0.0854334 0.268714 615.714 2
-0.0517346 0.0883632 0.269 495.9 2
-0.0495651 0.088474 0.267963 516.963 2
-0.0464981 0.0881854 0.267 545.957 2
-0.043585 0.0879504 0.267 572.158 2
-0.0154087 0.0891564 0.267 633 2
-0.0134177 0.0884339 0.2678 632.84 2
-0.0113385 0.0879735 0.269 616.556 2
-0.057283 0.0918698 0.269 390.333 2
-0.0555308 0.0918698 0.269 421.867 2
-0.0524262 0.0915622 0.269 476.895 2
-0.0493692 0.0914422 0.26737 507.852 2
-0.0473335 0.0908553 0.267 535.143 2
-0.0159883 0.0914769 0.267 599.792 2
-0.013359 0.0915317 0.267355 587.677 2
-0.0111898 0.0916877 0.268471 577.882 2
-0.057141 0.0933904 0.268333 302.333 2
-0.0551936 0.0940318 0.267889 414.074 2
-0.0524952 0.0944107 0.267833 450.472 2
-0.0498459 0.0943582 0.267222 476.278 2
-0.0159883 0.0935072 0.267 566.75 2
-0.0130485 0.0937558 0.267 551 2
-0.0104205 0.0944238 0.267769 531.308 2
-0.00832683 0.0950784 0.268909 513.818 2
-0.0545383 0.0964076 0.267 412 2
-0.053089 0.0964076 0.267 429.75 2
-0.00961772 0.0973376 0.267167 497 2
-0.0077526 0.0977385 0.268269 485 2
-0.00559544 0.0985909 0.269 462 2
-0.00961172 0.0993081 0.267 465.5 2
-0.00740501 0.0999662 0.267211 442.632 2
-0.00463801 0.100421 0.267929 409.75 2
-0.00245971 0.100325 0.268286 366.571 2
-0.0041046 0.102209 0.267 387.333 2
-0.0029452 0.102209 0.267 375 2
0.00259071 -0.0755605 0.27 781.5 2
0.00212174 -0.0742699 0.27 907.2 2
0.00259071 -0.0641215 0.27 913 2
0.0022063 -0.05781 0.270667 1096.75 2
0.00159152 -0.0556233 0.270857 1241.86 2
0.0017625 -0.0522595 0.271286 1234.36 2
0.00142354 -0.0493449 0.271 1350.6 2
-4.72414e-05 -0.0450565 0.27 1680 2
0.0013479 -0.0464344 0.271818 1383.45 2
-4.72414e-05 -0.0432967 0.27 1650.6 2
0.00113218 -0.0435105 0.271333 1431.2 2
-4.72414e-05 -0.0403636 0.27 1658.2 2
0.00113218 -0.0405629 0.271333 1484.2 2
-4.73464e-05 -0.0375124 0.2706 1671.2 2
0.000540167 -0.0375124 0.2706 1600.2 2
-4.74864e-05 -0.034675 0.2714 1735.6 2
0.000541764 -0.034675 0.2714 1638.6 2
-4.74864e-05 -0.0317293 0.2714 1780 2
0.000541764 -0.0317293 0.2714 1667.4 2
-4.74164e-05 -0.0287373 0.271 1769.2 2
0.000540966 -0.0287373 0.271 1659.2 2
-0.000487015 -0.0253203 0.270667 1868.33 2
0.000541631 -0.0255289 0.271333 1703.33 2
-0.000668037 -0.0224339 0.270588 1901 2
0.000542962 -0.0223428 0.272 1714.4 2
-0.000633568 -0.019293 0.270667 1932.93 2
0.000542962 -0.019388 0.272 1752.8 2
-0.000633568 -0.0163527 0.270667 1933.27 2
0.000542962 -0.0164332 0.272 1748.2 2
-0.000633568 -0.0134123 0.270667 1982.8 2
0.000542962 -0.0134784 0.272 1811.8 2
-0.000633568 -0.010472 0.270667 1979.73 2
0.000542962 -0.0105236 0.272 1799.2 2
-0.000849147 -0.00764512 0.270909 2056.73 2
0.000542962 -0.00875074 0.272 1816 2
-0.00136965 -0.00437626 0.271 2167 2
-0.0015162 -0.00165312 0.271 2192.6 2
-0.0015162 0.00129082 0.271 2202.8 2
-0.00156918 0.00439332 0.270909 2193.09 2
-0.0677546 0.00861874 0.27 712.25 2
-0.00146322 0.00760891 0.271091 2180.18 2
-0.00177151 0.0104694 0.271286 2239.57 2
-0.0677546 0.0147782 0.27 635.5 2
-0.00356451 0.0138983 0.27 2504 2
-0.00235576 0.0137248 0.270714 2327.5 2
-0.0672335 0.0166684 0.27 758.889 2
-0.00356451 0.016538 0.27 2477.4 2
-0.0023983 0.0165876 0.2708 2348.33 2
-0.066911 0.0193563 0.270143 818.857 2
-0.00356979 0.0195013 0.2704 2456 2
-0.00240392 0.0195773 0.271467 2298.8 2
-0.0670522 0.0223579 0.271077 823.615 2
-0.0654097 0.0226975 0.27 1141.88 2
-0.00357771 0.0224872 0.271 2483.6 2
-0.00260053 0.0221301 0.271444 2326.33 2
-0.0668982 0.0250522 0.272 917.6 2
-0.065652 0.0254311 0.271 1137.3 2
-0.00396442 0.0256811 0.270733 2534.53 2
-0.00298933 0.0248423 0.271 2430 2
-0.0671082 0.0291364 0.272 771.111 2
-0.0656193 0.0282442 0.271 1095.44 2
-0.0043095 0.0282878 0.270875 2588.5 2
-0.0664903 0.0312899 0.271889 924.889 2
-0.0647595 0.0318399 0.270429 1175.5 2
-0.00509081 0.0314159 0.270455 2711.55 2
-0.0665346 0.0330853 0.271 802 2
-0.0645993 0.0343818 0.271231 1214.31 2
-0.0627718 0.0353097 0.27 1461.67 2
-0.00463612 0.0346055 0.270846 2666.65 2
-0.0640168 0.0374351 0.2718 1314.5 2
-0.0627718 0.0378028 0.27 1443.75 2
-0.00683054 0.0380752 0.27 2841.71 2
-0.00454452 0.0373526 0.271143 2605.82 2
-0.0641226 0.0402989 0.272 1261.7 2
-0.062552 0.0408092 0.27 1448.62 2
-0.00699664 0.0408611 0.2705 2879 2
-0.00514571 0.0401725 0.271714 2726.64 2
-0.0641226 0.0432537 0.272 1225.7 2
-0.0624787 0.0435223 0.27 1449.3 2
-0.00738745 0.0436029 0.2705 2922.55 2
-0.00565785 0.0432537 0.272 2755.1 2
-0.063843 0.0466085 0.27175 1237.75 2
-0.0619846 0.0467593 0.2704 1502.8 2
-0.00738745 0.0465414 0.2705 2921.8 2
-0.00565784 0.046504 0.272 2692.67 2
-0.0635272 0.0492795 0.271556 1271.22 2
-0.0616915 0.0494619 0.2704 1522.67 2
-0.00738745 0.0494799 0.2705 2888.65 2
-0.00565785 0.0497543 0.272 2688.7 2
-0.0632368 0.0527091 0.272 1310.8 2
-0.0617836 0.0526134 0.271125 1516.31 2
-0.0598407 0.0534948 0.27 1725 2
-0.00738745 0.0524184 0.2705 2868.2 2
-0.00565785 0.0527091 0.272 2692.1 2
-0.0632368 0.054482 0.272 1319 2
-0.0612571 0.0553342 0.27075 1587.88 2
-0.0598407 0.0552546 0.27 1759.4 2
-0.00942661 0.0564278 0.27 3046 2
-0.00745944 0.0554278 0.270571 2871.14 2
-0.00565785 0.0553685 0.272 2692.75 2
-0.0612516 0.0585579 0.271375 1594.25 2
-0.0594011 0.0587743 0.27 1807 2
-0.00990622 0.0588276 0.27 3063.18 2
-0.00769788 0.0584294 0.27112 2889.2 2
-0.0610585 0.0614603 0.2715 1593.75 2
-0.0589614 0.0617074 0.27 1835.9 2
-0.0103305 0.0617978 0.270263 3083.11 2
-0.00798969 0.0612803 0.271526 2877.11 2
-0.0609435 0.0642434 0.271529 1629.59 2
-0.0585831 0.06461 0.270571 1888.14 2
-0.0566166 0.0655204 0.27 2071.75 2
-0.0106387 0.0645043 0.270391 3086 2
-0.00830442 0.0644492 0.271667 2875.87 2
-0.0605793 0.0665967 0.272 1672.25 2
-0.0584696 0.0673726 0.271667 1904.9 2
-0.0560674 0.0677873 0.270333 2138 2
-0.0126508 0.0681601 0.27 3202 2
-0.0106283 0.06742 0.2708 3085.08 2
-0.00890589 0.0674831 0.272 2942.2 2
-0.0577569 0.0700455 0.271727 1969.09 2
-0.0558323 0.0706091 0.270812 2138.56 2
-0.0539786 0.0716798 0.27 2358 2
-0.012902 0.0705904 0.27 3251.86 2
-0.0106198 0.0705568 0.271111 3104.48 2
-0.00890589 0.0704379 0.272 2937.4 2
-0.0573312 0.0733927 0.272 2006.6 2
-0.0556511 0.0735639 0.271 2162.75 2
-0.0539786 0.0734397 0.27 2301.4 2
-0.0129439 0.0734397 0.27 3185.67 2
-0.0106847 0.0736342 0.271565 3045.3 2
-0.00890589 0.0733927 0.272 2932 2
-0.057261 0.0765476 0.271667 1941.5 2
-0.0556538 0.0765165 0.27081 2126.19 2
-0.0539786 0.0763727 0.27 2326.8 2
-0.0128988 0.0761922 0.27 3221.69 2
-0.0108173 0.0763939 0.2715 3044.77 2
-0.00890589 0.0754611 0.272 2927 2
-0.0573312 0.0795978 0.272 1904.75 2
-0.0556665 0.0795825 0.270824 2082.29 2
-0.0539786 0.0798924 0.27 2222.33 2
-0.0123577 0.0781326 0.27 3205 2
-0.0105005 0.0794022 0.271095 2977.9 2
-0.00890589 0.0798933 0.272 2785.33 2
-0.0579865 0.0828436 0.271714 1050.57 2
-0.0554934 0.0825819 0.271043 1553.7 2
-0.053451 0.0829428 0.27 1466.6 2
-0.0101935 0.0823997 0.270737 1642.74 2
-0.00890589 0.0822571 0.272 1605.4 2
-0.0582879 0.0855741 0.2706 394.333 2
-0.0557519 0.0857258 0.270615 459.654 2
-0.0533924 0.0857586 0.27 475.8 2
-0.00971845 0.0855065 0.270727 588.545 2
-0.00853846 0.0858535 0.2716 570 2
-0.0582545 0.0885536 0.27 381.412 2
-0.0557373 0.0886917 0.27 440.48 2
-0.0533924 0.0886917 0.27 479.467 2
-0.0101703 0.0888303 0.270312 590.812 2
-0.00778957 0.0887322 0.271609 558.348 2
-0.00565785 0.0896441 0.272 519.75 2
-0.0580821 0.0907448 0.27 327.167 2
-0.0557373 0.0907448 0.27 434.4 2
-0.0533924 0.0907448 0.27 473.333 2
-0.00988827 0.0914123 0.270308 566.615 2
-0.00775287 0.0914912 0.270786 537.357 2
-0.00506729 0.0917125 0.272 506.25 2
-0.00942661 0.0933846 0.27 533 2
-0.00727748 0.0942717 0.270421 507.526 2
-0.00531741 0.0946169 0.271857 493.214 2
-0.000638145 0.0958492 0.272 420.333 2
0.00113351 0.0958492 0.272 380 2
-0.00678866 0.096611 0.27 487.5 2
-0.0046108 0.0974523 0.270965 471.759 2
-0.00138124 0.0977172 0.271067 417.767 2
0.00102351 0.0970387 0.271273 353.455 2
-0.00415072 0.0992507 0.27 439.667 2
-0.00180587 0.0992507 0.27 405.8 2
0.00383282 -0.0575418 0.275 523.5 2
0.00261949 -0.0553438 0.273 1005.38 2
0.00381888 -0.0555487 0.274 530.125 2
0.00261949 -0.0528725 0.273 1022.17 2
0.00380494 -0.0526747 0.273 559.5 2
0.00261949 -0.0497091 0.273 1080.4 2
0.00380726 -0.0494418 0.273167 594.833 2
0.00262269 -0.0465021 0.273333 1075.5 2
0.00381888 -0.0463193 0.274 617.7 2
0.00262909 -0.0433428 0.274 1113.3 2
0.00381888 -0.0433428 0.274 664.2 2
0.00242992 -0.040144 0.273833 1229 2
0.00381888 -0.0403663 0.274 703.8 2
0.00203349 -0.0373481 0.2737 1339.25 2
0.00383003 -0.037498 0.2748 755.9 2
0.00203637 -0.0344132 0.274 1356.55 2
0.00383282 -0.0345388 0.275 800.3 2
0.00203253 -0.0313912 0.2736 1390.35 2
0.00382724 -0.0315068 0.2746 846.7 2
0.00203157 -0.0284082 0.2735 1386.4 2
0.00381888 -0.0284602 0.274 850.2 2
0.00203541 -0.0254739 0.2739 1400.35 2
0.00383003 -0.0255572 0.2748 887 2
0.00178198 -0.0227866 0.274286 1488.93 2
0.00383282 -0.0234855 0.275 930.75 2
0.0014393 -0.0195306 0.274 1558.4 2
0.0014414 -0.0165795 0.2744 1605 2
0.0014393 -0.0135775 0.274 1620.7 2
0.00143929 -0.010601 0.274 1641.2 2
-4.77663e-05 -0.00730008 0.273 1917 2
0.00118527 -0.00753881 0.274 1692 2
-4.78013e-05 -0.0046335 0.2732 1912.8 2
0.00114482 -0.00465444 0.2744 1730.93 2
-4.79413e-05 -0.00167142 0.274 1923.2 2
0.00103655 -0.00200064 0.274545 1753.45 2
-4.79413e-05 0.00130511 0.274 1929.6 2
0.000546954 0.00130511 0.274 1825.6 2
-4.79413e-05 0.00428164 0.274 1953.6 2
0.000546954 0.00428164 0.274 1849.6 2
-4.79413e-05 0.00725816 0.274 1965.6 2
0.000546954 0.00725816 0.274 1892 2
-0.000532801 0.0108614 0.273455 2048.73 2
0.000546954 0.0102347 0.274 1899.2 2
-0.000603531 0.013669 0.2735 2064.88 2
0.000547619 0.0135238 0.274333 1913.67 2
-0.000682901 0.0166632 0.273429 2088.21 2
0.000547952 0.0165166 0.2745 1896.75 2
-0.000683907 0.0194941 0.273857 2020.43 2
0.00054895 0.0189355 0.275 1887.75 2
-0.0682111 0.0235428 0.273 594 2
-0.00144784 0.0228087 0.273857 2140.5 2
-0.0678554 0.0258561 0.273 671.3 2
-0.00153456 0.0254333 0.2742 2186.95 2
-0.0677877 0.0279066 0.273 660 2
-0.00330775 0.0291776 0.273 2467.5 2
-0.00193364 0.028426 0.274333 2192.42 2
-0.00330775 0.0315501 0.273 2460.2 2
-0.00213785 0.0317813 0.275 2256.3 2
-0.0667292 0.0348123 0.273 855.75 2
-0.0655438 0.0354055 0.273 1090.5 2
-0.00330775 0.033626 0.273 2425.5 2
-0.00193235 0.0348624 0.274167 2181.75 2
-0.0669248 0.0375921 0.2738 806.7 2
-0.0655438 0.0374814 0.273 1082.4 2
-0.00330775 0.0386677 0.273 2444 2
-0.00160108 0.0375167 0.274222 2178.22 2
-0.0667677 0.0407327 0.274 824.538 2
-0.0655192 0.0402573 0.273429 1088 2
-0.00364991 0.0407446 0.273286 2472.5 2
-0.00213629 0.0407146 0.2748 2290.7 2
-0.0667677 0.0434344 0.274 784.231 2
-0.0655192 0.0437342 0.273429 1046.43 2
-0.00390774 0.0435086 0.2736 2518.2 2
-0.066827 0.0464451 0.2734 663.5 2
-0.0655438 0.0463784 0.273 1002 2
-0.00391259 0.0465483 0.274 2497.35 2
-0.0667842 0.0496443 0.273833 663.083 2
-0.0651391 0.0495231 0.273167 1062.58 2
-0.00391259 0.0495248 0.274 2512.6 2
-0.066774 0.0525772 0.2744 664.667 2
-0.0647658 0.0523992 0.273467 1134.2 2
-0.00391259 0.0525014 0.274 2477.2 2
-0.0663225 0.0553816 0.275 830.5 2
-0.0646895 0.0555485 0.274176 1132.47 2
-0.0628765 0.0558686 0.273 1404.33 2
-0.00391424 0.0554986 0.2741 2504.4 2
-0.0639788 0.0583662 0.274333 1248.87 2
-0.0628765 0.0570548 0.273 1356 2
-0.00450676 0.0584544 0.274 2575.4 2
-0.0634042 0.0614309 0.274 1324.9 2
-0.0068641 0.062393 0.273 2812.5 2
-0.00494073 0.0613235 0.274 2582.45 2
-0.0640789 0.0646097 0.274412 1198.59 2
-0.0622838 0.065507 0.273 1466 2
-0.0068641 0.0647655 0.273 2741.9 2
-0.00517797 0.0643792 0.274444 2612.39 2
-0.0637961 0.0673905 0.274833 1231 2
-0.0615443 0.0678871 0.273286 1554.86 2
-0.0596166 0.0689175 0.273 1766.5 2
-0.00725839 0.0677491 0.273727 2769.59 2
-0.0055143 0.0673503 0.274667 2627.17 2
-0.0617871 0.0706072 0.274444 1545.5 2
-0.0592779 0.0709511 0.273 1821.21 2
-0.00717927 0.0705464 0.2738 2775.4 2
-0.00542172 0.0706173 0.275 2612.4 2
-0.0612609 0.0731825 0.274167 1599.25 2
-0.058958 0.0735307 0.273 1840.67 2
-0.00717927 0.0735208 0.2738 2766.52 2
-0.00542172 0.0736047 0.275 2626.2 2
-0.0608279 0.0764073 0.274643 1660.79 2
-0.0587999 0.0765233 0.273333 1822.53 2
-0.00953135 0.0772213 0.273 2951 2
-0.00742337 0.0763932 0.273667 2775.75 2
-0.00542172 0.0759946 0.275 2627.33 2
-0.0602685 0.0795375 0.274167 1591.5 2
-0.0587999 0.0794926 0.273333 1748.87 2
-0.00953135 0.0787041 0.273 2943.5 2
-0.00741487 0.0793969 0.273857 2642.86 2
-0.00542172 0.0798782 0.275 2370.25 2
-0.0606142 0.0821911 0.2745 1109.38 2
-0.0591244 0.0820472 0.273091 1311 2
-0.00717927 0.0824438 0.2738 1300.4 2
-0.00542172 0.0825669 0.275 1007.6 2
-0.00710359 0.0853058 0.27387 546.609 2
-0.00542172 0.0855543 0.275 533 2
-0.00675052 0.0874014 0.273571 549.857 2
-0.00454385 0.0885647 0.27431 518.724 2
-0.00213785 0.0894378 0.275 480.5 2
-0.00348056 0.091127 0.273286 493.643 2
-0.00123716 0.0915147 0.274067 453.533 2
0.00141165 0.0917387 0.274091 371.818 2
-0.00375229 0.0946446 0.273 473.938 2
-0.00123592 0.0946145 0.27356 433.52 2
0.00156125 0.0942853 0.273095 363.952 2
-0.00330775 0.0964981 0.273 463.5 2
-0.0021223 0.0964981 0.273 454.75 2
0.00264828 -0.0220717 0.276 1315.17 2
0.00384675 -0.0220717 0.276 940.333 2
0.00264828 -0.0196731 0.276 1311.7 2
0.00384675 -0.0196731 0.276 946.7 2
0.00264828 -0.0166749 0.276 1359.1 2
0.00384675 -0.0166749 0.276 998.6 2
0.00264828 -0.0136766 0.276 1366.3 2
0.00384675 -0.0136766 0.276 1014.8 2
0.00264828 -0.0106784 0.276 1400.8 2
0.00384675 -0.0106784 0.276 1043.6 2
0.00264828 -0.00768012 0.276 1379.2 2
0.00384675 -0.00768012 0.276 1057.6 2
0.00265404 -0.00469074 0.2766 1412.8 2
0.0038607 -0.00469883 0.277 1104 2
0.00231271 -0.00143098 0.276714 1513.14 2
0.00386069 -0.00168972 0.277 1132.8 2
0.00205384 0.00131702 0.2765 1574.8 2
0.00386069 0.0013194 0.277 1156 2
0.00205384 0.0043207 0.2765 1581 2
0.00386069 0.00432852 0.277 1159.6 2
0.00205384 0.00732439 0.2765 1557.2 2
0.00386348 0.0073438 0.2772 1161.2 2
0.00205768 0.0103434 0.2769 1611.4 2
0.00387463 0.0103841 0.278 1182.8 2
0.00206074 0.0133747 0.2774 1644.45 2
0.00190643 0.0161237 0.27675 1668.19 2
-4.82912e-05 0.0205035 0.276 1904 2
0.00137382 0.0194903 0.277091 1728.18 2
-4.82912e-05 0.0223024 0.276 1926.6 2
0.00115719 0.0224101 0.277333 1766.13 2
-4.84662e-05 0.0253923 0.277 1995.4 2
0.000552943 0.0253923 0.277 1896 2
-0.000601556 0.0285548 0.276692 2025 2
0.00055454 0.0284844 0.2778 1871 2
-0.000649475 0.0314327 0.2772 2030.2 2
0.000554939 0.031524 0.278 1863.2 2
-0.000647647 0.0343782 0.276667 2022.27 2
0.000554939 0.0345439 0.278 1892.2 2
-4.84662e-05 0.0374288 0.277 1936.8 2
0.000552943 0.0374288 0.277 1834.8 2
-0.00064808 0.0403903 0.276667 2066.33 2
0.000554141 0.0405268 0.2776 1860.2 2
-0.00140628 0.0434519 0.276632 2163.21 2
0.000554939 0.0423959 0.278 1865 2
-0.00155059 0.0464734 0.2771 2182.7 2
-0.0015537 0.0495545 0.2775 2198.1 2
-0.00154982 0.0524744 0.277 2165.7 2
-0.0679514 0.0565898 0.278 496.5 2
-0.00154982 0.0554835 0.277 2170.35 2
-0.0669519 0.0583249 0.277429 736.643 2
-0.0650656 0.0594807 0.276 1139.5 2
-0.00155137 0.0585355 0.2772 2172.85 2
-0.0667442 0.0617238 0.278 837.1 2
-0.0650656 0.0612797 0.276 1096.3 2
-0.0033441 0.0618793 0.276 2390 2
-0.00162034 0.0614662 0.277444 2202.06 2
-0.0668451 0.063949 0.276889 659.778 2
-0.0654508 0.064021 0.276 983.714 2
-0.00334895 0.0643724 0.2764 2366.3 2
-0.00215962 0.064698 0.2778 2248.9 2
-0.0662034 0.0681218 0.277 834.667 2
-0.0653492 0.0675631 0.27625 996.75 2
-0.00394939 0.0673981 0.2765 2486.8 2
-0.00216117 0.0668577 0.278 2243.25 2
-0.0663627 0.0700963 0.277667 800 2
-0.0646634 0.0705672 0.277 1150.19 2
-0.00394939 0.0704018 0.2765 2452.55 2
-0.0644967 0.0735157 0.277615 1149.23 2
-0.0626686 0.0738724 0.276 1415.17 2
-0.00401934 0.0733455 0.276778 2464.22 2
-0.063669 0.0764537 0.27775 1312 2
-0.0624142 0.0763271 0.2762 1475.6 2
-0.00604067 0.0774703 0.276 2679 2
-0.00403405 0.0764353 0.277429 2440.67 2
-0.0637263 0.0795416 0.278 1295.25 2
-0.0619732 0.07956 0.276714 1501.36 2
-0.00604067 0.0783698 0.276 2670 2
-0.00403483 0.0794015 0.27725 2287.67 2
-0.0637263 0.0819576 0.278 957.5 2
-0.0621818 0.0821151 0.2765 1056.12 2
-0.00394939 0.0824165 0.2765 949.4 2
-0.00166714 0.0826412 0.277789 634.053 2
0.00211715 0.0825438 0.278 401.706 2
-0.00394576 0.0853269 0.2762 514.3 2
-0.00118654 0.0853912 0.277036 472.071 2
0.00175682 0.0853241 0.277167 402.367 2
-0.00374359 0.0872646 0.276 516.833 2
-0.00116923 0.0882702 0.276348 469 2
0.00175449 0.088519 0.2768 389.96 2
-0.00064753 0.0900629 0.276 455.333 2
0.00174942 0.0900629 0.276 341.6 2
0.00389135 0.0134628 0.2792 1200.5 2
0.00267706 0.0173924 0.279 1517.75 2
0.0039118 0.0159725 0.280667 1199.83 2
0.00268282 0.0195572 0.2796 1492.5 2
0.00268666 0.0226256 0.28 1501.7 2
0.00177411 0.0256368 0.279667 1677.33 2
0.0030013 0.025759 0.281 1464.4 2
0.00155162 0.0285526 0.279545 1679.27 2
0.0030013 0.0275905 0.281 1445 2
0.00147082 0.0317507 0.28 1762.9 2
0.00147082 0.0344883 0.28 1763.25 2
0.00146644 0.0374174 0.279167 1717.5 2
0.00147082 0.0405717 0.28 1743.12 2
-4.88161e-05 0.0440638 0.279 1948.5 2
0.00121196 0.0435921 0.280143 1786.29 2
-4.89911e-05 0.0466551 0.28 1920 2
0.000864642 0.0462019 0.280333 1786.33 2
-4.89561e-05 0.0493565 0.2798 1985 2
0.001059 0.0498054 0.280455 1791 2
-4.88161e-05 0.0522471 0.279 1975.2 2
0.00116829 0.052446 0.280067 1834.6 2
-4.88161e-05 0.0552779 0.279 1982.2 2
0.00116829 0.0554901 0.280067 1848.73 2
-0.0684402 0.0594302 0.28 439.25 2
-4.88161e-05 0.0583088 0.279 1968.4 2
0.00116969 0.0585874 0.280333 1829.6 2
-0.0682936 0.0614263 0.2794 419.1 2
-4.89561e-05 0.0615164 0.2798 1985.8 2
0.000820684 0.0612426 0.280143 1872.29 2
-0.0678929 0.0631581 0.279 524 2
-0.000698426 0.0644487 0.279714 2048.29 2
0.000560927 0.0645266 0.281 1900.5 2
-0.00102673 0.0676414 0.28 2076.28 2
0.000560927 0.0669687 0.281 1842.5 2
-0.0663785 0.0716445 0.279 885 2
-0.00163241 0.0704374 0.279556 2185.28 2
-0.0663785 0.073463 0.279 848.4 2
-0.00156662 0.073421 0.28 2179.45 2
-0.0665213 0.0766596 0.2796 796.3 2
-0.0651671 0.0764938 0.279 1091.3 2
-0.00156818 0.0765174 0.2802 2156.8 2
-0.0664975 0.0793625 0.2795 640 2
-0.0647711 0.0795193 0.27925 1116.88 2
-0.00131257 0.0794453 0.279792 1929.42 2
0.0011708 0.0801306 0.280889 1023.56 2
0.0030013 0.0807052 0.281 352 2
-0.0645613 0.0813432 0.279 989 2
-0.000545103 0.0817508 0.279455 734.455 2
0.00116811 0.0818604 0.280083 449.75 2
0.0030013 0.0813158 0.281 354 2
0.00517319 0.01426 0.283 690 2
0.00482332 0.0169817 0.283 842.143 2
0.00454264 0.0197238 0.282 975.55 2
0.00454265 0.0224809 0.282 1006.94 2
0.0045463 0.0252565 0.2822 1014.8 2
0.00239972 0.0289141 0.282 1527 2
0.00436298 0.0285045 0.283217 1102.17 2
0.00239972 0.0313649 0.282 1618.8 2
0.00426228 0.0315428 0.2836 1156.52 2
0.00239972 0.0344283 0.282 1612.4 2
0.00425525 0.0345647 0.28312 1169.68 2
0.00239972 0.0374917 0.282 1590.8 2
0.00425748 0.0376628 0.28328 1153.28 2
0.00239972 0.0405552 0.282 1624 2
0.00420275 0.0405392 0.283524 1196.81 2
0.00240397 0.0433901 0.2825 1608 2
0.00385015 0.0428231 0.2835 1310.67 2
0.00183979 0.0467359 0.282615 1661.38 2
0.00302907 0.046332 0.2836 1484 2
0.00199911 0.0491508 0.282889 1672.56 2
0.00344204 0.0498531 0.283778 1433.44 2
0.00240312 0.0522689 0.2824 1635.2 2
0.00425979 0.052462 0.28344 1227.56 2
0.00239972 0.0552596 0.282 1643.2 2
0.00408397 0.0553637 0.283429 1276.48 2
0.00241163 0.0586139 0.2834 1616.4 2
0.00302693 0.0586139 0.2834 1501.6 2
0.00185549 0.0618049 0.2828 1697.3 2
0.00303334 0.0615133 0.284 1499.5 2
0.00163897 0.0643463 0.282667 1772.58 2
0.00303334 0.0633644 0.284 1542.5 2
-4.9341e-05 0.0687387 0.282 1958 2
0.00138395 0.067589 0.282889 1744.56 2
-4.9341e-05 0.0705768 0.282 2016.6 2
0.00118219 0.0704991 0.283333 1802.93 2
-4.93847e-05 0.0733997 0.28225 1987.75 2
0.00122657 0.0735038 0.2835 1822.93 2
-4.93702e-05 0.0764416 0.282167 1934.83 2
0.0012839 0.0766098 0.283167 1735.67 2
0.00426656 0.0775562 0.284 856.2 2
-4.9341e-05 0.0785417 0.282 1868 2
0.00174644 0.0790545 0.282429 1351.21 2
0.00358308 0.0790939 0.282462 547.923 2
0.00479723 0.0439794 0.285 1066.83 2
0.00459645 0.0466091 0.2853 1120.1 2
0.00474795 0.0494445 0.285125 1109.56 2
0.00520975 0.0564667 0.285 997 2
0.00646992 0.0566648 0.286 342.5 2
0.00460185 0.058453 0.285625 1184.69 2
0.00647558 0.05827 0.28625 460.25 2
0.00398961 0.0613796 0.28625 1316 2
0.00242525 0.0651356 0.285 1659 2
0.00377944 0.0645279 0.286538 1388.15 2
0.00242525 0.0676124 0.285 1609 2
0.00368139 0.067513 0.286333 1406.93 2
0.0024295 0.0705234 0.2855 1553.75 2
0.00361979 0.0701839 0.2864 1427.2 2
0.00243376 0.073442 0.286 1607.6 2
0.00305471 0.073442 0.286 1510.6 2
0.00242525 0.0759716 0.285 1595.75 2
0.00429812 0.0762369 0.286 1150.35 2
0.00649255 0.0758813 0.287 296 2
0.00526824 0.0614847 0.2882 1030.6 2
0.00652874 0.0615705 0.2886 499.7 2
0.00527556 0.064703 0.2886 1062.6 2
0.0065491 0.0645916 0.2895 517.75 2
0.00526458 0.0676984 0.288 1059.8 2
0.00652874 0.0672128 0.2886 527.1 2
0.00502544 0.0708494 0.2886 1130.4 2
0.00654231 0.0704946 0.2892 537.3 2
0.00464661 0.0734313 0.2884 1204.4 2
0.00655589 0.0737873 0.2898 533.3 2
0.00463929 0.075207 0.288 1212 2
0.00653779 0.0754682 0.289 462.5 2
