-0.0434007 -0.0733476 0.244789 1954.89 2
-0.0405426 -0.0732704 0.243833 2106.25 2
-0.0375014 -0.07302 0.243 2295.9 2
-0.0345996 -0.07302 0.243 2458.46 2
-0.0314341 -0.07302 0.243 2453.5 2
-0.0283061 -0.0731198 0.243333 2403.88 2
-0.0254712 -0.0733205 0.244 2432.95 2
-0.02265 -0.0733548 0.245 2474.73 2
-0.0433012 -0.0702995 0.244867 2878.87 2
-0.040482 -0.0707149 0.243941 3038 2
-0.0375634 -0.0704946 0.2434 3118.37 2
-0.0346308 -0.0704436 0.243222 3238.36 2
-0.0314446 -0.0704039 0.243083 3428.03 2
-0.0283582 -0.0706048 0.243778 3418.08 2
-0.0254712 -0.0706699 0.244 3434.47 2
-0.0229539 -0.0705792 0.245 3471.64 2
-0.0432317 -0.0676223 0.245 3091.27 2
-0.040327 -0.0675254 0.244133 3234.9 2
-0.0374369 -0.0675725 0.244306 3453.31 2
-0.0345386 -0.0676077 0.244433 3577.13 2
-0.0315635 -0.0674891 0.244 3639.47 2
-0.0284132 -0.0675574 0.24425 3648.5 2
-0.0255509 -0.0677001 0.244767 3627.13 2
-0.0233592 -0.0679431 0.245 3610.58 2
-0.0428634 -0.0645719 0.245 3254.38 2
-0.0403449 -0.0646375 0.24424 3386.48 2
-0.0374656 -0.0645422 0.244743 3570.6 2
-0.0345844 -0.0646346 0.244461 3631.96 2
-0.0315247 -0.0645304 0.244032 3665.23 2
-0.028637 -0.064675 0.244774 3679.65 2
-0.0258657 -0.0654671 0.245 3662.91 2
-0.0430612 -0.0614703 0.244778 3307.28 2
-0.0404605 -0.0615511 0.244029 3443.97 2
-0.0375543 -0.0613875 0.244838 3589.08 2
-0.0343997 -0.0614046 0.244568 3673.08 2
-0.0317017 -0.0617624 0.244515 3702.73 2
-0.0295119 -0.0623895 0.245 3684.6 2
-0.0428726 -0.0584527 0.2449 3374.4 2
-0.0405101 -0.0586018 0.244419 3491.32 2
-0.0375441 -0.0584505 0.245 3632.07 2
-0.0343525 -0.0584505 0.245 3692.67 2
-0.0322248 -0.0584505 0.245 3731.2 2
-0.0427304 -0.0559886 0.245 3417.12 2
-0.0404697 -0.0555229 0.245 3545.67 2
-0.0376166 -0.0556438 0.245 3653.73 2
-0.0342899 -0.0556011 0.245 3697.47 2
-0.0319208 -0.055865 0.245 3745.57 2
-0.0404697 -0.0536598 0.245 3546.4 2
-0.038342 -0.0536598 0.245 3663 2
-0.0338205 -0.0536598 0.245 3685.25 2
-0.0488442 -0.0750269 0.247 337.333 2
-0.0469672 -0.0750269 0.247 474 2
-0.0164424 -0.0752294 0.247667 806.833 2
-0.0544264 -0.0720978 0.248 2064 2
-0.0526059 -0.0731241 0.248 1785.29 2
-0.049572 -0.0733403 0.247 1839.89 2
-0.0465573 -0.073319 0.246462 2051.31 2
-0.0449077 -0.073387 0.246 1914.67 2
-0.019542 -0.0734033 0.246056 2340.11 2
-0.0165946 -0.0736081 0.247643 2325 2
-0.0544264 -0.071559 0.248 2106 2
-0.0526059 -0.0705326 0.248 2279.29 2
-0.0497001 -0.0705278 0.246941 2506.38 2
-0.04651 -0.0704474 0.246 2686.2 2
-0.0449077 -0.0709819 0.246 2706.67 2
-0.0216743 -0.0701802 0.246 3525.62 2
-0.0195937 -0.0703853 0.246722 3354.28 2
-0.0170469 -0.0706018 0.247909 3217.77 2
-0.0523216 -0.0676158 0.248 2429.73 2
-0.0495038 -0.0675116 0.246688 2684.12 2
-0.04651 -0.0675078 0.246 2862.57 2
-0.0446406 -0.0667061 0.246 3072.67 2
-0.0240777 -0.0664389 0.246 3654 2
-0.0222326 -0.0672163 0.246 3618 2
-0.0195946 -0.0674681 0.247529 3478.47 2
-0.0172736 -0.0684608 0.248 3351.75 2
-0.0515547 -0.0649136 0.248 2576.56 2
-0.0494206 -0.0646141 0.247379 2791.07 2
-0.046622 -0.0644702 0.246286 2985.04 2
-0.0446406 -0.0645682 0.246 3144.3 2
-0.0276028 -0.06382 0.246 3679.8 2
-0.0251681 -0.064269 0.246222 3649.15 2
-0.022448 -0.0644452 0.246813 3626.66 2
-0.0200333 -0.0647769 0.247636 3542.86 2
-0.0492867 -0.0615597 0.247875 2858.96 2
-0.0466376 -0.0614732 0.246667 3065.33 2
-0.0446406 -0.0616286 0.246 3178.67 2
-0.0308074 -0.0606132 0.246 3713.2 2
-0.0284308 -0.0613864 0.246294 3698.38 2
-0.0255644 -0.0614543 0.246872 3681.03 2
-0.0223372 -0.0614526 0.247445 3639.53 2
-0.0203024 -0.0619276 0.248 3588.5 2
-0.0493927 -0.0583483 0.247958 2860.88 2
-0.0465856 -0.0584399 0.246704 3076.37 2
-0.0446406 -0.0584218 0.246 3238.42 2
-0.031021 -0.0584218 0.246 3723.94 2
-0.0287418 -0.0584078 0.246455 3716.55 2
-0.0255041 -0.0582205 0.247257 3703.77 2
-0.0223602 -0.0582854 0.247695 3668.58 2
-0.0205043 -0.058358 0.248 3624.5 2
-0.0494938 -0.0554048 0.247769 2840.92 2
-0.0466902 -0.0554547 0.246643 3049.36 2
-0.0440472 -0.0551853 0.246 3317.28 2
-0.0368962 -0.0544133 0.246 3657 2
-0.035561 -0.0544133 0.246 3664 2
-0.0311443 -0.0550711 0.246 3725.31 2
-0.0286131 -0.0554722 0.246606 3717.97 2
-0.0256489 -0.0554174 0.247871 3696.84 2
-0.022596 -0.0554359 0.248 3661.65 2
-0.0205043 -0.0564721 0.248 3614 2
-0.049426 -0.0525639 0.247846 2848.08 2
-0.0466256 -0.0525056 0.247 3100.93 2
-0.0435395 -0.0525867 0.246029 3389.49 2
-0.0403679 -0.0522754 0.246 3565.63 2
-0.0373731 -0.0524472 0.246 3666.57 2
-0.0345595 -0.0523756 0.246 3701 2
-0.0315551 -0.0525426 0.246 3761.53 2
-0.0287418 -0.0525177 0.246455 3764.52 2
-0.0255232 -0.0525086 0.247788 3755.09 2
-0.0229518 -0.052235 0.248 3742.68 2
-0.0490419 -0.0494675 0.248 2931.53 2
-0.0464529 -0.0495603 0.247314 3177.11 2
-0.0434115 -0.0494548 0.2466 3428.93 2
-0.0403952 -0.0493683 0.246167 3590.94 2
-0.0374557 -0.0493683 0.246167 3673.77 2
-0.0344927 -0.0496031 0.246 3724.57 2
-0.0314653 -0.0494987 0.246074 3779.37 2
-0.0286714 -0.0495341 0.2468 3765.97 2
-0.0256042 -0.0494446 0.247152 3780.52 2
-0.0230382 -0.0495943 0.248 3751.06 2
-0.0490083 -0.0466724 0.248 2937.5 2
-0.0466084 -0.0465407 0.247546 3187.48 2
-0.0434814 -0.0465848 0.247 3460.32 2
-0.0405319 -0.0465848 0.247 3614.5 2
-0.0375824 -0.0465848 0.247 3686.64 2
-0.0345548 -0.0467462 0.246444 3752.78 2
-0.0314327 -0.0467061 0.246647 3800.29 2
-0.0284658 -0.0465848 0.247 3816.64 2
-0.0254854 -0.0465175 0.247424 3798.91 2
-0.0231965 -0.046504 0.248 3773.89 2
-0.0485035 -0.0446181 0.248 3074 2
-0.0462607 -0.043659 0.247517 3210.03 2
-0.0434814 -0.0436332 0.247 3448.33 2
-0.0405363 -0.043638 0.247028 3621.86 2
-0.0375876 -0.043639 0.247033 3725.53 2
-0.0345718 -0.0435556 0.246556 3778.42 2
-0.0313787 -0.0435845 0.246722 3811.33 2
-0.0284695 -0.043639 0.247033 3810.6 2
-0.0256573 -0.0436278 0.247667 3801.33 2
-0.0228049 -0.043614 0.248 3765.36 2
-0.0459005 -0.0408485 0.247833 3241.61 2
-0.0434094 -0.0404081 0.247424 3464.24 2
-0.0405182 -0.0405947 0.247667 3650.76 2
-0.0376137 -0.0404461 0.2472 3738.1 2
-0.0345562 -0.0403219 0.246444 3773.86 2
-0.0313933 -0.0403856 0.246833 3825.92 2
-0.0285497 -0.0405324 0.247733 3832.17 2
-0.0258888 -0.0408464 0.248 3824 2
-0.0231965 -0.04152 0.248 3784 2
-0.0452728 -0.0386912 0.248 3325 2
-0.0433883 -0.0381523 0.248 3500.33 2
-0.040273 -0.0377675 0.248 3655.76 2
-0.0376866 -0.0375641 0.24768 3726.44 2
-0.0346329 -0.0374619 0.247 3787.63 2
-0.0314486 -0.0375014 0.247267 3839.47 2
-0.028581 -0.0376135 0.248 3839.72 2
-0.0267349 -0.0379214 0.248 3837.43 2
-0.0404268 -0.03465 0.248 3668.97 2
-0.0374653 -0.03465 0.248 3755.58 2
-0.0345039 -0.03465 0.248 3814.53 2
-0.0315425 -0.03465 0.248 3838.08 2
-0.028581 -0.03465 0.248 3838.97 2
-0.0266426 -0.035135 0.248 3838.3 2
-0.0403025 -0.0315829 0.248 3686.96 2
-0.0374653 -0.0314171 0.248 3792.67 2
-0.0345039 -0.0314171 0.248 3828.67 2
-0.0315425 -0.0314171 0.248 3839.67 2
-0.028863 -0.0317379 0.248 3840 2
-0.0393499 -0.0284536 0.248 3721.2 2
-0.0374771 -0.0286411 0.248 3795.7 2
-0.0345039 -0.0287231 0.248 3830.75 2
-0.0316322 -0.0286781 0.248 3834.79 2
-0.0393499 -0.0262984 0.248 3749.33 2
-0.0382241 -0.0261025 0.248 3790.09 2
-0.0135459 -0.0754425 0.2498 900.7 2
-0.0114881 -0.0751513 0.251 1387 2
-0.0574801 -0.0731702 0.25075 1623 2
-0.05554 -0.0731389 0.249714 1764.93 2
-0.0154511 -0.0729295 0.249 2753.5 2
-0.0133393 -0.0734933 0.25 2430.72 2
-0.0114881 -0.0735153 0.251 2371.2 2
-0.0580446 -0.0706171 0.250667 2027.29 2
-0.0552483 -0.070397 0.249185 2136.96 2
-0.0154511 -0.070495 0.249 3117.92 2
-0.0134653 -0.070584 0.249903 2957.03 2
-0.0114881 -0.0713339 0.251 2813.33 2
-0.058116 -0.0676802 0.25072 2058.12 2
-0.0552983 -0.0673829 0.2495 2255.7 2
-0.0532943 -0.0667081 0.249 2418.75 2
-0.0163095 -0.0673257 0.249143 3326.68 2
-0.0137475 -0.0676189 0.250259 3083.19 2
-0.0576733 -0.0649262 0.251 2170.83 2
-0.0555624 -0.0644667 0.250429 2352.39 2
-0.0528535 -0.0643468 0.249286 2470.29 2
-0.0508615 -0.0631917 0.249 2689 2
-0.0186948 -0.0642737 0.249 3489.5 2
-0.016626 -0.0645857 0.249471 3370.24 2
-0.0143064 -0.0646111 0.250733 3168.67 2
-0.0576279 -0.0613967 0.251 2191.56 2
-0.0553896 -0.0614389 0.250185 2390.89 2
-0.0525347 -0.0616286 0.24924 2554.32 2
-0.0508615 -0.0615687 0.249 2675.6 2
-0.0192355 -0.0615687 0.249 3564.75 2
-0.0165141 -0.0615515 0.249706 3435.32 2
-0.014667 -0.0616997 0.251 3262.33 2
-0.0572646 -0.0585186 0.251 2205 2
-0.0555306 -0.0584486 0.250286 2407.96 2
-0.0524834 -0.0585933 0.249 2560.93 2
-0.0508615 -0.0588638 0.249 2693.2 2
-0.0192355 -0.0585933 0.249 3600.71 2
-0.0165972 -0.0585555 0.25 3475.71 2
-0.0147578 -0.0585186 0.251 3355.67 2
-0.0572646 -0.0566099 0.251 2270 2
-0.0551649 -0.0558266 0.250579 2451.68 2
-0.0526386 -0.0555964 0.249444 2592.56 2
-0.0211276 -0.0553473 0.249 3668 2
-0.0194076 -0.055468 0.249077 3589.62 2
-0.0166866 -0.0555741 0.250382 3488.26 2
-0.0147578 -0.0555192 0.251 3369 2
-0.0548123 -0.0533379 0.251 2456.33 2
-0.0526267 -0.0526429 0.249759 2597.38 2
-0.0505912 -0.0515604 0.249 2810.5 2
-0.021591 -0.0529515 0.249 3723.36 2
-0.0194916 -0.0525552 0.249533 3650.53 2
-0.0166497 -0.0526097 0.250781 3505.94 2
-0.0147578 -0.0530652 0.251 3392.5 2
-0.0545398 -0.0492479 0.251 2528.75 2
-0.0526652 -0.0495541 0.250034 2654.28 2
-0.0505912 -0.0493965 0.249 2793.92 2
-0.0216344 -0.0492274 0.249 3729.31 2
-0.0193581 -0.0495784 0.250114 3666.49 2
-0.0167257 -0.0496417 0.251 3571.44 2
-0.0545398 -0.0465212 0.251 2524.17 2
-0.0528287 -0.0464984 0.250357 2654.82 2
-0.050411 -0.0462407 0.249 2817.67 2
-0.0216682 -0.046421 0.249 3730.73 2
-0.0192645 -0.0465574 0.250281 3673.72 2
-0.0172101 -0.0465212 0.251 3625.58 2
-0.0545398 -0.0437945 0.251 2530.25 2
-0.0524802 -0.0436002 0.250645 2694.42 2
-0.0494275 -0.0434643 0.249379 2991.17 2
-0.0213438 -0.0432292 0.249 3746.9 2
-0.0193692 -0.0435296 0.249941 3701.09 2
-0.0172101 -0.0435219 0.251 3633.7 2
-0.0523396 -0.0405065 0.2509 2754.3 2
-0.0494478 -0.0404174 0.24975 3038.14 2
-0.0471673 -0.0402898 0.249 3187.33 2
-0.0249119 -0.0399291 0.249 3816.67 2
-0.0223128 -0.0403453 0.249 3816.27 2
-0.0193365 -0.0404139 0.250333 3739.11 2
-0.0172101 -0.0416132 0.251 3659.75 2
-0.0523191 -0.0374933 0.2508 2772.64 2
-0.0493627 -0.0374829 0.249926 3031 2
-0.0466197 -0.0374835 0.249241 3232.52 2
-0.0435632 -0.0366832 0.249 3506.33 2
-0.0414007 -0.0369537 0.249 3640 2
-0.0253278 -0.0374947 0.249 3827.65 2
-0.022503 -0.0375362 0.249278 3827.83 2
-0.0196284 -0.0375972 0.250583 3744.88 2
-0.0519248 -0.0348189 0.250944 2820.33 2
-0.0495498 -0.0344627 0.250567 3014.23 2
-0.0467161 -0.0344338 0.249643 3270.36 2
-0.0435632 -0.0345193 0.249 3546.8 2
-0.0270744 -0.0334373 0.249 3840 2
-0.0253051 -0.0344455 0.249 3838.5 2
-0.0225381 -0.0343399 0.249667 3833.42 2
-0.0195753 -0.0343052 0.2506 3746.3 2
-0.0512701 -0.0320698 0.251 2910.33 2
-0.0493122 -0.0315447 0.251 3111.78 2
-0.0463681 -0.0315217 0.249478 3377 2
-0.0435632 -0.0315438 0.249 3570.86 2
-0.0414007 -0.0304618 0.249 3658 2
-0.027651 -0.031093 0.249 3840 2
-0.0254723 -0.0315685 0.2492 3840 2
-0.0225752 -0.031407 0.250067 3836.1 2
-0.0196872 -0.0317724 0.251 3775.95 2
-0.0486026 -0.0284534 0.251 3209.32 2
-0.0464215 -0.0283919 0.249833 3327.38 2
-0.0435632 -0.0285684 0.249 3546.47 2
-0.0408601 -0.0285684 0.249 3679.45 2
-0.0375778 -0.0279501 0.249 3786.86 2
-0.0343727 -0.0274864 0.249 3838.17 2
-0.0309668 -0.0277028 0.249 3840 2
-0.0283689 -0.0284374 0.249152 3840 2
-0.0254055 -0.0283362 0.25 3840 2
-0.022574 -0.028662 0.250742 3835.97 2
-0.0204799 -0.0293432 0.251 3786.83 2
-0.0487572 -0.025647 0.251 3201.89 2
-0.0461807 -0.0254241 0.25 3415.92 2
-0.0434078 -0.0256722 0.249355 3590.48 2
-0.0407099 -0.0255028 0.249 3694.22 2
-0.0372812 -0.0253224 0.249 3818.08 2
-0.0343727 -0.0255929 0.249 3838.17 2
-0.0313993 -0.0255929 0.249 3840 2
-0.0285642 -0.0255281 0.249576 3840 2
-0.0253461 -0.0254881 0.250633 3840 2
-0.0232436 -0.0258375 0.251 3840 2
-0.0482728 -0.0227992 0.251 3205.4 2
-0.0462556 -0.0224719 0.2504 3385.77 2
-0.0434554 -0.0224304 0.249933 3598.5 2
-0.0406724 -0.0224172 0.249276 3711.24 2
-0.0376164 -0.0226175 0.249 3794.53 2
-0.0344416 -0.022538 0.24925 3835.78 2
-0.0313671 -0.0225616 0.249077 3840 2
-0.0285389 -0.0224363 0.25 3840 2
-0.0253786 -0.0225213 0.250944 3840 2
-0.0234771 -0.0225265 0.251 3840 2
-0.0461073 -0.0196994 0.251 3455.74 2
-0.043558 -0.019489 0.25052 3600.28 2
-0.04045 -0.0194992 0.249968 3734.26 2
-0.0374804 -0.0197275 0.249548 3815.1 2
-0.0344311 -0.0196123 0.249647 3838.91 2
-0.0314924 -0.0196295 0.249448 3840 2
-0.0286188 -0.0195034 0.2507 3840 2
-0.0253845 -0.0195272 0.251 3840 2
-0.0230312 -0.0192297 0.251 3840 2
-0.0457214 -0.0170979 0.251 3510.55 2
-0.0433681 -0.0165278 0.251 3654.65 2
-0.0403205 -0.0165283 0.250355 3733.74 2
-0.0374961 -0.016462 0.25 3830.63 2
-0.0345108 -0.016462 0.25 3839.06 2
-0.0315254 -0.016462 0.25 3840 2
-0.0286214 -0.0165098 0.250722 3840 2
-0.0253845 -0.0165278 0.251 3840 2
-0.0230684 -0.0169368 0.251 3840 2
-0.0430957 -0.0135285 0.251 3666.04 2
-0.0403331 -0.013515 0.25076 3727.92 2
-0.0374961 -0.0134746 0.25 3816.16 2
-0.0345648 -0.0134954 0.2504 3839.87 2
-0.0314043 -0.0134808 0.250828 3840 2
-0.0285357 -0.0136396 0.250958 3840 2
-0.0257932 -0.0142101 0.251 3840 2
-0.0234771 -0.0146191 0.251 3840 2
-0.0427929 -0.0110139 0.251 3676.61 2
-0.0403709 -0.0105291 0.251 3755.77 2
-0.0373736 -0.0105291 0.251 3829.72 2
-0.0345021 -0.0106969 0.251 3840 2
-0.0316515 -0.0113471 0.251 3840 2
-0.0291992 -0.0116198 0.251 3840 2
-0.0425507 -0.00752979 0.251 3652.4 2
-0.0403709 -0.00752979 0.251 3733.8 2
-0.0376915 -0.00757524 0.251 3812.08 2
-0.0425507 -0.00534846 0.251 3650.33 2
-0.0404282 -0.00506144 0.251 3745.26 2
-0.038191 -0.00548479 0.251 3805.12 2
-0.00999635 -0.0753673 0.252333 1441 2
-0.00802388 -0.0756244 0.2535 1322.38 2
-0.0637395 -0.0727384 0.254 1278.83 2
-0.0613558 -0.0729611 0.252733 1557.87 2
-0.0591889 -0.0731512 0.252 1896 2
-0.0102331 -0.0735421 0.252454 2341.41 2
-0.0084202 -0.0736377 0.253571 2307.5 2
-0.0637395 -0.0708069 0.254 1406 2
-0.0615797 -0.0705461 0.252896 1715.93 2
-0.0596813 -0.0705231 0.252 2099 2
-0.012081 -0.0699756 0.252 2914 2
-0.0103532 -0.0704654 0.252889 2775.96 2
-0.00859226 -0.0716347 0.254 2544.5 2
-0.0614424 -0.0676615 0.253333 1779.92 2
-0.0594624 -0.0669096 0.252 1971.8 2
-0.0123593 -0.0671548 0.2521 2976.2 2
-0.0104696 -0.0675119 0.25325 2786.46 2
-0.0610584 -0.0643892 0.253312 1777.31 2
-0.0589974 -0.0642952 0.252 2021.69 2
-0.0128222 -0.0643806 0.252762 3031.67 2
-0.0107181 -0.064741 0.25375 2877.54 2
-0.0610088 -0.0614935 0.253846 1773.23 2
-0.0590172 -0.0615372 0.2522 2027.1 2
-0.0132325 -0.0614563 0.252731 3153.04 2
-0.0110388 -0.0614925 0.253941 2938.35 2
-0.0609821 -0.0589421 0.254 1764.5 2
-0.0590389 -0.0584546 0.252545 2009.27 2
-0.0131488 -0.0584505 0.252643 3161 2
-0.0110912 -0.0584071 0.253625 2972.19 2
-0.0601549 -0.055631 0.254 1900.8 2
-0.0584764 -0.0554972 0.252956 2089.65 2
-0.0564532 -0.0549739 0.252 2328.8 2
-0.0132709 -0.0554685 0.252704 3216.07 2
-0.01117 -0.0559117 0.253909 3044.27 2
-0.0601549 -0.0539754 0.254 1873 2
-0.0581524 -0.0525346 0.25344 2119.32 2
-0.0558097 -0.0521355 0.252222 2380.89 2
-0.0153637 -0.0516341 0.252 3409 2
-0.0132696 -0.052402 0.2528 3258.9 2
-0.0116254 -0.0525957 0.254 3103.67 2
-0.0601549 -0.0492847 0.254 1928.5 2
-0.0582469 -0.0494468 0.253545 2123.45 2
-0.0558858 -0.0494783 0.252588 2378.06 2
-0.015692 -0.0490061 0.252 3531.1 2
-0.0135534 -0.0494379 0.252606 3327.64 2
-0.0116254 -0.0495606 0.254 3134.4 2
-0.0581717 -0.0465671 0.253545 2149.41 2
-0.0559407 -0.0465068 0.2524 2410.27 2
-0.0159109 -0.0464328 0.252 3575 2
-0.0136207 -0.0466172 0.25331 3374.55 2
-0.0116254 -0.0476291 0.254 3110 2
-0.0580715 -0.043562 0.253545 2133.09 2
-0.0556637 -0.0432694 0.252273 2420.77 2
-0.0159278 -0.0434691 0.252278 3588.11 2
-0.0138518 -0.0435505 0.253321 3457.71 2
-0.0581449 -0.0405687 0.253476 2118.52 2
-0.055349 -0.0404423 0.2522 2467.92 2
-0.0163999 -0.0403498 0.252217 3611.7 2
-0.0134945 -0.0404661 0.253531 3413.28 2
-0.0116254 -0.0401791 0.254 3258 2
-0.05781 -0.037604 0.253389 2162.11 2
-0.055349 -0.0374286 0.2522 2467.7 2
-0.0183729 -0.0368515 0.252 3686.88 2
-0.0164959 -0.037488 0.2526 3624.13 2
-0.0138114 -0.0375774 0.253655 3511.34 2
-0.0116254 -0.0385235 0.254 3207 2
-0.0576833 -0.0347982 0.2538 2168.8 2
-0.0556151 -0.0343652 0.253143 2466.82 2
-0.0532069 -0.0342051 0.252 2659.08 2
-0.0183729 -0.035209 0.252 3697.25 2
-0.0164959 -0.0344695 0.2526 3669.48 2
-0.014333 -0.0344257 0.253706 3561.35 2
-0.0552923 -0.031587 0.2537 2500.1 2
-0.0527526 -0.0313209 0.252296 2762.41 2
-0.0505989 -0.0303361 0.252 3035.6 2
-0.0187377 -0.0306463 0.252 3745.75 2
-0.016504 -0.0314674 0.252733 3684.8 2
-0.0144099 -0.0314368 0.253875 3593.94 2
-0.0545851 -0.0288109 0.254 2617.7 2
-0.0524529 -0.0284581 0.253043 2812.96 2
-0.0503345 -0.0285932 0.252 3039.5 2
-0.0216557 -0.0272701 0.252 3840 2
-0.0193045 -0.0282471 0.252077 3778.31 2
-0.0165406 -0.0285088 0.25328 3695.96 2
-0.0149342 -0.0285902 0.254 3650 2
-0.0540887 -0.025555 0.254 2628.83 2
-0.0522701 -0.0254745 0.2532 2827.03 2
-0.0501456 -0.0253146 0.252 3053.86 2
-0.0221421 -0.0255058 0.252 3840 2
-0.0194422 -0.025487 0.252529 3777.85 2
-0.0166959 -0.0256239 0.253778 3717.41 2
-0.0149342 -0.0263828 0.254 3662 2
-0.0540887 -0.0225198 0.254 2674.8 2
-0.0524683 -0.0224209 0.253696 2793.83 2
-0.0498353 -0.0225534 0.252136 3066.86 2
-0.0222029 -0.0226163 0.252 3840 2
-0.0195825 -0.0225006 0.252625 3803.19 2
-0.0168643 -0.0225198 0.254 3717.85 2
-0.0540887 -0.0208643 0.254 2685 2
-0.0520625 -0.0196427 0.253773 2855.18 2
-0.0494647 -0.0194751 0.252607 3171.57 2
-0.0473709 -0.0190574 0.252 3346.67 2
-0.0219684 -0.0198396 0.252 3840 2
-0.0194358 -0.0195412 0.2525 3794.53 2
-0.0169747 -0.0197054 0.254 3735.1 2
-0.0520105 -0.0163395 0.253722 2865.06 2
-0.0493349 -0.0164775 0.252555 3134.67 2
-0.0469245 -0.0162623 0.252 3350.21 2
-0.0449088 -0.0152249 0.252 3575 2
-0.0220205 -0.0163199 0.252 3840 2
-0.0195805 -0.0165548 0.252647 3808.35 2
-0.017232 -0.0162655 0.254 3758.42 2
-0.0520115 -0.0135245 0.253857 2885.86 2
-0.0494727 -0.0135579 0.252731 3157.69 2
-0.0465502 -0.0135824 0.252 3425.04 2
-0.0449088 -0.0135824 0.252 3590 2
-0.0274006 -0.0127611 0.252 3840 2
-0.0252121 -0.0131261 0.252 3840 2
-0.0223874 -0.0134848 0.25224 3840 2
-0.0195416 -0.0134253 0.253486 3824.34 2
-0.0168644 -0.0134142 0.254 3789.25 2
-0.0517826 -0.0106801 0.254 2863.36 2
-0.0495051 -0.0105779 0.25331 3138.66 2
-0.0465752 -0.0105761 0.252133 3402.9 2
-0.0441185 -0.0100844 0.252 3590.06 2
-0.0336926 -0.00947607 0.252 3840 2
-0.0312852 -0.00991406 0.252 3840 2
-0.0283686 -0.0104026 0.252 3840 2
-0.0255187 -0.0105839 0.252333 3840 2
-0.0223563 -0.0105861 0.253314 3840 2
-0.0194757 -0.0107686 0.254 3807.06 2
-0.0171401 -0.0110689 0.254 3762.5 2
-0.0513314 -0.00789572 0.254 2901.25 2
-0.049599 -0.00766024 0.253833 3093.04 2
-0.0466988 -0.00758379 0.2528 3373.92 2
-0.0443616 -0.00755979 0.252 3572.07 2
-0.0362459 -0.00737729 0.252 3836 2
-0.0345133 -0.00755979 0.252 3839.76 2
-0.0315041 -0.00755979 0.252 3840 2
-0.0285079 -0.00756313 0.25212 3840 2
-0.0255797 -0.00758757 0.252933 3840 2
-0.022398 -0.00764809 0.25369 3840 2
-0.0204489 -0.00789572 0.254 3840 2
-0.0487482 -0.00465722 0.254 3200.95 2
-0.0463893 -0.00452894 0.253143 3388.93 2
-0.0436923 -0.00434424 0.252083 3615.12 2
-0.0404323 -0.0036277 0.252 3718.73 2
-0.037288 -0.00427475 0.252 3823.32 2
-0.0345133 -0.00454851 0.252 3840 2
-0.0315108 -0.0045492 0.252055 3840 2
-0.0285772 -0.00456073 0.252733 3840 2
-0.0255894 -0.0045669 0.253028 3840 2
-0.0226972 -0.00467973 0.253821 3840 2
-0.0482589 -0.00186476 0.254 3211.71 2
-0.0463251 -0.00154743 0.25376 3401.36 2
-0.0434054 -0.00154149 0.2528 3630.08 2
-0.0404571 -0.00147722 0.252296 3716.74 2
-0.0374357 -0.00159608 0.252071 3812.93 2
-0.0345133 -0.00153722 0.252 3840 2
-0.0315443 -0.00153925 0.252333 3840 2
-0.0285184 -0.00148308 0.253296 3840 2
-0.0255347 -0.00160411 0.253464 3840 2
-0.0232063 -0.00154942 0.254 3840 2
-0.0480225 0.000382068 0.254 3179 2
-0.0461984 0.00140087 0.254 3391.54 2
-0.0434857 0.00148206 0.253267 3626.17 2
-0.0404179 0.00147992 0.253 3721.86 2
-0.0374166 0.00148128 0.253133 3799.83 2
-0.0344244 0.00154424 0.252765 3835.97 2
-0.0314412 0.00141102 0.252875 3840 2
-0.0284194 0.00148447 0.253778 3840 2
-0.0254122 0.00148577 0.254 3840 2
-0.0237578 0.00148577 0.254 3840 2
-0.0455409 0.00369319 0.254 3387.25 2
-0.0435243 0.00442372 0.253913 3599.87 2
-0.0405241 0.00451611 0.253667 3700.1 2
-0.037451 0.00450905 0.25336 3804.04 2
-0.0343755 0.00450316 0.253 3833.2 2
-0.0313641 0.00450493 0.25308 3840 2
-0.0284142 0.0045165 0.253733 3840 2
-0.0254122 0.00452096 0.254 3840 2
-0.0232487 0.00435116 0.254 3840 2
-0.0427146 0.00721124 0.254 3610.75 2
-0.0405777 0.00755615 0.254 3699.5 2
-0.0374666 0.0075413 0.253467 3791.23 2
-0.0344276 0.00753912 0.253389 3829.44 2
-0.0315239 0.007455 0.253893 3840 2
-0.0284453 0.00728022 0.254 3840 2
-0.0255081 0.00720824 0.254 3840 2
-0.0237578 0.00672837 0.254 3840 2
-0.0425078 0.00948763 0.254 3615 2
-0.0402267 0.0103907 0.254 3701.95 2
-0.0375446 0.0105913 0.254 3776.68 2
-0.0345115 0.0105913 0.254 3823.87 2
-0.0321301 0.0102903 0.254 3840 2
-0.0372688 0.0125228 0.254 3799 2
-0.0345115 0.0125228 0.254 3835 2
-0.0325813 0.0125228 0.254 3840 2
-0.00641152 -0.0757949 0.255 1326 2
-0.00534584 -0.0761101 0.257 1356.88 2
-0.0664646 -0.0721987 0.256 1003.5 2
-0.0650977 -0.0727477 0.255 1094 2
-0.00693312 -0.0736359 0.255727 2318.82 2
-0.00534583 -0.0741559 0.257 2112.33 2
-0.0666377 -0.0712707 0.256667 1039.17 2
-0.0649651 -0.0701902 0.255444 1256.28 2
-0.00761586 -0.0706786 0.255867 2521.53 2
-0.0644774 -0.0675472 0.256143 1386 2
-0.0626063 -0.0669305 0.255 1643 2
-0.0080382 -0.0674772 0.255545 2578.45 2
-0.0640098 -0.064816 0.2565 1464.43 2
-0.062811 -0.0646471 0.255833 1633.67 2
-0.00973338 -0.0636063 0.255 2816.33 2
-0.00814194 -0.0644708 0.255636 2618.68 2
-0.0634902 -0.0614313 0.256333 1501.5 2
-0.0623295 -0.0613902 0.255 1607.8 2
-0.00973338 -0.0613902 0.255 2783.5 2
-0.00806966 -0.06161 0.256545 2609.59 2
-0.0639343 -0.0588007 0.257 1478 2
-0.0622054 -0.0583469 0.255625 1674.06 2
-0.00973338 -0.0586201 0.255 2808.7 2
-0.00816804 -0.058549 0.256455 2701.5 2
-0.0630974 -0.0551713 0.257 1583.6 2
-0.0617617 -0.055623 0.255842 1762.05 2
-0.0101088 -0.0553315 0.255167 2945.72 2
-0.00840207 -0.0556475 0.256625 2761.75 2
-0.0630974 -0.0523794 0.257 1556.4 2
-0.0614638 -0.0524532 0.256 1787.09 2
-0.0598381 -0.0525258 0.255 1916.8 2
-0.0102575 -0.0524865 0.255545 3000.32 2
-0.00869375 -0.0523794 0.257 2792.3 2
-0.0630974 -0.0495876 0.257 1511.4 2
-0.0615204 -0.0494631 0.256053 1774.68 2
-0.0598381 -0.0494787 0.255 1987.25 2
-0.0103547 -0.0494404 0.255455 3007.45 2
-0.00869375 -0.0495876 0.257 2877.6 2
-0.0630974 -0.0465165 0.257 1531 2
-0.0615152 -0.0465425 0.256048 1765.62 2
-0.0598381 -0.0464315 0.255 1964.2 2
-0.0122248 -0.0461545 0.255 3315.25 2
-0.0104969 -0.0464413 0.256 3053.23 2
-0.00869375 -0.0467957 0.257 2856.1 2
-0.0630974 -0.0434455 0.257 1581.8 2
-0.0614638 -0.043554 0.256 1811.82 2
-0.0598381 -0.0436614 0.255 1975.8 2
-0.0122248 -0.0436614 0.255 3286.8 2
-0.0106019 -0.0436037 0.25596 3112.28 2
-0.00869375 -0.0431663 0.257 2889.62 2
-0.0630974 -0.0417704 0.257 1567 2
-0.0611607 -0.0405947 0.256263 1805.95 2
-0.0598381 -0.0411683 0.255 1909 2
-0.0122248 -0.0419993 0.255 3270 2
-0.0104119 -0.0406228 0.255435 3135.48 2
-0.00869375 -0.0409328 0.257 2939.62 2
-0.0612775 -0.0376019 0.256632 1816.11 2
-0.0595305 -0.037444 0.255 1995.44 2
-0.012244 -0.0370699 0.2554 3280 2
-0.0107013 -0.037587 0.2562 3164.16 2
-0.061026 -0.0345049 0.256706 1825.06 2
-0.0589966 -0.0344148 0.25525 2039.06 2
-0.0128251 -0.034478 0.255294 3391.94 2
-0.0111894 -0.0344668 0.256667 3231.27 2
-0.0605953 -0.0318619 0.2568 1847.2 2
-0.0583621 -0.0314836 0.255615 2149.46 2
-0.0562394 -0.0303648 0.255 2419 2
-0.0127944 -0.031514 0.255333 3502.2 2
-0.0111584 -0.0314863 0.256706 3312.65 2
-0.0603074 -0.0286487 0.257 1933.75 2
-0.0583594 -0.0285524 0.256143 2181.71 2
-0.0558703 -0.0281487 0.255 2476.33 2
-0.0133553 -0.0284772 0.255467 3518.3 2
-0.0112224 -0.0284324 0.256625 3316.88 2
-0.0582421 -0.0255279 0.2565 2181.75 2
-0.0557299 -0.0253978 0.2552 2463.4 2
-0.0155466 -0.0248246 0.255 3632.33 2
-0.0135454 -0.0253903 0.255714 3567.86 2
-0.0112476 -0.0257494 0.257 3327.15 2
-0.058242 -0.0224628 0.2565 2195.42 2
-0.0556858 -0.0226085 0.255 2500.2 2
-0.0155466 -0.0226085 0.255 3675.2 2
-0.0136539 -0.0224896 0.255882 3579.15 2
-0.0117627 -0.0227858 0.257 3400.4 2
-0.0580511 -0.0196523 0.256714 2201.93 2
-0.0554928 -0.0195288 0.255207 2501.41 2
-0.0535404 -0.0190766 0.255 2706.25 2
-0.0158788 -0.0191181 0.255 3714.1 2
-0.013989 -0.0194355 0.256154 3636.12 2
-0.0577965 -0.0166437 0.257 2235.7 2
-0.0554443 -0.0165246 0.25516 2490.2 2
-0.0535898 -0.0167516 0.255 2721.86 2
-0.0158354 -0.0167407 0.255471 3729.35 2
-0.0137711 -0.016579 0.25681 3614.57 2
-0.0577965 -0.0144102 0.257 2185 2
-0.0555845 -0.013508 0.2558 2479.63 2
-0.0535635 -0.01319 0.255 2746.33 2
-0.0155466 -0.0134671 0.255 3749.67 2
-0.0139489 -0.0135304 0.2562 3642.83 2
-0.0556719 -0.010469 0.2562 2468.76 2
-0.0531548 -0.0101825 0.255 2747.79 2
-0.0191453 -0.00958888 0.255 3803.5 2
-0.0162586 -0.0100488 0.255211 3731 2
-0.0140172 -0.010739 0.256368 3635.95 2
-0.0557003 -0.00741104 0.256333 2487 2
-0.0528516 -0.00759703 0.255 2797.81 2
-0.0509798 -0.00654174 0.255 2978 2
-0.0210831 -0.00654174 0.255 3840 2
-0.01917 -0.00746136 0.255174 3829.96 2
-0.0164542 -0.00740667 0.256222 3767.64 2
-0.0142736 -0.00854735 0.257 3677.25 2
-0.0552099 -0.00452826 0.256846 2544.46 2
-0.0527517 -0.00461127 0.255533 2766.7 2
-0.0504608 -0.00442952 0.255 3042.62 2
-0.0212907 -0.00425639 0.255 3840 2
-0.019524 -0.00451295 0.255571 3817.32 2
-0.0170498 -0.00435553 0.2568 3749.9 2
-0.0544796 -0.00144364 0.257 2589.22 2
-0.0524278 -0.001562 0.25612 2813.56 2
-0.0497268 -0.0014972 0.255 3065.58 2
-0.0216367 -0.00155552 0.255 3840 2
-0.0194822 -0.0015604 0.2558 3835.84 2
-0.0170635 -0.00156772 0.257 3753.9 2
-0.0541696 0.00038658 0.257 2617.5 2
-0.0522305 0.00141606 0.256538 2785.62 2
-0.0494542 0.00157306 0.255286 3086.82 2
-0.047658 0.00204565 0.255 3227.75 2
-0.0222069 0.00149279 0.2552 3840 2
-0.0195177 0.00149961 0.256267 3813.3 2
-0.0168244 0.00150332 0.257 3754.75 2
-0.0516587 0.00457436 0.257 2841.4 2
-0.0494594 0.00455244 0.25572 3089.36 2
-0.0467089 0.00469705 0.255 3312.33 2
-0.0446129 0.00564681 0.255 3564 2
-0.0218239 0.00467435 0.255294 3840 2
-0.0195275 0.00456368 0.2564 3817.28 2
-0.0170635 0.00457436 0.257 3780.5 2
-0.0516586 0.00624947 0.257 2792 2
-0.0495834 0.00734804 0.25636 3082.48 2
-0.04661 0.00731875 0.25532 3332.16 2
-0.0441096 0.00771181 0.255 3520.68 2
-0.0307718 0.00897096 0.255 3840 2
-0.0285573 0.00897096 0.255 3840 2
-0.0251958 0.00873352 0.255 3840 2
-0.0224135 0.0074435 0.255536 3840 2
-0.0195586 0.00736108 0.2568 3786.28 2
-0.0173425 0.00666825 0.257 3748.38 2
-0.0493498 0.0102231 0.256727 3078.32 2
-0.0467332 0.0103966 0.256 3326.63 2
-0.0435847 0.0107122 0.255 3542.64 2
-0.0412911 0.0114641 0.255 3650.25 2
-0.0310882 0.0108705 0.255 3840 2
-0.0285865 0.010645 0.255267 3840 2
-0.0255599 0.0106542 0.25548 3840 2
-0.0225271 0.0104422 0.256143 3840 2
-0.0198788 0.0102342 0.257 3815.5 2
-0.0488687 0.0135083 0.257 3087.8 2
-0.0461774 0.0134557 0.256 3320.92 2
-0.0433717 0.0134478 0.25584 3526.24 2
-0.0404994 0.0134163 0.25524 3670.24 2
-0.037554 0.0138187 0.255 3779.35 2
-0.0343705 0.0139572 0.255 3826.67 2
-0.031506 0.0134754 0.255 3840 2
-0.0286305 0.0134382 0.255667 3840 2
-0.0256123 0.0134557 0.256 3839.84 2
-0.0226097 0.0134892 0.256633 3833.83 2
-0.0201325 0.0135083 0.257 3777.93 2
-0.0488687 0.0165793 0.257 3066.25 2
-0.0461774 0.0165148 0.256 3296.63 2
-0.0433983 0.0165148 0.256 3506.57 2
-0.0405779 0.016498 0.255733 3651.57 2
-0.0374155 0.0164503 0.255 3738.81 2
-0.0343705 0.0164503 0.255 3813.77 2
-0.0314769 0.0165405 0.255212 3834.55 2
-0.0285218 0.0164278 0.255818 3840 2
-0.0256123 0.0165148 0.256 3834.67 2
-0.0226414 0.0165102 0.256543 3829.69 2
-0.0204513 0.0159811 0.257 3770.57 2
-0.0486827 0.019185 0.257 3059.75 2
-0.0462305 0.019531 0.256696 3271.48 2
-0.0434191 0.0195835 0.25612 3496 2
-0.0405884 0.0195586 0.2558 3653.4 2
-0.0374156 0.0194974 0.255 3741.9 2
-0.034381 0.0195035 0.25508 3801.4 2
-0.0314355 0.0195662 0.2559 3839.8 2
-0.0283913 0.0195739 0.256 3839.28 2
-0.0255028 0.0196475 0.256148 3832.15 2
-0.0229664 0.0193741 0.256842 3838.11 2
-0.0454809 0.0221231 0.257 3311.71 2
-0.0435013 0.0224073 0.2566 3475.88 2
-0.0406069 0.0223482 0.25592 3634.36 2
-0.037455 0.0222918 0.255267 3735.53 2
-0.0343975 0.0222859 0.2552 3788.32 2
-0.0314398 0.0223493 0.255933 3832.9 2
-0.0284 0.0223622 0.25608 3838 2
-0.0254195 0.022431 0.256867 3836.33 2
-0.0232014 0.0216046 0.257 3840 2
-0.0452418 0.0255132 0.257 3369.17 2
-0.0435679 0.0255132 0.257 3462.1 2
-0.0406141 0.0255472 0.256625 3592.69 2
-0.0375234 0.025379 0.256294 3693.41 2
-0.0345459 0.0254451 0.2563 3779.73 2
-0.0314586 0.0254227 0.256083 3820.08 2
-0.0284607 0.0254777 0.256633 3811.47 2
-0.0259293 0.0249239 0.257 3822.06 2
-0.0452418 0.0277467 0.257 3285 2
-0.0434439 0.0282431 0.257 3452.06 2
-0.0404989 0.0283051 0.257 3610.38 2
-0.0376691 0.0280658 0.257 3693.86 2
-0.0346401 0.0277467 0.257 3755.7 2
-0.0312771 0.0280125 0.256875 3792.44 2
-0.0288742 0.0280259 0.257 3803.67 2
-0.0367325 0.0347264 0.257 3674.12 2
-0.0353376 0.0352847 0.257 3705.38 2
-0.036872 0.0366806 0.257 3653.33 2
-0.0351981 0.0366806 0.257 3698.67 2
-0.00398053 -0.076139 0.259 1450.17 2
-0.00286799 -0.0764337 0.26 1218 2
-0.00463439 -0.0732003 0.258889 2113.94 2
-0.0677894 -0.0702064 0.258222 855.722 2
-0.00648694 -0.0696798 0.258 2382.5 2
-0.00510779 -0.0706872 0.259125 2188.31 2
-0.0676773 -0.0675677 0.25932 935.32 2
-0.0656682 -0.0666821 0.258333 1254.33 2
-0.00648694 -0.0674376 0.258 2411.42 2
-0.00497186 -0.0673034 0.259375 2234.12 2
-0.0673317 -0.0647284 0.259737 1028.32 2
-0.0653513 -0.0641195 0.258556 1325.89 2
-0.00648694 -0.0643546 0.258 2457.6 2
-0.00478297 -0.0645861 0.259545 2214.05 2
-0.0670895 -0.061481 0.259625 1049.5 2
-0.0651537 -0.0615359 0.258375 1324.62 2
-0.00648694 -0.0615519 0.258 2459.2 2
-0.00522912 -0.0616641 0.259143 2322.93 2
-0.0666308 -0.0588427 0.2599 1153.8 2
-0.064921 -0.0581232 0.258333 1392.42 2
-0.00649114 -0.0585058 0.258167 2520.08 2
-0.00540824 -0.0586397 0.26 2399.3 2
-0.0662801 -0.0555329 0.26 1183.67 2
-0.06487 -0.0555992 0.259 1369.22 2
-0.00699883 -0.0553806 0.258556 2567.22 2
-0.00540824 -0.0555328 0.26 2408.58 2
-0.0644319 -0.0525057 0.259 1410.83 2
-0.00700989 -0.0525409 0.258545 2597.86 2
-0.00540823 -0.052426 0.26 2469.3 2
-0.0660919 -0.0490366 0.26 1153.33 2
-0.0645699 -0.0492374 0.258769 1349.08 2
-0.00710945 -0.0494596 0.258455 2672.41 2
-0.00540824 -0.0496015 0.26 2475.2 2
-0.0660919 -0.0464946 0.26 1160.33 2
-0.0648116 -0.0465357 0.25925 1345.38 2
-0.00900765 -0.0452962 0.258 2897 2
-0.00712576 -0.0464495 0.258476 2734.1 2
-0.00540824 -0.0464947 0.26 2468.62 2
-0.0660919 -0.0433877 0.26 1136.2 2
-0.0647541 -0.0434686 0.259294 1346.12 2
-0.00900765 -0.0447356 0.258 2926 2
-0.00712358 -0.0435235 0.2588 2781.6 2
-0.00540823 -0.044235 0.26 2475.5 2
-0.0660919 -0.0405633 0.26 1120 2
-0.0644335 -0.0404073 0.259 1383.45 2
-0.0627827 -0.0402513 0.258 1625.2 2
-0.00900765 -0.0394104 0.258 3005.5 2
-0.00721067 -0.0403876 0.259364 2757.95 2
-0.0660919 -0.0383038 0.26 1109.33 2
-0.0643489 -0.037509 0.259 1402.8 2
-0.0627827 -0.0374486 0.258 1621.4 2
-0.00938886 -0.0371064 0.258222 3037.78 2
-0.00763189 -0.0376412 0.259333 2867.57 2
-0.0636421 -0.0345628 0.259067 1507.27 2
-0.0624093 -0.034459 0.258 1664 2
-0.0095459 -0.0345907 0.258375 3074 2
-0.00797148 -0.0344055 0.259625 2953.06 2
-0.0633899 -0.0316923 0.259625 1549.38 2
-0.0618113 -0.0312769 0.258286 1728.86 2
-0.00961104 -0.0315161 0.258294 3152.59 2
-0.00793757 -0.0314847 0.259667 3002.6 2
-0.0632694 -0.0284182 0.26 1571.67 2
-0.0617997 -0.0283922 0.258706 1762.94 2
-0.0599819 -0.0273588 0.258 2020 2
-0.00957946 -0.0285167 0.258333 3136 2
-0.00790564 -0.0284688 0.259706 2974.76 2
-0.0632694 -0.0253113 0.26 1510 2
-0.0616001 -0.0254854 0.258909 1786.68 2
-0.0599819 -0.0256772 0.258 1995.4 2
-0.00970394 -0.025492 0.258333 3157.94 2
-0.00797148 -0.0253803 0.259625 3016.19 2
-0.0632694 -0.0224869 0.26 1489.8 2
-0.0615705 -0.0224764 0.258952 1779.24 2
-0.0599819 -0.0225942 0.258 1953.83 2
-0.0123686 -0.0211928 0.258 3486 2
-0.0102457 -0.0225584 0.258667 3281.47 2
-0.00851298 -0.0224869 0.26 3098.8 2
-0.0612049 -0.0195087 0.259222 1787.83 2
-0.0593517 -0.019301 0.258 2032 2
-0.0123686 -0.0195112 0.258 3488.6 2
-0.0104539 -0.0196014 0.2592 3297.17 2
-0.00851298 -0.0196624 0.26 3061 2
-0.0610017 -0.0168087 0.259556 1855.72 2
-0.0591417 -0.0164282 0.258 2115.42 2
-0.0123686 -0.0164282 0.258 3513.17 2
-0.0105406 -0.0165771 0.259294 3313.65 2
-0.00851298 -0.0171205 0.26 3041.75 2
-0.0607291 -0.0134487 0.26 1851.9 2
-0.0588649 -0.0131673 0.258625 2119.75 2
-0.0123686 -0.0133452 0.258 3518.4 2
-0.0107357 -0.0134073 0.2592 3359.4 2
-0.0607291 -0.0106242 0.26 1837.9 2
-0.0586962 -0.0105629 0.2585 2145.55 2
-0.012742 -0.0101688 0.258 3554.44 2
-0.0107357 -0.0105915 0.2592 3324.48 2
-0.0607291 -0.00864712 0.26 1830.75 2
-0.0587344 -0.00747807 0.258667 2127.92 2
-0.0133786 -0.00729749 0.258385 3597.54 2
-0.0107562 -0.00750713 0.259667 3390.63 2
-0.0585148 -0.00449559 0.259261 2120.65 2
-0.0564123 -0.00405802 0.258143 2418 2
-0.0154494 -0.00437653 0.258 3690.8 2
-0.0135381 -0.00439203 0.25896 3601.24 2
-0.0113294 -0.00440776 0.259867 3434.07 2
-0.058115 -0.00158398 0.259667 2166.87 2
-0.056134 -0.00157585 0.258333 2429.73 2
-0.0154494 -0.00157382 0.258 3705.8 2
-0.0135292 -0.00157931 0.2588 3615.96 2
-0.0113294 -0.00158564 0.259867 3402.4 2
-0.0576244 0.00123842 0.26 2234.75 2
-0.0554343 0.0016152 0.258636 2491.36 2
-0.0538202 0.00206971 0.258 2643.5 2
-0.0154495 0.00150917 0.258 3708.38 2
-0.0134985 0.00151034 0.2582 3612.87 2
-0.0113202 0.00151892 0.259667 3453.5 2
-0.0573421 0.00462775 0.26 2262.3 2
-0.0553269 0.00468983 0.259348 2490.3 2
-0.05312 0.00445202 0.258 2702.08 2
-0.0154494 0.00459216 0.258 3697.3 2
-0.0135333 0.00460877 0.25888 3626.4 2
-0.0115135 0.00424793 0.259778 3456.78 2
-0.0573421 0.0074522 0.26 2217.1 2
-0.055257 0.00743755 0.25948 2474.48 2
-0.0524821 0.00751944 0.258 2703.83 2
-0.0162751 0.00765547 0.258182 3704.32 2
-0.0137821 0.00738475 0.259524 3632.1 2
-0.0119 0.00632242 0.26 3526 2
-0.0550062 0.0100489 0.259778 2491.56 2
-0.0523078 0.0105753 0.258429 2787.96 2
-0.0504593 0.0110384 0.258 2967.25 2
-0.0188104 0.0110384 0.258 3776.75 2
-0.0165898 0.0104914 0.258333 3715.81 2
-0.0138572 0.0105463 0.259667 3626.83 2
-0.0542374 0.013666 0.26 2558.2 2
-0.0523516 0.013616 0.25904 2743.68 2
-0.0504593 0.0135608 0.258 2970.4 2
-0.0186326 0.0137028 0.258231 3750.46 2
-0.0164857 0.01356 0.259148 3680.22 2
-0.0144403 0.0133835 0.26 3582 2
-0.0542374 0.0164904 0.26 2474 2
-0.0523191 0.0164189 0.25888 2692.48 2
-0.0504593 0.0163636 0.258 2970.4 2
-0.0190452 0.0164864 0.258391 3750.52 2
-0.0167946 0.0163388 0.259706 3688.82 2
-0.0542374 0.01875 0.26 2480.33 2
-0.0521455 0.0193538 0.258769 2711.38 2
-0.0498331 0.0200129 0.258071 2994.14 2
-0.0473784 0.0208479 0.258 3128 2
-0.0216672 0.019895 0.258 3814.8 2
-0.0194731 0.0194713 0.258857 3777.86 2
-0.0169805 0.0193148 0.26 3721.93 2
-0.0521201 0.0223803 0.259706 2685.06 2
-0.0495154 0.0226108 0.25892 2939.76 2
-0.0468805 0.0226541 0.258 3195.06 2
-0.0223032 0.0227025 0.258143 3831.38 2
-0.0194227 0.022591 0.259323 3739.32 2
-0.0170158 0.0222452 0.26 3673.06 2
-0.0514149 0.0249637 0.26 2768.33 2
-0.0496308 0.0254811 0.25952 2942.72 2
-0.0468182 0.0253322 0.258 3193.7 2
-0.0247854 0.0257993 0.258 3807.58 2
-0.0224817 0.0253681 0.25836 3807.44 2
-0.0195796 0.0254155 0.259464 3739.82 2
-0.017545 0.0249637 0.26 3681 2
-0.0516971 0.0286355 0.26 2724.38 2
-0.0496001 0.0282838 0.25936 2883.28 2
-0.0467035 0.0285339 0.258222 3160 2
-0.0438074 0.0296064 0.258 3415.5 2
-0.0403764 0.0298166 0.258 3613.8 2
-0.0372701 0.029358 0.258 3705.36 2
-0.0344948 0.029256 0.258 3763.39 2
-0.0317195 0.029358 0.258 3792.09 2
-0.0282684 0.0292129 0.258 3810 2
-0.0255538 0.0284407 0.258222 3803.42 2
-0.0225264 0.0285113 0.258867 3789.13 2
-0.0200893 0.0282353 0.2597 3734.45 2
-0.049298 0.0313658 0.26 2870.79 2
-0.0464728 0.0316065 0.25888 3211.72 2
-0.0433573 0.0314382 0.258 3454.89 2
-0.0403764 0.0314982 0.258 3614.12 2
-0.0375757 0.0314982 0.258 3671.16 2
-0.0344948 0.0314982 0.258 3729.6 2
-0.0314139 0.0314982 0.258 3767.28 2
-0.0286131 0.0314982 0.258 3808.6 2
-0.0255968 0.0315796 0.258667 3803.97 2
-0.022555 0.0316447 0.2592 3764.44 2
-0.0203343 0.031543 0.26 3732.41 2
-0.0483101 0.0345668 0.26 2951.2 2
-0.0461927 0.0344605 0.2592 3186.08 2
-0.0433315 0.0344235 0.25892 3433.88 2
-0.0403544 0.0345469 0.258103 3618.52 2
-0.0378303 0.0344793 0.258 3667.18 2
-0.0342147 0.034341 0.258 3738.57 2
-0.0314139 0.0345812 0.258 3764.4 2
-0.0286131 0.0345812 0.258 3796 2
-0.0256432 0.0344454 0.258677 3788.52 2
-0.0225894 0.0345137 0.2596 3770.44 2
-0.0203675 0.0345668 0.26 3721.6 2
-0.0483101 0.0362615 0.26 2936.5 2
-0.0462781 0.0373461 0.25968 3135.24 2
-0.0433531 0.0373577 0.259308 3369.77 2
-0.0405173 0.0376891 0.258615 3587.42 2
-0.0377526 0.0379297 0.258 3654 2
-0.0342847 0.0378744 0.258 3737.75 2
-0.0314522 0.0377118 0.25832 3758.16 2
-0.0285232 0.0377298 0.259 3772.61 2
-0.0253293 0.0373725 0.259 3765.37 2
-0.0225894 0.0373338 0.2596 3776.84 2
-0.0206901 0.0370685 0.26 3734.86 2
-0.0456445 0.0397136 0.26 3193.56 2
-0.0435452 0.0405416 0.259966 3340.24 2
-0.0405464 0.0406368 0.25908 3525.24 2
-0.0375154 0.0406004 0.258444 3658.96 2
-0.0344701 0.0404974 0.258571 3729.57 2
-0.0315306 0.0406177 0.25896 3750.48 2
-0.0284539 0.0406362 0.25975 3772.09 2
-0.0254612 0.0405881 0.259929 3755.21 2
-0.0228821 0.04019 0.26 3775.27 2
-0.020932 0.0393684 0.26 3727 2
-0.0429474 0.043605 0.26 3354.07 2
-0.0405651 0.0434709 0.2592 3513.68 2
-0.0374495 0.0434488 0.259067 3643.63 2
-0.0344269 0.0435392 0.2596 3707.08 2
-0.0316277 0.0435656 0.25976 3740.88 2
-0.0285528 0.043605 0.26 3766.23 2
-0.025448 0.043605 0.26 3778.68 2
-0.0234722 0.0433226 0.26 3767.62 2
-0.0427216 0.0462035 0.26 3385.8 2
-0.0406152 0.0463447 0.25952 3528.8 2
-0.0375353 0.0463706 0.259667 3624.67 2
-0.0344799 0.0464295 0.26 3665.2 2
-0.0316574 0.0464295 0.26 3699.48 2
-0.0285528 0.0464295 0.26 3729.37 2
-0.0257801 0.0461637 0.26 3750.06 2
-0.0237545 0.0452997 0.26 3758 2
-0.0406289 0.0494355 0.26 3517.25 2
-0.0375847 0.0495364 0.26 3615.58 2
-0.0344799 0.0495364 0.26 3661.33 2
-0.0316574 0.0495363 0.26 3691.43 2
-0.0285528 0.0495363 0.26 3726.81 2
-0.0262947 0.0492539 0.26 3731.2 2
-0.0399367 0.0518901 0.26 3572.17 2
-0.037411 0.0525129 0.26 3605.77 2
-0.0344799 0.0526433 0.26 3643.4 2
-0.0316574 0.0526433 0.26 3679.8 2
-0.0287264 0.0525129 0.26 3737.69 2
-0.0404072 0.0989641 0.26 523 2
-0.0387136 0.0989641 0.26 532 2
-0.0336332 0.0983992 0.26 561.333 2
-0.0315791 0.0980418 0.259842 568.368 2
-0.028708 0.0983631 0.259813 572.25 2
-0.026577 0.0989641 0.26 572 2
-0.0423829 0.100941 0.26 493.5 2
-0.0405647 0.100829 0.259714 509.786 2
-0.0381936 0.100999 0.259667 521.5 2
-0.0341349 0.100785 0.26 537.556 2
-0.031544 0.100579 0.259067 546.4 2
-0.028555 0.100554 0.259333 554.849 2
-0.026577 0.100659 0.26 558.8 2
-0.0423829 0.102636 0.26 385 2
-0.040774 0.10256 0.259333 332.333 2
-0.0373291 0.102613 0.2598 405.1 2
-0.0344799 0.102635 0.26 444.9 2
-0.0315357 0.102522 0.259 381 2
-0.0282328 0.102598 0.259667 447.667 2
-0.026577 0.102636 0.26 482 2
-0.00344569 -0.07531 0.261 1909 2
-0.00210397 -0.076453 0.262231 1261.85 2
-0.00344789 -0.0733713 0.261167 1977 2
-0.00240297 -0.0736661 0.262214 1760.43 2
-0.00397385 -0.0701354 0.261385 2046.15 2
-0.00289005 -0.0704755 0.262 1862.6 2
-0.00369798 -0.0678796 0.261714 2040.86 2
-0.00289005 -0.0676293 0.262 1921.8 2
-0.0691795 -0.0645359 0.261 665.4 2
-0.0686128 -0.0645359 0.261 819.4 2
-0.00345889 -0.0644985 0.262 1999.5 2
-0.00289005 -0.0644985 0.262 1922.17 2
-0.0691795 -0.0617006 0.261 620.2 2
-0.0686128 -0.0617006 0.261 784.2 2
-0.00397689 -0.0614516 0.261615 2072.08 2
-0.00289667 -0.061507 0.2626 1903.6 2
-0.0692237 -0.0586182 0.261167 560 2
-0.0680979 -0.0584182 0.261062 881.25 2
-0.00405191 -0.0586038 0.261471 2192.88 2
-0.00289667 -0.0586569 0.2626 1988.6 2
-0.0694309 -0.0552449 0.262667 576.333 2
-0.0678661 -0.0556214 0.261588 944.471 2
-0.00401676 -0.0555337 0.261333 2205.8 2
-0.00289005 -0.0556754 0.262 2015.2 2
-0.0693833 -0.052786 0.263 573.143 2
-0.0674808 -0.0525972 0.261957 1003.17 2
-0.0657794 -0.0526276 0.261 1283 2
-0.00398354 -0.052621 0.2615 2269.62 2
-0.00289373 -0.05261 0.262333 2074.33 2
-0.0678232 -0.0494919 0.261727 874.273 2
-0.0657794 -0.0506429 0.261 1257.5 2
-0.00405927 -0.0496021 0.261941 2266 2
-0.00290108 -0.0496024 0.263 2104.4 2
-0.0678937 -0.0464788 0.2615 809.95 2
-0.00428351 -0.0465564 0.2621 2272.2 2
-0.00290108 -0.0464597 0.263 2072.83 2
-0.0679571 -0.0434904 0.261545 754.455 2
-0.00442089 -0.0432936 0.261957 2367 2
-0.00290108 -0.043317 0.263 2135 2
-0.0691386 -0.0407456 0.263 427.5 2
-0.0676063 -0.0406383 0.261625 843.312 2
-0.00492475 -0.040404 0.261636 2482.27 2
-0.067021 -0.0375687 0.26225 1017 2
-0.0657794 -0.0370334 0.261 1206.5 2
-0.00656237 -0.0370334 0.261 2771.25 2
-0.00488923 -0.0375314 0.2625 2482.6 2
-0.0664846 -0.0344165 0.262667 1096.5 2
-0.0649294 -0.0339146 0.261 1325 2
-0.00656238 -0.0344817 0.261 2728.1 2
-0.00483826 -0.03453 0.262545 2496.82 2
-0.066569 -0.0321746 0.263 1100.25 2
-0.0650212 -0.0313833 0.261857 1373.86 2
-0.00656237 -0.0316463 0.261 2850.4 2
-0.00494019 -0.0314077 0.262455 2589.95 2
-0.0649216 -0.0284856 0.26225 1365.81 2
-0.00656237 -0.0285275 0.261 2854.25 2
-0.005454 -0.028373 0.2622 2645.9 2
-0.0647836 -0.0255592 0.261714 1308.14 2
-0.00657243 -0.0254463 0.2614 2858.7 2
-0.00547063 -0.0256034 0.263 2656.9 2
-0.0646093 -0.0226599 0.262 1344.5 2
-0.00714162 -0.0226166 0.2615 2902.9 2
-0.00547064 -0.0224606 0.263 2685.25 2
-0.0642986 -0.0195198 0.261889 1349.94 2
-0.0629461 -0.0194545 0.261 1565.17 2
-0.00714162 -0.0194918 0.2615 2946.71 2
-0.00547064 -0.0193179 0.263 2719.5 2
-0.0641638 -0.0164296 0.2625 1386.8 2
-0.062096 -0.0157686 0.261 1735 2
-0.00911239 -0.0154851 0.261 3124.5 2
-0.00727462 -0.0162976 0.261636 2972.82 2
-0.00547064 -0.0170323 0.263 2764.83 2
-0.0640899 -0.0135631 0.2622 1380.6 2
-0.062096 -0.0135004 0.261 1710.8 2
-0.00911239 -0.0135004 0.261 3160.2 2
-0.00744429 -0.0135625 0.2622 2958.6 2
-0.0641005 -0.0105683 0.262455 1352.55 2
-0.0620961 -0.0106651 0.261 1685 2
-0.00911239 -0.0106651 0.261 3150 2
-0.00738269 -0.0105896 0.262259 2993.93 2
-0.0637139 -0.00788979 0.263 1458.17 2
-0.0617855 -0.00733678 0.2616 1760 2
-0.00911239 -0.00754626 0.261 3253.33 2
-0.00750369 -0.00747726 0.262143 3047.29 2
-0.0617553 -0.0043938 0.262238 1715.76 2
-0.0595461 -0.0032933 0.261 2021 2
-0.00968604 -0.00443038 0.2612 3234.4 2
-0.00772139 -0.00463094 0.262421 3065.26 2
-0.0610394 -0.00173159 0.261824 1768.47 2
-0.0595461 -0.00159212 0.261 1988.4 2
-0.00969069 -0.00159415 0.261333 3263.2 2
-0.00812913 -0.00191322 0.262545 3100 2
-0.061042 0.0015363 0.262556 1797.39 2
-0.0591255 0.00185305 0.261286 2043.29 2
-0.00969069 0.00152867 0.261333 3286.67 2
-0.00802928 0.00153647 0.262667 3112 2
-0.0610676 0.00467522 0.262667 1786.87 2
-0.0590554 0.00465149 0.261333 2081.53 2
-0.0101008 0.00481677 0.261476 3318.57 2
-0.00822326 0.00429698 0.262778 3162.22 2
-0.0610676 0.00752863 0.262667 1749.8 2
-0.0590554 0.00749041 0.261333 2051.27 2
-0.0125124 0.00776439 0.261 3565 2
-0.0105224 0.00755234 0.262103 3380.9 2
-0.00861121 0.00753818 0.263 3117.6 2
-0.0603017 0.0106004 0.26275 1847.5 2
-0.0583403 0.0102535 0.261364 2107.45 2
-0.056146 0.011025 0.261 2374.5 2
-0.0125124 0.0103162 0.261 3559 2
-0.0108599 0.0103636 0.2622 3381.08 2
-0.0602879 0.0129665 0.263 1806.38 2
-0.0583525 0.0134874 0.262 2094.17 2
-0.0558807 0.0134397 0.261083 2417.04 2
-0.013213 0.0137592 0.261167 3539.39 2
-0.0108673 0.013506 0.262367 3361.5 2
-0.0584645 0.016649 0.2625 2040.05 2
-0.0559383 0.0165765 0.26135 2357.95 2
-0.0156291 0.0168374 0.261 3639.38 2
-0.0136717 0.0165872 0.26152 3543.48 2
-0.0112849 0.0165276 0.262706 3333.76 2
-0.0581574 0.0193356 0.262833 2035 2
-0.0558322 0.0195002 0.261455 2338.82 2
-0.0538794 0.0202397 0.261 2496.5 2
-0.0156291 0.0193891 0.261 3667.8 2
-0.0136146 0.0194847 0.261692 3545.46 2
-0.0114124 0.0194352 0.262714 3378.64 2
-0.0576367 0.0221498 0.263 2089.86 2
-0.0555681 0.0222985 0.26187 2329.61 2
-0.0535394 0.0229616 0.261 2529.8 2
-0.015791 0.0227105 0.261 3637.21 2
-0.0134255 0.0223326 0.262267 3501.97 2
-0.0111808 0.0218233 0.263 3344.17 2
-0.0571473 0.0255375 0.263 2149 2
-0.0553305 0.0255628 0.262214 2319.57 2
-0.0526127 0.0257269 0.261 2629.59 2
-0.0181791 0.0264774 0.261 3698.5 2
-0.0163355 0.0257226 0.261182 3636.41 2
-0.0135803 0.0253466 0.2625 3524.09 2
-0.057528 0.0290611 0.263 2088.11 2
-0.0554517 0.0285219 0.262048 2301.29 2
-0.0531002 0.0283912 0.261 2577.88 2
-0.0186491 0.0287817 0.261091 3713.82 2
-0.0165212 0.028537 0.26168 3642.56 2
-0.0140247 0.028659 0.2628 3494.7 2
-0.0571473 0.0315372 0.263 2127.2 2
-0.0554517 0.0314775 0.262048 2312.95 2
-0.0524627 0.0315809 0.261 2620.88 2
-0.0504793 0.032148 0.261 2829 2
-0.0187996 0.0315328 0.261294 3686.06 2
-0.0165614 0.0314561 0.26232 3632.64 2
-0.0140358 0.0315372 0.263 3469 2
-0.0571473 0.0332515 0.263 2126 2
-0.0550977 0.0342655 0.262429 2331.05 2
-0.052244 0.0347432 0.26132 2620.76 2
-0.0499127 0.0346998 0.261 2861.6 2
-0.0187365 0.0346429 0.261375 3695.69 2
-0.0166246 0.0344932 0.262357 3632.71 2
-0.0142805 0.0341494 0.263 3527.07 2
-0.0545777 0.0369656 0.263 2354.12 2
-0.0524365 0.0377197 0.26228 2617.92 2
-0.0494535 0.0376589 0.261174 2865.26 2
-0.0192537 0.037665 0.261217 3671.52 2
-0.0165247 0.0376588 0.262741 3607.67 2
-0.0146068 0.0363942 0.263 3551.5 2
-0.0523598 0.0404731 0.262714 2632.14 2
-0.0494606 0.0404643 0.2616 2871.56 2
-0.0469022 0.0406539 0.261 3087.12 2
-0.0215791 0.0410792 0.261 3751.25 2
-0.0193583 0.0404696 0.26164 3695.68 2
-0.0171584 0.0406388 0.262733 3645.13 2
-0.0514372 0.0435368 0.263 2636.8 2
-0.0496646 0.0434842 0.26268 2809.32 2
-0.0465525 0.0433479 0.261462 3112.81 2
-0.0445293 0.0437728 0.261 3254.9 2
-0.022065 0.0435174 0.261167 3738.83 2
-0.0193942 0.0433915 0.26212 3667.84 2
-0.0171764 0.0435368 0.263 3613.2 2
-0.0514372 0.0463938 0.263 2677.6 2
-0.0496332 0.0465802 0.262724 2817.41 2
-0.0467001 0.0465203 0.261828 3081.69 2
-0.0442082 0.0467593 0.261 3238.13 2
-0.0248375 0.0471751 0.261 3744.25 2
-0.0223502 0.0466211 0.261484 3717.35 2
-0.0194664 0.0463721 0.2625 3648.69 2
-0.0172203 0.046218 0.263 3610.92 2
-0.0514372 0.0495365 0.263 2640.83 2
-0.0496235 0.0496106 0.262231 2769.5 2
-0.0466561 0.0495949 0.2618 3060.36 2
-0.0436793 0.0494434 0.261 3260.32 2
-0.0249792 0.0494434 0.261 3738.2 2
-0.0224764 0.049551 0.261567 3720.17 2
-0.0196344 0.0494971 0.262792 3631.79 2
-0.0177474 0.048108 0.263 3622 2
-0.0514372 0.0518222 0.263 2607 2
-0.0494168 0.0525057 0.26281 2772.1 2
-0.0466509 0.0524401 0.262042 3034.5 2
-0.0437672 0.0523837 0.26152 3253.16 2
-0.0409691 0.052969 0.261 3479 2
-0.0385793 0.0536963 0.261 3573.5 2
-0.0275292 0.0536963 0.261 3743.5 2
-0.0256333 0.0524569 0.261259 3724.59 2
-0.0225178 0.0524858 0.262033 3726.43 2
-0.0197017 0.0526109 0.2628 3666.85 2
-0.0484783 0.0552246 0.263 2868.09 2
-0.046414 0.0555669 0.262773 3018.18 2
-0.0435095 0.0553041 0.262 3245.04 2
-0.0403723 0.0555257 0.2616 3475.5 2
-0.0373686 0.0555264 0.261 3577 2
-0.0346126 0.055681 0.261 3654.6 2
-0.0314959 0.055681 0.261 3679.33 2
-0.0284531 0.0555824 0.261 3715 2
-0.0254376 0.0554852 0.262 3690.88 2
-0.0225772 0.0553485 0.262731 3683.85 2
-0.0200315 0.0549649 0.263 3660.78 2
-0.0480111 0.0572505 0.263 2946 2
-0.0460805 0.0583389 0.263 3076.71 2
-0.0434105 0.0583496 0.2628 3236.24 2
-0.0405081 0.0582791 0.26248 3444.96 2
-0.0375899 0.0583995 0.262 3556.64 2
-0.0345652 0.0587135 0.261593 3621.74 2
-0.0314626 0.0585846 0.261571 3681.79 2
-0.0284124 0.0585896 0.261889 3707.22 2
-0.0254162 0.0583052 0.2626 3695 2
-0.023172 0.0581076 0.263 3690.5 2
-0.0454415 0.0603933 0.263 3102.75 2
-0.0442995 0.0603933 0.263 3154 2
-0.0401121 0.0607742 0.263 3488.83 2
-0.0376711 0.0616998 0.262967 3567.53 2
-0.0344058 0.0616108 0.262357 3631.79 2
-0.03138 0.061682 0.2624 3673.84 2
-0.0285655 0.0617567 0.26272 3687.96 2
-0.0257008 0.0612504 0.263 3671.25 2
-0.0403024 0.0658216 0.263 3292.25 2
-0.0377588 0.0644191 0.263 3444.36 2
-0.0343068 0.0638217 0.263 3635.1 2
-0.0314517 0.0638217 0.263 3670.3 2
-0.0285967 0.0638217 0.263 3677.9 2
-0.0403024 0.066393 0.263 3386.5 2
-0.0385894 0.0669644 0.263 3429.33 2
-0.0337358 0.0866779 0.263 641.5 2
-0.0320227 0.0866779 0.263 639.5 2
-0.0331648 0.0881065 0.263 629 2
-0.0321043 0.0879432 0.263 628.143 2
-0.0363053 0.0926777 0.263 600 2
-0.0339805 0.0924328 0.263 597.429 2
-0.0313479 0.0922102 0.263 604.909 2
-0.0285967 0.0926777 0.263 608 2
-0.0250849 0.0918492 0.263 606.15 2
-0.0229817 0.0917254 0.263 601.167 2
-0.0367939 0.0945832 0.262947 571.211 2
-0.0342945 0.0945361 0.262484 577.935 2
-0.0313603 0.0944006 0.262233 586.733 2
-0.0285423 0.094496 0.2625 598.733 2
-0.0255187 0.0944926 0.262849 599.606 2
-0.0229817 0.0942014 0.263 589.083 2
-0.0168695 0.0954129 0.262667 553.5 2
-0.0454986 0.0986204 0.263 489.6 2
-0.043194 0.0979333 0.262579 509.895 2
-0.0404556 0.0974981 0.262143 529.914 2
-0.0376149 0.097474 0.261941 552.029 2
-0.0347299 0.0972899 0.261407 564.185 2
-0.0314528 0.0968151 0.261263 579.474 2
-0.0283104 0.0970649 0.261318 589.091 2
-0.0253918 0.0974416 0.261861 586.333 2
-0.0225557 0.0977851 0.262731 577.885 2
-0.0192783 0.0976178 0.262458 568.167 2
-0.0164979 0.0973822 0.262 550.077 2
-0.0145271 0.0978426 0.2626 522.4 2
-0.0527061 0.101026 0.263 389.944 2
-0.0491531 0.101249 0.263 434.562 2
-0.0463737 0.100575 0.262579 467.526 2
-0.043755 0.100255 0.26172 496.8 2
-0.0419793 0.0996283 0.261 512.5 2
-0.0371126 0.100279 0.261 534.765 2
-0.0353681 0.100101 0.261 541.333 2
-0.0252625 0.100479 0.261 563.6 2
-0.022497 0.100218 0.2618 563.867 2
-0.0193865 0.100295 0.262 552.88 2
-0.0165529 0.100356 0.26216 545.72 2
-0.0140059 0.100757 0.262737 523.579 2
-0.052248 0.102484 0.262 357 2
-0.0494752 0.102811 0.262 371.842 2
-0.0466908 0.102856 0.262 397.1 2
-0.0440923 0.102697 0.261286 415.571 2
-0.0363126 0.10218 0.261 528 2
-0.0357459 0.10218 0.261 529 2
-0.025294 0.102879 0.261333 509 2
-0.0225151 0.102856 0.262 525.458 2
-0.0194298 0.103092 0.2626 518.85 2
-0.0165936 0.10317 0.2628 512.9 2
-0.0135471 0.10284 0.262091 493.682 2
-0.010695 0.103351 0.262778 459.722 2
-0.000905967 -0.07847 0.264 308.5 2
-0.000692399 -0.0767147 0.264875 1215.56 2
0.000530985 -0.0770417 0.266 1028.25 2
-0.00119642 -0.0731875 0.265125 1533 2
-0.00148258 -0.0704177 0.265 1605.05 2
-0.00148258 -0.067539 0.265 1681.95 2
-0.00148258 -0.0646602 0.265 1690.95 2
-0.00153438 -0.06163 0.264909 1749.23 2
-0.00148258 -0.0586159 0.265 1758.05 2
-0.00143016 -0.0555598 0.264909 1766.41 2
-0.00176843 -0.0526399 0.264625 1877.31 2
-0.00206011 -0.0494039 0.265 1924.6 2
-0.00206011 -0.0465251 0.265 1970.4 2
-0.00206011 -0.0436464 0.265 2000.5 2
-0.0693766 -0.0396161 0.265 513.833 2
-0.00348529 -0.0406138 0.264 2224 2
-0.00231253 -0.0405541 0.264941 2073.06 2
-0.0694814 -0.0373699 0.2654 499.8 2
-0.0680006 -0.0369026 0.264125 882.75 2
-0.00348969 -0.0375049 0.264333 2278.5 2
-0.00270381 -0.0377812 0.26475 2199.12 2
-0.0693766 -0.0355859 0.265 415 2
-0.06802 -0.0343313 0.2642 828.4 2
-0.0034985 -0.0344344 0.265 2275.6 2
-0.00292314 -0.0344344 0.265 2163.2 2
-0.0675386 -0.0312214 0.264 894 2
-0.0034985 -0.0315556 0.265 2347 2
-0.00292314 -0.0315556 0.265 2254 2
-0.0675878 -0.0284696 0.264545 884.136 2
-0.00402926 -0.0285141 0.2645 2421.19 2
-0.00292682 -0.0284232 0.265333 2267.5 2
-0.0677153 -0.0254226 0.265455 873.955 2
-0.0659623 -0.0245536 0.264 1183 2
-0.00407167 -0.0255981 0.264933 2415.87 2
-0.00293417 -0.0253175 0.266 2208.2 2
-0.0677541 -0.0223776 0.2654 820.05 2
-0.0659623 -0.0225461 0.264 1181.17 2
-0.00409996 -0.0225113 0.264588 2503 2
-0.00293417 -0.0224279 0.266 2320.4 2
-0.0676133 -0.0194542 0.26485 753.35 2
-0.0659623 -0.0193914 0.264 1132.4 2
-0.00406947 -0.0194495 0.2648 2521.27 2
-0.00293417 -0.0195383 0.266 2326.8 2
-0.0669492 -0.0165548 0.2645 903.5 2
-0.0659623 -0.0165235 0.264 1102.8 2
-0.00437577 -0.0164082 0.265053 2610.79 2
-0.00293417 -0.0166486 0.266 2374 2
-0.0669672 -0.0136146 0.264444 847.556 2
-0.0659623 -0.0136556 0.264 1085.8 2
-0.00492648 -0.0136814 0.2645 2635.6 2
-0.0671902 -0.0104886 0.265304 800.826 2
-0.0653891 -0.0100229 0.264 1165 2
-0.0049306 -0.0105299 0.26475 2691.33 2
-0.0670396 -0.00812426 0.266 844 2
-0.0649864 -0.00712268 0.264857 1279.43 2
-0.00493471 -0.00737403 0.265 2689.4 2
-0.0648486 -0.00449971 0.2653 1309.9 2
-0.00663781 -0.00390473 0.264 2941.33 2
-0.00494095 -0.00449971 0.2653 2676.4 2
-0.0643972 -0.00173315 0.2651 1356.95 2
-0.0625232 -0.00132363 0.264 1620 2
-0.00697252 -0.00136541 0.264286 2963.71 2
-0.00533013 -0.00181112 0.2655 2762 2
-0.0639366 0.00137098 0.26525 1418.88 2
-0.0625232 0.00154427 0.264 1625.67 2
-0.00664619 0.00154767 0.264333 2950.67 2
-0.00553304 0.001267 0.266 2771.6 2
-0.0638949 0.00409335 0.265364 1396.55 2
-0.0626653 0.00471093 0.2646 1584.6 2
-0.00708341 0.00492517 0.264625 2984.75 2
-0.00553304 0.00444559 0.266 2770.33 2
-0.0633354 0.00759551 0.265 1443.8 2
-0.0627601 0.00759551 0.265 1550 2
-0.00722356 0.00758118 0.2645 2994.4 2
-0.00553304 0.00762417 0.266 2766.8 2
-0.0639383 0.0108111 0.265545 1295.45 2
-0.062029 0.0104479 0.264333 1602 2
-0.00921713 0.0104347 0.264 3178.8 2
-0.00751673 0.0104641 0.26472 2977.76 2
-0.00553304 0.0102248 0.266 2735.62 2
-0.0637195 0.0130525 0.265571 1349.86 2
-0.061934 0.0134714 0.264647 1617.59 2
-0.00921713 0.0133026 0.264 3179 2
-0.00752949 0.0133631 0.2652 3028.68 2
-0.0635744 0.0151372 0.266 1391 2
-0.0612854 0.016319 0.264783 1679.7 2
-0.00971841 0.0168035 0.264286 3165.71 2
-0.00757966 0.0163224 0.265385 2971.35 2
-0.0612073 0.0193169 0.265571 1719.57 2
-0.0593707 0.0198988 0.264 1914.75 2
-0.00980196 0.0196368 0.264333 3208.47 2
-0.00750891 0.0195086 0.265827 2973 2
-0.0609756 0.0226502 0.266 1729.1 2
-0.0590814 0.0227482 0.264625 1938.44 2
-0.0101012 0.0226834 0.264263 3207.53 2
-0.00795242 0.0224892 0.265706 3019.06 2
-0.0609756 0.0255398 0.266 1708 2
-0.05891 0.0253958 0.2645 1957.55 2
-0.0123696 0.0264949 0.264 3439.5 2
-0.0103811 0.0253946 0.26448 3269.56 2
-0.00812318 0.0255145 0.265733 3100.93 2
-0.0609756 0.0284294 0.266 1670.6 2
-0.0589862 0.0281476 0.264555 1940.83 2
-0.0123696 0.0285025 0.264 3426.25 2
-0.0104543 0.0284223 0.264741 3256.96 2
-0.00846192 0.0280992 0.266 3084.43 2
-0.0609756 0.0307411 0.266 1667.17 2
-0.05891 0.0314292 0.2645 1947.9 2
-0.0123696 0.0316572 0.264 3349.1 2
-0.0103722 0.0315199 0.264815 3245.56 2
-0.00870943 0.0313191 0.266 3057.4 2
-0.0601093 0.0339197 0.266 1756.25 2
-0.0584218 0.0345129 0.264889 1954.61 2
-0.0567914 0.0348119 0.264 2148.25 2
-0.0128054 0.034757 0.264125 3382.38 2
-0.0106418 0.0346418 0.265524 3235.43 2
-0.00870943 0.0330528 0.266 3035 2
-0.0579798 0.0376054 0.2655 2022.4 2
-0.0557405 0.0375841 0.264 2231 2
-0.0133616 0.037591 0.264461 3421.5 2
-0.0113083 0.0373873 0.266 3216.88 2
-0.0574239 0.0405061 0.2656 2074 2
-0.0554026 0.0404866 0.264454 2231.82 2
-0.0536389 0.0416948 0.264 2462.75 2
-0.0158087 0.0408344 0.264 3592.2 2
-0.01363 0.0405021 0.264875 3447.47 2
-0.0575104 0.0428775 0.266 2053.83 2
-0.0555666 0.0435594 0.2654 2222.4 2
-0.0529118 0.0435439 0.264125 2531.88 2
-0.0157357 0.0437697 0.264091 3539.91 2
-0.0134337 0.043359 0.265148 3379.15 2
-0.0553841 0.0463265 0.265385 2260.54 2
-0.0529832 0.0466087 0.264222 2487.78 2
-0.0156684 0.0466605 0.264333 3543.11 2
-0.0133497 0.0463316 0.265538 3326.04 2
-0.0555268 0.04958 0.265696 2256.96 2
-0.0529496 0.0493703 0.264176 2475.29 2
-0.0183881 0.0497249 0.264 3609.75 2
-0.0163627 0.049575 0.264517 3557.03 2
-0.0138636 0.049576 0.265824 3368.41 2
-0.0548707 0.0526631 0.2658 2274.47 2
-0.0525937 0.0526029 0.264579 2505.11 2
-0.0183881 0.0520192 0.264 3641 2
-0.0164542 0.0525442 0.2652 3541 2
-0.0144847 0.0527023 0.266 3411.8 2
-0.0545815 0.0552616 0.266 2310.86 2
-0.052413 0.0553918 0.26504 2535.36 2
-0.0499132 0.0557475 0.264 2723.25 2
-0.021254 0.0566078 0.264 3682 2
-0.0191523 0.0558431 0.264 3643.94 2
-0.0167955 0.0555178 0.265037 3561.89 2
-0.0524508 0.0585117 0.265555 2495.56 2
-0.0493878 0.0586632 0.264 2747.46 2
-0.0476205 0.0589022 0.264 2933.25 2
-0.0219958 0.0587503 0.264 3657.82 2
-0.0195574 0.0586873 0.26432 3605.24 2
-0.0167607 0.0585977 0.26548 3542.84 2
-0.052203 0.0613099 0.265733 2527.07 2
-0.0494607 0.0616328 0.26464 2748.28 2
-0.0466379 0.0616471 0.264 2977.29 2
-0.0434444 0.0616471 0.264 3191.52 2
-0.0411831 0.0619245 0.264 3356.92 2
-0.0244065 0.0623436 0.264 3674.75 2
-0.0224004 0.0614833 0.264 3660.68 2
-0.0195928 0.0616696 0.2648 3614.28 2
-0.0170504 0.0615436 0.2655 3540.5 2
-0.0514464 0.0639718 0.266 2586.5 2
-0.0494525 0.064552 0.26513 2740.39 2
-0.0464885 0.0643709 0.26408 2972.28 2
-0.0436082 0.0643512 0.264 3116.96 2
-0.0407422 0.0643512 0.264 3240.48 2
-0.0364434 0.0652115 0.264 3500.25 2
-0.0344372 0.0652115 0.264 3611.9 2
-0.0315713 0.0652115 0.264 3664.3 2
-0.0287054 0.0652115 0.264 3678.9 2
-0.025471 0.0644331 0.264 3672.18 2
-0.0224507 0.0644985 0.2646 3645.56 2
-0.0196197 0.0646344 0.26516 3608.76 2
-0.0170988 0.0645041 0.266 3562.21 2
-0.0493422 0.0676144 0.26555 2703.45 2
-0.0465315 0.067301 0.26432 2970.16 2
-0.0436082 0.0675058 0.264 3149.47 2
-0.0406945 0.0679838 0.264 3380.92 2
-0.0371268 0.0675941 0.264 3483.19 2
-0.0345358 0.0674134 0.26476 3572.72 2
-0.0316018 0.0674424 0.264615 3631.88 2
-0.0287054 0.0675058 0.264 3657.17 2
-0.0256479 0.0673909 0.26425 3661.59 2
-0.0224884 0.067484 0.26504 3645.24 2
-0.0197441 0.0675837 0.265826 3598.61 2
-0.0176611 0.0668614 0.266 3566.75 2
-0.0488475 0.070329 0.266 2750 2
-0.0467287 0.0704698 0.26544 2930.08 2
-0.0436053 0.0705426 0.264476 3163.62 2
-0.0403533 0.0705991 0.264 3314.57 2
-0.0373142 0.070682 0.26408 3440.8 2
-0.0345677 0.0703524 0.265 3547.4 2
-0.0317292 0.0703784 0.264917 3600.29 2
-0.0284629 0.0704853 0.264417 3632.17 2
-0.025314 0.0704004 0.265 3673.79 2
-0.0225422 0.0705338 0.26568 3617.76 2
-0.020365 0.0703027 0.266 3592.36 2
-0.0466447 0.0733165 0.265905 2934.71 2
-0.0434857 0.073519 0.265 3125.83 2
-0.0403212 0.0738069 0.265 3321.56 2
-0.0374444 0.0738069 0.265 3402.48 2
-0.0345677 0.073519 0.265 3557.63 2
-0.0316909 0.073519 0.265 3567.97 2
-0.0285728 0.0732869 0.265 3607.81 2
-0.0253997 0.0733428 0.2654 3637.24 2
-0.0225701 0.0735075 0.266 3599.24 2
-0.0208375 0.0735075 0.266 3569.2 2
-0.045996 0.076361 0.266 2909.06 2
-0.0432341 0.0765485 0.265217 3094.39 2
-0.0403212 0.0766857 0.265 3275.4 2
-0.0374444 0.0766857 0.265 3440.68 2
-0.0345677 0.0766857 0.265 3455.12 2
-0.0315757 0.0766963 0.265111 3545.52 2
-0.0285504 0.0765218 0.265767 3592.37 2
-0.0254577 0.0763972 0.266 3598.12 2
-0.0227901 0.0764522 0.266 3604.9 2
-0.0208375 0.077553 0.266 3617 2
-0.0452861 0.0783235 0.266 2978 2
-0.0432744 0.0793156 0.266 3038.9 2
-0.0403337 0.0795885 0.26508 3209.4 2
-0.0374444 0.0795644 0.265 3364.04 2
-0.0345677 0.0795644 0.265 3423.92 2
-0.0315925 0.0796025 0.264704 3416.74 2
-0.0284583 0.0795505 0.264658 3473.42 2
-0.0253903 0.0793651 0.2653 3555.6 2
-0.0225859 0.0794423 0.265724 3566.93 2
-0.0208375 0.0792868 0.266 3576.4 2
-0.0459599 0.0833322 0.266 1628.25 2
-0.0433212 0.0825152 0.266 2322.59 2
-0.0403706 0.0825436 0.26532 2591.88 2
-0.0374444 0.0824432 0.265 2760.32 2
-0.0345677 0.0824432 0.265 2851.92 2
-0.0317659 0.0825433 0.265 2812.7 2
-0.0285604 0.0825798 0.264208 2514.21 2
-0.0255252 0.0823765 0.264786 2747.57 2
-0.0224533 0.0824241 0.265154 2587.81 2
-0.0198097 0.082619 0.265923 2337.46 2
-0.0172761 0.0832359 0.266 1399.58 2
-0.0464549 0.0857265 0.266 536.393 2
-0.043361 0.0844881 0.266 722.8 2
-0.0404674 0.0856312 0.26596 667.08 2
-0.0374677 0.0853737 0.26516 745.12 2
-0.0345251 0.0851863 0.264185 768 2
-0.0315298 0.0851863 0.264185 762.63 2
-0.0285379 0.0853946 0.264281 699.938 2
-0.0254081 0.0854951 0.264862 708.31 2
-0.0224917 0.085348 0.26508 681.52 2
-0.019673 0.0856056 0.26588 660.68 2
-0.0174686 0.0854513 0.266 653 2
-0.0488475 0.0888225 0.266 516.5 2
-0.0465374 0.0885336 0.266 547.033 2
-0.0433831 0.088972 0.265947 573.211 2
-0.0403927 0.0886431 0.265467 602.467 2
-0.0374449 0.0884879 0.265 619.5 2
-0.0347087 0.0886226 0.264 627.684 2
-0.031151 0.0887474 0.264 619.733 2
-0.0285933 0.0884697 0.264148 612.815 2
-0.0255136 0.0883788 0.264258 631.323 2
-0.0224505 0.0883539 0.2646 640.967 2
-0.0197088 0.0885232 0.265769 646.577 2
-0.0170836 0.0891115 0.266 647.917 2
-0.0488475 0.0914232 0.266 503 2
-0.0465637 0.091545 0.265765 529.588 2
-0.0432863 0.0915428 0.265667 564 2
-0.0402856 0.0915718 0.26476 589.04 2
-0.0373204 0.0913503 0.26412 602.84 2
-0.0345369 0.0912345 0.264 607.739 2
-0.0316316 0.0910377 0.264 612.316 2
-0.0287054 0.0913094 0.264 605.08 2
-0.0260186 0.0908433 0.264 609.375 2
-0.0220052 0.0912147 0.264118 615.529 2
-0.0195701 0.0914269 0.265034 603.103 2
-0.0165445 0.0916332 0.265529 593.824 2
-0.014196 0.0922901 0.266 571 2
-0.0514464 0.0954686 0.266 450 2
-0.0492213 0.0946803 0.265417 475.5 2
-0.0464716 0.0945151 0.2645 501.125 2
-0.0436499 0.0945497 0.264765 533.412 2
-0.0403806 0.0945523 0.264059 561.206 2
-0.0381056 0.0940052 0.264 582 2
-0.0217453 0.0947918 0.264 577.143 2
-0.0195344 0.0944641 0.264 571.133 2
-0.0164393 0.094045 0.264167 561.458 2
-0.014084 0.0947089 0.264909 542.909 2
-0.0547998 0.09814 0.265857 368.143 2
-0.0523325 0.097925 0.265611 432.389 2
-0.0495166 0.0975336 0.264607 464.786 2
-0.0465738 0.0975439 0.264 487.13 2
-0.0439208 0.0969409 0.264 511.091 2
-0.0218272 0.0967584 0.264 579.333 2
-0.0201076 0.0967584 0.264 571.333 2
-0.0133255 0.0974044 0.264909 509.182 2
-0.0115971 0.0986473 0.266 487 2
-0.0541297 0.09914 0.265 394 2
-0.052253 0.099729 0.264238 411.667 2
-0.049621 0.100003 0.264059 442.706 2
-0.0473339 0.0996262 0.264 468.75 2
-0.0126617 0.10035 0.264875 498.562 2
-0.0112331 0.101037 0.2656 477.8 2
-0.0120831 0.102207 0.264 494 2
-0.0100343 0.102533 0.264615 466.846 2
-0.00775021 0.103659 0.265333 430.583 2
-0.0066881 0.105293 0.266 385 2
0.00140253 -0.0782015 0.267 515 2
-4.67165e-05 -0.0755911 0.267 1344.5 2
0.00181926 -0.0762142 0.26775 918.625 2
-4.68332e-05 -0.0734522 0.267667 1368.33 2
0.00149147 -0.073641 0.268546 1057.45 2
-4.69615e-05 -0.0704463 0.2684 1364.4 2
0.000535775 -0.0704463 0.2684 1285.4 2
-4.70664e-05 -0.0676829 0.269 1450.8 2
0.000536973 -0.0676829 0.269 1349.6 2
-4.69265e-05 -0.0645689 0.2682 1495.8 2
0.000535376 -0.0645689 0.2682 1374.6 2
-4.68915e-05 -0.0616086 0.268 1508.4 2
0.000534977 -0.0616086 0.268 1409.4 2
-4.68915e-05 -0.0586972 0.268 1517.2 2
0.000785849 -0.0585928 0.268286 1389.71 2
-4.68623e-05 -0.0554586 0.267833 1559.67 2
0.000534644 -0.0554586 0.267833 1468.5 2
-0.000521173 -0.0522745 0.267909 1719.27 2
0.000536973 -0.0524874 0.269 1504.2 2
-0.000660616 -0.0495098 0.267588 1723.24 2
0.000536973 -0.0495652 0.269 1493.6 2
-0.00062653 -0.0464118 0.267667 1732.2 2
0.000536973 -0.046643 0.269 1537.8 2
-0.00062653 -0.043504 0.267667 1761 2
0.000536973 -0.0437207 0.269 1552 2
-0.000853098 -0.0405007 0.268231 1813.38 2
0.000536973 -0.0419674 0.269 1539 2
-0.00149939 -0.0374444 0.268 1977.94 2
-0.00174636 -0.034351 0.267571 2009.86 2
-0.00155178 -0.0314781 0.267909 2017.14 2
-0.0016454 -0.0286376 0.268 2025.56 2
-0.00208343 -0.0255079 0.268 2126 2
-0.00208343 -0.0225965 0.268 2173.5 2
-0.00208343 -0.0196852 0.268 2204 2
-0.00208343 -0.0164827 0.268 2196.83 2
-0.0684164 -0.0135713 0.268 658.75 2
-0.0035249 -0.0135207 0.267 2441.33 2
-0.0024066 -0.0133704 0.267625 2269.5 2
-0.0035249 -0.0103302 0.267 2464.8 2
-0.00237587 -0.0103818 0.268333 2274.67 2
-0.0677747 -0.00694627 0.267 658.5 2
-0.0035249 -0.00742968 0.267 2474.4 2
-0.00237587 -0.00746679 0.268333 2336.8 2
-0.067517 -0.00465811 0.267 727.5 2
-0.0035381 -0.00454616 0.268 2493.6 2
-0.00295623 -0.00454616 0.268 2433.6 2
-0.0675309 -0.00142826 0.2676 728.9 2
-0.0655525 -0.000758571 0.267 1226.5 2
-0.00406508 -0.00145257 0.267385 2551.69 2
-0.00295623 -0.00163482 0.268 2418.4 2
-0.0675349 0.00127651 0.26796 715.12 2
-0.0655525 0.00127177 0.267 1182.2 2
-0.004109 0.00127335 0.267333 2625.07 2
-0.00295623 0.00127653 0.268 2428.8 2
-0.0672203 0.00434178 0.26845 807.5 2
-0.06522 0.00490479 0.267417 1211.83 2
-0.00411267 0.00447281 0.267611 2575.78 2
-0.00296542 0.00449385 0.268833 2403.33 2
-0.0671291 0.0077006 0.268667 827.133 2
-0.0650546 0.00766239 0.267333 1202.47 2
-0.0041134 0.00767194 0.267667 2585.6 2
-0.00296726 0.00771016 0.269 2375.2 2
-0.0669618 0.0105928 0.268 762.467 2
-0.0653024 0.0101885 0.267556 1122.44 2
-0.00428867 0.0107278 0.267941 2584.76 2
-0.00296726 0.0106324 0.269 2387.2 2
-0.066944 0.0134435 0.268429 756.786 2
-0.065095 0.013576 0.2675 1156.25 2
-0.00469616 0.0134941 0.2678 2669.44 2
-0.00296726 0.0135546 0.269 2409.6 2
-0.0663356 0.0153079 0.269 961.5 2
-0.0643561 0.0165316 0.267778 1304.17 2
-0.00498237 0.0163849 0.2675 2699.15 2
-0.0641632 0.019097 0.268286 1327.86 2
-0.0623642 0.020125 0.267 1557.5 2
-0.00503732 0.0194595 0.267636 2682 2
-0.0639518 0.0223055 0.2688 1344.5 2
-0.0625978 0.0228205 0.268 1540.1 2
-0.00671323 0.0230254 0.267 2853.75 2
-0.00506243 0.0224597 0.268333 2709.44 2
-0.0639994 0.0255356 0.269 1312.92 2
-0.0625978 0.0257318 0.268 1517.3 2
-0.00671826 0.0256559 0.2672 2888.8 2
-0.00558712 0.0257908 0.2686 2740.9 2
-0.0639994 0.0287501 0.269 1278.7 2
-0.0625977 0.0286432 0.268 1438.7 2
-0.00724249 0.0287246 0.267556 2912.44 2
-0.00559544 0.0287501 0.269 2720.4 2
-0.0639994 0.0316723 0.269 1242.6 2
-0.0621997 0.0317695 0.267714 1486.5 2
-0.00732189 0.0315676 0.2681 2922.85 2
-0.0631233 0.0343023 0.269 1360.25 2
-0.0615944 0.0344576 0.267933 1571.53 2
-0.0597555 0.0354975 0.267 1850 2
-0.00932187 0.0346273 0.267 3123.25 2
-0.00756771 0.0345464 0.26825 2971.46 2
-0.0611745 0.037397 0.268133 1661.33 2
-0.0598003 0.0372666 0.2672 1873.6 2
-0.0100655 0.037662 0.267267 3175.8 2
-0.00794986 0.0372931 0.268556 2978 2
-0.061131 0.0402302 0.268583 1675.92 2
-0.0592504 0.0405751 0.267333 1910.4 2
-0.0105105 0.0404906 0.2678 3206.64 2
-0.00880766 0.0404389 0.269 3032 2
-0.0605612 0.0426177 0.268 1712.67 2
-0.0589821 0.0437545 0.2673 1893.15 2
-0.0104897 0.0435143 0.267815 3159.56 2
-0.00880766 0.0433611 0.269 3059.6 2
-0.0602031 0.0465755 0.269 1751.5 2
-0.0583883 0.046559 0.267579 1978.74 2
-0.0105105 0.0465418 0.2678 3133.4 2
-0.00880766 0.0462833 0.269 3066.8 2
-0.0602031 0.0494978 0.269 1722.33 2
-0.0585576 0.0495129 0.267952 1947.38 2
-0.0125102 0.0494198 0.267 3306.9 2
-0.0104956 0.0496368 0.268539 3137.15 2
-0.00880766 0.0494978 0.269 3050.17 2
-0.0602031 0.0518356 0.269 1688.5 2
-0.0583116 0.0524953 0.268056 1969.89 2
-0.056535 0.0521914 0.267 2149.56 2
-0.0130255 0.0524492 0.267 3331.72 2
-0.0105336 0.0525873 0.26836 3107.2 2
-0.00880766 0.0527122 0.269 2983.2 2
-0.058052 0.055531 0.2685 1960.4 2
-0.055781 0.0556911 0.267167 2180.67 2
-0.0151188 0.0558009 0.267 3418.8 2
-0.0133985 0.0554195 0.2674 3331.76 2
-0.0107701 0.0555203 0.268714 3141.76 2
-0.00880766 0.0547578 0.269 2918 2
-0.0580948 0.058492 0.2687 1933.7 2
-0.0555127 0.0585201 0.2675 2203.6 2
-0.0151188 0.0587013 0.267 3466.4 2
-0.0134227 0.0584292 0.26788 3298.92 2
-0.0111021 0.0583061 0.269 3166.5 2
-0.057575 0.0611866 0.269 1932.5 2
-0.0555747 0.0614961 0.2678 2151.85 2
-0.0536687 0.0618918 0.267 2368.75 2
-0.01542 0.0616482 0.2672 3448.7 2
-0.0134647 0.0615553 0.268296 3333.78 2
-0.0114358 0.0608944 0.269 3194.17 2
-0.0554125 0.0644395 0.268588 2176.47 2
-0.0528003 0.0645713 0.267158 2443.42 2
-0.0155404 0.0646078 0.267 3480.45 2
-0.0134383 0.0645566 0.268696 3337.04 2
-0.0545201 0.0669609 0.268333 2263 2
-0.0522537 0.06746 0.267417 2455.58 2
-0.0180173 0.0682729 0.267 3581.5 2
-0.0161524 0.0676206 0.267545 3419.14 2
-0.0138657 0.0671509 0.268933 3268.8 2
-0.0543627 0.0699532 0.269 2251.75 2
-0.0523846 0.0704435 0.268083 2458 2
-0.0501905 0.0705933 0.267 2647.75 2
-0.0187794 0.0704866 0.267176 3560.18 2
-0.0163524 0.0706297 0.26824 3417.56 2
-0.014356 0.0705377 0.269 3311.92 2
-0.0522224 0.073615 0.2685 2473.5 2
-0.0494888 0.0735388 0.26725 2678.71 2
-0.0475819 0.0746541 0.267 2834.5 2
-0.019179 0.0735028 0.267033 3535.87 2
-0.0163766 0.0735561 0.267607 3424.18 2
-0.013825 0.0738203 0.268778 3241.83 2
-0.0522224 0.0765318 0.2685 2472.45 2
-0.0493661 0.0765209 0.26724 2653.52 2
-0.0473335 0.0770158 0.267 2804.29 2
-0.0214955 0.0763943 0.267 3596.75 2
-0.0194166 0.0766443 0.267 3545.03 2
-0.0162781 0.0764552 0.267435 3392.61 2
-0.013615 0.0766244 0.268546 3267.05 2
-0.0117279 0.077551 0.269 3166.5 2
-0.0522224 0.0794486 0.2685 2345.5 2
-0.0493962 0.0794711 0.2674 2558 2
-0.0465543 0.0797166 0.267 2790.68 2
-0.0446834 0.0801649 0.267 2903 2
-0.0191767 0.0795848 0.267 3527 2
-0.0162548 0.0794255 0.267276 3350.66 2
-0.0134951 0.0794402 0.268037 3178.48 2
-0.0117279 0.0795965 0.269 3024 2
-0.0523186 0.0825187 0.269 1734.05 2
-0.049469 0.0824932 0.267445 1951.22 2
-0.0465589 0.0820758 0.267 2400.94 2
-0.0446834 0.0813251 0.267 2716 2
-0.018597 0.0816151 0.267 3241 2
-0.0160753 0.0822823 0.267 2315.35 2
-0.013397 0.0824994 0.267815 1707.78 2
-0.0117279 0.0825187 0.269 1518.6 2
-0.0519293 0.0852462 0.269 532.75 2
-0.0495646 0.0854521 0.267455 539.682 2
-0.0475819 0.0845156 0.267 648 2
-0.043524 0.0859659 0.267 533.333 2
-0.0158434 0.0856033 0.267 647.125 2
-0.0134305 0.085602 0.26804 628.36 2
-0.0117279 0.085441 0.269 615.4 2
-0.0517346 0.0892398 0.269 499.5 2
-0.0499667 0.088226 0.267571 513.214 2
-0.0433791 0.0875612 0.267 573.25 2
-0.0180173 0.0879963 0.267 658 2
-0.0160206 0.0880607 0.267 650 2
-0.0134219 0.08846 0.26788 628.08 2
-0.0114776 0.0886971 0.269 609.286 2
-0.0552388 0.0924543 0.269 419.25 2
-0.0521301 0.0915718 0.268579 474.263 2
-0.0501906 0.0914769 0.267 492.667 2
-0.0154087 0.0903167 0.267 623.75 2
-0.0132583 0.0912559 0.267269 593.462 2
-0.0111667 0.0912882 0.268688 577.125 2
-0.057212 0.0944783 0.268667 236 2
-0.0553628 0.0944446 0.268815 411.222 2
-0.0524414 0.0944151 0.267936 449.419 2
-0.0501905 0.0935072 0.267 479 2
-0.0126704 0.0943494 0.267333 547.917 2
-0.0111245 0.094537 0.268556 542.833 2
-0.05707 0.0964776 0.268 334.5 2
-0.055247 0.0967777 0.267625 397.75 2
-0.0530741 0.0969994 0.267167 432.083 2
-0.0122204 0.0972777 0.267 512.75 2
-0.0107496 0.0976501 0.268111 510.167 2
-0.0101592 0.100249 0.267545 466.909 2
-0.0078444 0.100828 0.268542 442.917 2
-0.00961172 0.102209 0.267 457.5 2
-0.00712677 0.102699 0.267727 430 2
-0.00485808 0.10398 0.268583 398.042 2
-0.00296175 0.10424 0.2685 377.5 2
-0.00498237 0.105596 0.2675 374.5 2
0.0022976 -0.0724807 0.27 836.5 2
0.00200991 -0.0704621 0.2707 959.65 2
0.00201087 -0.0675481 0.2708 1019.7 2
0.0020045 -0.0644148 0.27 1053.45 2
0.003791 -0.0634145 0.272 415.5 2
0.00201025 -0.0616173 0.2706 1101 2
0.00379101 -0.0616416 0.272 485.625 2
0.00141829 -0.0585486 0.27 1276.38 2
0.00142179 -0.0554574 0.270667 1281.33 2
0.00142354 -0.0522888 0.271 1308.9 2
0.00142354 -0.0493449 0.271 1353.9 2
0.00142354 -0.046401 0.271 1370 2
0.00142564 -0.0435199 0.2714 1366 2
-4.73114e-05 -0.0404221 0.2704 1669.2 2
0.000934889 -0.0409229 0.271111 1502.67 2
-0.000298724 -0.0372934 0.271429 1745.14 2
0.000542962 -0.0377078 0.272 1621.8 2
-0.000527027 -0.0349336 0.270909 1803.64 2
0.000542962 -0.034753 0.272 1635 2
-4.74164e-05 -0.0316813 0.271 1750.6 2
0.000540966 -0.0316813 0.271 1655.6 2
-0.000399125 -0.0281968 0.2709 1837.7 2
0.000541964 -0.0284938 0.2715 1655.83 2
-0.000633568 -0.0255647 0.270667 1894.87 2
0.000542962 -0.0252976 0.272 1700.6 2
-0.000668037 -0.0224339 0.270588 1898.29 2
0.000542962 -0.0223428 0.272 1711.8 2
-0.000633568 -0.019293 0.270667 1940.4 2
0.000542962 -0.019388 0.272 1758 2
-0.000633568 -0.0163527 0.270667 1948.87 2
0.000542962 -0.0164332 0.272 1755.8 2
-0.000633568 -0.0134123 0.270667 1986.13 2
0.000542962 -0.0134784 0.272 1804 2
-0.000781778 -0.0106251 0.270833 2012.33 2
0.000542962 -0.0114101 0.272 1818 2
-0.000931362 -0.00755082 0.2714 2075.2 2
-0.0015162 -0.00459706 0.271 2199.6 2
-0.0015162 -0.00165312 0.271 2191.6 2
-0.0015162 0.00129082 0.271 2204.4 2
-0.00156918 0.00439332 0.270909 2186.18 2
-0.00146322 0.00760891 0.271091 2170 2
-0.00176929 0.0104591 0.271 2239.57 2
-0.0677546 0.0147782 0.27 638 2
-0.00210675 0.0136554 0.271 2287.5 2
-0.0672893 0.0166827 0.270222 756.444 2
-0.00356451 0.016538 0.27 2476.4 2
-0.0023983 0.0165876 0.2708 2334.93 2
-0.0672904 0.0194964 0.271375 800.812 2
-0.0654097 0.0200577 0.27 1172.33 2
-0.00356451 0.0194711 0.27 2463.8 2
-0.00240245 0.0195673 0.271333 2289 2
-0.0671396 0.0224924 0.271067 795.733 2
-0.0654097 0.0224042 0.27 1146.3 2
-0.00382517 0.0227987 0.270714 2519.43 2
-0.00298933 0.0224872 0.271 2373.8 2
-0.0669814 0.0250597 0.271222 828 2
-0.0654582 0.0253569 0.2702 1144 2
-0.00391479 0.0254837 0.270895 2537.74 2
-0.00298933 0.0242535 0.271 2395 2
-0.0672265 0.0287259 0.271929 730.714 2
-0.0655387 0.0282084 0.270667 1100.78 2
-0.00394266 0.0282902 0.271444 2534.33 2
-0.0665346 0.031319 0.271 858.6 2
-0.0654937 0.0314159 0.270455 1070.18 2
-0.00503826 0.0315545 0.2705 2698.25 2
-0.0665061 0.0345894 0.271571 814.714 2
-0.0648426 0.0344435 0.270687 1136.62 2
-0.0627718 0.0358963 0.27 1459 2
-0.00503826 0.034493 0.2705 2723.15 2
-0.0664848 0.0361622 0.272 812.5 2
-0.0645204 0.0371324 0.2716 1212.47 2
-0.0627718 0.0376562 0.27 1445.2 2
-0.00683054 0.0380752 0.27 2835 2
-0.00504779 0.0375021 0.271 2665.95 2
-0.0638031 0.040509 0.271714 1312 2
-0.0625049 0.0408503 0.27075 1504.5 2
-0.00738242 0.040635 0.2703 2907.3 2
-0.0054133 0.0402401 0.2716 2746.9 2
-0.0636143 0.0435565 0.271545 1292.64 2
-0.0618419 0.0437361 0.270417 1570.5 2
-0.00738745 0.0436029 0.2705 2932.45 2
-0.00565785 0.0432537 0.272 2737.8 2
-0.0635013 0.0465726 0.271444 1274.11 2
-0.0616762 0.0465127 0.270333 1547.73 2
-0.00738745 0.0465414 0.2705 2931.5 2
-0.00565438 0.0464746 0.271833 2678.33 2
-0.0637104 0.0495165 0.271692 1244.46 2
-0.0617218 0.0494869 0.270533 1514.8 2
-0.00737739 0.0494063 0.2701 2890.4 2
-0.00512135 0.049784 0.271444 2646.72 2
-0.0632368 0.0518227 0.272 1309 2
-0.0615342 0.0525144 0.271 1538.64 2
-0.0598407 0.0532015 0.27 1739.5 2
-0.00737739 0.0523414 0.2701 2870.45 2
-0.0053085 0.0523457 0.271429 2657.29 2
-0.0612857 0.0555008 0.2712 1598.8 2
-0.0598407 0.0552546 0.27 1773.6 2
-0.00942661 0.0558412 0.27 2997 2
-0.0075245 0.0554656 0.270636 2875.18 2
-0.00565785 0.055073 0.272 2688.33 2
-0.0610585 0.058511 0.2715 1634.2 2
-0.00991257 0.0588674 0.270182 3072.91 2
-0.007867 0.0582655 0.271143 2913.76 2
-0.060883 0.0612104 0.271375 1628.62 2
-0.0587269 0.0617074 0.27 1862.7 2
-0.0103305 0.0617978 0.270263 3085.58 2
-0.00830442 0.0614981 0.271667 2917.2 2
-0.0605793 0.0642328 0.272 1691.25 2
-0.0586097 0.0643697 0.270778 1890.83 2
-0.0566166 0.0655204 0.27 2065.5 2
-0.0106387 0.0645043 0.270391 3079.83 2
-0.00830442 0.0644492 0.271667 2883.2 2
-0.0578981 0.0674864 0.271462 1970.23 2
-0.0558756 0.0676313 0.270231 2169 2
-0.0127485 0.0679646 0.27 3219.56 2
-0.0105543 0.0673047 0.27087 3076.48 2
-0.00890589 0.0674831 0.272 2924 2
-0.0574338 0.0699152 0.271286 2009 2
-0.0557549 0.0705107 0.270437 2150.25 2
-0.0539786 0.0716798 0.27 2339 2
-0.0129439 0.0705066 0.27 3241.87 2
-0.0106849 0.0704672 0.271172 3097.28 2
-0.00890589 0.0704379 0.272 2926 2
-0.0573312 0.0733927 0.272 2008.6 2
-0.0556511 0.0735639 0.271 2156.65 2
-0.0539786 0.0734397 0.27 2299.4 2
-0.0127485 0.0730486 0.27 3180.22 2
-0.0106715 0.07354 0.271217 3043.52 2
-0.00890589 0.0733927 0.272 2920.6 2
-0.0577923 0.0765819 0.271786 1885.93 2
-0.0556438 0.076503 0.270762 2125.14 2
-0.0539786 0.0763727 0.27 2330.8 2
-0.0123577 0.0760794 0.27 3201 2
-0.0109039 0.0764164 0.271474 3047.32 2
-0.0578515 0.0794014 0.271667 1811.73 2
-0.0554963 0.0793792 0.27025 2089.9 2
-0.0539786 0.0793058 0.27 2240.2 2
-0.0104349 0.0794512 0.2711 2965.05 2
-0.00890589 0.0798933 0.272 2779 2
-0.0578762 0.0823446 0.271437 1203.44 2
-0.055452 0.0823952 0.270238 1495.05 2
-0.0539786 0.0825322 0.27 1615.17 2
-0.0104759 0.0824014 0.270842 1707.11 2
-0.00890589 0.0816662 0.272 2140.67 2
-0.0581629 0.0853772 0.271809 393.143 2
-0.0556002 0.0855738 0.2709 453.05 2
-0.0533391 0.0858119 0.27 471 2
-0.0104952 0.0857588 0.270722 604.278 2
-0.00792164 0.0868863 0.272 573.5 2
-0.0582171 0.0899396 0.272 399.75 2
-0.0554219 0.0886758 0.271826 458.826 2
-0.0527092 0.0884597 0.270571 492.429 2
-0.0102047 0.0885447 0.27045 595.8 2
-0.00775425 0.0886485 0.271461 562.846 2
-0.00525721 0.0891403 0.271667 522 2
-0.0580728 0.0913395 0.2716 369.333 2
-0.0556013 0.0913631 0.270769 438.154 2
-0.0533683 0.0909013 0.27025 472.375 2
-0.00975615 0.0915323 0.270111 560.111 2
-0.00764326 0.0913822 0.270875 536.667 2
-0.00446542 0.0915105 0.2714 504.767 2
-0.0574959 0.0933846 0.27 382 2
-0.0569097 0.0933846 0.27 395 2
-0.00972278 0.0944503 0.271 531 2
-0.00799241 0.0941982 0.271647 508.059 2
-0.0047088 0.093653 0.2718 493.5 2
-0.00972691 0.0969752 0.2702 512 2
-0.00803124 0.0979652 0.2714 499.35 2
-0.00565785 0.0985085 0.272 476.75 2
-0.000638145 0.0985085 0.272 402.667 2
0.00125162 0.0980357 0.272 312.3 2
-0.0071975 0.0995973 0.270364 469.182 2
-0.00454915 0.100518 0.271235 427.824 2
-0.00162018 0.100582 0.27175 349.875 2
0.000542962 0.0996905 0.272 357.5 2
-0.00441718 0.102664 0.27 395.455 2
-0.0029783 0.10277 0.27 378.333 2
0.00261949 -0.0603855 0.273 963.5 2
0.00381888 -0.0603089 0.274 499 2
0.00262909 -0.0585202 0.274 1002.42 2
0.00382817 -0.0581665 0.274667 513.667 2
0.00262429 -0.0554463 0.2735 996.875 2
0.00381888 -0.0555487 0.274 531.125 2
0.00261949 -0.0526747 0.273 1032.3 2
0.00380494 -0.0526747 0.273 557.6 2
0.00261949 -0.0497091 0.273 1081.1 2
0.00380494 -0.0497091 0.273 592.8 2
0.00261949 -0.0467434 0.273 1080.4 2
0.00380494 -0.0467434 0.273 616.4 2
0.00262109 -0.0435068 0.273167 1096.17 2
0.00381191 -0.0435592 0.2735 659.417 2
0.00210174 -0.0402333 0.274 1300.5 2
0.00382574 -0.0404386 0.2745 711.5 2
0.00203899 -0.0374579 0.2745 1342.6 2
0.00383282 -0.0375262 0.275 756.6 2
0.00203454 -0.034402 0.2739 1358.45 2
0.00383003 -0.0345146 0.2748 791.3 2
0.00203349 -0.0314016 0.2737 1388.85 2
0.00383003 -0.0315276 0.2748 840.4 2
0.00203899 -0.0285121 0.2745 1379.8 2
0.00383282 -0.0294602 0.275 853.5 2
0.00203899 -0.0255301 0.2745 1406.6 2
0.00197236 -0.0226764 0.274444 1453.72 2
0.00178198 -0.0192949 0.274286 1484.93 2
0.00203846 -0.0165787 0.2744 1480.3 2
0.00383282 -0.0166145 0.275 991 2
0.00188841 -0.0138134 0.27425 1523 2
0.00383282 -0.014822 0.275 1008 2
-4.77663e-05 -0.00996917 0.273 1904 2
0.0011973 -0.0106588 0.274091 1680 2
-4.79063e-05 -0.00761804 0.2738 1917.6 2
0.000546555 -0.00761804 0.2738 1816 2
-4.79413e-05 -0.00464794 0.274 1924 2
0.000546954 -0.00464794 0.274 1843.2 2
-4.79413e-05 -0.00167142 0.274 1919.2 2
0.000546954 -0.00167142 0.274 1808 2
-4.79413e-05 0.00130511 0.274 1936.8 2
0.000546954 0.00130511 0.274 1829.6 2
-4.79413e-05 0.00428164 0.274 1950.4 2
0.000546954 0.00428164 0.274 1854.4 2
-4.79413e-05 0.00725816 0.274 1967.2 2
0.000546954 0.00725816 0.274 1904 2
-0.000532833 0.0108688 0.273636 2054.73 2
0.000547752 0.0102509 0.2744 1902.4 2
-0.000603531 0.013669 0.2735 2049.12 2
0.000547619 0.0135238 0.274333 1903.17 2
-0.000682901 0.0166632 0.273429 2080.29 2
0.000547952 0.0165165 0.2745 1889 2
-0.000791017 0.0195114 0.274 2044.75 2
0.00054895 0.018338 0.275 1908 2
-0.00159849 0.0225941 0.273889 2167.78 2
-0.0679147 0.0262119 0.273 649 2
-0.00153456 0.0254333 0.2742 2193.45 2
-0.0679147 0.0273982 0.273 633.5 2
-0.00330775 0.0297707 0.273 2433.5 2
-0.00168519 0.0282803 0.274375 2175.5 2
-0.00330775 0.0315501 0.273 2444.9 2
-0.00213008 0.0316657 0.274 2262.1 2
-0.00330775 0.0345158 0.273 2458.5 2
-0.00193235 0.0348624 0.274167 2185.67 2
-0.0668515 0.0378483 0.2735 809.875 2
-0.0655438 0.0383712 0.273 1101 2
-0.00330775 0.0374814 0.273 2434.5 2
-0.00160367 0.0375627 0.274556 2178 2
-0.0668053 0.0407561 0.274154 824.077 2
-0.0655192 0.0402573 0.273429 1097.14 2
-0.00384 0.0406453 0.273444 2512.39 2
-0.00213785 0.0407434 0.275 2289.2 2
-0.0668392 0.0436778 0.274667 808.867 2
-0.0649851 0.0433693 0.273556 1159.33 2
-0.00391017 0.0435406 0.2738 2496.75 2
-0.0668392 0.0466616 0.274667 758.333 2
-0.0648711 0.0463478 0.273455 1138.73 2
-0.00391017 0.0465137 0.2738 2502.75 2
-0.066536 0.0492382 0.2744 802.6 2
-0.0652612 0.0490751 0.273333 1044 2
-0.0036551 0.049219 0.273714 2475.14 2
-0.0663225 0.052693 0.275 880.4 2
-0.064739 0.0525955 0.273941 1155.65 2
-0.0628765 0.0531994 0.273 1399 2
-0.0036551 0.0527008 0.273714 2436.21 2
-0.0642375 0.0554504 0.274286 1219 2
-0.0628765 0.0549789 0.273 1409.5 2
-0.00407464 0.0555861 0.274 2516.68 2
-0.0634042 0.0584544 0.274 1327.9 2
-0.0068641 0.0594274 0.273 2751.5 2
-0.00510117 0.0584342 0.2739 2659.7 2
-0.0634505 0.0614766 0.2742 1322 2
-0.0619875 0.0626896 0.273 1501.25 2
-0.0068641 0.0615033 0.273 2762.08 2
-0.00511278 0.061543 0.2745 2592.75 2
-0.0636357 0.0643438 0.275 1297 2
-0.0618412 0.0648609 0.2734 1552.4 2
-0.00686409 0.0647655 0.273 2752.5 2
-0.00511278 0.064525 0.2745 2604.8 2
-0.0617866 0.0676261 0.274444 1564.33 2
-0.0596165 0.0674346 0.273 1775.12 2
-0.00725839 0.0677491 0.273727 2760.64 2
-0.00526725 0.0671214 0.27475 2617.75 2
-0.0608758 0.0705317 0.274667 1662.8 2
-0.0588566 0.07075 0.273385 1893 2
-0.00717927 0.0705464 0.2738 2781.28 2
-0.00542172 0.0706173 0.275 2627 2
-0.0608758 0.0735155 0.274667 1659.93 2
-0.058896 0.0737064 0.273294 1855.12 2
-0.00717927 0.0735208 0.2738 2767.44 2
-0.00542172 0.0736047 0.275 2630 2
-0.0611402 0.0763655 0.274667 1616.11 2
-0.059419 0.0764305 0.273 1763.83 2
-0.00953135 0.0766282 0.273 2954 2
-0.0076758 0.0764409 0.273833 2797.92 2
-0.00542172 0.0753971 0.275 2627 2
-0.0607273 0.0792901 0.274 1537.8 2
-0.0595836 0.0794621 0.273 1637.11 2
-0.00953135 0.0787041 0.273 2955 2
-0.00741666 0.0794173 0.273929 2643.89 2
-0.00542172 0.0798782 0.275 2353 2
-0.0604488 0.0819675 0.27375 1109.5 2
-0.0595178 0.0824607 0.273 1075.83 2
-0.00953135 0.0834492 0.273 958 2
-0.0073096 0.0825183 0.273741 1269.3 2
-0.00542172 0.0825669 0.275 1003.4 2
-0.0605056 0.0867115 0.273 293 2
-0.0599129 0.0867115 0.273 386 2
-0.00953135 0.0852286 0.273 576 2
-0.00758849 0.0854215 0.273444 553 2
-0.00518861 0.0857333 0.274368 523.579 2
-0.0605056 0.0878977 0.273 271.333 2
-0.0586992 0.0885191 0.273 400.857 2
-0.0569493 0.0893805 0.273 433 2
-0.00420427 0.0882831 0.273583 518.917 2
-0.00213785 0.0894378 0.275 480 2
-0.00330775 0.0902703 0.273 495 2
-0.00132211 0.0916015 0.274072 453.786 2
0.00118838 0.0917368 0.274857 397.571 2
-0.0068641 0.0953119 0.273 494.5 2
-0.00432385 0.0951848 0.273 483.214 2
-0.00123649 0.0947132 0.27384 440.76 2
0.00117746 0.0945979 0.274118 381.882 2
-0.00725924 0.0968936 0.273 503.833 2
-0.00441025 0.0973536 0.273143 472.107 2
-0.00131608 0.0973547 0.273364 426 2
0.000989501 0.0967947 0.273 357.75 2
-0.00390048 0.0991672 0.273 452.5 2
-0.0021223 0.0991672 0.273 424.5 2
0.00384675 -0.0589503 0.276 499.75 2
0.00384675 -0.0280682 0.276 842.667 2
0.00384675 -0.0256696 0.276 876.2 2
0.00264828 -0.0214721 0.276 1297.5 2
0.00384675 -0.0226714 0.276 930.6 2
0.00264828 -0.0202728 0.276 1305.67 2
0.00384675 -0.0196731 0.276 939.2 2
0.00264828 -0.0127771 0.276 1354 2
0.00384675 -0.0133768 0.276 1012 2
0.00245493 -0.0105025 0.276667 1453.67 2
0.00386348 -0.0107239 0.2772 1040.8 2
0.00205672 -0.00770304 0.2768 1509 2
0.00387463 -0.00773578 0.278 1056.4 2
0.00205384 -0.00469035 0.2765 1547.4 2
0.00386627 -0.00470692 0.2774 1120 2
0.00205384 -0.00168667 0.2765 1562 2
0.00386627 -0.00169085 0.2774 1135.2 2
0.00199099 0.00118465 0.276889 1584.44 2
0.00387463 0.000418168 0.278 1147 2
0.00199332 0.00446843 0.277333 1593.33 2
0.00205864 0.00733763 0.277 1563.8 2
0.00387463 0.00736412 0.278 1159.6 2
0.00205969 0.0103549 0.2772 1609.15 2
0.00387463 0.0103841 0.278 1184.7 2
0.00205576 0.0133408 0.2767 1634.7 2
0.00387184 0.0133936 0.2778 1189.5 2
0.00205576 0.0163479 0.2767 1626.55 2
0.00386627 0.0163899 0.2774 1188.2 2
-4.82912e-05 0.0199038 0.276 1926.33 2
0.00178827 0.0193684 0.277333 1642.29 2
-4.82912e-05 0.0223024 0.276 1924.6 2
0.00115719 0.0224101 0.277333 1764.13 2
-4.84662e-05 0.0253923 0.277 1984 2
0.000956217 0.0250304 0.277444 1812.67 2
-0.000447881 0.0287556 0.276556 2001 2
0.000552943 0.0284014 0.277 1858.4 2
-0.000647647 0.0313728 0.276667 2029.2 2
0.000554939 0.031524 0.278 1875.8 2
-0.000647623 0.0343612 0.276533 2026.6 2
0.000554141 0.0344929 0.2776 1876.4 2
-4.84662e-05 0.0374288 0.277 1937.2 2
0.000552943 0.0374288 0.277 1834 2
-0.00064808 0.0403903 0.276667 2073.47 2
0.000554141 0.0405268 0.2776 1848.4 2
-0.00140701 0.0434856 0.276842 2151.16 2
0.000554939 0.0423959 0.278 1856 2
-0.00154982 0.0464562 0.277 2174.3 2
-0.0679514 0.0502478 0.278 614.667 2
-0.00154982 0.0494652 0.277 2205.6 2
-0.0675603 0.052359 0.2764 574.1 2
-0.00154844 0.052399 0.2766 2174.15 2
-0.0674152 0.0555421 0.276857 597.714 2
-0.0659644 0.055583 0.276 969.5 2
-0.00155137 0.0555242 0.2772 2166.95 2
-0.0672518 0.0586198 0.2776 641.45 2
-0.0650656 0.0582814 0.276 1118.6 2
-0.0033441 0.0585812 0.276 2413.25 2
-0.0019535 0.0583265 0.277167 2225.58 2
-0.0672496 0.0616128 0.277789 639 2
-0.0650656 0.0612797 0.276 1107.4 2
-0.0033441 0.0612797 0.276 2382.3 2
-0.0019535 0.0617401 0.277167 2238.17 2
-0.0667451 0.0642984 0.277167 714 2
-0.065207 0.0644173 0.2766 1079.5 2
-0.0033441 0.064278 0.276 2352.9 2
-0.0019535 0.0643483 0.277167 2210.92 2
-0.0664424 0.0674617 0.278 855.25 2
-0.0646309 0.0674477 0.2767 1165.1 2
-0.00379807 0.0675933 0.276375 2463.12 2
-0.00216117 0.0674617 0.278 2208.75 2
-0.0643701 0.0706284 0.277818 1242.73 2
-0.0626686 0.0705743 0.276 1472.25 2
-0.00396368 0.0706564 0.2775 2446.85 2
-0.0640281 0.0735017 0.278 1263.25 2
-0.0626686 0.0732727 0.276 1428.8 2
-0.00402983 0.073522 0.277444 2457.56 2
-0.0637598 0.0763539 0.278 1299.78 2
-0.062369 0.076271 0.276 1471.2 2
-0.00604067 0.0768706 0.276 2656.67 2
-0.00415643 0.076447 0.277304 2457.17 2
-0.0637263 0.0792396 0.278 1294.9 2
-0.0621594 0.0793854 0.2764 1461.7 2
-0.00604067 0.0783698 0.276 2653 2
-0.00403007 0.0793054 0.276917 2265.96 2
-0.00216117 0.0801456 0.278 1906.25 2
-0.0637263 0.0816556 0.278 1030.5 2
-0.0620694 0.0819677 0.276 1052.62 2
-0.00394939 0.0824165 0.2765 954.4 2
-0.00166714 0.0826412 0.277789 632 2
0.0017621 0.0834676 0.278 409.6 2
-0.00368652 0.0850087 0.276 509.429 2
-0.0012298 0.085454 0.277407 476.963 2
0.0017621 0.0852796 0.278 403.68 2
-0.0033441 0.0873645 0.276 513.25 2
-0.00112444 0.0883939 0.276958 469.708 2
0.00169698 0.088459 0.277893 401.286 2
-0.00040787 0.090488 0.2762 450.8 2
0.00169276 0.0905274 0.277222 391.778 2
0.00267706 0.00254126 0.279 1492 2
0.00465718 0.00155922 0.279625 809.25 2
0.00267706 0.00314743 0.279 1474 2
0.00434516 0.00413387 0.279125 960.75 2
0.00511835 0.0147172 0.28 686 2
0.00511835 0.0159339 0.28 703.667 2
0.00267706 0.0207263 0.279 1494 2
0.00390715 0.0194008 0.280333 1205 2
0.00268474 0.0226103 0.2798 1506.8 2
0.00389786 0.0219918 0.279667 1227 2
0.00188631 0.0259896 0.279909 1648.09 2
0.0030013 0.025759 0.281 1463 2
0.00173003 0.0285779 0.279571 1645.64 2
0.0030013 0.0285063 0.281 1431 2
0.00155258 0.0315545 0.279727 1747.27 2
0.0030013 0.0300326 0.281 1442 2
0.00167998 0.034744 0.279615 1732.85 2
0.0030013 0.0349167 0.281 1499 2
0.00177411 0.0375856 0.279667 1659.53 2
0.0030013 0.0373588 0.281 1459 2
0.00171992 0.0403095 0.279909 1710.18 2
0.0030013 0.0398008 0.281 1493.67 2
-4.88161e-05 0.0440638 0.279 1945 2
0.00121196 0.043592 0.280143 1773.79 2
-4.88161e-05 0.0464885 0.279 1920.75 2
0.00121346 0.0465085 0.280429 1739.93 2
-4.88161e-05 0.0492162 0.279 1982.2 2
0.00116899 0.0494273 0.2802 1775.73 2
-4.88161e-05 0.0522471 0.279 1986.8 2
0.00116899 0.0524724 0.2802 1847.2 2
-4.88511e-05 0.0553184 0.2792 1976.4 2
0.00116982 0.0555556 0.2804 1850.53 2
-0.000544511 0.0587344 0.279455 2036.09 2
0.000966546 0.0582036 0.280444 1849.33 2
-0.000654626 0.0614129 0.279333 2068.8 2
0.000558931 0.0615595 0.28 1917.6 2
-0.000594063 0.0647048 0.2794 2027.5 2
0.000558931 0.064297 0.28 1905.75 2
-0.000698916 0.0673476 0.279857 2026.14 2
0.000560927 0.0669687 0.281 1858.75 2
-0.0665708 0.0707366 0.279667 870.778 2
-0.0654699 0.0710383 0.279 1086.67 2
-0.00163241 0.0704374 0.279556 2179.39 2
-0.0666759 0.0734885 0.28025 851.875 2
-0.0654083 0.0738327 0.279889 1076.89 2
-0.00156818 0.0734739 0.2802 2181.2 2
-0.0666561 0.0765084 0.280167 809.25 2
-0.0654006 0.076768 0.28 1090.9 2
-0.00144768 0.0766228 0.279956 2135.61 2
0.000560927 0.0776527 0.281 1808 2
-0.0666164 0.0795055 0.28 637.125 2
-0.0652605 0.0796374 0.2794 1001 2
-0.0010883 0.079409 0.279714 1867.52 2
0.00110981 0.0799439 0.2809 1089.2 2
0.0030013 0.0807052 0.281 346 2
-0.0651671 0.0813432 0.279 812.5 2
-0.000452709 0.0819118 0.279333 608.222 2
0.00172227 0.0822062 0.279708 418.833 2
0.0030013 0.0813158 0.281 349 2
0.00456092 0.0194841 0.283 966 2
0.00497447 0.0224833 0.283333 846.583 2
0.0045652 0.0253646 0.2834 1018.15 2
0.00442071 0.0287335 0.284 1099.06 2
0.00239972 0.0316712 0.282 1613.5 2
0.00430973 0.0315638 0.283333 1138.88 2
0.00239972 0.0335093 0.282 1610.5 2
0.00441814 0.0344557 0.282909 1124.14 2
0.00455597 0.0375974 0.2828 1082.45 2
0.00239972 0.0414741 0.282 1639 2
0.00441814 0.0407694 0.282909 1148.14 2
0.00239972 0.0433122 0.282 1601 2
0.00426228 0.043558 0.2836 1200.25 2
0.00240823 0.0462327 0.283 1593.8 2
0.00359841 0.0461434 0.283615 1369.46 2
0.00240681 0.0495843 0.282833 1626.17 2
0.00339583 0.0494196 0.2833 1460.7 2
0.00240185 0.0525499 0.28225 1641 2
0.00368865 0.0525617 0.2835 1380.29 2
0.00240823 0.0554556 0.283 1651.8 2
0.00364639 0.0555862 0.283667 1391 2
0.00199816 0.0588931 0.282778 1698.33 2
0.00302693 0.0586139 0.2834 1508.4 2
0.00174858 0.0614227 0.282571 1714.79 2
0.00303334 0.0615133 0.284 1502 2
0.00179313 0.0643966 0.282667 1745.67 2
0.00303334 0.06429 0.284 1539.6 2
-4.9341e-05 0.0687387 0.282 1968 2
0.00148723 0.0674442 0.283 1736 2
0.00303334 0.0661411 0.284 1526 2
-4.9341e-05 0.0705768 0.282 1998.6 2
0.00118219 0.0704991 0.283333 1793.47 2
-4.9341e-05 0.0736402 0.282 1985.4 2
0.00118219 0.073577 0.283333 1807.4 2
-4.9341e-05 0.0763974 0.282 1936.25 2
0.00138584 0.0767652 0.283111 1720.33 2
0.00426656 0.0775562 0.284 857.3 2
0.00190032 0.0792048 0.282182 1243.27 2
0.00358737 0.0791793 0.282769 546.615 2
0.00520975 0.0174568 0.285 707 2
0.00522193 0.0195682 0.285667 737.833 2
0.00520975 0.0276737 0.285 811.5 2
0.00500349 0.0467658 0.285 1009.25 2
0.00474567 0.0497329 0.285 1104.62 2
0.00520975 0.0527515 0.285 983.2 2
0.00520975 0.0555379 0.285 997.5 2
0.00466736 0.0585545 0.285444 1166.56 2
0.00649255 0.0587336 0.287 453.5 2
0.00424095 0.0612245 0.2864 1263.9 2
0.00400007 0.0643456 0.287 1339.9 2
0.00242525 0.067922 0.285 1613.25 2
0.00368139 0.0674084 0.286333 1409 2
0.00243376 0.0706458 0.286 1561.5 2
0.00305471 0.0706458 0.286 1492.5 2
0.00243376 0.073442 0.286 1614.4 2
0.00305471 0.073442 0.286 1521.8 2
0.0024295 0.0761038 0.2855 1594.25 2
0.00405893 0.0762928 0.285625 1195.69 2
0.00527068 0.0621394 0.288333 1040.83 2
0.00652874 0.0615705 0.2886 500.2 2
0.00528287 0.0644801 0.289 1050.75 2
0.00655476 0.0646482 0.28975 518 2
0.00507139 0.0675795 0.288833 1112 2
0.00655136 0.067444 0.2896 519.4 2
0.00472096 0.0705033 0.288667 1213.22 2
0.00655136 0.0705926 0.2896 540.5 2
0.00465209 0.0735075 0.2887 1202.15 2
0.00656042 0.0735241 0.29 539.125 2
0.00495651 0.0757416 0.28825 1081.5 2
0.00653779 0.07578 0.289 385.25 2
