-0.0318302 -0.0735082 0.242 1800.15 2
-0.0334064 -0.0706164 0.242 3274.12 2
-0.0318302 -0.0708793 0.242 3326.3 2
-0.0273254 -0.0751759 0.244 379 2
-0.0254712 -0.0751759 0.244 417.4 2
-0.0231819 -0.075484 0.245 304.5 2
-0.0462915 -0.0733361 0.244454 1792 2
-0.0433414 -0.0730801 0.2432 1985 2
-0.0404031 -0.07302 0.243 2285.96 2
-0.037426 -0.0734725 0.243 1940.11 2
-0.0345996 -0.073548 0.243 1981.86 2
-0.0303789 -0.0735479 0.243 1999.08 2
-0.0283771 -0.0735944 0.243412 2054.97 2
-0.0254712 -0.0735855 0.244 2324.76 2
-0.02265 -0.0736209 0.245 2381.66 2
-0.0200494 -0.0734731 0.245 2351.44 2
-0.0484487 -0.0690964 0.245 2647 2
-0.046274 -0.0704731 0.244576 2668.97 2
-0.0434359 -0.0705914 0.243733 2811.5 2
-0.0404774 -0.0705077 0.243444 3043.94 2
-0.0375014 -0.0703802 0.243 3150.13 2
-0.0349011 -0.0702294 0.243 3298.32 2
-0.031012 -0.0699578 0.243 3546.3 2
-0.0283317 -0.0705408 0.243556 3469.75 2
-0.0254712 -0.0706698 0.244 3468.47 2
-0.0226104 -0.0705744 0.244588 3470 2
-0.0205222 -0.0714917 0.245 3289.5 2
-0.0484487 -0.0680318 0.245 2755 2
-0.0464366 -0.0675903 0.244931 2881.07 2
-0.0435355 -0.0676055 0.244581 3063.03 2
-0.0405224 -0.0675109 0.243943 3250.6 2
-0.0374366 -0.067368 0.243794 3476.97 2
-0.0345497 -0.0675022 0.243812 3594.66 2
-0.0315205 -0.0673956 0.243667 3653.61 2
-0.0283846 -0.0674888 0.244 3651.03 2
-0.0254886 -0.0675343 0.244167 3640.2 2
-0.0229266 -0.0677616 0.244714 3617.39 2
-0.0461982 -0.0654522 0.245 2973.69 2
-0.0436204 -0.0646255 0.244867 3209.5 2
-0.0405237 -0.0645368 0.244 3390.41 2
-0.0374282 -0.0645979 0.244469 3584.12 2
-0.0344946 -0.0646054 0.24412 3640.24 2
-0.0315635 -0.0645734 0.244 3660.07 2
-0.0284557 -0.0645484 0.244618 3669.09 2
-0.0257276 -0.0649902 0.245 3662.62 2
-0.0234479 -0.0655034 0.245 3653.5 2
-0.0435671 -0.0615331 0.244786 3251.96 2
-0.0405694 -0.0616577 0.244 3414.44 2
-0.0374734 -0.061499 0.24459 3597.21 2
-0.0344593 -0.0615417 0.244212 3673.94 2
-0.0316147 -0.0615714 0.2444 3709.35 2
-0.0292058 -0.0621019 0.244857 3689.43 2
-0.0427419 -0.0586529 0.244875 3382.19 2
-0.0404555 -0.0586168 0.244312 3495.81 2
-0.0375665 -0.0584708 0.244871 3640.52 2
-0.034351 -0.0585513 0.244818 3680.27 2
-0.0316295 -0.0583998 0.245 3723.43 2
-0.0298311 -0.0573859 0.245 3701 2
-0.0423314 -0.0565875 0.245 3455.25 2
-0.0404697 -0.0555229 0.245 3545.17 2
-0.0375441 -0.0555229 0.245 3665.78 2
-0.0343525 -0.0555229 0.245 3697.25 2
-0.0315451 -0.0556116 0.245 3728.81 2
-0.0298311 -0.0563213 0.245 3715.67 2
-0.0404697 -0.0525952 0.245 3559.12 2
-0.0375441 -0.0525952 0.245 3674.2 2
-0.0343525 -0.0531275 0.245 3702.39 2
-0.0316928 -0.0536598 0.245 3732.5 2
-0.0399378 -0.0507322 0.245 3615 2
-0.038076 -0.0507322 0.245 3680.5 2
-0.0158943 -0.0751788 0.2475 989.25 2
-0.0143122 -0.0753307 0.248 766.5 2
-0.0544264 -0.0720978 0.248 2086 2
-0.052506 -0.0732391 0.247524 1746.29 2
-0.049437 -0.0733556 0.246303 1787.18 2
-0.0187367 -0.0731198 0.246 2542.44 2
-0.0164119 -0.0733919 0.247222 2455.86 2
-0.0143122 -0.0747919 0.248 1431.5 2
-0.0544264 -0.071559 0.248 2128 2
-0.0524441 -0.0705199 0.247478 2327.57 2
-0.0496721 -0.0705259 0.2464 2516.07 2
-0.0194473 -0.0703393 0.246562 3356.94 2
-0.016781 -0.0706634 0.247769 3212.73 2
-0.0524341 -0.0677333 0.248 2429.15 2
-0.0496879 -0.0673574 0.246429 2693.93 2
-0.0216743 -0.0669733 0.246 3618.5 2
-0.0196281 -0.0674686 0.247167 3477.19 2
-0.0172736 -0.0684608 0.248 3338.38 2
-0.0515547 -0.0649136 0.248 2598.78 2
-0.0494659 -0.0646465 0.247161 2806.03 2
-0.0466043 -0.0641595 0.246 3012.41 2
-0.0272823 -0.0634993 0.246 3688 2
-0.0250124 -0.0639002 0.246 3642.67 2
-0.0223965 -0.0643862 0.246444 3618.26 2
-0.0197325 -0.0645574 0.247625 3545.22 2
-0.0511957 -0.0621297 0.248 2654.5 2
-0.0494474 -0.0615966 0.247714 2849.29 2
-0.0466398 -0.0615634 0.246424 3070.64 2
-0.0446407 -0.0602925 0.246 3212.5 2
-0.0304869 -0.0602925 0.246 3719 2
-0.028212 -0.0611302 0.246231 3696.96 2
-0.0254863 -0.0615382 0.246714 3673.6 2
-0.0225496 -0.0613589 0.247 3628.53 2
-0.0196342 -0.0615581 0.247714 3569.63 2
-0.0511957 -0.0572803 0.248 2653.5 2
-0.049412 -0.0582784 0.2478 2867.2 2
-0.0465982 -0.0584567 0.246778 3071 2
-0.0442846 -0.0581546 0.246 3280.44 2
-0.0304869 -0.0589563 0.246 3710.5 2
-0.0286637 -0.0584758 0.246484 3719.58 2
-0.0254925 -0.0581938 0.247143 3694.23 2
-0.0223455 -0.0582456 0.247528 3659.53 2
-0.0198462 -0.0586573 0.248 3613.28 2
-0.0511957 -0.0556639 0.248 2675.75 2
-0.0495013 -0.0554132 0.247808 2853.35 2
-0.0466106 -0.0553861 0.247063 3094.91 2
-0.0436426 -0.0554025 0.246071 3360.43 2
-0.0304869 -0.0549477 0.246 3732.33 2
-0.0285195 -0.0554056 0.246581 3723 2
-0.0256419 -0.0554032 0.247807 3702.32 2
-0.022688 -0.0558136 0.248 3666.39 2
-0.0205043 -0.0564721 0.248 3612 2
-0.0492867 -0.0526269 0.248 2890.32 2
-0.046785 -0.0524748 0.247231 3116.92 2
-0.0435096 -0.052464 0.246 3386.35 2
-0.0414361 -0.0512064 0.246 3553 2
-0.0366291 -0.0512064 0.246 3693.5 2
-0.0344927 -0.0517409 0.246 3720.83 2
-0.031514 -0.052337 0.246 3770.38 2
-0.0287418 -0.0525177 0.246455 3767.27 2
-0.0255105 -0.052483 0.247667 3764.67 2
-0.0229518 -0.052235 0.248 3721.23 2
-0.0490419 -0.0494675 0.248 2958.07 2
-0.046545 -0.0494501 0.247156 3205.56 2
-0.043541 -0.0495313 0.246161 3434.52 2
-0.04045 -0.0494386 0.246 3606.27 2
-0.0373575 -0.0494573 0.246 3690.41 2
-0.0344927 -0.049603 0.246 3731.13 2
-0.0314653 -0.0494987 0.246074 3792.67 2
-0.0286789 -0.0495788 0.246606 3761.91 2
-0.0256042 -0.0494446 0.247152 3768.15 2
-0.0226581 -0.0494675 0.248 3743.68 2
-0.0490202 -0.0464829 0.247889 2986.22 2
-0.0464992 -0.0465569 0.247129 3176.13 2
-0.0433188 -0.0465923 0.246407 3462.7 2
-0.0404038 -0.0467049 0.246222 3609.5 2
-0.0375009 -0.0467505 0.246467 3679.63 2
-0.0345472 -0.0467359 0.246389 3754.56 2
-0.0315185 -0.0467038 0.246258 3806.68 2
-0.0285003 -0.0464624 0.246067 3805.37 2
-0.0255119 -0.046579 0.246967 3803.3 2
-0.0226111 -0.0465312 0.247897 3752.62 2
-0.0487343 -0.0438484 0.248 3078.57 2
-0.0464637 -0.0436599 0.247371 3220.71 2
-0.0433415 -0.0434919 0.2462 3465.07 2
-0.0404213 -0.0435149 0.246333 3625.11 2
-0.0375725 -0.0436218 0.246933 3723.17 2
-0.0345246 -0.0434967 0.246222 3776.64 2
-0.0314395 -0.0434256 0.246242 3816.61 2
-0.0285553 -0.0436191 0.246515 3819.33 2
-0.0255383 -0.0436716 0.247222 3805.25 2
-0.022874 -0.0437282 0.247955 3753.23 2
-0.046125 -0.0407582 0.247875 3245.33 2
-0.0434821 -0.0404122 0.247 3466.5 2
-0.040518 -0.0403993 0.246917 3647.42 2
-0.0375867 -0.0404504 0.246643 3732.57 2
-0.0344927 -0.040517 0.246 3783.4 2
-0.0313933 -0.0403856 0.246833 3826.94 2
-0.028515 -0.0404831 0.247433 3831.67 2
-0.0257386 -0.0406454 0.24797 3830.91 2
-0.0233504 -0.0414622 0.248 3785 2
-0.0455959 -0.0383679 0.248 3303.8 2
-0.0434167 -0.0375602 0.247897 3541.62 2
-0.0404017 -0.0375723 0.247462 3666.77 2
-0.0375008 -0.0375578 0.246852 3739.63 2
-0.0345545 -0.0376439 0.246444 3798.56 2
-0.0314316 -0.0374816 0.247133 3839.8 2
-0.028581 -0.0376135 0.248 3839.8 2
-0.0260426 -0.0377675 0.248 3835.1 2
-0.0425806 -0.0349194 0.248 3612.19 2
-0.0403951 -0.0346221 0.2478 3669.63 2
-0.0375824 -0.0345103 0.247 3767 2
-0.0346329 -0.0345103 0.247 3820.92 2
-0.0314562 -0.0345569 0.247333 3838.39 2
-0.028581 -0.03465 0.248 3839.63 2
-0.0266343 -0.0347536 0.248 3839.31 2
-0.0425806 -0.0311477 0.248 3631.75 2
-0.0404056 -0.0314 0.247867 3693.47 2
-0.0376357 -0.0315063 0.247077 3784.92 2
-0.0346329 -0.0315588 0.247 3823.63 2
-0.0314991 -0.0313739 0.247667 3839.83 2
-0.0286181 -0.0314636 0.248 3840 2
-0.0266965 -0.0324948 0.248 3840 2
-0.04279 -0.0285734 0.248 3608.78 2
-0.0404268 -0.0284536 0.248 3696.32 2
-0.0374476 -0.0286295 0.247882 3817.56 2
-0.0345863 -0.0288373 0.247793 3837.48 2
-0.0317818 -0.0289326 0.248 3838.39 2
-0.0291194 -0.0295313 0.248 3840 2
-0.0423113 -0.0268372 0.248 3644.5 2
-0.0402249 -0.0256922 0.248 3724.5 2
-0.0374653 -0.0254902 0.248 3819.06 2
-0.0353789 -0.0258269 0.248 3840 2
-0.0395653 -0.0229577 0.248 3743.6 2
-0.0377346 -0.0229757 0.248 3800.33 2
-0.0355808 -0.0233349 0.248 3835 2
-0.0130351 -0.0754648 0.249333 919.5 2
-0.0118194 -0.0754948 0.250333 1053.67 2
-0.0582829 -0.0729008 0.250556 1834.44 2
-0.0553105 -0.0731377 0.24925 1821.12 2
-0.0133466 -0.0735228 0.249812 2499.56 2
-0.0116301 -0.0735092 0.250714 2384.86 2
-0.0586107 -0.070529 0.250606 2031.67 2
-0.0552483 -0.070397 0.249185 2168.81 2
-0.0154511 -0.069954 0.249 3147.38 2
-0.0134866 -0.0704211 0.2497 2975.7 2
-0.0116538 -0.0706939 0.250667 2871.11 2
-0.0581069 -0.0676697 0.25068 2084.96 2
-0.0553723 -0.0674996 0.249571 2257.71 2
-0.0532943 -0.0667081 0.249 2425.75 2
-0.016366 -0.0673947 0.249 3334.69 2
-0.0134588 -0.0675186 0.249909 3041.03 2
-0.0114881 -0.0680619 0.251 2924 2
-0.0577969 -0.0645027 0.250944 2152.39 2
-0.0553978 -0.064598 0.250036 2353.86 2
-0.0528618 -0.0643278 0.249 2499.9 2
-0.0165393 -0.0645732 0.249111 3357.11 2
-0.0138843 -0.0647426 0.2505 3114.4 2
-0.0576279 -0.0618814 0.251 2191.22 2
-0.0554096 -0.0615398 0.250172 2387.31 2
-0.0526308 -0.0614949 0.249 2557.23 2
-0.0508615 -0.0607572 0.249 2708.5 2
-0.0164803 -0.0615283 0.24925 3427.31 2
-0.0142175 -0.061594 0.250529 3229.71 2
-0.0572646 -0.0585186 0.251 2227.5 2
-0.0555306 -0.0584486 0.250286 2397.5 2
-0.0525606 -0.0586706 0.249 2579.82 2
-0.0508615 -0.0591343 0.249 2752.5 2
-0.018875 -0.0581425 0.249 3593.33 2
-0.0165934 -0.0586015 0.2496 3477.83 2
-0.0142063 -0.0584922 0.250889 3279.78 2
-0.0572646 -0.0566099 0.251 2293 2
-0.0552551 -0.0555929 0.250478 2438.22 2
-0.0528164 -0.0555062 0.249348 2587.13 2
-0.0220286 -0.0549867 0.249 3678.5 2
-0.0194076 -0.055468 0.249077 3608.77 2
-0.0166378 -0.0555361 0.250029 3496.74 2
-0.0147578 -0.0555192 0.251 3391 2
-0.0550848 -0.0527926 0.251 2439.5 2
-0.0525606 -0.0525775 0.249448 2619.69 2
-0.0505912 -0.0521014 0.249 2776.88 2
-0.021591 -0.0529515 0.249 3706.57 2
-0.0195905 -0.0526209 0.249357 3653.36 2
-0.0166061 -0.0524984 0.250714 3518.6 2
-0.0147578 -0.0525199 0.251 3401.67 2
-0.0548123 -0.0495205 0.251 2512.3 2
-0.0526079 -0.0494999 0.249759 2668.86 2
-0.0505912 -0.0493965 0.249 2795.42 2
-0.0211276 -0.0493965 0.249 3739.67 2
-0.0195384 -0.0494822 0.249433 3679.13 2
-0.0167416 -0.0495717 0.2508 3561.9 2
-0.0147578 -0.0497932 0.251 3420.5 2
-0.0550167 -0.0463849 0.251 2502.75 2
-0.0527057 -0.0465158 0.249846 2684.85 2
-0.0505912 -0.046421 0.249 2838.4 2
-0.0211276 -0.046421 0.249 3733.6 2
-0.0195515 -0.0465329 0.2496 3684.6 2
-0.0168877 -0.0465361 0.250828 3602.66 2
-0.0549031 -0.0438854 0.251 2518.89 2
-0.0526257 -0.0435464 0.2501 2696.77 2
-0.0499301 -0.0432765 0.249044 2952.35 2
-0.021488 -0.0430849 0.249 3750.75 2
-0.0194608 -0.043508 0.24975 3710.59 2
-0.0172603 -0.0438185 0.25075 3623.94 2
-0.0547442 -0.0401817 0.251 2539.62 2
-0.0525175 -0.0404325 0.250444 2746.42 2
-0.0494119 -0.0403881 0.249571 3044.36 2
-0.0473475 -0.0399291 0.249 3205.67 2
-0.0243713 -0.0399291 0.249 3831.33 2
-0.0223128 -0.0403453 0.249 3816.42 2
-0.019337 -0.0404149 0.250333 3732.33 2
-0.0172101 -0.0416132 0.251 3665 2
-0.0550848 -0.0375232 0.251 2507.93 2
-0.0525292 -0.0374485 0.2505 2756.87 2
-0.0493051 -0.0374382 0.24963 3032.33 2
-0.046688 -0.0372891 0.249 3255.96 2
-0.0446444 -0.0361422 0.249 3460.5 2
-0.0247767 -0.037089 0.249 3825.33 2
-0.0224792 -0.0374947 0.249 3830.25 2
-0.0193628 -0.0374734 0.250667 3706.87 2
-0.0550848 -0.0358872 0.251 2493 2
-0.0521791 -0.0348725 0.250696 2803.35 2
-0.0494574 -0.0343995 0.2501 3037.93 2
-0.0466825 -0.0344085 0.249464 3268.61 2
-0.0441639 -0.034399 0.249 3507.94 2
-0.0251822 -0.0345193 0.249 3839.1 2
-0.0224792 -0.0345193 0.249 3833.53 2
-0.0193499 -0.0344549 0.2505 3741.64 2
-0.0512701 -0.0320698 0.251 2855.67 2
-0.0494728 -0.0315517 0.250652 3102.7 2
-0.0465816 -0.0314633 0.249556 3380.85 2
-0.0442119 -0.0317602 0.249 3553.15 2
-0.0271825 -0.0308405 0.249 3840 2
-0.0253753 -0.0314665 0.249 3840 2
-0.0225133 -0.0315922 0.249389 3835.75 2
-0.0199773 -0.0316171 0.250778 3783.22 2
-0.0493143 -0.0284968 0.25075 3114.75 2
-0.0466223 -0.0285322 0.249231 3354.5 2
-0.0444642 -0.0283881 0.249 3470.92 2
-0.0335618 -0.0274864 0.249 3840 2
-0.0311536 -0.0278799 0.249 3840 2
-0.0282947 -0.0283984 0.249036 3840 2
-0.0253805 -0.0283082 0.249758 3840 2
-0.022497 -0.0285498 0.250576 3837.24 2
-0.0204799 -0.0293432 0.251 3794.17 2
-0.0491078 -0.0255333 0.250778 3169.89 2
-0.0465415 -0.0256195 0.249724 3397.03 2
-0.0435932 -0.0255549 0.24903 3598.91 2
-0.0414007 -0.0247814 0.249 3671.67 2
-0.0340445 -0.0254963 0.249 3840 2
-0.0313993 -0.0255929 0.249 3840 2
-0.0284801 -0.0255688 0.249143 3840 2
-0.0253323 -0.025475 0.2505 3840 2
-0.0227719 -0.0256542 0.251 3840 2
-0.0484285 -0.0227213 0.251 3233.36 2
-0.0461932 -0.0224424 0.250067 3397.77 2
-0.0433863 -0.0223936 0.249533 3600.5 2
-0.040806 -0.0225093 0.249 3709.85 2
-0.037211 -0.0219413 0.249 3826.67 2
-0.0342762 -0.0225595 0.249 3838.89 2
-0.0313993 -0.0226175 0.249 3840 2
-0.0284511 -0.0224357 0.249571 3840 2
-0.0253612 -0.0225058 0.250778 3840 2
-0.0231501 -0.0229628 0.251 3840 2
-0.0482728 -0.0206178 0.251 3247 2
-0.0463072 -0.0195016 0.25068 3405.08 2
-0.0434879 -0.0194582 0.25012 3609.16 2
-0.0406326 -0.0196429 0.249581 3721.87 2
-0.0375903 -0.0196872 0.249086 3815.83 2
-0.0344418 -0.0196798 0.2495 3839.5 2
-0.0314705 -0.0196853 0.249567 3840 2
-0.0286412 -0.0195416 0.250516 3840 2
-0.0253845 -0.0195272 0.251 3840 2
-0.0234771 -0.0195272 0.251 3840 2
-0.046307 -0.0166252 0.251 3443.82 2
-0.0434817 -0.0164491 0.250939 3646.91 2
-0.0403731 -0.0165417 0.250091 3736.33 2
-0.0374759 -0.0164525 0.249867 3825.23 2
-0.0345108 -0.016462 0.25 3839.89 2
-0.0315254 -0.016462 0.25 3840 2
-0.0286343 -0.0165168 0.250833 3840 2
-0.0254234 -0.0165667 0.251 3840 2
-0.0229741 -0.0166327 0.251 3840 2
-0.0458205 -0.0135285 0.251 3461.87 2
-0.0434655 -0.0135869 0.251 3652.61 2
-0.040349 -0.0134205 0.250111 3725.67 2
-0.0374961 -0.0134746 0.25 3821.48 2
-0.0345286 -0.0134813 0.250133 3839.57 2
-0.0313864 -0.0134732 0.25069 3840 2
-0.0284401 -0.0135682 0.250961 3840 2
-0.0258127 -0.0136843 0.251 3840 2
-0.0456025 -0.0109654 0.251 3513.9 2
-0.0434483 -0.010465 0.251 3648.26 2
-0.0403724 -0.0105695 0.250375 3741.19 2
-0.0373916 -0.0104464 0.250588 3824.65 2
-0.0344695 -0.0105944 0.250937 3840 2
-0.0315153 -0.0106655 0.251 3840 2
-0.0286542 -0.0116198 0.251 3840 2
-0.0430957 -0.0075298 0.251 3638.64 2
-0.0403709 -0.00752979 0.251 3742.64 2
-0.0376025 -0.00761705 0.251 3818.32 2
-0.0341856 -0.00772066 0.251 3839.85 2
-0.031924 -0.00752979 0.251 3840 2
-0.04294 -0.00495893 0.251 3648.95 2
-0.0403709 -0.00480312 0.251 3742.56 2
-0.0377409 -0.00487425 0.251 3813.78 2
-0.0335589 -0.00589379 0.251 3840 2
-0.031924 -0.00589379 0.251 3840 2
-0.0100091 -0.0754671 0.252667 1622 2
-0.00821334 -0.0757657 0.253667 1449.67 2
-0.0637395 -0.0727384 0.254 1338.17 2
-0.0616318 -0.0731715 0.252471 1453.53 2
-0.0596813 -0.0738082 0.252 1818 2
-0.0102331 -0.0735421 0.252455 2419.32 2
-0.00859227 -0.0735662 0.254 2414.83 2
-0.0637395 -0.0708069 0.254 1449.75 2
-0.0617603 -0.0704343 0.252667 1699.96 2
-0.0101371 -0.0705258 0.252545 2759.86 2
-0.00859227 -0.070531 0.254 2612.7 2
-0.0613821 -0.0675956 0.253083 1803.92 2
-0.0594624 -0.0669096 0.252 2018.6 2
-0.012081 -0.0666906 0.252 2957.33 2
-0.0104017 -0.067495 0.25272 2800.84 2
-0.00859226 -0.0685995 0.254 2604.25 2
-0.0610584 -0.0643892 0.253312 1806.44 2
-0.0594077 -0.0645005 0.252 2005.2 2
-0.012567 -0.0643174 0.252357 3019.21 2
-0.0110514 -0.0646082 0.2535 2909.94 2
-0.0612056 -0.0615499 0.253647 1746.53 2
-0.0590172 -0.0613182 0.2522 2040.05 2
-0.0126744 -0.0614802 0.252294 3092.82 2
-0.0104765 -0.0614311 0.253828 2873.86 2
-0.0609821 -0.0583902 0.254 1809.3 2
-0.0590389 -0.0584546 0.252545 2033.36 2
-0.0126119 -0.0584619 0.252375 3111.25 2
-0.010812 -0.0585693 0.2537 2922.65 2
-0.0601549 -0.055631 0.254 1927.6 2
-0.0585253 -0.0555413 0.252909 2087.55 2
-0.0569456 -0.0551929 0.252 2298 2
-0.0132212 -0.0554572 0.252172 3226.93 2
-0.0110586 -0.055558 0.253667 3026.6 2
-0.0601549 -0.0525957 0.254 1913.33 2
-0.0583745 -0.052332 0.253107 2093.68 2
-0.0562891 -0.0524006 0.252 2340.4 2
-0.0131395 -0.0523746 0.252464 3244.21 2
-0.0111927 -0.0529229 0.253583 3057.5 2
-0.0603913 -0.0492452 0.254 1900.43 2
-0.0584422 -0.0494584 0.253091 2094.95 2
-0.0562891 -0.0492798 0.252 2331.8 2
-0.0153637 -0.048349 0.252 3523 2
-0.0133792 -0.0493615 0.25269 3320.52 2
-0.0116254 -0.0495606 0.254 3124 2
-0.0606061 -0.0471023 0.254 1863.18 2
-0.0584701 -0.0464408 0.253167 2120.29 2
-0.0565201 -0.046737 0.252 2351.22 2
-0.0153637 -0.0464328 0.252 3563.8 2
-0.013606 -0.0465654 0.253034 3376.1 2
-0.0116254 -0.0476291 0.254 3077.5 2
-0.0583094 -0.0436137 0.253588 2124.76 2
-0.0561969 -0.0431189 0.252 2367.68 2
-0.0158767 -0.0432504 0.252 3568.88 2
-0.0137839 -0.0434808 0.253172 3431.45 2
-0.0116254 -0.0423865 0.254 3204 2
-0.0584061 -0.0405375 0.253437 2096.5 2
-0.0561857 -0.0405319 0.252 2375.22 2
-0.0163972 -0.0403427 0.252174 3610.26 2
-0.0134528 -0.0405025 0.253515 3390.06 2
-0.0116254 -0.040455 0.254 3227.17 2
-0.0585534 -0.0374401 0.253429 2074.05 2
-0.0566721 -0.0373989 0.252 2289 2
-0.0164959 -0.037488 0.2526 3634.3 2
-0.0138038 -0.0375569 0.253517 3490.93 2
-0.0116254 -0.0385235 0.254 3221 2
-0.0578057 -0.0346607 0.253714 2178.64 2
-0.0554827 -0.0344069 0.252615 2485.77 2
-0.0531157 -0.0337032 0.252 2652.62 2
-0.0164805 -0.0344362 0.25236 3657.32 2
-0.0141931 -0.0345666 0.253737 3553.58 2
-0.0573976 -0.0316253 0.254 2259 2
-0.0555714 -0.0315712 0.253571 2498.57 2
-0.052784 -0.0313396 0.252444 2738.41 2
-0.0509272 -0.0305551 0.252 2941.67 2
-0.0186465 -0.0311026 0.252 3734.12 2
-0.0165223 -0.0315 0.253 3686.6 2
-0.0144098 -0.0314368 0.253875 3588.62 2
-0.0554674 -0.0285902 0.254 2526.65 2
-0.0527363 -0.0284551 0.2528 2796.8 2
-0.0509272 -0.0283651 0.252 2947.8 2
-0.0192989 -0.0282388 0.252 3777.46 2
-0.0165355 -0.0285001 0.2532 3693.24 2
-0.0145666 -0.0289581 0.254 3621.22 2
-0.0551917 -0.0258309 0.254 2504.5 2
-0.0527799 -0.0254842 0.252827 2770.59 2
-0.050722 -0.0254222 0.252 2982.38 2
-0.0216557 -0.0253537 0.252 3840 2
-0.0194216 -0.0255559 0.252312 3780.84 2
-0.0165569 -0.0255077 0.253533 3709.27 2
-0.0149342 -0.025555 0.254 3645.5 2
-0.054725 -0.0223925 0.254 2582.69 2
-0.0524583 -0.0225106 0.253192 2798.08 2
-0.0500661 -0.0226155 0.252158 3054.11 2
-0.0220935 -0.0223973 0.252 3839.4 2
-0.0195621 -0.0225719 0.252412 3797.09 2
-0.0165612 -0.0224844 0.2536 3716.96 2
-0.0149342 -0.0225198 0.254 3665.4 2
-0.0544196 -0.0205332 0.254 2621.4 2
-0.0522669 -0.0195595 0.253778 2838.11 2
-0.0495339 -0.019378 0.252615 3154.88 2
-0.0222029 -0.019605 0.252 3840 2
-0.0194455 -0.0195508 0.252625 3799.94 2
-0.0168415 -0.0194583 0.253667 3728.17 2
-0.0540887 -0.0161735 0.254 2662 2
-0.0522193 -0.0164041 0.253682 2842.32 2
-0.049262 -0.0164536 0.252185 3145 2
-0.0473709 -0.0152249 0.252 3264 2
-0.0241178 -0.0152249 0.252 3840 2
-0.0220259 -0.0165131 0.252 3840 2
-0.0195576 -0.0165357 0.252353 3821.47 2
-0.0168644 -0.0164494 0.254 3770 2
-0.0520048 -0.0135881 0.25365 2919.9 2
-0.0493258 -0.0135932 0.2522 3165.92 2
-0.0473709 -0.0135824 0.252 3324.9 2
-0.0244826 -0.0132174 0.252 3840 2
-0.0224764 -0.0135824 0.252 3840 2
-0.0194743 -0.013438 0.252941 3819.91 2
-0.0169145 -0.0135397 0.254 3777.27 2
-0.0517113 -0.0107852 0.253833 2866.33 2
-0.0494568 -0.0106066 0.252867 3136.17 2
-0.0469332 -0.0103521 0.252 3375.8 2
-0.0304098 -0.00947607 0.252 3840 2
-0.0283954 -0.0101729 0.252 3840 2
-0.0254856 -0.0105711 0.252 3840 2
-0.0224169 -0.010522 0.2525 3840 2
-0.0197451 -0.0106839 0.253692 3825.58 2
-0.0174158 -0.0114828 0.254 3768 2
-0.0513314 -0.00789572 0.254 2911.75 2
-0.0495181 -0.00764773 0.253417 3097.58 2
-0.0465953 -0.00756647 0.25224 3384.72 2
-0.0449088 -0.00755979 0.252 3523.6 2
-0.0363735 -0.00712179 0.252 3834.4 2
-0.0352792 -0.00679328 0.252 3835.8 2
-0.0304098 -0.00755979 0.252 3840 2
-0.0284949 -0.0075598 0.252 3840 2
-0.025542 -0.00757592 0.252567 3840 2
-0.0223279 -0.00760206 0.253433 3840 2
-0.0200813 -0.00798769 0.254 3836.33 2
-0.0493336 -0.00470789 0.253909 3154.59 2
-0.0466408 -0.00451762 0.252774 3382.42 2
-0.0440881 -0.004001 0.252 3592 2
-0.0405317 -0.00317974 0.252 3729.2 2
-0.0368702 -0.00393782 0.252 3822.69 2
-0.0345719 -0.00445074 0.252 3839.86 2
-0.0314357 -0.00437741 0.252 3840 2
-0.0285204 -0.00455217 0.252233 3840 2
-0.0255973 -0.00456783 0.253111 3840 2
-0.0226451 -0.00472512 0.253897 3840 2
-0.0204489 -0.00596424 0.254 3840 2
-0.0486134 -0.00147058 0.254 3197.21 2
-0.046306 -0.00158681 0.253308 3406.12 2
-0.0433507 -0.00153928 0.25248 3632.88 2
-0.0405317 -0.00153722 0.252 3713.64 2
-0.0375225 -0.00153722 0.252 3816.7 2
-0.0345133 -0.00153722 0.252 3840 2
-0.0315041 -0.00153722 0.252 3840 2
-0.02858 -0.00154133 0.25276 3840 2
-0.0256495 -0.00154675 0.253633 3840 2
-0.0235214 -0.00186476 0.254 3840 2
-0.0483534 0.00104429 0.254 3172 2
-0.0463442 0.00148557 0.253867 3381.87 2
-0.0434391 0.00147992 0.253 3623.97 2
-0.0404987 0.00154459 0.253 3735.59 2
-0.0374439 0.00141065 0.252625 3804.91 2
-0.0344877 0.00154743 0.252562 3837.66 2
-0.0314742 0.00141335 0.252412 3840 2
-0.0286079 0.00147992 0.253 3840 2
-0.0256472 0.00148301 0.253611 3840 2
-0.0237578 0.00148577 0.254 3840 2
-0.0460311 0.00439833 0.254 3374.89 2
-0.0435014 0.00451061 0.25336 3607.52 2
-0.0404234 0.0045039 0.253033 3700.83 2
-0.0373967 0.00450316 0.253 3793.56 2
-0.0343755 0.00450316 0.253 3838.93 2
-0.0313544 0.00450316 0.253 3840 2
-0.0286079 0.00450316 0.253 3840 2
-0.0256357 0.00451206 0.2535 3840 2
-0.0237578 0.00452096 0.254 3840 2
-0.0455409 0.00617652 0.254 3381.5 2
-0.043404 0.0073492 0.254 3585.21 2
-0.0404904 0.00753992 0.253444 3703.81 2
-0.0373967 0.0075264 0.253 3784.17 2
-0.0343792 0.00752738 0.253028 3837.17 2
-0.0314239 0.00754445 0.253567 3840 2
-0.0284685 0.00759209 0.253857 3840 2
-0.02556 0.00716221 0.253875 3840 2
-0.0237578 0.00672837 0.254 3840 2
-0.042959 0.0102903 0.254 3594.82 2
-0.040562 0.0105876 0.2539 3694.33 2
-0.037515 0.0105839 0.2538 3783.56 2
-0.0344524 0.0105743 0.253567 3823.27 2
-0.0314784 0.0105913 0.254 3839.56 2
-0.0284453 0.00948763 0.254 3840 2
-0.0397505 0.0125228 0.254 3714.33 2
-0.0373515 0.0131575 0.254 3778.35 2
-0.0345115 0.0133506 0.254 3829.2 2
-0.0315503 0.0132546 0.254 3840 2
-0.0367174 0.0150062 0.254 3781 2
-0.0346493 0.0158064 0.254 3799.7 2
-0.0320298 0.0150062 0.254 3839.67 2
-0.00686449 -0.0758025 0.2554 1652.2 2
-0.00534584 -0.0761101 0.257 1487.75 2
-0.0664646 -0.0727549 0.256 998.5 2
-0.0650977 -0.0730247 0.255 1124.67 2
-0.00693312 -0.0736359 0.255727 2331.36 2
-0.00534583 -0.0747142 0.257 2067 2
-0.0666724 -0.0707497 0.2568 1082.1 2
-0.0650218 -0.0702517 0.255667 1295.11 2
-0.00700259 -0.0706438 0.256417 2449.79 2
-0.0644297 -0.0674979 0.255952 1418.19 2
-0.0626063 -0.0669305 0.255 1662.67 2
-0.00973338 -0.0663764 0.255 2706.5 2
-0.00797941 -0.0673656 0.2556 2543 2
-0.0639927 -0.0645787 0.25625 1459 2
-0.0626063 -0.0644374 0.255 1639.33 2
-0.00973338 -0.0647144 0.255 2764.4 2
-0.00777738 -0.0643571 0.255786 2574.43 2
-0.0640751 -0.0619509 0.256615 1439.62 2
-0.0623295 -0.0608362 0.255 1614 2
-0.00790929 -0.0615243 0.25575 2583.58 2
-0.063796 -0.0585685 0.256545 1488.91 2
-0.0624517 -0.0584559 0.2555 1656.67 2
-0.00973338 -0.0580661 0.255 2842.17 2
-0.00816188 -0.0585066 0.256273 2679 2
-0.0638147 -0.0559689 0.257 1502.57 2
-0.0618672 -0.0554808 0.255522 1754.7 2
-0.00973338 -0.0555729 0.255 2906.08 2
-0.00830296 -0.0556092 0.256444 2726.06 2
-0.0630974 -0.0529378 0.257 1573.67 2
-0.0617727 -0.0523198 0.255588 1745.41 2
-0.0101194 -0.0522466 0.255444 2993.39 2
-0.00869375 -0.0523794 0.257 2790.6 2
-0.0639343 -0.0493084 0.257 1410.38 2
-0.0619732 -0.0496782 0.255556 1690.83 2
-0.0103547 -0.0494405 0.255455 2991.27 2
-0.00869375 -0.0495876 0.257 2879.8 2
-0.0636553 -0.0468888 0.257 1489.83 2
-0.0619644 -0.046266 0.255706 1697.47 2
-0.0598381 -0.0453235 0.255 1984 2
-0.0122248 -0.0461545 0.255 3249.25 2
-0.0105028 -0.0464695 0.256154 3033.77 2
-0.00869375 -0.0473541 0.257 2810.83 2
-0.0630974 -0.0434455 0.257 1596.4 2
-0.061442 -0.0435381 0.255909 1825.45 2
-0.0598381 -0.0436614 0.255 1974.8 2
-0.0122248 -0.0439384 0.255 3232.75 2
-0.0105573 -0.0436474 0.256 3076.67 2
-0.00869375 -0.0426079 0.257 2933.75 2
-0.0630974 -0.0406536 0.257 1585.2 2
-0.0614129 -0.0405671 0.255952 1788.1 2
-0.0598381 -0.0406143 0.255 1946.17 2
-0.0103547 -0.0405603 0.255455 3108.55 2
-0.00869375 -0.0406536 0.257 2973.2 2
-0.0630974 -0.038141 0.257 1535.25 2
-0.0613988 -0.0375438 0.256045 1793.41 2
-0.0598381 -0.0386752 0.255 1938 2
-0.0122248 -0.0372901 0.255 3278.75 2
-0.0105299 -0.0374565 0.256143 3148.75 2
-0.00869375 -0.0389785 0.257 2957.5 2
-0.0610897 -0.0344488 0.256533 1839.33 2
-0.0592386 -0.0343804 0.255143 2043.43 2
-0.0127588 -0.0343888 0.255313 3379.94 2
-0.0106773 -0.0345393 0.256731 3170.77 2
-0.0605953 -0.0318619 0.2568 1892.7 2
-0.0587624 -0.0313381 0.255667 2128.5 2
-0.0127944 -0.031514 0.255333 3456.87 2
-0.0108066 -0.0316929 0.256783 3292.96 2
-0.0603074 -0.0283695 0.257 1960 2
-0.058314 -0.0284622 0.255759 2192.55 2
-0.0132154 -0.028281 0.255231 3490.35 2
-0.0112224 -0.0284324 0.256625 3301.5 2
-0.0603074 -0.0255776 0.257 1931.4 2
-0.0583618 -0.0254582 0.2558 2159.88 2
-0.0562394 -0.0251016 0.255 2411.75 2
-0.0133457 -0.0254061 0.25528 3575.28 2
-0.0111894 -0.0255445 0.256667 3322.8 2
-0.0603074 -0.0236234 0.257 1935.5 2
-0.0582182 -0.0224968 0.255923 2182.58 2
-0.0562394 -0.0226085 0.255 2438.9 2
-0.0133135 -0.0225021 0.255821 3541.46 2
-0.0115477 -0.0228439 0.256875 3339.38 2
-0.0581676 -0.0195176 0.256444 2175.5 2
-0.0555816 -0.0193565 0.25508 2496.52 2
-0.053748 -0.0187303 0.255 2712 2
-0.0155466 -0.0195613 0.255 3713.5 2
-0.0138253 -0.0195668 0.255903 3599.84 2
-0.0117627 -0.0199939 0.257 3410.67 2
-0.0577065 -0.0166165 0.2566 2245.3 2
-0.0556012 -0.0165664 0.255435 2497.57 2
-0.053748 -0.0166988 0.255 2698.33 2
-0.0155466 -0.0165142 0.255 3746.6 2
-0.0139489 -0.0165919 0.2562 3627.16 2
-0.0577965 -0.0135727 0.257 2219.58 2
-0.0555551 -0.0135013 0.255667 2498.6 2
-0.0535635 -0.01319 0.255 2750.44 2
-0.0157542 -0.0131208 0.255 3740.62 2
-0.0139489 -0.0135304 0.2562 3631.27 2
-0.0577965 -0.0105016 0.257 2261.4 2
-0.0556719 -0.010469 0.2562 2492.96 2
-0.0531548 -0.0101825 0.255 2749 2
-0.0185917 -0.00958888 0.255 3810.75 2
-0.0163641 -0.0103086 0.255296 3729.52 2
-0.0141487 -0.0107454 0.256692 3627.15 2
-0.0557433 -0.00741653 0.256533 2486.87 2
-0.052942 -0.00746136 0.255174 2775.3 2
-0.0509798 -0.00654174 0.255 3010 2
-0.0190069 -0.00744203 0.255 3816.44 2
-0.016447 -0.00740394 0.256111 3750.97 2
-0.0142736 -0.00798898 0.257 3641 2
-0.054964 -0.00457887 0.2568 2559 2
-0.0526919 -0.00456392 0.255741 2775.07 2
-0.0507722 -0.00425639 0.255 2998 2
-0.0213204 -0.00400906 0.255 3840 2
-0.0194091 -0.00456074 0.255345 3815.34 2
-0.0165608 -0.00443328 0.256643 3740.86 2
-0.0544486 -0.00156772 0.257 2599.2 2
-0.0525709 -0.00156162 0.256 2830.5 2
-0.0504262 -0.00155552 0.255 2990.07 2
-0.0221181 -0.00145916 0.255 3840 2
-0.019476 -0.00155956 0.25572 3836.56 2
-0.0170293 -0.00156467 0.2565 3761.9 2
-0.0541696 0.00150332 0.257 2609 2
-0.052511 0.00158539 0.256231 2770.69 2
-0.0499187 0.00158396 0.255 3043.71 2
-0.0222014 0.00149269 0.255133 3840 2
-0.0194929 0.00149737 0.255933 3807.93 2
-0.0166279 0.001642 0.25675 3743.59 2
-0.0520653 0.00444285 0.256556 2819.44 2
-0.0493661 0.00454355 0.25524 3100.68 2
-0.0474207 0.00485534 0.255 3296 2
-0.0222069 0.00454232 0.2552 3840 2
-0.0195158 0.00456135 0.25624 3811.44 2
-0.0165853 0.00449459 0.257 3744.11 2
-0.0516587 0.00736621 0.257 2833 2
-0.0495208 0.00733974 0.25604 3096.52 2
-0.0465806 0.00753525 0.25516 3347.68 2
-0.0446129 0.00841693 0.255 3510.83 2
-0.0251958 0.00873352 0.255 3840 2
-0.022437 0.00753953 0.2553 3840 2
-0.0195522 0.00735853 0.25672 3796.08 2
-0.0173425 0.00666825 0.257 3752.5 2
-0.0496423 0.0104243 0.256667 3042 2
-0.0467287 0.0104811 0.255643 3309.93 2
-0.0442965 0.0108705 0.255 3499.79 2
-0.0285573 0.0109101 0.255 3840 2
-0.0255434 0.0106471 0.25532 3840 2
-0.0224966 0.0105325 0.256212 3840 2
-0.0195745 0.0104373 0.257 3807.43 2
-0.0493916 0.0133181 0.256737 3065.84 2
-0.0466758 0.0134392 0.25568 3277 2
-0.0435056 0.0134032 0.255 3546.57 2
-0.0406354 0.0136656 0.255 3679.21 2
-0.0384675 0.0141788 0.255 3753.6 2
-0.0307718 0.0145112 0.255 3840 2
-0.0285573 0.0134032 0.255 3840 2
-0.0254539 0.013527 0.256214 3839.96 2
-0.0225289 0.0133971 0.256923 3836.62 2
-0.0202719 0.0129499 0.257 3824.75 2
-0.0492797 0.0166274 0.256714 3043.52 2
-0.0467332 0.0165148 0.256 3236.93 2
-0.0435333 0.0164616 0.255167 3497.58 2
-0.0404714 0.016455 0.255067 3656.03 2
-0.0375852 0.0166201 0.255 3736.29 2
-0.034115 0.0171535 0.255 3818 2
-0.0314879 0.0166507 0.255036 3837.21 2
-0.0285581 0.0164355 0.255371 3840 2
-0.0253659 0.0165363 0.256333 3837.5 2
-0.0226941 0.0164524 0.257 3835.59 2
-0.0487419 0.0192443 0.257 3060 2
-0.0463033 0.0195804 0.25608 3242.2 2
-0.0434359 0.01952 0.255846 3507.08 2
-0.0406005 0.0195652 0.25588 3662.4 2
-0.0374358 0.0195078 0.255133 3747.3 2
-0.0343705 0.0194974 0.255 3811.36 2
-0.0313939 0.0195415 0.255567 3839.77 2
-0.0283913 0.0195739 0.256 3839.56 2
-0.0253659 0.0195994 0.256333 3836.43 2
-0.0232014 0.0196504 0.257 3838.8 2
-0.0462796 0.0224043 0.25656 3253.8 2
-0.0433983 0.0223549 0.256 3468.44 2
-0.0406193 0.0223549 0.256 3644.08 2
-0.037485 0.0223092 0.255467 3733.43 2
-0.0343975 0.0222859 0.2552 3781.68 2
-0.0314398 0.0223493 0.255933 3833 2
-0.0284 0.0223622 0.25608 3836.64 2
-0.0254983 0.0223504 0.256857 3830.04 2
-0.0232014 0.0216046 0.257 3839.5 2
-0.0457802 0.0255027 0.256889 3299.22 2
-0.0434892 0.0254684 0.256533 3451.77 2
-0.0405741 0.0255224 0.256375 3593 2
-0.0375059 0.0253668 0.256177 3695.38 2
-0.0345459 0.0254451 0.2563 3752.83 2
-0.0314688 0.0254314 0.256167 3820.78 2
-0.0285175 0.0253754 0.256607 3817.82 2
-0.0262703 0.0245361 0.257 3826.75 2
-0.0452418 0.0277467 0.257 3282.5 2
-0.0435679 0.0277467 0.257 3464.7 2
-0.0404989 0.0283051 0.257 3614.42 2
-0.037554 0.0282431 0.257 3698.11 2
-0.0346401 0.0277467 0.257 3746.3 2
-0.0315712 0.0277467 0.257 3795.83 2
-0.0291997 0.0276071 0.257 3807.5 2
-0.0367325 0.0352847 0.257 3693 2
-0.0348261 0.0353778 0.257 3737.25 2
-0.0372208 0.0370994 0.257 3677.81 2
-0.0348493 0.0370994 0.257 3715.5 2
-0.00406358 -0.0764824 0.258769 1317.92 2
-0.00286799 -0.077281 0.26 841.333 2
-0.00476752 -0.0733756 0.258727 2129.45 2
-0.0681704 -0.0703511 0.258857 857 2
-0.00493792 -0.0705388 0.2591 2162.95 2
-0.0670236 -0.0674771 0.2588 1087.87 2
-0.0655835 -0.0665968 0.258 1291.67 2
-0.00648694 -0.0674376 0.258 2420.17 2
-0.00497186 -0.0673034 0.259375 2222.94 2
-0.0674433 -0.0646744 0.259714 1039 2
-0.0657869 -0.0645533 0.2588 1281.2 2
-0.00648694 -0.0654757 0.258 2426 2
-0.00478297 -0.0645861 0.259545 2166.55 2
-0.0670895 -0.061481 0.259625 1085.94 2
-0.0653999 -0.0611899 0.2586 1329.3 2
-0.00648694 -0.0615519 0.258 2458.9 2
-0.00488371 -0.0614887 0.259455 2252.73 2
-0.0667014 -0.0587662 0.259625 1167.62 2
-0.0653236 -0.0584812 0.2583 1355.2 2
-0.00648694 -0.0584689 0.258 2503.25 2
-0.00507081 -0.0587207 0.259286 2345.86 2
-0.0666564 -0.0560978 0.26 1138 2
-0.0650415 -0.0553099 0.258625 1345.25 2
-0.00691649 -0.0552554 0.258375 2535.25 2
-0.00540477 -0.0554963 0.259833 2382.58 2
-0.0660919 -0.0527084 0.26 1209.75 2
-0.064787 -0.0525938 0.258667 1353.22 2
-0.00700989 -0.0525409 0.258545 2582.95 2
-0.00540824 -0.052426 0.26 2462.4 2
-0.0653277 -0.0496592 0.258833 1276.67 2
-0.00710946 -0.0494596 0.258455 2668.64 2
-0.00540823 -0.0496015 0.26 2492.8 2
-0.0660919 -0.0462122 0.26 1196.4 2
-0.0648143 -0.0463735 0.2588 1360.07 2
-0.00900765 -0.0458567 0.258 2876.33 2
-0.00719351 -0.0463719 0.25888 2741.76 2
-0.00540823 -0.0476245 0.26 2412.25 2
-0.0660919 -0.0433877 0.26 1167.2 2
-0.0646956 -0.043428 0.259059 1381.53 2
-0.00900765 -0.0441751 0.258 2888 2
-0.00724839 -0.0435612 0.258696 2762.96 2
-0.00540823 -0.0431053 0.26 2530.75 2
-0.0660919 -0.0408458 0.26 1169.25 2
-0.0646027 -0.0404428 0.258714 1379.14 2
-0.00711939 -0.0405306 0.258818 2741.14 2
-0.0643119 -0.0372315 0.259 1438.21 2
-0.0627827 -0.0366077 0.258 1680 2
-0.00900765 -0.0374486 0.258 2972.6 2
-0.00729821 -0.0375058 0.259259 2811.67 2
-0.0637084 -0.0345989 0.259333 1535.93 2
-0.0624093 -0.034459 0.258 1701 2
-0.00900765 -0.0346459 0.258 3032.6 2
-0.00737966 -0.0344707 0.259185 2837.19 2
-0.0634787 -0.0314894 0.2597 1567.4 2
-0.0618113 -0.0312769 0.258286 1760.07 2
-0.00943069 -0.0311522 0.258083 3119.17 2
-0.00747675 -0.0315928 0.259208 2929.42 2
-0.0634667 -0.0284964 0.259545 1540.36 2
-0.0617428 -0.0285167 0.258333 1786.13 2
-0.00957946 -0.0285167 0.258333 3138.07 2
-0.00790564 -0.0284688 0.259706 2962.65 2
-0.0631478 -0.0255429 0.2595 1534.83 2
-0.0618623 -0.0254773 0.258833 1746.28 2
-0.00954591 -0.025609 0.258375 3146.69 2
-0.00797148 -0.0253803 0.259625 2967.75 2
-0.0632694 -0.0230518 0.26 1524.67 2
-0.061558 -0.0224291 0.258941 1798 2
-0.0599819 -0.0220336 0.258 1972.5 2
-0.0101343 -0.0225025 0.258741 3248.85 2
-0.00813665 -0.0228635 0.26 3042.11 2
-0.0612049 -0.0195087 0.259222 1829.5 2
-0.0595618 -0.0193711 0.258 2022 2
-0.0123686 -0.0186704 0.258 3479.5 2
-0.0102795 -0.0195049 0.258741 3324.04 2
-0.00851298 -0.0196624 0.26 3106.8 2
-0.0611769 -0.0165237 0.2595 1832 2
-0.0591417 -0.0164282 0.258 2123.08 2
-0.0123686 -0.0164282 0.258 3484.33 2
-0.0104371 -0.0164773 0.258778 3297.83 2
-0.00851298 -0.0165555 0.26 3105 2
-0.0611769 -0.0134228 0.2595 1799.35 2
-0.0591417 -0.0133452 0.258 2064.3 2
-0.0123686 -0.0133452 0.258 3510.6 2
-0.0106128 -0.0134731 0.259259 3368.3 2
-0.00851298 -0.014296 0.26 3104.5 2
-0.0608005 -0.010791 0.2595 1844.42 2
-0.0592334 -0.0105575 0.2584 2072.2 2
-0.0128857 -0.01037 0.258 3546.77 2
-0.0107357 -0.0105915 0.2592 3318.48 2
-0.0607291 -0.00808223 0.26 1853.5 2
-0.0586962 -0.00747397 0.2585 2137 2
-0.0131964 -0.00726357 0.258273 3579.32 2
-0.0107448 -0.00749999 0.2594 3380.5 2
-0.0585148 -0.00449559 0.259261 2141.96 2
-0.0561826 -0.00407193 0.258091 2424.45 2
-0.0154494 -0.00325545 0.258 3678.5 2
-0.0135108 -0.00438347 0.25844 3587.4 2
-0.0110263 -0.00458438 0.259737 3391.79 2
-0.058115 -0.00158398 0.259667 2184.27 2
-0.056134 -0.00157585 0.258333 2437.8 2
-0.0154495 -0.00157382 0.258 3701.6 2
-0.0135267 -0.00157828 0.25876 3602.24 2
-0.0116515 -0.00190732 0.259857 3437.14 2
-0.0579635 0.00162344 0.259909 2193.32 2
-0.0557644 0.00140072 0.2587 2467.8 2
-0.0154494 0.000388085 0.258 3698 2
-0.0135154 0.00151142 0.258533 3618.67 2
-0.0114031 0.00184137 0.259714 3448.57 2
-0.0573421 0.00462775 0.26 2261.9 2
-0.0553819 0.00460551 0.25875 2475.3 2
-0.0535801 0.00491247 0.258 2637 2
-0.0154494 0.00571324 0.258 3700 2
-0.0135045 0.00459837 0.25832 3626.16 2
-0.0113648 0.0044488 0.259692 3445 2
-0.0573421 0.0074522 0.26 2227.9 2
-0.0552636 0.00747933 0.259292 2446.12 2
-0.0530564 0.00729296 0.258 2657 2
-0.0162751 0.00765547 0.258182 3700.86 2
-0.0136582 0.00736183 0.259391 3616.87 2
-0.0119 0.00688731 0.26 3542 2
-0.0573421 0.0094293 0.26 2197.5 2
-0.0553036 0.0105472 0.2597 2465.47 2
-0.0524541 0.0104854 0.258167 2738.62 2
-0.0165898 0.0104914 0.258333 3712.47 2
-0.0138757 0.0105591 0.26 3623.58 2
-0.0547741 0.0136594 0.259867 2529.67 2
-0.0523264 0.0136568 0.258435 2739.17 2
-0.0504593 0.0141214 0.258 2974.67 2
-0.0213311 0.0146819 0.258 3840 2
-0.0192499 0.0138754 0.258056 3784.56 2
-0.0165619 0.0135575 0.258655 3674.76 2
-0.0144403 0.0133836 0.26 3549.62 2
-0.0546137 0.0161138 0.26 2451.89 2
-0.0522892 0.0163722 0.2585 2698.79 2
-0.0504593 0.015803 0.258 2980.33 2
-0.0213311 0.0163636 0.258 3817.2 2
-0.0193919 0.016383 0.2583 3769.07 2
-0.0165551 0.0163083 0.259667 3674.48 2
-0.0542374 0.01875 0.26 2511 2
-0.0521861 0.0192347 0.258917 2708.58 2
-0.0498331 0.0200129 0.258071 2987.57 2
-0.0218913 0.0194465 0.258 3815.06 2
-0.0194314 0.0195096 0.258833 3764.67 2
-0.0170073 0.0194108 0.259875 3718.81 2
-0.0519775 0.0221976 0.2598 2728.6 2
-0.0494552 0.0225825 0.2586 2942.96 2
-0.024412 0.0236506 0.258 3839 2
-0.0222953 0.022694 0.258048 3826.81 2
-0.0194372 0.0226084 0.2589 3743.2 2
-0.0169314 0.0224845 0.259765 3662.71 2
-0.0521205 0.0257404 0.26 2687.19 2
-0.0495392 0.0254349 0.25904 2943.48 2
-0.0473784 0.0253322 0.258 3130.6 2
-0.0252267 0.025587 0.258 3811.45 2
-0.0225099 0.0253999 0.25868 3807.64 2
-0.019487 0.0254868 0.259567 3731.33 2
-0.0170831 0.0252205 0.26 3657.27 2
-0.0522617 0.0283531 0.26 2662.35 2
-0.0495111 0.0283934 0.259222 2874.56 2
-0.0467391 0.0286555 0.25824 3132.24 2
-0.0436324 0.0292911 0.258 3450.31 2
-0.0403764 0.0298166 0.258 3609.2 2
-0.0372556 0.0295764 0.258 3698.29 2
-0.0344948 0.029256 0.258 3752.06 2
-0.0314139 0.029256 0.258 3793.27 2
-0.0283608 0.0287704 0.258042 3806.92 2
-0.0255144 0.0284014 0.258229 3806.23 2
-0.0225384 0.0285254 0.259 3775.6 2
-0.0197051 0.0283295 0.259786 3736.82 2
-0.017545 0.0275057 0.26 3686.5 2
-0.0516971 0.0308951 0.26 2688.12 2
-0.0497283 0.0315262 0.259714 2875.82 2
-0.0466403 0.0315671 0.25856 3191.08 2
-0.0434573 0.0314982 0.258 3459.37 2
-0.0403764 0.0314982 0.258 3613.76 2
-0.0375757 0.0314982 0.258 3659.12 2
-0.0345209 0.0315224 0.2582 3726.93 2
-0.031424 0.0315079 0.25808 3754.68 2
-0.0284443 0.031451 0.258107 3807.11 2
-0.0254597 0.0316643 0.258852 3799.22 2
-0.0225451 0.0316303 0.25908 3779.68 2
-0.019812 0.0313897 0.259852 3713.15 2
-0.0493453 0.0344275 0.2598 2876 2
-0.0463889 0.0343951 0.259 3188.79 2
-0.0432381 0.0344479 0.258615 3436.54 2
-0.0403764 0.0345812 0.258 3621.57 2
-0.0378303 0.0342754 0.258 3675.27 2
-0.0342614 0.0341141 0.258 3756.25 2
-0.0314139 0.0345812 0.258 3761.2 2
-0.0286131 0.0345812 0.258 3776.4 2
-0.0256628 0.0344891 0.258625 3782.12 2
-0.0225894 0.0345137 0.2596 3765.88 2
-0.0204109 0.034393 0.26 3728 2
-0.0487335 0.0371795 0.26 2904.31 2
-0.0462141 0.0372942 0.25932 3144.56 2
-0.0433446 0.03736 0.259 3378.12 2
-0.0404464 0.0377289 0.25844 3580.2 2
-0.0379491 0.0384116 0.258 3684.11 2
-0.0339346 0.0381447 0.258 3742.36 2
-0.0314234 0.0376762 0.25808 3752.96 2
-0.0285739 0.037742 0.258231 3776.88 2
-0.0254956 0.0375366 0.258758 3784.85 2
-0.0226226 0.0374095 0.259259 3778.7 2
-0.020932 0.0373913 0.26 3731 2
-0.0483101 0.0393684 0.26 2883.5 2
-0.0462318 0.0400873 0.26 3132.23 2
-0.0435452 0.0405416 0.259966 3294.03 2
-0.0405716 0.0406624 0.25924 3519.8 2
-0.0375154 0.0406004 0.258444 3658.33 2
-0.0344513 0.0404752 0.258428 3711.5 2
-0.0315208 0.0406055 0.25888 3736.64 2
-0.0284429 0.0406238 0.259 3773.13 2
-0.0253892 0.0406878 0.2594 3758.08 2
-0.0227356 0.040509 0.259917 3767.54 2
-0.020932 0.0393684 0.26 3722.5 2
-0.0430515 0.0436748 0.259824 3326.24 2
-0.0405458 0.0434505 0.25908 3494.92 2
-0.0374495 0.0434488 0.259067 3639.47 2
-0.0343582 0.0434511 0.25908 3699.6 2
-0.0315357 0.0434373 0.259 3731.28 2
-0.028464 0.0434713 0.2592 3759 2
-0.025495 0.043558 0.26 3779.33 2
-0.0234319 0.0431209 0.26 3757.71 2
-0.0431971 0.046394 0.2598 3317.9 2
-0.0404997 0.0464901 0.259034 3523.31 2
-0.0374986 0.0465232 0.259412 3612.44 2
-0.0343564 0.0465439 0.259067 3671.87 2
-0.0315357 0.0465323 0.259 3692.4 2
-0.0285401 0.046502 0.259294 3741.32 2
-0.0261066 0.0462412 0.26 3769.67 2
-0.0430885 0.0490421 0.26 3298.81 2
-0.0407328 0.0497536 0.26 3503.23 2
-0.0375496 0.0496653 0.25975 3607.31 2
-0.0343738 0.0496664 0.2592 3661.12 2
-0.0315986 0.0497281 0.25952 3705.28 2
-0.0284542 0.0496658 0.25975 3740.22 2
-0.0262947 0.0492539 0.26 3737.5 2
-0.0403366 0.0517959 0.26 3519.12 2
-0.037411 0.0525129 0.26 3598.04 2
-0.0344799 0.0526433 0.26 3641.16 2
-0.0318187 0.0524819 0.26 3675.57 2
-0.0287264 0.0525129 0.26 3722.35 2
-0.0341977 0.0546203 0.26 3659.25 2
-0.0454876 0.0989641 0.26 479 2
-0.0435119 0.0989641 0.26 496 2
-0.0406894 0.0989641 0.26 519.4 2
-0.0372318 0.0987523 0.26 535.375 2
-0.0352702 0.0986252 0.26 552.4 2
-0.0458868 0.100824 0.2597 458.45 2
-0.0433115 0.100473 0.2588 488.4 2
-0.0405012 0.100473 0.2588 509.567 2
-0.0374885 0.100681 0.259333 522.722 2
-0.0347698 0.100854 0.25985 535.35 2
-0.0234722 0.101507 0.26 559.5 2
-0.046182 0.102598 0.259667 306.167 2
-0.0431772 0.102127 0.258 269.8 2
-0.0403764 0.102127 0.258 302.2 2
-0.0374401 0.102522 0.259 330.5 2
-0.0343392 0.102623 0.259889 436.333 2
-0.00344569 -0.0758771 0.261 1786.67 2
-0.00220523 -0.076335 0.2618 1384.07 2
-0.00344789 -0.0733713 0.261167 1963.5 2
-0.00235817 -0.0735152 0.262313 1721.75 2
-0.0691795 -0.0690724 0.261 746 2
-0.0686128 -0.0690724 0.261 884 2
-0.0038308 -0.0699779 0.261556 2002.56 2
-0.00264848 -0.0708788 0.262286 1788 2
-0.0695573 -0.0674972 0.261 623.667 2
-0.0686128 -0.0673712 0.261 893.2 2
-0.00369798 -0.0678796 0.261714 2042.71 2
-0.00289005 -0.0676293 0.262 1906.6 2
-0.0691795 -0.0639688 0.261 719.667 2
-0.0686128 -0.0639688 0.261 862.667 2
-0.00345889 -0.0644985 0.262 1986.17 2
-0.00289005 -0.0644985 0.262 1922.17 2
-0.0691795 -0.0617006 0.261 682.2 2
-0.0686128 -0.0617006 0.261 840.8 2
-0.00345889 -0.0613677 0.262 1964.6 2
-0.00289005 -0.0613677 0.262 1859.4 2
-0.0692237 -0.0586182 0.261167 618.5 2
-0.0680979 -0.0584182 0.261062 918.375 2
-0.00397385 -0.0582096 0.261385 2154 2
-0.00289005 -0.0585216 0.262 1938.2 2
-0.0694309 -0.0552449 0.262667 641.889 2
-0.067924 -0.0555478 0.2614 954.4 2
-0.00401676 -0.0555337 0.261333 2174.13 2
-0.00289005 -0.0556754 0.262 1986.2 2
-0.0694558 -0.0525865 0.263 599.556 2
-0.0676869 -0.0525097 0.261412 971.941 2
-0.00398189 -0.0525965 0.261375 2246.69 2
-0.00289005 -0.0525446 0.262 2040.83 2
-0.0695329 -0.0500474 0.262333 408.333 2
-0.0678302 -0.0494656 0.261455 903.773 2
-0.00405384 -0.0495354 0.261588 2280.24 2
-0.00289667 -0.0495257 0.2626 2079.2 2
-0.0678937 -0.0464788 0.2615 854.25 2
-0.0047382 -0.046443 0.261632 2347.53 2
-0.00290108 -0.0478882 0.263 2036 2
-0.0679571 -0.0434904 0.261545 814.273 2
-0.00446402 -0.0434468 0.261909 2382.86 2
-0.00290108 -0.0430313 0.263 2114 2
-0.0691386 -0.0396028 0.263 455 2
-0.0676708 -0.0404042 0.261636 857.591 2
-0.0657794 -0.0393016 0.261 1280 2
-0.00492286 -0.0403904 0.261546 2461.91 2
-0.0691386 -0.0377934 0.263 453.667 2
-0.0674746 -0.0375552 0.262444 946 2
-0.0657794 -0.037317 0.261 1248.8 2
-0.00487882 -0.0374599 0.262 2450.6 2
-0.0691386 -0.0341745 0.263 262.333 2
-0.0672962 -0.0345083 0.26276 951.52 2
-0.0649294 -0.0339146 0.261 1345.17 2
-0.00482881 -0.03447 0.262091 2465.59 2
-0.0670651 -0.0314619 0.262909 985.182 2
-0.0649295 -0.0316463 0.261 1359.2 2
-0.00656237 -0.0305122 0.261 2870.5 2
-0.00493641 -0.0313851 0.262273 2566.32 2
-0.0667593 -0.0286509 0.263 1029.5 2
-0.0650953 -0.0285989 0.261667 1325.33 2
-0.00656237 -0.0285275 0.261 2795.25 2
-0.00512949 -0.028628 0.262286 2587.93 2
-0.0648455 -0.025486 0.2618 1318.53 2
-0.00656237 -0.0254087 0.261 2825.1 2
-0.00544984 -0.025506 0.262 2653.8 2
-0.0662835 -0.0216035 0.263 1099 2
-0.0646838 -0.0225141 0.262067 1367.47 2
-0.0629461 -0.0217228 0.261 1655 2
-0.00699052 -0.022371 0.261125 2888.06 2
-0.00545677 -0.0224022 0.262333 2662.92 2
-0.0643534 -0.0195364 0.262111 1371.78 2
-0.0629461 -0.0194545 0.261 1588 2
-0.00714162 -0.0194918 0.2615 2938.5 2
-0.00547064 -0.0193179 0.263 2686.2 2
-0.0644082 -0.0164192 0.262333 1354.67 2
-0.0629461 -0.0163357 0.261 1566.8 2
-0.00714162 -0.016367 0.2615 2953.25 2
-0.00547064 -0.0164609 0.263 2750 2
-0.0642453 -0.0134799 0.262444 1381.28 2
-0.0629461 -0.014351 0.261 1578 2
-0.00911239 -0.0129333 0.261 3185.67 2
-0.00733901 -0.0134748 0.261957 2957.39 2
-0.00547064 -0.014461 0.263 2724.5 2
-0.0641229 -0.0105724 0.262545 1388.91 2
-0.062096 -0.0103816 0.261 1706.88 2
-0.00911239 -0.0106651 0.261 3187.4 2
-0.00738269 -0.0105896 0.262259 3010.74 2
-0.00547064 -0.0090326 0.263 2706 2
-0.0637139 -0.00788979 0.263 1466 2
-0.0619317 -0.0072761 0.2615 1727.62 2
-0.00911239 -0.00754626 0.261 3264 2
-0.00750369 -0.00747726 0.262143 3050.14 2
-0.00547064 -0.00788979 0.263 2742 2
-0.0616655 -0.00438692 0.261857 1719.62 2
-0.0595461 -0.0032933 0.261 2000 2
-0.0095792 -0.00411926 0.261091 3230.91 2
-0.00752059 -0.00454762 0.262261 3034.96 2
-0.0610394 -0.00173159 0.261824 1799.29 2
-0.0595461 -0.00159212 0.261 2018 2
-0.0101957 -0.00149682 0.261652 3311.83 2
-0.00813508 -0.00191374 0.262727 3109.45 2
-0.0609908 0.00153452 0.262333 1818.17 2
-0.0595461 0.00152672 0.261 1976.33 2
-0.0099531 0.00132238 0.261455 3286 2
-0.00824895 0.00153491 0.2624 3134.8 2
-0.0610062 0.00467076 0.2624 1791.33 2
-0.0589946 0.00464703 0.261067 2076 2
-0.00986665 0.00479034 0.261588 3263.88 2
-0.00859811 0.00467534 0.2626 3156.8 2
-0.0610676 0.00752863 0.262667 1746.6 2
-0.0590554 0.00749041 0.261333 2060.2 2
-0.0125124 0.00833145 0.261 3527 2
-0.0103987 0.0075651 0.261741 3351.7 2
-0.00861121 0.00753818 0.263 3120.8 2
-0.0607667 0.0101513 0.2626 1785.8 2
-0.0585942 0.0104417 0.2613 2086.9 2
-0.0125124 0.0103162 0.261 3563 2
-0.010618 0.0103179 0.262035 3347.79 2
-0.00861121 0.0101095 0.263 3090.75 2
-0.0602879 0.0126808 0.263 1812.17 2
-0.0583899 0.0134963 0.262167 2110.12 2
-0.0564293 0.0137185 0.261 2363.8 2
-0.0132077 0.0137532 0.261056 3513.78 2
-0.0108615 0.0134987 0.262233 3366.13 2
-0.0584645 0.016649 0.2625 2047.7 2
-0.0560314 0.0167749 0.261125 2357.25 2
-0.0156291 0.0174045 0.261 3646.25 2
-0.0136717 0.0165872 0.26152 3540.76 2
-0.0112799 0.0165206 0.262588 3328.24 2
-0.0583493 0.0192964 0.262625 2010.69 2
-0.0558322 0.0195002 0.261455 2346.59 2
-0.0538794 0.0202397 0.261 2487.5 2
-0.0156291 0.0193891 0.261 3668.3 2
-0.0136146 0.0194847 0.261692 3527.42 2
-0.0114124 0.0194352 0.262714 3373.5 2
-0.0578061 0.0225266 0.263 2081.92 2
-0.0555681 0.0222985 0.26187 2338.43 2
-0.0533937 0.022832 0.261 2522.21 2
-0.0156291 0.022508 0.261 3635.25 2
-0.0134785 0.0224106 0.261938 3507.31 2
-0.0111808 0.0223947 0.263 3337.4 2
-0.0579379 0.0254276 0.263 2038 2
-0.0557627 0.0255278 0.261857 2258.21 2
-0.0535016 0.0252488 0.261 2543.67 2
-0.0159529 0.0258698 0.261 3641.64 2
-0.0133534 0.0255414 0.262177 3495.38 2
-0.0577897 0.0284659 0.263 2043.38 2
-0.0556667 0.028483 0.26187 2260.7 2
-0.0538794 0.0284621 0.261 2441 2
-0.0181791 0.0290292 0.261 3703 2
-0.0163962 0.0285651 0.261261 3641.61 2
-0.0137272 0.0284919 0.262583 3477.46 2
-0.0571473 0.0312515 0.263 2141.75 2
-0.0553146 0.0314655 0.262182 2341.36 2
-0.0528719 0.031707 0.261 2583.28 2
-0.0183916 0.0319354 0.261 3672.12 2
-0.0165556 0.0314279 0.261539 3630.42 2
-0.014008 0.0314773 0.2625 3471.95 2
-0.0549282 0.0341318 0.262625 2369.5 2
-0.0523835 0.0348435 0.261522 2621.7 2
-0.0504793 0.0352668 0.261 2817.67 2
-0.018933 0.0348723 0.261294 3692.35 2
-0.0165697 0.0345105 0.262111 3628 2
-0.0141198 0.0342262 0.263 3505.71 2
-0.0545777 0.0363942 0.263 2350.5 2
-0.0524052 0.0376965 0.26212 2621.92 2
-0.0501015 0.0379131 0.261 2808 2
-0.0193381 0.0375874 0.26136 3681.28 2
-0.0165247 0.0376588 0.262741 3600.33 2
-0.0146068 0.0363942 0.263 3549.25 2
-0.0523411 0.0404581 0.262619 2615.29 2
-0.0495812 0.0405918 0.261381 2872.76 2
-0.046796 0.0415045 0.261 3084.75 2
-0.0212958 0.0409375 0.261 3728.5 2
-0.0193701 0.0404947 0.2618 3686.88 2
-0.0171674 0.0406595 0.262867 3641.4 2
-0.0518179 0.0431559 0.263 2611.33 2
-0.049589 0.0434179 0.26228 2826.04 2
-0.0465704 0.043373 0.26132 3099.08 2
-0.0446001 0.0435601 0.261 3211.75 2
-0.0244125 0.0449069 0.261 3779 2
-0.0221107 0.0437035 0.261174 3738.43 2
-0.0194004 0.0434044 0.2622 3672.08 2
-0.0171764 0.0435368 0.263 3598.2 2
-0.0517602 0.0468898 0.2629 2642.2 2
-0.0496053 0.0465663 0.262367 2803.83 2
-0.0466509 0.0464703 0.261552 3083.21 2
-0.0448126 0.0466081 0.261 3189.4 2
-0.0249356 0.0467825 0.261 3758.31 2
-0.0223865 0.0465631 0.261344 3722.16 2
-0.0194787 0.0464162 0.262407 3640.26 2
-0.0173667 0.0460129 0.263 3599.11 2
-0.0520073 0.0495875 0.262824 2552.88 2
-0.0495505 0.0496482 0.26208 2785.08 2
-0.0465707 0.0495043 0.26132 3023.8 2
-0.0444348 0.0498214 0.261 3186.44 2
-0.0249792 0.0494434 0.261 3734.93 2
-0.0224881 0.0495764 0.2617 3715.13 2
-0.0195942 0.0494995 0.262478 3642.78 2
-0.0177474 0.048108 0.263 3628 2
-0.0514372 0.0523936 0.263 2588.5 2
-0.0496456 0.0525988 0.262833 2736.46 2
-0.0466769 0.0524632 0.26192 3019 2
-0.0436479 0.0524424 0.261185 3245.15 2
-0.0408161 0.0532934 0.261 3466.53 2
-0.0385793 0.0536963 0.261 3590.5 2
-0.0309292 0.0536963 0.261 3668.75 2
-0.0275292 0.0536963 0.261 3722.75 2
-0.0256476 0.0524868 0.261407 3712.15 2
-0.0225236 0.0524994 0.2621 3705 2
-0.0195951 0.0527032 0.262727 3652.91 2
-0.048786 0.0552914 0.263 2812 2
-0.0465422 0.0553522 0.262381 2995.19 2
-0.043657 0.0554516 0.262 3234.96 2
-0.0403421 0.0554829 0.2614 3496.85 2
-0.0373987 0.0556338 0.261 3568.88 2
-0.0346665 0.055843 0.261 3652.33 2
-0.0314959 0.055681 0.261 3678.6 2
-0.0284531 0.0555824 0.261 3721.65 2
-0.0253551 0.0555145 0.262296 3706.89 2
-0.0223714 0.0554685 0.262885 3685.38 2
-0.0196236 0.055373 0.263 3665 2
-0.0480111 0.0578219 0.263 2872.67 2
-0.0461987 0.0583188 0.263 3061.17 2
-0.0433708 0.0582968 0.26256 3215.24 2
-0.0404463 0.0581893 0.26208 3434.08 2
-0.037548 0.058547 0.261875 3570.38 2
-0.0346553 0.0585891 0.26132 3626.68 2
-0.0315194 0.0585618 0.2612 3685.73 2
-0.028404 0.0585731 0.261815 3692.74 2
-0.0254291 0.0583344 0.262733 3687.9 2
-0.023172 0.0575362 0.263 3671.25 2
-0.0454415 0.0603933 0.263 3105.5 2
-0.0433392 0.0611205 0.263 3202.45 2
-0.0405879 0.0615361 0.263 3391.93 2
-0.0376592 0.0617388 0.262897 3575.62 2
-0.0344058 0.0616108 0.262357 3634.36 2
-0.0313846 0.0616914 0.26244 3664.48 2
-0.02857 0.0617662 0.26276 3679.56 2
-0.0258953 0.0614262 0.263 3676.04 2
-0.042872 0.0646788 0.263 3149.33 2
-0.0405879 0.0646788 0.263 3255.36 2
-0.0375289 0.0645972 0.263 3444.43 2
-0.0343068 0.0638217 0.263 3622.7 2
-0.0323082 0.0638217 0.263 3636 2
-0.0283111 0.0638217 0.263 3685.38 2
-0.0265981 0.0638217 0.263 3654 2
-0.0426436 0.0667358 0.263 3225.4 2
-0.0405879 0.0669644 0.263 3345.2 2
-0.0383039 0.0668216 0.263 3388.88 2
-0.0338072 0.085678 0.263 626.375 2
-0.0321655 0.0863922 0.263 635.25 2
-0.0336542 0.0879432 0.263 630.143 2
-0.0315555 0.0885221 0.263 619.273 2
-0.0285967 0.0898207 0.263 610 2
-0.0254561 0.0898207 0.263 616.667 2
-0.0400169 0.0926777 0.263 575 2
-0.0331648 0.0921063 0.263 603 2
-0.0313524 0.0916094 0.263 602.217 2
-0.0285967 0.0915349 0.263 601.68 2
-0.0255571 0.0915646 0.262613 606.452 2
-0.0227002 0.0917348 0.262448 596.207 2
-0.0206025 0.0926777 0.263 578 2
-0.0427442 0.0954303 0.262714 521 2
-0.0403404 0.0946044 0.261727 544.545 2
-0.037758 0.0950543 0.262429 555.143 2
-0.0339609 0.0948437 0.26275 574.6 2
-0.0313919 0.094496 0.2625 590.433 2
-0.0286053 0.0945364 0.262893 602.821 2
-0.0256999 0.0945781 0.262115 598.731 2
-0.0225636 0.0944578 0.262107 578.821 2
-0.0206025 0.0943919 0.263 571.2 2
-0.0485821 0.0985346 0.263 458.25 2
-0.0463146 0.0976725 0.262417 481.542 2
-0.0435327 0.097548 0.261824 504.824 2
-0.0404052 0.0977065 0.261 522.815 2
-0.0373981 0.0973236 0.261467 544.733 2
-0.0344839 0.0973331 0.261548 560.645 2
-0.0315524 0.0975743 0.261625 577.062 2
-0.0284051 0.0974787 0.261933 583.7 2
-0.0256045 0.0975823 0.2616 584.367 2
-0.02254 0.0975372 0.262719 578.656 2
-0.0194211 0.0975051 0.263 569.862 2
-0.0167243 0.0976796 0.262625 545.167 2
-0.014457 0.0983448 0.262875 521.625 2
-0.0489212 0.100439 0.262294 437.059 2
-0.0472481 0.0999985 0.261364 454.909 2
-0.0337626 0.100195 0.261 541.5 2
-0.0315347 0.100418 0.261333 552.3 2
-0.028487 0.100171 0.261273 563.409 2
-0.0254986 0.100432 0.261 563.458 2
-0.0224823 0.100425 0.261939 563.939 2
-0.0194195 0.100462 0.26244 552.04 2
-0.0165516 0.100356 0.26216 540 2
-0.0143175 0.100652 0.262933 526.267 2
-0.0493717 0.103043 0.262333 359.333 2
-0.047646 0.102747 0.261 359.333 2
-0.0314291 0.102791 0.2614 484.95 2
-0.0284879 0.102856 0.262 504.85 2
-0.0256422 0.102774 0.26125 511.062 2
-0.022222 0.102793 0.261118 513.647 2
-0.0193786 0.102817 0.2619 516.4 2
-0.0165664 0.103014 0.2624 509.2 2
-0.0143213 0.103249 0.263 499.333 2
-0.000905967 -0.07847 0.264 399.5 2
-0.000620598 -0.076494 0.264778 1287.89 2
0.00102544 -0.0767113 0.265714 978.857 2
-0.000909972 -0.0733428 0.265167 1471.17 2
-0.0708344 -0.0701531 0.264 476 2
-0.00148258 -0.0704177 0.265 1580.9 2
-0.00148258 -0.067539 0.265 1649.1 2
-0.00148258 -0.0646602 0.265 1706.45 2
-0.00188955 -0.0617399 0.264286 1784.5 2
-0.0018676 -0.0583277 0.265 1797 2
-0.00148258 -0.0554482 0.265 1765.35 2
-0.00148258 -0.0525694 0.265 1833.05 2
-0.00167596 -0.0498079 0.265111 1847.44 2
-0.00348529 -0.0463496 0.264 2135.4 2
-0.00234411 -0.0464666 0.264667 1989.87 2
-0.00348529 -0.0446288 0.264 2223 2
-0.00212684 -0.0434806 0.265077 2007.38 2
-0.00348529 -0.0406138 0.264 2236.4 2
-0.00234929 -0.0404336 0.265333 2063.87 2
-0.0694014 -0.0374591 0.264 434 2
-0.0688283 -0.0374591 0.264 660.5 2
-0.00348529 -0.0374591 0.264 2271.17 2
-0.00238447 -0.0374559 0.26525 2145.56 2
-0.0694014 -0.034878 0.264 398.333 2
-0.0688283 -0.034878 0.264 615.333 2
-0.00349322 -0.0343811 0.2646 2248 2
-0.00291873 -0.0343811 0.2646 2165.6 2
-0.0034985 -0.0315556 0.265 2339.4 2
-0.00292314 -0.0315556 0.265 2244.4 2
-0.0680972 -0.0283343 0.2645 784.25 2
-0.00396027 -0.0283049 0.264455 2421 2
-0.00292314 -0.0286768 0.265 2268.8 2
-0.0676376 -0.0257781 0.2654 925.8 2
-0.00402761 -0.0256293 0.264375 2409.38 2
-0.00292314 -0.0255102 0.265 2258.17 2
-0.0675188 -0.0222557 0.265818 955.545 2
-0.0659623 -0.0224504 0.264 1227.67 2
-0.00409763 -0.022496 0.264412 2483.59 2
-0.00292755 -0.022376 0.2654 2279.6 2
-0.0677029 -0.0194805 0.2652 805.2 2
-0.0659623 -0.0193914 0.264 1166.8 2
-0.00407386 -0.0194688 0.265067 2501.67 2
-0.00293417 -0.0195383 0.266 2330.4 2
-0.0669492 -0.0165548 0.2645 936.1 2
-0.0659623 -0.0165235 0.264 1144.2 2
-0.00407825 -0.0166069 0.265333 2564.87 2
-0.00293417 -0.0166486 0.266 2377.6 2
-0.0671775 -0.0135545 0.264615 823.385 2
-0.0659623 -0.0136556 0.264 1103 2
-0.00464374 -0.0136009 0.264778 2610.67 2
-0.00293417 -0.0146259 0.266 2374 2
-0.0671868 -0.0104144 0.264952 803.667 2
-0.0656184 -0.0104435 0.264 1161.2 2
-0.00471151 -0.0105402 0.26472 2648.16 2
-0.00293417 -0.00971356 0.266 2380 2
-0.0669015 -0.00758914 0.265833 906.5 2
-0.0649159 -0.00711567 0.264571 1286.64 2
-0.00437577 -0.00719437 0.265053 2594.74 2
-0.00293417 -0.00740186 0.266 2396.8 2
-0.0647656 -0.00462675 0.265222 1346 2
-0.00663781 -0.00333115 0.264 2916 2
-0.0049335 -0.00449249 0.2649 2694.2 2
-0.0638836 -0.00153284 0.264714 1436.71 2
-0.0625232 -0.00132363 0.264 1623.25 2
-0.00697252 -0.00136541 0.264286 2964 2
-0.00508689 -0.00183553 0.265375 2699.75 2
-0.0640671 0.00148752 0.265111 1408.67 2
-0.0625232 0.00154427 0.264 1642 2
-0.00711144 0.00154778 0.2646 2989 2
-0.00553304 0.001267 0.266 2751.6 2
-0.0644498 0.00447554 0.265565 1301.35 2
-0.0625232 0.00469895 0.264 1611.2 2
-0.00722356 0.00470785 0.2645 2999.8 2
-0.00553304 0.00415662 0.266 2733 2
-0.0639926 0.00760506 0.265333 1341.4 2
-0.0625232 0.00756685 0.264 1563.4 2
-0.00722356 0.00758118 0.2645 3004.8 2
-0.00553304 0.00762417 0.266 2794.4 2
-0.0640723 0.0105006 0.265667 1301 2
-0.062162 0.0107656 0.264454 1611.27 2
-0.00921713 0.0115819 0.264 3191 2
-0.0072964 0.0105165 0.264667 2979.48 2
-0.00553304 0.00964691 0.266 2773 2
-0.0638233 0.0128178 0.265833 1357.5 2
-0.0618216 0.0134784 0.264944 1643.11 2
-0.00921713 0.0133026 0.264 3196.6 2
-0.00752949 0.0133631 0.2652 3021.24 2
-0.0612922 0.0163936 0.265091 1691.14 2
-0.00971841 0.0168035 0.264286 3175.07 2
-0.00815163 0.0163708 0.2655 3030.88 2
-0.0614389 0.0195495 0.265273 1636.14 2
-0.0593707 0.0204724 0.264 1893.75 2
-0.00980195 0.0196368 0.264333 3215.47 2
-0.00808831 0.0195348 0.265706 3029 2
-0.0608838 0.0226174 0.2656 1728.3 2
-0.0595056 0.0225323 0.2646 1882.8 2
-0.00980196 0.0225083 0.264333 3191.33 2
-0.00812099 0.0226218 0.265667 3014.87 2
-0.0608838 0.0255001 0.2656 1728.2 2
-0.0594157 0.0253661 0.2642 1892.3 2
-0.0103797 0.0253906 0.26444 3264.44 2
-0.00812099 0.0255078 0.265667 3058.33 2
-0.0608838 0.028388 0.2656 1683.2 2
-0.0590753 0.0286413 0.264143 1924.14 2
-0.0123697 0.0293628 0.264 3383.17 2
-0.0103914 0.0282971 0.26476 3248.32 2
-0.00845724 0.0280846 0.265857 3095 2
-0.0609756 0.0307411 0.266 1655.17 2
-0.0588574 0.0315066 0.264571 1943.24 2
-0.0567914 0.0328043 0.264 2195 2
-0.0123696 0.0316572 0.264 3357.6 2
-0.0104367 0.0314265 0.264896 3243.24 2
-0.00870943 0.0313191 0.266 3046 2
-0.0601093 0.0339197 0.266 1765.75 2
-0.0583204 0.034605 0.265238 1989.19 2
-0.0563001 0.0347709 0.264 2213.43 2
-0.0126634 0.0347665 0.264154 3385.62 2
-0.0106418 0.0346418 0.265524 3249.52 2
-0.00870943 0.0330528 0.266 3050 2
-0.057849 0.0373982 0.265562 2051.31 2
-0.0555812 0.037662 0.264375 2250.25 2
-0.0133616 0.037591 0.264461 3435.65 2
-0.0113083 0.0376762 0.266 3235.8 2
-0.0574239 0.0405061 0.2656 2094.6 2
-0.0554026 0.0404866 0.264454 2255.59 2
-0.0536389 0.0416948 0.264 2444.5 2
-0.0158087 0.0408344 0.264 3592.6 2
-0.0135612 0.0404035 0.264933 3450.63 2
-0.0113083 0.0405658 0.266 3285.5 2
-0.0575104 0.0434555 0.266 2072.4 2
-0.0556791 0.0434571 0.265222 2217.22 2
-0.053209 0.0439174 0.264 2493.44 2
-0.015541 0.0435656 0.264333 3542.93 2
-0.0133842 0.0432916 0.265609 3369.39 2
-0.0575104 0.0463451 0.266 2058.5 2
-0.0556387 0.0465165 0.265333 2233.04 2
-0.053209 0.0463551 0.264 2474.5 2
-0.0159078 0.0467127 0.264364 3554.45 2
-0.0139228 0.0463877 0.265625 3385.75 2
-0.0574526 0.0485412 0.266 2059.2 2
-0.055674 0.049719 0.2655 2234.25 2
-0.0536389 0.0494381 0.264 2366.6 2
-0.0183881 0.0497249 0.264 3623.75 2
-0.0163629 0.0495745 0.264517 3564.28 2
-0.0138572 0.0495536 0.265706 3382.88 2
-0.0552413 0.0525314 0.2655 2226.19 2
-0.0530551 0.052367 0.264125 2430.81 2
-0.0183881 0.0520192 0.264 3638.75 2
-0.0164422 0.0525041 0.265 3544.2 2
-0.0139516 0.0525244 0.266 3367.69 2
-0.0546458 0.0554304 0.265727 2309 2
-0.0523182 0.0552916 0.26456 2533.48 2
-0.0499705 0.0562063 0.264 2709.9 2
-0.0186747 0.0566078 0.264 3637 2
-0.016676 0.0554632 0.265103 3532.72 2
-0.0144847 0.054725 0.266 3403.5 2
-0.05237 0.0584351 0.265385 2503 2
-0.0495309 0.0587345 0.264182 2726.59 2
-0.0476205 0.0594757 0.264 2879.5 2
-0.0222366 0.0587792 0.264 3661.1 2
-0.0195574 0.0586873 0.26432 3613.4 2
-0.0167607 0.0585977 0.26548 3550.04 2
-0.0520085 0.0614783 0.265692 2576.85 2
-0.0494607 0.0616328 0.26464 2769.08 2
-0.0466379 0.0616471 0.264 2989.1 2
-0.0438948 0.0626304 0.264 3158.25 2
-0.0244065 0.06177 0.264 3684.25 2
-0.0224004 0.0614833 0.264 3674.36 2
-0.0195928 0.0616696 0.2648 3623.2 2
-0.0169221 0.0614491 0.265545 3543.05 2
-0.0519414 0.0642195 0.266 2517.93 2
-0.0495057 0.0645659 0.26488 2717.76 2
-0.0464741 0.0643512 0.264 2974.92 2
-0.0442769 0.06416 0.264 3072.67 2
-0.0344372 0.0652115 0.264 3613 2
-0.0313564 0.0647813 0.264 3650.75 2
-0.0288965 0.0650203 0.264 3690.67 2
-0.0252402 0.0646119 0.264 3662.09 2
-0.0224068 0.0643709 0.26408 3661.56 2
-0.019599 0.0645659 0.26488 3603.36 2
-0.017013 0.0646152 0.265727 3561.55 2
-0.0514464 0.0671504 0.266 2512.67 2
-0.0494929 0.067488 0.265348 2680.26 2
-0.046517 0.0672809 0.26424 2961.52 2
-0.0438088 0.0677066 0.264 3133.9 2
-0.0404557 0.068653 0.264 3338.83 2
-0.0370426 0.0678187 0.264 3482.5 2
-0.0344811 0.0674653 0.264034 3575.97 2
-0.0315362 0.0674584 0.264214 3628.96 2
-0.0286532 0.0675419 0.264032 3656.74 2
-0.0255327 0.0672594 0.26431 3672.52 2
-0.0224852 0.0674737 0.265 3635.6 2
-0.0197146 0.0674842 0.265435 3605.35 2
-0.0176611 0.0668614 0.266 3606.5 2
-0.0488475 0.069751 0.266 2734.75 2
-0.046716 0.0704126 0.265818 2925.23 2
-0.0437381 0.0704952 0.264783 3145.13 2
-0.0403133 0.0705269 0.264077 3321.65 2
-0.0373031 0.0706605 0.264 3437.48 2
-0.0344476 0.0707067 0.264423 3564.85 2
-0.0318106 0.0705659 0.264956 3600.48 2
-0.0284689 0.0705827 0.265 3627.48 2
-0.025362 0.0703524 0.265 3669.32 2
-0.0225115 0.0704381 0.26532 3609.44 2
-0.0202547 0.0706005 0.265933 3583.07 2
-0.0457124 0.0735901 0.266 3031.43 2
-0.0432395 0.0734601 0.265133 3141.83 2
-0.0403851 0.073679 0.265 3321.33 2
-0.0373892 0.0736955 0.2646 3392.12 2
-0.0344372 0.0735284 0.264 3560.52 2
-0.0316298 0.0735207 0.264827 3580.83 2
-0.0285728 0.0732869 0.265 3621.35 2
-0.0253997 0.0733428 0.2654 3629.44 2
-0.0225701 0.0735075 0.266 3602.32 2
-0.0208375 0.0735075 0.266 3597 2
-0.0455267 0.0762527 0.266 2988.25 2
-0.0433547 0.0765081 0.265619 3112.19 2
-0.0403212 0.0766857 0.265 3253.2 2
-0.0374334 0.0766629 0.26492 3442.92 2
-0.0344793 0.07649 0.26432 3516.16 2
-0.0316661 0.0766278 0.2648 3563.48 2
-0.0285216 0.0765365 0.265343 3571.43 2
-0.0254986 0.0765202 0.265786 3600.14 2
-0.0225701 0.0763972 0.266 3613.6 2
-0.0208375 0.0763971 0.266 3589 2
-0.0453246 0.0791712 0.266 2892.4 2
-0.043361 0.0792868 0.266 3047.24 2
-0.0403134 0.0795945 0.265435 3204.22 2
-0.0374444 0.0795644 0.265 3339.68 2
-0.0345677 0.0795644 0.265 3410.52 2
-0.0316909 0.0795644 0.265 3434.92 2
-0.0285244 0.0796331 0.264812 3468.94 2
-0.0254505 0.0795816 0.264933 3523.5 2
-0.0225737 0.0794014 0.265586 3538.79 2
-0.0204525 0.079672 0.266 3520 2
-0.0453824 0.0821764 0.266 2283.1 2
-0.0432763 0.0823176 0.265857 2359.54 2
-0.0403967 0.0823378 0.265074 2547.93 2
-0.0373601 0.0825243 0.264852 2557.81 2
-0.0345242 0.0826256 0.264667 2497.03 2
-0.0317256 0.0824853 0.264923 2698.81 2
-0.028676 0.0826505 0.265 2592.96 2
-0.0253769 0.0824415 0.26492 2625.48 2
-0.0224533 0.0824241 0.265154 2492.08 2
-0.0198097 0.082619 0.265923 2210.88 2
-0.0170836 0.0836212 0.266 806.5 2
-0.0424535 0.0853137 0.266 603.857 2
-0.0403461 0.0853733 0.26516 631.8 2
-0.0373892 0.0854226 0.2646 655.56 2
-0.0349627 0.0854302 0.264 622.75 2
-0.0313955 0.0852259 0.264333 710.375 2
-0.0285264 0.085322 0.265 706.367 2
-0.025362 0.085322 0.265 692.64 2
-0.0224981 0.0853737 0.26516 665.44 2
-0.0196793 0.0856312 0.26596 652.8 2
-0.0167948 0.0857885 0.266 650.542 2
-0.0464449 0.0895059 0.2658 544.933 2
-0.0432132 0.0890564 0.265429 575.714 2
-0.0403226 0.0884153 0.264645 601.387 2
-0.0374962 0.0885678 0.264928 614.571 2
-0.0348576 0.0887474 0.264 620.933 2
-0.0312186 0.0886179 0.264 614.769 2
-0.0285532 0.0882428 0.264471 616.471 2
-0.0254099 0.0883503 0.264375 628.188 2
-0.0224677 0.0884204 0.2648 637.3 2
-0.0197148 0.0885485 0.265846 642.654 2
-0.016506 0.0885336 0.266 645.233 2
-0.0141959 0.0891115 0.266 622 2
-0.0488475 0.0920011 0.266 495 2
-0.0467279 0.0915518 0.265074 527.444 2
-0.0437073 0.0915163 0.2646 553.12 2
-0.0404606 0.0913208 0.264033 585.267 2
-0.0373983 0.0915438 0.26468 602.64 2
-0.0345369 0.0912345 0.264 606.087 2
-0.0323738 0.0905064 0.264 612.6 2
-0.0219088 0.0908756 0.264222 615.889 2
-0.0196528 0.0914278 0.265333 595.963 2
-0.0166837 0.0912898 0.266 599.769 2
-0.0141959 0.0914232 0.266 585 2
-0.0549115 0.0954686 0.266 398.667 2
-0.0522376 0.0952602 0.265778 435 2
-0.0493618 0.0947352 0.265069 469.862 2
-0.0465972 0.0947132 0.2647 492.367 2
-0.0438099 0.0944083 0.26452 529.08 2
-0.0407422 0.0933169 0.264 572.5 2
-0.0371758 0.0938267 0.264 587.389 2
-0.0349149 0.0936993 0.264 586.333 2
-0.0192364 0.0944729 0.264461 569.385 2
-0.0165923 0.0945545 0.265333 558 2
-0.0133845 0.0946954 0.265815 541.63 2
-0.0112072 0.094979 0.265889 527.444 2
-0.0547395 0.097185 0.265167 383.278 2
-0.0524574 0.0971989 0.265069 426.655 2
-0.0495311 0.0973707 0.264143 459.857 2
-0.0464741 0.0964716 0.264 489.4 2
-0.0447545 0.0964716 0.264 496 2
-0.021254 0.0987659 0.264 572 2
-0.0206808 0.0987659 0.264 572 2
-0.0160047 0.0965595 0.2644 536 2
-0.0133567 0.0973592 0.264586 509.828 2
-0.0107066 0.0976928 0.265762 498.762 2
-0.0543763 0.0999624 0.265 354.143 2
-0.0522967 0.100335 0.264778 410.259 2
-0.0505183 0.100262 0.264167 429 2
-0.0126715 0.100422 0.264333 500.333 2
-0.0104236 0.100503 0.26556 470.56 2
-0.00870943 0.10067 0.266 449.4 2
-0.051969 0.102878 0.26425 392.812 2
-0.0504864 0.102207 0.264 410 2
-0.0126261 0.103295 0.264125 484.688 2
-0.0103964 0.103405 0.264867 462.933 2
-0.00832441 0.103688 0.266 443 2
-0.00870943 0.105293 0.266 401 2
0.00210392 -0.0755862 0.2676 865 2
-4.67165e-05 -0.0735607 0.267 1364.2 2
0.00167821 -0.0734789 0.267963 976.518 2
-4.68623e-05 -0.0705889 0.267833 1352.83 2
0.00149204 -0.0707601 0.268682 1033.05 2
-4.68915e-05 -0.0674313 0.268 1431.8 2
0.000925223 -0.0679327 0.268444 1241.56 2
-4.69789e-05 -0.064347 0.2685 1486.83 2
0.000535975 -0.064347 0.2685 1351.33 2
-0.00062653 -0.0613371 0.267667 1597 2
0.000536973 -0.061254 0.269 1391.8 2
-0.000581956 -0.0586004 0.267769 1582.54 2
0.000536973 -0.0583318 0.269 1386 2
-4.68915e-05 -0.0552036 0.268 1550.4 2
0.000534977 -0.0552036 0.268 1447 2
-4.68915e-05 -0.0522923 0.268 1590.4 2
0.000534977 -0.0522923 0.268 1471 2
-0.000521173 -0.0490478 0.267909 1673.45 2
0.000536973 -0.0495652 0.269 1486.4 2
-0.00062653 -0.0464118 0.267667 1716.6 2
0.000536973 -0.046643 0.269 1541.6 2
-0.000668411 -0.0435947 0.267714 1760.93 2
0.000536973 -0.0440129 0.269 1551.25 2
-0.000919695 -0.0406469 0.268 1815.8 2
-0.000921411 -0.0375126 0.2685 1820.5 2
-0.00149939 -0.0345319 0.268 1941.55 2
-0.00155178 -0.0314781 0.267909 1988.18 2
-0.00149939 -0.0284192 0.268 1992.85 2
-0.0692892 -0.0246345 0.268 633 2
-0.0687074 -0.0246345 0.268 819 2
-0.00149939 -0.0255079 0.268 2028.4 2
-0.0690307 -0.0228023 0.267 618.75 2
-0.068451 -0.0228023 0.267 805 2
-0.00149939 -0.0225965 0.268 2033.7 2
-0.00208343 -0.0196852 0.268 2194 2
-0.00208343 -0.0164827 0.268 2205.58 2
-0.0035249 -0.0129406 0.267 2446 2
-0.00232965 -0.0131832 0.267714 2257.07 2
-0.0035249 -0.0112003 0.267 2458 2
-0.00223095 -0.0105257 0.268333 2221.67 2
-0.0681612 -0.00713964 0.267 590.625 2
-0.0020912 -0.00748534 0.269 2289.2 2
-0.0677057 -0.00448626 0.267762 753.048 2
-0.0655525 -0.00336901 0.267 1272 2
-0.00352754 -0.00453172 0.2672 2480.8 2
-0.00242051 -0.00473088 0.268308 2364 2
-0.0674941 -0.0016336 0.2678 783.28 2
-0.0655525 -0.00162872 0.267 1243.2 2
-0.0039187 -0.00124538 0.267556 2524.89 2
-0.00295623 -0.00163482 0.268 2406.4 2
-0.0674037 0.00122444 0.26725 728.833 2
-0.0655525 0.000981719 0.267 1200.5 2
-0.00411383 0.00127596 0.267667 2615.47 2
-0.00296285 0.00128069 0.2686 2405.6 2
-0.0674224 0.00436111 0.26724 665.8 2
-0.0655525 0.00455898 0.267 1140.67 2
-0.00462927 0.00452661 0.267824 2635.76 2
-0.00296726 0.00303462 0.269 2396 2
-0.0667119 0.00765283 0.267 840.267 2
-0.0655525 0.00765283 0.267 1094.8 2
-0.0041606 0.00776406 0.268 2580.86 2
-0.00296726 0.00800238 0.269 2357 2
-0.0668288 0.0105729 0.267467 781.2 2
-0.0656016 0.0105621 0.2672 1065.4 2
-0.00452966 0.0107498 0.267762 2635.14 2
-0.00296726 0.0106324 0.269 2395.2 2
-0.0668938 0.0135064 0.26875 827.312 2
-0.0647967 0.0137297 0.267667 1252.33 2
-0.00479571 0.0134126 0.267696 2681.61 2
-0.00296726 0.0129701 0.269 2397.33 2
-0.0663356 0.0153079 0.269 986 2
-0.0642729 0.0163978 0.2677 1327.6 2
-0.00671324 0.0163543 0.267 2890.1 2
-0.005001 0.0164462 0.2685 2692.25 2
-0.0643209 0.0193208 0.2679 1270.75 2
-0.00671324 0.0195448 0.267 2920.83 2
-0.005001 0.0193629 0.2685 2663.45 2
-0.0644006 0.0224348 0.268455 1263.36 2
-0.0623642 0.0227353 0.267 1549.2 2
-0.00671324 0.0227353 0.267 2884.2 2
-0.00528782 0.0222582 0.26825 2732.38 2
-0.0645284 0.0256248 0.268546 1230.5 2
-0.0623642 0.0256358 0.267 1514 2
-0.00671323 0.0256358 0.267 2899.5 2
-0.00558712 0.0257908 0.2686 2740.4 2
-0.0639042 0.0287086 0.2686 1287.8 2
-0.0623642 0.0285363 0.267 1462.6 2
-0.0072397 0.0287132 0.267444 2907.94 2
-0.00559544 0.0287501 0.269 2733.2 2
-0.0639994 0.0305034 0.269 1278 2
-0.0621664 0.0317533 0.267571 1514.43 2
-0.00731097 0.0315201 0.2677 2937.1 2
-0.0631233 0.0337178 0.269 1360.5 2
-0.061449 0.0343916 0.267769 1600.54 2
-0.0597555 0.0354975 0.267 1860 2
-0.00932187 0.0346273 0.267 3119.25 2
-0.00756771 0.0345464 0.26825 2966.62 2
-0.0612051 0.0374153 0.268267 1639.13 2
-0.0593939 0.0378983 0.267111 1901.22 2
-0.00991089 0.037662 0.267267 3144 2
-0.00820659 0.0374432 0.268467 2992.73 2
-0.061131 0.0402302 0.268583 1678.08 2
-0.0592504 0.0405751 0.267333 1917.13 2
-0.00991322 0.0405751 0.267333 3190.27 2
-0.00821271 0.0403888 0.268667 2967.27 2
-0.0610114 0.0433134 0.2687 1650.8 2
-0.059296 0.0435709 0.267375 1856.06 2
-0.0125103 0.044779 0.267 3264 2
-0.0105002 0.0435879 0.26752 3161.64 2
-0.00821707 0.0433293 0.2688 3024.47 2
-0.0610792 0.0462833 0.269 1617.6 2
-0.0592947 0.0466127 0.267533 1878.67 2
-0.0125102 0.0465193 0.267 3274 2
-0.010553 0.0465037 0.268217 3138.91 2
-0.00880766 0.0462833 0.269 3037.2 2
-0.0610792 0.0489133 0.269 1605.62 2
-0.0589394 0.0496864 0.2675 1868.6 2
-0.0125102 0.0494198 0.267 3293.2 2
-0.0104793 0.0495225 0.268571 3143.25 2
-0.00880766 0.0494978 0.269 3059.17 2
-0.0602031 0.0527122 0.269 1700.2 2
-0.0585263 0.0525162 0.268 1912.35 2
-0.0567122 0.0530454 0.267 2083.75 2
-0.0125102 0.0523203 0.267 3271.3 2
-0.0105275 0.0525554 0.2682 3095.24 2
-0.0084183 0.0525823 0.269 2948.56 2
-0.0602031 0.0547578 0.269 1680.5 2
-0.0581548 0.0554237 0.268364 1940.5 2
-0.0560455 0.0557429 0.267 2141.5 2
-0.0151188 0.056381 0.267 3400.33 2
-0.0133252 0.0555658 0.26732 3326.52 2
-0.0106396 0.0554507 0.268478 3154.83 2
-0.00880766 0.05505 0.269 2946.33 2
-0.058052 0.0584478 0.2685 1946.5 2
-0.05539 0.0586215 0.267222 2198.39 2
-0.0539586 0.0598615 0.267 2318 2
-0.0151188 0.0587013 0.267 3479.2 2
-0.0133883 0.0585002 0.267696 3319.52 2
-0.0111021 0.0583061 0.269 3167.64 2
-0.0579087 0.0612283 0.269 1929.43 2
-0.0556122 0.0616114 0.267727 2143.64 2
-0.0536687 0.0616018 0.267 2376.4 2
-0.0153362 0.0618193 0.267 3457.12 2
-0.0134552 0.0615128 0.268111 3316.15 2
-0.0114359 0.0608944 0.269 3139.67 2
-0.057575 0.0632322 0.269 1987.5 2
-0.0556284 0.0646516 0.268471 2138.53 2
-0.0534498 0.0646301 0.267091 2351.27 2
-0.0154087 0.0645023 0.267 3448.4 2
-0.0134223 0.0644835 0.268391 3306.65 2
-0.0548794 0.0674339 0.268667 2223.67 2
-0.0526875 0.0676135 0.267294 2433.76 2
-0.0180173 0.0682729 0.267 3585.5 2
-0.0161108 0.0677584 0.2676 3407.55 2
-0.0136922 0.0671237 0.268722 3249.61 2
-0.0543223 0.0707781 0.2688 2246 2
-0.0523852 0.0705255 0.26784 2456 2
-0.0498041 0.0707867 0.267 2677.92 2
-0.0186105 0.0703564 0.2672 3518.47 2
-0.0163432 0.0705881 0.26808 3412.6 2
-0.0142887 0.0704253 0.269 3313.54 2
-0.0522802 0.0736979 0.2688 2472.35 2
-0.0493911 0.0734399 0.267615 2681.85 2
-0.0472921 0.0734939 0.267 2889.92 2
-0.0191218 0.0736266 0.267107 3553.46 2
-0.0163764 0.073513 0.267885 3421.69 2
-0.0143561 0.0737521 0.269 3291.8 2
-0.0522994 0.0766454 0.2689 2466.5 2
-0.0494372 0.0765517 0.267741 2655.63 2
-0.0470914 0.0768182 0.267 2858.62 2
-0.0192306 0.07666 0.267083 3550.46 2
-0.0162853 0.0764142 0.267917 3399 2
-0.013756 0.0765882 0.2687 3275.8 2
-0.0522224 0.0794486 0.2685 2327.5 2
-0.0493962 0.0794711 0.2674 2520.12 2
-0.0466544 0.0796138 0.267 2774.05 2
-0.0190271 0.0793514 0.267238 3499.67 2
-0.0163392 0.0793006 0.268 3369.84 2
-0.013439 0.0793598 0.2682 3195.56 2
-0.0117279 0.0795965 0.269 3008.4 2
-0.052211 0.0823214 0.268778 1783.56 2
-0.0494844 0.082525 0.26788 1944.56 2
-0.047026 0.0825269 0.267133 2101.47 2
-0.0184113 0.0818099 0.267111 3032.44 2
-0.0162336 0.0821354 0.267333 2407.15 2
-0.013503 0.0823982 0.268185 1760 2
-0.0117279 0.0825187 0.269 1392 2
-0.0517346 0.0842721 0.269 637.5 2
-0.049553 0.0853702 0.268778 567.778 2
-0.0464903 0.0855516 0.267667 596.042 2
-0.0439796 0.0856439 0.267125 618.812 2
-0.0154087 0.0850957 0.267 633.25 2
-0.0135709 0.0855703 0.268417 628.792 2
-0.0117279 0.0845643 0.269 604 2
-0.0520409 0.0889832 0.268857 490.357 2
-0.0495847 0.0883419 0.268207 516.207 2
-0.046586 0.0881295 0.267619 548.143 2
-0.0439765 0.0879408 0.267308 565 2
-0.0132031 0.088288 0.267727 622.591 2
-0.0111821 0.0888063 0.268846 599.923 2
-0.0543627 0.0912854 0.269 438.6 2
-0.0525337 0.0913825 0.2686 466.44 2
-0.0498668 0.0912999 0.267333 496.222 2
-0.0154087 0.092637 0.267 578.25 2
-0.0131719 0.0916205 0.267208 581.667 2
-0.0108731 0.091532 0.268609 571.478 2
-0.057283 0.0939154 0.269 247.5 2
-0.0552314 0.0943379 0.268318 406.045 2
-0.0525467 0.0939902 0.26772 443.68 2
-0.0501905 0.0935072 0.267 474.5 2
-0.0154087 0.0935072 0.267 569.5 2
-0.0128001 0.0935072 0.267 549.667 2
-0.0101691 0.0943207 0.267818 526.318 2
-0.00808179 0.0951593 0.268769 507.615 2
-0.00559544 0.0959609 0.269 490.5 2
-0.00961172 0.0972777 0.267 502.625 2
-0.00759983 0.097507 0.267633 485.767 2
-0.00491963 0.0978455 0.2688 461.05 2
-0.00296726 0.0985909 0.269 425.5 2
-0.00736195 0.100413 0.267 437.524 2
-0.00469851 0.100202 0.26784 413.24 2
-0.00257177 0.100039 0.268444 359.222 2
-0.00715429 0.103248 0.26725 426.625 2
-0.00499278 0.103465 0.268 395.542 2
-0.00729293 0.105399 0.267 410.75 2
-0.00557465 0.105794 0.268 384.5 2
0.0025907 -0.0696943 0.27 790.833 2
0.00206963 -0.0672175 0.27 970.333 2
0.0020045 -0.0644148 0.27 1022.95 2
0.00200641 -0.0615266 0.2702 1059.2 2
0.00200737 -0.0586144 0.2703 1085.95 2
0.00206302 -0.0555674 0.270545 1105.64 2
0.00379101 -0.0551411 0.272 447.125 2
0.00171816 -0.0527055 0.270875 1205.81 2
0.00142354 -0.0493449 0.271 1337 2
0.00186842 -0.0462436 0.271375 1239.56 2
0.003791 -0.0462767 0.272 573.25 2
-4.72414e-05 -0.0424168 0.27 1664 2
0.00146815 -0.043545 0.271286 1349.07 2
-4.73464e-05 -0.040452 0.2706 1663 2
0.000540167 -0.040452 0.2706 1568.2 2
-4.74514e-05 -0.037596 0.2712 1667.6 2
0.000541365 -0.037596 0.2712 1615.6 2
-4.75914e-05 -0.034753 0.272 1695.2 2
0.000542962 -0.034753 0.272 1609.4 2
-4.74864e-05 -0.0317293 0.2714 1780.6 2
0.000541764 -0.0317293 0.2714 1690 2
-4.74164e-05 -0.0287373 0.271 1748.8 2
0.000540966 -0.0287373 0.271 1639.6 2
-4.74164e-05 -0.025499 0.271 1810.33 2
0.000540966 -0.025499 0.271 1686 2
-0.000298624 -0.0219131 0.270857 1838.43 2
0.000541365 -0.0222763 0.2712 1724.6 2
-0.000633568 -0.019293 0.270667 1940.87 2
0.000542962 -0.019388 0.272 1765.2 2
-0.000633568 -0.0163527 0.270667 1929.2 2
0.000542962 -0.0164332 0.272 1740 2
-0.000633568 -0.0134123 0.270667 1977.13 2
0.000542962 -0.0134784 0.272 1796.4 2
-0.000782923 -0.0106391 0.271167 2007 2
0.000542962 -0.0114101 0.272 1798 2
-0.000929989 -0.00754099 0.271 2048.4 2
-0.00112654 -0.00440608 0.271333 2114.33 2
-0.0015162 -0.00165312 0.271 2177.8 2
-0.00158182 0.00115998 0.271 2212 2
-0.00356451 0.00480575 0.27 2461.6 2
-0.00239727 0.00442509 0.270667 2301.6 2
-0.00356451 0.00656559 0.27 2456 2
-0.00169979 0.00765942 0.271143 2206.48 2
-0.00158354 0.0105896 0.271222 2183.17 2
-0.0677546 0.0147782 0.27 672.5 2
-0.00356451 0.0144849 0.27 2498 2
-0.00225201 0.0137936 0.270833 2287.33 2
-0.0673451 0.0166961 0.270444 783.944 2
-0.00356451 0.016538 0.27 2473.4 2
-0.0023983 0.0165876 0.2708 2306.47 2
-0.0670424 0.0194246 0.270375 818.625 2
-0.00356979 0.0195013 0.2704 2455.6 2
-0.00240392 0.0195773 0.271467 2274.73 2
-0.0669586 0.0224319 0.270333 827.667 2
-0.00396375 0.0228517 0.270667 2550.83 2
-0.00298933 0.0221928 0.271 2400.75 2
-0.0670742 0.0254135 0.2708 780.667 2
-0.00386973 0.0254311 0.271 2517.8 2
-0.0671124 0.0282571 0.27175 782.083 2
-0.0653678 0.0284379 0.27 1107.29 2
-0.00412752 0.0281517 0.271286 2564.29 2
-0.0647239 0.0318165 0.270615 1218.92 2
-0.00503826 0.0315545 0.2705 2715.85 2
-0.0644677 0.0344784 0.271167 1234.58 2
-0.0627718 0.0353097 0.27 1450.33 2
-0.00503991 0.0345061 0.2706 2678.2 2
-0.0639934 0.0375982 0.2717 1299.7 2
-0.0627718 0.0373629 0.27 1441.5 2
-0.00678867 0.0376562 0.27 2852.1 2
-0.00505689 0.0375699 0.2715 2662.9 2
-0.0635013 0.0401498 0.271444 1346.78 2
-0.0624159 0.0413284 0.271 1512 2
-0.00678866 0.0405892 0.27 2874.8 2
-0.0054133 0.0402401 0.2716 2734.8 2
-0.0637498 0.0434959 0.271667 1289.58 2
-0.0624368 0.0438246 0.270667 1477.83 2
-0.00679872 0.0435881 0.2704 2867.2 2
-0.00565785 0.0432537 0.272 2750.8 2
-0.0641226 0.046504 0.272 1210.92 2
-0.0624787 0.0464554 0.27 1389.4 2
-0.00738745 0.0465414 0.2705 2894.95 2
-0.00565784 0.046504 0.272 2672.17 2
-0.0635013 0.0492587 0.271444 1258.33 2
-0.0620989 0.0498543 0.270714 1467.71 2
-0.00738242 0.0494427 0.2703 2880.95 2
-0.00512367 0.0498039 0.271556 2654.83 2
-0.0631903 0.0526712 0.2718 1306.2 2
-0.0617679 0.0524645 0.270733 1512.67 2
-0.00722832 0.0522482 0.27 2836.06 2
-0.00530553 0.0523174 0.271286 2680.64 2
-0.0632368 0.0558609 0.272 1286.67 2
-0.0616084 0.0556296 0.271067 1542.07 2
-0.0598407 0.0561345 0.27 1801 2
-0.00942661 0.0564278 0.27 3009 2
-0.00745944 0.0554287 0.270571 2867.62 2
-0.00565264 0.0553184 0.27175 2681.25 2
-0.0611468 0.0584599 0.27075 1578.94 2
-0.0598407 0.058481 0.27 1758.83 2
-0.00990622 0.0588276 0.27 3060.36 2
-0.00769989 0.0584463 0.2712 2882.92 2
-0.0612428 0.0616445 0.2715 1571.5 2
-0.0591812 0.0619274 0.27 1812.38 2
-0.0103305 0.0617978 0.270263 3075.32 2
-0.00830442 0.0614981 0.271667 2922.73 2
-0.0609435 0.0642434 0.271529 1602.35 2
-0.0584821 0.064658 0.2704 1886.87 2
-0.0106454 0.0645454 0.270565 3108.91 2
-0.00830442 0.0644492 0.271667 2882.4 2
-0.0586142 0.0673728 0.271556 1872.67 2
-0.0566045 0.0671906 0.270143 2092 2
-0.0126508 0.0681601 0.27 3221.67 2
-0.0106213 0.0673704 0.2706 3076.44 2
-0.00830442 0.0674004 0.271667 2877.93 2
-0.0578058 0.0704512 0.271625 1974.69 2
-0.0558522 0.0704941 0.270375 2126 2
-0.012902 0.0705904 0.27 3245 2
-0.0106449 0.0704668 0.2712 3078.36 2
-0.00890589 0.0704379 0.272 2927.6 2
-0.0578515 0.073499 0.271667 1934.8 2
-0.0555454 0.073573 0.270263 2134.53 2
-0.0539786 0.073733 0.27 2286.5 2
-0.012953 0.0734945 0.2702 3214 2
-0.0107618 0.0734543 0.271565 3047.3 2
-0.00890589 0.0728018 0.272 2909 2
-0.0578691 0.0761788 0.27175 1890.83 2
-0.0554853 0.0764305 0.270421 2117.95 2
-0.0539786 0.0763727 0.27 2324 2
-0.0126155 0.0760773 0.270143 3196.86 2
-0.0108925 0.0765965 0.271364 3081.18 2
-0.0573312 0.0793023 0.272 1908.6 2
-0.0556511 0.0794518 0.271 2076 2
-0.0539786 0.0793058 0.27 2245.4 2
-0.0123577 0.0781326 0.27 3207 2
-0.0105067 0.0794914 0.270842 2937.84 2
-0.00890589 0.0798933 0.272 2747 2
-0.0577741 0.0827003 0.272 1082.75 2
-0.0555994 0.0824721 0.270952 1513.29 2
-0.0537588 0.0828988 0.27 1347 2
-0.0103346 0.0826256 0.270792 1398.79 2
-0.00890043 0.0825011 0.271833 1327.5 2
-0.0582171 0.0855074 0.272 387.583 2
-0.0555377 0.0856622 0.271167 459.375 2
-0.0524991 0.0858983 0.27 480.667 2
-0.0504614 0.0866385 0.27 509.5 2
-0.0123577 0.0863452 0.27 628 2
-0.0105079 0.0858035 0.270304 598.826 2
-0.00799259 0.0856671 0.271571 562 2
-0.00565785 0.0869848 0.272 534 2
-0.0581111 0.0885945 0.2715 404.95 2
-0.0555059 0.0885327 0.270609 449.261 2
-0.0532571 0.0882404 0.27 478.769 2
-0.0100153 0.0882537 0.270071 589.929 2
-0.00774905 0.0885141 0.270679 559 2
-0.00513291 0.088889 0.272 517.333 2
-0.0578602 0.0912903 0.271059 383.647 2
-0.0559507 0.091769 0.270529 422.471 2
-0.00942661 0.0916247 0.27 551.4 2
-0.0076633 0.0915325 0.270783 531.739 2
-0.00447674 0.0917125 0.272 501.233 2
-0.00108933 0.0920694 0.271824 436.706 2
0.0010231 0.0918187 0.271364 397.545 2
-0.0574959 0.0933846 0.27 382 2
-0.0560304 0.0933846 0.27 404.25 2
-0.00942661 0.0933846 0.27 523 2
-0.00735059 0.0942297 0.270667 506.286 2
-0.00459103 0.0945731 0.271516 488.032 2
-0.00129614 0.0946462 0.271808 437.385 2
0.00113045 0.0944363 0.271333 381.8 2
-0.00405073 0.0967461 0.270455 466.273 2
-0.00155513 0.0974732 0.271281 425.5 2
0.00102614 0.0972997 0.272 331.273 2
-0.00131965 0.0992995 0.270667 398.5 2
0.00261949 -0.0520816 0.273 1008.83 2
0.00380494 -0.0526747 0.273 510.7 2
0.00261949 -0.0497091 0.273 1044.4 2
0.00381052 -0.0497806 0.2734 537.6 2
0.00261949 -0.0476331 0.273 1027.5 2
0.00380494 -0.0476331 0.273 566.75 2
0.00262141 -0.0432154 0.2732 1098.2 2
0.00382353 -0.0427988 0.274333 631.667 2
0.00198121 -0.0405138 0.273909 1303.32 2
0.00383282 -0.0408123 0.275 676.75 2
0.00163919 -0.0376116 0.274167 1409.92 2
0.00188907 -0.0342363 0.274375 1388.06 2
0.00383282 -0.0333439 0.275 741.5 2
0.00203305 -0.0314031 0.2737 1369.55 2
0.00383282 -0.0315514 0.275 772.5 2
0.00203497 -0.0284487 0.2739 1351.05 2
0.00383282 -0.0288628 0.275 796.75 2
0.00163919 -0.0256983 0.274167 1470.83 2
0.00188907 -0.0223139 0.274375 1462.31 2
0.00383282 -0.0213943 0.275 890.5 2
0.00203899 -0.0195662 0.2745 1428.6 2
0.00383281 -0.0196019 0.275 921.1 2
0.00203541 -0.0165484 0.2739 1477.45 2
0.00383282 -0.0166145 0.275 973.7 2
0.00203262 -0.013562 0.2737 1478 2
0.00382724 -0.0136086 0.2746 984.6 2
-4.77663e-05 -0.00996917 0.273 1868 2
0.0015643 -0.0107135 0.274176 1590.12 2
-4.78363e-05 -0.00760647 0.2734 1888 2
0.00114495 -0.00763702 0.274467 1708.53 2
-4.79413e-05 -0.00464794 0.274 1916.8 2
0.000945885 -0.0050538 0.274444 1759.56 2
-4.79413e-05 -0.00167142 0.274 1936.8 2
0.000546954 -0.00167142 0.274 1836.8 2
-0.00030194 0.00164398 0.273857 1969.14 2
0.000547353 0.00130693 0.2742 1807.2 2
-0.000640606 0.00427643 0.273667 2056.27 2
0.00054895 0.00429726 0.275 1834.4 2
-0.00044309 0.00686226 0.274 2014.22 2
0.000548551 0.00727848 0.2748 1860.8 2
-0.000301965 0.010744 0.274 2003.43 2
0.000547752 0.0102509 0.2744 1892.8 2
-0.000640606 0.0135906 0.273667 2059.6 2
0.00054895 0.0132594 0.275 1907.6 2
-0.000640606 0.0165635 0.273667 2047.53 2
0.00054895 0.0162468 0.275 1846.8 2
-0.000684888 0.0195144 0.274143 2027 2
0.00054895 0.0189355 0.275 1871.25 2
-0.00159772 0.0225764 0.273667 2160.56 2
-0.00160194 0.0253461 0.274333 2194.56 2
-0.0679147 0.0294742 0.273 620.25 2
-0.00330775 0.0291776 0.273 2468.83 2
-0.00213163 0.028711 0.2742 2208.7 2
-0.0673717 0.0315734 0.2732 750.6 2
-0.00330775 0.0315501 0.273 2446.8 2
-0.00213785 0.0317813 0.275 2243.1 2
-0.0669268 0.034318 0.273 797.083 2
-0.0655438 0.0354054 0.273 1101.25 2
-0.00330775 0.0345158 0.273 2436.6 2
-0.00193494 0.0349035 0.2745 2192.17 2
-0.066827 0.0375376 0.2734 838.3 2
-0.0655438 0.0374814 0.273 1103.8 2
-0.00331017 0.0375098 0.2732 2430.4 2
-0.00168616 0.0374639 0.2745 2166.5 2
-0.0667677 0.0407327 0.274 854.538 2
-0.0649834 0.0406187 0.273231 1165.85 2
-0.00384135 0.0406612 0.273556 2489.94 2
-0.00213785 0.0395485 0.275 2232.5 2
-0.0666762 0.0435718 0.274 819.533 2
-0.0651641 0.0431874 0.273714 1138.86 2
-0.00390896 0.0435234 0.2737 2493.45 2
-0.066774 0.0466171 0.2744 780.333 2
-0.0654864 0.0465483 0.274 1098 2
-0.00390653 0.0464634 0.2735 2494.5 2
-0.066475 0.0492876 0.274571 851.286 2
-0.0650382 0.0498808 0.273778 1101.44 2
-0.0036551 0.049219 0.273714 2480 2
-0.0663225 0.052693 0.275 875.2 2
-0.0649083 0.052515 0.274067 1128.13 2
-0.0036551 0.0527008 0.273714 2455.64 2
-0.0663225 0.0562778 0.275 794.333 2
-0.0646704 0.0556504 0.274067 1126.13 2
-0.0628765 0.055572 0.273 1394 2
-0.00397893 0.0553456 0.274 2478.33 2
-0.0663225 0.0586678 0.275 771.8 2
-0.064655 0.0585281 0.274053 1109.79 2
-0.0628765 0.0585377 0.273 1388 2
-0.00510117 0.0584342 0.2739 2649.1 2
-0.0663225 0.0607589 0.275 767.5 2
-0.0643448 0.0613804 0.273778 1139.5 2
-0.0628765 0.0615033 0.273 1372 2
-0.0068641 0.0617999 0.273 2779.3 2
-0.00511278 0.0615431 0.2745 2608.45 2
-0.0641877 0.0643898 0.273923 1172.08 2
-0.0624814 0.0649632 0.273 1430 2
-0.0068641 0.0647655 0.273 2743.8 2
-0.00517797 0.0643792 0.274444 2623.06 2
-0.0635585 0.0669519 0.274667 1277.33 2
-0.061565 0.0676204 0.27375 1570.19 2
-0.0596166 0.0689175 0.273 1769 2
-0.00658651 0.067641 0.273833 2729.08 2
-0.0055143 0.0673503 0.274667 2643.5 2
-0.0617331 0.0704889 0.2745 1562.6 2
-0.0596166 0.0706969 0.273 1769.8 2
-0.00717927 0.0705464 0.2738 2778.56 2
-0.00542172 0.0706173 0.275 2622.6 2
-0.0613351 0.0732728 0.2745 1596 2
-0.0596165 0.073366 0.273 1762.25 2
-0.00953135 0.0745523 0.273 2975.5 2
-0.00730959 0.0735972 0.273741 2783.26 2
-0.00542172 0.0736047 0.275 2633.8 2
-0.0608279 0.0764073 0.274643 1655.43 2
-0.0592214 0.0767424 0.273714 1802.14 2
-0.00953135 0.0766282 0.273 2990.6 2
-0.0076849 0.0765334 0.274167 2797.75 2
-0.00542172 0.0753971 0.275 2677 2
-0.0604953 0.0792859 0.274444 1584.11 2
-0.0587999 0.0794926 0.273333 1751.27 2
-0.00953135 0.0787041 0.273 2961.5 2
-0.00741666 0.0794173 0.273929 2620 2
-0.00542172 0.0798782 0.275 2301 2
-0.0606503 0.0834631 0.275 617.25 2
-0.0588566 0.0822644 0.273385 1340.08 2
-0.00729597 0.0824369 0.2735 1222.88 2
-0.00515692 0.0828214 0.274571 683.929 2
-0.0068641 0.0852286 0.273 539.25 2
-0.00487661 0.0855648 0.274154 523.038 2
-0.00371011 0.0880749 0.273556 506.389 2
-0.00157421 0.0890877 0.2745 468.875 2
0.00199897 0.0890964 0.275 359.643 2
-0.00330775 0.0902703 0.273 495 2
-0.00127114 0.0907275 0.273375 451.312 2
0.00165026 0.090548 0.273714 372.5 2
0.00384675 -0.0394616 0.276 679 2
0.00264828 -0.0373629 0.276 1200 2
0.00384675 -0.0376627 0.276 710.4 2
0.00264828 -0.0355639 0.276 1210 2
0.00384675 -0.0349642 0.276 754.75 2
0.00384675 -0.0274686 0.276 813 2
0.00264828 -0.0253698 0.276 1275.88 2
0.00384675 -0.0256696 0.276 860.8 2
0.00264828 -0.0235709 0.276 1303.25 2
0.00384675 -0.0229712 0.276 897.75 2
0.00264828 -0.0100787 0.276 1384.67 2
0.00387463 -0.0107558 0.278 1022.8 2
0.00265596 -0.00770152 0.2768 1371.6 2
0.00386348 -0.00771438 0.2772 1053.2 2
0.00220485 -0.0044676 0.276625 1507.25 2
0.0038607 -0.00469883 0.277 1076.8 2
0.00205384 -0.00168667 0.2765 1547.6 2
0.00386627 -0.00169085 0.2774 1113.6 2
0.00205864 0.0013194 0.277 1571.8 2
0.00387463 0.00132416 0.278 1133.6 2
0.00206074 0.0043352 0.2774 1572 2
0.00387463 0.00434414 0.278 1112.8 2
0.00206126 0.00735088 0.2775 1563.4 2
0.00387463 0.00736412 0.278 1125.6 2
0.00206126 0.0103654 0.2775 1604.4 2
0.00387463 0.0103841 0.278 1168 2
0.00206074 0.0133747 0.2774 1617.95 2
0.00387463 0.0134041 0.278 1166 2
0.00205863 0.016365 0.277 1604.45 2
0.00387463 0.0164241 0.278 1180.8 2
-4.82912e-05 0.0205035 0.276 1984 2
0.00171879 0.0192363 0.277333 1653.07 2
-4.82912e-05 0.0223024 0.276 1947.4 2
0.00115719 0.0224101 0.277333 1775.07 2
-0.000305233 0.0257088 0.276714 2025.29 2
0.000956217 0.0250304 0.277444 1837.89 2
-0.000647635 0.0283607 0.2766 2030.47 2
0.00055454 0.0284844 0.2778 1878.6 2
-0.000742438 0.0313903 0.277231 2038.15 2
0.000554939 0.0313227 0.278 1872 2
-0.00064808 0.0343772 0.276667 2032.67 2
0.000554141 0.0344929 0.2776 1867.8 2
-0.000305233 0.0377329 0.276714 1978.71 2
0.000552943 0.0374288 0.277 1828.2 2
-0.00112802 0.0405143 0.2767 2126.2 2
0.000554939 0.0402819 0.278 1840.25 2
-0.0015481 0.0433686 0.2765 2176.45 2
-0.00154913 0.0464233 0.2768 2170.5 2
-0.0676255 0.0500061 0.276667 633.333 2
-0.00154913 0.0494289 0.2768 2202.7 2
-0.0674625 0.0522849 0.276 573.9 2
-0.00141178 0.0524329 0.276636 2153.41 2
0.000554939 0.0529658 0.278 1881.5 2
-0.0673127 0.0552332 0.276 565.083 2
-0.0659644 0.0549833 0.276 1004.5 2
-0.00170028 0.0552333 0.276875 2170.38 2
-0.0033441 0.0582814 0.276 2428.4 2
-0.00215962 0.0586624 0.2778 2232.3 2
-0.0665637 0.0621791 0.276 769.5 2
-0.0659644 0.0621791 0.276 936 2
-0.0033441 0.0612797 0.276 2395.6 2
-0.00215495 0.061547 0.2772 2273.8 2
-0.0669353 0.0644256 0.276636 614.273 2
-0.0659644 0.0642779 0.276 887.75 2
-0.00334895 0.0643724 0.2764 2371.3 2
-0.00216117 0.0647437 0.278 2247.6 2
-0.0662512 0.0675696 0.2772 843 2
-0.0649051 0.0675175 0.276167 1092.67 2
-0.00394939 0.0673981 0.2765 2462.7 2
-0.0664424 0.0707837 0.278 817.4 2
-0.0647366 0.0705682 0.27715 1147.25 2
-0.0039506 0.0704277 0.2766 2454.4 2
-0.0664424 0.0728977 0.278 783 2
-0.0647384 0.0733399 0.277714 1119.57 2
-0.0626686 0.0738724 0.276 1427.5 2
-0.00402069 0.0733745 0.276889 2462.78 2
-0.0637694 0.0760471 0.278 1319.14 2
-0.0625498 0.0764929 0.2768 1477.6 2
-0.00604067 0.0768706 0.276 2677.67 2
-0.00415643 0.0764471 0.277304 2451.39 2
-0.0637263 0.0798436 0.278 1249.67 2
-0.0622943 0.0795564 0.277 1447.2 2
-0.00604067 0.0783698 0.276 2647.5 2
-0.00409653 0.079278 0.277273 2288.09 2
-0.0635735 0.0814591 0.277333 999.833 2
-0.0615901 0.0821062 0.276267 1141.6 2
-0.00375436 0.0821307 0.276889 1056.22 2
-0.00185938 0.0830146 0.278 503.625 2
-0.0033441 0.0849659 0.276 506.375 2
-0.0012917 0.0853024 0.276931 473.655 2
0.0017583 0.0856969 0.2774 397.44 2
-0.00102207 0.0878538 0.276125 465.438 2
0.00152867 0.0880121 0.276625 395.438 2
0.00268026 0.0201449 0.279333 1475.33 2
0.00389972 0.0195721 0.2798 1183.8 2
0.00268666 0.0226256 0.28 1485.8 2
0.00391644 0.0229099 0.281 1209 2
0.0020549 0.0257861 0.279769 1633.46 2
0.0030013 0.0263695 0.281 1467 2
0.00155162 0.0285526 0.279545 1692.55 2
0.0030013 0.0275905 0.281 1469 2
-4.88161e-05 0.0319405 0.279 1971 2
0.0013185 0.0317824 0.279833 1771 2
0.0016816 0.0347819 0.279923 1736.92 2
0.0030013 0.0349167 0.281 1493 2
0.00177411 0.0375856 0.279667 1664.87 2
0.0030013 0.0373588 0.281 1459.4 2
-4.88161e-05 0.0419422 0.279 1952 2
0.00137161 0.0407894 0.280333 1729.89 2
-4.88161e-05 0.0437607 0.279 1940 2
0.00116969 0.0435629 0.280333 1779.2 2
-4.88161e-05 0.0464885 0.279 1920.75 2
0.000863312 0.0460908 0.279667 1792.33 2
-4.88161e-05 0.0492162 0.279 1953.2 2
0.00116969 0.0494514 0.280333 1748.4 2
-4.88161e-05 0.0516409 0.279 1981.33 2
0.00126073 0.0522794 0.279923 1801.46 2
-0.000308499 0.0557102 0.279429 2006.43 2
0.000966103 0.0551138 0.280222 1855.89 2
-0.000654673 0.0584344 0.2796 2061.4 2
0.000560528 0.0586858 0.2808 1883 2
-0.0684403 0.0621678 0.28 424.333 2
-0.000654661 0.0614564 0.279533 2093.33 2
0.000560129 0.0616901 0.2806 1927 2
-0.0681363 0.0633845 0.28 542 2
-0.000698426 0.0644487 0.279714 2040.79 2
0.000560927 0.0645266 0.281 1882 2
-0.00123441 0.0675427 0.279818 2113.14 2
0.000560927 0.0669687 0.281 1847 2
-0.00163317 0.0704933 0.279778 2206.78 2
-0.0663785 0.0743722 0.279 836.75 2
-0.00156662 0.073421 0.28 2185.85 2
-0.0665213 0.0766596 0.2796 802.3 2
-0.0650236 0.0767653 0.27925 1136.83 2
-0.00156662 0.0764627 0.28 2158.2 2
-0.0664975 0.0793625 0.2795 630.125 2
-0.0648877 0.0793454 0.279286 1080.07 2
-0.00156662 0.0795044 0.28 1930.95 2
-0.0651671 0.0813432 0.279 767 2
-0.00108541 0.0824026 0.280059 712.529 2
0.00158821 0.0835282 0.280077 412.462 2
0.0030013 0.0834526 0.281 386.5 2
-4.88161e-05 0.084374 0.279 448 2
0.00176844 0.084374 0.279 407.8 2
0.00515491 0.0197238 0.282 715.3 2
0.00474673 0.0224809 0.282 907 2
0.00461474 0.0253948 0.282222 975.111 2
0.00239972 0.0289141 0.282 1543 2
0.004357 0.0284686 0.28287 1079.3 2
0.00239972 0.0313649 0.282 1588.8 2
0.0042494 0.0314538 0.2828 1142.28 2
0.00239972 0.0335093 0.282 1569.5 2
0.0044198 0.0344672 0.283 1115.5 2
0.00457068 0.0377184 0.2837 1071.55 2
0.00240312 0.040614 0.2824 1608.6 2
0.00353007 0.0404022 0.283273 1357.36 2
0.00240823 0.0434658 0.283 1643.25 2
0.00302266 0.0434658 0.283 1516 2
0.0018411 0.0467606 0.282769 1671.08 2
0.00303334 0.0463961 0.284 1500 2
0.00241334 0.0494102 0.2836 1622.8 2
0.00302907 0.0494102 0.2836 1523.8 2
0.00240823 0.0523813 0.283 1608.6 2
0.00302266 0.0523813 0.283 1499.6 2
0.00199816 0.0558212 0.282778 1702.44 2
0.00302693 0.0555353 0.2834 1519.8 2
0.00163985 0.0583422 0.282833 1751 2
0.00303334 0.0578111 0.284 1496 2
0.00148657 0.0616042 0.283 1756.6 2
0.00174933 0.0643481 0.282714 1724.64 2
0.00303334 0.0639815 0.284 1513.25 2
-4.9341e-05 0.0687387 0.282 1970 2
0.00140261 0.0678424 0.282909 1733.64 2
-4.9341e-05 0.0705768 0.282 2011.6 2
0.00113294 0.0706189 0.282923 1811.69 2
-4.9341e-05 0.0736402 0.282 2016.8 2
0.00118219 0.073577 0.283333 1829.2 2
-4.9341e-05 0.0767037 0.282 1942.2 2
0.00118079 0.0765822 0.283067 1763.6 2
-4.9341e-05 0.0797671 0.282 1594 2
0.0014882 0.0795882 0.283 1241.75 2
0.00360252 0.0795259 0.284 469.077 2
-4.9341e-05 0.0822178 0.282 553.667 2
0.00154735 0.0821661 0.282667 446.6 2
0.003028 0.0823483 0.2835 348.25 2
0.00496224 0.0408628 0.285 987.9 2
0.00459097 0.0434634 0.285 1121 2
0.00460011 0.0466411 0.2855 1134 2
0.0045928 0.0496724 0.2851 1145.7 2
0.00459097 0.0527515 0.285 1155.8 2
0.00459957 0.0556362 0.2855 1144.62 2
0.00242525 0.0592531 0.285 1632.5 2
0.00439695 0.0585801 0.2864 1231.35 2
0.00242525 0.0614203 0.285 1592.2 2
0.00363236 0.0614937 0.286231 1391.77 2
0.00242525 0.0657548 0.285 1634 2
0.00426866 0.0643564 0.286867 1273.4 2
0.00242525 0.0676124 0.285 1627.4 2
0.00368139 0.067513 0.286333 1405.53 2
0.00242738 0.0704614 0.28525 1564 2
0.00368228 0.0703333 0.286417 1398.58 2
0.00243376 0.073442 0.286 1618.8 2
0.00305471 0.073442 0.286 1527 2
0.00242865 0.076387 0.2854 1571 2
0.00430082 0.0766006 0.2862 1079.52 2
0.00242525 0.0781389 0.285 1514 2
0.00428158 0.0781389 0.285 709.8 2
0.00653779 0.0597708 0.289 419 2
0.00526824 0.0614847 0.2882 1015.5 2
0.00653779 0.0616545 0.289 487.7 2
0.00528287 0.0644801 0.289 1050.25 2
0.00653779 0.0644801 0.289 505 2
0.00528287 0.0673055 0.289 1054 2
0.00653779 0.0673055 0.289 518.4 2
0.0052719 0.0702975 0.2884 1064.4 2
0.00653779 0.070445 0.289 537.9 2
0.00463929 0.0733299 0.288 1199.55 2
0.00651517 0.0723912 0.288 546.5 2
0.00463929 0.075207 0.288 1176.75 2
