-0.0484426 -0.0632559 0.241 1766.5 2
-0.0463932 -0.0635613 0.241 1514.67 2
-0.0436262 -0.0637356 0.240077 1149.31 2
-0.0404198 -0.0637785 0.24075 1874.19 2
-0.0386606 -0.0640441 0.242 2172.17 2
-0.0666391 -0.0608894 0.242 1611.38 2
-0.0644061 -0.0611523 0.242 1687.25 2
-0.0614661 -0.0611013 0.2418 2297.5 2
-0.0583842 -0.0614232 0.241 2150.81 2
-0.0555064 -0.0614232 0.241 2639.77 2
-0.0525847 -0.0613946 0.241027 2880.24 2
-0.0494808 -0.0614962 0.241143 3071.43 2
-0.0463658 -0.061444 0.241083 3225 2
-0.0433565 -0.0615168 0.240529 3198.91 2
-0.0406473 -0.061518 0.241 3317.11 2
-0.0386606 -0.061941 0.242 3293.7 2
-0.0666392 -0.0593121 0.242 2641.25 2
-0.0646688 -0.0592245 0.242 2716.39 2
-0.061385 -0.0594435 0.242 2952.25 2
-0.0583571 -0.058574 0.241548 3176.74 2
-0.0555557 -0.0584921 0.241039 3394.31 2
-0.0523584 -0.0585401 0.241167 3523.25 2
-0.0494317 -0.0585234 0.242 3618.23 2
-0.0465561 -0.0585789 0.241912 3684.5 2
-0.0434401 -0.058487 0.241853 3698 2
-0.0409628 -0.0592017 0.241857 3669.29 2
-0.0576282 -0.0563677 0.242 3423.8 2
-0.0554129 -0.0557266 0.241733 3541.4 2
-0.0524167 -0.0555629 0.241556 3641.16 2
-0.0494317 -0.0553687 0.242 3714.23 2
-0.046863 -0.0554174 0.242 3735 2
-0.0436521 -0.0566832 0.242 3720.4 2
-0.0541605 -0.0535285 0.242 3617 2
-0.0523215 -0.0535285 0.242 3685 2
-0.0494317 -0.0535285 0.242 3713.2 2
-0.0475927 -0.0535285 0.242 3734.5 2
-0.0335546 -0.0664349 0.245 387.333 2
-0.0322248 -0.0664349 0.245 413 2
-0.0370336 -0.0641498 0.2434 2374.05 2
-0.0341355 -0.0644665 0.2446 2322.73 2
-0.0322248 -0.0648381 0.245 2133.3 2
-0.0726516 -0.0603135 0.245 1582.75 2
-0.0706311 -0.0607666 0.244118 1379.82 2
-0.0683654 -0.0606131 0.243 1725.17 2
-0.0390842 -0.0603491 0.243 3620 2
-0.0371563 -0.0614829 0.243788 3377.97 2
-0.0345991 -0.0616801 0.24475 3277.78 2
-0.0726516 -0.059249 0.245 2134 2
-0.0704474 -0.0584623 0.244148 2374.56 2
-0.0678415 -0.058142 0.24325 2590.46 2
-0.0644085 -0.0580613 0.243 2821.06 2
-0.0616198 -0.0581242 0.243 3034.05 2
-0.0593964 -0.0574454 0.243 3232.5 2
-0.0462066 -0.0574454 0.243 3701.5 2
-0.0422497 -0.0574454 0.243 3728 2
-0.0400526 -0.0582901 0.243174 3689.3 2
-0.0374841 -0.0585269 0.244371 3628.57 2
-0.0355303 -0.0586786 0.245 3514.14 2
-0.06965 -0.055827 0.245 2544.14 2
-0.0674838 -0.0555523 0.244448 2702.76 2
-0.0644526 -0.0557873 0.243833 2997.5 2
-0.0614651 -0.0557939 0.243677 3187 2
-0.0586019 -0.0553655 0.243143 3404.82 2
-0.0557032 -0.0542776 0.243 3595.25 2
-0.0457669 -0.0554509 0.243 3728.44 2
-0.0435261 -0.0553847 0.243 3729.74 2
-0.0405107 -0.0556574 0.243429 3699.6 2
-0.0377627 -0.0556533 0.244821 3663.29 2
-0.069194 -0.0528613 0.245 2639.75 2
-0.0673226 -0.0526717 0.244931 2789.83 2
-0.0643763 -0.0527886 0.244333 3081.67 2
-0.061557 -0.0526986 0.244452 3315.58 2
-0.0585369 -0.0526768 0.243971 3509.94 2
-0.0554981 -0.0524124 0.243333 3616.33 2
-0.0524922 -0.0522022 0.243 3712.17 2
-0.0493722 -0.0521658 0.243 3730.63 2
-0.046434 -0.0523843 0.243 3746.76 2
-0.043598 -0.052465 0.243167 3736.78 2
-0.0405503 -0.0526214 0.243889 3715.44 2
-0.0380687 -0.0526096 0.244714 3703.9 2
-0.0667762 -0.0505628 0.245 2904.73 2
-0.0641939 -0.0500934 0.245 3113.35 2
-0.0615592 -0.0497302 0.245 3313.65 2
-0.0584461 -0.0494241 0.244125 3514.38 2
-0.0554027 -0.0494648 0.244 3643.19 2
-0.0524182 -0.0493964 0.243667 3715.37 2
-0.0494399 -0.0493282 0.243333 3752.42 2
-0.046323 -0.049531 0.243941 3793.85 2
-0.0434831 -0.0494648 0.244 3792.63 2
-0.0406242 -0.0495312 0.244333 3768.28 2
-0.0385881 -0.0501738 0.244875 3725.75 2
-0.0633428 -0.0478045 0.245 3185 2
-0.0613981 -0.0464098 0.244667 3323.88 2
-0.0584864 -0.0464727 0.2436 3514.53 2
-0.0553718 -0.0465238 0.243867 3649.3 2
-0.052489 -0.0465491 0.244 3737.44 2
-0.0494684 -0.0464478 0.243467 3774.3 2
-0.046529 -0.0464757 0.243 3776.41 2
-0.0437172 -0.0465173 0.243833 3800.5 2
-0.0412924 -0.0467177 0.244737 3790.53 2
-0.0612404 -0.0435714 0.245 3359.95 2
-0.0585409 -0.0437641 0.244333 3530.12 2
-0.0554405 -0.0436623 0.244167 3675.75 2
-0.0524963 -0.0436392 0.244033 3748.43 2
-0.0495309 -0.0435928 0.243778 3766.36 2
-0.0464302 -0.0434784 0.243545 3804.24 2
-0.0434618 -0.0436128 0.243889 3823.5 2
-0.0413577 -0.0440329 0.24475 3803.92 2
-0.0606499 -0.0407848 0.245 3413.56 2
-0.0585554 -0.0406184 0.245 3538.27 2
-0.0555232 -0.0405415 0.244528 3680 2
-0.0524203 -0.0405373 0.244743 3757.51 2
-0.0495247 -0.0406282 0.244806 3773.16 2
-0.0464921 -0.040534 0.2445 3808.39 2
-0.0432663 -0.0404982 0.244278 3820.86 2
-0.0415336 -0.0406184 0.245 3828.67 2
-0.0601512 -0.0382231 0.245 3416.33 2
-0.0584372 -0.0375134 0.245 3550.22 2
-0.0554846 -0.0373257 0.244361 3655.17 2
-0.0524079 -0.037403 0.244861 3750.78 2
-0.0495125 -0.0374247 0.245 3802.17 2
-0.0465869 -0.0374247 0.245 3821.14 2
-0.0436613 -0.0376528 0.245 3835.32 2
-0.0415336 -0.0384892 0.245 3829 2
-0.0581564 -0.0354285 0.245 3617.75 2
-0.0555089 -0.0348115 0.245 3671.73 2
-0.052385 -0.0347099 0.245 3768.68 2
-0.0495125 -0.034497 0.245 3799.4 2
-0.0468529 -0.0350293 0.245 3835.19 2
-0.0441932 -0.0352954 0.245 3833.67 2
-0.0511083 -0.0329001 0.245 3800 2
-0.0491579 -0.0325452 0.245 3805 2
-0.031021 -0.0664388 0.246 714.167 2
-0.0290842 -0.0666642 0.247333 917.667 2
-0.0309535 -0.0643995 0.246615 2518.15 2
-0.0293887 -0.0645543 0.248 2534.7 2
-0.0789257 -0.0602438 0.248 1105.5 2
-0.0766749 -0.0604704 0.246571 1142.93 2
-0.0742834 -0.0605597 0.246 1363.67 2
-0.0335389 -0.0607506 0.246 3310.86 2
-0.0316252 -0.0616221 0.247176 3143.18 2
-0.0787393 -0.0583787 0.248 1722.85 2
-0.07652 -0.0582867 0.247035 2155.79 2
-0.0736671 -0.0582573 0.246 2286.42 2
-0.0713459 -0.0570856 0.246 2434.5 2
-0.0342072 -0.058302 0.246 3465.69 2
-0.0319722 -0.058373 0.247545 3310.41 2
-0.078118 -0.0564721 0.248 1885 2
-0.0760467 -0.0559952 0.2478 2303.53 2
-0.0735182 -0.0554942 0.246822 2363.14 2
-0.0710406 -0.0552532 0.246 2497.71 2
-0.0365147 -0.0552532 0.246 3609.57 2
-0.0344943 -0.0553987 0.246471 3532.5 2
-0.032082 -0.055459 0.247636 3351.27 2
-0.0736038 -0.0524966 0.2473 2400.37 2
-0.070709 -0.0524604 0.246 2623.96 2
-0.0689423 -0.0514736 0.246 2731.5 2
-0.0367818 -0.0523517 0.246 3665.21 2
-0.0346564 -0.0525242 0.247177 3586.38 2
-0.0323501 -0.0527004 0.248 3496.44 2
-0.0735183 -0.0495652 0.24752 2413.12 2
-0.0707009 -0.0494637 0.246414 2686.86 2
-0.0678074 -0.0494026 0.246 2868.08 2
-0.0650968 -0.0490151 0.246 3073.8 2
-0.0390326 -0.0488013 0.246 3740.5 2
-0.0372672 -0.0494519 0.24625 3721.62 2
-0.034736 -0.0495161 0.247294 3630.79 2
-0.0731951 -0.0471198 0.248 2447.86 2
-0.07045 -0.0468056 0.247333 2661.74 2
-0.0674676 -0.0467287 0.24735 2861.98 2
-0.064242 -0.0466884 0.246133 3106.3 2
-0.0398239 -0.0464859 0.246091 3763.23 2
-0.0374972 -0.0466171 0.2468 3724.9 2
-0.0346517 -0.0465114 0.247706 3619.32 2
-0.0326193 -0.0454264 0.248 3603.75 2
-0.0672934 -0.0433692 0.247792 2904.25 2
-0.0642233 -0.0435161 0.246333 3086.8 2
-0.0622661 -0.0423876 0.246 3360.75 2
-0.0400141 -0.0433329 0.246231 3779.15 2
-0.0373734 -0.04362 0.247143 3750.17 2
-0.0345039 -0.0435405 0.248 3666.52 2
-0.0326193 -0.0438099 0.248 3614.75 2
-0.0697721 -0.0411158 0.248 2714.5 2
-0.0675212 -0.0405176 0.247639 2870.11 2
-0.0642868 -0.040403 0.246357 3071.21 2
-0.062088 -0.0403389 0.246 3282.83 2
-0.0400963 -0.0404931 0.246231 3827.58 2
-0.0373386 -0.0404407 0.247167 3782.53 2
-0.0345039 -0.040577 0.248 3702.37 2
-0.0668827 -0.0378443 0.247867 2921.87 2
-0.0643469 -0.037586 0.247037 3096.33 2
-0.0616023 -0.0374993 0.246074 3312.89 2
-0.0598626 -0.0367757 0.246 3487 2
-0.0426378 -0.0367757 0.246 3839.25 2
-0.040371 -0.0375131 0.246273 3829.39 2
-0.0373783 -0.0375273 0.247433 3791.07 2
-0.034884 -0.0377403 0.248 3750.59 2
-0.0662722 -0.0349194 0.248 2966.4 2
-0.0645217 -0.0346426 0.247621 3097.93 2
-0.0615369 -0.0343987 0.246688 3330.5 2
-0.0585637 -0.0342085 0.246071 3568.36 2
-0.0555898 -0.0333016 0.246 3674.6 2
-0.0529193 -0.0333017 0.246 3770.8 2
-0.0481123 -0.0333017 0.246 3820 2
-0.0463913 -0.0337767 0.246 3837.78 2
-0.0434122 -0.0341568 0.246 3840 2
-0.0404482 -0.0344404 0.2465 3838.44 2
-0.0373882 -0.0345802 0.2475 3806.56 2
-0.0352577 -0.0350811 0.248 3751.8 2
-0.0638193 -0.0318961 0.248 3115.56 2
-0.0613616 -0.03141 0.247586 3367.14 2
-0.0584224 -0.0315175 0.24668 3580.76 2
-0.0555451 -0.0313994 0.246077 3675.54 2
-0.0526357 -0.0314849 0.246138 3769.48 2
-0.0495297 -0.0313077 0.246 3801.38 2
-0.04651 -0.031431 0.246 3839.6 2
-0.0435782 -0.0314351 0.246033 3840 2
-0.0405093 -0.0315416 0.246867 3840 2
-0.0374045 -0.0314374 0.247857 3835.71 2
-0.0355808 -0.0314171 0.248 3809.83 2
-0.0608715 -0.0287689 0.247933 3407.4 2
-0.0585532 -0.0286337 0.247233 3574.3 2
-0.0555224 -0.0285938 0.246889 3680.83 2
-0.0526053 -0.0286106 0.247033 3789.27 2
-0.0495821 -0.0285674 0.246667 3823.19 2
-0.0464669 -0.0284799 0.246546 3840 2
-0.0435679 -0.0286406 0.246667 3840 2
-0.0405319 -0.0286072 0.247 3840 2
-0.0377399 -0.0284891 0.247769 3840 2
-0.0605512 -0.0259616 0.248 3407.88 2
-0.0585343 -0.0254497 0.247938 3553.31 2
-0.0555274 -0.0255058 0.247455 3665.18 2
-0.052562 -0.0254424 0.247914 3762.91 2
-0.0494519 -0.0254401 0.247097 3821.68 2
-0.0464309 -0.0253874 0.247 3840 2
-0.0433877 -0.0253441 0.247303 3840 2
-0.040454 -0.0254877 0.247273 3840 2
-0.03793 -0.0256877 0.247958 3840 2
-0.0578154 -0.0226534 0.248 3591.88 2
-0.0555033 -0.0225267 0.248 3682.56 2
-0.0525418 -0.0225267 0.248 3795.73 2
-0.0495647 -0.022519 0.24792 3815.4 2
-0.0465563 -0.0224954 0.247667 3840 2
-0.0433882 -0.0225267 0.248 3840 2
-0.0404023 -0.0226736 0.248 3840 2
-0.0384076 -0.0230655 0.248 3840 2
-0.0571186 -0.0195632 0.248 3607.5 2
-0.0555033 -0.0195632 0.248 3671.63 2
-0.0533495 -0.0198326 0.248 3756.62 2
-0.0487727 -0.0206408 0.248 3829 2
-0.0464231 -0.0201265 0.248 3840 2
-0.0438669 -0.0201319 0.248 3840 2
-0.0401576 -0.0209102 0.248 3840 2
-0.0552341 -0.0165997 0.248 3683.3 2
-0.0531401 -0.0164799 0.248 3807.67 2
-0.0550546 -0.0143546 0.248 3701.58 2
-0.0531879 -0.0138517 0.248 3765.15 2
-0.0276488 -0.0668683 0.2498 1424.2 2
-0.0264744 -0.0672439 0.251 1382.25 2
-0.0280864 -0.0643675 0.249692 2569.92 2
-0.0264744 -0.0650626 0.251 2368 2
-0.0817333 -0.0604581 0.25 655 2
-0.0803251 -0.0604867 0.249 726.5 2
-0.0305884 -0.0607572 0.249 3059.75 2
-0.0286288 -0.061521 0.250235 2874.35 2
-0.0818423 -0.0583617 0.250333 1389.33 2
-0.0801706 -0.0584001 0.249 1566.71 2
-0.0305884 -0.0585933 0.249 3160 2
-0.0290958 -0.058536 0.250545 2995.36 2
-0.0823717 -0.0552855 0.251 1413.5 2
-0.0796608 -0.055383 0.249677 1745.68 2
-0.077106 -0.055126 0.249 2108.55 2
-0.0305884 -0.0556178 0.249 3214.5 2
-0.0291841 -0.0555467 0.250455 3095 2
-0.0816515 -0.0533379 0.251 1437.12 2
-0.0794852 -0.0525673 0.250857 1765.46 2
-0.0766698 -0.05273 0.249417 2102.83 2
-0.0310209 -0.052426 0.249 3347.65 2
-0.0289682 -0.0524323 0.250583 3170.79 2
-0.0787905 -0.0495205 0.251 1840.4 2
-0.0765508 -0.0494088 0.249519 2043.56 2
-0.0330212 -0.0493965 0.249 3609.33 2
-0.0314239 -0.0494359 0.2492 3471.73 2
-0.0286708 -0.0495363 0.250562 3191.59 2
-0.0787905 -0.0473392 0.251 1780 2
-0.0766373 -0.0465798 0.250192 2006.92 2
-0.0737991 -0.0459186 0.249 2344.5 2
-0.0707871 -0.0454163 0.249 2633.71 2
-0.0687019 -0.045339 0.249 2806 2
-0.0330212 -0.046962 0.249 3591 2
-0.0313053 -0.0464916 0.249 3487.57 2
-0.0285134 -0.0465751 0.250375 3269.28 2
-0.0760353 -0.0438024 0.250692 2021.69 2
-0.0737851 -0.0435732 0.249733 2332.23 2
-0.0707597 -0.0436114 0.249 2668.42 2
-0.0687019 -0.0442571 0.249 2826.33 2
-0.0330212 -0.0423636 0.249 3632 2
-0.0312519 -0.0433885 0.249154 3554.81 2
-0.0286497 -0.0436112 0.250412 3335.5 2
-0.0759914 -0.0406465 0.251 2019.73 2
-0.0737338 -0.0403392 0.249867 2276.4 2
-0.0711204 -0.0402993 0.249 2579.21 2
-0.0330212 -0.0404701 0.249 3660.4 2
-0.0313939 -0.0404217 0.249444 3609.3 2
-0.02914 -0.0404418 0.2505 3429.42 2
-0.0752482 -0.0386139 0.251 2053 2
-0.0732949 -0.0375171 0.250619 2347.14 2
-0.0705316 -0.0376031 0.249733 2614.53 2
-0.0681613 -0.037031 0.249 2810.36 2
-0.033528 -0.0373256 0.249 3715.31 2
-0.0313985 -0.0374539 0.249839 3643.13 2
-0.0290271 -0.0375835 0.250765 3478.59 2
-0.0727959 -0.0350692 0.251 2373.12 2
-0.0708143 -0.0344875 0.250733 2564.1 2
-0.0679748 -0.0343782 0.249348 2819.61 2
-0.0659988 -0.0334373 0.249 2943 2
-0.0340319 -0.0344252 0.249 3716.17 2
-0.0312171 -0.0344289 0.250029 3653.09 2
-0.0292673 -0.0348647 0.251 3534.38 2
-0.0703436 -0.0315245 0.251 2586.73 2
-0.0676995 -0.0315095 0.2495 2818.29 2
-0.0652179 -0.0310629 0.249 3033 2
-0.0341024 -0.0315438 0.249 3767.53 2
-0.0312919 -0.0314472 0.249968 3685.29 2
-0.0294717 -0.0315245 0.251 3606 2
-0.0698668 -0.0283888 0.251 2570.62 2
-0.0674854 -0.0284933 0.250125 2841.97 2
-0.0645936 -0.0284223 0.24969 3137.34 2
-0.0623128 -0.0282733 0.249 3291.36 2
-0.0362649 -0.0285684 0.249 3837 2
-0.0343561 -0.0284685 0.249424 3793.58 2
-0.0314412 -0.0285433 0.250515 3695.09 2
-0.0294717 -0.0298885 0.251 3609 2
-0.0697987 -0.0255258 0.251 2593.27 2
-0.0676188 -0.0255258 0.251 2815.44 2
-0.0644033 -0.0254132 0.249897 3093.48 2
-0.061782 -0.0254577 0.249 3322.95 2
-0.0366703 -0.0251872 0.249 3839.25 2
-0.0345663 -0.0255592 0.249879 3814.79 2
-0.0321514 -0.0256642 0.250933 3758.87 2
-0.0697646 -0.0226969 0.251 2488.88 2
-0.0676188 -0.0225265 0.251 2743.2 2
-0.0644511 -0.0224661 0.250333 3066.64 2
-0.0612886 -0.022478 0.249393 3349.46 2
-0.0592411 -0.022347 0.249 3526.38 2
-0.04077 -0.0215355 0.249 3840 2
-0.0372666 -0.0223822 0.249261 3840 2
-0.0345781 -0.0224816 0.2505 3823.75 2
-0.0324689 -0.0225265 0.251 3796.25 2
-0.0692537 -0.0200725 0.251 2511.33 2
-0.0675241 -0.0195983 0.251 2754.48 2
-0.0645372 -0.0195012 0.250667 3029.8 2
-0.0612108 -0.019535 0.249556 3302.26 2
-0.0587005 -0.0196421 0.249 3558.88 2
-0.052105 -0.0194257 0.249 3799.65 2
-0.0497244 -0.0194089 0.249 3822.55 2
-0.0468315 -0.0187322 0.249 3840 2
-0.0430827 -0.019071 0.249 3840 2
-0.0406091 -0.0195455 0.249 3840 2
-0.037675 -0.0196055 0.2495 3840 2
-0.0347838 -0.0197185 0.250833 3834.88 2
-0.0668014 -0.0176184 0.251 2822.5 2
-0.064438 -0.0166518 0.250812 2987.81 2
-0.0613788 -0.016462 0.25 3304.77 2
-0.058493 -0.0164125 0.249267 3542.1 2
-0.0568083 -0.0163961 0.249 3619.33 2
-0.0518269 -0.0165893 0.249 3811.43 2
-0.04951 -0.0163961 0.249 3826.31 2
-0.0465366 -0.0163961 0.249 3840 2
-0.0435727 -0.0163995 0.249056 3840 2
-0.0405898 -0.0163961 0.249 3840 2
-0.0374713 -0.0164525 0.249857 3840 2
-0.0351937 -0.0165278 0.251 3840 2
-0.0639858 -0.0136194 0.251 3033 2
-0.0615852 -0.0135191 0.25084 3272.08 2
-0.0585186 -0.013408 0.249889 3541.41 2
-0.0558712 -0.0131682 0.249 3679.07 2
-0.0519814 -0.0131888 0.249 3776.21 2
-0.04951 -0.0134207 0.249 3819.23 2
-0.0465366 -0.0134207 0.249 3840 2
-0.0435973 -0.0134319 0.2492 3840 2
-0.0405898 -0.0134207 0.249 3840 2
-0.0374888 -0.0134727 0.249971 3840 2
-0.0350847 -0.0137466 0.251 3840 2
-0.0637262 -0.0108408 0.251 2969.29 2
-0.0616243 -0.0105291 0.251 3217.2 2
-0.0584463 -0.010496 0.250222 3522.08 2
-0.0552758 -0.0104608 0.2494 3679.17 2
-0.0524472 -0.0103893 0.249313 3759.28 2
-0.0494886 -0.0105199 0.249294 3822.71 2
-0.0464436 -0.0104023 0.249529 3840 2
-0.0434603 -0.0105289 0.249375 3840 2
-0.0404814 -0.0104872 0.25 3840 2
-0.0374715 -0.0106544 0.25075 3840 2
-0.0611702 -0.00798424 0.251 3190.92 2
-0.0585659 -0.00752151 0.250733 3458.03 2
-0.0554081 -0.0074998 0.25 3643.84 2
-0.0524575 -0.00750408 0.250167 3742.4 2
-0.0494202 -0.00746394 0.250231 3822.77 2
-0.0464053 -0.00753726 0.25 3837.79 2
-0.0433835 -0.00748453 0.24952 3840 2
-0.040534 -0.0075098 0.250333 3840 2
-0.0384635 -0.00752979 0.251 3840 2
-0.0583156 -0.00542636 0.251 3390.36 2
-0.0555854 -0.00479843 0.2508 3618.32 2
-0.052562 -0.00460996 0.250971 3715.79 2
-0.0493627 -0.00453045 0.251 3804.58 2
-0.0462861 -0.00452144 0.250567 3840 2
-0.0433603 -0.0044416 0.250242 3840 2
-0.0405392 -0.00469193 0.250742 3840 2
-0.0384635 -0.00480312 0.251 3840 2
-0.0520875 -0.00262178 0.251 3706.75 2
-0.0493627 -0.00207645 0.251 3782.44 2
-0.0463654 -0.00153112 0.251 3838.4 2
-0.0435725 -0.00173562 0.251 3840 2
-0.0411338 -0.00229458 0.251 3840 2
-0.0249951 -0.0673779 0.253091 1623.23 2
-0.0253465 -0.0643301 0.253154 2405.23 2
-0.084362 -0.060359 0.253 741 2
-0.0832079 -0.0601205 0.252 962 2
-0.0276741 -0.0601205 0.252 2823.5 2
-0.0255899 -0.0614717 0.253059 2554 2
-0.0871771 -0.0578384 0.254 614.667 2
-0.0854217 -0.0584332 0.253619 1019.48 2
-0.0834131 -0.0582727 0.252 1291.25 2
-0.0276741 -0.058478 0.252 2869.6 2
-0.0256977 -0.0584621 0.253471 2611.35 2
-0.0871771 -0.055631 0.254 618.8 2
-0.0855797 -0.055489 0.25335 966.75 2
-0.0834815 -0.0557404 0.252 1319.88 2
-0.0276741 -0.0554666 0.252 2982.25 2
-0.026041 -0.0556317 0.253545 2739.36 2
-0.0871771 -0.0539754 0.254 565 2
-0.0851505 -0.0527284 0.253471 990.706 2
-0.0826752 -0.0521274 0.252261 1337.74 2
-0.0276741 -0.0527291 0.252 3009.12 2
-0.0255496 -0.0525311 0.253294 2758.47 2
-0.0844197 -0.0506643 0.254 1127 2
-0.0820819 -0.0497801 0.253053 1431.26 2
-0.0801987 -0.0494441 0.252 1695.42 2
-0.0256461 -0.0494559 0.252937 2819.56 2
-0.0234821 -0.0487328 0.254 2581.75 2
-0.0817726 -0.0467461 0.254 1439.8 2
-0.0799289 -0.0462934 0.252824 1682.06 2
-0.0777366 -0.0453378 0.252 1847 2
-0.0255516 -0.0465556 0.252667 2925.1 2
-0.023482 -0.0465254 0.254 2657.08 2
-0.0811109 -0.044318 0.254 1517.5 2
-0.0792013 -0.0436741 0.253182 1742.36 2
-0.0774326 -0.0432694 0.252 1899 2
-0.0276741 -0.0420527 0.252 3237 2
-0.0255785 -0.0435839 0.252944 2955.81 2
-0.0234821 -0.044318 0.254 2735.5 2
-0.079206 -0.0406407 0.253667 1700.6 2
-0.077267 -0.0403248 0.252091 1882.36 2
-0.0276741 -0.0404102 0.252 3321 2
-0.0256614 -0.0405867 0.253103 3069.72 2
-0.0783021 -0.0376701 0.253833 1713.67 2
-0.0764037 -0.0374221 0.252821 1956 2
-0.0741802 -0.0360302 0.252 2266.5 2
-0.0276741 -0.0373989 0.252 3322.25 2
-0.0259406 -0.0375604 0.253414 3141.83 2
-0.0783535 -0.0352124 0.254 1694.33 2
-0.0763922 -0.0344852 0.2532 1924.04 2
-0.0738676 -0.034153 0.252 2244.43 2
-0.0282322 -0.034401 0.2521 3469.9 2
-0.0259072 -0.0344087 0.253828 3202.41 2
-0.0762103 -0.031432 0.253455 1956.68 2
-0.0734181 -0.0314003 0.2522 2290.53 2
-0.0716399 -0.0311808 0.252 2481.71 2
-0.0282485 -0.0314075 0.25225 3542 2
-0.0259815 -0.0313844 0.253769 3297.54 2
-0.0759064 -0.0287168 0.2535 1974.17 2
-0.0735933 -0.0284551 0.2528 2227.76 2
-0.0714445 -0.0283651 0.252 2435 2
-0.0301362 -0.0278176 0.252 3651.33 2
-0.0285081 -0.0284004 0.252692 3578.69 2
-0.0264796 -0.0288282 0.253667 3456.33 2
-0.0757537 -0.0253973 0.254 1903 2
-0.0735931 -0.0255398 0.253071 2167.43 2
-0.0714445 -0.0256275 0.252 2410.7 2
-0.0307198 -0.0254815 0.252 3691.27 2
-0.0283498 -0.0254706 0.253167 3593.86 2
-0.0750447 -0.0233476 0.254 1913 2
-0.0733677 -0.0225705 0.253471 2155.53 2
-0.0712882 -0.0224207 0.252 2363.64 2
-0.030977 -0.0226305 0.252167 3733.33 2
-0.028399 -0.0224841 0.2536 3635.6 2
-0.0729274 -0.019673 0.253667 2147.67 2
-0.070679 -0.0193724 0.252381 2393.57 2
-0.0689825 -0.0187837 0.252 2609.5 2
-0.0337473 -0.0188384 0.252 3833.2 2
-0.0314809 -0.0195311 0.252375 3762.09 2
-0.0285395 -0.0195938 0.253625 3644.94 2
-0.0722873 -0.0175531 0.254 2203 2
-0.0701785 -0.0167014 0.253412 2492.18 2
-0.0677509 -0.0164214 0.252167 2710.71 2
-0.0656997 -0.0154987 0.252 2906.5 2
-0.0339662 -0.0165936 0.252 3836.83 2
-0.0315897 -0.0165247 0.252176 3790.09 2
-0.0284065 -0.0164278 0.253667 3667.53 2
-0.0698057 -0.0134142 0.254 2466 2
-0.0675815 -0.0134952 0.252667 2693.41 2
-0.0655434 -0.0133478 0.252 2892.57 2
-0.0340391 -0.0134364 0.252 3839.13 2
-0.0315041 -0.0135088 0.252562 3795.56 2
-0.0286567 -0.0136782 0.253786 3682.79 2
-0.0698057 -0.0109309 0.254 2396 2
-0.0676085 -0.0105232 0.253214 2612.82 2
-0.0651852 -0.010302 0.252125 2858.81 2
-0.0364283 -0.00947607 0.252 3840 2
-0.0342911 -0.0105869 0.252389 3838.17 2
-0.0314742 -0.0105348 0.2535 3798.43 2
-0.0295482 -0.0109309 0.254 3715.67 2
-0.0677305 -0.00756744 0.253692 2601.81 2
-0.0646784 -0.00761899 0.252458 2863.12 2
-0.0622907 -0.00713863 0.252 3057.46 2
-0.0369969 -0.00756397 0.25215 3840 2
-0.0343792 -0.00759035 0.253033 3838.73 2
-0.0314681 -0.00761713 0.25392 3794.48 2
-0.0671096 -0.00516712 0.254 2596.22 2
-0.064386 -0.00452076 0.253138 2869.55 2
-0.0615196 -0.00455484 0.252433 3116.83 2
-0.0587297 -0.00388902 0.252059 3396.12 2
-0.0555778 -0.00317974 0.252 3612.67 2
-0.0536628 -0.00317974 0.252 3690 2
-0.0397111 -0.00317974 0.252 3840 2
-0.0371182 -0.00444567 0.252115 3840 2
-0.0343855 -0.00456833 0.253083 3840 2
-0.0315375 -0.00468315 0.254 3814.75 2
-0.064449 -0.00162049 0.253913 2844.3 2
-0.061566 -0.00154332 0.253 3144.24 2
-0.0587458 -0.0015405 0.25268 3385.16 2
-0.0555778 -0.00153722 0.252 3602.37 2
-0.0526207 -0.00132864 0.252 3709 2
-0.0495594 -0.000715956 0.252 3786.25 2
-0.0427202 -0.000715956 0.252 3840 2
-0.0403402 -0.00134559 0.252 3840 2
-0.0375712 -0.00153845 0.252333 3840 2
-0.0343926 -0.00154399 0.253133 3838.27 2
-0.0320298 -0.00154942 0.254 3823.73 2
-0.0641807 0.00126503 0.254 2791.85 2
-0.0616641 0.00148342 0.2534 3068.97 2
-0.0585449 0.00147992 0.253 3344.14 2
-0.0555237 0.00147992 0.253 3599 2
-0.0526803 0.00147864 0.252533 3680.9 2
-0.0495594 0.00147407 0.252 3788.78 2
-0.0465502 0.00147407 0.252 3826.83 2
-0.0435409 0.00147407 0.252 3840 2
-0.0403189 0.00147683 0.252389 3840 2
-0.0374255 0.00148167 0.2532 3840 2
-0.0344883 0.00148552 0.253833 3839 2
-0.0325813 0.00148577 0.254 3831.67 2
-0.0612579 0.00396911 0.254 3089.12 2
-0.0584458 0.00451747 0.25376 3306.64 2
-0.055519 0.00457697 0.253786 3606.04 2
-0.0524644 0.00450493 0.25308 3686.68 2
-0.0494442 0.00442839 0.252185 3765.48 2
-0.0465008 0.00452918 0.252077 3802.85 2
-0.0436177 0.00446094 0.252724 3837.07 2
-0.0404179 0.00450316 0.253 3840 2
-0.0374545 0.00451028 0.2534 3840 2
-0.034559 0.0044829 0.254 3840 2
-0.0325813 0.00424503 0.254 3840 2
-0.0580716 0.00724956 0.254 3261.78 2
-0.0555068 0.00751673 0.254 3546.4 2
-0.0523869 0.00754975 0.253767 3662.9 2
-0.0494884 0.0075283 0.253033 3754.33 2
-0.0464396 0.0075237 0.252889 3802.92 2
-0.0434672 0.00753205 0.253167 3839.3 2
-0.0404978 0.00754291 0.2535 3840 2
-0.0375194 0.00755188 0.253833 3840 2
-0.0352599 0.0070043 0.254 3840 2
-0.0573976 0.00948763 0.254 3292 2
-0.0555735 0.00999703 0.254 3479.31 2
-0.0522839 0.0105161 0.254 3643.23 2
-0.0494355 0.0106268 0.253931 3721.28 2
-0.0463894 0.0105403 0.253769 3774.35 2
-0.0435968 0.0105883 0.25392 3831.4 2
-0.0405777 0.0105913 0.254 3839.8 2
-0.0377021 0.0104337 0.254 3840 2
-0.0358901 0.00948763 0.254 3840 2
-0.0518828 0.0125228 0.254 3628 2
-0.0491917 0.0131961 0.254 3710.44 2
-0.0463681 0.0133506 0.254 3749.2 2
-0.0437612 0.0132753 0.254 3797.45 2
-0.0414049 0.0125228 0.254 3839.67 2
-0.0485395 0.0162133 0.254 3700.31 2
-0.0463681 0.0163858 0.254 3732.3 2
-0.0442541 0.0159259 0.254 3787.42 2
-0.0463681 0.0183173 0.254 3736.2 2
-0.0222961 -0.0693459 0.25625 675.625 2
-0.0225526 -0.0674704 0.256 1773.84 2
-0.0229792 -0.0645387 0.255583 2143.33 2
-0.0225524 -0.0614449 0.256 2193.33 2
-0.022699 -0.058698 0.255857 2256.32 2
-0.0246817 -0.0555729 0.255 2558.75 2
-0.0231432 -0.0556249 0.255818 2391.77 2
-0.0875203 -0.0528028 0.255 499.75 2
-0.0865361 -0.0521227 0.2552 776.8 2
-0.0226209 -0.0523835 0.255933 2415.77 2
-0.0872024 -0.0496992 0.257 616.8 2
-0.0854747 -0.0495802 0.256182 1001.05 2
-0.083368 -0.0486476 0.255 1283.67 2
-0.0223884 -0.0496655 0.256077 2439.73 2
-0.0850522 -0.0469649 0.256818 1056.27 2
-0.0832144 -0.0463142 0.255769 1292.15 2
-0.0221735 -0.0464693 0.255889 2499.17 2
-0.0843008 -0.0445622 0.257 1100 2
-0.0824396 -0.0435337 0.255875 1373.44 2
-0.0808766 -0.0431074 0.255 1592 2
-0.0227296 -0.0433373 0.256217 2651.78 2
-0.0821517 -0.040494 0.256 1354.78 2
-0.0804614 -0.0403372 0.255 1571.75 2
-0.0244049 -0.0397832 0.255 2952.67 2
-0.0228874 -0.0405837 0.256154 2748.5 2
-0.0821727 -0.0377758 0.2568 1287.9 2
-0.0798826 -0.0374993 0.25525 1542.75 2
-0.0244049 -0.0375671 0.255 3006.6 2
-0.0228143 -0.0375194 0.256241 2813.83 2
-0.0815109 -0.0333948 0.257 1292 2
-0.0796566 -0.0343598 0.25587 1573.91 2
-0.0244049 -0.03452 0.255 3026 2
-0.0228874 -0.0344619 0.256154 2876.62 2
-0.0815109 -0.0328365 0.257 1262 2
-0.0793185 -0.0314825 0.25587 1554.04 2
-0.0244049 -0.0314729 0.255 3060.8 2
-0.0227923 -0.0315042 0.256259 2896.96 2
-0.0788235 -0.0286102 0.256077 1587.85 2
-0.0772779 -0.0281487 0.255 1792.6 2
-0.0252276 -0.0282441 0.255182 3286.45 2
-0.0232854 -0.0286642 0.2564 3060.55 2
-0.0786926 -0.0254781 0.256 1500.5 2
-0.0772779 -0.0253786 0.255 1665.1 2
-0.025417 -0.0254038 0.255857 3297.29 2
-0.0233253 -0.0257001 0.256833 3107.33 2
-0.078721 -0.0228788 0.257 1475 2
-0.0767326 -0.0224562 0.2558 1722.72 2
-0.0747865 -0.0220544 0.255 1985.33 2
-0.025272 -0.0225056 0.256059 3355.74 2
-0.0232014 -0.0222274 0.257 3175.38 2
-0.078163 -0.0202731 0.257 1480.5 2
-0.0761839 -0.0194565 0.256238 1754.33 2
-0.0742328 -0.0192151 0.255 2001.75 2
-0.02745 -0.0184533 0.255 3594.5 2
-0.0255748 -0.0194917 0.255643 3476.54 2
-0.0234138 -0.0193345 0.256714 3221.93 2
-0.0761217 -0.0166236 0.2567 1744 2
-0.0732985 -0.0164396 0.255348 2122.87 2
-0.0711878 -0.0156831 0.255 2370.5 2
-0.025571 -0.0165531 0.2556 3527.8 2
-0.0234492 -0.0166221 0.256667 3282.2 2
-0.0755591 -0.0143172 0.257 1804.33 2
-0.0734156 -0.0136141 0.256286 2077.36 2
-0.0711878 -0.0134671 0.255 2319.67 2
-0.0277268 -0.0124975 0.255 3644.75 2
-0.0253716 -0.0134795 0.256 3512.03 2
-0.0233076 -0.0144817 0.256857 3314.71 2
-0.0732784 -0.0104812 0.2565 2043.05 2
-0.0708714 -0.0101825 0.255 2319.29 2
-0.0283163 -0.0102947 0.255333 3664.96 2
-0.0253791 -0.0104794 0.256467 3513.8 2
-0.0733256 -0.00742024 0.256667 1941.67 2
-0.070786 -0.00750842 0.255364 2238.68 2
-0.0285424 -0.00756037 0.2555 3700.53 2
-0.0254333 -0.00743061 0.257 3557.14 2
-0.0725034 -0.00459887 0.257 1990.29 2
-0.0703919 -0.00454469 0.255708 2261.96 2
-0.0680357 -0.00390044 0.255077 2500.69 2
-0.0307718 -0.00321759 0.255 3805 2
-0.0286606 -0.00452691 0.255353 3703.71 2
-0.0259706 -0.00435553 0.2568 3577.55 2
-0.0720251 -0.00268446 0.257 1997 2
-0.0700943 -0.00176387 0.256643 2257.21 2
-0.0676206 -0.0016306 0.255478 2523.39 2
-0.0659282 -0.000724478 0.255 2666.5 2
-0.030653 -0.00141748 0.255167 3784.17 2
-0.0285758 -0.00162087 0.256071 3729.61 2
-0.0263633 -0.00175384 0.257 3651.17 2
-0.0695142 0.000944952 0.257 2308 2
-0.067665 0.00150015 0.256333 2487.62 2
-0.065596 0.00193484 0.255 2660.3 2
-0.0310721 0.00149279 0.2552 3807.87 2
-0.0284344 0.00149981 0.2564 3723.33 2
-0.0265493 0.00150332 0.257 3669.75 2
-0.0672378 0.00424197 0.256765 2485.94 2
-0.0644627 0.00461912 0.255391 2737.96 2
-0.0618233 0.00519553 0.255091 3047.82 2
-0.0332632 0.00564681 0.255 3840 2
-0.0311444 0.0045865 0.255269 3812.5 2
-0.0284344 0.00456368 0.2564 3737.96 2
-0.0265493 0.00457436 0.257 3683.2 2
-0.0664453 0.00680784 0.257 2474.67 2
-0.0646411 0.00735217 0.25648 2668.16 2
-0.0616637 0.00732924 0.25568 3014.92 2
-0.0593768 0.00804758 0.255 3144.67 2
-0.0543017 0.00897096 0.255 3631 2
-0.0341692 0.00793846 0.255 3839.45 2
-0.0314517 0.00738255 0.255677 3815.39 2
-0.0284795 0.00736109 0.2568 3729.48 2
-0.0265493 0.00680784 0.257 3682 2
-0.0644769 0.010241 0.25675 2654.54 2
-0.0617402 0.0103966 0.256 2965.67 2
-0.0585331 0.0107122 0.255 3199.71 2
-0.0551534 0.0111445 0.255 3488.69 2
-0.053748 0.0111871 0.255 3589.67 2
-0.0364466 0.0111871 0.255 3840 2
-0.0343914 0.0106399 0.25516 3837.36 2
-0.0314527 0.010452 0.256371 3798.14 2
-0.0292834 0.00999055 0.257 3759.2 2
-0.0637948 0.0132989 0.257 2649 2
-0.0613232 0.013538 0.256174 2892.3 2
-0.0583767 0.0133602 0.255333 3140.74 2
-0.055409 0.0134032 0.255 3458.88 2
-0.0528156 0.0136656 0.255 3597.42 2
-0.0506476 0.0141788 0.255 3661.6 2
-0.0423983 0.0139572 0.255 3821.5 2
-0.0403024 0.0135615 0.255 3839.86 2
-0.0374156 0.0134032 0.255 3840 2
-0.0344665 0.0134412 0.25572 3840 2
-0.0315331 0.0134929 0.2567 3794.1 2
-0.0296182 0.0135083 0.257 3737.4 2
-0.0633764 0.0154626 0.257 2727.5 2
-0.0612766 0.0164029 0.256923 2882.92 2
-0.0584363 0.0165237 0.256133 3132.17 2
-0.0554966 0.0164773 0.2554 3410.73 2
-0.0526407 0.0164503 0.255 3533.93 2
-0.0502878 0.0165888 0.255 3635.95 2
-0.0430443 0.0166812 0.255 3812.25 2
-0.0404606 0.0164503 0.255 3836.33 2
-0.0374432 0.0164633 0.255195 3834.53 2
-0.0345357 0.0165305 0.256233 3834.67 2
-0.031792 0.0165324 0.256968 3805.1 2
-0.0296182 0.0151834 0.257 3709 2
-0.0607259 0.019092 0.257 2812.25 2
-0.0585495 0.0195916 0.256833 3030.42 2
-0.0556439 0.0195804 0.25608 3332.68 2
-0.0526395 0.019623 0.255857 3503.21 2
-0.0495069 0.0194623 0.255333 3656.19 2
-0.0465963 0.0197946 0.25525 3724.9 2
-0.0435056 0.0194974 0.255 3775 2
-0.0405241 0.0195293 0.2554 3821.68 2
-0.0375173 0.0195516 0.2557 3825.97 2
-0.0345579 0.0196045 0.2564 3830.72 2
-0.0318502 0.0196504 0.257 3802.48 2
-0.0579825 0.0222561 0.257 3039.92 2
-0.0556478 0.0224759 0.256667 3310.15 2
-0.0525863 0.0223461 0.256571 3458.18 2
-0.0495319 0.0224825 0.256741 3604.67 2
-0.0464039 0.0223343 0.256 3695.44 2
-0.0434231 0.022293 0.255769 3780.54 2
-0.0406193 0.0223549 0.256 3807.16 2
-0.0375766 0.0223641 0.2561 3820.5 2
-0.0346178 0.0224284 0.25684 3806.04 2
-0.032448 0.0223624 0.257 3792.86 2
-0.0577965 0.0249549 0.257 3051.38 2
-0.0555645 0.0249549 0.257 3259.88 2
-0.0524956 0.0255133 0.257 3444.13 2
-0.0494267 0.0255132 0.257 3584.17 2
-0.0462019 0.0254266 0.256133 3688.93 2
-0.0433983 0.025414 0.256 3747.17 2
-0.0404967 0.0255277 0.256471 3783.68 2
-0.0377893 0.0251331 0.256917 3804.08 2
-0.0348633 0.0245082 0.257 3792.9 2
-0.0326871 0.0241173 0.257 3817 2
-0.0518947 0.0284125 0.257 3422 2
-0.0494267 0.0285843 0.257 3550.77 2
-0.0462856 0.0285411 0.2566 3655.88 2
-0.0435267 0.0285584 0.25676 3728.8 2
-0.0405786 0.0285045 0.257 3770.46 2
-0.0513797 0.0302594 0.257 3431 2
-0.0489803 0.0305944 0.257 3559.6 2
-0.0461984 0.0312166 0.257 3645.14 2
-0.0436991 0.030982 0.257 3713.88 2
-0.0410569 0.0302594 0.257 3757.25 2
-0.0203079 -0.0695945 0.25925 954.875 2
-0.0203954 -0.0676493 0.259167 1580.75 2
-0.0216112 -0.0643546 0.258 1947.6 2
-0.0205703 -0.0646041 0.259 1780.3 2
-0.0201505 -0.0613782 0.2594 1802.8 2
-0.0216112 -0.0576281 0.258 2153.17 2
-0.0205703 -0.0584142 0.259 1915.1 2
-0.0216112 -0.0553859 0.258 2217.4 2
-0.0205703 -0.0556006 0.259 2032.7 2
-0.0216112 -0.0537043 0.258 2264.5 2
-0.0205703 -0.0525057 0.259 2123.33 2
-0.0877097 -0.0483791 0.258 467 2
-0.020362 -0.0494119 0.259429 2162.43 2
-0.0876537 -0.0465613 0.258111 386 2
-0.0861449 -0.0462795 0.258067 869.667 2
-0.0213311 -0.0464173 0.258 2390.6 2
-0.0202869 -0.0464719 0.259412 2219.53 2
-0.0872062 -0.044065 0.259 525 2
-0.0854295 -0.0435256 0.258583 952.375 2
-0.0213311 -0.0436145 0.258 2424.8 2
-0.0203138 -0.0434633 0.259333 2269 2
-0.084858 -0.0404042 0.258 934.409 2
-0.0213311 -0.0405315 0.258 2566.5 2
-0.0203424 -0.0405514 0.25925 2355.56 2
-0.0851068 -0.0375346 0.2586 772.75 2
-0.0832285 -0.0366077 0.258 1128.25 2
-0.0213311 -0.0374486 0.258 2600.4 2
-0.0202829 -0.0375849 0.258933 2444.07 2
-0.0850386 -0.0348124 0.25925 726.688 2
-0.082891 -0.0345268 0.258455 1156.14 2
-0.0213311 -0.0346459 0.258 2653 2
-0.0202323 -0.034542 0.258706 2511.82 2
-0.0846398 -0.03209 0.26 769.143 2
-0.0824689 -0.0313451 0.258727 1154.82 2
-0.0213311 -0.0315628 0.258 2723.33 2
-0.0203424 -0.0315393 0.25925 2575.38 2
-0.0841559 -0.0284182 0.26 744.75 2
-0.0825268 -0.0284928 0.2594 1120.9 2
-0.0803965 -0.0283553 0.258 1444 2
-0.0218736 -0.028341 0.258308 2901.54 2
-0.0203059 -0.0284621 0.259647 2669.35 2
-0.0819168 -0.0255123 0.259167 1114.75 2
-0.0804277 -0.0256772 0.258 1318.8 2
-0.0218873 -0.025609 0.258375 2934.31 2
-0.0203726 -0.0253803 0.259625 2713.75 2
-0.0817163 -0.0226787 0.2596 1085 2
-0.0798751 -0.0224754 0.25825 1337.44 2
-0.0222044 -0.0226548 0.258238 3050.62 2
-0.0203407 -0.0224581 0.259667 2798.53 2
-0.0813334 -0.0205097 0.26 1097 2
-0.0796621 -0.019612 0.259333 1330.93 2
-0.077907 -0.0189506 0.258 1564.67 2
-0.0219188 -0.0195364 0.258333 3054.67 2
-0.0203407 -0.0196372 0.259667 2810.53 2
-0.0790918 -0.0163221 0.259368 1357.42 2
-0.0773468 -0.0159611 0.258 1571.67 2
-0.0219188 -0.0164494 0.258333 3115.28 2
-0.0203407 -0.0165343 0.259667 2880.89 2
-0.0789996 -0.0141408 0.25975 1334 2
-0.0766393 -0.0131186 0.258444 1630.17 2
-0.0223395 -0.0132138 0.258571 3231.81 2
-0.020346 -0.0134346 0.259733 2929.47 2
-0.0763075 -0.0105218 0.25881 1617.33 2
-0.0225189 -0.0105752 0.2588 3238.92 2
-0.0206901 -0.010947 0.26 3021 2
-0.0763492 -0.00731017 0.258846 1536.42 2
-0.0225189 -0.00748265 0.2588 3313.3 2
-0.020932 -0.00751734 0.26 3112.67 2
-0.0760088 -0.0046775 0.259167 1528.42 2
-0.0739538 -0.00417187 0.258375 1771.75 2
-0.0244119 -0.00437653 0.258 3481.8 2
-0.0227064 -0.00447242 0.259182 3321.86 2
-0.020932 -0.00525779 0.26 3081 2
-0.0751239 -0.00186846 0.26 1613.5 2
-0.0733457 -0.00157944 0.2591 1844.4 2
-0.0711851 -0.0011067 0.258 2115.5 2
-0.0249099 -0.00144925 0.258 3570.83 2
-0.0228626 -0.00158297 0.2595 3427.35 2
-0.0730551 0.00151964 0.259667 1875.58 2
-0.0706936 0.00179199 0.25825 2159.5 2
-0.0250195 0.00151209 0.2585 3588.96 2
-0.0229845 0.00129344 0.2596 3422.2 2
-0.0725837 0.00434531 0.26 1876.25 2
-0.0705776 0.00466648 0.259095 2086.14 2
-0.0683421 0.00523594 0.258143 2367.86 2
-0.0250194 0.00460106 0.2585 3623.95 2
-0.0234722 0.00462775 0.26 3455.8 2
-0.070099 0.00730799 0.259588 2142.06 2
-0.0678319 0.00750973 0.258529 2378.76 2
-0.0252916 0.00754695 0.258417 3594.08 2
-0.0234722 0.0074522 0.26 3482 2
-0.0694789 0.0105591 0.26 2166 2
-0.0676253 0.0106024 0.259071 2351.57 2
-0.0655835 0.011599 0.258 2530.5 2
-0.0280237 0.0107653 0.258167 3717.54 2
-0.0254663 0.0104543 0.259125 3623.31 2
-0.0234722 0.0105591 0.26 3542.5 2
-0.0694789 0.0125362 0.26 2070 2
-0.0674478 0.0135871 0.259524 2292.14 2
-0.0652101 0.0139345 0.258 2525.22 2
-0.0281169 0.0135924 0.2586 3716.36 2
-0.0254275 0.0136555 0.2598 3615.72 2
-0.0671877 0.0162311 0.259714 2290.93 2
-0.0647077 0.0165453 0.258333 2533.9 2
-0.0625027 0.0174846 0.258 2714.5 2
-0.0302936 0.0166438 0.258 3759.25 2
-0.0283399 0.016435 0.258517 3717.07 2
-0.0255849 0.0163139 0.259762 3635.86 2
-0.0666 0.0190889 0.26 2267.9 2
-0.0644151 0.0193925 0.258833 2510.42 2
-0.0620457 0.0197858 0.258 2735.47 2
-0.0599819 0.0208479 0.258 2825 2
-0.0302936 0.0194465 0.258 3764.5 2
-0.0284279 0.0194452 0.258514 3721.77 2
-0.0259852 0.0192953 0.259733 3653.67 2
-0.0660919 0.0224217 0.26 2333.33 2
-0.0644384 0.0225239 0.258857 2445.48 2
-0.0616624 0.0225295 0.258 2707.16 2
-0.0594649 0.022702 0.258 2899.92 2
-0.0309311 0.0226053 0.258062 3755.81 2
-0.0284237 0.0225853 0.259258 3699.42 2
-0.0261536 0.0219981 0.26 3651.08 2
-0.0660919 0.0246812 0.26 2262.5 2
-0.0641539 0.0253437 0.259389 2428.89 2
-0.0616074 0.0252969 0.258409 2641.09 2
-0.0591417 0.0255191 0.258 2884.11 2
-0.0555007 0.0264533 0.258 3282.8 2
-0.0367914 0.026117 0.258 3776 2
-0.0343101 0.0257802 0.258053 3791.58 2
-0.0314017 0.0254079 0.258292 3773.12 2
-0.0288756 0.0252923 0.259682 3708.55 2
-0.026577 0.0243988 0.26 3655 2
-0.0633765 0.0273767 0.259667 2471.67 2
-0.0613425 0.0282439 0.259227 2626.73 2
-0.0584217 0.0284032 0.25829 2887.71 2
-0.055508 0.0284191 0.258033 3233.83 2
-0.0533534 0.0288823 0.258 3337.5 2
-0.0395362 0.0298166 0.258 3798 2
-0.0373214 0.0285833 0.258364 3768.18 2
-0.0344265 0.0282145 0.259115 3783.92 2
-0.0316033 0.0283061 0.25956 3761.12 2
-0.0294429 0.0281793 0.26 3692 2
-0.0611055 0.0307067 0.26 2603.33 2
-0.0586368 0.0316798 0.25948 2838.96 2
-0.0555277 0.0316474 0.258704 3140.04 2
-0.0524142 0.0315294 0.258077 3371.23 2
-0.049549 0.0319186 0.258 3506.56 2
-0.0473784 0.0323391 0.258 3642 2
-0.0429905 0.0321522 0.258 3723.83 2
-0.0403001 0.0316511 0.258 3752.27 2
-0.0373905 0.0315796 0.258667 3754 2
-0.0344443 0.0314265 0.259733 3756.2 2
-0.0316574 0.03146 0.26 3724.1 2
-0.0294801 0.0318231 0.26 3697.5 2
-0.0581889 0.0344256 0.26 2817.62 2
-0.0552223 0.0344773 0.25932 3105.52 2
-0.0521609 0.0344801 0.258407 3339.52 2
-0.049339 0.0345812 0.258 3485.97 2
-0.0465382 0.0345812 0.258 3601 2
-0.0435487 0.0344663 0.258091 3681.18 2
-0.0404077 0.0343284 0.2582 3729.84 2
-0.0374203 0.0344166 0.258867 3744.23 2
-0.0343627 0.0344501 0.25912 3768.28 2
-0.0316473 0.0345564 0.25992 3728.12 2
-0.0293054 0.0340961 0.26 3687.92 2
-0.0575115 0.0364875 0.26 2896.6 2
-0.0551881 0.0369843 0.259941 3086.06 2
-0.0524864 0.0373961 0.259348 3285.26 2
-0.0495302 0.0378102 0.259 3407.44 2
-0.0464374 0.0378102 0.259 3542.8 2
-0.0432148 0.0375288 0.259 3660.19 2
-0.0405329 0.0375288 0.259 3705.13 2
-0.0374401 0.0375288 0.259 3730.64 2
-0.0344336 0.0373991 0.259185 3758.93 2
-0.0320916 0.0369568 0.26 3738.85 2
-0.0519794 0.0395096 0.26 3280.75 2
-0.049576 0.0407587 0.259577 3376.62 2
-0.0464868 0.0406724 0.259552 3532.97 2
-0.0435563 0.0406381 0.259889 3633.89 2
-0.0405839 0.0406746 0.25932 3690.56 2
-0.0374968 0.0406872 0.2594 3729.5 2
-0.0346639 0.0402852 0.2599 3724.35 2
-0.0327864 0.0393684 0.26 3726.5 2
-0.0492654 0.0434747 0.26 3365.65 2
-0.0463344 0.043605 0.26 3517.4 2
-0.0435119 0.043605 0.26 3604.56 2
-0.0406894 0.043605 0.26 3674.96 2
-0.0378926 0.0433483 0.26 3696 2
-0.0483101 0.0455821 0.26 3411.5 2
-0.0463344 0.0455822 0.26 3537.8 2
-0.04327 0.045905 0.26 3600.71 2
-0.0407151 0.0462754 0.26 3674.91 2
-0.0387136 0.0455822 0.26 3712 2
-0.0409717 0.0481241 0.26 3648.5 2
-0.0185332 -0.0696216 0.262 1026.75 2
-0.0174619 -0.0696017 0.263 819 2
-0.0190419 -0.0674494 0.261909 1366.27 2
-0.0174619 -0.0684588 0.263 937 2
-0.0190716 -0.0643998 0.2616 1483 2
-0.0174619 -0.0636019 0.263 1179.25 2
-0.0187221 -0.0616505 0.262 1529.92 2
-0.0174619 -0.0624591 0.263 1228.5 2
-0.0191449 -0.0586559 0.261909 1681.95 2
-0.0191411 -0.0555744 0.261526 1773.32 2
-0.0193761 -0.0525189 0.261875 1894.94 2
-0.0191727 -0.0495513 0.261909 1942.91 2
-0.018802 -0.0463422 0.2618 1941.33 2
-0.0177474 -0.046174 0.263 1716.8 2
-0.0187922 -0.0434754 0.261667 2045.53 2
-0.0177474 -0.043317 0.263 1874.6 2
-0.0188201 -0.0404429 0.261588 2107.71 2
-0.0177474 -0.0404599 0.263 1938.8 2
-0.0187922 -0.0374123 0.261667 2178.73 2
-0.0177474 -0.0376029 0.263 1973.4 2
-0.0187626 -0.0344736 0.26175 2292.94 2
-0.0177474 -0.0344602 0.263 2090 2
-0.0853295 -0.0313628 0.261 635 2
-0.0187922 -0.0315367 0.261667 2335.67 2
-0.0177474 -0.0313174 0.263 2148.4 2
-0.0844796 -0.0285275 0.261 743 2
-0.0839129 -0.0285275 0.261 913 2
-0.0187996 -0.028476 0.261294 2454.59 2
-0.0176799 -0.0283522 0.262 2244.8 2
-0.0836295 -0.0254087 0.261 837.4 2
-0.0187876 -0.0254668 0.2616 2496.8 2
-0.0177339 -0.0255831 0.2628 2348 2
-0.0842344 -0.021806 0.262 537.5 2
-0.0832578 -0.0224455 0.261167 799.667 2
-0.0187876 -0.0226256 0.2616 2591.6 2
-0.0177339 -0.0227299 0.2628 2383.4 2
-0.0824127 -0.0194787 0.261333 877.875 2
-0.018769 -0.0194794 0.261333 2636.06 2
-0.0172854 -0.0191378 0.2625 2408.67 2
-0.0822127 -0.0163918 0.2619 851.6 2
-0.0802296 -0.0171863 0.261 1278.75 2
-0.018769 -0.0163566 0.261333 2684.8 2
-0.0171539 -0.01644 0.262667 2468.87 2
-0.0822966 -0.0137979 0.262625 773 2
-0.0799542 -0.013044 0.261333 1209.58 2
-0.018769 -0.0135176 0.261333 2721.4 2
-0.0171539 -0.0135866 0.262667 2493.93 2
-0.0811298 -0.0104611 0.263 980.5 2
-0.0796576 -0.0106513 0.262222 1225.5 2
-0.0776795 -0.0109487 0.261 1485 2
-0.0192448 -0.0105275 0.261708 2794.83 2
-0.017508 -0.0108021 0.262625 2582 2
-0.0811298 -0.00788979 0.263 888.667 2
-0.0794682 -0.00776072 0.262059 1163.06 2
-0.0776795 -0.00868038 0.261 1473 2
-0.0194971 -0.00760092 0.261815 2879.89 2
-0.0177474 -0.00788979 0.263 2664.67 2
-0.0782462 -0.00471095 0.261 1224 2
-0.0771938 -0.00410339 0.261 1386.86 2
-0.0212958 -0.00386036 0.261 3150.5 2
-0.0196342 -0.00439765 0.262429 2928.38 2
-0.0177474 -0.00331854 0.263 2676 2
-0.076632 -0.00159747 0.262067 1455.27 2
-0.0748462 -0.000741527 0.261 1695 2
-0.0212958 -0.00159212 0.261 3232.9 2
-0.0193757 -0.00159783 0.26188 3006.48 2
-0.0177474 -0.00160432 0.263 2763.2 2
-0.0762159 0.00153461 0.2622 1441.9 2
-0.0748462 0.00152672 0.261 1597.75 2
-0.0215791 0.00181025 0.261 3311 2
-0.0195893 0.00144758 0.262385 3021.19 2
-0.0177474 0.000395605 0.263 2794.5 2
-0.0762368 0.00473782 0.262125 1358.5 2
-0.074067 0.00471643 0.261 1662.62 2
-0.021887 0.00465154 0.2613 3314.3 2
-0.0197073 0.00467225 0.2625 3132.25 2
-0.0760975 0.00732087 0.262875 1342.06 2
-0.0733817 0.00754867 0.261667 1735.79 2
-0.0714461 0.00776439 0.261 2009.25 2
-0.0219033 0.00749519 0.2615 3374.55 2
-0.0197228 0.00753024 0.2627 3093.5 2
-0.0733636 0.0102044 0.262737 1684.79 2
-0.0709707 0.0103293 0.261333 1960.73 2
-0.0219033 0.0103359 0.2615 3333.8 2
-0.020317 0.0103952 0.263 3114.9 2
-0.0730437 0.0135208 0.262667 1634.5 2
-0.0705068 0.0136214 0.261231 1930.88 2
-0.0224113 0.0135496 0.261588 3400.97 2
-0.020317 0.013538 0.263 3147.58 2
-0.0725646 0.016395 0.263 1647.75 2
-0.0705142 0.0165651 0.261917 1957.33 2
-0.0683295 0.0171209 0.261 2189.33 2
-0.0246959 0.0174045 0.261 3629.5 2
-0.0225122 0.0166173 0.262 3445.7 2
-0.020317 0.0155379 0.263 3180.5 2
-0.070433 0.0195006 0.2625 1877 2
-0.0680804 0.0196543 0.261286 2140.14 2
-0.0246959 0.0193891 0.261 3591 2
-0.0226381 0.0194194 0.2625 3464.96 2
-0.0699951 0.0223947 0.263 1857.9 2
-0.0678302 0.0224178 0.261455 2130.18 2
-0.0250736 0.0227915 0.261 3625.72 2
-0.0231269 0.0223522 0.2625 3516.25 2
-0.0697096 0.0252518 0.263 1826.67 2
-0.0676557 0.025614 0.26187 2064.17 2
-0.0653544 0.0263356 0.261 2275.25 2
-0.0276708 0.0261939 0.261 3657.88 2
-0.0254146 0.025782 0.261462 3617.92 2
-0.0230613 0.0253991 0.262636 3538.5 2
-0.0691386 0.0275374 0.263 1853 2
-0.0671111 0.0285853 0.262619 2049.9 2
-0.0645379 0.0286553 0.261235 2313.76 2
-0.0629461 0.0293127 0.261 2492.5 2
-0.0279853 0.0286022 0.261059 3677.29 2
-0.0253609 0.0285749 0.262033 3602.33 2
-0.0230768 0.0282993 0.263 3517.78 2
-0.0669497 0.0310611 0.263 2003 2
-0.0644888 0.0315234 0.262261 2296.74 2
-0.0618747 0.0320049 0.261077 2531.92 2
-0.0280891 0.0313706 0.261182 3697.77 2
-0.0254316 0.0315073 0.26229 3598.71 2
-0.0234575 0.0315372 0.263 3531.4 2
-0.0641596 0.0342564 0.2626 2236.5 2
-0.0615066 0.0347662 0.2615 2517.71 2
-0.0595461 0.0352668 0.261 2663.33 2
-0.0300792 0.0358339 0.261 3731 2
-0.0280458 0.0349666 0.261 3678.35 2
-0.0254259 0.034504 0.262344 3605.66 2
-0.0234575 0.0343943 0.263 3535.6 2
-0.0638567 0.0365371 0.263 2295.75 2
-0.0614012 0.0376478 0.262318 2498.86 2
-0.0586394 0.0377986 0.26125 2759.5 2
-0.0559335 0.0383857 0.261 3007.62 2
-0.0309459 0.0378686 0.261 3722 2
-0.0284305 0.037605 0.26148 3674.64 2
-0.0255194 0.0375417 0.262552 3609.62 2
-0.0234575 0.0363942 0.263 3508 2
-0.0608997 0.0406389 0.263 2497.07 2
-0.0585184 0.0404377 0.261913 2739.83 2
-0.0555796 0.0405263 0.261593 2964.3 2
-0.0528971 0.040635 0.261 3158.67 2
-0.0338192 0.0411643 0.261 3728.4 2
-0.0314153 0.0404588 0.261179 3701.54 2
-0.0284964 0.0405378 0.26208 3679.44 2
-0.0260905 0.0405527 0.263 3585.61 2
-0.0605295 0.043361 0.263 2508.62 2
-0.0584529 0.0434467 0.26245 2687.2 2
-0.0555079 0.0433712 0.262 2965.8 2
-0.0523482 0.0435075 0.26125 3161.29 2
-0.0504793 0.0446233 0.261 3305.5 2
-0.0368792 0.0444816 0.261 3698.38 2
-0.0345916 0.0435417 0.261 3708.3 2
-0.0315631 0.0433002 0.261567 3704.6 2
-0.0285301 0.0434375 0.2624 3668.96 2
-0.0265981 0.0435368 0.263 3634.3 2
-0.0600024 0.0458224 0.263 2465.67 2
-0.0582374 0.0463678 0.263 2658.73 2
-0.0552542 0.0463241 0.262143 2895.29 2
-0.0523326 0.0465609 0.261445 3117.52 2
-0.0495079 0.0467701 0.261 3293.71 2
-0.0465126 0.0471751 0.261 3506.73 2
-0.0439884 0.0472782 0.261 3578.36 2
-0.0399015 0.0474587 0.261 3653 2
-0.0373474 0.046682 0.261 3677.22 2
-0.0343475 0.0466246 0.261688 3695.66 2
-0.0313321 0.046502 0.262 3678.37 2
-0.0285807 0.0463648 0.262462 3623.08 2
-0.0265981 0.0463938 0.263 3599.6 2
-0.0574328 0.0489651 0.263 2726.38 2
-0.0554806 0.0496253 0.262929 2840.07 2
-0.0523242 0.0495801 0.26172 3082.28 2
-0.049346 0.0494434 0.261 3262.24 2
-0.0465126 0.0494434 0.261 3430.4 2
-0.0436793 0.0494434 0.261 3555.36 2
-0.0405221 0.0495244 0.261 3648.68 2
-0.0374684 0.0494735 0.26116 3665.84 2
-0.0344608 0.0496328 0.262 3683.4 2
-0.0313413 0.0496482 0.26208 3648.48 2
-0.0285456 0.0495664 0.262897 3622.14 2
-0.0265664 0.0491238 0.263 3599 2
-0.0545777 0.0518222 0.263 2852.75 2
-0.0525161 0.0526159 0.26268 3023 2
-0.0494826 0.0524241 0.26172 3220.12 2
-0.0466335 0.0524159 0.26168 3385.68 2
-0.0436638 0.0525399 0.262 3551.86 2
-0.0404455 0.0522685 0.261259 3629.07 2
-0.0375426 0.0524156 0.26168 3664.72 2
-0.0344608 0.052479 0.262 3668.9 2
-0.0313934 0.052584 0.26252 3638.8 2
-0.0288671 0.0524989 0.263 3618.95 2
-0.0518655 0.0549649 0.263 3041.62 2
-0.0493658 0.0554166 0.262846 3188.35 2
-0.0464368 0.0554614 0.262522 3356.61 2
-0.0435437 0.0553707 0.2625 3483.21 2
-0.0405013 0.0554193 0.26244 3602.44 2
-0.0374718 0.05554 0.262828 3633.76 2
-0.0343423 0.0554446 0.262769 3639.23 2
-0.0314517 0.0555363 0.263 3634.24 2
-0.029494 0.0552098 0.263 3652.57 2
-0.0483537 0.0575933 0.263 3257.8 2
-0.0461987 0.0583188 0.263 3353.09 2
-0.0435423 0.0583188 0.263 3460.74 2
-0.0407197 0.057734 0.263 3596.46 2
-0.0371017 0.0580023 0.263 3618.89 2
-0.0343612 0.0581756 0.263 3649 2
-0.0323082 0.0575362 0.263 3620.5 2
-0.0460125 0.0603933 0.263 3294.75 2
-0.0442995 0.0603933 0.263 3373.5 2
-0.0360198 0.0601076 0.263 3617 2
-0.0354488 0.0601076 0.263 3611 2
-0.0163819 -0.0692927 0.264 498.5 2
-0.0168914 -0.0674445 0.264 758.778 2
-0.0168118 -0.0649192 0.264 869.5 2
-0.016646 -0.0613587 0.264417 1007.5 2
-0.016713 -0.0585537 0.26472 1158.76 2
-0.0183881 -0.0549533 0.264 1653 2
-0.0166886 -0.0554909 0.264965 1259.07 2
-0.0183881 -0.0526589 0.264 1684.8 2
-0.0167627 -0.0525003 0.26552 1368.96 2
-0.0183881 -0.0495043 0.264 1752.17 2
-0.0171919 -0.0496689 0.265222 1542.61 2
-0.0169936 -0.0464536 0.2646 1600.5 2
-0.0168375 -0.0433849 0.265167 1678.17 2
-0.0165235 -0.0404178 0.265455 1704.86 2
-0.0166985 -0.0370856 0.265143 1821.79 2
-0.0167077 -0.0347192 0.265286 1874.93 2
-0.0169936 -0.0315093 0.2646 2023.9 2
-0.0163951 -0.0285291 0.265091 1972.32 2
-0.0164418 -0.0255091 0.265 2091.3 2
-0.0164885 -0.0224923 0.264909 2153.36 2
-0.0161206 -0.0196229 0.265067 2169.67 2
-0.0144847 -0.0183824 0.266 1947 2
-0.0155839 -0.0165911 0.265067 2180.2 2
-0.0144847 -0.0166486 0.266 1955.2 2
-0.015604 -0.0137745 0.264714 2197.36 2
-0.0144847 -0.014048 0.266 1980 2
-0.0822981 -0.0105009 0.264 745 2
-0.0163788 -0.0104022 0.264818 2392.59 2
-0.0825059 -0.00793906 0.264667 616.5 2
-0.0183881 -0.00648584 0.264 2749.5 2
-0.01659 -0.00730301 0.265273 2489.64 2
-0.0800273 -0.00469647 0.265333 1121 2
-0.0183881 -0.0047651 0.264 2752 2
-0.0166974 -0.00454731 0.26525 2532.88 2
-0.0793369 -0.00161844 0.2656 1170.2 2
-0.0779992 -0.000750049 0.264 1275.5 2
-0.0164611 -0.00161813 0.2653 2538.95 2
-0.0796423 0.00164839 0.265333 957.111 2
-0.0779992 0.00154427 0.264 1225.67 2
-0.0183881 0.00211785 0.264 2847.5 2
-0.0167222 0.00152857 0.265231 2652.12 2
-0.0798547 0.00443447 0.2654 784.8 2
-0.0779992 0.00469895 0.264 1124.4 2
-0.0183881 0.00469895 0.264 2939.6 2
-0.0166819 0.00459294 0.265259 2711.41 2
-0.0788684 0.00767429 0.264857 846.786 2
-0.0773114 0.00802571 0.264 1152.2 2
-0.0183881 0.00756685 0.264 2940.8 2
-0.0168971 0.00743175 0.265048 2798.71 2
-0.0786726 0.00985331 0.266 903.714 2
-0.0762988 0.0103974 0.264765 1315.12 2
-0.0745601 0.0110083 0.264 1553.67 2
-0.0189752 0.0104431 0.2642 3018 2
-0.0173408 0.0104958 0.265533 2852.53 2
-0.0761851 0.0133866 0.265667 1268 2
-0.0748425 0.013353 0.265 1475 2
-0.0189845 0.0133194 0.264333 3091.67 2
-0.0173498 0.0133866 0.265667 2926.27 2
-0.0759478 0.016146 0.265769 1227.85 2
-0.0738131 0.0166885 0.264333 1470.47 2
-0.0194711 0.016609 0.2644 3152.28 2
-0.017396 0.0160967 0.265692 2915.08 2
-0.0734334 0.0196948 0.2651 1473.9 2
-0.0215406 0.0207592 0.264 3341.5 2
-0.0195505 0.0196082 0.264846 3173.65 2
-0.0179499 0.0194716 0.266 3043.83 2
-0.0728838 0.0225829 0.2652 1479.3 2
-0.0714076 0.0224799 0.264 1691.8 2
-0.0215406 0.0224799 0.264 3354.8 2
-0.0195915 0.022548 0.2648 3158.92 2
-0.0179499 0.0226502 0.266 3034.2 2
-0.0731036 0.0249619 0.266 1398.33 2
-0.0712346 0.0256491 0.264571 1632.79 2
-0.0215406 0.0253478 0.264 3461.3 2
-0.0196158 0.0254562 0.26512 3248.2 2
-0.0179499 0.0255398 0.266 3012.6 2
-0.0722373 0.0281405 0.266 1505.75 2
-0.0704696 0.0284265 0.264778 1699.61 2
-0.0688283 0.029076 0.264 1866.75 2
-0.0219705 0.0286459 0.264 3417.19 2
-0.0198656 0.0283235 0.265524 3221.14 2
-0.0179499 0.0272736 0.266 3048 2
-0.0700549 0.0314828 0.26525 1668.12 2
-0.0679627 0.0320835 0.2642 1889.4 2
-0.0221062 0.0315655 0.264545 3393.27 2
-0.0199557 0.0312962 0.2658 3211.9 2
-0.0696385 0.0344977 0.266 1670.5 2
-0.0675751 0.0346175 0.2647 1915.15 2
-0.0656757 0.0350986 0.264 2081 2
-0.0221546 0.0345904 0.2645 3415.1 2
-0.019939 0.0344432 0.265583 3244 2
-0.0673757 0.0374903 0.2655 1888.35 2
-0.0646481 0.0376796 0.264222 2206.22 2
-0.0241199 0.0379665 0.264 3540.33 2
-0.0223362 0.0375293 0.264435 3434.13 2
-0.0202187 0.0374286 0.266 3246.43 2
-0.0664621 0.0405658 0.266 1947.8 2
-0.0645559 0.0404571 0.26528 2172 2
-0.0622366 0.0411212 0.264 2406.88 2
-0.0245608 0.0408785 0.264 3557.54 2
-0.0224891 0.0404096 0.264538 3449.58 2
-0.0205488 0.0405658 0.266 3268 2
-0.0664621 0.0434555 0.266 1913.8 2
-0.0646334 0.0433901 0.2656 2141.76 2
-0.0620456 0.0438935 0.264 2348.08 2
-0.0249797 0.0437023 0.264 3601.95 2
-0.0224675 0.0434014 0.265375 3470.12 2
-0.0642698 0.0461397 0.265556 2087.5 2
-0.0615761 0.0466811 0.264182 2345.55 2
-0.0596573 0.0474306 0.264 2517 2
-0.0249797 0.0465702 0.264 3558.55 2
-0.0226861 0.0463235 0.26548 3488.44 2
-0.0638632 0.0486568 0.266 2088.67 2
-0.0616294 0.0496411 0.26508 2250 2
-0.0589288 0.0495843 0.264059 2550.12 2
-0.0250928 0.049529 0.26419 3546.19 2
-0.0227663 0.0495699 0.265545 3456.05 2
-0.0611351 0.0527252 0.26575 2275.62 2
-0.058512 0.0524099 0.26452 2524.2 2
-0.0558121 0.0527019 0.264067 2781.8 2
-0.0278456 0.0531664 0.264 3611.25 2
-0.0256218 0.052452 0.264733 3581.47 2
-0.0228588 0.0527023 0.266 3485.6 2
-0.0605906 0.0553992 0.266 2263.58 2
-0.0582634 0.0554841 0.26548 2519.92 2
-0.0554081 0.055346 0.264429 2777.81 2
-0.053002 0.0560661 0.264 2955.56 2
-0.0501998 0.0568946 0.264 3140.5 2
-0.0281455 0.0557251 0.26413 3625.26 2
-0.0255091 0.0553658 0.265222 3577.89 2
-0.0234363 0.0553029 0.266 3497.5 2
-0.060398 0.0576146 0.266 2308 2
-0.0582826 0.0584972 0.265769 2479.85 2
-0.0554628 0.0586728 0.26488 2702.72 2
-0.052433 0.0586022 0.264214 2910.29 2
-0.0495406 0.0588161 0.264 3124.25 2
-0.0476205 0.0594757 0.264 3295 2
-0.0424618 0.0594757 0.264 3457.5 2
-0.0402837 0.0593036 0.264 3576.8 2
-0.0378763 0.0593323 0.264 3611.5 2
-0.0341506 0.0597625 0.264 3617.5 2
-0.0314075 0.0587792 0.264 3607.95 2
-0.0284643 0.0586163 0.264433 3591.2 2
-0.0255897 0.0582435 0.265667 3581.62 2
-0.0579888 0.0612702 0.265875 2437.12 2
-0.0553847 0.0615453 0.2655 2662.05 2
-0.0523489 0.0614968 0.265 2884.33 2
-0.0494607 0.0616328 0.26464 3044.32 2
-0.046609 0.0618881 0.264 3224.18 2
-0.0434444 0.0616471 0.264 3379.43 2
-0.0404761 0.0615149 0.264133 3487.97 2
-0.0373509 0.0615311 0.264 3567.92 2
-0.034411 0.0615706 0.264167 3586.83 2
-0.0317255 0.0614756 0.264636 3577.91 2
-0.0285189 0.0614824 0.26548 3564.6 2
-0.0262277 0.0609858 0.266 3553.11 2
-0.0552003 0.0633938 0.266 2625.75 2
-0.0526346 0.0645913 0.265965 2816.62 2
-0.0495349 0.0646051 0.26504 3013.12 2
-0.0465313 0.0644299 0.26432 3232.2 2
-0.0434377 0.0644923 0.264414 3332.69 2
-0.0403758 0.0645322 0.264923 3473 2
-0.0374162 0.064547 0.2648 3564.36 2
-0.0345984 0.0646545 0.26524 3588.64 2
-0.0314465 0.0646206 0.265941 3581.53 2
-0.0287007 0.0637273 0.266 3545.69 2
-0.0266127 0.0631049 0.266 3502 2
-0.0519189 0.0674131 0.266 2860.09 2
-0.049647 0.0676377 0.26564 2954.28 2
-0.0466645 0.0674943 0.26508 3159.36 2
-0.0434857 0.0674737 0.265 3307.37 2
-0.0403212 0.0674737 0.265 3462.76 2
-0.0374776 0.0675353 0.26524 3518.4 2
-0.0349456 0.0671917 0.266 3504.43 2
-0.049425 0.0697511 0.266 2927.62 2
-0.0465653 0.0706005 0.265852 3121.7 2
-0.0433684 0.0703582 0.265259 3272.56 2
-0.0403876 0.0704704 0.26544 3367.76 2
-0.0375569 0.0705654 0.2658 3448.48 2
-0.0459336 0.0728245 0.266 3088.36 2
-0.0432606 0.0734321 0.266 3177.96 2
-0.0404734 0.0735075 0.266 3325.56 2
-0.0377216 0.0730996 0.266 3451.65 2
-0.0341206 0.0989362 0.266 524 2
-0.0315217 0.0989362 0.266 527.5 2
-0.0289229 0.0989362 0.266 520.667 2
-0.0371732 0.101496 0.266 515.857 2
-0.0344851 0.100723 0.265385 517.192 2
-0.0315217 0.100578 0.265613 518.29 2
-0.0283123 0.100548 0.26568 518.32 2
-0.025457 0.100528 0.2655 509.917 2
-0.042206 0.104138 0.266 467 2
-0.040291 0.103834 0.266 486.421 2
-0.0374924 0.103588 0.265333 471.533 2
-0.0345207 0.103284 0.264148 477.519 2
-0.0314986 0.103291 0.264645 491.484 2
-0.028585 0.103628 0.265733 500.267 2
-0.0254577 0.10356 0.266 506.4 2
-0.0237251 0.10356 0.266 507.2 2
-0.042206 0.105293 0.266 271 2
-0.0404734 0.105293 0.266 294.8 2
-0.0280566 0.105293 0.266 380.25 2
-0.0254577 0.105293 0.266 397.2 2
-0.0237251 0.105293 0.266 416 2
-0.0151188 -0.0526772 0.267 918.2 2
-0.0145391 -0.0526772 0.267 678 2
-0.0156985 -0.0494187 0.267625 1242.88 2
-0.0145936 -0.0496688 0.268 888.333 2
-0.0158691 -0.046492 0.268385 1372.77 2
-0.0146481 -0.0464481 0.269 1062.67 2
-0.0156844 -0.0436622 0.267538 1419.62 2
-0.0140327 -0.0436245 0.2684 972.067 2
-0.0151755 -0.0406469 0.268 1424.2 2
-0.0139835 -0.0404584 0.268118 1116.88 2
-0.0156189 -0.0379751 0.267455 1595.64 2
-0.0140644 -0.0375784 0.268154 1255.31 2
-0.0156008 -0.0343658 0.267833 1680.17 2
-0.0146299 -0.0346175 0.268667 1479.5 2
-0.0157363 -0.0316783 0.267667 1765.13 2
-0.0146481 -0.0314475 0.269 1551.4 2
-0.0151868 -0.0284413 0.2682 1734 2
-0.0146045 -0.0284413 0.2682 1628.2 2
-0.0151755 -0.0255079 0.268 1837.6 2
-0.0145936 -0.0255079 0.268 1738.4 2
-0.0151755 -0.0225965 0.268 1903.4 2
-0.0145936 -0.0225965 0.268 1785.4 2
-0.0151471 -0.0199401 0.2675 2020.75 2
-0.0145664 -0.0199401 0.2675 1911 2
-0.0137618 -0.0162408 0.2688 1804.3 2
-0.0151188 -0.0123606 0.267 2114.5 2
-0.0138743 -0.0131424 0.268167 1921.17 2
-0.0151301 -0.0103371 0.2672 2207.8 2
-0.0140712 -0.0105603 0.268308 2024.31 2
-0.0823812 -0.00658411 0.268 873.5 2
-0.0151755 -0.00745751 0.268 2280.6 2
-0.0145936 -0.00745751 0.268 2186.2 2
-0.0818649 -0.00455504 0.2686 920.5 2
-0.0151642 -0.00454364 0.2678 2344.4 2
-0.0141405 -0.00423548 0.268455 2174.91 2
-0.0814111 -0.00183144 0.268 878 2
-0.0807756 -0.00134226 0.2675 957.75 2
-0.0151188 -0.00162872 0.267 2353.2 2
-0.0140277 -0.00163685 0.268333 2165.67 2
-0.081784 0.000401622 0.267 500 2
-0.0806246 0.000401622 0.267 887.5 2
-0.0151188 0.00127177 0.267 2392.6 2
-0.0138301 0.00141321 0.267824 2234.53 2
-0.0151188 0.0044623 0.267 2473.67 2
-0.0136504 0.00426169 0.268083 2235.54 2
-0.0155305 0.00805278 0.267444 2541.22 2
-0.0140422 0.00769898 0.2686 2361.13 2
-0.0795678 0.0110638 0.267667 725.083 2
-0.0777262 0.0114234 0.267 1112.5 2
-0.0157174 0.0105665 0.267333 2648.2 2
-0.0140459 0.0106192 0.268667 2397.27 2
-0.0793419 0.0133643 0.267778 698.944 2
-0.0777262 0.0134538 0.267 1068 2
-0.0157174 0.0134706 0.267333 2663.13 2
-0.0140459 0.0135378 0.268667 2424.13 2
-0.0787446 0.0165626 0.268 761.583 2
-0.0772293 0.0166029 0.267 1055.71 2
-0.0158961 0.0165204 0.267471 2686.35 2
-0.0140922 0.0162784 0.268692 2482.92 2
-0.0788439 0.0190953 0.268833 672.333 2
-0.0764124 0.0192397 0.267632 1138.53 2
-0.0163858 0.0194371 0.267741 2818.37 2
-0.0146481 0.019399 0.269 2570.6 2
-0.0763356 0.0221491 0.268539 1099.62 2
-0.0745378 0.0227353 0.267 1289.4 2
-0.0163043 0.0225671 0.267815 2831.3 2
-0.0146481 0.0223212 0.269 2606.6 2
-0.0756861 0.0251949 0.2685 1101.25 2
-0.0740694 0.0259067 0.2674 1297.9 2
-0.0162828 0.0256496 0.267846 2840.35 2
-0.0146481 0.0255356 0.269 2653.83 2
-0.0753882 0.0284579 0.269 1086.25 2
-0.0737373 0.0286076 0.267667 1304.93 2
-0.0719292 0.0296965 0.267 1546 2
-0.0183071 0.0288264 0.267 3038.25 2
-0.0165566 0.0285837 0.267952 2905.62 2
-0.0146481 0.0275812 0.269 2650 2
-0.073224 0.0315397 0.2682 1342.13 2
-0.0715814 0.0315528 0.267 1526.6 2
-0.0183071 0.0314368 0.267 3080.6 2
-0.0166601 0.0316134 0.2685 2886.1 2
-0.0725977 0.0345186 0.2684 1368.1 2
-0.0710597 0.0343373 0.267 1512.7 2
-0.0183071 0.0343373 0.267 3108.7 2
-0.0166601 0.0345302 0.2685 2976.65 2
-0.07276 0.0366401 0.269 1316 2
-0.0705171 0.0374592 0.267636 1546 2
-0.068451 0.038688 0.267 1760.5 2
-0.0187419 0.0376729 0.267 3152.62 2
-0.0166601 0.037447 0.2685 2939.95 2
-0.0701967 0.0399745 0.2685 1555.33 2
-0.0679032 0.0406788 0.267286 1813.5 2
-0.0189211 0.0405035 0.2675 3153.25 2
-0.0169425 0.0401884 0.269 2986.93 2
-0.0695478 0.0433611 0.269 1570 2
-0.0680422 0.0435329 0.267667 1747.6 2
-0.0194426 0.043622 0.267688 3209.91 2
-0.0172762 0.0433611 0.269 3064.2 2
-0.0695478 0.0462833 0.269 1503.4 2
-0.0674875 0.0464429 0.26787 1761.13 2
-0.0652627 0.0476795 0.267 1949.5 2
-0.0214955 0.0473894 0.267 3395.5 2
-0.0195137 0.0466355 0.267667 3221.2 2
-0.0172762 0.0462833 0.269 3072.6 2
-0.06728 0.0492946 0.268688 1755.62 2
-0.0650012 0.0497222 0.267286 2003.29 2
-0.0214955 0.0494198 0.267 3394.4 2
-0.0195391 0.0496112 0.268033 3266.03 2
-0.0172762 0.0486211 0.269 3065.5 2
-0.0663355 0.0525174 0.269 1795.67 2
-0.064389 0.0524581 0.2677 1993.75 2
-0.062654 0.0526103 0.267 2125.75 2
-0.0214955 0.0523203 0.267 3397.8 2
-0.0195493 0.0525489 0.268167 3278.23 2
-0.0660435 0.0556344 0.269 1773 2
-0.0642921 0.0555006 0.267952 1962.67 2
-0.0621571 0.0558423 0.267 2129.5 2
-0.0222457 0.0557668 0.267 3428.18 2
-0.0195565 0.055483 0.268267 3260.8 2
-0.0175683 0.0568033 0.269 3078 2
-0.0660435 0.0579722 0.269 1735 2
-0.0643636 0.0583692 0.268294 1906.24 2
-0.0616173 0.0587259 0.267111 2183.5 2
-0.0246838 0.0595714 0.267 3546 2
-0.0226542 0.058636 0.267583 3450.5 2
-0.0199031 0.0583189 0.268636 3241.32 2
-0.0638139 0.0612952 0.268833 1918.5 2
-0.0615254 0.0613944 0.267818 2164.82 2
-0.0594657 0.0618918 0.267 2373.12 2
-0.0251186 0.0618193 0.267 3479.62 2
-0.0224753 0.0615205 0.268333 3401.47 2
-0.0201964 0.0614788 0.269 3265.6 2
-0.0634153 0.0632322 0.269 1945.5 2
-0.0614243 0.0641885 0.269 2163.18 2
-0.0585807 0.064505 0.26781 2396.33 2
-0.0557964 0.0648956 0.267125 2576.69 2
-0.0280654 0.0650824 0.267 3586 2
-0.0255205 0.0645911 0.267167 3508.33 2
-0.0225032 0.0645153 0.268667 3393.13 2
-0.0201964 0.064401 0.269 3301.1 2
-0.0602031 0.0661544 0.269 2241 2
-0.0581785 0.0671674 0.269 2387.53 2
-0.0555517 0.0675268 0.268 2559.17 2
-0.0534369 0.0678669 0.267 2736.9 2
-0.0337851 0.0680409 0.267 3522.1 2
-0.0313504 0.0676928 0.267 3577.75 2
-0.0284519 0.0674028 0.267 3568.32 2
-0.0256059 0.0675447 0.26756 3486.6 2
-0.0225032 0.0674339 0.268667 3371.7 2
-0.0201964 0.067031 0.269 3254 2
-0.0554672 0.0705169 0.268818 2501.95 2
-0.0524472 0.0704623 0.267417 2749.58 2
-0.0496108 0.0711735 0.267 2887.5 2
-0.0345387 0.0703033 0.267 3496.6 2
-0.031369 0.0703461 0.26716 3514.68 2
-0.0285365 0.0705155 0.2678 3495.68 2
-0.0256985 0.0707047 0.26852 3449.24 2
-0.0227123 0.0703354 0.269 3350.58 2
-0.0543627 0.0734599 0.269 2594 2
-0.0524651 0.0735672 0.2685 2705 2
-0.0492992 0.0734495 0.267214 2881.29 2
-0.0466709 0.0743226 0.267 3025.07 2
-0.0446834 0.0746541 0.267 3105.5 2
-0.0374371 0.0746541 0.267 3370.12 2
-0.0345387 0.0734938 0.267 3464.33 2
-0.0314855 0.0735226 0.26816 3472.16 2
-0.0287347 0.0735682 0.268909 3465.18 2
-0.0258178 0.0732407 0.269 3449.88 2
-0.0237007 0.0725832 0.269 3346.5 2
-0.0519293 0.0764795 0.269 2709.67 2
-0.0495687 0.0765223 0.267909 2807.86 2
-0.0464403 0.0764231 0.2671 2995 2
-0.0434757 0.076636 0.267 3070.54 2
-0.0406255 0.0766843 0.267 3161.88 2
-0.037727 0.0766843 0.267 3239.36 2
-0.0346472 0.0765502 0.267154 3382.15 2
-0.0315323 0.0765491 0.26856 3399.4 2
-0.0289935 0.0770031 0.269 3360.19 2
-0.0269129 0.077551 0.269 3354.5 2
-0.0517346 0.0790121 0.269 2613.17 2
-0.0496247 0.0794908 0.26864 2732.28 2
-0.0466106 0.0793246 0.26808 2924.64 2
-0.0437116 0.0794665 0.26781 3022.14 2
-0.0406442 0.0795351 0.267667 3178.67 2
-0.037481 0.07939 0.267318 3256.45 2
-0.0343897 0.0793004 0.26792 3330 2
-0.0314768 0.0793241 0.26808 3326 2
-0.0286562 0.0795725 0.26892 3343.76 2
-0.0263288 0.0795965 0.269 3364.53 2
-0.0489604 0.0819343 0.269 2734.25 2
-0.0465323 0.0825404 0.269 2873.63 2
-0.0435784 0.0824141 0.268739 3004.78 2
-0.0403768 0.0823978 0.26803 3146.36 2
-0.0372865 0.0825031 0.268 3209.77 2
-0.0344415 0.082327 0.268154 3285.5 2
-0.0314913 0.0822742 0.2682 3318.6 2
-0.0286299 0.0824209 0.26868 3272.48 2
-0.0263738 0.0823389 0.269 3312.77 2
-0.0461862 0.085441 0.269 2843 2
-0.043266 0.085441 0.269 2956.68 2
-0.0402821 0.0857127 0.268739 3094.78 2
-0.0372865 0.0857056 0.268 3140.84 2
-0.0343545 0.0855079 0.268138 3224.66 2
-0.031534 0.0855936 0.268567 3234.9 2
-0.0289254 0.0854528 0.268955 3232.73 2
-0.0269129 0.0842721 0.269 3247 2
-0.0461862 0.0874865 0.269 2758.8 2
-0.0431067 0.0882835 0.269 2899.32 2
-0.0404092 0.0884364 0.268913 3007.04 2
-0.0372229 0.0885446 0.268087 3043.26 2
-0.0343771 0.088617 0.268 3131.28 2
-0.0314678 0.088617 0.268 3155.84 2
-0.0286906 0.0884647 0.268792 3184.79 2
-0.0269129 0.089532 0.269 3094 2
-0.0423899 0.0909932 0.269 2831.5 2
-0.0403458 0.0912854 0.269 2885.64 2
-0.0374991 0.0914294 0.268955 2948.41 2
-0.0343452 0.0915225 0.268125 2885.25 2
-0.0314678 0.0915283 0.268 2785.96 2
-0.028562 0.0914269 0.268414 2718.52 2
-0.0260367 0.0917372 0.2687 2436.3 2
-0.0237007 0.0921621 0.269 1948.75 2
-0.0425846 0.0949868 0.269 1725 2
-0.0403408 0.0944879 0.268967 1982.7 2
-0.0374211 0.0944879 0.268967 1872.17 2
-0.0344474 0.0944398 0.268192 1506.62 2
-0.0314678 0.0944396 0.268 1147.76 2
-0.0285918 0.0945533 0.26832 807.56 2
-0.0256799 0.0946621 0.269 658.148 2
-0.0233113 0.094792 0.269 593.222 2
-0.0488144 0.0982987 0.269 449.5 2
-0.0466868 0.0980482 0.269 450.286 2
-0.0430435 0.0977699 0.269 478.476 2
-0.0402198 0.0974084 0.26816 482.08 2
-0.0373538 0.0975243 0.26848 498.16 2
-0.0343595 0.0974762 0.267419 514.806 2
-0.0314006 0.0974344 0.267433 528.267 2
-0.0285829 0.0977249 0.268233 526.7 2
-0.0257254 0.0977277 0.268379 519.517 2
-0.0226034 0.0977454 0.268857 523.25 2
-0.0194502 0.0980714 0.269 523.444 2
-0.0169842 0.0985909 0.269 512.5 2
-0.0491064 0.100636 0.269 446.933 2
-0.0464782 0.100636 0.269 463.267 2
-0.0433126 0.100573 0.268833 484.708 2
-0.0404614 0.10049 0.267833 504.7 2
-0.0376753 0.100169 0.267348 526.043 2
-0.0356981 0.0995982 0.267 528.75 2
-0.0275823 0.0993081 0.267 517 2
-0.0252483 0.0994141 0.267286 506.857 2
-0.0227783 0.10028 0.267704 505.815 2
-0.0195395 0.100262 0.268 508.833 2
-0.016363 0.100411 0.2684 492 2
-0.014064 0.101367 0.269 476.375 2
-0.0516762 0.104026 0.269 409.6 2
-0.0495496 0.10358 0.268571 429.143 2
-0.0465739 0.103583 0.2685 454.844 2
-0.0436759 0.103383 0.26764 475.44 2
-0.0409417 0.102684 0.267 496.818 2
-0.0385965 0.102209 0.267 515 2
-0.0224373 0.103327 0.267583 506.625 2
-0.0195478 0.103508 0.268111 495.75 2
-0.0163315 0.103413 0.267867 476.5 2
-0.0135156 0.103574 0.268072 457.393 2
-0.0109869 0.104484 0.26875 434.875 2
-0.051793 0.105896 0.269 353 2
-0.0497452 0.105845 0.2685 328.333 2
-0.0465964 0.105794 0.268 340.1 2
-0.0438139 0.105399 0.267 358.375 2
-0.0223852 0.105498 0.26725 460.875 2
-0.0195395 0.105794 0.268 452.167 2
-0.0162913 0.105478 0.2672 443.8 2
-0.0134085 0.105636 0.2676 433.1 2
-0.0104701 0.105882 0.268857 413.071 2
-0.0152887 -0.0471097 0.27 1216.5 2
-0.0139991 -0.0466404 0.27 772.3 2
-0.0138232 -0.0362573 0.27 1223 2
-0.0133457 -0.0344797 0.270889 1147.83 2
-0.0132809 -0.03167 0.2709 1252.9 2
-0.0115549 -0.0317757 0.2718 544.7 2
-0.0132604 -0.0286843 0.2705 1348.2 2
-0.0115421 -0.0284938 0.2715 786 2
-0.0132846 -0.0254976 0.271 1435.79 2
-0.0115634 -0.0258886 0.272 960.833 2
-0.0138437 -0.0222127 0.2704 1663.8 2
-0.0138232 -0.0192455 0.27 1747.8 2
-0.0126976 -0.015784 0.271 1620.33 2
-0.0109728 -0.0152513 0.272 1198 2
-0.0126602 -0.0133901 0.2702 1647.1 2
-0.0109728 -0.0134784 0.272 1274.8 2
-0.0128852 -0.0102829 0.270833 1787.08 2
-0.0111697 -0.0110161 0.272 1436.75 2
-0.0132698 -0.00753199 0.2707 1948.05 2
-0.0829961 -0.00399348 0.27 708.667 2
-0.0130326 -0.00484939 0.271 1949.5 2
-0.0829961 -0.00164702 0.27 591.1 2
-0.0126789 -0.00165198 0.2706 1924.9 2
-0.0115634 -0.000772779 0.272 1746 2
-0.0126508 0.00099275 0.27 2080.12 2
-0.0115379 0.00129142 0.2714 1837.2 2
-0.0126508 0.00539236 0.27 2116.67 2
-0.0115379 0.00424231 0.2714 1895 2
-0.0126882 0.00776262 0.2708 2176.5 2
-0.0115634 0.00631874 0.272 1959.75 2
-0.0126695 0.0106864 0.2704 2175.1 2
-0.0115634 0.0107509 0.272 1996.3 2
-0.0126508 0.013605 0.27 2226.3 2
-0.0115634 0.0137057 0.272 2028.9 2
-0.0128696 0.0167653 0.2705 2296.25 2
-0.0115634 0.0166605 0.272 2100.8 2
-0.0783064 0.0206443 0.27 868.5 2
-0.0132604 0.0195072 0.2705 2364.85 2
-0.0115634 0.0190244 0.272 2108.33 2
-0.0784224 0.0224387 0.2704 773.7 2
-0.0774271 0.0232841 0.27 946 2
-0.0132604 0.0224457 0.2705 2389.05 2
-0.0788864 0.0252294 0.272 638.125 2
-0.0770142 0.025609 0.2704 947.8 2
-0.0132604 0.0253842 0.2705 2454.35 2
-0.0767065 0.0284396 0.2716 989.6 2
-0.0152887 0.028857 0.27 2736 2
-0.0134912 0.0284834 0.271304 2505.87 2
-0.0780006 0.032321 0.272 553 2
-0.076171 0.0314584 0.271294 993.941 2
-0.0742029 0.0329633 0.27 1240 2
-0.0152887 0.0314967 0.27 2780.33 2
-0.0136309 0.0314045 0.271154 2540.81 2
-0.0780006 0.0340938 0.272 365 2
-0.0764044 0.0342939 0.271737 860.211 2
-0.0742029 0.0347231 0.27 1196.5 2
-0.0152887 0.0347231 0.27 2862.6 2
-0.0135881 0.0344055 0.2712 2591.12 2
-0.0755594 0.0372246 0.271909 969.455 2
-0.0734911 0.0379477 0.2704 1238.6 2
-0.0152887 0.0376562 0.27 2842.4 2
-0.0136785 0.0373874 0.27112 2618 2
-0.0731284 0.040359 0.271083 1258.67 2
-0.0711915 0.0412143 0.27025 1455.62 2
-0.0157838 0.0409508 0.270273 2884.09 2
-0.0142212 0.0405824 0.271154 2695.38 2
-0.0725675 0.042781 0.272 1342.8 2
-0.0708427 0.0436203 0.2706 1464.9 2
-0.0158938 0.0435761 0.270333 2929.6 2
-0.0142454 0.0432372 0.271615 2710.15 2
-0.0709475 0.0466275 0.271 1390.4 2
-0.0158938 0.0465127 0.270333 2906.8 2
-0.0143035 0.0470436 0.271545 2724.45 2
-0.0700831 0.0495845 0.271067 1438.47 2
-0.0683408 0.0502684 0.27 1626.75 2
-0.0161983 0.0496219 0.270263 2939.42 2
-0.0142027 0.0496933 0.271667 2731.47 2
-0.0698313 0.0525121 0.272 1423 2
-0.0680593 0.0526626 0.270625 1612.94 2
-0.0164987 0.0524457 0.27064 2985.12 2
-0.0142496 0.052468 0.271692 2777.62 2
-0.0694704 0.0557952 0.272 1385.78 2
-0.0676294 0.0552578 0.270375 1591.75 2
-0.0165078 0.0554183 0.2708 2988.96 2
-0.0148114 0.0556639 0.272 2845.2 2
-0.0675167 0.0584425 0.271 1568.2 2
-0.0657028 0.0596542 0.27 1756.5 2
-0.018471 0.0591095 0.27 3147.43 2
-0.0165128 0.0584949 0.27088 2976.8 2
-0.0148114 0.0586187 0.272 2821.8 2
-0.0670261 0.0616303 0.271667 1591.33 2
-0.0652239 0.0619879 0.2702 1766.4 2
-0.0188527 0.0616401 0.270071 3159.71 2
-0.0166472 0.0613725 0.271238 3021.14 2
-0.0148114 0.0606871 0.272 2854.5 2
-0.0661895 0.0642329 0.272 1578.5 2
-0.0645622 0.0645363 0.271077 1793.08 2
-0.0620879 0.0652271 0.27 2074 2
-0.0188285 0.064524 0.270333 3189.73 2
-0.0166135 0.0645087 0.271708 3021.75 2
-0.0637779 0.0670049 0.271429 1854.29 2
-0.0615194 0.0675081 0.270706 2108.82 2
-0.0594011 0.0681601 0.27 2265.75 2
-0.0189983 0.067612 0.270294 3167.41 2
-0.0171519 0.0674004 0.271667 3065.33 2
-0.0632368 0.069847 0.272 1863 2
-0.0613215 0.0705082 0.27136 2059.72 2
-0.0584407 0.0705856 0.2703 2302.6 2
-0.0566166 0.0716798 0.27 2389 2
-0.0214439 0.0713865 0.27 3277.75 2
-0.0194364 0.0705563 0.27064 3196.32 2
-0.017356 0.0699871 0.271778 3092.44 2
-0.0610811 0.0733176 0.271867 2044.47 2
-0.0585272 0.0736308 0.2707 2202.55 2
-0.0560955 0.0735701 0.27 2425.11 2
-0.0249193 0.0743615 0.27 3363.29 2
-0.0222282 0.0735402 0.270087 3266.87 2
-0.0195043 0.07354 0.271217 3194.61 2
-0.0173705 0.0737867 0.272 3085.11 2
-0.0605793 0.0751656 0.272 2028.5 2
-0.0584736 0.0766493 0.271526 2181 2
-0.0556339 0.0763707 0.270273 2392.59 2
-0.053499 0.0766927 0.27 2611.73 2
-0.0278923 0.0760794 0.27 3420.75 2
-0.0252543 0.0763727 0.27 3370.76 2
-0.0223684 0.0765313 0.27056 3268.68 2
-0.0194457 0.0764017 0.271826 3163.22 2
-0.017281 0.0760252 0.272 3037.09 2
-0.0580906 0.0791553 0.27175 2164.56 2
-0.0554914 0.079541 0.2708 2383.9 2
-0.0531726 0.0793791 0.27 2526.69 2
-0.0248405 0.0791678 0.27 3355.12 2
-0.022355 0.0794233 0.2704 3254.6 2
-0.0200842 0.0790491 0.272 3185.57 2
-0.0577249 0.0818632 0.272 2163.89 2
-0.0553929 0.0824055 0.271304 2324.57 2
-0.0523337 0.0823904 0.270333 2509.21 2
-0.0496798 0.0832166 0.27 2680.58 2
-0.0248147 0.0826788 0.27 3265.3 2
-0.0224311 0.0825409 0.270769 3220.04 2
-0.0200842 0.0825104 0.272 3157.29 2
-0.0573312 0.084621 0.272 2120.67 2
-0.0554569 0.0853918 0.272 2278.57 2
-0.0524921 0.0856136 0.2714 2450.68 2
-0.0493263 0.0857044 0.2702 2639.4 2
-0.027306 0.0860519 0.27 3232.62 2
-0.0253069 0.085723 0.270042 3233.54 2
-0.022346 0.085497 0.270875 3182.71 2
-0.0194902 0.0853068 0.271367 3085.9 2
-0.0170162 0.0856075 0.27185 2992.15 2
-0.0550675 0.0882652 0.272 2228.25 2
-0.0525074 0.0885883 0.27148 2395.6 2
-0.0493263 0.0886396 0.2702 2563.64 2
-0.0463579 0.0892783 0.27 2734 2
-0.0445993 0.0892783 0.27 2833.33 2
-0.0271301 0.0882224 0.27 3194.8 2
-0.0252264 0.0886867 0.270192 3189.27 2
-0.0224478 0.0884865 0.270961 3119.35 2
-0.019464 0.0884314 0.271 3010.84 2
-0.01657 0.0886924 0.2718 2846.56 2
-0.0521566 0.0915143 0.271824 2298.71 2
-0.0495112 0.091568 0.270905 2460.81 2
-0.0463579 0.0916247 0.27 2612.08 2
-0.0438406 0.0917628 0.27 2716.06 2
-0.0249346 0.0909314 0.27 2905.09 2
-0.0222289 0.0914479 0.270444 2355.89 2
-0.019464 0.0913753 0.271 2070.84 2
-0.0165313 0.0914287 0.27116 1240.16 2
-0.0145161 0.0917125 0.272 708.9 2
-0.0521525 0.0951219 0.272 1863.85 2
-0.0494142 0.0944622 0.271037 2111.96 2
-0.0463579 0.0945578 0.27 2104.4 2
-0.0438406 0.0944198 0.27 2228.76 2
-0.0218836 0.0943378 0.27 565.688 2
-0.0194401 0.0944958 0.270667 556.433 2
-0.0165623 0.09436 0.270923 540.038 2
-0.0143193 0.0948643 0.272 529.75 2
-0.0555596 0.0979176 0.272 418.3 2
-0.0525766 0.0975645 0.27184 665.64 2
-0.049639 0.0971521 0.270381 791.286 2
-0.0460873 0.0969494 0.27 699.077 2
-0.0445993 0.0974909 0.27 579.6 2
-0.0214439 0.096611 0.27 535 2
-0.0191968 0.0968065 0.27 529.583 2
-0.0163665 0.0971944 0.270308 524 2
-0.0138169 0.0976024 0.271333 513.625 2
-0.0118587 0.0985085 0.272 496.5 2
-0.0555596 0.100577 0.272 393.08 2
-0.0524478 0.10059 0.271379 417.103 2
-0.0504926 0.100192 0.270167 433 2
-0.0155818 0.0992507 0.27 494.5 2
-0.0133261 0.10018 0.270333 478.083 2
-0.010871 0.100698 0.271333 461.875 2
-0.00855156 0.101404 0.272 437.4 2
-0.0549163 0.10344 0.271375 372.5 2
-0.0528359 0.103293 0.27045 408.85 2
-0.0504614 0.102184 0.27 433 2
-0.0123577 0.10277 0.27 457.333 2
-0.0104525 0.103328 0.27048 438.6 2
-0.00776785 0.103672 0.271321 418.214 2
-0.00458411 0.103747 0.272 391.955 2
-0.0530993 0.10541 0.27 389.625 2
-0.00767804 0.106154 0.2704 394.2 2
-0.00535217 0.105553 0.2715 389.5 2
-0.0128381 -0.0391757 0.274 654.5 2
-0.0128194 -0.0373364 0.2736 788.7 2
-0.0116059 -0.0245009 0.273 1006.5 2
-0.0127913 -0.022425 0.273 1426.8 2
-0.0110641 -0.0225311 0.2743 870.95 2
-0.0128101 -0.0194883 0.2734 1524.4 2
-0.0110811 -0.0195807 0.2747 1049.3 2
-0.0127914 -0.0173834 0.273 1544.25 2
-0.0110333 -0.016822 0.2735 1183.75 2
-0.010403 -0.00987129 0.273273 1251.18 2
-0.00897137 -0.0100057 0.274 698.667 2
-0.010736 -0.00761077 0.27352 1421.72 2
-0.00897137 -0.00762447 0.274 887.2 2
-0.0106737 -0.0045966 0.273692 1502.92 2
-0.00897137 -0.00494559 0.274 1032 2
-0.0104563 -0.00177886 0.274 1501.27 2
-0.00987683 0.00130658 0.2744 1480.4 2
-0.00810852 0.00190735 0.275 1039.33 2
-0.00986919 0.00428541 0.2742 1557.2 2
-0.00810852 0.00429726 0.275 1144 2
-0.0105716 0.00725421 0.2739 1735.3 2
-0.0106171 0.0103087 0.273714 1823.36 2
-0.010451 0.0137973 0.2738 1898.3 2
-0.0104586 0.016783 0.274 1914.4 2
-0.0107864 0.0199932 0.273714 2015 2
-0.0110323 0.0226946 0.2735 2071.45 2
-0.0788801 0.0268051 0.273 643.333 2
-0.0110323 0.0256657 0.2735 2156.9 2
-0.0786233 0.0282764 0.273286 670.571 2
-0.0778084 0.0286277 0.2734 873 2
-0.0110437 0.0286689 0.2738 2194.75 2
-0.0782874 0.030957 0.273 616.667 2
-0.0776946 0.030957 0.273 793.333 2
-0.0110513 0.0316657 0.274 2254.3 2
-0.0110361 0.0345921 0.2736 2294.15 2
-0.0127914 0.0386677 0.273 2485.5 2
-0.0110641 0.0376606 0.2743 2298.1 2
-0.076333 0.0408165 0.2745 765 2
-0.0744939 0.0411589 0.273 1084.8 2
-0.0127914 0.0404471 0.273 2534.6 2
-0.0112165 0.0404268 0.274375 2373.62 2
-0.0759955 0.0435977 0.274625 749.688 2
-0.0737428 0.0437591 0.273571 1189.57 2
-0.0130123 0.0436911 0.2735 2575.25 2
-0.0116909 0.0437308 0.275 2435.2 2
-0.073239 0.0465605 0.274067 1209.13 2
-0.0132534 0.0462189 0.273375 2606.44 2
-0.0116739 0.0466489 0.2746 2473 2
-0.0752785 0.0503031 0.275 676.667 2
-0.0733614 0.0497902 0.274524 1086.05 2
-0.0717674 0.048751 0.273 1302 2
-0.0127914 0.0493441 0.273 2622.6 2
-0.0113194 0.0493204 0.274286 2498.64 2
-0.075169 0.052615 0.2746 529.6 2
-0.0732741 0.0525391 0.2742 992.84 2
-0.0709207 0.0527334 0.273 1327.14 2
-0.0127913 0.0523098 0.273 2648 2
-0.0116654 0.0525793 0.2744 2496.8 2
-0.0729495 0.0554986 0.2741 964.95 2
-0.0708783 0.0552754 0.273 1271.7 2
-0.0134075 0.0553767 0.2735 2736.8 2
-0.0116909 0.0556804 0.275 2569.9 2
-0.0728242 0.0578687 0.27475 930.75 2
-0.0705813 0.0585645 0.273889 1249.72 2
-0.0134074 0.0583477 0.2735 2710.75 2
-0.0116909 0.0586678 0.275 2609.2 2
-0.0697116 0.0613021 0.274571 1332.57 2
-0.0684875 0.0610496 0.273429 1458.86 2
-0.0154586 0.062393 0.273 2895.33 2
-0.0135977 0.061459 0.273435 2733.91 2
-0.0116909 0.0616552 0.275 2540.1 2
-0.0693078 0.0643438 0.275 1348 2
-0.0676091 0.0646204 0.273643 1487.29 2
-0.0658402 0.0656552 0.273 1675 2
-0.0154586 0.0635793 0.273 2898 2
-0.0137271 0.0645169 0.27396 2798.52 2
-0.0116909 0.0646425 0.275 2651.4 2
-0.0670649 0.0673752 0.274167 1502.42 2
-0.0651487 0.06783 0.273 1728.83 2
-0.0157549 0.0677312 0.273 2928.4 2
-0.0136898 0.0674852 0.274208 2754.29 2
-0.0116909 0.0670325 0.275 2633 2
-0.0666211 0.0706173 0.275 1514.7 2
-0.0646552 0.0706037 0.273588 1741.53 2
-0.0161995 0.0709193 0.273 3005.44 2
-0.0139234 0.0703123 0.274476 2790.81 2
-0.0666211 0.0724098 0.275 1497 2
-0.0647659 0.0735888 0.274444 1685.94 2
-0.0625802 0.0737614 0.273 1893.17 2
-0.0161995 0.0734401 0.273 2970.38 2
-0.014149 0.0735556 0.274444 2793.11 2
-0.0636584 0.0757037 0.274667 1763.67 2
-0.0616091 0.0765001 0.273846 1953.15 2
-0.0160936 0.0768824 0.273 2940.14 2
-0.0140525 0.0764528 0.2745 2774.3 2
-0.0614721 0.079483 0.274667 1919.07 2
-0.0595742 0.0797633 0.273 2051.86 2
-0.0189072 0.0799174 0.273 3136.82 2
-0.016644 0.0795939 0.273 2969.04 2
-0.0137436 0.0793708 0.27428 2797.2 2
-0.0119894 0.0798782 0.275 2709.75 2
-0.0609603 0.0821552 0.274375 1894.94 2
-0.0587933 0.0826913 0.273 2042.22 2
-0.0189072 0.082236 0.273 3081.91 2
-0.016644 0.0825595 0.273 2984.72 2
-0.0137972 0.0824092 0.274037 2785.44 2
-0.0119894 0.0825669 0.275 2682.4 2
-0.0606503 0.0855543 0.275 1866.2 2
-0.0587152 0.085464 0.273588 2001.53 2
-0.0569493 0.0864149 0.273 2119 2
-0.0157549 0.0855252 0.273 2939.7 2
-0.0136443 0.0853058 0.27387 2786.09 2
-0.0119894 0.0855543 0.275 2721.4 2
-0.0606503 0.0885417 0.275 1816 2
-0.0585392 0.0883553 0.2735 1967.75 2
-0.0564643 0.0885987 0.273 2119.55 2
-0.013789 0.0883151 0.273889 2646.19 2
-0.0115914 0.08894 0.275 1954.44 2
-0.0606504 0.0909316 0.275 1744 2
-0.0585751 0.0915655 0.274 1855.24 2
-0.0557316 0.0914354 0.273083 2082.75 2
-0.0536893 0.0920497 0.273 2221 2
-0.0132594 0.0912371 0.2735 980.6 2
-0.011124 0.091519 0.274714 564.952 2
-0.0608494 0.0947156 0.275 1376.92 2
-0.0584779 0.0947373 0.274296 1623 2
-0.0555497 0.0945602 0.2734 1849.25 2
-0.0533506 0.0943375 0.273 2006.07 2
-0.0131029 0.0945375 0.273333 521.867 2
-0.0112391 0.0945904 0.274706 510.588 2
-0.0611361 0.0964314 0.2745 629.875 2
-0.0585177 0.0968091 0.274 824.143 2
-0.0557638 0.0964982 0.273 1193.7 2
-0.012495 0.0970913 0.273 513.75 2
-0.0105536 0.0973814 0.273933 494.133 2
-0.00797634 0.0981712 0.274706 468.647 2
-0.0101241 0.0996122 0.273 476.125 2
-0.00748998 0.100356 0.273852 442.185 2
-0.00456885 0.100635 0.273933 396.367 2
-0.0068641 0.102429 0.273 419.75 2
-0.0044932 0.102429 0.273 392.667 2
-0.00933648 -0.00198345 0.276 1278 2
-0.008138 -0.000784143 0.276 870 2
-0.008138 0.00041516 0.276 981 2
-0.00933648 0.00791079 0.276 1512 2
-0.00771848 0.00756826 0.277125 1115.5 2
-0.00933648 0.0103094 0.276 1546 2
-0.00773323 0.0101444 0.277625 1196.75 2
-0.00933648 0.0133076 0.276 1678.2 2
-0.00933648 0.0163059 0.276 1732.6 2
-0.00933648 0.0193042 0.276 1776.6 2
-0.00819697 0.020048 0.278 1582.83 2
-0.00933648 0.0223024 0.276 1832.1 2
-0.00819697 0.022464 0.278 1636 2
-0.00933648 0.0253007 0.276 1873.6 2
-0.00819697 0.025484 0.278 1687.3 2
-0.00933648 0.0282989 0.276 1899.6 2
-0.00819697 0.028504 0.278 1715.8 2
-0.00933648 0.0312972 0.276 1968 2
-0.00819697 0.031524 0.278 1796.9 2
-0.00933648 0.0342954 0.276 2030.9 2
-0.00819697 0.0345439 0.278 1853.4 2
-0.078514 0.0378659 0.278 656.5 2
-0.0779105 0.0378659 0.278 840.5 2
-0.00935677 0.037376 0.2766 2097.3 2
-0.00819697 0.0366579 0.278 1883.25 2
-0.0782316 0.0413406 0.277 430.5 2
-0.0768441 0.0412412 0.276333 804.833 2
-0.00956441 0.0406135 0.276833 2165.83 2
-0.00995263 0.0433686 0.2765 2221.5 2
-0.0763361 0.0467008 0.276667 697.75 2
-0.074953 0.0465882 0.276 1016.5 2
-0.00995263 0.0463723 0.2765 2278.6 2
-0.00819697 0.0472279 0.278 2027.33 2
-0.076213 0.0487257 0.276222 548.556 2
-0.074953 0.048687 0.276 915.333 2
-0.00980705 0.0494732 0.276625 2300 2
-0.00819697 0.0496438 0.278 2069.9 2
-0.00995263 0.0523796 0.2765 2296.35 2
-0.00819697 0.0526638 0.278 2099.5 2
-0.00995263 0.0553833 0.2765 2366.7 2
-0.00819697 0.0556838 0.278 2172.3 2
-0.0737426 0.0589529 0.276333 770.667 2
-0.00995263 0.058387 0.2765 2427.45 2
-0.00819697 0.0587038 0.278 2210.7 2
-0.0730127 0.0617152 0.277571 897.786 2
-0.0710374 0.0619909 0.2765 1199.75 2
-0.00995939 0.0614353 0.2767 2408.3 2
-0.0730297 0.0646976 0.2778 805.2 2
-0.0709471 0.06445 0.276733 1167.4 2
-0.00995263 0.0643944 0.2765 2477.7 2
-0.0724782 0.0668577 0.278 895.5 2
-0.070538 0.0675413 0.277222 1159.78 2
-0.068661 0.0674761 0.276 1367.33 2
-0.012033 0.0684755 0.276 2660 2
-0.0100365 0.0675433 0.276857 2464.81 2
-0.0701207 0.0707645 0.277625 1131.88 2
-0.0680618 0.0702745 0.276 1374 2
-0.0122898 0.0706171 0.276 2680 2
-0.0103536 0.0704573 0.27713 2512.13 2
-0.0697621 0.0728977 0.278 1146.5 2
-0.0676891 0.0735095 0.276571 1380.14 2
-0.0125535 0.0732163 0.276308 2686.31 2
-0.0109345 0.0734555 0.277385 2581.38 2
-0.0673439 0.076216 0.2774 1382.4 2
-0.0649395 0.0768376 0.276273 1644.91 2
-0.0629682 0.0774703 0.276 1867 2
-0.0123545 0.0764091 0.2765 2699.4 2
-0.0108993 0.0763289 0.277667 2595.33 2
-0.0668652 0.0789023 0.277875 1406.5 2
-0.0646046 0.0794331 0.276789 1636.63 2
-0.0629682 0.0792692 0.276 1814.4 2
-0.0122473 0.0783641 0.276333 2716.67 2
-0.0108422 0.079376 0.277118 2601.76 2
-0.0664424 0.0810516 0.278 1467 2
-0.0643191 0.0825462 0.277412 1621.35 2
-0.0625188 0.0824174 0.276 1767.25 2
-0.0102777 0.0823835 0.2772 2542.28 2
-0.0641355 0.0853093 0.277444 1578.11 2
-0.0620694 0.0852657 0.276 1779.2 2
-0.0102761 0.0853823 0.27716 2530.6 2
-0.0634971 0.0885838 0.277 1545.7 2
-0.0620694 0.088264 0.276 1704.1 2
-0.0101134 0.0882268 0.27664 2012.48 2
-0.0076754 0.0890299 0.277857 885.929 2
-0.0637263 0.0916216 0.278 1513.62 2
-0.0619446 0.0915727 0.276333 1650.08 2
-0.00941819 0.0911532 0.276 518.182 2
-0.00733475 0.091434 0.27696 459.96 2
-0.00548086 0.0919235 0.278 435 2
-0.063901 0.0944762 0.277667 1268.25 2
-0.0620266 0.0942177 0.276 1402.29 2
-0.0095439 0.0943989 0.276 495.692 2
-0.00720365 0.0943475 0.276462 463.538 2
-0.00460008 0.0948099 0.2777 428.15 2
-0.00216117 0.0952455 0.278 394.75 2
-0.0643584 0.0963073 0.2765 440.75 2
-0.0629682 0.0963593 0.276 599 2
-0.0092366 0.0962593 0.276 489 2
-0.00695715 0.096906 0.276 455.118 2
-0.00418753 0.0974113 0.276815 417.111 2
-0.00215469 0.0973679 0.277167 388.667 2
-0.00604067 0.0990577 0.276 442 2
-0.00384616 0.0995372 0.276222 395.222 2
-0.00215339 0.0994166 0.277 277.5 2
-0.00701495 0.0113307 0.279 1044.25 2
-0.00733463 0.0134879 0.27972 1167.44 2
-0.00554001 0.0135487 0.281 380.2 2
-0.00765635 0.0164004 0.279667 1358.6 2
-0.00554001 0.0168048 0.281 641 2
-0.0070431 0.0193581 0.279526 1286.89 2
-0.00552424 0.0195957 0.2802 813.2 2
-0.00672462 0.0225891 0.279533 1339.13 2
-0.00512013 0.0230601 0.280333 842.222 2
-0.00674343 0.0256979 0.280333 1417.53 2
-0.00492991 0.025759 0.281 874.867 2
-0.00678581 0.0286511 0.280286 1484.71 2
-0.00492991 0.0285063 0.281 1014.92 2
-0.00674343 0.031585 0.280333 1577.07 2
-0.00492991 0.0312536 0.281 1161.33 2
-0.00674343 0.0343258 0.280333 1598 2
-0.00508244 0.0336957 0.281 1247.38 2
-0.00749127 0.0376646 0.279875 1787.69 2
-0.078775 0.0399633 0.28 644.5 2
-0.00764585 0.0405706 0.28 1836.15 2
-0.00764333 0.0435964 0.2799 1874.85 2
-0.00737906 0.046217 0.279714 1894.14 2
-0.00672667 0.0493338 0.279667 1844.53 2
-0.00554001 0.049569 0.281 1655.2 2
-0.00672667 0.0523719 0.279667 1879.73 2
-0.00554001 0.0526216 0.281 1708.6 2
-0.00677144 0.0553329 0.279714 1955 2
-0.00554001 0.0553689 0.281 1764.75 2
-0.0070401 0.0585178 0.28 2018.8 2
-0.075162 0.0613396 0.279 472 2
-0.0745562 0.0613396 0.279 664.4 2
-0.00749278 0.0616382 0.279632 2130.37 2
-0.00554001 0.0623898 0.281 1861 2
-0.00743982 0.0643717 0.279696 2142.17 2
-0.00554001 0.0636109 0.281 1885 2
-0.0733318 0.067988 0.279333 710.667 2
-0.00770198 0.0674006 0.279556 2175.89 2
-0.0731207 0.0704377 0.279556 668 2
-0.0712246 0.0707352 0.279 1038.25 2
-0.00765764 0.0704807 0.2804 2212.8 2
-0.0728904 0.0736196 0.28075 663.25 2
-0.0709058 0.074057 0.279333 990.917 2
-0.00943795 0.073463 0.279 2405.1 2
-0.00766059 0.0735527 0.2805 2231.15 2
-0.0725893 0.0764316 0.281 646.6 2
-0.0703042 0.0767875 0.279941 1051.53 2
-0.0684987 0.0771 0.279 1268.33 2
-0.00943795 0.0764938 0.279 2444.2 2
-0.00766059 0.0765998 0.2805 2254.05 2
-0.0724063 0.0786295 0.281 586 2
-0.0703879 0.0795306 0.280733 1008.2 2
-0.0680517 0.0798807 0.2794 1282.1 2
-0.00943795 0.0795247 0.279 2456 2
-0.00759444 0.0794937 0.280556 2273 2
-0.0695998 0.0822316 0.281 1063 2
-0.0674581 0.0825795 0.2797 1285.15 2
-0.00771203 0.0825152 0.280364 2285.27 2
-0.0673467 0.0854884 0.280222 1263.72 2
-0.0651671 0.0867987 0.279 1441.5 2
-0.00744419 0.0855877 0.27987 2213.91 2
-0.00554001 0.0861999 0.281 1906 2
-0.0671632 0.0885211 0.280375 1201.06 2
-0.0651671 0.0886172 0.279 1409.8 2
-0.0069961 0.0880764 0.279813 1487.62 2
-0.00465146 0.0889584 0.280611 564.222 2
-0.0021845 0.0895577 0.281 399.75 2
-0.0667592 0.0915653 0.2806 1201 2
-0.0652254 0.0914276 0.27925 1357.88 2
-0.00610633 0.0907388 0.279 434.5 2
-0.00411208 0.0915234 0.279692 419.962 2
-0.00217931 0.091779 0.280333 391 2
-0.0670999 0.0951191 0.28075 826.062 2
-0.0654006 0.0944099 0.28 1231.1 2
-0.00368332 0.0939212 0.279 417.75 2
-0.00216894 0.0940727 0.279 396 2
-0.0663785 0.0964974 0.279 316.5 2
-0.00690671 0.0168442 0.282 1172 2
-0.00555972 0.0163541 0.282 605.5 2
-0.00617199 0.0356537 0.282 1505 2
-0.00447394 0.0352733 0.282222 1131.11 2
-0.00617199 0.0374917 0.282 1577.4 2
-0.00434724 0.0376096 0.28288 1164.24 2
-0.00618949 0.0406711 0.2828 1593.6 2
-0.00481023 0.0404564 0.2836 1361.4 2
-0.00618949 0.0437415 0.2828 1660.8 2
-0.0050839 0.0436188 0.283455 1480.91 2
-0.00617199 0.046682 0.282 1711.2 2
-0.00507374 0.0468321 0.282909 1528 2
-0.00416944 0.0496665 0.2833 1463.3 2
-0.00404323 0.0524039 0.283125 1476.25 2
-0.00465778 0.0554556 0.283 1605.4 2
-0.00617199 0.0583231 0.282 1898.2 2
-0.0049694 0.0585988 0.283333 1719.73 2
-0.00617199 0.0610802 0.282 1953 2
-0.00492018 0.0615157 0.283 1767.21 2
-0.00617199 0.065369 0.282 1999.5 2
-0.00480811 0.0647935 0.282833 1810.5 2
-0.00617199 0.0675134 0.282 1975.4 2
-0.00501481 0.0676182 0.283231 1860.38 2
-0.00617199 0.0705768 0.282 1984.6 2
-0.0049694 0.0704991 0.283333 1847.4 2
-0.00617199 0.0736402 0.282 2069.6 2
-0.0049694 0.073577 0.283333 1929.13 2
-0.0732149 0.0770101 0.282 513.5 2
-0.00617199 0.0767037 0.282 2118.2 2
-0.0049694 0.076655 0.283333 1938.4 2
-0.0722966 0.0806862 0.282 613 2
-0.0716843 0.0806862 0.282 780.5 2
-0.00617199 0.0797671 0.282 2120.6 2
-0.0049694 0.0797329 0.283333 2000.33 2
-0.0725269 0.08281 0.2835 572 2
-0.0711008 0.0825777 0.2826 859.3 2
-0.00617199 0.0825242 0.282 2168.25 2
-0.00492018 0.082596 0.283 1994.93 2
-0.072501 0.084652 0.284 489.5 2
-0.0703361 0.0854471 0.283 936.667 2
-0.00617199 0.0846686 0.282 2136.67 2
-0.00418004 0.085422 0.2832 1729.84 2
-0.00220393 0.0860418 0.2835 884.875 2
-0.0725529 0.0877357 0.283 162.5 2
-0.0706242 0.0884787 0.283167 781.125 2
-0.0683168 0.088651 0.282 1087.75 2
-0.00382497 0.0878341 0.282 745.833 2
-0.00219227 0.0880384 0.282 378 2
-0.0701872 0.0914209 0.28275 688.438 2
-0.0683168 0.0917144 0.282 1019.25 2
-0.0700346 0.0948331 0.284 513.25 2
-0.068438 0.0943311 0.2825 869.25 2
-0.00345314 0.0409866 0.285 1059.83 2
-0.00222337 0.0411304 0.286 428.5 2
-0.00381366 0.0434627 0.285571 1214.57 2
-0.00222337 0.0436159 0.286 654.7 2
-0.0038102 0.0463398 0.285286 1312.29 2
-0.00222181 0.0466892 0.2858 864.1 2
-0.00345314 0.048417 0.285 1299 2
-0.0020099 0.0497881 0.285167 903.333 2
-0.00345314 0.0539899 0.285 1415 2
-0.00152996 0.0523715 0.285556 820.333 2
-0.00345618 0.0555874 0.28525 1434 2
-0.00167227 0.055306 0.286111 988.056 2
-0.00346527 0.058529 0.286 1502.1 2
-0.00223114 0.0587336 0.287 1273.4 2
-0.00346042 0.0615483 0.2856 1534.2 2
-0.00223114 0.0615396 0.287 1336.25 2
-0.00345314 0.0645164 0.285 1595.8 2
-0.00223114 0.0643456 0.287 1404 2
-0.00346223 0.0674807 0.28575 1642 2
-0.00223114 0.066528 0.287 1411.75 2
-0.00346527 0.0703351 0.286 1668 2
-0.00346527 0.073442 0.286 1735.5 2
-0.00346527 0.0765489 0.286 1783.5 2
-0.00346527 0.0796558 0.286 1830.8 2
-0.00223114 0.0805579 0.287 1664 2
-0.00345315 0.0824733 0.285 1836.4 2
-0.00165985 0.0825855 0.286529 1520.24 2
0.000572904 0.0836756 0.287 670 2
-0.0727563 0.0864981 0.285 450.75 2
-0.00122349 0.0847495 0.285316 1050.42 2
0.000570243 0.0845267 0.285667 350.333 2
-0.0727563 0.0874269 0.285 413.5 2
-0.000988326 0.0583125 0.288 914.4 2
-0.0011171 0.0616632 0.288177 1044.06 2
0.000576897 0.0622824 0.289 416.667 2
-0.000676311 0.064369 0.2885 1034.08 2
0.000576897 0.0644801 0.289 533.5 2
-0.001124 0.0675965 0.288714 1206.81 2
0.000576897 0.0673055 0.289 724.4 2
-0.00122188 0.0705862 0.28913 1293.3 2
0.000578893 0.0706888 0.29 882.6 2
-0.00168615 0.0734162 0.288889 1451.06 2
-0.00161705 0.0764089 0.289 1459.15 2
-0.00154796 0.0794051 0.289111 1522.89 2
-0.00056332 0.0819795 0.288818 1402.91 2
0.00109219 0.0821338 0.289364 795.273 2
-5.09157e-05 0.0737776 0.291 1185 2
0.00125932 0.0736249 0.291286 721.429 2
-5.10907e-05 0.0765688 0.292 1208.25 2
0.00121686 0.0765688 0.292 864 2
-5.09857e-05 0.0792591 0.2914 1253.2 2
0.00121576 0.079332 0.291667 936.933 2
-5.09157e-05 0.0810484 0.291 1319 2
0.00121269 0.0810484 0.291 910.667 2
