0.107346 0.0625936 0.176 1957 2
0.109746 0.062161 0.17505 2468.05 2
0.111633 0.0616061 0.174 1970.69 2
0.107401 0.0634403 0.176 2684.57 2
0.10897 0.0635974 0.176 1686.62 2
0.106995 0.062757 0.177 708 2
0.104048 0.0650987 0.178923 1859.73 2
0.10624 0.06431 0.178024 2174.32 2
0.103929 0.0665774 0.179 1272.67 2
0.10558 0.066383 0.179 707.75 2
0.101383 0.0657761 0.18 475.25 2
0.102751 0.0657761 0.18 1468.33 2
0.100818 0.0676062 0.181078 1925.55 2
0.102775 0.0670226 0.18 1814.75 2
0.100731 0.0692749 0.182 993.571 2
0.0986624 0.0685422 0.183 930.2 2
0.0994968 0.0686615 0.183 1743.5 2
0.0949938 0.0709146 0.183 1736.21 2
0.0979087 0.0703665 0.183818 1754.75 2
0.0994968 0.0698543 0.183 1733.38 2
0.0968445 0.072035 0.184 1246 2
-0.139042 -0.0305205 0.197 814.4 2
-0.135407 -0.0305205 0.197 1767.5 2
-0.133971 -0.0307039 0.197 1855.43 2
-0.141888 -0.0284957 0.197 1462.65 2
-0.13947 -0.0285944 0.197 1873.92 2
-0.136243 -0.0288863 0.197 2695.95 2
-0.133399 -0.0291329 0.197 2880.77 2
-0.141395 -0.0268824 0.197 1805.5 2
-0.139722 -0.0265048 0.197 2029.94 2
-0.132237 -0.033401 0.1986 774.4 2
-0.130517 -0.0334441 0.199 931.364 2
-0.12734 -0.0335898 0.199 1135.18 2
-0.125136 -0.0335621 0.199 1288.27 2
-0.138244 -0.0304603 0.198 1444.5 2
-0.137202 -0.0310229 0.198 1192.31 2
-0.132785 -0.0313866 0.198111 1724.15 2
-0.13025 -0.0313359 0.198396 2354.06 2
-0.127474 -0.0314485 0.199078 3115.25 2
-0.125027 -0.0315405 0.1994 3447.09 2
-0.143187 -0.027234 0.198 1409.5 2
-0.138244 -0.0283955 0.198 2438 2
-0.136353 -0.0277902 0.198 2845.97 2
-0.133107 -0.0278786 0.198094 3077.38 2
-0.130417 -0.0283704 0.198885 3483.57 2
-0.127918 -0.028978 0.199647 3782.76 2
-0.125745 -0.0296817 0.2 3834 2
-0.142239 -0.0252209 0.198 1675.49 2
-0.139194 -0.0251276 0.198045 2188.07 2
-0.13646 -0.0253614 0.198684 2793.46 2
-0.133391 -0.0254786 0.199424 3120.59 2
-0.130573 -0.0259267 0.199892 3511.11 2
-0.12835 -0.0268573 0.2 3757 2
-0.142435 -0.0222974 0.198545 1553.93 2
-0.139408 -0.0223384 0.198903 2065.97 2
-0.136568 -0.0227778 0.199745 2663.04 2
-0.133601 -0.0231074 0.2 3166.56 2
-0.144416 -0.0205566 0.2 1283 2
-0.142362 -0.0198881 0.2 1606.12 2
-0.139412 -0.0196444 0.199796 2035.02 2
-0.137686 -0.0196875 0.2 2295.83 2
-0.138989 -0.0177321 0.2 2006 2
-0.135774 -0.0334895 0.202 719.25 2
-0.135774 -0.0326118 0.202 945.5 2
-0.125282 -0.0300485 0.201 3838.33 2
-0.127112 -0.0282008 0.201 3834.27 2
-0.125391 -0.0288475 0.201 3839.92 2
-0.129995 -0.0250264 0.201 3592.1 2
-0.127382 -0.0255691 0.201204 3787.74 2
-0.125533 -0.0254037 0.201737 3788.16 2
-0.136192 -0.0215328 0.201 2777.1 2
-0.133202 -0.0221069 0.201 3261.19 2
-0.130562 -0.022611 0.20112 3559.44 2
-0.127412 -0.0225368 0.201925 3768.12 2
-0.12547 -0.0229771 0.202833 3840 2
-0.144895 -0.0186955 0.201385 1251.08 2
-0.142778 -0.0186148 0.201 1574.18 2
-0.139683 -0.0182575 0.201 2045.5 2
-0.136618 -0.0195251 0.201098 2561.73 2
-0.133476 -0.0195522 0.201346 3126.85 2
-0.130552 -0.0196772 0.201962 3563.21 2
-0.127931 -0.0197544 0.202512 3742.19 2
-0.145487 -0.0165286 0.202615 1218.23 2
-0.142627 -0.0165677 0.202 1640.56 2
-0.139573 -0.0164733 0.201609 2049 2
-0.136505 -0.0166372 0.201895 2510.75 2
-0.133386 -0.0166421 0.202415 3083.42 2
-0.130576 -0.0168614 0.202955 3512.43 2
-0.128092 -0.0170559 0.203 3689.82 2
-0.141587 -0.0143962 0.203 1820.5 2
-0.139474 -0.0136758 0.203 2078.17 2
-0.136654 -0.0137012 0.202792 2459.46 2
-0.133954 -0.0141474 0.203 2923.54 2
-0.131818 -0.0146903 0.203 3314.5 2
-0.13887 -0.0118235 0.203 2036.33 2
-0.137327 -0.0118235 0.203 2288.25 2
-0.126266 -0.0214109 0.204 3840 2
-0.125254 -0.0221707 0.204 3840 2
-0.126709 -0.0194164 0.204 3826.33 2
-0.124827 -0.0192318 0.204 3733.39 2
-0.130443 -0.0155541 0.204 3596.86 2
-0.127211 -0.0163878 0.204 3780.5 2
-0.124764 -0.0163071 0.204625 3830.46 2
-0.147415 -0.0136834 0.204462 966.231 2
-0.145555 -0.0136247 0.204467 1312.22 2
-0.142769 -0.0133919 0.204 1680.59 2
-0.140662 -0.0123249 0.204 1887.5 2
-0.136011 -0.0123249 0.204 2631 2
-0.133207 -0.013209 0.204176 3143.91 2
-0.13047 -0.0136335 0.204163 3512.93 2
-0.127558 -0.0136687 0.204473 3726.13 2
-0.125067 -0.0137486 0.205421 3828.87 2
-0.147582 -0.0106038 0.205 964.357 2
-0.145796 -0.0105603 0.205 1208.27 2
-0.1425 -0.0105933 0.204 1587 2
-0.139604 -0.0104009 0.204 1992.36 2
-0.136485 -0.0104657 0.204545 2520.73 2
-0.13362 -0.0106393 0.2052 3024.68 2
-0.130449 -0.0106132 0.205204 3472 2
-0.12753 -0.0106975 0.205647 3707.06 2
-0.125582 -0.0114314 0.205875 3817.25 2
-0.147898 -0.00751204 0.20575 824.688 2
-0.145518 -0.0077198 0.205333 1144.71 2
-0.142369 -0.00761534 0.205163 1584.51 2
-0.139349 -0.0075151 0.205042 1985.69 2
-0.136261 -0.0074656 0.20518 2480.66 2
-0.133712 -0.0075458 0.205875 2951.29 2
-0.130757 -0.00764459 0.206 3366.43 2
-0.128309 -0.00846242 0.206 3658 2
-0.142008 -0.00554046 0.206 1613.29 2
-0.1393 -0.00500034 0.205833 1956.83 2
-0.136473 -0.00446126 0.205896 2365.58 2
-0.13368 -0.00494042 0.206 2861.92 2
-0.131306 -0.00573227 0.206 3244 2
-0.108034 -0.0373745 0.209 3827 2
-0.107387 -0.0378579 0.208333 3525 2
-0.141914 -0.0341077 0.208 651.167 2
-0.14071 -0.0340323 0.208 761 2
-0.142967 -0.0329026 0.208 908 2
-0.124085 -0.0127202 0.2072 3840 2
-0.122667 -0.0126077 0.20775 3840 2
-0.12655 -0.00958287 0.207 3815.75 2
-0.124751 -0.0105196 0.20775 3837.79 2
-0.122645 -0.0114368 0.208 3840 2
-0.148348 -0.00620983 0.207 828.8 2
-0.145651 -0.00620983 0.207 1256.14 2
-0.129575 -0.00676335 0.207 3576.85 2
-0.127176 -0.00746615 0.207737 3743.16 2
-0.124803 -0.0077652 0.208772 3839.91 2
-0.150461 -0.00377237 0.209 555.375 2
-0.14858 -0.00439679 0.208442 837 2
-0.145486 -0.00447025 0.207829 1239.2 2
-0.142622 -0.00412743 0.207357 1573 2
-0.140033 -0.00373627 0.207 1915.88 2
-0.135539 -0.00328653 0.207 2581.75 2
-0.133136 -0.00384005 0.207 2974.19 2
-0.130408 -0.00434301 0.207453 3407.34 2
-0.127485 -0.00446538 0.208474 3671.93 2
-0.125417 -0.00487265 0.209 3811.77 2
-0.14842 -0.00195604 0.209 775.036 2
-0.145697 -0.00150195 0.209 1164.33 2
-0.142516 -0.00149477 0.208 1541.78 2
-0.13937 -0.00144227 0.207474 1953.95 2
-0.1365 -0.00144204 0.207474 2412.34 2
-0.13346 -0.00157163 0.207455 2865.75 2
-0.130551 -0.00145407 0.208136 3293.05 2
-0.127717 -0.00158366 0.208909 3613.11 2
-0.125731 -0.00195604 0.209 3764.25 2
-0.144676 0.00054142 0.209 1199.62 2
-0.142493 0.00127561 0.208765 1462 2
-0.139464 0.00125432 0.20835 1863.47 2
-0.136611 0.00144004 0.208686 2357.53 2
-0.133393 0.00137525 0.208721 2805.07 2
-0.130616 0.00128426 0.208864 3231.73 2
-0.128378 0.000617101 0.209 3516.5 2
-0.138664 0.00326592 0.209 1930 2
-0.136622 0.00326592 0.209 2270.43 2
-0.132538 0.00326592 0.209 2844 2
-0.130949 0.00326592 0.209 3116.5 2
-0.10624 -0.0402527 0.211412 1933.56 2
-0.104598 -0.0398302 0.212 2922.5 2
-0.108152 -0.0368153 0.211 3840 2
-0.106501 -0.0375361 0.21104 3802.7 2
-0.104445 -0.0376807 0.212 3833.83 2
-0.144342 -0.0343596 0.21 603.25 2
-0.106424 -0.035782 0.211667 3608 2
-0.104752 -0.0358383 0.212 3840 2
-0.12381 -0.00699942 0.21 3722.4 2
-0.121806 -0.0066909 0.21 3840 2
-0.12435 -0.00434748 0.21 3826.05 2
-0.121395 -0.00443245 0.210444 3839.89 2
-0.148446 -0.000596629 0.21 816.625 2
-0.126561 -0.000596629 0.21 3742.25 2
-0.124509 -0.00150914 0.21 3819.38 2
-0.12193 -0.00151393 0.210667 3811.64 2
-0.148483 0.00159656 0.210707 732.585 2
-0.14583 0.00169593 0.21016 1113.08 2
-0.142519 0.00282529 0.21 1498 2
-0.140467 0.00282529 0.21 1772.33 2
-0.135451 0.00282529 0.21 2571 2
-0.13454 0.00282529 0.21 2655.67 2
-0.129524 0.0024831 0.21 3380.25 2
-0.127332 0.00168834 0.210318 3638.5 2
-0.124472 0.00138208 0.210667 3804.31 2
-0.121467 0.00145838 0.211346 3828.27 2
-0.119711 0.0017007 0.212 3840 2
-0.14849 0.00438422 0.211788 673.697 2
-0.145537 0.00453656 0.211513 1154.78 2
-0.142494 0.00446085 0.211111 1544.89 2
-0.139631 0.00446809 0.210667 1895.23 2
-0.136541 0.00466109 0.210424 2368.36 2
-0.133612 0.00445052 0.210059 2731.26 2
-0.130433 0.00453609 0.210432 3189.39 2
-0.127527 0.00445476 0.211479 3581.96 2
-0.124601 0.00407815 0.211852 3746.41 2
-0.121966 0.00349704 0.212 3840 2
-0.141805 0.00630671 0.212 1622.33 2
-0.139285 0.00714262 0.21192 1991.4 2
-0.136446 0.00730785 0.211195 2361.49 2
-0.133544 0.00745599 0.211023 2714.91 2
-0.130617 0.00745342 0.21134 3105.64 2
-0.127975 0.00716229 0.211944 3441.06 2
-0.138122 0.00930061 0.212 2053 2
-0.136163 0.0101539 0.211952 2318.1 2
-0.133382 0.0104568 0.2116 2643.3 2
-0.130846 0.0101728 0.211903 2972.45 2
-0.128686 0.00930061 0.212 3340.5 2
-0.135591 0.0120642 0.212 2285 2
-0.133397 0.0124327 0.212 2542.6 2
-0.131448 0.0120642 0.212 2818 2
-0.10574 -0.0426857 0.214 835 2
-0.103352 -0.0429096 0.214286 789.714 2
-0.10574 -0.0417558 0.214 811 2
-0.10328 -0.040629 0.213778 2805.53 2
-0.101611 -0.0393916 0.2148 3591.2 2
-0.14548 -0.0360074 0.213 549 2
-0.103148 -0.0373194 0.213302 3776.51 2
-0.101649 -0.0375346 0.214632 3635.68 2
-0.14548 -0.0350818 0.213 607.5 2
-0.105682 -0.0344583 0.21313 3840 2
-0.103242 -0.0344214 0.213863 3811.2 2
-0.105674 -0.0315075 0.21464 3707.88 2
-0.103977 -0.0318065 0.21464 3838.08 2
-0.106001 -0.0295723 0.215 3840 2
-0.120507 0.00286565 0.213 3840 2
-0.119582 0.00286565 0.213 3840 2
-0.124181 0.00520523 0.213 3756.44 2
-0.121265 0.00472247 0.213235 3838.88 2
-0.118858 0.0047098 0.213938 3840 2
-0.148104 0.00729413 0.213118 707.176 2
-0.145501 0.00746258 0.213073 1136.05 2
-0.142592 0.00779004 0.213 1550.15 2
-0.140161 0.00853463 0.213 1904 2
-0.126939 0.00787202 0.213 3564.5 2
-0.124382 0.00750446 0.213304 3701.32 2
-0.121451 0.00762574 0.214152 3814.07 2
-0.118706 0.00734525 0.214702 3840 2
-0.116387 0.00662951 0.215 3840 2
-0.147924 0.0103388 0.2144 690.15 2
-0.14544 0.0105106 0.214265 1127 2
-0.142493 0.0104837 0.213917 1519.92 2
-0.139581 0.0105609 0.213379 1900 2
-0.137386 0.0111956 0.213 2188.44 2
-0.129807 0.0109899 0.213 3145.94 2
-0.127448 0.0105371 0.213081 3431.19 2
-0.124518 0.0105069 0.213596 3647.45 2
-0.121527 0.010563 0.214745 3791 2
-0.119338 0.0100995 0.215 3840 2
-0.144945 0.0124351 0.215 1127.57 2
-0.142578 0.0133968 0.2149 1445.97 2
-0.139561 0.0136228 0.213943 1772.77 2
-0.136448 0.0135354 0.213049 2202.66 2
-0.133323 0.0140053 0.213 2603 2
-0.130557 0.0135973 0.213556 3016.8 2
-0.127478 0.013565 0.214022 3392.35 2
-0.12454 0.0133248 0.214512 3633 2
-0.121868 0.013135 0.214966 3728.38 2
-0.141764 0.0156126 0.215 1444.77 2
-0.139296 0.0166634 0.214875 1799.94 2
-0.136413 0.016606 0.214133 2150.13 2
-0.133571 0.0165307 0.21379 2537.08 2
-0.130623 0.0166522 0.214182 2940.64 2
-0.127479 0.0164695 0.214745 3334.23 2
-0.124818 0.0155924 0.215 3557.25 2
-0.122572 0.0150377 0.215 3687.5 2
-0.136389 0.0189147 0.215 2119.05 2
-0.133609 0.0191725 0.214875 2488.09 2
-0.130593 0.0189445 0.215 2900.41 2
-0.128274 0.0185077 0.215 3161 2
-0.102628 -0.0437588 0.217 1015.88 2
-0.100601 -0.0430988 0.217351 1813.08 2
-0.0987019 -0.0435696 0.218 1952.09 2
-0.102273 -0.0409727 0.216 3197.25 2
-0.100637 -0.0405349 0.217106 3276.19 2
-0.0989601 -0.0406417 0.218 3113.8 2
-0.102273 -0.0360452 0.216 3647 2
-0.100678 -0.0374316 0.216923 3499.72 2
-0.102273 -0.0344027 0.216 3717.17 2
-0.101274 -0.0345616 0.217176 3634.18 2
-0.102909 -0.0313367 0.216865 3773.54 2
-0.101454 -0.0319498 0.217733 3668.07 2
-0.105507 -0.02866 0.216 3840 2
-0.103599 -0.0285554 0.21702 3828.2 2
-0.1018 -0.0288008 0.218 3747.5 2
-0.105154 -0.0256538 0.216 3583.14 2
-0.103387 -0.0255637 0.216939 3828.16 2
-0.1018 -0.0254853 0.218 3749.57 2
-0.105634 -0.0215754 0.216 3840 2
-0.103419 -0.0225001 0.216873 3832.84 2
-0.1018 -0.0224067 0.218 3811 2
-0.105482 -0.0196391 0.216529 3840 2
-0.103918 -0.0196935 0.217484 3839.23 2
-0.105212 -0.0161798 0.217444 3840 2
-0.104164 -0.0165474 0.217615 3840 2
-0.105349 -0.0143549 0.218 3840 2
-0.10464 -0.0143549 0.218 3840 2
-0.107243 -0.00725028 0.218 3840 2
-0.117514 0.00830287 0.216 3840 2
-0.115821 0.00812846 0.216889 3840 2
-0.113065 0.00800083 0.218 3840 2
-0.148232 0.0118226 0.216 738.4 2
-0.120329 0.0118226 0.216 3822 2
-0.118313 0.0105916 0.216256 3840 2
-0.115586 0.0104484 0.217535 3840 2
-0.113254 0.0101322 0.218 3840 2
-0.148323 0.0135608 0.216618 651.559 2
-0.145626 0.0137065 0.2161 1073 2
-0.120768 0.013837 0.216048 3787.14 2
-0.118555 0.0135133 0.216762 3830.29 2
-0.115831 0.0135234 0.217833 3840 2
-0.113633 0.0124057 0.218 3840 2
-0.147952 0.0162381 0.217823 712.588 2
-0.145474 0.0163633 0.216963 1049.19 2
-0.142613 0.0169663 0.216048 1395.67 2
-0.126425 0.0176887 0.216 3415.5 2
-0.124418 0.0168536 0.216036 3596.29 2
-0.121484 0.0163193 0.2165 3733.72 2
-0.118526 0.016389 0.217429 3816.24 2
-0.116193 0.0161517 0.218 3832.77 2
-0.147238 0.0180893 0.218 777 2
-0.145236 0.0187815 0.2176 1040.6 2
-0.142599 0.0196007 0.217 1334.21 2
-0.139677 0.0195836 0.216188 1704.84 2
-0.137133 0.020348 0.216 2034.58 2
-0.13346 0.0205044 0.216 2539.42 2
-0.130104 0.0202744 0.216048 2927.76 2
-0.127248 0.0196837 0.216378 3238.22 2
-0.124354 0.019523 0.217098 3520.04 2
-0.12144 0.0194263 0.217739 3654.96 2
-0.11865 0.0194392 0.218 3741.62 2
-0.116709 0.0183261 0.218 3775 2
-0.141842 0.0224941 0.218 1335.65 2
-0.139395 0.0225209 0.217333 1637.83 2
-0.136438 0.0225026 0.216838 1997.19 2
-0.133593 0.0224996 0.217 2430.82 2
-0.130472 0.0224283 0.216976 2795.57 2
-0.127567 0.0225435 0.21755 3119.07 2
-0.124567 0.0224926 0.217902 3362.66 2
-0.121442 0.0214048 0.218 3561.83 2
-0.119076 0.0214048 0.218 3670.5 2
-0.141085 0.0244834 0.218 1361.5 2
-0.139665 0.0244045 0.218 1557.11 2
-0.136859 0.0246526 0.218 1985.5 2
-0.133512 0.0247202 0.218 2437.57 2
-0.13029 0.0250846 0.218 2857.81 2
-0.127595 0.0252827 0.218 3059.81 2
-0.125142 0.0249695 0.218 3317.74 2
-0.127595 0.0270884 0.218 3016.5 2
-0.0993904 -0.0453164 0.22 783 2
-0.0978777 -0.0452381 0.220286 1203.86 2
-0.0993904 -0.0448384 0.22 1029 2
-0.0976238 -0.0432559 0.219838 2499.65 2
-0.0996519 -0.0394007 0.219 3242.5 2
-0.0979561 -0.0406576 0.219955 2973.61 2
-0.0995734 -0.0374771 0.2193 3330.2 2
-0.0981696 -0.0375869 0.220312 3079.94 2
-0.100013 -0.0343678 0.219437 3434.59 2
-0.0985502 -0.0346996 0.22075 3197.75 2
-0.100355 -0.0313173 0.219913 3553.72 2
-0.0986426 -0.0323181 0.221 3298.25 2
-0.102505 -0.0282192 0.219 3791.25 2
-0.100729 -0.0284404 0.2202 3646.08 2
-0.100581 -0.0254801 0.22 3650.44 2
-0.100617 -0.022557 0.22012 3700.42 2
-0.10268 -0.0193791 0.21925 3816.17 2
-0.101095 -0.0194983 0.220412 3735.41 2
-0.103 -0.0165051 0.219667 3833.19 2
-0.101245 -0.0167003 0.220833 3762 2
-0.105406 -0.0130999 0.2192 3840 2
-0.103456 -0.0135817 0.220174 3833.76 2
-0.105241 -0.0109017 0.22 3629.38 2
-0.103937 -0.010493 0.220588 3838.03 2
-0.106021 -0.00715213 0.219184 3840 2
-0.103932 -0.00738613 0.220452 3840 2
-0.106155 -0.00444119 0.219667 3840 2
-0.10394 -0.0044591 0.220533 3840 2
-0.108466 -0.00062504 0.22 3840 2
-0.106404 -0.00154035 0.2205 3783.75 2
-0.104081 -0.0022284 0.221 3839.75 2
-0.109273 0.00159181 0.22 3840 2
-0.106599 0.00152974 0.220589 3840 2
-0.104401 0.00249313 0.221 3840 2
-0.111539 0.00556333 0.219 3840 2
-0.109611 0.00485223 0.219765 3747.44 2
-0.106639 0.00460238 0.220522 3840 2
-0.104401 0.00345344 0.221 3840 2
-0.112015 0.00746656 0.219 3840 2
-0.109719 0.00753831 0.219818 3840 2
-0.107613 0.00724028 0.2208 3840 2
-0.112214 0.0107604 0.219056 3840 2
-0.109671 0.0103359 0.220174 3840 2
-0.114392 0.01389 0.219 3840 2
-0.112406 0.0137013 0.219609 3840 2
-0.109901 0.0132214 0.22079 3840 2
-0.148864 0.0176965 0.219 536 2
-0.115006 0.0167975 0.219267 3831.9 2
-0.11273 0.0164736 0.22045 3837.73 2
-0.110638 0.0156974 0.221 3840 2
-0.148239 0.0191489 0.219 569.211 2
-0.146079 0.0200415 0.219 963.5 2
-0.117245 0.0198376 0.219 3770.38 2
-0.115345 0.0194432 0.219917 3776.19 2
-0.113517 0.0190585 0.221 3784.88 2
-0.14744 0.0220927 0.220111 639.111 2
-0.145829 0.0221097 0.2198 928.75 2
-0.143396 0.0231683 0.219 1154.38 2
-0.123392 0.0232023 0.219 3520.57 2
-0.121541 0.0229752 0.219129 3616.65 2
-0.118323 0.022641 0.219391 3724.85 2
-0.115628 0.0222259 0.2205 3797.35 2
-0.147345 0.0255406 0.221 450.714 2
-0.145662 0.0255354 0.220588 824.941 2
-0.142637 0.0258847 0.219833 1224.87 2
-0.139487 0.0259446 0.219333 1653.54 2
-0.136384 0.0260181 0.219043 2079.22 2
-0.133411 0.0262611 0.219 2458.89 2
-0.130855 0.0265585 0.219 2741.75 2
-0.127182 0.0267369 0.219 3094.8 2
-0.124109 0.0258568 0.2192 3473.37 2
-0.121624 0.0256648 0.220182 3592.23 2
-0.118525 0.0256032 0.220861 3692.3 2
-0.115916 0.0243402 0.221 3769 2
-0.145425 0.0281814 0.221 697.4 2
-0.142547 0.0276746 0.221 1248.22 2
-0.139118 0.0283819 0.220538 1654.04 2
-0.136394 0.0285806 0.220064 1998.61 2
-0.133441 0.0284327 0.219486 2394.57 2
-0.130602 0.0284662 0.219429 2699.83 2
-0.127461 0.0285064 0.21939 3030.12 2
-0.124376 0.0285085 0.219977 3305.36 2
-0.121834 0.0284737 0.220938 3512.34 2
-0.119035 0.0279413 0.221 3636.07 2
-0.138468 0.0303421 0.221 1753.5 2
-0.136165 0.0306302 0.221 2050.6 2
-0.133484 0.0312738 0.220792 2364.58 2
-0.130438 0.031459 0.220405 2610.45 2
-0.127413 0.0314733 0.220684 2993.18 2
-0.124644 0.0314033 0.220912 3205.59 2
-0.122442 0.0309183 0.221 3433.2 2
-0.132662 0.0337993 0.221 2343.2 2
-0.130833 0.0336467 0.221 2555.59 2
-0.127432 0.0332231 0.221 2906.5 2
-0.125753 0.0332231 0.221 3046 2
-0.0992521 -0.046627 0.224 794 2
-0.0969765 -0.0459426 0.223176 1650.24 2
-0.0958477 -0.045897 0.224 2028.5 2
-0.0966408 -0.0438854 0.22275 2440.75 2
-0.0958219 -0.04335 0.223 2447.92 2
-0.0968 -0.0403654 0.222571 2661.43 2
-0.0959199 -0.0416725 0.222667 2486.33 2
-0.096916 -0.037495 0.222462 2762.04 2
-0.0971992 -0.0343425 0.222781 2928.8 2
-0.0958477 -0.0344602 0.224 2727.6 2
-0.0993299 -0.0310174 0.222 3407.5 2
-0.0977209 -0.0314332 0.2229 3092.93 2
-0.0993299 -0.0286057 0.222 3452.17 2
-0.0982753 -0.0286073 0.223167 3256.53 2
-0.0993299 -0.0254706 0.222 3506 2
-0.098425 -0.0254159 0.223161 3353.61 2
-0.0995046 -0.0219366 0.222857 3570.79 2
-0.098594 -0.0229343 0.223143 3440.21 2
-0.0996857 -0.0195116 0.2228 3623.3 2
-0.0987658 -0.0196167 0.224 3510.67 2
-0.0998423 -0.0164866 0.222706 3661.21 2
-0.0987658 -0.0166966 0.224 3579.33 2
-0.102222 -0.0136536 0.222 3806 2
-0.100462 -0.0134971 0.222982 3707.65 2
-0.0987658 -0.0135332 0.224 3585.86 2
-0.102704 -0.0105184 0.222 3820.05 2
-0.100814 -0.0103978 0.223182 3744 2
-0.0987658 -0.0115865 0.224 3647 2
-0.102699 -0.00738996 0.2222 3834.85 2
-0.100998 -0.0075395 0.223444 3760.28 2
-0.102704 -0.00448934 0.222 3830.83 2
-0.101318 -0.00451361 0.2232 3766.1 2
-0.105114 -0.000630722 0.222 3840 2
-0.102996 -0.00139562 0.222526 3831.21 2
-0.101204 -0.00170478 0.2238 3776.05 2
-0.105114 0.000816259 0.222 3840 2
-0.103136 0.00139786 0.22248 3829.24 2
-0.101197 0.00131029 0.224 3790.5 2
-0.105252 0.00512276 0.222 3840 2
-0.103346 0.00457444 0.222958 3814.69 2
-0.101684 0.00398699 0.224 3774 2
-0.106144 0.0077859 0.22265 3837.77 2
-0.103989 0.0070953 0.223636 3820 2
-0.108247 0.0104628 0.222 3840 2
-0.106621 0.0105167 0.223143 3839.43 2
-0.108435 0.0136855 0.222111 3840 2
-0.106552 0.0133777 0.22315 3839.55 2
-0.111742 0.0174566 0.222 3833.12 2
-0.109202 0.0165282 0.222115 3815.23 2
-0.10655 0.0163605 0.2235 3811.39 2
-0.114272 0.0205917 0.222 3785 2
-0.112403 0.0197514 0.222118 3789.88 2
-0.109468 0.0196165 0.222745 3801.43 2
-0.106761 0.0191387 0.223433 3789.9 2
-0.147468 0.0231069 0.223 944.5 2
-0.146742 0.0231069 0.223 1062 2
-0.114561 0.0229069 0.222 3771.7 2
-0.112583 0.0225697 0.222476 3792.31 2
-0.109483 0.022562 0.223273 3797.25 2
-0.107277 0.0215072 0.224 3775 2
-0.117164 0.0258973 0.222 3714.75 2
-0.115333 0.0256834 0.222353 3718.82 2
-0.112646 0.025558 0.223238 3766.74 2
-0.110152 0.0253639 0.223667 3769.79 2
-0.144828 0.0291001 0.223571 1098.71 2
-0.142504 0.0289546 0.222222 1321.28 2
-0.140493 0.0297077 0.222 1568.2 2
-0.120757 0.0296025 0.222 3589.73 2
-0.118111 0.0287996 0.222 3679.24 2
-0.115579 0.0284194 0.223064 3708.57 2
-0.113518 0.0279962 0.224 3729.22 2
-0.145244 0.0314695 0.2239 886 2
-0.142516 0.0315535 0.222769 1244.27 2
-0.139768 0.0315483 0.22232 1645.16 2
-0.13685 0.031901 0.222 1968.42 2
-0.134516 0.0326499 0.222 2281.33 2
-0.123816 0.0326981 0.222 3239.6 2
-0.121368 0.0317984 0.222378 3532.81 2
-0.118371 0.0315026 0.223167 3622.47 2
-0.115841 0.0312996 0.223742 3670.81 2
-0.145147 0.0341607 0.224 689.579 2
-0.142442 0.0344451 0.223556 1142.39 2
-0.139527 0.0342817 0.223526 1629.29 2
-0.136466 0.03447 0.222964 1962.39 2
-0.133595 0.0347882 0.22204 2292.6 2
-0.13028 0.0350863 0.222269 2632.19 2
-0.127523 0.0347916 0.222143 2924.93 2
-0.124437 0.0347026 0.222296 3152.8 2
-0.121489 0.0342036 0.2234 3412.82 2
-0.118584 0.0337957 0.224 3551.9 2
-0.116468 0.0334794 0.224 3610.6 2
-0.141564 0.0363507 0.224 1244 2
-0.139132 0.0370246 0.224 1586.31 2
-0.136461 0.0374657 0.22369 1919.86 2
-0.133396 0.0374842 0.2233 2249.27 2
-0.130618 0.0374145 0.223379 2586.34 2
-0.127623 0.0375134 0.223172 2824.31 2
-0.124428 0.0372446 0.2233 3101.85 2
-0.12211 0.0365941 0.224 3343.67 2
-0.135484 0.0392708 0.224 1925.75 2
-0.133247 0.0397088 0.224 2204 2
-0.130708 0.0399486 0.224 2487.11 2
-0.12746 0.0395141 0.224 2791.29 2
-0.125028 0.0393924 0.224 3037.38 2
-0.102799 -0.0482379 0.227 625.25 2
-0.0964582 -0.0480254 0.226 772.5 2
-0.0954769 -0.0480254 0.226 955.5 2
-0.105261 -0.0468094 0.225714 707.357 2
-0.103447 -0.0470545 0.226444 719.444 2
-0.100428 -0.0468352 0.225 752.5 2
-0.0962841 -0.0470271 0.2264 1621.6 2
-0.0953665 -0.0464 0.226263 1925.47 2
-0.0961681 -0.04349 0.226667 2276.33 2
-0.0957275 -0.0439659 0.225889 2263.67 2
-0.0965121 -0.0403346 0.225556 2471.67 2
-0.0964329 -0.0373039 0.2256 2578.1 2
-0.0956529 -0.0366479 0.227 2389 2
-0.0962304 -0.0343696 0.226333 2625.75 2
-0.0956865 -0.0345987 0.2265 2523.75 2
-0.0964387 -0.0315694 0.225958 2781.71 2
-0.0956529 -0.031716 0.227 2622.5 2
-0.0969145 -0.0284478 0.226189 2963.24 2
-0.0956529 -0.0285102 0.227 2742.86 2
-0.0971263 -0.025537 0.226062 3035 2
-0.0956529 -0.0262909 0.227 2852 2
-0.097655 -0.0224301 0.22607 3194.53 2
-0.097626 -0.0195005 0.2259 3311.25 2
-0.0976328 -0.0164848 0.225739 3381.72 2
-0.0975786 -0.0133942 0.225762 3416.52 2
-0.0993831 -0.0100688 0.225231 3657.31 2
-0.0980119 -0.0106755 0.226071 3485.43 2
-0.0995484 -0.00731439 0.225273 3651.41 2
-0.0984644 -0.00753852 0.226667 3537.94 2
-0.0999335 -0.00456518 0.22575 3653.34 2
-0.0984392 -0.0045854 0.22675 3563.56 2
-0.0998419 -0.00161991 0.225333 3686.37 2
-0.0982938 -0.00152995 0.2265 3576.15 2
-0.099783 0.00131731 0.2252 3710.93 2
-0.0982938 0.00122714 0.2265 3612.4 2
-0.102382 0.00571575 0.225 3781.25 2
-0.1005 0.00435594 0.22596 3705.2 2
-0.102908 0.00794379 0.225333 3802.6 2
-0.100832 0.00761706 0.226562 3733.56 2
-0.105246 0.0107387 0.22525 3825.19 2
-0.103331 0.0106615 0.22619 3793.05 2
-0.101134 0.0103649 0.226889 3737.72 2
-0.105275 0.0134056 0.225143 3835.14 2
-0.103409 0.0136607 0.226348 3767.3 2
-0.105313 0.0164703 0.225 3782.5 2
-0.103816 0.0165436 0.226 3718.44 2
-0.105612 0.0197144 0.225292 3765.92 2
-0.103856 0.0194956 0.226516 3721.94 2
-0.108293 0.0232653 0.225 3773.8 2
-0.106247 0.0225373 0.225952 3753.69 2
-0.104035 0.0222043 0.226857 3715.95 2
-0.108994 0.0256013 0.225269 3751.31 2
-0.10662 0.0253971 0.226609 3734.93 2
-0.104277 0.0242612 0.227 3724 2
-0.147569 0.0299136 0.225 731 2
-0.146348 0.0296692 0.225 996.25 2
-0.114595 0.0299136 0.225 3727.5 2
-0.112492 0.0287045 0.225161 3734.77 2
-0.109627 0.0284652 0.226053 3726.53 2
-0.107483 0.0279798 0.226842 3718.95 2
-0.148116 0.031251 0.225833 567.333 2
-0.146348 0.0316245 0.225 810.25 2
-0.114638 0.0318548 0.225263 3711.16 2
-0.112758 0.0312799 0.226359 3708.97 2
-0.110192 0.0304261 0.227 3733.25 2
-0.120946 0.0357798 0.225 3452 2
-0.118503 0.0352909 0.225 3555.33 2
-0.115524 0.0346563 0.225436 3620.36 2
-0.113275 0.0343878 0.226828 3642.86 2
-0.14484 0.0370232 0.225125 667.625 2
-0.142642 0.0377558 0.225231 1117.69 2
-0.140241 0.0384684 0.225 1450 2
-0.123437 0.0384195 0.225 3160.6 2
-0.121182 0.0377166 0.225151 3383.48 2
-0.118545 0.0375359 0.225622 3487.05 2
-0.115576 0.0373875 0.226474 3594.87 2
-0.113248 0.0371335 0.227 3622.65 2
-0.144691 0.0397967 0.227 825 2
-0.142345 0.0400034 0.226571 1189.64 2
-0.139589 0.0403596 0.226 1533.44 2
-0.136676 0.0406096 0.225192 1805.73 2
-0.134079 0.0411947 0.225 2134.15 2
-0.13002 0.0413075 0.225 2556.62 2
-0.127296 0.0411571 0.225 2827.5 2
-0.124235 0.0406303 0.225125 3117.19 2
-0.121642 0.0404727 0.225795 3287.41 2
-0.118565 0.0403944 0.226649 3412 2
-0.115754 0.0400081 0.227 3555.25 2
-0.113642 0.0393035 0.227 3607.25 2
-0.139152 0.043367 0.227 1506.96 2
-0.136605 0.0435008 0.226259 1733.59 2
-0.133612 0.0434832 0.225454 2093.15 2
-0.130465 0.0434151 0.225326 2470.98 2
-0.12742 0.0434841 0.225789 2773.24 2
-0.124455 0.0435608 0.226053 2985.92 2
-0.12159 0.0433794 0.22659 3218.82 2
-0.118817 0.0425093 0.227 3410.75 2
-0.138285 0.0454684 0.227 1515 2
-0.136149 0.0459616 0.227 1692.5 2
-0.133249 0.0462567 0.226741 2036.37 2
-0.130268 0.0464375 0.226677 2382.81 2
-0.127465 0.0466318 0.226829 2672.23 2
-0.124811 0.046223 0.226913 2889.52 2
-0.122267 0.0454684 0.227 3184.33 2
-0.129167 0.0484276 0.227 2433 2
-0.127688 0.0484276 0.227 2605.6 2
-0.102015 -0.0484504 0.228 640 2
-0.101024 -0.0484504 0.228 647.667 2
-0.0984844 -0.0484141 0.229 843.5 2
-0.102015 -0.047955 0.228 691 2
-0.101024 -0.047955 0.228 694.333 2
-0.0952342 -0.0458166 0.2292 1845.9 2
-0.0963354 -0.0424879 0.228286 2196.57 2
-0.0955721 -0.0439056 0.228933 1995.53 2
-0.155007 -0.0397543 0.22975 581.167 2
-0.0963499 -0.0404543 0.228588 2301.94 2
-0.0958702 -0.0404028 0.229714 2156.57 2
-0.154755 -0.0387966 0.2295 622.25 2
-0.0963217 -0.0380477 0.228 2400.17 2
-0.0954479 -0.0374147 0.229364 2220.27 2
-0.0952504 -0.0344831 0.229 2303.33 2
-0.0953201 -0.0315208 0.229167 2433.62 2
-0.0952504 -0.0285126 0.229 2532.71 2
-0.0963218 -0.0249206 0.228 2896.38 2
-0.0954595 -0.0255832 0.2295 2661.71 2
-0.0963218 -0.0224438 0.228 2942 2
-0.0954595 -0.0225914 0.2295 2762 2
-0.0963291 -0.0193886 0.228154 3063.38 2
-0.0954813 -0.0197797 0.229524 2846.33 2
-0.0963409 -0.0166783 0.2284 3142.93 2
-0.095806 -0.0163482 0.229333 3061.22 2
-0.0963218 -0.0135272 0.228 3209.67 2
-0.0954859 -0.0134999 0.229455 3087.45 2
-0.0968777 -0.0103463 0.228462 3290.23 2
-0.0954421 -0.0107406 0.229714 3131.33 2
-0.0970973 -0.00760503 0.228667 3356.64 2
-0.0954189 -0.00764938 0.23 3092.61 2
-0.0973377 -0.00469037 0.229059 3401.24 2
-0.0959183 -0.00515083 0.23 3234.5 2
-0.0975386 -0.0017185 0.229286 3462.46 2
-0.0975386 0.00141197 0.229286 3531 2
-0.09923 0.00461547 0.228 3628.12 2
-0.0978783 0.00433081 0.229333 3557.58 2
-0.0995393 0.00727805 0.228 3660.44 2
-0.0980209 0.00716709 0.2292 3602.77 2
-0.099988 0.0106654 0.228179 3691.32 2
-0.0985738 0.0101935 0.2295 3607.05 2
-0.102015 0.0137178 0.228 3715.17 2
-0.100469 0.0135588 0.228771 3649 2
-0.0987379 0.0129606 0.229769 3531.31 2
-0.10251 0.0166899 0.228 3675 2
-0.100533 0.0163465 0.229143 3638.64 2
-0.102585 0.019677 0.228167 3712.83 2
-0.10088 0.0192439 0.229265 3659.29 2
-0.102969 0.0228536 0.228333 3691.42 2
-0.101562 0.0222607 0.229727 3657.55 2
-0.105728 0.0268449 0.228 3694 2
-0.103694 0.0256931 0.228487 3674.38 2
-0.10175 0.0253722 0.229706 3657.88 2
-0.106344 0.0288887 0.228071 3709.07 2
-0.103666 0.0285417 0.229087 3684.87 2
-0.101661 0.02783 0.23 3628.12 2
-0.111791 0.0322939 0.228 3695.38 2
-0.109521 0.0318338 0.228353 3693.15 2
-0.106869 0.0314593 0.229235 3682.29 2
-0.10408 0.0309341 0.229625 3667.94 2
-0.111915 0.0345231 0.228 3639 2
-0.109775 0.0346333 0.229087 3651.78 2
-0.107511 0.0341477 0.23 3660.21 2
-0.11212 0.037771 0.228167 3622.25 2
-0.109772 0.0374448 0.229349 3629.67 2
-0.107653 0.0370746 0.23 3633.9 2
-0.144982 0.0413189 0.228385 796.846 2
-0.14312 0.0413074 0.228143 1154 2
-0.115215 0.041293 0.228 3569 2
-0.112509 0.040551 0.228698 3568.02 2
-0.109857 0.0399859 0.23 3600.91 2
-0.147353 0.0435708 0.23 124 2
-0.145402 0.043449 0.229696 712.87 2
-0.142427 0.0435643 0.2286 1177.16 2
-0.140329 0.0439845 0.228 1417.4 2
-0.120577 0.0444303 0.228 3197.25 2
-0.118392 0.0439089 0.22812 3356.4 2
-0.115692 0.0434672 0.228595 3492.43 2
-0.113089 0.0428604 0.229381 3521.57 2
-0.110649 0.0420717 0.23 3598 2
-0.142453 0.046437 0.229474 1065.84 2
-0.139503 0.0466415 0.228444 1397.67 2
-0.136419 0.0472374 0.228 1716.92 2
-0.134686 0.0474025 0.228 1916 2
-0.123837 0.0471328 0.228077 2994.23 2
-0.121433 0.0466193 0.228472 3142.53 2
-0.118652 0.0464651 0.229278 3283.5 2
-0.116181 0.0459959 0.229895 3431.63 2
-0.14161 0.0480682 0.23 1175.5 2
-0.139529 0.0492619 0.23 1384.94 2
-0.136485 0.0492908 0.22936 1722.32 2
-0.133295 0.0494472 0.228483 2011.55 2
-0.130643 0.0494942 0.2282 2324.97 2
-0.127372 0.0497584 0.2282 2645.4 2
-0.124653 0.0493835 0.228892 2880.46 2
-0.121617 0.0494393 0.2294 3048.7 2
-0.119016 0.0491437 0.229903 3276.03 2
-0.135668 0.0513662 0.23 1764.6 2
-0.133515 0.0522747 0.229818 1974.14 2
-0.130521 0.0523855 0.229286 2267.93 2
-0.127624 0.0524626 0.229545 2551.73 2
-0.124879 0.0516982 0.229952 2830.24 2
-0.121636 0.0513163 0.23 3004.58 2
-0.119638 0.0513162 0.23 3205 2
-0.132372 0.0545644 0.23 2008 2
-0.130605 0.0549296 0.23 2150.73 2
-0.128294 0.0546477 0.23 2421.42 2
-0.102228 -0.0492598 0.233 677 2
-0.101722 -0.0492598 0.233 700.5 2
-0.0965276 -0.0487248 0.231667 1448.33 2
-0.0950508 -0.0463929 0.231333 1613 2
-0.0953544 -0.0434412 0.231667 1797.83 2
-0.154759 -0.0405677 0.2325 668.875 2
-0.0952862 -0.0403922 0.2315 1923.25 2
-0.0949894 -0.0374551 0.232 2001.42 2
-0.0944498 -0.0344188 0.231917 1999.04 2
-0.0943822 -0.0313718 0.23175 2153.75 2
-0.0944835 -0.0283821 0.232 2264.21 2
-0.0944747 -0.0254818 0.232091 2391.18 2
-0.0944498 -0.0225765 0.231917 2489.54 2
-0.0947444 -0.0194046 0.232286 2629.75 2
-0.0950614 -0.0165908 0.231875 2779.12 2
-0.0949215 -0.013237 0.232111 2817.5 2
-0.0944015 -0.0102968 0.232417 2864.83 2
-0.0941538 -0.00776372 0.231933 2892.87 2
-0.0964174 -0.00392755 0.2315 3226.38 2
-0.0952503 -0.00494961 0.232333 3036.71 2
-0.0964736 -0.00166245 0.231333 3281.28 2
-0.0955471 -0.00167135 0.232571 3102.79 2
-0.0965676 0.00145031 0.232 3340.68 2
-0.095468 0.000755161 0.2328 3135.6 2
-0.0964736 0.00436882 0.231333 3356.89 2
-0.0955142 0.004394 0.232667 3171.56 2
-0.0967787 0.00761981 0.23144 3421.12 2
-0.0955006 0.00735414 0.232706 3241.65 2
-0.0972309 0.0104277 0.231947 3430.03 2
-0.0953988 0.00920945 0.233 3222 2
-0.0993445 0.0146511 0.231 3542 2
-0.0978879 0.0135063 0.232193 3452.48 2
-0.0993445 0.0164077 0.231 3599.17 2
-0.0977168 0.0165584 0.232348 3449.67 2
-0.0997017 0.0198727 0.2316 3579.95 2
-0.0982055 0.0192507 0.232692 3496.73 2
-0.0999841 0.0225972 0.231632 3575.47 2
-0.0984621 0.0223151 0.233 3474.22 2
-0.100308 0.0254909 0.2319 3616.68 2
-0.098687 0.0251556 0.233 3538 2
-0.102354 0.0294566 0.231 3622 2
-0.100643 0.0286358 0.232053 3609.89 2
-0.105864 0.0327188 0.231 3665.33 2
-0.103262 0.0318496 0.231714 3618.86 2
-0.101189 0.0309745 0.232529 3569.29 2
-0.106201 0.0346807 0.231457 3641.23 2
-0.104041 0.0338849 0.232474 3616.42 2
-0.108372 0.0387414 0.231 3598 2
-0.106228 0.037558 0.231698 3617.47 2
-0.104758 0.037305 0.233 3597.17 2
-0.109208 0.0409999 0.231 3596.72 2
-0.106436 0.0404843 0.231609 3612.41 2
-0.104758 0.0403424 0.233 3596.17 2
-0.112399 0.0440963 0.231333 3567.08 2
-0.109586 0.0435418 0.231868 3585.42 2
-0.106817 0.0431919 0.232667 3569.71 2
-0.104758 0.0421142 0.233 3532 2
-0.145776 0.0462335 0.23121 592.053 2
-0.115192 0.0468847 0.23116 3423 2
-0.11269 0.0466156 0.23214 3432.63 2
-0.109642 0.0463855 0.233 3504.16 2
-0.107489 0.0454553 0.233 3504.6 2
-0.14463 0.0492121 0.23275 911 2
-0.142534 0.0495554 0.2315 1112.33 2
-0.139897 0.0505715 0.231 1340.71 2
-0.137712 0.0507866 0.231 1590.5 2
-0.11783 0.0498187 0.231 3307.71 2
-0.115659 0.049523 0.231769 3324.79 2
-0.112615 0.0494744 0.232882 3436.79 2
-0.110205 0.048812 0.233 3470.38 2
-0.142158 0.0521927 0.232667 1100.67 2
-0.139414 0.0524922 0.231783 1387.65 2
-0.136952 0.0524548 0.231222 1669.5 2
-0.134202 0.0537979 0.231 1951.5 2
-0.126427 0.053547 0.231 2668 2
-0.124421 0.0532123 0.231 2850.89 2
-0.121663 0.0530451 0.231 2989 2
-0.118596 0.0525928 0.231486 3227.46 2
-0.115686 0.0523392 0.2326 3258.18 2
-0.113241 0.0518493 0.233 3421.46 2
-0.13923 0.0546614 0.233 1432.14 2
-0.136378 0.0554944 0.2325 1664.04 2
-0.133605 0.0555805 0.231222 1904 2
-0.13044 0.0566418 0.231 2126.44 2
-0.127452 0.055769 0.231071 2480.46 2
-0.124636 0.0553949 0.231312 2703.28 2
-0.121536 0.0553843 0.231333 2943.67 2
-0.118592 0.0553958 0.232286 3050.19 2
-0.115941 0.0554388 0.233 3149.96 2
-0.135616 0.0578916 0.233 1715.67 2
-0.133329 0.0585689 0.2324 1892.36 2
-0.130422 0.0586474 0.232312 2168.97 2
-0.12748 0.0583907 0.232481 2449.07 2
-0.124629 0.0580997 0.232357 2633.86 2
-0.12168 0.0581892 0.232562 2859.28 2
-0.118974 0.0578612 0.232895 2991.16 2
-0.116393 0.057301 0.233 3085.67 2
-0.132581 0.0603384 0.233 1888.33 2
-0.130304 0.0603384 0.233 2111.33 2
-0.128534 0.0603384 0.233 2353 2
-0.0956023 -0.0511759 0.236 835.5 2
-0.102264 -0.049894 0.236 766 2
-0.0969337 -0.049995 0.234333 1100 2
-0.0956316 -0.0494352 0.235444 1146 2
-0.0960623 -0.0476918 0.234 1546 2
-0.0947784 -0.0455869 0.235143 1262.86 2
-0.154384 -0.042846 0.235818 583.273 2
-0.0945196 -0.0433932 0.235077 1364.62 2
-0.154284 -0.0407897 0.23524 1032.04 2
-0.0946946 -0.0405932 0.234909 1582.86 2
-0.0946448 -0.0374124 0.2349 1735.25 2
-0.0937659 -0.034296 0.235111 1701.5 2
-0.092528 -0.0334862 0.236 1443.5 2
-0.0936644 -0.0315562 0.235 1877.04 2
-0.0938314 -0.0285433 0.235417 2005.25 2
-0.0937118 -0.025615 0.234905 2132.29 2
-0.0929012 -0.0244093 0.235 2092 2
-0.0936545 -0.0225581 0.234333 2295.39 2
-0.0927594 -0.0226544 0.235538 2093.08 2
-0.0936644 -0.0195588 0.235 2373.79 2
-0.0938828 -0.0163495 0.235 2491.64 2
-0.09407 -0.0136291 0.234867 2586.43 2
-0.0928427 -0.0124372 0.2355 2468 2
-0.0935063 -0.0106218 0.234143 2651.71 2
-0.0924388 -0.0101188 0.235125 2534.25 2
-0.0935709 -0.00684173 0.234615 2737.31 2
-0.0926391 -0.00774398 0.235417 2610.33 2
-0.0941011 -0.00442401 0.235 2824.07 2
-0.0960623 -0.00168161 0.234 3089.5 2
-0.0947524 -0.00168958 0.234923 2947.5 2
-0.0960623 0.00238558 0.234 3190 2
-0.0947524 0.00145373 0.234923 3029.46 2
-0.0948874 0.00444751 0.2355 3065.5 2
-0.0944593 0.0076604 0.2352 3076.3 2
-0.0963387 0.0110719 0.234143 3239.71 2
-0.0946274 0.0104732 0.235057 3046.83 2
-0.0966844 0.0135862 0.234278 3280.89 2
-0.0951428 0.0136569 0.2355 3113.9 2
-0.0962528 0.016303 0.234 3289 2
-0.0950524 0.0166104 0.235143 3176.18 2
-0.0968013 0.0198561 0.234 3365.09 2
-0.0946179 0.0195323 0.235222 3207.81 2
-0.0991106 0.0234842 0.234 3472 2
-0.0973721 0.0227334 0.234467 3392 2
-0.0951341 0.0220652 0.235583 3247.29 2
-0.0993646 0.0265346 0.234 3596 2
-0.0976002 0.0254382 0.235297 3417.92 2
-0.0956023 0.0241976 0.236 3310 2
-0.0992644 0.0284247 0.234294 3548.35 2
-0.0980461 0.0283266 0.235478 3417.52 2
-0.0998951 0.0316808 0.234333 3520.4 2
-0.0986767 0.0316324 0.236 3433.33 2
-0.103013 0.0348174 0.234077 3594.65 2
-0.100454 0.0345047 0.23495 3517.82 2
-0.0989329 0.0352216 0.236 3403 2
-0.10332 0.0375189 0.234333 3554.76 2
-0.100761 0.0375909 0.235357 3500 2
-0.103368 0.0406225 0.234682 3555.14 2
-0.100896 0.0399755 0.235875 3476.75 2
-0.10573 0.0438615 0.234222 3549.06 2
-0.103662 0.0433913 0.235533 3501.27 2
-0.147375 0.0478873 0.234 510 2
-0.146867 0.0478873 0.234 671 2
-0.10851 0.0473789 0.234 3470.83 2
-0.106315 0.0465318 0.2346 3504.35 2
-0.104025 0.0462132 0.235833 3505.83 2
-0.147675 0.0491739 0.2348 394.6 2
-0.146199 0.0500247 0.234308 689.462 2
-0.111558 0.0509377 0.234 3466.5 2
-0.109287 0.0498818 0.234071 3459.96 2
-0.106371 0.0494283 0.235227 3479.57 2
-0.104313 0.0490658 0.236 3483.12 2
-0.14517 0.0527392 0.234222 633.5 2
-0.143438 0.0534797 0.234 995.875 2
-0.114606 0.0539881 0.234 3186.5 2
-0.112284 0.0530034 0.234067 3353.17 2
-0.109425 0.052583 0.2351 3346.32 2
-0.106711 0.05221 0.235769 3379.31 2
-0.144689 0.0554953 0.235 619.375 2
-0.142773 0.0557981 0.23475 1004.04 2
-0.139716 0.0560608 0.234 1385.46 2
-0.114606 0.0555133 0.234 3201.9 2
-0.112462 0.0555633 0.234389 3222.97 2
-0.110116 0.055356 0.235583 3287.21 2
-0.14428 0.0582952 0.236 612.25 2
-0.142607 0.0583469 0.235545 930.864 2
-0.139461 0.0582982 0.234519 1340.81 2
-0.13689 0.0588179 0.234059 1617.76 2
-0.118302 0.0591285 0.234111 3024.67 2
-0.11548 0.0585005 0.234606 3127.88 2
-0.112686 0.0582106 0.235419 3164.45 2
-0.110462 0.0572696 0.236 3263.5 2
-0.141461 0.0603461 0.236 1047 2
-0.139568 0.0612783 0.235909 1321.86 2
-0.136414 0.0613767 0.234808 1588.23 2
-0.133486 0.0619153 0.23452 1836.96 2
-0.130379 0.0620016 0.2345 2100.88 2
-0.127318 0.0614488 0.234333 2387.67 2
-0.124426 0.0615234 0.234375 2602.22 2
-0.121638 0.0614212 0.234445 2739 2
-0.118712 0.0614521 0.235216 2906.51 2
-0.115861 0.0612767 0.235963 3028.81 2
-0.138387 0.0634226 0.236 1353.5 2
-0.136604 0.0639076 0.235947 1517.11 2
-0.133314 0.0643455 0.236 1841.5 2
-0.130339 0.0646627 0.235643 2037.04 2
-0.127334 0.0645111 0.235357 2304.64 2
-0.124335 0.0645845 0.2355 2486.44 2
-0.121655 0.0644567 0.235826 2636.91 2
-0.11866 0.0634226 0.236 2844.92 2
-0.130445 0.0662427 0.236 1997.67 2
-0.127371 0.0662427 0.236 2266.5 2
-0.124296 0.0662427 0.236 2439.67 2
-0.122247 0.0662427 0.236 2525.5 2
-0.0960393 -0.0492301 0.239 886 2
-0.0955204 -0.0492301 0.239 612.333 2
-0.151043 -0.045076 0.239 542.8 2
-0.0963633 -0.0469751 0.237667 1355.83 2
-0.0951368 -0.0468163 0.237857 955.429 2
-0.15687 -0.0435947 0.238 468.5 2
-0.153743 -0.0430108 0.2382 855.3 2
-0.151471 -0.0433681 0.238743 1222.94 2
-0.0937298 -0.0432914 0.23775 795.25 2
-0.153639 -0.0413519 0.237 1393.25 2
-0.151654 -0.0413073 0.237818 1661.95 2
-0.149227 -0.0417008 0.239 1790 2
-0.0939365 -0.0402958 0.237714 1188.68 2
-0.0943339 -0.037747 0.238625 1414.69 2
-0.0943456 -0.0355798 0.238 1564 2
-0.0932852 -0.0316749 0.2378 1614.3 2
-0.0927943 -0.0317016 0.238 1482.75 2
-0.0933122 -0.028599 0.238 1758 2
-0.0929258 -0.0276807 0.239 1620 2
-0.0932447 -0.0257026 0.2375 1947.12 2
-0.0925172 -0.0250686 0.238143 1768.5 2
-0.0930785 -0.021704 0.2378 2026 2
-0.0923422 -0.0228304 0.2385 1785 2
-0.0931156 -0.0195089 0.2375 2195.2 2
-0.092537 -0.01955 0.238 2072.2 2
-0.0931807 -0.0166818 0.237667 2287.17 2
-0.0926666 -0.0167279 0.238333 2201 2
-0.0931814 -0.0137988 0.2378 2372.7 2
-0.0924589 -0.0132232 0.2386 2262.1 2
-0.091932 -0.0105002 0.238 2315.46 2
-0.0931156 -0.0060928 0.2375 2610.5 2
-0.0917043 -0.00736295 0.238121 2347.94 2
-0.0931099 -0.00440463 0.237545 2632.73 2
-0.0916817 -0.00430387 0.238467 2427.83 2
-0.0935874 -0.00164916 0.237304 2785.96 2
-0.0921399 -0.0015783 0.238706 2572.06 2
-0.0936307 0.00138926 0.2375 2897.62 2
-0.0922773 0.00139608 0.238667 2686.28 2
-0.0936632 0.00448722 0.237583 2956.58 2
-0.0923699 0.00421211 0.238714 2743.71 2
-0.0936548 0.0073398 0.238 2928.78 2
-0.0929258 0.00762918 0.239 2828 2
-0.0936209 0.0108884 0.237824 2947 2
-0.0929258 0.0104851 0.239 2831.2 2
-0.0936777 0.0134531 0.237714 3022.57 2
-0.0925367 0.0137444 0.2388 2897.6 2
-0.0936307 0.0163534 0.2375 3063.88 2
-0.0923144 0.0161304 0.238571 2877.86 2
-0.0934861 0.0189965 0.237 3105.7 2
-0.0925999 0.0194494 0.2375 3014.67 2
-0.0940886 0.0228918 0.237815 3149.63 2
-0.0927628 0.021712 0.23825 3023.75 2
-0.0964852 0.0261391 0.237 3319.14 2
-0.0950528 0.0255727 0.238103 3240.52 2
-0.0967887 0.0287293 0.237522 3337.65 2
-0.0950461 0.0283427 0.238619 3232.81 2
-0.0972199 0.0314039 0.238053 3335.74 2
-0.0955204 0.030996 0.239 3238.5 2
-0.0993521 0.0338262 0.237 3450.5 2
-0.0976737 0.0345214 0.238024 3321.49 2
-0.0995771 0.0377965 0.237091 3440.55 2
-0.0978437 0.0374523 0.238243 3320.43 2
-0.0999556 0.0408503 0.237308 3392.42 2
-0.0979358 0.0402175 0.238615 3334.58 2
-0.102696 0.0441245 0.237 3428.5 2
-0.100494 0.0435371 0.237814 3395.51 2
-0.0983225 0.0430429 0.239 3324.9 2
-0.102954 0.0469565 0.237 3474.69 2
-0.100647 0.0464743 0.238087 3370.52 2
-0.0986338 0.0452757 0.239 3348 2
-0.105012 0.0505609 0.237 3475 2
-0.103129 0.0496273 0.237269 3440.73 2
-0.101074 0.0495572 0.238593 3362.52 2
-0.105632 0.0528942 0.237071 3356.36 2
-0.103571 0.0524846 0.237914 3350.54 2
-0.101568 0.0523753 0.238769 3336.31 2
-0.108751 0.0559084 0.237111 3301.83 2
-0.106523 0.0556037 0.237706 3322.32 2
-0.103718 0.0551993 0.238687 3301.16 2
-0.111573 0.0593145 0.237 3128 2
-0.109406 0.0585497 0.237706 3239.41 2
-0.106775 0.0583899 0.238833 3275.83 2
-0.104602 0.0572188 0.239 3313.5 2
-0.142295 0.0619125 0.237 893.545 2
-0.140517 0.0626615 0.237 1221.5 2
-0.114715 0.0619259 0.237 3061.57 2
-0.112445 0.0615929 0.237632 3089.87 2
-0.109701 0.0610935 0.238667 3206.21 2
-0.107715 0.0608536 0.239 3247.5 2
-0.141713 0.0643048 0.238 951.417 2
-0.139556 0.0646548 0.237429 1242.86 2
-0.1364 0.0653648 0.237 1522.62 2
-0.134857 0.0652361 0.237 1710.5 2
-0.120758 0.0651846 0.237 2727.2 2
-0.11852 0.0648499 0.237 2822.6 2
-0.115514 0.0645771 0.237242 2951.73 2
-0.112909 0.0642049 0.238429 3021.61 2
-0.141573 0.0665655 0.239 914.5 2
-0.139386 0.067429 0.238545 1163.86 2
-0.136571 0.0673297 0.237885 1486.54 2
-0.13371 0.0674105 0.2374 1753.33 2
-0.130513 0.067939 0.237308 1970.62 2
-0.127406 0.0679548 0.2375 2287.67 2
-0.124186 0.0678372 0.23713 2482.78 2
-0.121423 0.0675755 0.237448 2605.97 2
-0.118691 0.0673899 0.237833 2769.61 2
-0.115507 0.0672782 0.238454 2883.94 2
-0.113293 0.0665655 0.239 2935.12 2
-0.138589 0.0694214 0.239 1206 2
-0.136292 0.0696069 0.239 1537 2
-0.133459 0.0702608 0.238733 1756.47 2
-0.130443 0.0705147 0.23825 1934.03 2
-0.127443 0.0705332 0.238429 2193.5 2
-0.124342 0.0705466 0.238355 2408.39 2
-0.121469 0.0705809 0.238593 2560.7 2
-0.118854 0.0702351 0.238929 2689.79 2
-0.116795 0.0694215 0.239 2800.5 2
-0.132363 0.0722774 0.239 1776 2
-0.130157 0.0726669 0.239 1914.92 2
-0.127385 0.0732198 0.239 2115.19 2
-0.124505 0.0726854 0.239 2293 2
-0.121466 0.072537 0.239 2450.2 2
-0.119909 0.0722774 0.239 2580 2
-0.153499 -0.0452646 0.24 403 2
-0.150737 -0.0454532 0.241 643 2
-0.14854 -0.0456289 0.241778 976.556 2
-0.153499 -0.0447431 0.24 572.5 2
-0.150385 -0.044034 0.24075 1480.62 2
-0.148467 -0.0435172 0.241342 2170.55 2
-0.146021 -0.0431005 0.242 2075 2
-0.0938447 -0.0370026 0.241 1123.73 2
-0.0936377 -0.0348221 0.240929 1227.71 2
-0.0925079 -0.0336725 0.241222 930.111 2
-0.093234 -0.0314209 0.2406 1414 2
-0.0924047 -0.0314952 0.241625 1071.69 2
-0.0932306 -0.0288486 0.240625 1507.5 2
-0.0918613 -0.0281959 0.241 1218.44 2
-0.0918988 -0.0256383 0.2408 1421.5 2
-0.0923042 -0.0224358 0.241222 1610.5 2
-0.0923296 -0.0195214 0.240833 1812.54 2
-0.0923932 -0.0163929 0.241 2003.92 2
-0.0922629 -0.0137095 0.241 2060.06 2
-0.0912425 -0.0108427 0.241 2035.95 2
-0.0907433 -0.00734009 0.2412 2029.07 2
-0.0898889 -0.00673402 0.242 1903.67 2
-0.0906048 -0.00435148 0.241111 2159.44 2
-0.0898889 -0.00436801 0.242 2017 2
-0.0910841 -0.00141344 0.240632 2328.84 2
-0.0898889 -0.00252778 0.242 2116 2
-0.0912839 0.00140948 0.240833 2409.25 2
-0.0913554 0.00475562 0.2407 2506.83 2
-0.0898889 0.00562182 0.242 2272 2
-0.0919107 0.00752706 0.240938 2580.91 2
-0.0918302 0.0103903 0.241059 2616.41 2
-0.09141 0.0133332 0.240842 2697.45 2
-0.0898889 0.0135085 0.242 2529.5 2
-0.0914433 0.0166599 0.240933 2691.2 2
-0.0898889 0.0156117 0.242 2477 2
-0.0919107 0.0195669 0.240938 2793.78 2
-0.0932474 0.0233527 0.2405 3014.25 2
-0.0923014 0.0223907 0.2411 2853.7 2
-0.0935954 0.0258477 0.240727 3023.09 2
-0.0927253 0.0243978 0.2405 2913.5 2
-0.0936436 0.0285633 0.240759 3050.21 2
-0.0964411 0.03269 0.24 3252 2
-0.0943545 0.0314761 0.2408 3109.69 2
-0.0964411 0.034515 0.24 3267.2 2
-0.0947764 0.0344532 0.241171 3175.39 2
-0.0964411 0.0373829 0.24 3274.67 2
-0.094773 0.0374578 0.2409 3149.65 2
-0.096867 0.0409459 0.24025 3334.5 2
-0.0952343 0.0404287 0.241286 3196.54 2
-0.0971496 0.0436898 0.240667 3256.27 2
-0.0951431 0.0433904 0.242 3159.8 2
-0.0990465 0.0467688 0.24 3324.25 2
-0.0974841 0.0465054 0.241263 3284.13 2
-0.0956685 0.0461069 0.242 3194 2
-0.0997676 0.0495155 0.2408 3311.85 2
-0.0984811 0.0490211 0.241636 3251.55 2
-0.100395 0.0524231 0.240828 3289.55 2
-0.098821 0.0511018 0.242 3235 2
-0.102765 0.0561938 0.240167 3271.5 2
-0.100789 0.0553589 0.241034 3294.03 2
-0.10569 0.0590225 0.24 3287.12 2
-0.103556 0.0585186 0.240875 3264.47 2
-0.101711 0.0581999 0.242 3284.75 2
-0.108947 0.0624118 0.24 3182.33 2
-0.106315 0.0616016 0.240634 3229.59 2
-0.103956 0.0610388 0.24179 3192.37 2
-0.143598 0.0655404 0.24 721.25 2
-0.111552 0.0647583 0.24 3101.38 2
-0.109484 0.0644654 0.240267 3133.2 2
-0.10649 0.0645204 0.241368 3149.66 2
-0.104601 0.0645093 0.242 3114.67 2
-0.14438 0.0676262 0.24 126.5 2
-0.142792 0.0678869 0.24 642.524 2
-0.114418 0.0686691 0.24 2941.5 2
-0.112326 0.0676297 0.240143 2984.46 2
-0.109547 0.0674287 0.240882 3099.21 2
-0.106618 0.0674747 0.241539 3128.92 2
-0.104601 0.0668753 0.242 3103 2
-0.142158 0.0705747 0.240524 597.333 2
-0.13948 0.0708898 0.240455 1109.59 2
-0.136497 0.0710207 0.240143 1512.79 2
-0.13448 0.0712762 0.24 1704.5 2
-0.117743 0.0712224 0.240111 2699 2
-0.115482 0.0706063 0.240758 2839.82 2
-0.112472 0.0704307 0.241417 2931.33 2
-0.109694 0.0703507 0.241533 2984.27 2
-0.107022 0.0698507 0.241833 3009.83 2
-0.142104 0.0723586 0.241 442.25 2
-0.139347 0.0728217 0.241667 1131.42 2
-0.136347 0.0735969 0.241545 1496.09 2
-0.133555 0.0734852 0.2404 1671.4 2
-0.130832 0.0741441 0.24 1816.38 2
-0.126403 0.0746655 0.24 2151 2
-0.124318 0.0741441 0.24 2264.11 2
-0.121388 0.0740789 0.24 2417.38 2
-0.118461 0.0735838 0.240537 2633.1 2
-0.115748 0.0731243 0.2418 2670.84 2
-0.112745 0.072396 0.242 2856.88 2
-0.1356 0.0756821 0.242 1434.75 2
-0.133329 0.0764448 0.241692 1595.38 2
-0.130581 0.0765322 0.240889 1775.3 2
-0.127442 0.0764293 0.240677 2028.42 2
-0.124314 0.0764848 0.2408 2224.37 2
-0.121399 0.0764196 0.240522 2370.52 2
-0.118734 0.0764937 0.241333 2531.61 2
-0.116423 0.0755506 0.242 2624.25 2
-0.132448 0.0789682 0.242 1566.33 2
-0.13048 0.0794265 0.241852 1706.85 2
-0.127392 0.0793775 0.241586 1937.86 2
-0.12472 0.0792697 0.241917 2124.5 2
-0.121796 0.0791833 0.242 2271.09 2
-0.119312 0.0787053 0.242 2424.5 2
-0.129821 0.0813342 0.242 1684.5 2
-0.127644 0.0811464 0.242 1848 2
-0.125354 0.0810713 0.242 1973.5 2
-0.11893 -0.0501999 0.245 677.25 2
-0.147372 -0.0459623 0.243 1195.75 2
-0.146027 -0.0461856 0.244391 1745.74 2
-0.14724 -0.0447745 0.243 2335 2
-0.145504 -0.0443822 0.244053 2623.32 2
-0.143665 -0.0443446 0.245 2430.5 2
-0.0920458 -0.025428 0.2448 1152.1 2
-0.091425 -0.022427 0.244 1257.92 2
-0.0915373 -0.0195361 0.2443 1421.7 2
-0.0917844 -0.016614 0.24425 1652.94 2
-0.0914791 -0.0135526 0.244273 1712 2
-0.0907016 -0.0103614 0.243833 1755.75 2
-0.0899394 -0.00974515 0.245 1571 2
-0.0904669 -0.00797869 0.243917 1852.92 2
-0.0898782 -0.00761167 0.244833 1712.33 2
-0.0904098 -0.00441825 0.244833 1938 2
-0.0898782 -0.00441825 0.244833 1844.17 2
-0.0905038 -0.00132456 0.243769 2123.69 2
-0.0899394 -0.00149451 0.245 2002.4 2
-0.0904655 0.00142419 0.243556 2206.17 2
-0.089817 0.00142973 0.244667 2066.17 2
-0.0903834 0.00406676 0.243333 2291.17 2
-0.0892931 0.00472074 0.2444 2093.9 2
-0.0904538 0.00763056 0.243167 2321.08 2
-0.0892985 0.00744295 0.244222 2143.67 2
-0.0903834 0.0104109 0.243333 2420.44 2
-0.0892851 0.010468 0.244667 2235.78 2
-0.090102 0.0146804 0.244 2483 2
-0.0893156 0.0133875 0.2441 2379.5 2
-0.0903323 0.0167869 0.243455 2482.55 2
-0.0893373 0.0159921 0.244545 2380.55 2
-0.0906102 0.0194485 0.243944 2611.44 2
-0.0898782 0.0195189 0.244833 2489.17 2
-0.0914392 0.0225045 0.243909 2690.27 2
-0.0919105 0.0254547 0.244062 2745.47 2
-0.0919533 0.0284637 0.244 2809 2
-0.0933678 0.0318297 0.2434 2949.2 2
-0.0922273 0.031444 0.244346 2840.96 2
-0.0934259 0.0344185 0.243 3018.2 2
-0.0921754 0.0345809 0.2444 2893.17 2
-0.0933838 0.0375562 0.243286 2983.43 2
-0.0924208 0.037274 0.244125 2909.42 2
-0.0937196 0.0407197 0.243769 3060.27 2
-0.0926489 0.0403259 0.244667 2934.5 2
-0.0938464 0.0436826 0.243733 3069.2 2
-0.092599 0.0434847 0.245 2986.33 2
-0.0963276 0.0476173 0.243 3153.5 2
-0.094466 0.046411 0.243967 3059.03 2
-0.092599 0.045614 0.245 2981.5 2
-0.0972703 0.0497884 0.243286 3211.54 2
-0.0951287 0.0493288 0.244571 3113.86 2
-0.099429 0.0529773 0.243167 3280.75 2
-0.0974918 0.0525823 0.244062 3219.47 2
-0.0953167 0.0522374 0.244857 3091.07 2
-0.0994528 0.0556124 0.243333 3256.22 2
-0.0978044 0.055436 0.244615 3209.88 2
-0.102395 0.0597603 0.243 3188 2
-0.100279 0.0584612 0.243655 3234.66 2
-0.0982185 0.0582815 0.244842 3168.89 2
-0.103007 0.0618932 0.243381 3187.29 2
-0.100648 0.0614127 0.244405 3164.7 2
-0.0985263 0.0612787 0.245 3134.71 2
-0.103278 0.064512 0.243375 3145.75 2
-0.100925 0.0643733 0.244556 3131.56 2
-0.0989822 0.0637121 0.245 3116.5 2
-0.105297 0.0684715 0.243 3094.25 2
-0.10339 0.0674411 0.243833 3119.19 2
-0.101414 0.067096 0.245 3123.43 2
-0.108462 0.0716392 0.243 3059 2
-0.106071 0.0709213 0.243174 2992.26 2
-0.104162 0.0704492 0.244565 3013.65 2
-0.142228 0.074015 0.243 662.583 2
-0.140079 0.074318 0.2433 1068 2
-0.114769 0.074111 0.243 2659.82 2
-0.112205 0.0737928 0.24305 2800.1 2
-0.109482 0.0736204 0.243437 2915.28 2
-0.106436 0.0733687 0.244296 2909.19 2
-0.104833 0.0732934 0.245 2980.75 2
-0.142071 0.0762966 0.24375 595.812 2
-0.139794 0.0763824 0.243815 1031.96 2
-0.136726 0.0767935 0.243125 1349.69 2
-0.134578 0.0774467 0.243 1509 2
-0.117431 0.0771827 0.243 2544.17 2
-0.115292 0.0764027 0.243065 2624.26 2
-0.112447 0.0763262 0.243633 2718.17 2
-0.109453 0.0764852 0.244629 2795.69 2
-0.106961 0.0755557 0.245 2841.62 2
-0.141247 0.0792534 0.2445 618.75 2
-0.13971 0.0792881 0.244667 931.667 2
-0.136574 0.079283 0.24425 1302.67 2
-0.133564 0.0797189 0.243143 1494 2
-0.12429 0.0808784 0.243 2061 2
-0.12123 0.0805616 0.243 2242.2 2
-0.118219 0.0797057 0.243077 2403.31 2
-0.115487 0.0793443 0.2438 2552.83 2
-0.112711 0.0792369 0.244667 2657.7 2
-0.110112 0.0787567 0.244909 2704.36 2
-0.141005 0.0810118 0.245 584 2
-0.135553 0.0820764 0.245 1337.5 2
-0.13351 0.0824377 0.244 1438.62 2
-0.130771 0.0827818 0.243333 1582.33 2
-0.127455 0.0827262 0.243 1789.12 2
-0.124581 0.0827325 0.243571 2018.68 2
-0.121629 0.0827346 0.2438 2153 2
-0.11845 0.0825198 0.244167 2253.17 2
-0.115743 0.0820944 0.244909 2433.82 2
-0.113344 0.081278 0.245 2545.17 2
-0.133292 0.0844717 0.245 1389.75 2
-0.130366 0.0855205 0.244522 1518.09 2
-0.127354 0.0855092 0.244214 1714.61 2
-0.124453 0.0855731 0.244448 1936.07 2
-0.121589 0.0858025 0.245 2065.03 2
-0.118335 0.0856146 0.245 2151.18 2
-0.115915 0.0848266 0.245 2326.58 2
-0.127137 0.0878556 0.245 1636.07 2
-0.124608 0.0883945 0.245 1796.39 2
-0.121893 0.0878556 0.245 1921.64 2
-0.118664 0.0873993 0.245 2072.6 2
-0.133578 -0.0510839 0.248 727.6 2
-0.130448 -0.0515891 0.248 685.188 2
-0.127379 -0.0516665 0.247273 723.364 2
-0.124476 -0.0515783 0.2465 741 2
-0.121552 -0.0514736 0.246 725.667 2
-0.144944 -0.0490419 0.246692 653.692 2
-0.14245 -0.049369 0.24725 783.156 2
-0.13958 -0.0488022 0.247187 1357 2
-0.136397 -0.0490477 0.247952 1820.19 2
-0.133578 -0.0494675 0.248 1758.2 2
-0.130713 -0.0495252 0.248 1794.11 2
-0.127396 -0.0495886 0.247111 1589.7 2
-0.124633 -0.0496699 0.2466 1271.65 2
-0.121819 -0.0501375 0.246 925.438 2
-0.144861 -0.0469091 0.24613 1899.65 2
-0.142419 -0.0464591 0.246429 2657.79 2
-0.139372 -0.0464658 0.246259 2653.19 2
-0.136491 -0.047169 0.247381 2595.19 2
-0.133778 -0.0471072 0.247625 1993.5 2
-0.131424 -0.0475816 0.248 1800.67 2
-0.142649 -0.0445255 0.246 2222.1 2
-0.0905735 -0.0220778 0.246 809.25 2
-0.0906963 -0.0194332 0.246333 1089.92 2
-0.0908827 -0.0166239 0.246182 1372.36 2
-0.0895691 -0.016333 0.246667 974.167 2
-0.0904452 -0.0134635 0.246294 1440.41 2
-0.0895118 -0.0135936 0.24725 1123.5 2
-0.0904467 -0.010752 0.24675 1526.08 2
-0.0897314 -0.0105782 0.247571 1326.57 2
-0.0901373 -0.0074098 0.247 1653 2
-0.0895508 -0.00764929 0.247286 1494.57 2
-0.0901373 -0.00445826 0.247 1762.67 2
-0.089601 -0.00445826 0.247 1668.5 2
-0.0901373 -0.00150672 0.247 1915.2 2
-0.089601 -0.00150672 0.247 1823.8 2
-0.0901373 0.000908181 0.247 1990 2
-0.0895276 0.0018721 0.2468 1906.8 2
-0.0887727 0.00486094 0.24675 1878.5 2
-0.0886431 0.00743876 0.247412 1924.41 2
-0.0888859 0.0101538 0.2474 2034 2
-0.0888264 0.0136386 0.247 2169.78 2
-0.0889644 0.0167519 0.2468 2231.95 2
-0.0892229 0.0193995 0.2467 2365.3 2
-0.0905244 0.0225139 0.246688 2533.75 2
-0.0895319 0.0220073 0.2477 2410.8 2
-0.0906117 0.0255749 0.246833 2583.5 2
-0.0897824 0.025644 0.2475 2463.17 2
-0.0904281 0.0284683 0.246333 2641 2
-0.089287 0.0284367 0.247706 2472.18 2
-0.0906488 0.0315985 0.246273 2666.86 2
-0.0893044 0.0315819 0.247667 2496.06 2
-0.0906731 0.0343422 0.246238 2714.71 2
-0.0893272 0.0343685 0.247615 2574.23 2
-0.0910497 0.0375639 0.246636 2821.05 2
-0.0897824 0.0369391 0.2475 2678.75 2
-0.0918814 0.0405592 0.247214 2888.46 2
-0.0917686 0.0436354 0.247067 2895.23 2
-0.0935111 0.0471363 0.246 2970.67 2
-0.0919292 0.0466633 0.247036 2888 2
-0.0939322 0.0498988 0.246267 3044.4 2
-0.0923693 0.0493177 0.247238 2918.71 2
-0.0939098 0.0525762 0.246867 3046.9 2
-0.0924541 0.0523015 0.248 2932.25 2
-0.0963535 0.0558639 0.246231 3115.15 2
-0.0946577 0.0553951 0.247233 3068.7 2
-0.092656 0.0545241 0.248 2942 2
-0.0969656 0.0587264 0.24664 3115.6 2
-0.0952967 0.0584442 0.247867 3088 2
-0.0971728 0.0615519 0.246815 3089.37 2
-0.0958867 0.0615287 0.248 3072.6 2
-0.0997871 0.0654146 0.2462 3106.4 2
-0.0979818 0.0642511 0.247231 3097.35 2
-0.100217 0.0676485 0.246867 3065.17 2
-0.0984457 0.0665579 0.247667 3017.83 2
-0.102972 0.0706784 0.246579 3020.53 2
-0.10095 0.0701939 0.247636 3039.73 2
-0.105528 0.0749288 0.246 2887 2
-0.103806 0.0735422 0.247103 2965.83 2
-0.106183 0.0769288 0.246444 2830.89 2
-0.104087 0.0762351 0.247444 2892.56 2
-0.111404 0.0805407 0.246 2675 2
-0.109185 0.0798521 0.246191 2719.62 2
-0.106748 0.0794381 0.247412 2780.21 2
-0.104502 0.0787708 0.248 2767.33 2
-0.141283 0.0825301 0.246 520.111 2
-0.139512 0.0824521 0.24612 909.92 2
-0.137174 0.0826118 0.246 1182.44 2
-0.114875 0.0830794 0.246 2436.75 2
-0.112261 0.0826172 0.2464 2543.57 2
-0.10945 0.0824744 0.2476 2605.44 2
-0.107409 0.0817882 0.248 2689.4 2
-0.141083 0.0854296 0.247 418 2
-0.139424 0.085315 0.24687 786.739 2
-0.136651 0.0853017 0.2465 1130.92 2
-0.133688 0.0859745 0.246 1343.33 2
-0.131967 0.0866871 0.246 1423 2
-0.117012 0.0866871 0.246 2202 2
-0.115031 0.0855788 0.246087 2365.57 2
-0.112517 0.0853351 0.247 2411.32 2
-0.110502 0.0851982 0.248 2460.71 2
-0.139501 0.0876613 0.248 738.9 2
-0.136129 0.0878887 0.2475 1097.31 2
-0.133672 0.0881555 0.247294 1309.29 2
-0.130534 0.0886158 0.246227 1440.45 2
-0.127872 0.0894486 0.246 1537.25 2
-0.123688 0.0896267 0.246 1818.25 2
-0.121309 0.0892811 0.246111 1952.33 2
-0.118298 0.0887562 0.2464 2083.2 2
-0.115473 0.0885232 0.246839 2206.45 2
-0.11281 0.0882568 0.247692 2296.62 2
-0.110963 0.0876613 0.248 2400.5 2
-0.133039 0.0913176 0.248 1244.64 2
-0.130558 0.0915974 0.247292 1348.62 2
-0.127198 0.0915777 0.246333 1521.12 2
-0.124402 0.0916145 0.246259 1660.33 2
-0.121458 0.0915959 0.247182 1845.82 2
-0.118526 0.0916329 0.247923 1950.92 2
-0.11566 0.0910439 0.248 2095.78 2
-0.112848 0.090086 0.248 2222 2
-0.13277 0.0933189 0.248 1136 2
-0.130778 0.0938218 0.248 1227.87 2
-0.127186 0.0943074 0.247765 1464.53 2
-0.124433 0.0945713 0.24775 1594.6 2
-0.121508 0.0943669 0.247968 1734.65 2
-0.118568 0.093925 0.248 1831.56 2
-0.12604 0.096013 0.248 1442 2
-0.124424 0.096013 0.248 1522.8 2
-0.121463 0.096013 0.248 1670.17 2
-0.141144 -0.0507489 0.249 433 2
-0.139711 -0.0501768 0.249444 830.778 2
-0.137901 -0.0499374 0.249 1074.5 2
-0.0901465 -0.0107588 0.25 1225.33 2
-0.0897137 -0.00962417 0.2505 1111.88 2
-0.0889859 -0.00723111 0.249632 1188.37 2
-0.0893225 -0.00471865 0.250167 1369.33 2
-0.0901465 -0.000710273 0.25 1778 2
-0.0897217 -0.00207093 0.250333 1588.89 2
-0.0895351 0.00132496 0.25 1715.5 2
-0.0887638 0.00452321 0.249714 1682.29 2
-0.0880625 0.00744459 0.25025 1712.69 2
-0.0886522 0.0106282 0.25 1868.38 2
-0.0886605 0.0133085 0.2501 1961.8 2
-0.088062 0.0165104 0.250182 1967.45 2
-0.0880208 0.0194521 0.250241 2057.93 2
-0.0885844 0.0224794 0.249931 2208.1 2
-0.0889498 0.0254436 0.249857 2296.21 2
-0.0886052 0.0286283 0.250333 2284.33 2
-0.0882273 0.0314706 0.250091 2316.73 2
-0.0885143 0.0346294 0.25025 2449.46 2
-0.0905969 0.0385143 0.249 2710 2
-0.0887409 0.0374898 0.250062 2509.16 2
-0.0904843 0.0404483 0.24925 2696.69 2
-0.0891273 0.0401895 0.250444 2544.72 2
-0.0905632 0.0434116 0.24975 2725.44 2
-0.0899621 0.043459 0.251 2605.33 2
-0.0905705 0.0463879 0.249588 2748.41 2
-0.0899621 0.0464583 0.251 2641 2
-0.0910864 0.0495377 0.249917 2767.88 2
-0.0899621 0.0494577 0.251 2626.67 2
-0.091404 0.052646 0.249759 2806.52 2
-0.0899621 0.0530023 0.251 2672.33 2
-0.0932999 0.0560964 0.249 3017.12 2
-0.0914591 0.0555154 0.249818 2808.36 2
-0.0899621 0.0554563 0.251 2667.83 2
-0.093878 0.0585548 0.2491 2981.65 2
-0.091665 0.0584002 0.250179 2841.68 2
-0.0899621 0.0579103 0.251 2694.33 2
-0.0961172 0.0625681 0.25 3062 2
-0.0944631 0.0614019 0.249939 3028.15 2
-0.0924144 0.0610006 0.251 2899.33 2
-0.0967275 0.0646482 0.249765 3036.71 2
-0.0951394 0.0639373 0.250615 2990.92 2
-0.0977514 0.0676109 0.250071 3000.14 2
-0.0959567 0.0663631 0.251 3010 2
-0.0996496 0.0707978 0.249333 2981.25 2
-0.0985517 0.0704488 0.2505 2954.44 2
-0.102626 0.0738139 0.249 2994 2
-0.100606 0.073495 0.249879 2950.33 2
-0.0980849 0.0735685 0.25087 2933.22 2
-0.102706 0.0765701 0.249421 2854 2
-0.100492 0.0763683 0.250455 2874.3 2
-0.0980976 0.076218 0.251 2882.29 2
-0.105464 0.0804409 0.249 2740.5 2
-0.103381 0.0793524 0.249563 2790.88 2
-0.100535 0.0793182 0.250867 2802.33 2
-0.098409 0.0780877 0.251 2851.5 2
-0.108438 0.0836869 0.249 2569.25 2
-0.106395 0.0827119 0.249385 2647.58 2
-0.103843 0.0820651 0.250462 2715.31 2
-0.101679 0.0813597 0.251 2764.5 2
-0.109077 0.0856498 0.249333 2522.58 2
-0.106635 0.0852964 0.25075 2566.96 2
-0.104676 0.084359 0.251 2571 2
-0.141144 0.0890968 0.249 370 2
-0.139523 0.0890968 0.249 739.6 2
-0.13682 0.0895025 0.249 1030.88 2
-0.134657 0.0899082 0.249 1224 2
-0.111681 0.0893673 0.249 2337.33 2
-0.109521 0.0884157 0.249564 2420.21 2
-0.107286 0.0883554 0.250733 2445.73 2
-0.141188 0.0914484 0.251 501.25 2
-0.139466 0.091566 0.2505 732.35 2
-0.136617 0.0916668 0.249538 1000.19 2
-0.134348 0.0918403 0.249 1179.57 2
-0.115015 0.0921624 0.249 2069.75 2
-0.112317 0.0918115 0.249308 2195.35 2
-0.109539 0.0915322 0.250176 2293.21 2
-0.107742 0.0911076 0.251 2340 2
-0.139191 0.0944347 0.250118 487.706 2
-0.136564 0.0944331 0.24952 835.16 2
-0.133821 0.0948017 0.249 1031.77 2
-0.130582 0.0953597 0.249 1241.15 2
-0.127899 0.0958591 0.249 1407.5 2
-0.12006 0.0958591 0.249 1756 2
-0.11813 0.0951249 0.249 1847.43 2
-0.115424 0.0945525 0.249158 1946.79 2
-0.112566 0.0945354 0.250231 2079.88 2
-0.109824 0.094438 0.250905 2139.57 2
-0.107946 0.0933571 0.251 2226 2
-0.13866 0.0972249 0.25025 298.5 2
-0.13661 0.0973692 0.25032 706.2 2
-0.133564 0.0977983 0.2505 986.3 2
-0.130705 0.0976426 0.250435 1206.48 2
-0.127395 0.0976584 0.249333 1357.21 2
-0.124385 0.0977526 0.249 1476.45 2
-0.121474 0.0977932 0.24924 1622.12 2
-0.118553 0.0977791 0.249607 1734.43 2
-0.115448 0.0976693 0.249939 1849.52 2
-0.11262 0.0973669 0.250933 1975.4 2
-0.109854 0.0963564 0.251 2054 2
-0.130616 0.100119 0.251 1045.13 2
-0.127294 0.0995352 0.2494 1280.1 2
-0.12428 0.0995086 0.249333 1385.17 2
-0.121628 0.0997746 0.25 1330.1 2
-0.118914 0.0996388 0.25 1483.5 2
-0.115323 0.0995389 0.250286 1789.57 2
-0.113395 0.0996285 0.251 1839.5 2
-0.0885799 -0.00373464 0.2525 1087.33 2
-0.0903205 -0.000715956 0.252 1672.5 2
-0.0884996 -0.00141589 0.253267 1149.13 2
-0.0883989 0.00148269 0.253556 1264.83 2
-0.0880992 0.00431778 0.253348 1382.61 2
-0.0868339 0.00560252 0.253 1281 2
-0.087711 0.00732369 0.253 1513.27 2
-0.0868339 0.0061522 0.253 1309 2
-0.0882071 0.0105496 0.253 1712.6 2
-0.0878008 0.0135773 0.2531 1738.6 2
-0.0875061 0.0159483 0.2532 1760.9 2
-0.0868339 0.0168709 0.253 1695.25 2
-0.0871529 0.0195662 0.252333 1870.83 2
-0.0864456 0.0194755 0.253375 1714.94 2
-0.0875944 0.0229678 0.252556 1978.11 2
-0.0866956 0.0221951 0.253286 1830.71 2
-0.0877187 0.0255134 0.252294 2078.53 2
-0.0868339 0.025391 0.253 1967.4 2
-0.0876501 0.0284381 0.2524 2118.8 2
-0.0865314 0.0286569 0.253625 1978.62 2
-0.0874904 0.0315656 0.252917 2162.33 2
-0.0866403 0.0307159 0.2534 2024.4 2
-0.0875935 0.0345436 0.253611 2269.17 2
-0.0872922 0.0374945 0.252286 2311.14 2
-0.0868339 0.0380336 0.253 2237.67 2
-0.087841 0.040833 0.252667 2374.81 2
-0.0867298 0.0403135 0.2535 2262.25 2
-0.0887508 0.0433913 0.252966 2473.55 2
-0.0866256 0.0420469 0.254 2255 2
-0.0892895 0.0463953 0.252818 2559.41 2
-0.0901297 0.0498518 0.253 2568.25 2
-0.089256 0.0494412 0.253556 2531.67 2
-0.0903361 0.0521117 0.252556 2641.33 2
-0.0892926 0.0526159 0.253471 2593.65 2
-0.0901297 0.0564479 0.253 2633 2
-0.0892724 0.055442 0.2533 2585.05 2
-0.0903757 0.0589037 0.252667 2680.56 2
-0.0896512 0.0584188 0.2532 2616.8 2
-0.0915387 0.0615115 0.252917 2778.12 2
-0.0899344 0.0608099 0.254 2645.33 2
-0.0941194 0.06478 0.252174 2884.43 2
-0.0921594 0.0644059 0.2536 2775.2 2
-0.0965496 0.0681133 0.252143 2981.86 2
-0.0943577 0.0674661 0.252806 2910 2
-0.0922406 0.0675324 0.254 2758.36 2
-0.0969362 0.0705622 0.252185 2920.56 2
-0.094324 0.0705016 0.253323 2829.13 2
-0.0923609 0.0700258 0.254 2750.3 2
-0.096727 0.0732304 0.252263 2867.68 2
-0.0947393 0.07352 0.253276 2837.86 2
-0.0968527 0.0766527 0.2522 2872 2
-0.0948782 0.0763666 0.253583 2809.83 2
-0.0990746 0.0797676 0.252 2793.75 2
-0.0972615 0.0795315 0.252941 2803.24 2
-0.102768 0.0833264 0.252 2690.62 2
-0.100544 0.0825531 0.252533 2715.77 2
-0.0981698 0.0822676 0.253375 2721.5 2
-0.10564 0.0862008 0.252 2521.5 2
-0.103465 0.0857955 0.253125 2578.72 2
-0.100867 0.0851227 0.253857 2623.36 2
-0.10601 0.0885127 0.252261 2485.74 2
-0.103493 0.0883828 0.253724 2527.52 2
-0.101515 0.0881266 0.254 2617.25 2
-0.106591 0.0915289 0.252965 2371.31 2
-0.104022 0.0905096 0.254 2422.18 2
-0.10865 0.0950978 0.252 2157.62 2
-0.106733 0.0945651 0.253 2213.46 2
-0.104824 0.0950248 0.254 2244.33 2
-0.137101 0.0986566 0.252 743 2
-0.11144 0.0983281 0.252 2006.6 2
-0.109297 0.0978209 0.252 2028.11 2
-0.106452 0.0973921 0.252941 2116.74 2
-0.104307 0.0976805 0.254 2144.56 2
-0.13865 0.100524 0.252333 300.333 2
-0.136592 0.100653 0.252461 694.538 2
-0.133422 0.100512 0.252 938.111 2
-0.111858 0.0998013 0.252 1820.73 2
-0.109305 0.0998605 0.252421 1766.42 2
-0.10656 0.0998008 0.253368 1961 2
-0.104493 0.0997706 0.254 2048.4 2
-0.0866898 0.00426175 0.255 918.75 2
-0.0875874 0.008351 0.255429 1394.29 2
-0.0865918 0.00773669 0.256 1094.57 2
-0.0875849 0.0106666 0.25579 1471.47 2
-0.0860061 0.0105516 0.256857 1037.05 2
-0.0874456 0.0130386 0.256 1510.38 2
-0.0858718 0.0135459 0.256833 1209.75 2
-0.0861383 0.0163913 0.25625 1423.69 2
-0.0859853 0.0195901 0.2562 1534.2 2
-0.0864718 0.0226319 0.256 1688.15 2
-0.086452 0.0255489 0.256091 1759.32 2
-0.0861027 0.0282877 0.256 1824.58 2
-0.086373 0.0316106 0.255889 1934.83 2
-0.0873077 0.0345912 0.256 2115.4 2
-0.0865305 0.0345272 0.256444 1987.33 2
-0.0873077 0.0362598 0.256 2153 2
-0.0864851 0.0375831 0.256 2061.81 2
-0.0864005 0.0404906 0.2562 2133.9 2
-0.0877971 0.0440592 0.255 2339.83 2
-0.0865171 0.0435937 0.256263 2151.89 2
-0.0877773 0.0465667 0.255815 2362.81 2
-0.0865328 0.0470105 0.257 2244 2
-0.0880893 0.049538 0.256048 2402.62 2
-0.0865328 0.0481272 0.257 2241 2
-0.0881584 0.0525221 0.255909 2470.27 2
-0.0883124 0.0555564 0.2565 2493.1 2
-0.0886464 0.0585904 0.256063 2499.56 2
-0.0904617 0.062252 0.255714 2654 2
-0.0891964 0.0614538 0.256533 2592.07 2
-0.0909224 0.0645845 0.256048 2704 2
-0.0898807 0.0645992 0.257 2616 2
-0.0911471 0.067465 0.2558 2706.12 2
-0.0898807 0.0676702 0.257 2662.2 2
-0.0912344 0.0704977 0.255808 2731.58 2
-0.0898807 0.0704621 0.257 2663.2 2
-0.0933335 0.0737919 0.255 2787.4 2
-0.0917998 0.0734093 0.256192 2735.19 2
-0.0935791 0.0767975 0.255167 2746.67 2
-0.092245 0.0765933 0.256455 2688.86 2
-0.0966554 0.0809942 0.255 2792 2
-0.0945908 0.0795568 0.255786 2710.89 2
-0.0922314 0.0788307 0.25675 2621.88 2
-0.0968268 0.0826916 0.255412 2708.24 2
-0.094973 0.0823505 0.256762 2653.62 2
-0.0998581 0.0858787 0.255077 2611.77 2
-0.0974036 0.0855231 0.256118 2611.94 2
-0.095336 0.0843118 0.256667 2629.67 2
-0.102469 0.0898586 0.255 2544 2
-0.100516 0.0886237 0.255433 2549.6 2
-0.0981088 0.0884435 0.256696 2531.13 2
-0.105514 0.0923517 0.255 2364 2
-0.103315 0.0918466 0.255 2413.18 2
-0.100561 0.0915363 0.255194 2438.81 2
-0.098231 0.0915636 0.256615 2455.77 2
-0.105514 0.0937368 0.255 2310 2
-0.103556 0.094607 0.255129 2338.58 2
-0.100734 0.0945161 0.255821 2386.43 2
-0.0981687 0.0943131 0.256857 2380.67 2
-0.102968 0.0975489 0.25564 2135 2
-0.100699 0.0972451 0.25681 2155.24 2
-0.0985295 0.0961471 0.257 2207.5 2
-0.10299 0.100326 0.255741 2044.07 2
-0.101083 0.100786 0.257 2049 2
-0.0865894 0.00739487 0.258 795 2
-0.0845355 0.0165504 0.258 946.083 2
-0.0848714 0.0194849 0.2585 1197.68 2
-0.0852694 0.0226267 0.2591 1355 2
-0.0858003 0.0254304 0.259 1560 2
-0.0855795 0.0284505 0.258333 1653 2
-0.0856678 0.0315728 0.2586 1745.6 2
-0.0862983 0.0345589 0.259 1865.83 2
-0.0855345 0.0376713 0.259333 1841.06 2
-0.0852448 0.0404978 0.259182 1878.68 2
-0.0854778 0.0431962 0.259 1962.43 2
-0.0861735 0.0463629 0.258882 2099.06 2
-0.0874296 0.0497159 0.258 2307.25 2
-0.0863942 0.0495922 0.259381 2148 2
-0.0874296 0.0525186 0.258 2367.17 2
-0.0863853 0.0525112 0.258952 2268.43 2
-0.0874296 0.0556016 0.258 2389.2 2
-0.0862715 0.0556002 0.259083 2284.88 2
-0.0874296 0.0584043 0.258 2404.6 2
-0.086103 0.0585638 0.259259 2285.56 2
-0.0879375 0.0616923 0.258235 2485.12 2
-0.0860829 0.0614433 0.259304 2325.39 2
-0.0885753 0.0646078 0.2589 2501.03 2
-0.0866961 0.0636586 0.26 2344 2
-0.0890011 0.0675035 0.2585 2595.1 2
-0.0890675 0.0704773 0.258545 2569.73 2
-0.0904198 0.0735813 0.258429 2668.64 2
-0.0890974 0.0735437 0.259714 2537.36 2
-0.0909146 0.0764164 0.258889 2623.44 2
-0.0898009 0.0758037 0.26 2571 2
-0.0933113 0.080826 0.258 2634 2
-0.0915251 0.0797576 0.258952 2590.1 2
-0.0937347 0.0828402 0.258286 2618.93 2
-0.0922903 0.0826617 0.259067 2581.67 2
-0.0943258 0.0857489 0.258529 2580.91 2
-0.0925105 0.0854068 0.26 2551 2
-0.0966296 0.088756 0.258091 2513.36 2
-0.0944536 0.0884551 0.259 2523.43 2
-0.0926234 0.0876663 0.26 2536.33 2
-0.0967556 0.0913301 0.2583 2440.05 2
-0.0951974 0.0914713 0.259667 2416.67 2
-0.0966668 0.0947292 0.258263 2359.05 2
-0.0953228 0.0945115 0.259667 2378.07 2
-0.099613 0.0982028 0.258 2113.88 2
-0.0973391 0.0977013 0.258815 2186.96 2
-0.0954024 0.0963768 0.2595 2289.5 2
-0.099942 0.100355 0.258227 2117.68 2
-0.0978272 0.100637 0.259458 2147.08 2
-0.0995685 0.102226 0.25825 2056 2
-0.0980795 0.102613 0.2598 1985.8 2
-0.0890695 0.00580182 0.262 1061.5 2
-0.0890695 0.00637105 0.262 1111 2
-0.0844992 0.022978 0.2615 1072.75 2
-0.0839129 0.0227915 0.261 962 2
-0.0853034 0.0253924 0.2615 1343.17 2
-0.0853572 0.0287242 0.261667 1460.92 2
-0.0851077 0.0315611 0.261909 1490.45 2
-0.0850855 0.034547 0.262 1588.4 2
-0.0847618 0.037234 0.261875 1621.75 2
-0.0845188 0.0405251 0.262 1720.6 2
-0.0849035 0.0437767 0.261875 1821.38 2
-0.0850855 0.0465009 0.262 1902.65 2
-0.0850633 0.0494942 0.262091 1980.41 2
-0.0851077 0.0526154 0.261909 2080.55 2
-0.0850269 0.0555061 0.262111 2115.78 2
-0.0849966 0.0584944 0.2626 2088.4 2
-0.0849442 0.0614036 0.262438 2190.81 2
-0.0873129 0.0653211 0.261 2366.33 2
-0.0857935 0.0645477 0.261737 2219.21 2
-0.087763 0.0677188 0.2615 2424.5 2
-0.0864886 0.0674853 0.2628 2287.3 2
-0.087763 0.0705595 0.2615 2409.2 2
-0.0865545 0.0695358 0.263 2313.25 2
-0.0877993 0.0735422 0.261455 2419.91 2
-0.0865544 0.0738213 0.263 2327.4 2
-0.0904296 0.0775129 0.261 2571 2
-0.0885267 0.0765063 0.262083 2449.62 2
-0.0865545 0.0755355 0.263 2349 2
-0.0904989 0.0795594 0.2612 2578.4 2
-0.0892384 0.0793842 0.2625 2451.2 2
-0.0909695 0.0825383 0.261818 2497.55 2
-0.089695 0.0821067 0.263 2445.5 2
-0.0916088 0.085664 0.262083 2489.79 2
-0.0935463 0.0894212 0.261 2472 2
-0.0919655 0.0884427 0.262227 2482.91 2
-0.0938519 0.091841 0.261765 2366.18 2
-0.0924321 0.0908482 0.262667 2381.78 2
-0.0939597 0.094462 0.262038 2331.5 2
-0.094279 0.0975676 0.262091 2231.21 2
-0.0967574 0.100605 0.261 2136.78 2
-0.0947593 0.100387 0.26229 2099.06 2
-0.0968653 0.102909 0.261 1953.14 2
-0.0950759 0.103004 0.262263 1908.58 2
-0.0854506 0.0216195 0.264 1013 2
-0.0852488 0.0258287 0.2648 1164.2 2
-0.0851277 0.0282977 0.264333 1271.75 2
-0.083731 0.0299364 0.264 1151 2
-0.0843042 0.0316572 0.264 1320.6 2
-0.0836862 0.0318648 0.264667 1200.44 2
-0.0843042 0.0345251 0.264 1430.8 2
-0.0834354 0.0349624 0.264889 1259.44 2
-0.0843042 0.0373929 0.264 1510.2 2
-0.0834927 0.0375443 0.265067 1370.07 2
-0.0843042 0.0405476 0.264 1639.67 2
-0.083586 0.040559 0.26525 1478.06 2
-0.0843169 0.0436547 0.2644 1668.6 2
-0.0835526 0.0433801 0.265538 1529.69 2
-0.0843359 0.0464588 0.265 1747.17 2
-0.083499 0.0451892 0.266 1557 2
-0.084328 0.0493619 0.26475 1826 2
-0.0835454 0.050141 0.2656 1732.5 2
-0.0843148 0.0525647 0.264333 1902.33 2
-0.0835653 0.0525071 0.265429 1761.86 2
-0.0843359 0.0553829 0.265 1933.1 2
-0.083499 0.054436 0.266 1803.5 2
-0.0843359 0.0585495 0.265 1954.92 2
-0.083499 0.0593483 0.266 1856 2
-0.0843359 0.0617161 0.265 2061.6 2
-0.0847547 0.064582 0.265286 2087.14 2
-0.0854492 0.0675612 0.264727 2160.77 2
-0.0871701 0.0712341 0.264 2321.33 2
-0.0858633 0.0705332 0.265176 2218.35 2
-0.0871701 0.0723813 0.264 2317 2
-0.0859869 0.0735958 0.265067 2256.53 2
-0.0871701 0.0769699 0.264 2391.67 2
-0.0857707 0.0765973 0.265304 2253.83 2
-0.0878353 0.07952 0.264176 2392.29 2
-0.0865433 0.0795257 0.265462 2340.62 2
-0.0903227 0.0838528 0.264 2442 2
-0.0883906 0.0826647 0.264826 2376.13 2
-0.0866174 0.0815486 0.265571 2333.29 2
-0.0903227 0.0855736 0.264 2425.4 2
-0.0888448 0.0853653 0.265583 2344.58 2
-0.0906848 0.0888012 0.2645 2405.25 2
-0.0891426 0.088509 0.265454 2334.32 2
-0.0912077 0.0915709 0.264454 2358.5 2
-0.08906 0.0913983 0.265556 2292.22 2
-0.0914452 0.0944626 0.264513 2265.92 2
-0.0889856 0.0943128 0.266 2204.4 2
-0.0913426 0.0975403 0.264611 2211.14 2
-0.0893465 0.0971302 0.266 2176.62 2
-0.0937617 0.101634 0.264 2055 2
-0.0914247 0.100452 0.265032 2084.48 2
-0.0895631 0.10067 0.266 2046 2
-0.0936166 0.103384 0.264286 1909.14 2
-0.0915763 0.10342 0.265294 1954.91 2
-0.0895631 0.103271 0.266 2012.75 2
-0.0910069 0.105293 0.266 1218.5 2
-0.0854071 0.0231704 0.267 796.25 2
-0.0846586 0.0256977 0.267091 740.182 2
-0.0847927 0.0284495 0.267182 1024.45 2
-0.0823812 0.0327191 0.268 411.5 2
-0.0841028 0.0346273 0.267 1233.25 2
-0.0828138 0.0344869 0.267875 817.875 2
-0.0827533 0.0374141 0.268267 1007.13 2
-0.0822831 0.0403155 0.268 1087.38 2
-0.0809266 0.041162 0.268 824 2
-0.0827853 0.043078 0.268077 1309.92 2
-0.0841028 0.0468093 0.267 1657 2
-0.0833442 0.0464336 0.268429 1492.71 2
-0.0841028 0.0485497 0.267 1726 2
-0.0831758 0.0492821 0.268286 1570.14 2
-0.0825816 0.0527332 0.268444 1556.78 2
-0.0841028 0.056091 0.267 1866.75 2
-0.0828968 0.0554262 0.268 1683.78 2
-0.0841028 0.0581213 0.267 1868 2
-0.0831876 0.0583547 0.268077 1754.69 2
-0.0841028 0.0616018 0.267 1949.2 2
-0.0831498 0.0613675 0.267667 1822.87 2
-0.0843548 0.0646964 0.2678 2014.4 2
-0.0835509 0.0641755 0.268333 1909.33 2
-0.0845338 0.0675337 0.268231 2044.23 2
-0.0846655 0.0705089 0.268278 2082.5 2
-0.0851304 0.0733409 0.2675 2150.1 2
-0.0845488 0.0763872 0.268286 2075.07 2
-0.0835647 0.0769666 0.269 1992.5 2
-0.0852568 0.0795615 0.2679 2220.15 2
-0.0870013 0.0830654 0.267 2285.33 2
-0.0855198 0.0826567 0.26813 2163.22 2
-0.0874602 0.0858443 0.267222 2270.33 2
-0.0862814 0.0856007 0.268231 2181.23 2
-0.0876896 0.0883965 0.267333 2307.6 2
-0.086377 0.0884478 0.268667 2218.33 2
-0.087711 0.091492 0.267294 2202.12 2
-0.086377 0.0913664 0.268667 2138.93 2
-0.0876618 0.0944013 0.267385 2142.38 2
-0.0863554 0.0944821 0.268706 2083.53 2
-0.0881376 0.0976255 0.268072 2136.54 2
-0.0881971 0.100456 0.268 2049.9 2
-0.0881951 0.103458 0.267938 1989.31 2
-0.0864691 0.104678 0.2685 1954 2
-0.0904795 0.105399 0.267 1559 2
-0.0884403 0.105737 0.267857 1543.21 2
-0.0861929 0.105896 0.269 1605.5 2
-0.0859731 0.0296617 0.272 1017.5 2
-0.0850829 0.0318472 0.27175 931.875 2
-0.0838754 0.0329633 0.27 829 2
-0.0844616 0.0335499 0.27 1077 2
-0.0838754 0.0335499 0.27 902 2
-0.0822537 0.0435631 0.270667 1088.56 2
-0.0825811 0.0468035 0.271231 1254.38 2
-0.0822515 0.049681 0.271263 1295.79 2
-0.0809534 0.0500498 0.272 1083.75 2
-0.0818985 0.0521378 0.270923 1349.54 2
-0.0807305 0.0529794 0.2715 1201.62 2
-0.0818059 0.0557422 0.270615 1468 2
-0.0805558 0.0542149 0.270667 1223 2
-0.0823817 0.058817 0.270875 1617.88 2
-0.0820945 0.0616174 0.2709 1624.65 2
-0.082491 0.0646633 0.270917 1733.58 2
-0.0832403 0.0674793 0.2708 1831.45 2
-0.084186 0.0710621 0.271 1999.75 2
-0.0832656 0.0702896 0.271429 1900.71 2
-0.0843238 0.0735757 0.2705 2011.9 2
-0.0835977 0.0737117 0.271 1925.2 2
-0.0842549 0.07585 0.27075 2004.5 2
-0.0832828 0.0768099 0.271545 1929.45 2
-0.0844616 0.0793058 0.27 2077 2
-0.083675 0.0791437 0.270909 1978.91 2
-0.0844755 0.082689 0.27075 2075.38 2
-0.0837681 0.0822545 0.271556 2011.11 2
-0.084932 0.0855484 0.270778 2041.22 2
-0.0836109 0.0849165 0.272 1989.88 2
-0.0852245 0.0885945 0.2715 2093.55 2
-0.0850634 0.091473 0.270818 2053.64 2
-0.0849105 0.0944385 0.2705 2048.5 2
-0.0855635 0.0976247 0.271 2039.85 2
-0.0871279 0.10109 0.271 2028.5 2
-0.0855988 0.100511 0.271133 1997.4 2
-0.0856541 0.103543 0.271 1939.67 2
-0.0836108 0.104714 0.272 1856.5 2
-0.0848936 0.105814 0.270714 1867.86 2
-0.0831047 0.106318 0.272 1743.57 2
-0.0854155 0.0292845 0.274 496.5 2
-0.0854155 0.0310704 0.274 701.833 2
-0.0827328 0.044599 0.273 1091 2
-0.0817525 0.0462416 0.273 932.231 2
-0.0806563 0.0474413 0.274 578.25 2
-0.0815473 0.0484544 0.273 1042.75 2
-0.0803619 0.0505304 0.273 906.5 2
-0.080329 0.052178 0.273 1016.89 2
-0.0815477 0.0562778 0.275 1232 2
-0.0819031 0.0584118 0.2738 1399.4 2
-0.0815058 0.0615459 0.274143 1447.43 2
-0.0808946 0.0619801 0.2738 1408.8 2
-0.0814742 0.0646469 0.27375 1528.5 2
-0.0808799 0.0646469 0.27375 1475.75 2
-0.0818963 0.0677519 0.273647 1616.59 2
-0.0809537 0.0667887 0.274 1511.33 2
-0.0820226 0.0707091 0.2742 1701.8 2
-0.0828833 0.0734998 0.2735 1834.8 2
-0.0826937 0.0761493 0.273714 1852 2
-0.0828675 0.0795895 0.273667 1905.44 2
-0.0827962 0.082564 0.2741 1911.85 2
-0.0842146 0.0867115 0.273 2017 2
-0.082256 0.0854735 0.274154 1870.77 2
-0.0842146 0.0884909 0.273 2034 2
-0.0825382 0.0883332 0.274148 1874.59 2
-0.0842146 0.0914565 0.273 2031.8 2
-0.0830344 0.0914934 0.274 1937.59 2
-0.0842146 0.0944222 0.273 1996.6 2
-0.0830342 0.0946187 0.274 1916.2 2
-0.0842146 0.0973879 0.273 1990.4 2
-0.0830342 0.0975952 0.274 1905 2
-0.0842146 0.100354 0.273 1948 2
-0.0825916 0.10055 0.2736 1871.4 2
-0.0842146 0.103319 0.273 1904.4 2
-0.0823877 0.103435 0.273833 1832.23 2
-0.0803536 0.104674 0.275 1574.5 2
-0.0820026 0.105988 0.273667 1604.53 2
-0.0805936 0.106072 0.2746 1242 2
-0.0809454 0.0549833 0.276 1025.5 2
-0.0818443 0.0588811 0.276 1323.67 2
-0.0812387 0.0618026 0.277 1303 2
-0.0806415 0.0621408 0.2765 1255.75 2
-0.0806458 0.064278 0.276 1347.6 2
-0.0812387 0.0681218 0.277 1476 2
-0.0806421 0.0671246 0.276429 1413.29 2
-0.0812387 0.0705291 0.277 1522 2
-0.0806373 0.0705291 0.277 1468.6 2
-0.0816113 0.0735593 0.276385 1683 2
-0.0806373 0.0735382 0.277 1571.8 2
-0.0816815 0.0763995 0.276467 1721.93 2
-0.0807537 0.0766566 0.2774 1626.4 2
-0.0817341 0.0793268 0.2765 1751.5 2
-0.0808556 0.0794709 0.27775 1637.75 2
-0.0816905 0.0823401 0.276625 1786.81 2
-0.0808314 0.0824612 0.277667 1674 2
-0.0812387 0.0855747 0.277 1773.6 2
-0.0806373 0.0855747 0.277 1718 2
-0.0812387 0.0885838 0.277 1726.4 2
-0.0806373 0.0885838 0.277 1714.2 2
-0.0817131 0.0913181 0.276429 1805.86 2
-0.0807828 0.0914578 0.2775 1742.25 2
-0.0819245 0.0943926 0.277143 1832.57 2
-0.0809284 0.0940375 0.278 1763 2
-0.0818588 0.0974324 0.277067 1786.6 2
-0.0809284 0.0973595 0.278 1721.4 2
-0.0816476 0.100189 0.276643 1745 2
-0.0807829 0.100499 0.2775 1708.83 2
-0.0812387 0.102426 0.277 1733 2
-0.0797644 0.103628 0.277 1498.83 2
-0.0794473 0.105354 0.276 1039 2
-0.0815436 0.0563141 0.280714 885.857 2
-0.0816706 0.0586129 0.280231 1099.77 2
-0.0804852 0.0583522 0.280667 781.833 2
-0.0814121 0.0608786 0.279667 1166.78 2
-0.0802856 0.0618204 0.2805 965.75 2
-0.0798934 0.0645245 0.279667 1045.94 2
-0.079636 0.0673329 0.280077 1109.88 2
-0.077531 0.068495 0.281 645 2
-0.0793989 0.0702947 0.280067 1183.13 2
-0.077531 0.069716 0.281 771.333 2
-0.0799886 0.073421 0.28 1361.45 2
-0.0799886 0.0764627 0.28 1416.7 2
-0.0799886 0.0795044 0.28 1474.7 2
-0.0798469 0.0823993 0.2795 1524.4 2
-0.0799603 0.0855578 0.2799 1551.05 2
-0.0799886 0.0886296 0.28 1586.4 2
-0.0799848 0.0915759 0.280222 1613.89 2
-0.0815223 0.0958912 0.279 1787.5 2
-0.0801325 0.0945785 0.2805 1651.7 2
-0.0801843 0.0974706 0.280444 1652 2
-0.0797834 0.1007 0.280345 1611.31 2
-0.077863 0.10171 0.28 1381 2
-0.0787634 0.102934 0.279273 1381 2
-0.0769961 0.102832 0.280235 722.588 2
-0.0805621 0.0595484 0.282 769.5 2
-0.0800906 0.0614975 0.2825 706 2
-0.0796189 0.0640636 0.283 719.167 2
-0.0778069 0.0714958 0.282 900 2
-0.0786272 0.0735299 0.28275 1070.75 2
-0.0791488 0.0764702 0.283818 1193.55 2
-0.0777422 0.0753966 0.284 957 2
-0.0787489 0.0796673 0.283059 1264.35 2
-0.0777422 0.0797158 0.284 1119.8 2
-0.0786032 0.0825136 0.282667 1306 2
-0.0777422 0.0824924 0.284 1154 2
-0.0787266 0.0852301 0.282769 1341.54 2
-0.0777422 0.084652 0.284 1196 2
-0.0790045 0.088658 0.283 1444.1 2
-0.0790045 0.0917323 0.283 1460.8 2
-0.0787893 0.0946104 0.283333 1486.33 2
-0.0777422 0.0948331 0.284 1404.25 2
-0.0786508 0.09738 0.282706 1503.82 2
-0.0776327 0.0974709 0.2836 1413 2
-0.0785647 0.0998437 0.28225 1476.75 2
-0.0765343 0.100469 0.282733 1011.63 2
-0.0784169 0.0769911 0.285333 1043 2
-0.0775782 0.0764604 0.285667 822.333 2
-0.0786001 0.078413 0.286 1124.5 2
-0.0775221 0.0797165 0.286222 957.444 2
-0.0770923 0.0825004 0.286167 963.917 2
-0.0783253 0.0864981 0.285 1299.25 2
-0.0772726 0.085279 0.287 1045.36 2
-0.0783253 0.0886653 0.285 1332 2
-0.0776287 0.088664 0.287 1201.3 2
-0.0783253 0.0917614 0.285 1362.5 2
-0.0776287 0.09147 0.287 1241 2
-0.0783253 0.093619 0.285 1394.5 2
-0.0774935 0.0944213 0.2865 1306.25 2
-0.0764419 0.0974713 0.286148 1181.78 2
-0.0748247 0.0973937 0.287 659 2
-0.0762647 0.0992063 0.2854 1055.8 2
-0.0746833 0.099216 0.285667 377 2
-0.0772292 0.0791402 0.288 685.714 2
-0.0767579 0.082532 0.289 710.25 2
-0.0763063 0.085646 0.2886 820.6 2
-0.0764441 0.0886166 0.289333 956.278 2
-0.0749772 0.0883307 0.29 485.333 2
-0.076363 0.0914803 0.289556 1026.5 2
-0.0749772 0.0924261 0.29 712.5 2
-0.0761113 0.0943992 0.288333 1083.08 2
-0.0745095 0.0934678 0.289 602 2
-0.0752357 0.0898997 0.291 593 2
-0.0752357 0.0911642 0.291 639.333 2
