-0.0762387 -0.00711636 0.233 3262.25 2
-0.0738189 -0.00698258 0.23275 3485.75 2
-0.0716226 -0.00673669 0.233 3773.75 2
-0.0784519 -0.00572424 0.233 3270 2
-0.0765073 -0.00525957 0.232818 3415.5 2
-0.0735926 -0.00521392 0.232833 3562.21 2
-0.0716226 -0.00572425 0.233 3787 2
-0.0611412 -0.0121814 0.2355 1386.25 2
-0.0589663 -0.0122073 0.236 1648.8 2
-0.0789496 -0.0093017 0.236 1243 2
-0.0763392 -0.00963487 0.235105 1268.11 2
-0.0738631 -0.00958922 0.235615 1564.46 2
-0.0706403 -0.00958407 0.235312 2032.5 2
-0.0673813 -0.00982418 0.234727 2530.23 2
-0.064529 -0.0101067 0.2348 2791.13 2
-0.0612997 -0.0102674 0.234382 3197.26 2
-0.0586905 -0.0104135 0.235281 3516.06 2
-0.0564044 -0.0109254 0.236 3818.17 2
-0.0902222 -0.00605432 0.236 1953 2
-0.0882688 -0.00653502 0.236 2155.12 2
-0.0851784 -0.00692152 0.235913 2257.3 2
-0.082373 -0.0070584 0.23524 2708.08 2
-0.079512 -0.00719176 0.234462 2750.54 2
-0.0768275 -0.00828098 0.234364 2268.45 2
-0.0733043 -0.00804878 0.234333 3331.93 2
-0.0703361 -0.00734887 0.234152 3638.06 2
-0.0673575 -0.00727401 0.234 3813.11 2
-0.0643092 -0.00727401 0.234 3828.25 2
-0.0614122 -0.00729085 0.234583 3840 2
-0.0588225 -0.00744359 0.235633 3840 2
-0.0569168 -0.00784892 0.236 3840 2
-0.0902222 -0.00502883 0.236 2043 2
-0.0882367 -0.00470836 0.236 2278 2
-0.0854957 -0.0045097 0.23568 2638.96 2
-0.0826132 -0.00449183 0.23476 3169.68 2
-0.0796232 -0.00440518 0.234 3284.71 2
-0.0765024 -0.00371521 0.234 3360.83 2
-0.0732726 -0.00386047 0.234 3571.07 2
-0.0704439 -0.00444743 0.234276 3751.03 2
-0.0675878 -0.00449225 0.2348 3831.53 2
-0.0644714 -0.00444766 0.235 3839.81 2
-0.0617029 -0.00462768 0.235692 3838.54 2
-0.0596837 -0.00523392 0.236 3840 2
-0.0848787 -0.00242848 0.236 2692.43 2
-0.0823272 -0.00169052 0.2354 2969.03 2
-0.079376 -0.00162602 0.234765 3267.35 2
-0.0763802 -0.00168496 0.234667 3418.33 2
-0.0735101 -0.00174902 0.234688 3528.88 2
-0.0706614 -0.00174287 0.23545 3667.38 2
-0.0676038 -0.00257498 0.236 3792.71 2
-0.0643464 -0.00272147 0.236 3829.67 2
-0.0625531 -0.00272147 0.236 3812 2
-0.0815116 0.000354992 0.236 2891.5 2
-0.0795105 0.000820713 0.235727 3099.59 2
-0.076589 0.000867485 0.235833 3346.33 2
-0.0735695 0.000867736 0.236 3488.58 2
-0.0707513 0.00138048 0.236 3611.47 2
-0.0516728 -0.015478 0.239 1327 2
-0.050635 -0.015478 0.239 1343.5 2
-0.0703534 -0.0131413 0.239 1372 2
-0.0680184 -0.0131413 0.239 1336.75 2
-0.0638596 -0.0125288 0.2382 1366 2
-0.0617173 -0.0137413 0.238125 1362.21 2
-0.0585732 -0.0134322 0.237769 1443.81 2
-0.0553739 -0.0128587 0.238556 2363.11 2
-0.0522533 -0.0133921 0.238462 2715 2
-0.0500045 -0.0133869 0.238739 3214.7 2
-0.0872179 -0.00924686 0.239 1110 2
-0.0859206 -0.00924686 0.239 1130 2
-0.0825063 -0.00937696 0.237889 1232.44 2
-0.0798366 -0.0100596 0.238091 1228.64 2
-0.0760614 -0.0108046 0.239 1193.25 2
-0.0729947 -0.0107807 0.238429 1356.5 2
-0.0705774 -0.0112771 0.238 1379.75 2
-0.0680107 -0.0114028 0.237308 1338.46 2
-0.0640276 -0.0117771 0.237667 1421.33 2
-0.0628181 -0.0117441 0.237 1516 2
-0.0574152 -0.0117441 0.237 3153.5 2
-0.0551291 -0.0113168 0.237286 3773.64 2
-0.0524406 -0.0104906 0.237778 3837.69 2
-0.0502248 -0.0108256 0.238833 3826.28 2
-0.0934447 -0.00665054 0.239 1901 2
-0.0914737 -0.00746694 0.238231 1477.38 2
-0.0885309 -0.00817877 0.238111 1260.72 2
-0.0860757 -0.00830488 0.238 1300.88 2
-0.082745 -0.00866673 0.237333 1380.17 2
-0.0805705 -0.00865456 0.237 1462 2
-0.0576725 -0.00646616 0.237 3840 2
-0.0553746 -0.00708624 0.237788 3840 2
-0.0525804 -0.00757721 0.238677 3839.77 2
-0.0508945 -0.00820833 0.239 3831.67 2
-0.0934447 -0.00457349 0.239 1802.4 2
-0.091612 -0.00414661 0.23787 1990.09 2
-0.0893181 -0.00376284 0.237 2164 2
-0.0605026 -0.00376284 0.237 3840 2
-0.0583385 -0.00424297 0.237303 3840 2
-0.0555634 -0.00447547 0.238444 3834.94 2
-0.0531777 -0.00530046 0.239 3835.8 2
-0.0910853 -0.00181931 0.2388 1878.8 2
-0.08852 -0.00176763 0.237823 2224.76 2
-0.0857428 -0.00106024 0.23725 2542.38 2
-0.0695074 -0.000673339 0.237 3656.5 2
-0.0675895 -0.00114144 0.237 3736.95 2
-0.0646191 -0.00118825 0.237 3812.21 2
-0.0614861 -0.00164293 0.237118 3836.53 2
-0.05856 -0.00153633 0.238243 3837.59 2
-0.0561779 -0.00174115 0.239 3834.82 2
-0.0876071 0.000619136 0.239 2258.25 2
-0.0854479 0.00147147 0.238714 2470.04 2
-0.0827172 0.00139082 0.237538 2726.19 2
-0.0795414 0.00241617 0.237 3067.83 2
-0.0764541 0.00241617 0.237 3307.25 2
-0.0736239 0.00241617 0.237 3451.3 2
-0.0695074 0.00138633 0.237 3665 2
-0.0676411 0.00144161 0.237105 3716.68 2
-0.0645327 0.0013914 0.237632 3793.97 2
-0.0616133 0.00132745 0.237937 3820.94 2
-0.0586807 0.00134435 0.2387 3819.82 2
-0.0566025 0.000878767 0.239 3822.5 2
-0.0843638 0.00347508 0.239 2464 2
-0.0822215 0.00405042 0.238889 2650.83 2
-0.0795156 0.00456179 0.238235 2993.97 2
-0.0764942 0.00442463 0.237625 3260.53 2
-0.073573 0.00448988 0.237667 3384.42 2
-0.0705702 0.00455009 0.237437 3526.41 2
-0.0676263 0.00444221 0.2379 3682.12 2
-0.0644948 0.00450456 0.238444 3732.22 2
-0.0616528 0.00430396 0.238867 3798.4 2
-0.0588727 0.00386453 0.239 3816.12 2
-0.0793146 0.0067704 0.239 2917.69 2
-0.0763917 0.00708632 0.239 3172.18 2
-0.073464 0.00761123 0.238937 3325.16 2
-0.0704981 0.00730863 0.238613 3488.35 2
-0.0676725 0.00676375 0.239 3623.08 2
-0.0646455 0.00659066 0.239 3725.83 2
-0.0729479 0.0094466 0.239 3316.25 2
-0.0713913 0.0094466 0.239 3378.5 2
-0.045491 -0.0185641 0.242 1134.5 2
-0.0667398 -0.0150213 0.24 2210.67 2
-0.0647636 -0.0150463 0.2404 1855.8 2
-0.05895 -0.0154369 0.2416 1379 2
-0.0553043 -0.0159482 0.241688 1259.62 2
-0.0526129 -0.016132 0.241 1319.79 2
-0.0490437 -0.0161279 0.241273 1453.95 2
-0.0463373 -0.0163051 0.241625 2000.34 2
-0.0753898 -0.0132513 0.241 1308 2
-0.0736988 -0.0132293 0.2406 1350.55 2
-0.0667398 -0.013457 0.24 1391.47 2
-0.064878 -0.0137499 0.240316 1417.89 2
-0.0581237 -0.0144294 0.241 1273.88 2
-0.0554612 -0.0142866 0.2408 1324.4 2
-0.0537128 -0.0142392 0.24 1413.5 2
-0.0488495 -0.0138047 0.24 3389.89 2
-0.0465801 -0.0135051 0.240857 3663.06 2
-0.0444402 -0.0143578 0.242 3572.75 2
-0.0913072 -0.00992331 0.240667 944.611 2
-0.0893807 -0.00980431 0.2412 996.7 2
-0.0849619 -0.0104488 0.24125 1026.5 2
-0.0826471 -0.0104661 0.240167 1133.75 2
-0.0800272 -0.0111106 0.24 1160.75 2
-0.0766283 -0.0117095 0.2416 1172.8 2
-0.0740348 -0.011632 0.24 1301.67 2
-0.0662187 -0.0118927 0.24 1397 2
-0.0656976 -0.0118927 0.24 1405 2
-0.049031 -0.0102408 0.240286 3756.67 2
-0.0469893 -0.0109251 0.241259 3687.81 2
-0.0964566 -0.00708454 0.242 1303.17 2
-0.0946497 -0.00760451 0.240889 1348.83 2
-0.0514201 -0.00646979 0.24 3838.6 2
-0.0495609 -0.00756922 0.241059 3768.71 2
-0.0475927 -0.00831136 0.242 3650.33 2
-0.0968695 -0.00485623 0.242 1319.29 2
-0.0949842 -0.00427536 0.240684 1542.21 2
-0.0545466 -0.00334118 0.24 3813.2 2
-0.0521617 -0.00416868 0.240667 3815.08 2
-0.0501269 -0.00482951 0.241846 3764.54 2
-0.0961939 -0.00252778 0.242 1317 2
-0.0943663 -0.00153617 0.241187 1486.69 2
-0.0921856 -0.00102949 0.24 1701.67 2
-0.0550292 -0.00129935 0.24 3812 2
-0.0523955 -0.00147099 0.241143 3826.14 2
-0.0504825 -0.00147622 0.242 3811.4 2
-0.0937574 0.00129857 0.241889 1504 2
-0.0912749 0.00132781 0.240538 1760.23 2
-0.0887118 0.0017515 0.24 2077.04 2
-0.0573604 0.00244675 0.24 3817 2
-0.0554448 0.00147143 0.240312 3819.44 2
-0.0528587 0.00135251 0.241706 3799.09 2
-0.0911891 0.00434257 0.2416 1726.16 2
-0.0882758 0.00454246 0.240467 2048.1 2
-0.0856187 0.00469293 0.24 2315.69 2
-0.0833273 0.00522774 0.24 2477.58 2
-0.0610079 0.00557536 0.24 3757.33 2
-0.0582089 0.00510555 0.240182 3804.59 2
-0.0554713 0.00450388 0.2412 3812.2 2
-0.0533723 0.0035187 0.242 3822.75 2
-0.0904143 0.00641049 0.242 1732 2
-0.0883186 0.00731811 0.24179 1983.53 2
-0.0855715 0.00741492 0.241074 2246.81 2
-0.0825909 0.00737568 0.240461 2532.31 2
-0.0795061 0.00826945 0.24 2867.06 2
-0.0767705 0.00857361 0.24 3080.58 2
-0.0745559 0.00896469 0.24 3241 2
-0.0700151 0.00874122 0.24 3495.86 2
-0.067403 0.00822994 0.24 3636.36 2
-0.0642947 0.00806221 0.24 3723.69 2
-0.061492 0.00756576 0.240267 3769.87 2
-0.0584671 0.00737916 0.240875 3785.91 2
-0.0562246 0.00723672 0.242 3807.57 2
-0.0872618 0.00930229 0.242 2062.5 2
-0.0852127 0.00972291 0.242 2241.9 2
-0.0823292 0.0103293 0.2414 2526.93 2
-0.0794307 0.0105642 0.240786 2766.54 2
-0.0764908 0.0105022 0.240643 3035.64 2
-0.0736515 0.0107411 0.240286 3276.86 2
-0.0704951 0.010657 0.240133 3419.73 2
-0.0676285 0.0105053 0.240714 3574.11 2
-0.0646006 0.0105635 0.240767 3640.17 2
-0.0614622 0.0103881 0.241 3712.29 2
-0.0585176 0.0103357 0.241556 3768.17 2
-0.0565248 0.00956519 0.242 3795 2
-0.0818845 0.0132007 0.241857 2514.43 2
-0.0794061 0.0134692 0.241278 2707.42 2
-0.0764962 0.0135477 0.2415 2972.06 2
-0.073559 0.0134538 0.241 3184.34 2
-0.0704679 0.0133904 0.240842 3386.13 2
-0.0675477 0.0135407 0.241375 3526.5 2
-0.0645697 0.0134893 0.241632 3630.34 2
-0.0615827 0.0134364 0.241875 3719.16 2
-0.0592103 0.0131288 0.242 3735.56 2
-0.0793805 0.0156117 0.242 2697.4 2
-0.0764908 0.0156117 0.242 2922.58 2
-0.0733382 0.0161374 0.242 3119.21 2
-0.0706736 0.0159121 0.242 3361.5 2
-0.0675586 0.0156117 0.242 3521.92 2
-0.0644061 0.0156117 0.242 3641 2
-0.0620417 0.0156116 0.242 3695 2
-0.0548729 -0.0184524 0.244 1557.5 2
-0.0446239 -0.0186408 0.243 1162.75 2
-0.0577084 -0.0165743 0.243667 1442 2
-0.0555216 -0.0170469 0.2436 1268.2 2
-0.0526256 -0.0171449 0.243 1324.33 2
-0.0499429 -0.0174284 0.2445 1178.88 2
-0.0477212 -0.0176573 0.244 1180.5 2
-0.0438553 -0.0164554 0.243875 2667.94 2
-0.0847207 -0.0120414 0.243 990.5 2
-0.082796 -0.0120612 0.2434 1058 2
-0.0789806 -0.0130194 0.244833 1246.5 2
-0.0768068 -0.0133613 0.243 1322.25 2
-0.0436352 -0.0132911 0.244125 3467.38 2
-0.0963226 -0.00974515 0.245 909.5 2
-0.0947449 -0.00966559 0.243 942 2
-0.0878517 -0.010385 0.244375 1067.5 2
-0.085455 -0.0109991 0.243333 1019.67 2
-0.082796 -0.0115324 0.2434 1095.8 2
-0.0799363 -0.0115845 0.2445 1123.75 2
-0.0457358 -0.0102271 0.2434 3605.47 2
-0.0442105 -0.0106108 0.244412 3432.12 2
-0.100226 -0.00722621 0.2444 915.15 2
-0.0977375 -0.00771545 0.243444 1105.17 2
-0.0483698 -0.00655066 0.243 3704.8 2
-0.0463237 -0.00755293 0.244062 3633.28 2
-0.0444972 -0.00818627 0.245 3481 2
-0.100364 -0.00446283 0.244087 688.957 2
-0.0980738 -0.00418494 0.243059 1133.53 2
-0.0489517 -0.00419161 0.243208 3725.42 2
-0.0468198 -0.00450794 0.244536 3667.04 2
-0.100019 -0.00149382 0.244933 612.933 2
-0.097624 -0.00139543 0.244087 1103.57 2
-0.049228 -0.00148537 0.2436 3762.8 2
-0.0473457 -0.00149286 0.2448 3698.53 2
-0.0995141 0.00090083 0.245 574.25 2
-0.0977291 0.00135603 0.244714 965.964 2
-0.0952984 0.00184583 0.2432 1310.1 2
-0.0513506 0.0016854 0.243 3779.25 2
-0.0495507 0.00142711 0.243889 3727.53 2
-0.0474608 0.00112896 0.245 3691.29 2
-0.0973104 0.00401858 0.245 898.214 2
-0.0944919 0.00446624 0.24368 1318.2 2
-0.0924657 0.00565113 0.24325 1587.25 2
-0.0524421 0.00478898 0.243647 3800.85 2
-0.049899 0.00429454 0.244692 3741.69 2
-0.0479167 0.00356232 0.245 3709.5 2
-0.0938611 0.00742511 0.244769 1310.15 2
-0.0914165 0.00752862 0.243333 1618.81 2
-0.089469 0.00828482 0.243 1832.5 2
-0.0548913 0.00774819 0.243158 3795.11 2
-0.0526672 0.00734886 0.244269 3786.92 2
-0.0914145 0.0103664 0.244545 1530.95 2
-0.088491 0.0104702 0.243067 1853.77 2
-0.0856879 0.0112766 0.243 2145.42 2
-0.0570222 0.0111886 0.243 3771 2
-0.0551982 0.0104968 0.243636 3779.67 2
-0.053166 0.0102404 0.244823 3751.82 2
-0.0904713 0.0131437 0.245 1605 2
-0.0886507 0.013339 0.2445 1803.21 2
-0.0857239 0.013599 0.2436 2088.27 2
-0.0834017 0.0138283 0.243 2316.12 2
-0.0580463 0.01387 0.243333 3761.92 2
-0.0557226 0.0133937 0.244333 3740.81 2
-0.053768 0.0123452 0.245 3755 2
-0.0879889 0.0157164 0.245 1774.83 2
-0.0854468 0.0165584 0.24432 2013.12 2
-0.0824687 0.0165462 0.243538 2339.35 2
-0.0794251 0.0169777 0.243176 2648.59 2
-0.076543 0.0169961 0.243 2916 2
-0.0736413 0.017524 0.243 3089.17 2
-0.0701743 0.0170715 0.243 3355 2
-0.067574 0.0169961 0.243 3476.4 2
-0.0646723 0.0169961 0.243 3598.61 2
-0.0613296 0.0166721 0.243083 3677 2
-0.0585712 0.0165345 0.243967 3715.8 2
-0.0562712 0.0161026 0.245 3744.47 2
-0.0851663 0.0186861 0.244923 1980.85 2
-0.0823986 0.0191891 0.244538 2300.04 2
-0.0794401 0.0193856 0.244414 2554.48 2
-0.0765201 0.0194345 0.243767 2831.87 2
-0.0735417 0.0193606 0.243235 3025.32 2
-0.0705472 0.0194176 0.243556 3225.06 2
-0.0675627 0.0194456 0.243912 3402.94 2
-0.0643939 0.019422 0.243611 3560 2
-0.0614519 0.019501 0.244206 3627 2
-0.0589997 0.0189534 0.24475 3660.35 2
-0.0569596 0.0182005 0.245 3694 2
-0.0782369 0.0213943 0.245 2606 2
-0.0758979 0.022193 0.244823 2811.12 2
-0.0733261 0.022363 0.244385 2950.23 2
-0.0706204 0.0223157 0.244769 3184.85 2
-0.0671824 0.0223633 0.24488 3375.56 2
-0.0644071 0.0223978 0.244769 3533.31 2
-0.0618258 0.0220467 0.244941 3603.59 2
-0.0546956 -0.0184855 0.248 1252.75 2
-0.0536187 -0.0184855 0.248 1213.75 2
-0.0428285 -0.0186289 0.246333 1455.67 2
-0.0412127 -0.0186363 0.247727 2067.18 2
-0.0603493 -0.0168691 0.248 1704.25 2
-0.0598108 -0.0168691 0.248 1617.25 2
-0.0520618 -0.017606 0.247 1223 2
-0.0424906 -0.0167814 0.246143 2893.43 2
-0.040851 -0.0165547 0.24732 3027.52 2
-0.0880792 -0.0122891 0.248 961 2
-0.0843101 -0.0130974 0.248 947 2
-0.0819292 -0.0135179 0.2478 1064.2 2
-0.0798915 -0.0135262 0.246 1252.75 2
-0.0422944 -0.0135431 0.246333 3335 2
-0.0411517 -0.0137959 0.247364 3107.14 2
-0.102794 -0.00934171 0.247 680 2
-0.101935 -0.00955637 0.247 793.667 2
-0.0979133 -0.00982468 0.247 874.75 2
-0.0880792 -0.0117503 0.248 1010.25 2
-0.0428023 -0.0105021 0.246375 3362.38 2
-0.0414472 -0.0103893 0.247667 3221.94 2
-0.102591 -0.00818151 0.246 592.167 2
-0.100633 -0.00871598 0.246 872.167 2
-0.0454418 -0.00631086 0.246 3608 2
-0.0433742 -0.00746151 0.246179 3414.5 2
-0.0414472 -0.0074298 0.247667 3262.2 2
-0.0456421 -0.00410616 0.246 3623.62 2
-0.0435484 -0.00438973 0.246692 3505.38 2
-0.0414472 -0.00527743 0.247667 3338.11 2
-0.0459759 -0.00150062 0.246 3646.2 2
-0.0437032 -0.00161249 0.24729 3531.87 2
-0.0460735 0.00168812 0.246308 3656.58 2
-0.0440486 0.00115516 0.247455 3557.68 2
-0.0978324 0.00525316 0.246 760.727 2
-0.0956475 0.00598198 0.246 1159 2
-0.0487354 0.00535843 0.246 3704 2
-0.0463913 0.00439397 0.2468 3640.4 2
-0.0444651 0.00414476 0.248 3512.88 2
-0.0971062 0.00739092 0.24725 914.938 2
-0.0951897 0.00781446 0.246 1151.86 2
-0.0515839 0.00811987 0.246 3768.33 2
-0.0495801 0.00760697 0.246667 3723.77 2
-0.0470809 0.00699011 0.2476 3646.45 2
-0.0966944 0.00953292 0.248 925 2
-0.0946655 0.0103634 0.2472 1188.75 2
-0.09271 0.011594 0.246 1350.75 2
-0.0519964 0.0107432 0.246158 3749.26 2
-0.0497477 0.0105897 0.2475 3689.11 2
-0.0476958 0.00980231 0.248 3668.83 2
-0.0934274 0.0134671 0.247667 1260.83 2
-0.0918702 0.0135429 0.246714 1443 2
-0.0545216 0.0137318 0.246 3759 2
-0.0525444 0.0135718 0.246758 3751.94 2
-0.0500063 0.0133888 0.247889 3705.56 2
-0.0915108 0.0163365 0.247737 1439.11 2
-0.0889939 0.0168763 0.246063 1665.81 2
-0.0550678 0.0167932 0.246286 3719.62 2
-0.0525539 0.0164353 0.247385 3724.74 2
-0.0502167 0.0159742 0.248 3706.82 2
-0.0907523 0.0187318 0.2478 1403.6 2
-0.0884646 0.0193957 0.246955 1665.09 2
-0.085588 0.020119 0.246143 1928.64 2
-0.082562 0.0209472 0.246 2297 2
-0.0801585 0.0209472 0.246 2511.67 2
-0.0581268 0.0200787 0.246 3680 2
-0.0555162 0.0194131 0.246867 3694.1 2
-0.0529964 0.0191934 0.247889 3714.33 2
-0.0875408 0.0213869 0.248 1723.5 2
-0.0852322 0.0223284 0.247263 1923.84 2
-0.0824065 0.0225895 0.24663 2248.11 2
-0.0794361 0.0226003 0.246308 2495.42 2
-0.0770874 0.0230851 0.246 2727 2
-0.0697436 0.0233523 0.246 3256.25 2
-0.0686753 0.0233523 0.246 3311.75 2
-0.0612595 0.0230851 0.246 3609.92 2
-0.05852 0.0225684 0.246706 3648.62 2
-0.0556394 0.0223803 0.247765 3667.03 2
-0.0536187 0.0219257 0.248 3681.62 2
-0.0843101 0.0248892 0.248 1966.33 2
-0.0822798 0.025384 0.24756 2174.12 2
-0.0795151 0.0253593 0.24732 2420.88 2
-0.0764923 0.0255875 0.246677 2710.94 2
-0.0734912 0.0254591 0.246294 2930.03 2
-0.0705237 0.0256155 0.246588 3105.06 2
-0.0674849 0.0255466 0.246529 3278.76 2
-0.0644006 0.0254591 0.246294 3433.21 2
-0.0613214 0.0255432 0.2465 3539.31 2
-0.0583795 0.0255064 0.247333 3630.97 2
-0.0560832 0.0252622 0.248 3633.85 2
-0.0818871 0.0273139 0.248 2124 2
-0.0792397 0.0279425 0.248 2397 2
-0.0763674 0.0286112 0.24756 2621.24 2
-0.0734743 0.0286552 0.247621 2835.59 2
-0.0705976 0.0286023 0.247846 3078.12 2
-0.06751 0.0286157 0.2476 3225.97 2
-0.0643744 0.0286051 0.247154 3387.65 2
-0.0614768 0.0285451 0.24731 3469.1 2
-0.0587339 0.0280654 0.248 3552.58 2
-0.0565802 0.0270445 0.248 3629 2
-0.0763232 0.0307264 0.248 2553.25 2
-0.0736636 0.0310366 0.248 2744.32 2
-0.0711182 0.0305468 0.248 2924.33 2
-0.0673042 0.031355 0.248 3191.04 2
-0.0643662 0.0310754 0.247917 3330 2
-0.0617851 0.0308162 0.248 3396.17 2
-0.0518121 -0.0192457 0.25 1128.12 2
-0.0504526 -0.0189818 0.251 1134.5 2
-0.0402275 -0.0197571 0.249952 1821.62 2
-0.0385356 -0.0188829 0.250714 2724.29 2
-0.0395086 -0.0163961 0.249 2890.83 2
-0.0385636 -0.0164546 0.249889 2785.61 2
-0.087965 -0.0130724 0.2506 904.2 2
-0.0845125 -0.0143465 0.251 884 2
-0.0837017 -0.013549 0.249667 941.833 2
-0.0398371 -0.0132546 0.249471 2909.59 2
-0.0385094 -0.013617 0.250818 2745.73 2
-0.105221 -0.0110744 0.251 544.5 2
-0.103989 -0.0102167 0.25 670 2
-0.101243 -0.0099679 0.2506 833.4 2
-0.0977455 -0.0110303 0.25 827.333 2
-0.095303 -0.0110303 0.25 871 2
-0.0910848 -0.0110127 0.2496 988.4 2
-0.0897859 -0.0117977 0.249 980 2
-0.0398577 -0.0104662 0.2495 2970.71 2
-0.0384635 -0.0110745 0.251 2804.38 2
-0.039905 -0.00749314 0.2498 3075.55 2
-0.0403354 -0.0044368 0.250071 3174.68 2
-0.042482 -0.000707432 0.249 3413.25 2
-0.0410723 -0.00152598 0.2503 3247.65 2
-0.0427073 0.00182172 0.249444 3426.56 2
-0.0412879 0.000998694 0.250429 3304.64 2
-0.0430306 0.00452694 0.249815 3426.37 2
-0.0414608 0.00446756 0.251 3249.6 2
-0.0987061 0.00794839 0.249 634.625 2
-0.045902 0.00784316 0.249333 3612.81 2
-0.0437139 0.00715561 0.250346 3502.96 2
-0.0414608 0.00610357 0.251 3291 2
-0.0979369 0.010478 0.249625 663 2
-0.0957327 0.0114648 0.249 1039 2
-0.0481584 0.0111943 0.249 3670.5 2
-0.0462442 0.0104724 0.249704 3620.67 2
-0.0444715 0.0101493 0.250857 3570.71 2
-0.0970866 0.0131708 0.250556 776.778 2
-0.0949351 0.0136886 0.249308 1088.69 2
-0.0486218 0.0136674 0.249 3681.64 2
-0.0464294 0.0134065 0.249889 3611.22 2
-0.0447305 0.0134656 0.251 3558.67 2
-0.0967741 0.0153743 0.251 728.5 2
-0.0946162 0.0163308 0.250333 1063.89 2
-0.092489 0.0171452 0.249 1328 2
-0.0491576 0.01681 0.249042 3659.75 2
-0.0466287 0.0163491 0.250148 3595.19 2
-0.0447305 0.0156469 0.251 3486 2
-0.093834 0.0192574 0.250667 1090.5 2
-0.0917954 0.0197542 0.2495 1314.62 2
-0.0520329 0.0200305 0.249 3682.75 2
-0.0494445 0.0196418 0.249971 3643.86 2
-0.0469476 0.0186696 0.250786 3601.29 2
-0.0912008 0.022093 0.250727 1349.36 2
-0.0888449 0.0225252 0.24985 1590.9 2
-0.0861367 0.0235019 0.249 1815.75 2
-0.0541052 0.0236371 0.249 3647 2
-0.0521958 0.0225274 0.249414 3680.76 2
-0.0500835 0.0222046 0.250714 3638.93 2
-0.0881961 0.0251522 0.250625 1552.75 2
-0.0858626 0.0256421 0.2493 1798.15 2
-0.0548176 0.0256641 0.249059 3638.41 2
-0.0524328 0.025469 0.250219 3648.12 2
-0.0506343 0.0250085 0.251 3633.33 2
-0.0875098 0.0281896 0.251 1561.88 2
-0.0854098 0.0284737 0.25 1773.45 2
-0.082677 0.0288014 0.249385 2058.88 2
-0.0797845 0.029588 0.249 2275.25 2
-0.060052 0.0298585 0.249 3508 2
-0.0579609 0.0292573 0.249143 3570.29 2
-0.0555025 0.0285109 0.249394 3620.61 2
-0.052845 0.0284309 0.25072 3619.88 2
-0.0852391 0.0308254 0.251 1728.75 2
-0.0826787 0.031618 0.250826 2003.91 2
-0.0796365 0.0315733 0.24972 2270.84 2
-0.0767695 0.032064 0.249 2506.62 2
-0.0732585 0.0323315 0.249 2804 2
-0.0703913 0.0316843 0.249 2969.79 2
-0.0678009 0.0325634 0.249 3131 2
-0.0646472 0.0325634 0.249 3272.5 2
-0.0609831 0.0318421 0.249 3450.39 2
-0.0583449 0.0315835 0.2498 3510.1 2
-0.0555189 0.0316333 0.250692 3577.23 2
-0.0532077 0.0309769 0.251 3582.17 2
-0.0815698 0.0336975 0.251 2028.6 2
-0.0794036 0.034343 0.250652 2226 2
-0.0764024 0.0344879 0.249552 2441.66 2
-0.0735806 0.0346079 0.249545 2676.79 2
-0.0705827 0.034439 0.249394 2915.67 2
-0.0676393 0.0346265 0.249207 3070.45 2
-0.0645955 0.0343766 0.2495 3218.44 2
-0.0614123 0.0342671 0.249885 3362.15 2
-0.058758 0.0343144 0.250846 3450.15 2
-0.0564471 0.033643 0.251 3554.5 2
-0.0763304 0.0372174 0.250765 2401 2
-0.0736083 0.0376573 0.250769 2610.88 2
-0.0706529 0.0377333 0.250593 2832.3 2
-0.0676871 0.0376166 0.250607 3022.36 2
-0.0647398 0.0366994 0.250857 3214.29 2
-0.0616243 0.0363697 0.251 3345.7 2
-0.0594444 0.0363697 0.251 3389.33 2
-0.0524343 -0.0214161 0.254 1241.67 2
-0.0425078 -0.021692 0.254 1089.5 2
-0.0404455 -0.0216209 0.253167 1153.67 2
-0.0384953 -0.0216067 0.253 1321 2
-0.0528088 -0.0198563 0.253333 1168.33 2
-0.0499929 -0.0195585 0.2528 1118.2 2
-0.0454559 -0.0204263 0.252 1088.5 2
-0.0438828 -0.0204586 0.2524 1100.7 2
-0.0379628 -0.0199078 0.252857 2362.57 2
-0.0371565 -0.0165281 0.252909 2452.77 2
-0.105789 -0.0125865 0.254 588.375 2
-0.104824 -0.0128624 0.254 663.5 2
-0.097696 -0.0131949 0.25375 756.625 2
-0.0944502 -0.012527 0.2528 804.6 2
-0.0917589 -0.0130584 0.252444 859.444 2
-0.0887851 -0.013379 0.253333 903.833 2
-0.0861702 -0.0140767 0.252667 884.5 2
-0.0372578 -0.0138424 0.253 2494.81 2
-0.105376 -0.0112069 0.254 718.5 2
-0.103446 -0.0112069 0.254 775.917 2
-0.100435 -0.011148 0.252667 805.5 2
-0.0978199 -0.011575 0.253 827.625 2
-0.0944502 -0.0119777 0.2528 832 2
-0.0919619 -0.0119399 0.252 912.667 2
-0.0379077 -0.0103288 0.25275 2706.94 2
-0.0382185 -0.00758979 0.253 2820.4 2
-0.0392351 -0.00397401 0.252714 3011 2
-0.0381125 -0.00481755 0.253471 2858.94 2
-0.0395095 -0.00153963 0.252467 3073.13 2
-0.0385562 -0.00154445 0.2534 2954.8 2
-0.0400023 0.00164794 0.252923 3147.65 2
-0.0386475 0.00148577 0.254 2994.5 2
-0.0403527 0.00449648 0.2526 3191.85 2
-0.042636 0.00807224 0.252091 3367.73 2
-0.0406971 0.00758274 0.253276 3214.34 2
-0.0432621 0.01062 0.252391 3471.09 2
-0.0411941 0.0104492 0.253706 3242.53 2
-0.0981992 0.014231 0.252 537.4 2
-0.0434334 0.0135124 0.252759 3468.21 2
-0.0419563 0.0133506 0.254 3355.4 2
-0.0972228 0.016699 0.252 588.462 2
-0.0957919 0.0173518 0.252 921 2
-0.0454559 0.017078 0.252 3507.67 2
-0.0435886 0.0165475 0.252857 3438.18 2
-0.0419563 0.0161099 0.254 3332.8 2
-0.0966484 0.0193866 0.252333 556 2
-0.0952447 0.0197243 0.252 875.833 2
-0.0461483 0.0201057 0.2522 3525.85 2
-0.0440055 0.0194469 0.253231 3477.08 2
-0.0964467 0.0220929 0.253 405.333 2
-0.0944152 0.0226515 0.252583 890.292 2
-0.0920987 0.0231006 0.252 1259.5 2
-0.0489476 0.0227928 0.252375 3597.81 2
-0.0464471 0.0226374 0.252933 3506.9 2
-0.0438515 0.0224389 0.2538 3441.35 2
-0.0960006 0.0252154 0.254 336.5 2
-0.0943628 0.0255076 0.253909 824.818 2
-0.0915293 0.0252903 0.252727 1267.82 2
-0.0894999 0.0261119 0.252 1428.88 2
-0.0514743 0.0269332 0.252 3612 2
-0.0493743 0.0256212 0.252655 3614.62 2
-0.046492 0.0254043 0.253714 3487.68 2
-0.0444379 0.0243876 0.254 3499.5 2
-0.0940705 0.0271469 0.254 786.25 2
-0.0913292 0.0281928 0.253714 1180.57 2
-0.0890059 0.0288349 0.252667 1430.25 2
-0.0514743 0.0285757 0.252 3603.6 2
-0.0493589 0.0284996 0.25282 3579.85 2
-0.0471402 0.0280851 0.254 3510.2 2
-0.0904859 0.030458 0.254 1225 2
-0.0883886 0.0314625 0.2532 1421.25 2
-0.0857611 0.0322257 0.252 1676.33 2
-0.0834814 0.0329557 0.252 1877.5 2
-0.0522646 0.0320736 0.252 3574.28 2
-0.0495021 0.0314695 0.252889 3543.28 2
-0.0474711 0.030734 0.254 3531.5 2
-0.0877032 0.0344227 0.253636 1417.36 2
-0.0854627 0.0346307 0.252692 1632.65 2
-0.0826117 0.0348039 0.2521 1926.2 2
-0.0577663 0.0354195 0.252 3416.75 2
-0.0554261 0.0347355 0.252077 3520.88 2
-0.0524602 0.0347092 0.2528 3544.8 2
-0.0495811 0.0342832 0.253714 3492.07 2
-0.0852743 0.0372001 0.253875 1597 2
-0.0824797 0.0374732 0.253565 1887.26 2
-0.0794881 0.0374835 0.252348 2169.96 2
-0.0770071 0.0386133 0.252 2337.56 2
-0.0662468 0.0387046 0.252 3094 2
-0.0644839 0.0382179 0.252 3220.78 2
-0.0615962 0.038157 0.252 3364.5 2
-0.0583653 0.037768 0.252143 3422.54 2
-0.055518 0.0374647 0.253233 3492 2
-0.0525643 0.0371952 0.253789 3530.84 2
-0.0505041 0.0365284 0.254 3534 2
-0.0815245 0.0394256 0.254 1977 2
-0.0792181 0.0403401 0.2535 2200.75 2
-0.0762075 0.0406248 0.252609 2381.13 2
-0.0734086 0.0407261 0.252385 2614.5 2
-0.0705701 0.0406539 0.2522 2822.88 2
-0.067687 0.0406564 0.252448 2970.62 2
-0.0645017 0.0407294 0.252667 3206.43 2
-0.0614501 0.0407055 0.25252 3316.56 2
-0.0584538 0.0406643 0.252906 3384.44 2
-0.0558688 0.0402113 0.253857 3420 2
-0.078905 0.0424608 0.254 2137.5 2
-0.0765219 0.0435645 0.254 2270.54 2
-0.0733839 0.0435661 0.253556 2540.07 2
-0.0704435 0.0435866 0.25332 2706.76 2
-0.0676242 0.0436821 0.253519 2868.33 2
-0.064562 0.0435216 0.253286 3024 2
-0.061566 0.0435304 0.253 3142.64 2
-0.0586362 0.0436 0.2534 3187.27 2
-0.0564785 0.0432426 0.254 3316.5 2
-0.0758719 0.045358 0.254 2218.5 2
-0.0732206 0.0458674 0.254 2421.77 2
-0.0708026 0.0458674 0.254 2561.15 2
-0.0689785 0.045358 0.254 2734 2
-0.0640152 0.045634 0.254 2919.17 2
-0.0615336 0.045634 0.254 3062.42 2
-0.059052 0.0456339 0.254 3127.5 2
-0.0516586 -0.0213898 0.257 1031.5 2
-0.0498831 -0.0212674 0.2562 1037.4 2
-0.0460684 -0.0216446 0.256714 1067.71 2
-0.0439542 -0.0218628 0.256 1088 2
-0.0399409 -0.023065 0.257 1073.12 2
-0.0376373 -0.0221486 0.256077 1563.62 2
-0.0357561 -0.0211107 0.257 2170 2
-0.0494298 -0.0201474 0.256364 1100.73 2
-0.0462117 -0.0198916 0.255667 1160 2
-0.0367008 -0.0195243 0.255588 2330.94 2
-0.0357561 -0.0194356 0.257 2142 2
-0.0884857 -0.0158061 0.257 789.75 2
-0.0362292 -0.0166062 0.2564 2191 2
-0.0356726 -0.0166062 0.2564 2112 2
-0.105094 -0.0135199 0.256 651.5 2
-0.103706 -0.0131066 0.255818 716.773 2
-0.100566 -0.0128445 0.2558 761.6 2
-0.0967038 -0.0134935 0.2555 780.375 2
-0.094949 -0.0135199 0.256 805.625 2
-0.0907419 -0.0140497 0.2555 860.25 2
-0.0883508 -0.0145751 0.255 854.375 2
-0.0365291 -0.0130819 0.255583 2351.17 2
-0.0356169 -0.0149104 0.256 2176 2
-0.0366793 -0.0104472 0.255667 2469.87 2
-0.0367535 -0.00749507 0.256412 2536.35 2
-0.0369683 -0.00431842 0.256389 2643.94 2
-0.0374129 -0.00171999 0.25581 2727.62 2
-0.0378556 0.00149909 0.256111 2877.72 2
-0.0393533 0.00453876 0.255 3117.6 2
-0.0381165 0.00455656 0.256 2906.55 2
-0.0393533 0.00758589 0.255 3113.83 2
-0.0379447 0.00745214 0.25612 2909.72 2
-0.0399118 0.0108167 0.255308 3122.08 2
-0.0381819 0.0102724 0.256524 2965 2
-0.0403931 0.0135012 0.255714 3207.46 2
-0.0384953 0.0126543 0.256667 3080.5 2
-0.0423983 0.0178354 0.255 3318 2
-0.0403475 0.0165187 0.256056 3193.67 2
-0.0423983 0.0194974 0.255 3348 2
-0.0405962 0.0194866 0.256538 3206.15 2
-0.0425829 0.0225446 0.255 3329.67 2
-0.040976 0.0223986 0.2565 3220.5 2
-0.0434694 0.0256221 0.255667 3380.2 2
-0.0416149 0.0255132 0.257 3219.33 2
-0.0941901 0.0285924 0.255286 771.786 2
-0.0925031 0.0291929 0.255 1053 2
-0.0459666 0.0286422 0.255158 3510.95 2
-0.0436373 0.0283446 0.25624 3431.6 2
-0.0940156 0.0312279 0.256429 702.286 2
-0.0916222 0.0315632 0.2555 1069.12 2
-0.0462819 0.0315093 0.255531 3459.94 2
-0.0440911 0.0313522 0.2568 3400.67 2
-0.0935076 0.0330512 0.257 762 2
-0.0912449 0.0345726 0.256588 1057.82 2
-0.0893816 0.0344383 0.255375 1289 2
-0.0484884 0.0352871 0.255 3440 2
-0.0464138 0.034542 0.256032 3438.94 2
-0.0446838 0.0344472 0.257 3457.67 2
-0.0907692 0.0365056 0.25675 1064.25 2
-0.0885591 0.0372687 0.256 1307.94 2
-0.0857496 0.0385141 0.255143 1542.86 2
-0.083368 0.0388883 0.255 1794 2
-0.0543017 0.0388883 0.255 3529 2
-0.0524035 0.03873 0.255 3475.86 2
-0.049511 0.0375434 0.255207 3490.55 2
-0.0468697 0.0373989 0.2565 3408.71 2
-0.0875358 0.0401301 0.256818 1382.18 2
-0.0853974 0.0406158 0.255905 1598.38 2
-0.0827004 0.0407506 0.255095 1836 2
-0.0808766 0.0411044 0.255 2074.67 2
-0.0546708 0.0409197 0.255 3411.33 2
-0.0524501 0.0406001 0.255645 3403.77 2
-0.0493922 0.0406282 0.256533 3382.57 2
-0.0470342 0.0397747 0.256818 3368.55 2
-0.0854321 0.043388 0.256625 1443.81 2
-0.0826783 0.0435213 0.255815 1737.59 2
-0.0797078 0.043813 0.255 2031.89 2
-0.0775547 0.0449826 0.255 2144 2
-0.0552957 0.0435622 0.255333 3284.29 2
-0.0527577 0.0435695 0.25669 3256.03 2
-0.0504032 0.0431019 0.257 3280.75 2
-0.0843008 0.0456146 0.257 1446.5 2
-0.0823679 0.0462212 0.2568 1668.25 2
-0.0794899 0.046584 0.25588 1957.76 2
-0.0765291 0.0468735 0.255095 2147.76 2
-0.0736001 0.0473174 0.255 2348.86 2
-0.0701201 0.0471591 0.255 2612.14 2
-0.0676522 0.0466893 0.25524 2817.44 2
-0.0647454 0.0469469 0.255 2936.41 2
-0.061499 0.0471987 0.255 3101.47 2
-0.0582939 0.0468915 0.255208 3195.62 2
-0.0554163 0.0465618 0.256067 3329.47 2
-0.052831 0.0463906 0.256952 3336.62 2
-0.0817899 0.0481272 0.257 1683.5 2
-0.0791814 0.0491657 0.256833 1930.08 2
-0.0764978 0.0496642 0.25628 2144.8 2
-0.0734079 0.0494621 0.255556 2397.3 2
-0.0704786 0.0495012 0.25544 2583.32 2
-0.0675939 0.0496218 0.256067 2812.37 2
-0.0644646 0.049659 0.256038 2928.46 2
-0.0615217 0.0496583 0.25625 3109.11 2
-0.0585485 0.0496341 0.256346 3153.81 2
-0.055538 0.0495554 0.256839 3270.19 2
-0.0533326 0.0484064 0.257 3259 2
-0.0761702 0.0517168 0.257 2150 2
-0.0732057 0.0522806 0.256762 2371.76 2
-0.0704076 0.0525541 0.2568 2508.24 2
-0.067585 0.0525204 0.256846 2722.81 2
-0.064547 0.0524986 0.256821 2857.04 2
-0.0617278 0.0519343 0.257 2997.36 2
-0.0586335 0.0520358 0.257 3094.2 2
-0.0566247 0.0518125 0.257 3195.6 2
-0.0500036 -0.0241815 0.26 867 2
-0.0423829 -0.0241815 0.26 1040 2
-0.0406281 -0.0244263 0.2596 1006 2
-0.0374401 -0.0243699 0.259 1051.5 2
-0.0492839 -0.0224089 0.259421 1006.37 2
-0.0467765 -0.0225248 0.259333 1049 2
-0.043089 -0.0231435 0.258222 1076 2
-0.0416576 -0.0232444 0.259 1087.5 2
-0.0368754 -0.0228744 0.258 1469.62 2
-0.0350891 -0.0226243 0.2593 1769.35 2
-0.0353633 -0.0198543 0.25975 1982.75 2
-0.103381 -0.0150657 0.258667 665.333 2
-0.101994 -0.0150268 0.258 649 2
-0.0979861 -0.0151433 0.26 752 2
-0.0937524 -0.0151433 0.26 817 2
-0.0913894 -0.0154764 0.2585 818.75 2
-0.0896702 -0.0158677 0.258 805.5 2
-0.0354263 -0.0164721 0.258667 2043.67 2
-0.103203 -0.0139182 0.258222 714.444 2
-0.101927 -0.0138148 0.2584 726.2 2
-0.0979861 -0.0145784 0.26 780.5 2
-0.0937524 -0.0145784 0.26 829 2
-0.0925483 -0.0145224 0.259 836 2
-0.0360343 -0.0128342 0.259 2210.33 2
-0.0355538 -0.0136067 0.258429 2118.57 2
-0.0360343 -0.0105834 0.259 2297.4 2
-0.035472 -0.0105834 0.259 2209.4 2
-0.0360343 -0.00748843 0.259 2340.33 2
-0.035472 -0.00748843 0.259 2246.17 2
-0.0360343 -0.00439349 0.259 2466 2
-0.0352692 -0.00407555 0.259286 2318 2
-0.0363459 -0.00120351 0.258556 2541.33 2
-0.0349988 -0.00158398 0.259667 2355.87 2
-0.0365017 0.00151112 0.258333 2644.94 2
-0.0349988 0.00151892 0.259667 2434.56 2
-0.0365017 0.00459809 0.258333 2622.87 2
-0.0349988 0.00462182 0.259667 2476.07 2
-0.0363149 0.00730598 0.258455 2665.91 2
-0.0352692 0.00710893 0.259286 2519.43 2
-0.0367351 0.010735 0.2588 2770.45 2
-0.0356089 0.0105591 0.26 2668.33 2
-0.0372644 0.0137433 0.259 2887.04 2
-0.0374372 0.016427 0.259 2852.03 2
-0.0395362 0.0205676 0.258 3145 2
-0.0375599 0.0193713 0.258875 2924.91 2
-0.0395362 0.0225295 0.258 3110.8 2
-0.0380747 0.0226605 0.2595 2959.05 2
-0.040173 0.0253813 0.2585 3137.7 2
-0.0385255 0.0253403 0.26 3045.67 2
-0.042297 0.0290158 0.258 3294.14 2
-0.0405577 0.0284775 0.259037 3199.63 2
-0.0387136 0.0272233 0.26 3052.5 2
-0.0426605 0.0315311 0.258267 3278.47 2
-0.0408894 0.0313944 0.259579 3225.11 2
-0.0937034 0.0346933 0.258 705.6 2
-0.092471 0.0351418 0.258 932.5 2
-0.0433247 0.0344952 0.258518 3367.93 2
-0.0412726 0.0343731 0.259846 3310.46 2
-0.0940348 0.0374329 0.259588 560.588 2
-0.0916592 0.037758 0.258643 969.786 2
-0.0893902 0.0387853 0.258 1232 2
-0.0454679 0.0380274 0.258286 3355.43 2
-0.0435808 0.0374857 0.259034 3276.24 2
-0.0418184 0.0373913 0.26 3179.2 2
-0.091193 0.0401717 0.259714 1017.71 2
-0.0891536 0.0407595 0.258667 1237.78 2
-0.0482186 0.041588 0.258 3285 2
-0.0459246 0.0407938 0.25865 3268.5 2
-0.0440117 0.0403553 0.259857 3158 2
-0.0903654 0.0427577 0.26 982.5 2
-0.0884643 0.0433384 0.259 1190.94 2
-0.0865894 0.044671 0.258 1257.75 2
-0.0512995 0.0449513 0.258 3305.5 2
-0.0491967 0.0438732 0.258095 3294.38 2
-0.0465872 0.0434253 0.259286 3285.82 2
-0.0443586 0.0428989 0.26 3201.25 2
-0.0880434 0.0457083 0.259571 1121.29 2
-0.0855038 0.046754 0.258667 1348.28 2
-0.0832285 0.047754 0.258 1547.5 2
-0.0512995 0.0466329 0.258 3329.5 2
-0.049339 0.0466097 0.258231 3324 2
-0.0468997 0.0464532 0.259769 3278.38 2
-0.0853369 0.0495459 0.2599 1369.1 2
-0.0825527 0.0496357 0.2586 1614.6 2
-0.0802876 0.0499961 0.258 1823.5 2
-0.0543804 0.0505567 0.258 3251 2
-0.0522475 0.049565 0.258 3275.46 2
-0.0493755 0.0495829 0.258538 3292.04 2
-0.0472055 0.0491357 0.25975 3264.25 2
-0.0818873 0.0521061 0.259667 1652.58 2
-0.0795482 0.0524958 0.259 1846.33 2
-0.0766221 0.0530271 0.2582 2093.93 2
-0.0739859 0.0536397 0.258 2310.83 2
-0.0633429 0.0536397 0.258 2927 2
-0.0614223 0.0533193 0.258 2989.71 2
-0.0585815 0.0536397 0.258 3132.83 2
-0.0553701 0.0527639 0.258304 3187.26 2
-0.052442 0.0523027 0.258607 3234.75 2
-0.0495091 0.0524052 0.259462 3229.04 2
-0.0791279 0.0544091 0.2598 1844 2
-0.076528 0.0552562 0.259444 2043.33 2
-0.0734598 0.0557205 0.258346 2243.96 2
-0.0705672 0.0556455 0.2582 2461.88 2
-0.0675407 0.0556008 0.258172 2675.31 2
-0.0643891 0.0557551 0.258428 2836.82 2
-0.0614684 0.0557322 0.2586 2978.6 2
-0.0585178 0.0556281 0.258407 3036.3 2
-0.0555191 0.055528 0.2594 3133.27 2
-0.0527113 0.0551891 0.259947 3161.79 2
-0.0505681 0.0543379 0.26 3200 2
-0.075632 0.0580662 0.26 2064.6 2
-0.0732558 0.0585462 0.259571 2202 2
-0.0704993 0.0587678 0.2596 2397.44 2
-0.0674849 0.0585436 0.259696 2577.26 2
-0.0643613 0.0587133 0.25976 2751.2 2
-0.0613775 0.0586674 0.25916 2905.68 2
-0.058325 0.0587008 0.259138 2994.93 2
-0.0556801 0.0583747 0.259909 3065.82 2
-0.0723014 0.0605517 0.26 2248 2
-0.0706079 0.0605517 0.26 2364.6 2
-0.0632694 0.0605517 0.26 2750 2
-0.061268 0.0610139 0.26 2802.55 2
-0.0586476 0.0610813 0.26 2941.06 2
-0.0564954 0.0608341 0.26 2978.5 2
-0.0487793 -0.0242746 0.261 948.333 2
-0.0464644 -0.0243986 0.262333 1004.67 2
-0.0439031 -0.0243986 0.262333 1035.33 2
-0.0402221 -0.0257192 0.262 949.375 2
-0.0375598 -0.025771 0.2618 968.7 2
-0.0347195 -0.0246334 0.2618 1317.1 2
-0.0487793 -0.0237075 0.261 968 2
-0.0466064 -0.0235362 0.261889 1037.44 2
-0.0336268 -0.0222301 0.261417 1437.08 2
-0.0324698 -0.0220906 0.262 984.333 2
-0.0340971 -0.0194607 0.26237 1607.89 2
-0.032573 -0.0195903 0.262833 1190.33 2
-0.103399 -0.0153181 0.263 648 2
-0.0969463 -0.0152016 0.261 768.667 2
-0.0943962 -0.015591 0.2618 800.8 2
-0.0925501 -0.0161752 0.263 807.5 2
-0.0344097 -0.0164621 0.262143 1784.95 2
-0.0325937 -0.0176037 0.263 1339 2
-0.103399 -0.0147467 0.263 677 2
-0.0969463 -0.0146345 0.261 795 2
-0.0952463 -0.0146345 0.261 810 2
-0.034646 -0.0137749 0.261571 1906.29 2
-0.0348393 -0.0104195 0.262 2060.75 2
-0.0344984 -0.00744268 0.261909 2075.41 2
-0.0343381 -0.00456286 0.261556 2145.33 2
-0.0336842 -0.00151833 0.262286 2106 2
-0.0325937 -0.00131861 0.263 1923.75 2
-0.033592 0.00153095 0.261889 2206.39 2
-0.0325937 0.00153842 0.263 2041.33 2
-0.0336102 0.00457726 0.261714 2285.5 2
-0.0325937 0.00439545 0.263 2157.25 2
-0.0343669 0.00762989 0.261778 2408.78 2
-0.0345518 0.0102382 0.262222 2466.22 2
-0.0352403 0.0135547 0.261706 2601.53 2
-0.03534 0.0166305 0.2622 2619.73 2
-0.0365959 0.0205233 0.261 2832 2
-0.0352925 0.0195627 0.262375 2681.12 2
-0.0365959 0.022508 0.261 2805.83 2
-0.0350954 0.0223522 0.2625 2657 2
-0.0370259 0.0258202 0.261857 2881.33 2
-0.0351918 0.0247505 0.262636 2669 2
-0.0391459 0.0287456 0.261 3079 2
-0.0377157 0.0284674 0.2621 2922.75 2
-0.0397036 0.031849 0.261231 3134.15 2
-0.0382349 0.0314817 0.262533 2963 2
-0.0398885 0.0347752 0.261333 3206.28 2
-0.0382842 0.034452 0.262625 3006.81 2
-0.0403338 0.0375874 0.26136 3096.88 2
-0.0382268 0.0375787 0.262706 2896.35 2
-0.0938296 0.0403704 0.261 533.8 2
-0.0924129 0.0410792 0.261 836.5 2
-0.0429507 0.0407749 0.261167 3102.08 2
-0.0407268 0.0404557 0.262071 3041.18 2
-0.0384467 0.0401083 0.263 2946.38 2
-0.0935828 0.0425791 0.2615 401.5 2
-0.0916488 0.043293 0.261333 811.667 2
-0.0453793 0.0446233 0.261 3237.5 2
-0.0432967 0.0435224 0.261462 3195.92 2
-0.0409965 0.0433024 0.262875 3085.56 2
-0.0914761 0.0461889 0.262556 799.722 2
-0.0890325 0.0471412 0.261333 1045.17 2
-0.0453793 0.0466081 0.261 3248.6 2
-0.0435398 0.0464801 0.261875 3200.16 2
-0.0414444 0.0463938 0.263 3099.8 2
-0.0905515 0.0490603 0.263 846.167 2
-0.0885638 0.0496334 0.262316 1057.37 2
-0.0864629 0.0505775 0.261 1211.5 2
-0.0459559 0.0496765 0.261308 3222.92 2
-0.0436461 0.0495376 0.2624 3133.53 2
-0.0414444 0.0483937 0.263 3081.75 2
-0.0880158 0.0519983 0.262857 1055.29 2
-0.085625 0.0524767 0.261647 1294.29 2
-0.0831573 0.0532238 0.261 1549.17 2
-0.048496 0.0536963 0.261 3145.5 2
-0.0466001 0.0525418 0.2615 3162.29 2
-0.0441979 0.0523811 0.262778 3107.22 2
-0.0850462 0.0547704 0.26275 1340.38 2
-0.0825604 0.0556316 0.2621 1554.05 2
-0.0794207 0.0559365 0.261133 1830.6 2
-0.0773962 0.0568152 0.261 2023 2
-0.051726 0.0563048 0.261 3101.9 2
-0.0493536 0.0556484 0.261476 3128 2
-0.0463664 0.0554853 0.262556 3110.07 2
-0.0442995 0.0543935 0.263 3112 2
-0.0819863 0.0575362 0.263 1566.12 2
-0.0794756 0.0582279 0.26225 1790.19 2
-0.0771571 0.0588244 0.261286 1964.93 2
-0.0547294 0.0590834 0.261 3080.17 2
-0.0525351 0.058599 0.261367 3090.3 2
-0.0494653 0.058347 0.262607 3119.5 2
-0.0470975 0.0575933 0.263 3108 2
-0.0789172 0.0610361 0.263 1760.75 2
-0.0765315 0.0614966 0.262273 1951 2
-0.0735397 0.0615085 0.261348 2157.74 2
-0.0702587 0.0618223 0.261294 2419.88 2
-0.0674735 0.0614505 0.261231 2525.23 2
-0.0647448 0.0615984 0.261158 2672.74 2
-0.0619827 0.0621455 0.261 2780.9 2
-0.0580889 0.0622428 0.261 2925 2
-0.0552001 0.0616434 0.261333 3004.71 2
-0.0524669 0.0615708 0.262115 3067 2
-0.0503241 0.0612766 0.262923 3080 2
-0.0757052 0.063536 0.263 1957 2
-0.0734768 0.064458 0.262762 2057.1 2
-0.0706154 0.0646431 0.262593 2305.07 2
-0.067498 0.0645133 0.262571 2475.36 2
-0.0644853 0.0645945 0.262458 2638.29 2
-0.0614694 0.0645082 0.262214 2737.14 2
-0.0585454 0.0643252 0.262261 2856.65 2
-0.0554877 0.0640111 0.26275 2940.19 2
-0.0527315 0.0641836 0.263 2993.13 2
-0.0694241 0.0666787 0.263 2340 2
-0.0674255 0.0666787 0.263 2414.1 2
-0.0645705 0.0666787 0.263 2586.9 2
-0.0622864 0.0666787 0.263 2663.5 2
-0.0370082 -0.0273402 0.266 938.5 2
-0.0344154 -0.0278766 0.2656 879.8 2
-0.0484802 -0.0254139 0.264 930.5 2
-0.0465084 -0.0254332 0.2642 946.4 2
-0.0449241 -0.0255102 0.265 969.5 2
-0.041602 -0.0265611 0.264 920.75 2
-0.0361568 -0.0259875 0.264 1017 2
-0.0345065 -0.0263284 0.264538 1047.62 2
-0.101021 -0.0154346 0.265 705 2
-0.0969937 -0.0162982 0.265 770 2
-0.0953384 -0.0163596 0.266 797.167 2
-0.0332909 -0.0162367 0.264 1542 2
-0.0322249 -0.0162777 0.264667 1267.75 2
-0.101021 -0.0148588 0.265 761 2
-0.0338048 -0.0132584 0.264667 1712.75 2
-0.0323336 -0.0134461 0.265556 1376.28 2
-0.0339397 -0.01062 0.2646 1849.67 2
-0.0323797 -0.0102892 0.265933 1518.27 2
-0.0333666 -0.0073642 0.2646 1898.4 2
-0.0318481 -0.00729316 0.265696 1542.61 2
-0.0332909 -0.00447831 0.264 1981 2
-0.0317487 -0.00459338 0.26487 1652.7 2
-0.0332909 -0.00275757 0.264 2033 2
-0.0319361 -0.0017147 0.264 1816.55 2
-0.0314692 0.00131661 0.2646 1813.25 2
-0.0332909 0.00584611 0.264 2245 2
-0.0321116 0.00483031 0.265455 2023.55 2
-0.0333413 0.00757962 0.2644 2232.6 2
-0.0325764 0.0072621 0.264857 2119.57 2
-0.0336266 0.0107907 0.264714 2297.86 2
-0.0328416 0.0104743 0.265 2163.2 2
-0.0339229 0.0133266 0.264467 2377.6 2
-0.0328912 0.0133745 0.2654 2203.4 2
-0.0340024 0.0164247 0.264824 2446.88 2
-0.0329655 0.016293 0.266 2277.2 2
-0.0339661 0.0195236 0.2654 2469.93 2
-0.0329655 0.0194716 0.266 2316 2
-0.0337551 0.0225987 0.2654 2464.4 2
-0.0329655 0.0226502 0.266 2386.8 2
-0.0340868 0.0256229 0.264625 2538.25 2
-0.03285 0.0254242 0.266 2424.6 2
-0.0365541 0.0288653 0.264111 2799.56 2
-0.0346811 0.0282559 0.265304 2619.83 2
-0.0367626 0.0316093 0.2645 2796.31 2
-0.0353751 0.0311353 0.265667 2692.92 2
-0.0367756 0.0345686 0.264333 2839.93 2
-0.0353933 0.0350992 0.265444 2739 2
-0.0367756 0.0374402 0.264333 2748.4 2
-0.0352682 0.0374439 0.265615 2691.92 2
-0.0393093 0.0419816 0.264 3002.5 2
-0.0371555 0.0405791 0.264895 2835.74 2
-0.0358262 0.0405362 0.2658 2766.4 2
-0.0397162 0.0438259 0.264167 3021.33 2
-0.0378584 0.0432363 0.265444 2899.11 2
-0.0926154 0.0477174 0.264 575.5 2
-0.0399116 0.0465094 0.264545 3013.86 2
-0.0384231 0.0463111 0.2658 2948.4 2
-0.0919603 0.0493562 0.264 588.071 2
-0.0424618 0.0505853 0.264 3087 2
-0.0403484 0.0496572 0.264461 3016.62 2
-0.0384521 0.0495237 0.266 2917.92 2
-0.0910108 0.0522395 0.26475 674.312 2
-0.0890586 0.0531237 0.2645 955.125 2
-0.0428439 0.0526884 0.264 3113 2
-0.0406218 0.0525247 0.2651 3036.63 2
-0.0384521 0.0515464 0.266 2915.5 2
-0.0907182 0.054725 0.266 686 2
-0.0883025 0.0551844 0.265333 1008.27 2
-0.0859172 0.0561343 0.2642 1248 2
-0.0433931 0.0555699 0.264308 3079.65 2
-0.0410789 0.0553591 0.265529 2992.82 2
-0.0875417 0.0573256 0.266 1076.5 2
-0.0853433 0.0585173 0.265235 1272.29 2
-0.0825476 0.0590164 0.264143 1507.93 2
-0.0805785 0.0597625 0.264 1688 2
-0.0481936 0.0594757 0.264 3047 2
-0.0462502 0.0588981 0.264286 3073 2
-0.0434926 0.0583044 0.2654 3028.52 2
-0.0413397 0.0579036 0.266 3000.33 2
-0.0846541 0.0605043 0.266 1306.25 2
-0.0824366 0.061523 0.26525 1474.19 2
-0.0801993 0.061666 0.264167 1661.58 2
-0.0489461 0.0616322 0.264059 3040.88 2
-0.0464327 0.0615726 0.265179 3027.68 2
-0.0442686 0.0610409 0.266 2984.14 2
-0.0819109 0.0635383 0.266 1486.5 2
-0.07945 0.0645489 0.265333 1642.83 2
-0.0767931 0.0645282 0.264105 1846.95 2
-0.0745601 0.0654983 0.264 1953 2
-0.0576512 0.0654983 0.264 2846 2
-0.055645 0.0654983 0.264 2905.6 2
-0.0517601 0.0649885 0.264 3015.67 2
-0.0494062 0.0644394 0.26436 2983.12 2
-0.046663 0.0645748 0.265444 2994.22 2
-0.0785901 0.067343 0.266 1664.78 2
-0.0762819 0.0673338 0.2649 1844.4 2
-0.0735484 0.0675112 0.264286 2016.86 2
-0.0707627 0.0676492 0.264 2257.44 2
-0.0676819 0.0683662 0.264 2362 2
-0.0645294 0.0683662 0.264 2491.94 2
-0.0612622 0.0679073 0.264 2678.4 2
-0.0583874 0.0675416 0.264417 2816.83 2
-0.0554992 0.0673222 0.2644 2894.08 2
-0.0524746 0.0672678 0.264428 2969.93 2
-0.0496753 0.067466 0.265261 2960.09 2
-0.0474347 0.0669134 0.265714 2989 2
-0.0759912 0.0694621 0.266 1801.75 2
-0.0734638 0.0699838 0.265615 1982.69 2
-0.0705869 0.0704705 0.26544 2175.24 2
-0.0674556 0.070588 0.2648 2315.4 2
-0.0644985 0.070524 0.264714 2422.29 2
-0.0615101 0.0705216 0.264809 2587.95 2
-0.0584953 0.0704147 0.265233 2721.13 2
-0.0557608 0.070278 0.266 2798.65 2
-0.0526014 0.0697511 0.266 2897.1 2
-0.0502913 0.069751 0.266 2869.67 2
-0.0693497 0.0726406 0.266 2159.5 2
-0.0676171 0.0726407 0.266 2265 2
-0.0646078 0.0725047 0.2655 2417.8 2
-0.0614178 0.0728004 0.265667 2575.33 2
-0.0584512 0.073234 0.265864 2648.55 2
-0.0566441 0.0729296 0.266 2716.33 2
-0.0470622 -0.0273564 0.269 899 2
-0.043558 -0.0273564 0.269 886 2
-0.0399317 -0.0276421 0.2678 894 2
-0.0375806 -0.0281259 0.268 890.75 2
-0.0353358 -0.0288208 0.267 867.625 2
-0.0470622 -0.0267719 0.269 917.5 2
-0.0439816 -0.0260475 0.268222 965.222 2
-0.0964136 -0.0185897 0.269 744.333 2
-0.0952455 -0.0185897 0.269 757.889 2
-0.0994648 -0.0164212 0.267 701.5 2
-0.096896 -0.0175773 0.267571 753.857 2
-0.0952455 -0.0174209 0.269 774 2
-0.0310606 -0.0123606 0.267 1046.5 2
-0.0310606 -0.0103302 0.267 1190.7 2
-0.0310606 -0.00858988 0.267 1244.5 2
-0.0310606 -0.00336901 0.267 1502 2
-0.0311381 -0.00221361 0.267667 1551.5 2
-0.0307707 0.00243196 0.267 1653.67 2
-0.0296113 0.00243196 0.267 1402 2
-0.0310652 0.00436337 0.267615 1759.77 2
-0.0296113 0.00301206 0.267 1446 2
-0.0317051 0.00781359 0.268111 1922.17 2
-0.0317566 0.0105928 0.268 2003.3 2
-0.0317566 0.0135042 0.268 2032.45 2
-0.0320413 0.0161826 0.268286 2151.71 2
-0.0323406 0.0193269 0.268 2203.8 2
-0.0323406 0.0225294 0.268 2277.75 2
-0.0330895 0.026796 0.267 2477 2
-0.0322948 0.025656 0.267889 2336.11 2
-0.0333556 0.0288837 0.267143 2469.14 2
-0.0321941 0.0287902 0.268 2349.58 2
-0.0340069 0.031651 0.267263 2575.21 2
-0.032416 0.0312542 0.268286 2382.14 2
-0.0342824 0.0343482 0.26787 2595.22 2
-0.0327533 0.0345945 0.269 2381 2
-0.0339874 0.0376066 0.268177 2567.82 2
-0.0327533 0.0375167 0.269 2443.2 2
-0.0344501 0.0403028 0.2679 2662.45 2
-0.0327533 0.0395622 0.269 2498 2
-0.0367465 0.0440958 0.26725 2804.62 2
-0.0353378 0.0431473 0.268125 2722.38 2
-0.0369254 0.0466064 0.2675 2804.55 2
-0.0353815 0.0462833 0.269 2671.4 2
-0.0369254 0.0495123 0.2675 2817.9 2
-0.0353815 0.0494978 0.269 2691.92 2
-0.0373748 0.052621 0.267846 2815.23 2
-0.0353815 0.0518356 0.269 2727.25 2
-0.0904795 0.056091 0.267 748 2
-0.089465 0.056526 0.267 886.25 2
-0.0396225 0.0557633 0.267462 2931.46 2
-0.0378486 0.0553493 0.268556 2804.39 2
-0.0907301 0.0584709 0.2686 666 2
-0.088632 0.0588577 0.267875 955.875 2
-0.0426545 0.0598615 0.267 2940.5 2
-0.0399969 0.0585389 0.26785 2926.7 2
-0.0385937 0.0582644 0.269 2821.25 2
-0.0908652 0.0608944 0.269 465 2
-0.0886062 0.0612936 0.2687 870.3 2
-0.0855924 0.0618486 0.267125 1177.5 2
-0.0835231 0.062762 0.267 1396 2
-0.0431806 0.0618766 0.267526 2977.63 2
-0.0408185 0.0611867 0.268609 2909.35 2
-0.087361 0.0641088 0.269 952.5 2
-0.0852404 0.0645395 0.268 1179.41 2
-0.0827462 0.0649299 0.267353 1380.94 2
-0.0452631 0.0645023 0.267 2971.2 2
-0.0434123 0.0645223 0.267857 2931.96 2
-0.0412636 0.0640671 0.269 2872.14 2
-0.0850666 0.0666553 0.269 1152.71 2
-0.0823643 0.0672936 0.268214 1365.86 2
-0.0801917 0.067639 0.267167 1527.42 2
-0.0484514 0.068563 0.267 2934.5 2
-0.0461696 0.0677741 0.267118 2937.53 2
-0.0436099 0.067415 0.268333 2912.67 2
-0.0415139 0.0664466 0.269 2918 2
-0.0816666 0.0700993 0.269 1339.75 2
-0.0794453 0.0704406 0.267818 1520.41 2
-0.0767107 0.0707328 0.26725 1739 2
-0.0736683 0.0714635 0.267 1952.2 2
-0.0548281 0.0711735 0.267 2785 2
-0.0525093 0.0711735 0.267 2824.25 2
-0.049092 0.07065 0.267333 2876.78 2
-0.0464137 0.0706986 0.268345 2893.83 2
-0.0439612 0.069892 0.268889 2854.22 2
-0.0788194 0.0729541 0.26875 1525 2
-0.0763543 0.0735539 0.2687 1694.9 2
-0.0735542 0.0734687 0.26787 1952.65 2
-0.0706063 0.0735891 0.267111 2122.33 2
-0.0672916 0.074364 0.267 2286.6 2
-0.0645269 0.0742748 0.267 2433.31 2
-0.0614302 0.0744929 0.267 2543.78 2
-0.0584512 0.0747991 0.267 2623.75 2
-0.0553752 0.0735283 0.267379 2716.76 2
-0.0524304 0.0735002 0.26808 2771 2
-0.0496009 0.0736214 0.26852 2808.76 2
-0.0473093 0.0733925 0.269 2823.38 2
-0.0731494 0.0761873 0.269 1915.17 2
-0.0705144 0.0764605 0.268417 2039.46 2
-0.0675062 0.0766387 0.26785 2203.4 2
-0.0644817 0.0765927 0.268 2345.43 2
-0.061753 0.0765012 0.268 2488 2
-0.058597 0.0765457 0.267381 2589.76 2
-0.0554416 0.0764576 0.267923 2652.73 2
-0.0525315 0.076561 0.2686 2761.48 2
-0.0499129 0.0766187 0.269 2753.67 2
-0.0479383 0.0755054 0.269 2837 2
-0.0701318 0.078866 0.269 1993.5 2
-0.0675281 0.0796067 0.268897 2128.86 2
-0.0645177 0.0792314 0.26885 2232.65 2
-0.0613079 0.0795567 0.268955 2409.55 2
-0.0583845 0.0793709 0.268385 2505.27 2
-0.0556783 0.0789223 0.268846 2646.54 2
-0.0526106 0.0784277 0.269 2650.2 2
-0.0505665 0.0784277 0.269 2652 2
-0.0590351 0.0816421 0.269 2411.5 2
-0.0381382 -0.0300253 0.272 806 2
-0.0484096 -0.0274581 0.27 882 2
-0.0405834 -0.0287751 0.270571 843 2
-0.0383949 -0.0291727 0.271143 840.857 2
-0.0514257 -0.026184 0.272 893 2
-0.0496224 -0.0265278 0.271 914.5 2
-0.100165 -0.0185991 0.27125 682 2
-0.0979444 -0.0189522 0.27 696.333 2
-0.0941318 -0.0188143 0.271455 793.091 2
-0.0921533 -0.0185703 0.271556 946.222 2
-0.108119 -0.0167287 0.272 597.5 2
-0.106544 -0.0159408 0.272 657.167 2
-0.102509 -0.0167287 0.272 668.5 2
-0.100183 -0.017518 0.2705 689 2
-0.093841 -0.0174856 0.27 793.667 2
-0.0915089 -0.0169741 0.2712 1060.73 2
-0.0898117 -0.0167287 0.272 1466 2
-0.0304611 -0.0049095 0.272 1118.75 2
-0.0304841 0.000799217 0.271333 1422 2
-0.0295044 0.00201933 0.27 1283.75 2
-0.0304095 0.00472056 0.270667 1577 2
-0.0293548 0.00419253 0.271333 1308.25 2
-0.0304238 0.00749292 0.271667 1612.67 2
-0.0304387 0.0107422 0.2718 1743.1 2
-0.0303491 0.0136554 0.271 1828.9 2
-0.0308168 0.0168346 0.27125 1952.12 2
-0.0309353 0.0195432 0.271 1996.25 2
-0.0309353 0.0224872 0.271 2052.3 2
-0.0309353 0.0254311 0.271 2083.25 2
-0.0309527 0.0281672 0.271 2163.59 2
-0.0315759 0.0318604 0.2706 2252.07 2
-0.0315008 0.0345303 0.2708 2243.25 2
-0.0314185 0.0375717 0.270545 2326.14 2
-0.0334613 0.0411759 0.27 2585 2
-0.0317955 0.0407186 0.271048 2386.67 2
-0.0340215 0.0437281 0.270154 2590.85 2
-0.0321162 0.0432264 0.271176 2364.88 2
-0.0340888 0.0465128 0.270333 2572.47 2
-0.0324575 0.0465403 0.271706 2423.82 2
-0.0340888 0.0494495 0.270333 2549.87 2
-0.0324874 0.0496933 0.271667 2441.93 2
-0.0343037 0.0527129 0.270714 2626.67 2
-0.0324874 0.0520543 0.271667 2516.89 2
-0.0366854 0.0558412 0.27 2744.5 2
-0.0347923 0.0553638 0.27125 2608.79 2
-0.037223 0.0585912 0.270571 2774 2
-0.0350432 0.0584491 0.271667 2647.67 2
-0.0903237 0.0625873 0.27 610 2
-0.0897375 0.0625873 0.27 722.5 2
-0.0396165 0.062294 0.27 2828 2
-0.0374475 0.0614122 0.271286 2779.11 2
-0.0354808 0.0612781 0.272 2699.75 2
-0.0903237 0.0643471 0.27 450 2
-0.0889419 0.0645567 0.27 754.214 2
-0.040221 0.0646706 0.270125 2876.38 2
-0.037972 0.0643309 0.271524 2768.67 2
-0.0884501 0.0670857 0.271308 821.692 2
-0.0858333 0.0678771 0.270625 1088 2
-0.0835823 0.0687468 0.27 1274 2
-0.0422544 0.0681601 0.27 2895.67 2
-0.0402018 0.0674475 0.27072 2831.08 2
-0.0382503 0.0669789 0.27175 2752.25 2
-0.08517 0.0701374 0.271538 1117.15 2
-0.0828881 0.0705871 0.270308 1277.15 2
-0.0430178 0.0708547 0.270133 2840.4 2
-0.0407666 0.0702834 0.271304 2821.3 2
-0.0844967 0.0728018 0.272 1116.33 2
-0.0824711 0.0735662 0.271263 1250.32 2
-0.0798791 0.0739699 0.270182 1451.36 2
-0.0774271 0.0746129 0.27 1590 2
-0.0458694 0.0739285 0.27 2808.5 2
-0.0436019 0.0736069 0.270792 2777.12 2
-0.0413735 0.0732719 0.271917 2788.92 2
-0.0822515 0.0759372 0.2718 1206.7 2
-0.0794099 0.076419 0.270952 1462.67 2
-0.0763918 0.076678 0.270286 1653.29 2
-0.0742029 0.0772527 0.27 1804 2
-0.0484096 0.0769594 0.27 2828.33 2
-0.0464321 0.0764974 0.27044 2776.32 2
-0.0436298 0.0764653 0.271619 2714.29 2
-0.0419769 0.0763475 0.272 2723 2
-0.0790341 0.0790807 0.272 1418.31 2
-0.0763138 0.0793789 0.27125 1585 2
-0.0734112 0.0794007 0.27032 1763.8 2
-0.0709787 0.0800391 0.27 1907.12 2
-0.0639442 0.080479 0.27 2210.33 2
-0.0627718 0.080479 0.27 2267 2
-0.0554023 0.0802276 0.27 2621.86 2
-0.0525131 0.0798924 0.27 2646.94 2
-0.0492181 0.0796143 0.270381 2652.48 2
-0.0465712 0.0793791 0.27125 2712.8 2
-0.0442406 0.0788099 0.272 2674.92 2
-0.0760926 0.081848 0.272 1518.85 2
-0.0734679 0.0822872 0.271294 1714.06 2
-0.070495 0.082359 0.270391 1874.09 2
-0.0674742 0.0825476 0.27005 2088.75 2
-0.0643948 0.0825017 0.27032 2204.88 2
-0.0615377 0.0823933 0.27 2337.21 2
-0.0583986 0.0829901 0.270111 2398.11 2
-0.0555845 0.0823621 0.2704 2505.6 2
-0.0526021 0.0823566 0.270741 2573.52 2
-0.0495437 0.0823715 0.2714 2604.1 2
-0.0471934 0.0817647 0.272 2601.83 2
-0.0723903 0.0843255 0.272 1761.5 2
-0.0702265 0.0854642 0.271625 1811.88 2
-0.0674724 0.0856069 0.271444 1974.67 2
-0.0643952 0.0856372 0.271615 2117.35 2
-0.0613415 0.0855642 0.271 2268.17 2
-0.0583031 0.0854859 0.27092 2333.92 2
-0.05542 0.0855892 0.27132 2451.08 2
-0.0527643 0.0851725 0.272 2476.13 2
-0.0499915 0.0842833 0.272 2523.71 2
-0.0635321 0.0878712 0.272 2051.25 2
-0.061443 0.0884299 0.2719 2169.5 2
-0.0584048 0.0883007 0.2715 2285.05 2
-0.0560138 0.088394 0.272 2332.15 2
-0.0429855 -0.0303197 0.274667 800 2
-0.041195 -0.0303197 0.274667 791.667 2
-0.0370931 -0.0301357 0.273 810.5 2
-0.0457237 -0.0282653 0.275 870.125 2
-0.0435596 -0.029021 0.274182 850.455 2
-0.041195 -0.0297229 0.274667 809.333 2
-0.0552768 -0.0249792 0.275 1021.5 2
-0.0536893 -0.0242044 0.273 903.5 2
-0.0934891 -0.0216931 0.275 780.75 2
-0.0916978 -0.0216931 0.275 822.375 2
-0.0552768 -0.0237842 0.275 1016.5 2
-0.0536893 -0.0236112 0.273 955.5 2
-0.106094 -0.0187294 0.273889 529.333 2
-0.103486 -0.0191585 0.274 604.812 2
-0.101775 -0.0198282 0.274 632.25 2
-0.0970715 -0.0204981 0.275 692.5 2
-0.0944986 -0.0203937 0.2736 773.2 2
-0.091249 -0.0197899 0.273818 1065.59 2
-0.0895186 -0.0192571 0.274727 1527.45 2
-0.106455 -0.0171369 0.2738 622.333 2
-0.103964 -0.0172675 0.2735 631.875 2
-0.0904382 -0.0176799 0.273 1472.5 2
-0.0893301 -0.016869 0.273818 1570.45 2
-0.0305731 -0.00344472 0.273 1202.5 2
-0.0296029 -0.00346995 0.275 754 2
-0.0309758 -0.00141398 0.273571 1399.64 2
-0.0296029 -0.00167752 0.275 935.7 2
-0.0294414 0.00100453 0.2735 1120.62 2
-0.0283055 0.00517459 0.274 953.75 2
-0.0288788 0.00725352 0.2738 1255.95 2
-0.0288598 0.0103709 0.274333 1359.42 2
-0.0269161 0.00997328 0.275 731.5 2
-0.0291695 0.0133876 0.274143 1541.86 2
-0.0291848 0.0168859 0.274286 1614.07 2
-0.0288212 0.0195002 0.274546 1631.23 2
-0.0269161 0.0195329 0.275 1299.5 2
-0.0293142 0.0224512 0.274167 1790.75 2
-0.029576 0.0254853 0.27475 1874.38 2
-0.0305731 0.0297707 0.273 2135.5 2
-0.0296029 0.0284951 0.275 1951 2
-0.0305547 0.0313863 0.2735 2129.25 2
-0.0296029 0.0314825 0.275 1954.12 2
-0.0302989 0.0345402 0.2732 2125.2 2
-0.0295214 0.0349709 0.27425 2010.88 2
-0.0302767 0.0374814 0.273 2203.6 2
-0.0292165 0.037675 0.273786 2069.57 2
-0.0303211 0.0405077 0.2734 2219.8 2
-0.0293339 0.0403104 0.274273 2118 2
-0.0308121 0.0438086 0.273455 2249 2
-0.0297927 0.0435718 0.274 2147.8 2
-0.0309064 0.0464351 0.273333 2268 2
-0.0297927 0.0465483 0.274 2144.6 2
-0.0309434 0.0494646 0.273667 2292.93 2
-0.0299014 0.0497056 0.275 2184.4 2
-0.0311224 0.0525851 0.273706 2336.94 2
-0.0299014 0.052693 0.275 2208.4 2
-0.0335367 0.0561652 0.273 2532 2
-0.0316843 0.0554099 0.274044 2369.52 2
-0.0299014 0.0550829 0.275 2225.33 2
-0.0335367 0.0582411 0.273 2547.5 2
-0.0319917 0.0584165 0.274444 2415.17 2
-0.0362039 0.0629862 0.273 2663 2
-0.0342468 0.0616598 0.273381 2585.52 2
-0.0325646 0.0616112 0.2748 2457.9 2
-0.0366076 0.0648993 0.27325 2702.75 2
-0.0346853 0.0644735 0.274278 2585.67 2
-0.090472 0.0685746 0.274 532 2
-0.0889035 0.0686116 0.2732 801.8 2
-0.0371113 0.0677571 0.273529 2688.18 2
-0.0354451 0.0671777 0.274778 2652 2
-0.0902519 0.0695947 0.273333 326.333 2
-0.0884544 0.0703826 0.273474 770.526 2
-0.0862299 0.0715272 0.273 1004.8 2
-0.0394639 0.0708946 0.273 2739.83 2
-0.0374681 0.0705698 0.274182 2632.36 2
-0.0358721 0.0694224 0.275 2575 2
-0.0882154 0.0730743 0.274385 745.538 2
-0.0857053 0.0737491 0.273467 1011.33 2
-0.0399768 0.0737064 0.273294 2713 2
-0.0382133 0.0735155 0.274667 2661.53 2
-0.0872198 0.0753971 0.275 869 2
-0.085246 0.0763331 0.27425 978.167 2
-0.0829304 0.0772213 0.273 1148.67 2
-0.0404545 0.0765422 0.273522 2666.61 2
-0.0382227 0.0765181 0.274733 2612.27 2
-0.0845331 0.0792808 0.275 987.5 2
-0.0826692 0.0793609 0.274 1151 2
-0.0801924 0.0801442 0.273143 1302.86 2
-0.0450948 0.0807801 0.273 2654 2
-0.04304 0.079752 0.273 2632.13 2
-0.0404281 0.0794064 0.274044 2627.04 2
-0.0383689 0.0792536 0.275 2564.18 2
-0.0820255 0.0815517 0.2748 1148.8 2
-0.0796232 0.0825489 0.274235 1294 2
-0.0768764 0.0832288 0.27325 1478.75 2
-0.0480584 0.0837458 0.273 2581 2
-0.0460257 0.0827582 0.273133 2582.27 2
-0.0434076 0.082457 0.274091 2575.09 2
-0.0408804 0.0822021 0.274778 2584.28 2
-0.0388574 0.0816707 0.275 2536.5 2
-0.0792191 0.0848971 0.275 1282.5 2
-0.0764225 0.0854453 0.274222 1485.56 2
-0.0735085 0.0854881 0.273 1658.12 2
-0.0711747 0.0867115 0.273 1732 2
-0.0519111 0.0864149 0.273 2457.62 2
-0.0492527 0.0857189 0.27305 2528.35 2
-0.0463446 0.0853637 0.273864 2557.27 2
-0.0438958 0.0851666 0.274882 2580.41 2
-0.0755771 0.0876455 0.275 1473 2
-0.0734515 0.0885269 0.274333 1557.86 2
-0.0704887 0.0884683 0.2735 1755.88 2
-0.0675026 0.0885997 0.273333 1889.33 2
-0.0647394 0.0888721 0.273 1998.29 2
-0.0549171 0.0889145 0.273 2353.86 2
-0.0526387 0.0883835 0.273231 2393.46 2
-0.0493494 0.0884163 0.273905 2455.76 2
-0.0467488 0.088295 0.274762 2444.86 2
-0.0448281 0.0873467 0.275 2478 2
-0.0731461 0.0905902 0.275 1526.57 2
-0.0704339 0.090844 0.274733 1702.6 2
-0.0672635 0.0911596 0.274737 1857.26 2
-0.0644093 0.0917056 0.274211 1956.68 2
-0.0615277 0.0915337 0.273304 2096.48 2
-0.0586747 0.0914453 0.273333 2158.33 2
-0.0554971 0.0913798 0.273818 2284.91 2
-0.0524288 0.0913858 0.274417 2313.62 2
-0.049645 0.0913363 0.274652 2346.35 2
-0.0478134 0.0909316 0.275 2395.33 2
-0.064293 0.0941964 0.274938 1914.12 2
-0.06149 0.0947298 0.27475 1965 2
-0.058539 0.0944225 0.2749 2092.25 2
-0.0558312 0.0939616 0.275 2177.57 2
-0.0537841 0.0936203 0.275 2258 2
-0.0633372 0.0966077 0.275 1865 2
-0.061546 0.0966076 0.275 1896.9 2
-0.0594563 0.0963089 0.275 2008.5 2
-0.0458112 -0.0307581 0.277857 794.143 2
-0.0434312 -0.0313772 0.276818 788.818 2
-0.0402833 -0.0314345 0.2766 757.7 2
-0.0385386 -0.03148 0.277 753.5 2
-0.0548537 -0.0277884 0.278 893.2 2
-0.0525601 -0.0279696 0.278 877.6 2
-0.0507494 -0.0279696 0.278 889.5 2
-0.0467016 -0.0282098 0.2762 875.4 2
-0.0445527 -0.0299754 0.277 809 2
-0.0546628 -0.0262658 0.276857 858.429 2
-0.0535087 -0.0262335 0.276667 850 2
-0.100243 -0.0210237 0.278 655.25 2
-0.0974397 -0.022514 0.27775 642.312 2
-0.0941646 -0.0224548 0.277 734 2
-0.0915741 -0.0226824 0.277333 774.833 2
-0.0892997 -0.0216854 0.2772 1105.5 2
-0.100931 -0.0204962 0.277 646.75 2
-0.0883764 -0.0194726 0.276875 1802 2
-0.0866624 -0.0183057 0.278 1946 2
-0.0879947 -0.0173058 0.2765 1833.33 2
-0.0866624 -0.0170977 0.278 1918.5 2
-0.0273136 0.00791079 0.276 663.833 2
-0.0273796 0.0105364 0.276667 897.5 2
-0.0278125 0.0135561 0.2765 1207.62 2
-0.0263044 0.0140081 0.278 684.5 2
-0.027763 0.0160811 0.276 1285.19 2
-0.0263044 0.0158201 0.278 808.5 2
-0.0273136 0.0191043 0.276 1316.33 2
-0.0279122 0.0224898 0.276667 1533.22 2
-0.0280789 0.0252586 0.277 1633.78 2
-0.0286154 0.0284014 0.277 1769.7 2
-0.0286154 0.0314106 0.277 1769 2
-0.0300102 0.0333959 0.276 1998.5 2
-0.0287824 0.0342894 0.277167 1808.33 2
-0.0280853 0.0375816 0.276909 1863.45 2
-0.0282137 0.0406385 0.277 1891.33 2
-0.0286132 0.043447 0.277 1971.1 2
-0.0286132 0.0464562 0.277 2020.5 2
-0.0286343 0.0495016 0.2772 2050.65 2
-0.0286132 0.0524744 0.277 2077.6 2
-0.0303098 0.0564825 0.276 2270.5 2
-0.028902 0.0552819 0.277286 2118.21 2
-0.0303098 0.0582814 0.276 2275.8 2
-0.0293012 0.0586624 0.2778 2177.6 2
-0.0310083 0.0614806 0.2769 2353.25 2
-0.0293223 0.0608178 0.278 2163.25 2
-0.0333259 0.0649172 0.276167 2474.67 2
-0.0317178 0.0644795 0.277187 2388.38 2
-0.0340294 0.0676844 0.276895 2506.21 2
-0.0323665 0.0673843 0.277857 2378.57 2
-0.0360026 0.0708741 0.276 2540.33 2
-0.0346781 0.0706306 0.2774 2518.15 2
-0.0365958 0.0735392 0.276308 2546.77 2
-0.0348117 0.0734238 0.277562 2513.06 2
-0.0882272 0.0765653 0.276286 704.5 2
-0.086738 0.0768706 0.276 894.667 2
-0.0366453 0.0763631 0.276333 2567.07 2
-0.0350135 0.0763289 0.277667 2515.87 2
-0.0881141 0.0791679 0.277143 593.429 2
-0.0860161 0.0796474 0.276364 870.636 2
-0.0368164 0.0794948 0.276294 2538.53 2
-0.0350135 0.0793452 0.277667 2485.2 2
-0.0878695 0.0813536 0.278 607 2
-0.0856337 0.0823033 0.277467 856.533 2
-0.0828933 0.0828177 0.276333 1075.67 2
-0.0400474 0.0833169 0.276 2545.5 2
-0.0374617 0.0824627 0.276577 2498.08 2
-0.0351912 0.0819209 0.277875 2423.38 2
-0.0847007 0.0845246 0.278 915 2
-0.0826548 0.0853633 0.277 1055.41 2
-0.0800829 0.0860544 0.276125 1227.75 2
-0.0779492 0.086465 0.276 1394 2
-0.0428938 0.0861652 0.276 2542.75 2
-0.0405275 0.0855371 0.276444 2495.7 2
-0.0380276 0.0851277 0.277667 2460.42 2
-0.0356599 0.0840716 0.278 2405 2
-0.0820074 0.0877368 0.277857 1084.14 2
-0.0794869 0.0882706 0.277312 1245.75 2
-0.0768366 0.0887324 0.276308 1402.08 2
-0.04589 0.0894633 0.276 2415 2
-0.0435005 0.088417 0.276407 2468.85 2
-0.0404292 0.0884745 0.2776 2434.2 2
-0.038376 0.0870916 0.278 2404 2
-0.0788158 0.0901116 0.278 1227.5 2
-0.0765866 0.0915304 0.277 1322.58 2
-0.0738768 0.0918898 0.276083 1443 2
-0.0707583 0.0924615 0.276 1665.4 2
-0.0683614 0.0924615 0.276 1814.67 2
-0.0485865 0.0924615 0.276 2361 2
-0.0463134 0.0916153 0.276435 2374.61 2
-0.0434948 0.0913965 0.277435 2402.61 2
-0.0407725 0.0909643 0.278 2390.06 2
-0.0764291 0.0940947 0.277786 1284.79 2
-0.0735399 0.0944216 0.277211 1439.63 2
-0.0705819 0.0945401 0.276739 1629.48 2
-0.0677806 0.0943547 0.27619 1753.48 2
-0.0656648 0.0951599 0.276 1795.25 2
-0.0551782 0.0951599 0.276 2159.67 2
-0.0525376 0.0947837 0.2763 2220.8 2
-0.0495275 0.0946531 0.276476 2279.81 2
-0.046644 0.0943861 0.277 2298.56 2
-0.0439261 0.0940997 0.277929 2344.64 2
-0.0729611 0.0963931 0.278 1446.8 2
-0.0702443 0.0973305 0.277917 1557.92 2
-0.0674584 0.0976162 0.277095 1649.76 2
-0.0648033 0.0973147 0.276158 1775.63 2
-0.0617698 0.0981582 0.276 1870.9 2
-0.0586024 0.09743 0.276 1999.76 2
-0.0556341 0.0974117 0.27625 2112.79 2
-0.0526032 0.0973844 0.277364 2133.73 2
-0.0494531 0.0974869 0.2775 2192.95 2
-0.0466831 0.0974231 0.278 2197.58 2
-0.0447136 0.0961515 0.278 2254 2
-0.0694603 0.0991715 0.278 1532 2
-0.0675224 0.100339 0.277889 1550.22 2
-0.0645336 0.100387 0.277 1725.61 2
-0.0614912 0.100366 0.276615 1823.58 2
-0.0583851 0.100319 0.277 1913.1 2
-0.0554767 0.1005 0.2775 2022.65 2
-0.0525601 0.100379 0.278 2046.28 2
-0.0495422 0.100379 0.278 2112.76 2
-0.0474297 0.0997753 0.278 2122.83 2
-0.0664424 0.102493 0.278 1571 2
-0.064373 0.102838 0.278 1650.64 2
-0.0614827 0.103231 0.27775 1699.56 2
-0.0585959 0.103097 0.278 1802.9 2
-0.0557121 0.10303 0.278 1896.11 2
-0.0523337 0.102946 0.278 1965.69 2
-0.0497434 0.102694 0.278 2022.42 2
-0.0522121 -0.0307135 0.281 833.75 2
-0.0495443 -0.031355 0.280667 802 2
-0.047089 -0.0312451 0.2792 790.1 2
-0.0571937 -0.0272583 0.28 1044 2
-0.0554766 -0.0290308 0.280545 908.545 2
-0.0525172 -0.0294925 0.281 860.6 2
-0.0495947 -0.0293876 0.28 837.375 2
-0.0476003 -0.0292826 0.279 835.5 2
-0.0949187 -0.0246083 0.281 620.375 2
-0.0578825 -0.0253014 0.280615 1342.23 2
-0.0565858 -0.02665 0.28 1035 2
-0.100604 -0.0219259 0.279 598.909 2
-0.0963632 -0.0232209 0.279 683 2
-0.095605 -0.0233319 0.280333 697.833 2
-0.0912144 -0.0232209 0.279 734 2
-0.0883158 -0.0222594 0.280077 1335.46 2
-0.0860701 -0.0216701 0.2805 1967.5 2
-0.083632 -0.0212506 0.281 2356 2
-0.100604 -0.0204931 0.279 667 2
-0.0876404 -0.0201294 0.279 1949.8 2
-0.0853515 -0.0194156 0.28 2109.64 2
-0.0832253 -0.019012 0.281 2231 2
-0.0853084 -0.0171899 0.2795 2041.12 2
-0.0831776 -0.0172515 0.2805 2124 2
-0.0260568 0.0231046 0.279667 1155.33 2
-0.0276105 0.026788 0.279 1570.5 2
-0.0264558 0.0256302 0.2796 1342.3 2
-0.0276105 0.0286065 0.279 1563.1 2
-0.0265173 0.0284311 0.28025 1349.5 2
-0.0276105 0.0316374 0.279 1588.6 2
-0.0265883 0.0312536 0.281 1434.8 2
-0.0276897 0.0347667 0.2798 1668.1 2
-0.0276105 0.0370929 0.279 1789.33 2
-0.0265883 0.0379693 0.281 1623.83 2
-0.0273076 0.0404268 0.279 1753.5 2
-0.0265883 0.0398008 0.281 1617 2
-0.0274055 0.0433092 0.28 1803.4 2
-0.0267976 0.0433092 0.28 1763.6 2
-0.0274055 0.0463509 0.28 1852 2
-0.0264334 0.0468315 0.280444 1781.89 2
-0.0274055 0.0493926 0.28 1908.2 2
-0.0267976 0.0493926 0.28 1853 2
-0.0274055 0.0524344 0.28 1929.4 2
-0.0267976 0.0524344 0.28 1871.4 2
-0.0277876 0.0558369 0.279778 1962.33 2
-0.0268359 0.0555566 0.2804 1886 2
-0.028027 0.0583714 0.279714 2036.57 2
-0.0268933 0.0584215 0.281 1943 2
-0.0286346 0.0617565 0.279714 2094.5 2
-0.0306392 0.0649766 0.279 2274.67 2
-0.0290144 0.0645175 0.280222 2156.94 2
-0.0311622 0.0677796 0.279625 2269.5 2
-0.0296123 0.0675199 0.28075 2190.62 2
-0.0333651 0.0707352 0.279 2438.75 2
-0.0315432 0.0705878 0.279417 2329.21 2
-0.0296387 0.0703265 0.281 2190.5 2
-0.033486 0.0737097 0.279167 2447.67 2
-0.0317383 0.0735445 0.28019 2360.19 2
-0.0296387 0.0721581 0.281 2219 2
-0.0337158 0.0766031 0.2794 2449.7 2
-0.032345 0.0765438 0.280667 2347.93 2
-0.033668 0.0795247 0.279 2425.1 2
-0.0329061 0.0795773 0.28025 2389.25 2
-0.087277 0.0837679 0.279 640 2
-0.0863684 0.0837679 0.279 778.5 2
-0.0342562 0.0828106 0.279571 2342.5 2
-0.0326892 0.0825368 0.281 2257 2
-0.087277 0.0849802 0.279 565.667 2
-0.0859148 0.0855368 0.279167 774 2
-0.0370286 0.0860589 0.279222 2441.56 2
-0.0345608 0.0855029 0.280048 2334.57 2
-0.0326892 0.0852841 0.281 2247.38 2
-0.0855981 0.088533 0.280222 720.722 2
-0.082915 0.0889234 0.2792 988 2
-0.0803109 0.0898295 0.279 1160.5 2
-0.0375915 0.0885784 0.279333 2364.81 2
-0.0353918 0.0885368 0.280667 2311.73 2
-0.0852335 0.0912366 0.281 665.75 2
-0.0825889 0.0916136 0.280333 953.278 2
-0.079813 0.0917712 0.279375 1165.94 2
-0.0400284 0.0924058 0.279 2326.25 2
-0.0375896 0.0913035 0.279478 2324.91 2
-0.0353918 0.0915857 0.280667 2247.2 2
-0.0820051 0.0943401 0.281 945.25 2
-0.0795308 0.0946364 0.279824 1109 2
-0.0772215 0.0955275 0.279 1234 2
-0.0429899 0.0950156 0.279 2320.89 2
-0.0405727 0.0946777 0.279727 2284.95 2
-0.0374972 0.0945668 0.280462 2266.42 2
-0.0353918 0.09372 0.280667 2232.33 2
-0.0791265 0.0973562 0.2806 1052.3 2
-0.076452 0.0976111 0.279778 1198.56 2
-0.0734745 0.0978396 0.279 1374.29 2
-0.071164 0.0985584 0.279 1508.2 2
-0.0454802 0.0980128 0.279 2206.75 2
-0.0436631 0.0976386 0.279174 2264.3 2
-0.0407357 0.0973113 0.280435 2216.39 2
-0.0384851 0.0968838 0.281 2194.5 2
-0.0784461 0.0990207 0.281 1021 2
-0.0763224 0.100225 0.280667 1137.08 2
-0.0735682 0.100422 0.279955 1283.68 2
-0.0705214 0.100807 0.279278 1457.94 2
-0.0684987 0.10165 0.279 1512 2
-0.0464047 0.100932 0.279 2106.21 2
-0.0436646 0.100627 0.279667 2157.79 2
-0.0410784 0.0999633 0.280823 2162.71 2
-0.0750907 0.103294 0.281 1128.6 2
-0.0734645 0.103456 0.280611 1217.17 2
-0.0706473 0.103641 0.28 1351.65 2
-0.067545 0.103666 0.279125 1502.69 2
-0.0646623 0.10458 0.279 1604.78 2
-0.0612297 0.104984 0.279 1665 2
-0.0585038 0.104984 0.279 1749 2
-0.0554318 0.104724 0.279 1864.43 2
-0.053153 0.10458 0.279 1910.56 2
-0.0496654 0.104323 0.279 1970.09 2
-0.0464705 0.103654 0.2795 2028.79 2
-0.0433032 0.10333 0.2806 2103.9 2
-0.0414135 0.102806 0.281 2089.6 2
-0.0750907 0.105126 0.281 1063 2
-0.0730998 0.106411 0.281 1158.21 2
-0.0703273 0.106368 0.28025 1294.88 2
-0.0675284 0.106577 0.28 1418.24 2
-0.0644086 0.106748 0.27965 1540.45 2
-0.0612845 0.106595 0.27925 1621.3 2
-0.0584761 0.106666 0.279294 1733.71 2
-0.0557457 0.106512 0.279158 1810.26 2
-0.0526801 0.106579 0.279095 1850.24 2
-0.0495041 0.106474 0.27987 1922.17 2
-0.0463661 0.106539 0.2807 1943.4 2
-0.0440776 0.106143 0.281 2011 2
-0.0723452 0.108484 0.281 1119.5 2
-0.0702535 0.109138 0.281 1197.07 2
-0.0677092 0.109608 0.28075 1331.85 2
-0.0644888 0.109314 0.28 1455.7 2
-0.0614491 0.109314 0.28 1539.1 2
-0.0584095 0.109314 0.28 1669.2 2
-0.0554236 0.109342 0.279947 1711.53 2
-0.0523712 0.109512 0.279846 1576.88 2
-0.049395 0.109487 0.2806 1739.92 2
-0.0464163 0.109399 0.281 1834.08 2
-0.0442809 0.109704 0.281 1865.75 2
-0.0488566 0.111231 0.281 968.333 2
-0.0464163 0.111231 0.281 1024.6 2
-0.0582175 -0.0300629 0.2835 934.25 2
-0.0545932 -0.0317913 0.283333 818.5 2
-0.0527793 -0.0318486 0.2824 813.3 2
-0.0786973 -0.0275504 0.283 793.333 2
-0.0763415 -0.0273627 0.283889 1024.44 2
-0.0618238 -0.0273627 0.283889 1641.11 2
-0.0584367 -0.0285292 0.282846 1035.85 2
-0.0569899 -0.028372 0.282 944 2
-0.093751 -0.0247835 0.283 699 2
-0.0925221 -0.0247835 0.283 713.5 2
-0.0876079 -0.0248711 0.284 881 2
-0.0869913 -0.0248711 0.284 898 2
-0.0819214 -0.0252482 0.284 1379.67 2
-0.0792316 -0.0255989 0.283 1582 2
-0.0764509 -0.0255233 0.283571 2079.67 2
-0.0691097 -0.0248711 0.284 2357 2
-0.0669956 -0.0252237 0.284 2182.21 2
-0.0643716 -0.0254444 0.2835 2021.75 2
-0.061394 -0.0254545 0.28281 1763.19 2
-0.0592067 -0.0259787 0.282143 1475.57 2
-0.0908781 -0.0235261 0.282667 810.833 2
-0.0882211 -0.0235538 0.283 1031.75 2
-0.0854919 -0.0230991 0.282444 1700.33 2
-0.0824598 -0.0226253 0.282615 2277.38 2
-0.0793068 -0.0225634 0.282731 2461.73 2
-0.076346 -0.0226635 0.2834 2562.2 2
-0.0743508 -0.0220945 0.284 2474.5 2
-0.0691097 -0.02302 0.284 2368 2
-0.0672084 -0.0227629 0.284 2222.42 2
-0.0644027 -0.0227941 0.283333 1999.17 2
-0.0615099 -0.022962 0.282444 1696 2
-0.059439 -0.0234706 0.282 1476.5 2
-0.0822459 -0.0197179 0.282 2297.12 2
-0.0795145 -0.019532 0.282633 2462.73 2
-0.0764325 -0.0196066 0.28372 2503.52 2
-0.0739985 -0.0193619 0.284 2268.07 2
-0.0669515 -0.0208604 0.284 1996.5 2
-0.0651017 -0.0208604 0.284 1500 2
-0.0817866 -0.0173437 0.282 2097.25 2
-0.080256 -0.0173437 0.282 2023.83 2
-0.0271804 0.0173956 0.284 1032 2
-0.0265638 0.0173956 0.284 796 2
-0.0271804 0.0194523 0.284 1133.33 2
-0.0265638 0.0194523 0.284 945.667 2
-0.0271804 0.0214063 0.284 1208 2
-0.025887 0.0221759 0.283333 933.167 2
-0.0255486 0.0250201 0.283 1020.5 2
-0.0250652 0.0286081 0.28275 1010.75 2
-0.0249333 0.031477 0.283 1140.75 2
-0.0261609 0.0345504 0.283 1476.55 2
-0.0254506 0.0376652 0.2833 1408.5 2
-0.0257223 0.0406099 0.283 1507.21 2
-0.0258773 0.0435029 0.28325 1611.81 2
-0.02555 0.0463372 0.282769 1651.08 2
-0.02552 0.0495617 0.2827 1683.65 2
-0.0254882 0.052538 0.283111 1688.28 2
-0.0258107 0.0551921 0.283 1772.43 2
-0.026163 0.0585299 0.283 1822.3 2
-0.0276012 0.0613865 0.282 2036.2 2
-0.0265376 0.0614646 0.283231 1921.62 2
-0.0274816 0.064845 0.282571 2021.14 2
-0.0264555 0.0639421 0.283455 1943.73 2
-0.0279558 0.0676331 0.2825 2073.05 2
-0.0280042 0.0705196 0.283 2077.69 2
-0.0300503 0.0739466 0.282 2214 2
-0.0285621 0.0733143 0.283111 2106.94 2
-0.0307368 0.0766935 0.282286 2218.93 2
-0.0290501 0.0762755 0.2836 2090.4 2
-0.031386 0.0797474 0.282783 2228.39 2
-0.0296468 0.0797158 0.284 2080.2 2
-0.0313095 0.0825136 0.282714 2154.71 2
-0.0310547 0.0853687 0.2828 2162.65 2
-0.0296468 0.0852691 0.284 2090.4 2
-0.0336949 0.0885819 0.282154 2262.38 2
-0.0315403 0.0885061 0.2833 2166.35 2
-0.0296468 0.0871202 0.284 2071 2
-0.033763 0.0915162 0.282333 2182.2 2
-0.031898 0.0913804 0.283706 2148.12 2
-0.0851541 0.0941652 0.282 587.75 2
-0.0832153 0.0950843 0.282 813.333 2
-0.0342032 0.0947435 0.282813 2172.81 2
-0.032253 0.0941747 0.283875 2100.38 2
-0.0848912 0.096401 0.283167 575.667 2
-0.082536 0.0975791 0.283125 816 2
-0.080256 0.0981477 0.282 982.333 2
-0.0392343 0.0984541 0.282 2182 2
-0.0372614 0.0979094 0.282 2161.44 2
-0.0347232 0.09748 0.283222 2121.94 2
-0.0817501 0.0997694 0.284 865.5 2
-0.079627 0.100679 0.282714 958.5 2
-0.0775008 0.101517 0.282 1083 2
-0.0397853 0.100843 0.282 2120.2 2
-0.037476 0.100506 0.2826 2114.6 2
-0.0348505 0.100589 0.2837 2055.15 2
-0.0790424 0.103186 0.2835 963.083 2
-0.0766169 0.103679 0.282286 1076.5 2
-0.0422956 0.104887 0.282 2047 2
-0.0402878 0.103607 0.282688 2054.44 2
-0.0376086 0.103326 0.2836 2034.55 2
-0.0355046 0.102854 0.284 1983.5 2
-0.0783588 0.106556 0.284 913.5 2
-0.07651 0.10661 0.282857 1000.14 2
-0.0747456 0.107032 0.282 1069.5 2
-0.0428608 0.106914 0.282 1960.23 2
-0.0406519 0.106447 0.283174 1974.26 2
-0.0382793 0.106248 0.284 1969.2 2
-0.0760676 0.108831 0.2835 962.125 2
-0.0734413 0.1097 0.2824 1052.8 2
-0.0713781 0.110095 0.282 1151.5 2
-0.0432905 0.109329 0.282 1867.75 2
-0.0405626 0.109438 0.283231 1878.5 2
-0.0382793 0.109333 0.284 1872.87 2
-0.0738539 0.111464 0.283667 1023.83 2
-0.0713781 0.111014 0.282 1121.5 2
-0.0435201 0.11132 0.282 1463.7 2
-0.0405016 0.111667 0.283091 1512.91 2
-0.0382793 0.111801 0.284 1609.67 2
-0.067423 -0.030328 0.286 889.25 2
-0.0642316 -0.030434 0.287 949.667 2
-0.0615407 -0.0313245 0.286412 857 2
-0.058714 -0.0318089 0.286143 830.357 2
-0.0563922 -0.031737 0.2858 823 2
-0.0903981 -0.0275318 0.286 444 2
-0.0883256 -0.0278359 0.287 635.25 2
-0.0866639 -0.0282516 0.287 749.75 2
-0.0818482 -0.0275799 0.2865 811.75 2
-0.0807734 -0.0275318 0.286 812.5 2
-0.0754478 -0.0282516 0.287 1020.5 2
-0.0737861 -0.0278359 0.287 1327.83 2
-0.0705009 -0.0281069 0.286429 1522.29 2
-0.0676428 -0.0283967 0.285833 1447.92 2
-0.0645173 -0.0283741 0.285381 1409.62 2
-0.0614539 -0.0290514 0.285667 1098.4 2
-0.091373 -0.0255664 0.285857 726.429 2
-0.0888004 -0.0257189 0.285571 784.071 2
-0.0855911 -0.0256239 0.2855 950.4 2
-0.0833151 -0.0259138 0.285286 1056 2
-0.0751849 -0.026289 0.286 1998 2
-0.0735807 -0.0253191 0.28556 2409.6 2
-0.0706774 -0.0252775 0.2851 2418.5 2
-0.0681155 -0.0261971 0.285 2214.5 2
-0.0732867 -0.0226146 0.285 2439.64 2
-0.070809 -0.0224273 0.285 2351.59 2
-0.0687342 -0.0215531 0.285 2304 2
-0.0730657 -0.0203147 0.285 2398.89 2
-0.0709545 -0.0199868 0.285 2116.65 2
-0.0687342 -0.0209339 0.285 2267 2
-0.0274675 0.0191382 0.287 1093.5 2
-0.0260244 0.019582 0.2862 603.7 2
-0.0258195 0.021557 0.286 731 2
-0.0252006 0.026528 0.286 811.625 2
-0.0244916 0.0276737 0.285 671.25 2
-0.0244916 0.0344849 0.285 1130.75 2
-0.023254 0.0351041 0.285 779.5 2
-0.0244916 0.0366522 0.285 1191.67 2
-0.0232541 0.0372714 0.285 916.9 2
-0.0245776 0.0411304 0.286 1341.67 2
-0.0234172 0.0403389 0.287 1065.75 2
-0.024642 0.0434196 0.28675 1391 2
-0.0245927 0.0463082 0.2869 1443 2
-0.0242671 0.049519 0.286 1489 2
-0.0236461 0.0501404 0.286 1429 2
-0.0242671 0.0523152 0.286 1494.4 2
-0.0236461 0.0523152 0.286 1418.4 2
-0.0246702 0.0558141 0.285889 1626.22 2
-0.0236957 0.0555397 0.2866 1496.4 2
-0.0249063 0.058382 0.285714 1691.64 2
-0.0237288 0.0584219 0.287 1547.75 2
-0.0251985 0.0616358 0.286 1706.3 2
-0.0253901 0.0649114 0.285833 1811.25 2
-0.0258664 0.0676588 0.285778 1875.5 2
-0.0258084 0.0706197 0.2859 1846.7 2
-0.0275855 0.074114 0.285 2018.25 2
-0.0257495 0.0735811 0.286 1870.61 2
-0.0278079 0.076533 0.285167 2003.42 2
-0.0260866 0.0762088 0.286667 1887 2
-0.028316 0.079363 0.285444 2031 2
-0.0265329 0.0786872 0.287 1948.17 2
-0.03037 0.0827829 0.285 2115.25 2
-0.0285448 0.0824756 0.286182 2024.41 2
-0.0283516 0.0853972 0.2865 1997.5 2
-0.03037 0.0883557 0.285 2078 2
-0.0285849 0.0885871 0.28625 2038.79 2
-0.0306794 0.092071 0.285 2116.38 2
-0.0292934 0.0915444 0.286583 2019.17 2
-0.0311278 0.0948655 0.285333 2085.08 2
-0.0292892 0.0941243 0.286538 2026.69 2
-0.0851299 0.0982703 0.2852 593.8 2
-0.0334639 0.0976438 0.285 2063.5 2
-0.0317249 0.0975577 0.285818 2039.36 2
-0.0296485 0.0967701 0.287 1993 2
-0.0850636 0.100388 0.286 533.091 2
-0.0828389 0.100873 0.2852 762.8 2
-0.0334639 0.10043 0.285 2001.4 2
-0.0317132 0.10048 0.286217 1972.13 2
-0.0847242 0.103215 0.2865 462.375 2
-0.0826765 0.103326 0.285778 699.667 2
-0.0800269 0.1043 0.285 862.25 2
-0.0344914 0.103904 0.285188 1942.75 2
-0.0319899 0.10323 0.286278 1901.06 2
-0.0841715 0.106435 0.287 385.25 2
-0.0824119 0.106526 0.286778 629.389 2
-0.0800129 0.106293 0.2855 825.5 2
-0.0368671 0.106622 0.285 1954.1 2
-0.0346109 0.106724 0.285846 1896.77 2
-0.0323048 0.106237 0.2868 1839.5 2
-0.0813674 0.108618 0.287 670.5 2
-0.0791336 0.109393 0.286 805.786 2
-0.0766752 0.110337 0.285 910.333 2
-0.036638 0.109739 0.285286 1857 2
-0.0343858 0.10968 0.28625 1823.79 2
-0.076755 0.111935 0.2856 879.6 2
-0.0368671 0.112195 0.285 1583.83 2
-0.0343229 0.112291 0.286167 1620.5 2
-0.0693105 -0.0332724 0.29 424 2
-0.0686808 -0.0332724 0.29 469 2
-0.0585152 -0.0330429 0.288 794.5 2
-0.0729195 -0.0303671 0.289333 848.5 2
-0.0704496 -0.0310756 0.289273 829 2
-0.0679149 -0.0316707 0.28975 817.375 2
-0.0641316 -0.0313784 0.2888 898.2 2
-0.0585152 -0.0324172 0.288 829 2
-0.0857106 -0.028175 0.288333 812.583 2
-0.0835268 -0.0277243 0.288 813.5 2
-0.0737774 -0.0290764 0.289 947.125 2
-0.0708646 -0.029445 0.288 1000.75 2
-0.0663313 -0.0299143 0.288 1017 2
-0.065706 -0.0299143 0.288 1022 2
-0.0922808 -0.0264728 0.288 684.75 2
-0.0223255 0.0412478 0.289 718 2
-0.022968 0.0434773 0.2892 1025.85 2
-0.0234102 0.0462422 0.29 1195.7 2
-0.0235016 0.049123 0.2888 1318.1 2
-0.0227688 0.0526346 0.288889 1281.56 2
-0.022953 0.0553755 0.289 1346.1 2
-0.0229847 0.0585973 0.2894 1400.6 2
-0.0244368 0.0614411 0.288 1620.8 2
-0.0233321 0.0615099 0.289231 1512.23 2
-0.0244368 0.0645698 0.288 1661.4 2
-0.0233321 0.0642641 0.289231 1528.38 2
-0.0244792 0.0675036 0.2885 1705.25 2
-0.0238528 0.0675035 0.2885 1634.25 2
-0.0244707 0.0702975 0.2884 1708 2
-0.0234016 0.0708546 0.289273 1615 2
-0.0244368 0.0733299 0.288 1698.2 2
-0.0233076 0.073372 0.288923 1615.92 2
-0.0248913 0.0769941 0.288444 1785.33 2
-0.0235019 0.0761129 0.289333 1650.22 2
-0.0255173 0.0797941 0.28875 1858.06 2
-0.0239768 0.0798248 0.29 1715 2
-0.0260793 0.0826598 0.2889 1892.1 2
-0.0260881 0.0855134 0.289 1900.44 2
-0.0270315 0.0889679 0.289 1945.5 2
-0.0258985 0.0883356 0.2895 1876.94 2
-0.0275944 0.0916856 0.288333 1931.83 2
-0.0258353 0.0912705 0.289667 1862.5 2
-0.0276413 0.0944081 0.288357 1958.57 2
-0.026404 0.094305 0.289 1872.4 2
-0.0300644 0.0986717 0.288 1971 2
-0.028118 0.0975668 0.2889 1934.45 2
-0.0264954 0.0974666 0.29 1848.5 2
-0.0300644 0.100549 0.288 1955.75 2
-0.0285987 0.100584 0.289 1915.11 2
-0.0305045 0.103862 0.288222 1878.67 2
-0.0286716 0.103417 0.289176 1853.94 2
-0.0307642 0.106509 0.288286 1824.43 2
-0.0289397 0.106587 0.289714 1795.29 2
-0.0824847 0.109517 0.288 589 2
-0.0804003 0.110873 0.288 744.5 2
-0.0314435 0.109493 0.288409 1798.5 2
-0.0290462 0.109136 0.2897 1750.1 2
-0.0825128 0.112121 0.289143 499.714 2
-0.079984 0.112739 0.288429 728.857 2
-0.0313256 0.112435 0.28887 1715.57 2
-0.0296435 0.112273 0.29 1692.4 2
-0.0822179 0.114163 0.29 526 2
-0.031212 0.114293 0.289 1311.5 2
-0.0296435 0.114478 0.29 1442 2
-0.0662106 -0.0336166 0.293 730 2
-0.0655744 -0.0336166 0.293 740 2
-0.0843969 -0.030542 0.291 701.5 2
-0.0732775 -0.0319158 0.292 768.25 2
-0.0709817 -0.0320251 0.293 805.25 2
-0.0666072 -0.0320412 0.2914 833 2
-0.065469 -0.0320412 0.2914 864.8 2
-0.0850287 -0.0292776 0.291 811.5 2
-0.0837359 -0.0293782 0.292 763.5 2
-0.022111 0.0467505 0.291818 890.818 2
-0.0209723 0.0464342 0.292 411.4 2
-0.0220541 0.0494883 0.291529 1001.59 2
-0.0209244 0.0497023 0.291333 700.333 2
-0.0219746 0.0523447 0.291 1119.2 2
-0.0209005 0.0525976 0.291 903.6 2
-0.0218575 0.0554663 0.291125 1170.25 2
-0.0203369 0.0555285 0.292643 830.643 2
-0.0216973 0.0584736 0.291923 1203.77 2
-0.0201879 0.0582421 0.292889 924.111 2
-0.0219233 0.0616601 0.292 1316.9 2
-0.022191 0.0648761 0.2922 1390 2
-0.0224932 0.0675359 0.292111 1468.78 2
-0.0223971 0.070304 0.292 1489.94 2
-0.0219421 0.0734604 0.29225 1480 2
-0.0224437 0.0763012 0.2922 1547.8 2
-0.0231912 0.0794236 0.292 1646.6 2
-0.0243754 0.082629 0.291 1760.88 2
-0.0232508 0.0824907 0.29275 1664.12 2
-0.0244383 0.0853783 0.29175 1782.12 2
-0.0232706 0.08447 0.293 1654.75 2
-0.0244592 0.0883054 0.292 1779.2 2
-0.0244592 0.0914775 0.292 1744.1 2
-0.0251333 0.0944008 0.291667 1779.5 2
-0.0250399 0.0974022 0.292222 1747.44 2
-0.0272185 0.100648 0.291 1860.2 2
-0.0255021 0.100431 0.29213 1741.17 2
-0.0272185 0.103493 0.291 1771 2
-0.0260283 0.103366 0.291833 1721.42 2
-0.0275344 0.106338 0.291 1723.8 2
-0.0261604 0.106032 0.2926 1692.9 2
-0.0277871 0.109499 0.291 1689.3 2
-0.0267695 0.109615 0.293 1635.8 2
-0.0282135 0.112537 0.2915 1631.05 2
-0.0265574 0.112692 0.293 1559.17 2
-0.0280966 0.11492 0.2916 1440.1 2
-0.0262606 0.114899 0.293 1497.7 2
-0.0692245 -0.0335256 0.295 661 2
-0.0679435 -0.0335256 0.295 740.833 2
-0.0650613 -0.0335256 0.295 807 2
-0.0845617 -0.0310668 0.296 768 2
-0.0831157 -0.0305845 0.296 781.25 2
-0.0762071 -0.0310668 0.296 814.25 2
-0.0831126 -0.0295393 0.294667 763 2
-0.0211159 0.0614437 0.294 1199.4 2
-0.0196146 0.0613408 0.294588 849.647 2
-0.0211878 0.0645385 0.295 1251.5 2
-0.0197708 0.0641424 0.295714 985.714 2
-0.0212022 0.0674659 0.2952 1325.4 2
-0.0205612 0.0674659 0.2952 1215.2 2
-0.0211878 0.0706257 0.295 1335.4 2
-0.0205473 0.0706257 0.295 1258.4 2
-0.0211878 0.0735099 0.295 1373.5 2
-0.0205473 0.0735099 0.295 1326 2
-0.0214921 0.07687 0.295429 1461.57 2
-0.0206169 0.076653 0.296 1379 2
-0.0219995 0.079261 0.294182 1521 2
-0.0206169 0.0785823 0.296 1377 2
-0.0221485 0.0824829 0.295 1568.75 2
-0.0226366 0.0858829 0.295125 1604.25 2
-0.0227868 0.0885707 0.295 1638.69 2
-0.0227793 0.0914235 0.2949 1648.25 2
-0.0227718 0.0945962 0.2948 1627.45 2
-0.0228265 0.0977095 0.2955 1598.75 2
-0.0227595 0.100439 0.295556 1571.11 2
-0.0246267 0.103602 0.294 1665.1 2
-0.0232285 0.103157 0.295167 1596.83 2
-0.0249323 0.106886 0.2946 1628.7 2
-0.0235089 0.106557 0.296 1562.12 2
-0.0253732 0.109373 0.294444 1578.67 2
-0.0235089 0.109451 0.296 1530.9 2
-0.0252052 0.112294 0.294556 1558.94 2
-0.0235089 0.112667 0.296 1503.3 2
-0.0248282 0.115455 0.2945 1428.33 2
-0.0234692 0.115366 0.2955 1442.5 2
-0.0235089 0.117169 0.296 1140 2
-0.0821729 -0.0330058 0.299 312.5 2
-0.0769795 -0.0330058 0.299 512 2
-0.0825126 -0.0313467 0.298667 768.167 2
-0.0769795 -0.0323561 0.299 757 2
-0.0821729 -0.0297576 0.299 803 2
-0.019139 0.0655551 0.297 864.6 2
-0.0190745 0.0675555 0.297 932.875 2
-0.0190745 0.0704592 0.297 1027.25 2
-0.0171977 0.0710202 0.298 525 2
-0.0191416 0.0736267 0.298062 1126.88 2
-0.0172554 0.0735322 0.299 712.167 2
-0.0195924 0.0762606 0.299 1202.6 2
-0.0213314 0.0801384 0.297 1436.67 2
-0.0200447 0.0795541 0.298538 1310.15 2
-0.0213493 0.082467 0.29725 1491 2
-0.0201361 0.0823571 0.298417 1383.5 2
-0.0214032 0.0855878 0.298 1497.4 2
-0.0207562 0.0855878 0.298 1432.4 2
-0.0214032 0.0885013 0.298 1506 2
-0.0204548 0.0889251 0.298333 1423.5 2
-0.0213745 0.0912908 0.2976 1509.4 2
-0.0201891 0.091356 0.298462 1412.77 2
-0.0213314 0.0943344 0.297 1534.6 2
-0.0201303 0.0943249 0.298333 1407.47 2
-0.0213673 0.097403 0.2975 1538.5 2
-0.0201005 0.097521 0.298571 1417.71 2
-0.0214032 0.100479 0.298 1494 2
-0.0201998 0.100487 0.298615 1419.46 2
-0.0219405 0.103765 0.2974 1519.1 2
-0.0207562 0.103393 0.298 1462.75 2
-0.0219934 0.106478 0.297923 1476 2
-0.0208259 0.106663 0.299 1423.4 2
-0.0220246 0.10942 0.297667 1498.93 2
-0.020798 0.109763 0.2986 1407.4 2
-0.0220428 0.112418 0.297286 1443.86 2
-0.0202137 0.112488 0.2986 1337.7 2
-0.0220002 0.115543 0.297333 1397.67 2
-0.0204979 0.115667 0.298286 1319.57 2
-0.0218509 0.1176 0.2975 1202.75 2
-0.0203042 0.117347 0.2985 1253.5 2
-0.0814707 -0.0331161 0.3 374 2
-0.0797278 -0.0332044 0.3008 421.4 2
-0.0814707 -0.0314867 0.3 760.25 2
-0.0798307 -0.0316773 0.300778 764.778 2
-0.0814707 -0.0298572 0.3 807 2
-0.0803454 -0.0299235 0.300667 820.667 2
-0.0186365 0.0771234 0.300333 1065.5 2
-0.0169962 0.0767346 0.301 725.857 2
-0.0186778 0.0795828 0.301 1120.5 2
-0.0167656 0.0794864 0.301875 762.688 2
-0.0186934 0.0822677 0.30125 1180.25 2
-0.0174286 0.0814875 0.302 959 2
-0.0194766 0.0853961 0.30075 1300.69 2
-0.0193292 0.0884102 0.301 1296.25 2
-0.0186882 0.0914038 0.301167 1272.67 2
-0.0186778 0.094624 0.301 1257.25 2
-0.0186779 0.0975668 0.301 1298.4 2
-0.0186778 0.10051 0.301 1313.88 2
-0.0193215 0.103409 0.300875 1326.31 2
-0.0195589 0.106017 0.301167 1349.67 2
-0.0199739 0.109603 0.300833 1350.33 2
-0.0189757 0.11244 0.3016 1286.3 2
-0.0192638 0.115411 0.301111 1273.17 2
-0.0191121 0.118385 0.301 1186.25 2
-0.0166447 0.0824865 0.303667 820.333 2
-0.018802 0.0860363 0.303 1222.75 2
-0.0172068 0.085247 0.304714 981 2
-0.0170767 0.0890249 0.3045 1050.62 2
-0.0167078 0.0916453 0.303545 1040.68 2
-0.0146218 0.0905802 0.305 702.5 2
-0.0170655 0.0944783 0.303333 1109.25 2
-0.0174863 0.0975568 0.303 1185.3 2
-0.0169681 0.100662 0.303857 1179.79 2
-0.0169846 0.103116 0.304143 1187.79 2
-0.018802 0.107102 0.303 1318.5 2
-0.017544 0.106465 0.304 1237.2 2
-0.018802 0.109406 0.303 1279.5 2
-0.0175729 0.109619 0.3045 1201.88 2
-0.018802 0.111381 0.303 1281.5 2
-0.017544 0.112409 0.304 1196.8 2
-0.017544 0.115381 0.304 1198 2
-0.0171984 0.118585 0.30375 1141.06 2
-0.0158324 0.0858909 0.306 737.375 2
-0.0146697 0.0855585 0.306 314.25 2
-0.0158822 0.0882135 0.306091 864.545 2
-0.0146793 0.0886073 0.3062 558.4 2
-0.0153341 0.0922069 0.306 873.5 2
-0.0146697 0.0922069 0.306 746.5 2
-0.015683 0.0948587 0.306333 963.333 2
-0.0146937 0.0943564 0.3065 817 2
-0.0161514 0.097653 0.3064 1071.5 2
-0.0140133 0.0975774 0.308 751.875 2
-0.0158104 0.0999218 0.306667 1064.89 2
-0.0140841 0.100418 0.307733 845.4 2
-0.0157164 0.103735 0.307 1074.83 2
-0.0140889 0.103461 0.307833 894 2
-0.0160319 0.10651 0.306667 1124.93 2
-0.0147656 0.106528 0.308 999.8 2
-0.0160319 0.109508 0.306667 1119.5 2
-0.0147656 0.109539 0.308 984.5 2
-0.016344 0.112244 0.30625 1125.75 2
-0.0163841 0.11552 0.307 1109.3 2
-0.0162107 0.118158 0.306429 1105.29 2
-0.0147177 0.119522 0.307 1002 2
-0.0159393 0.120934 0.306714 1023.71 2
-0.0147496 0.121119 0.307667 956.667 2
-0.0138073 0.0954605 0.309 593.5 2
-0.0154844 0.0971389 0.309 987 2
-0.0141724 0.0973507 0.309667 744.167 2
-0.0124654 0.101503 0.309 472 2
-0.0124654 0.103517 0.309 597.7 2
-0.0132622 0.10664 0.309714 812.429 2
-0.013439 0.109421 0.310833 849.167 2
-0.0154844 0.11258 0.309 1058.75 2
-0.0142022 0.112615 0.310333 950.667 2
-0.0154844 0.115601 0.309 1041.4 2
-0.0142493 0.115438 0.310231 958.308 2
-0.0154844 0.118622 0.309 1058.5 2
-0.0141586 0.118447 0.310429 972.643 2
-0.0133455 0.121362 0.31 900.938 2
-0.0111957 0.121417 0.311 717.25 2
-0.0125461 0.123106 0.311 763.5 2
-0.0125865 0.110284 0.312 768.25 2
-0.0113162 0.110103 0.313 463 2
-0.0126066 0.112498 0.3125 792.75 2
-0.0112677 0.112677 0.313 584 2
-0.0126268 0.115397 0.313 829.75 2
-0.0112677 0.115397 0.313 682.125 2
-0.0126268 0.118458 0.313 847.3 2
-0.0109345 0.118533 0.3132 632.4 2
-0.0125865 0.120452 0.312 853.75 2
-0.0112317 0.120452 0.312 717.25 2
