-0.0275438 -0.00613128 0.239 2621.33 2
-0.0254682 -0.00613128 0.239 3224.4 2
-0.0226142 -0.00613128 0.239 3636 2
-0.0195007 -0.00613128 0.239 3712 2
-0.0163873 -0.00613128 0.239 3730.5 2
-0.0135333 -0.00613128 0.239 3705 2
-0.0102869 -0.00651859 0.238917 3673.25 2
-0.00755539 -0.00664199 0.238667 3718.89 2
-0.00444703 -0.00664341 0.238722 3651.56 2
-0.002325 -0.00644284 0.239 3454.4 2
-0.0275438 -0.00561202 0.239 2421 2
-0.0253085 -0.0051327 0.239 2706.85 2
-0.0225493 -0.00447613 0.239 2910.88 2
-0.0194657 -0.00430669 0.238556 3153.03 2
-0.0163302 -0.00429973 0.238167 3313.83 2
-0.0135254 -0.00431174 0.238867 3337.97 2
-0.0106593 -0.00430543 0.238528 3301.89 2
-0.00753956 -0.00429792 0.238167 3263.22 2
-0.00451285 -0.00442123 0.238485 3238.42 2
-0.00241395 -0.00487021 0.239 3263.43 2
-0.0215764 -0.00249644 0.239 2519 2
-0.0191815 -0.00204838 0.238714 2790.29 2
-0.0163483 -0.0019721 0.238444 2813.5 2
-0.0135333 -0.00197718 0.239 2906.73 2
-0.0110685 -0.002107 0.239 2908.42 2
-0.00756594 -0.00249644 0.239 3120.67 2
-0.00523087 -0.00249644 0.239 3005.33 2
-0.0362962 -0.0106774 0.242 2569.75 2
-0.0346057 -0.0102545 0.242 2959.78 2
-0.031663 -0.00979311 0.242 3376.36 2
-0.029006 -0.00956009 0.242 3512.75 2
-0.0251968 -0.00956009 0.242 3582.75 2
-0.0223726 -0.0098887 0.242 3635.83 2
-0.0194828 -0.00988871 0.242 3682.67 2
-0.0164155 -0.0102842 0.241769 3682.69 2
-0.0136211 -0.0101207 0.241818 3628.05 2
-0.0105362 -0.00987581 0.241667 3658.67 2
-0.00765036 -0.00987581 0.241667 3703.44 2
-0.00450219 -0.00987581 0.241667 3692.44 2
-0.00135402 -0.00987581 0.241667 3669.56 2
0.00153378 -0.00988613 0.241933 3671.47 2
0.00442371 -0.00988871 0.242 3667.11 2
0.00757623 -0.0098887 0.242 3390.06 2
0.0102033 -0.00988871 0.242 2885.83 2
-0.0338855 -0.00803301 0.242 2058.53 2
-0.0314593 -0.00749747 0.241167 2572.47 2
-0.0286016 -0.00760518 0.240758 3198.12 2
-0.0253986 -0.00774915 0.2408 3612.6 2
-0.0224668 -0.00779099 0.240846 3666.62 2
-0.019599 -0.00771163 0.240759 3703.93 2
-0.016497 -0.00774184 0.2406 3694.6 2
-0.0133662 -0.00774428 0.240667 3700.77 2
-0.0106494 -0.00798485 0.240474 3708.84 2
-0.00760815 -0.00825485 0.240333 3741.78 2
-0.00447735 -0.00825485 0.240333 3730.67 2
-0.00118609 -0.00762953 0.240258 3571.1 2
0.00152801 -0.00749198 0.240967 3402.67 2
0.0044168 -0.00750972 0.241556 3194.56 2
0.00741456 -0.00790691 0.242 3075.23 2
0.0099406 -0.00844281 0.242 2797.25 2
-0.0312459 -0.00524587 0.241727 1929.55 2
-0.0284954 -0.00448894 0.240962 2154.73 2
-0.0256518 -0.0036716 0.240444 2289.5 2
-0.0229693 -0.00302832 0.24 2436 2
-0.00368953 -0.00302832 0.24 3096 2
-0.00108543 -0.00420435 0.240483 3132.97 2
0.00147288 -0.00444456 0.241143 3059.14 2
0.00395 -0.00491329 0.241556 2974.22 2
-0.0273641 -0.00252778 0.242 1990 2
-0.0250626 -0.00212702 0.241333 2140.42 2
-0.022504 -0.00144286 0.240857 2254.14 2
-0.0198644 -0.000943291 0.24025 2379.38 2
-0.0164559 -0.000681862 0.24 2520.42 2
-0.0133294 -0.000681862 0.24 2695.33 2
-0.010273 -0.00107329 0.240125 2795.38 2
-0.00762271 -0.00120603 0.240833 2991.33 2
-0.00440605 -0.0013528 0.241185 2828.89 2
-0.00164409 -0.00188088 0.241556 2803.11 2
0.00100849 -0.00252778 0.242 2766.67 2
-0.0210591 0.000364017 0.242 2194 2
-0.0194519 0.000363415 0.2416 2241.3 2
-0.0163417 0.00078374 0.2414 2343.75 2
-0.0134128 0.000889047 0.2415 2449.67 2
-0.0106476 0.00083071 0.241556 2577.33 2
-0.00792362 0.000364017 0.242 2668.8 2
-0.0431294 -0.0156004 0.245 1736.8 2
-0.0404697 -0.0156004 0.245 2991.1 2
-0.0311609 -0.0156004 0.245 3273.5 2
-0.0295651 -0.0156005 0.245 3258.75 2
-0.0245117 -0.0156005 0.245 3452.5 2
-0.022384 -0.0159553 0.245 3404.78 2
-0.0194257 -0.0161062 0.244583 3495.92 2
-0.0164418 -0.0165754 0.244786 3405.39 2
-0.0143164 -0.0159553 0.245 3421.42 2
-0.00429832 -0.0156004 0.245 3543.3 2
-0.0013727 -0.0156005 0.245 3578.25 2
0.000489065 -0.0156005 0.245 3578.5 2
-0.0425214 -0.0137754 0.245 1357.43 2
-0.0403822 -0.0134431 0.244467 2194.53 2
-0.0374774 -0.0134847 0.244059 3136.82 2
-0.0344764 -0.0134193 0.244 3295.59 2
-0.0315233 -0.0133713 0.244294 3329.88 2
-0.0284361 -0.0134421 0.244444 3394.22 2
-0.0254927 -0.0134287 0.2442 3533.17 2
-0.0225267 -0.0133994 0.243667 3521.97 2
-0.0195193 -0.0134667 0.243687 3588 2
-0.0166039 -0.0133166 0.243294 3601.88 2
-0.0135506 -0.0134182 0.244 3567.36 2
-0.0103872 -0.013436 0.244333 3595.72 2
-0.00747972 -0.0134544 0.244667 3627.27 2
-0.00455321 -0.0134391 0.244389 3631.64 2
-0.00136895 -0.0134332 0.244278 3589.25 2
0.00154659 -0.0134192 0.244 3624.63 2
0.00446027 -0.0134191 0.244 3611.47 2
0.00765671 -0.0134483 0.244556 3507.42 2
0.0105723 -0.0134434 0.244467 3542.57 2
0.013488 -0.0134391 0.244389 3259.75 2
0.0161512 -0.0136602 0.244909 2851.09 2
-0.0399725 -0.0109718 0.244667 1421.25 2
-0.037777 -0.0104263 0.243476 1945.76 2
-0.0341097 -0.0109855 0.243 3172.43 2
-0.0314341 -0.0109855 0.243 3404.75 2
-0.02843 -0.0107863 0.243364 3505.82 2
-0.0256306 -0.0107215 0.243 3572.3 2
-0.0224651 -0.0112494 0.243 3610.5 2
-0.0195633 -0.0112495 0.243 3623.6 2
-0.0177168 -0.0112495 0.243 3667.25 2
-0.0129685 -0.0112495 0.243 3603.75 2
-0.0103305 -0.0112494 0.243 3635.25 2
-0.00742877 -0.0112494 0.243 3678.2 2
-0.00452703 -0.0112494 0.243 3675.33 2
-0.00136149 -0.0112494 0.243 3676 2
0.00154025 -0.0112495 0.243 3602.8 2
0.004442 -0.0112494 0.243 3667.67 2
0.00760753 -0.0112494 0.243 3623 2
0.0107528 -0.0109449 0.243 3148.69 2
0.0132732 -0.0106539 0.24412 2814.6 2
0.0153832 -0.0113421 0.245 2576.5 2
-0.0370509 -0.00811618 0.244529 1584.82 2
-0.0348877 -0.00703728 0.243429 1753.5 2
0.008043 -0.00656093 0.2434 2871.6 2
0.0106943 -0.00728617 0.243762 2608.29 2
0.0123911 -0.00816633 0.244429 2578.43 2
-0.0341712 -0.00506388 0.244333 1625.33 2
-0.0314979 -0.00403418 0.24375 1802.38 2
-0.0288565 -0.00307248 0.2435 1913.5 2
0.00233163 -0.00306618 0.243 2832 2
0.00492305 -0.00383651 0.243556 2706.44 2
0.00717789 -0.0049691 0.244333 2665.33 2
0.0103098 -0.00574116 0.2445 2303.5 2
-0.0306289 -0.00255911 0.245 1799.5 2
-0.0285621 -0.00195456 0.244375 1900.25 2
-0.025684 -0.000994509 0.243857 1972.93 2
-0.0237841 -0.000690385 0.243 2059.5 2
-0.000921864 -0.000866844 0.243167 2615.33 2
0.00145701 -0.00148549 0.243778 2503.78 2
0.00404378 -0.00223347 0.2444 2450.8 2
-0.0248857 0.000634303 0.24475 1967.75 2
-0.0225421 0.00107469 0.243833 2066.04 2
-0.0195219 0.00200916 0.244273 2156.55 2
-0.0168229 0.00218293 0.243714 2242 2
-0.0135316 0.00248413 0.243667 2303.08 2
-0.0100986 0.002221 0.24375 2405.69 2
-0.00735151 0.00181149 0.243636 2461.64 2
-0.0046418 0.00102003 0.243692 2514.62 2
-0.00180971 0.00054496 0.244333 2466.33 2
-0.0162668 0.00356232 0.245 2261.88 2
-0.0136071 0.00356232 0.245 2270.75 2
-0.0245426 -0.021449 0.248 3098.5 2
-0.0219973 -0.0224287 0.248 2510.55 2
-0.0195518 -0.0218988 0.247462 2135.23 2
-0.0177403 -0.0213625 0.247 1923 2
-0.0105006 -0.0213625 0.247 1881.67 2
-0.00755106 -0.0213625 0.247 2025.8 2
-0.00419934 -0.021765 0.247 2443.83 2
-0.00156365 -0.0224448 0.24787 2515.26 2
-0.0463199 -0.0197266 0.247345 1662.52 2
-0.0436254 -0.0189559 0.247409 2846.95 2
-0.0404662 -0.0186937 0.247625 3043.75 2
-0.0374396 -0.0187427 0.247833 3083.89 2
-0.0344858 -0.0187451 0.247867 3170.6 2
-0.0315001 -0.0187305 0.247667 3167.28 2
-0.0285426 -0.0187305 0.247667 3155.67 2
-0.0253525 -0.0192671 0.247643 3177.82 2
-0.0225414 -0.019553 0.24729 3157.29 2
-0.0195569 -0.019425 0.246714 3067 2
-0.0169089 -0.0193003 0.246167 3043.56 2
-0.0134917 -0.018882 0.246455 3191.41 2
-0.0105006 -0.0194843 0.247 2890.81 2
-0.00754843 -0.0194767 0.2469 3004.5 2
-0.0045948 -0.0194593 0.246667 3234.89 2
-0.00142382 -0.0194767 0.247372 3396.43 2
0.0014164 -0.019115 0.247667 3338.29 2
0.00410264 -0.0185394 0.248 3332.2 2
0.00749484 -0.0182161 0.248 3320.8 2
0.0104563 -0.0182161 0.248 3304.5 2
0.0134177 -0.0182161 0.248 3378.8 2
0.0166768 -0.0186675 0.247857 3260.71 2
0.0197841 -0.0189798 0.247727 3099.18 2
0.0217637 -0.0187549 0.248 2258.33 2
-0.0457623 -0.0172141 0.246 521.8 2
-0.0436014 -0.0170122 0.246167 2264.39 2
-0.0402835 -0.016888 0.2463 3085.1 2
-0.0374671 -0.0165525 0.246654 3197.38 2
-0.0345433 -0.0164767 0.24669 3224.34 2
-0.0316419 -0.0169128 0.246444 3219.5 2
-0.0284342 -0.0165765 0.24636 3210.28 2
-0.0256011 -0.0166056 0.246231 3266.69 2
-0.0228315 -0.0171785 0.246 3287.89 2
-0.0195378 -0.0175348 0.246 3343.5 2
-0.0176684 -0.0175348 0.246 3329 2
-0.0131936 -0.0167707 0.246111 3305 2
-0.0104722 -0.0164891 0.246333 3402.77 2
-0.00752555 -0.0164772 0.24616 3401.36 2
-0.00471644 -0.0168667 0.246 3450.95 2
-0.00137917 -0.0166029 0.246192 3592.96 2
0.0016552 -0.0165628 0.246391 3519.3 2
0.00451146 -0.0165215 0.2468 3363.93 2
0.00745858 -0.0165215 0.2468 3519.56 2
0.0104057 -0.0165215 0.2468 3384.7 2
0.013572 -0.0164817 0.246759 3407.45 2
0.0164926 -0.01655 0.246615 3318.31 2
0.0195115 -0.0165146 0.246733 2671.4 2
0.0217636 -0.0176773 0.248 1997 2
-0.0430383 -0.0124572 0.246 848.5 2
0.0173154 -0.0129917 0.246 2537 2
0.0188873 -0.0137941 0.247 2125.5 2
-0.0405319 -0.0098247 0.247 1266 2
0.0145112 -0.00991854 0.246 2513.5 2
0.0162462 -0.0106129 0.247333 2142.28 2
-0.0397141 -0.0079703 0.24775 1220.88 2
-0.0379405 -0.00705149 0.247 1375.92 2
0.0117072 -0.00631086 0.246 2230 2
0.0134108 -0.00771486 0.246706 2259.35 2
-0.036951 -0.00511819 0.2478 1374.3 2
-0.0346955 -0.003793 0.2468 1482.27 2
-0.0320892 -0.00310403 0.246 1695.33 2
0.0078216 -0.00383091 0.247 2371 2
0.0103624 -0.00456424 0.24713 2178.17 2
0.012644 -0.00549067 0.2476 1986.4 2
-0.0341183 -0.00235356 0.247429 1477.14 2
-0.0315155 -0.00141189 0.246957 1646.7 2
-0.0283744 -0.000699477 0.2462 1828.5 2
0.00236042 -0.000698909 0.246 2375 2
0.00450706 -0.00123589 0.2465 2325.5 2
0.00721214 -0.00258523 0.2475 2250 2
-0.0307348 0.000373042 0.248 1652.17 2
-0.028285 0.000680078 0.247429 1750.64 2
-0.0257092 0.00166005 0.2468 1885.6 2
-0.0227424 0.00250791 0.246 2033.38 2
-0.00431851 0.00250995 0.2462 2398.8 2
-0.00115916 0.0018925 0.246833 2365.5 2
0.00126767 0.00096974 0.247 2334.67 2
0.00345651 0.000373042 0.248 2253 2
-0.0245426 0.00360594 0.248 1857.5 2
-0.0222484 0.00407681 0.247444 1992.83 2
-0.0195035 0.00408216 0.247091 2144.45 2
-0.0164662 0.00476387 0.246947 2223.79 2
-0.0135529 0.00473988 0.247091 2237.36 2
-0.0104942 0.00412707 0.246833 2247.67 2
-0.00754429 0.00412644 0.2468 2284.4 2
-0.00487943 0.00395869 0.247556 2304.44 2
-0.00273562 0.00360594 0.248 2324 2
-0.0161968 0.00603062 0.248 2191.6 2
-0.0145814 0.00603062 0.248 2215 2
-0.0279973 -0.0270536 0.25 1735 2
0.00349832 -0.0271618 0.251 1690.5 2
-0.0493082 -0.024926 0.251 1405.3 2
-0.0471829 -0.0244352 0.251 2606.5 2
-0.0302891 -0.0252532 0.251 2855.75 2
-0.0282652 -0.0252947 0.250182 2685.68 2
-0.0256819 -0.0249418 0.24925 2182.5 2
-4.35671e-05 -0.0245109 0.249 1935 2
0.00181696 -0.0249057 0.249857 2269.14 2
0.00422493 -0.0251623 0.251 2932.44 2
0.0235256 -0.0249805 0.251 2815.12 2
0.0255692 -0.0252532 0.251 1576.15 2
-0.0488021 -0.0227672 0.249875 994.75 2
-0.0464503 -0.0225219 0.249769 2538.92 2
-0.0433394 -0.0223018 0.250409 2815.91 2
-0.0403396 -0.0223168 0.250467 2945.53 2
-0.0374502 -0.0225399 0.250375 3017.78 2
-0.0344712 -0.0224005 0.250294 2972.26 2
-0.0314705 -0.0225399 0.250375 3063.31 2
-0.0285136 -0.0224839 0.249839 2990.45 2
-0.0255323 -0.0227198 0.249087 2963.13 2
-0.0235604 -0.022888 0.249 2667.12 2
-4.35671e-05 -0.0226175 0.249 2790 2
0.00158219 -0.022662 0.24948 3100.72 2
0.00464046 -0.0225442 0.250294 3238.5 2
0.00757544 -0.022498 0.250667 3198.9 2
0.0104585 -0.0220676 0.250538 3131.31 2
0.0136304 -0.0224053 0.2505 3215.86 2
0.0164086 -0.0223469 0.2505 3173.62 2
0.0195815 -0.0221266 0.250429 3117.71 2
0.0225546 -0.0225104 0.250371 2699.66 2
0.0254359 -0.0226877 0.250923 1167.54 2
-0.043383 -0.0204535 0.249 2929.5 2
-0.0405898 -0.020183 0.249 3007.4 2
-0.0376164 -0.020183 0.249 2993.08 2
-0.0343727 -0.020183 0.249 3091.08 2
-0.0313993 -0.020183 0.249 3144.3 2
-0.0282637 -0.0203453 0.249 3108.93 2
-0.0262094 -0.0206699 0.249 3165.6 2
-4.35671e-05 -0.0209945 0.249 3264 2
0.0019387 -0.0206338 0.249 3352.78 2
0.00464997 -0.0198634 0.249 3295.86 2
0.00752506 -0.0196421 0.249 3202.5 2
0.0105165 -0.0196758 0.249417 3330.25 2
0.0134768 -0.0196502 0.2491 3310.45 2
0.0161749 -0.0199125 0.249 3260.62 2
0.0192985 -0.0202732 0.249 3203.33 2
0.022706 -0.0197896 0.249471 2091.41 2
0.0249245 -0.0202641 0.25 994.833 2
0.0204999 -0.0150436 0.249 1783 2
0.0220548 -0.0165783 0.249909 1525.36 2
0.0199777 -0.0130689 0.2506 1550 2
0.0210405 -0.0145027 0.249 1458 2
-0.0429576 -0.0111974 0.249667 898.833 2
-0.041567 -0.00940086 0.25 1044.75 2
0.0172364 -0.00976297 0.25 1716.17 2
0.0187572 -0.0116198 0.251 1677 2
-0.0420058 -0.00643913 0.251 785 2
-0.0407487 -0.00725503 0.250231 999.692 2
0.0143019 -0.00693736 0.249333 1916.83 2
0.0158096 -0.00796207 0.250333 1815.17 2
-0.0420058 -0.00589379 0.251 757 2
-0.0399726 -0.00552502 0.250778 1043.11 2
-0.0378101 -0.0041019 0.2504 1244.73 2
0.0086063 -0.00314188 0.249 2172 2
0.0108593 -0.00335106 0.2495 2027.75 2
0.0132298 -0.00453049 0.249923 1878.23 2
-0.036854 -0.00229249 0.2508 1216.2 2
-0.0344428 -0.00125093 0.2495 1445.88 2
0.00563291 -0.000707432 0.249 2229 2
0.00750089 -0.00138137 0.250053 2141.26 2
0.0101472 -0.00220582 0.250333 2020.17 2
0.0124901 -0.00262178 0.251 1910 2
-0.0334252 0.000376051 0.25 1472.25 2
-0.031411 0.00166385 0.250273 1565.41 2
-0.0285902 0.00213531 0.24925 1722.06 2
-0.0265338 0.00253851 0.249 1788.5 2
0.002032 0.00218124 0.249333 2266.67 2
0.00457319 0.00146507 0.250143 2150.57 2
0.00676807 0.000377555 0.251 2095 2
-0.0278006 0.00364471 0.250667 1708.5 2
-0.0255332 0.00441967 0.250125 1811.81 2
-0.0229658 0.00520264 0.2496 1901 2
-0.0195384 0.0055228 0.2494 2062.2 2
-0.0178839 0.00551394 0.249 2110 2
-0.0132887 0.00551394 0.249 2223.5 2
-0.0106012 0.00552132 0.249333 2203.5 2
-0.0076122 0.00551394 0.249 2220.8 2
-0.00424396 0.00512242 0.249667 2234.33 2
-0.00138914 0.0043841 0.24988 2242.88 2
0.00138504 0.00405311 0.250625 2170.75 2
0.00349832 0.00364956 0.251 2165 2
-0.0248396 0.00610357 0.251 1801 2
-0.0223096 0.00656057 0.250571 1895.36 2
-0.0196112 0.00663225 0.250333 2003.93 2
-0.016565 0.0073437 0.250391 2083.87 2
-0.0135835 0.00705393 0.250364 2164.45 2
-0.0104743 0.00659962 0.250375 2182.75 2
-0.00746302 0.00666667 0.250412 2166.59 2
-0.00466731 0.00656057 0.250571 2197.43 2
-0.00222375 0.00610357 0.251 2224 2
-0.0505041 -0.0302457 0.254 1637.5 2
0.00547028 -0.0305216 0.254 1725 2
0.00602175 -0.0305216 0.254 2089.5 2
-0.0495265 -0.0284297 0.253583 2043.33 2
-0.0467083 -0.0278888 0.253714 2603.36 2
-0.0436108 -0.0277624 0.254 2649.9 2
-0.0408534 -0.0277624 0.254 2669.3 2
-0.0337762 -0.0276704 0.254 2807.67 2
-0.0312559 -0.0282304 0.253368 2455.58 2
-0.0293155 -0.0278176 0.252 1830.33 2
0.00479987 -0.0283534 0.253 2164.64 2
0.00744522 -0.0285507 0.25364 2855.84 2
0.0104311 -0.0280311 0.253933 2982.53 2
0.0129152 -0.0274865 0.254 3028.25 2
0.02036 -0.0274865 0.254 2933 2
0.022708 -0.0279626 0.253692 2901.15 2
0.0255184 -0.0285023 0.2532 2175.73 2
0.0278049 -0.0294179 0.254 484.75 2
-0.0490513 -0.0261359 0.252 2055 2
-0.0463544 -0.0258107 0.252593 2688.3 2
-0.0435286 -0.0257048 0.253154 2732.15 2
-0.0405557 -0.0258157 0.25325 2748.39 2
-0.0374967 -0.0256556 0.252852 2848 2
-0.0344539 -0.0257757 0.252857 2922.32 2
-0.0317955 -0.0256947 0.252368 2863.42 2
-0.0293155 -0.0267225 0.252 2369 2
0.00515742 -0.0261927 0.252167 3117.75 2
0.00762454 -0.0256569 0.25228 3094.04 2
0.0103899 -0.0257226 0.25292 3076.28 2
0.01335 -0.0256811 0.253286 3126.21 2
0.0164549 -0.0254861 0.2533 3041.75 2
0.0195784 -0.0256496 0.253407 2986.26 2
0.0222819 -0.0258436 0.252571 2955.81 2
0.0253975 -0.0267225 0.252 1957.83 2
-0.046003 -0.023985 0.252 2702.67 2
-0.043389 -0.0237417 0.252 2813.78 2
-0.0413524 -0.023985 0.252 2873 2
0.0108985 -0.0237112 0.252 3093.2 2
0.0125399 -0.0237112 0.252 3143 2
0.0174641 -0.0237112 0.252 3110.5 2
0.0191055 -0.0237112 0.252 3069.5 2
0.0231726 -0.0164494 0.254 1213.7 2
0.0208291 -0.0133593 0.253 1436 2
0.0216824 -0.0138375 0.253333 1349.17 2
-0.0429938 -0.00947607 0.252 798.5 2
0.019457 -0.010613 0.253 1518.5 2
-0.0428979 -0.00773561 0.2524 722.8 2
-0.041626 -0.00728604 0.252 908.5 2
0.0167797 -0.00721298 0.252667 1675.92 2
0.0180826 -0.00786246 0.253 1616 2
-0.0404989 -0.00457667 0.2535 966.625 2
-0.0386167 -0.00317974 0.252 1098.5 2
0.0142696 -0.00428363 0.2526 1829.8 2
0.0159174 -0.00553861 0.2535 1725 2
-0.0373328 -0.00153778 0.2522 1168.5 2
-0.0356075 -0.000715956 0.252 1328.5 2
0.00870999 -0.000715956 0.252 2046 2
0.0105985 -0.00102963 0.252286 1956.57 2
0.0128149 -0.00162471 0.253571 1849.14 2
-0.0362981 0.000380563 0.253 1248 2
-0.0345282 0.0013597 0.253 1358.89 2
-0.0325983 0.00256908 0.252 1441.25 2
0.00570077 0.00256908 0.252 2102 2
0.00764941 0.00137231 0.2531 2044 2
0.009735 0.000657618 0.25375 1953.5 2
-0.0331328 0.00369319 0.254 1401.5 2
-0.0311373 0.00399606 0.253143 1481.36 2
-0.0286779 0.00466179 0.252765 1638.29 2
-0.0265465 0.0052563 0.2522 1758.4 2
-0.000591221 0.00558038 0.252 2174.67 2
0.00196535 0.00522521 0.252444 2098.22 2
0.00450021 0.00438024 0.252889 2094.89 2
-0.0281333 0.00616841 0.253667 1634 2
-0.0253221 0.00719832 0.253105 1727.89 2
-0.0227487 0.00789358 0.253 1828.83 2
-0.0194077 0.00828302 0.253 1941.44 2
-0.0165111 0.00889356 0.2528 2009.8 2
-0.0130602 0.00846945 0.252417 2136.67 2
-0.0104534 0.00832964 0.252333 2166.07 2
-0.00744297 0.00833355 0.252444 2136.06 2
-0.00436782 0.00814216 0.252875 2181 2
-0.00142789 0.0073182 0.25296 2127.36 2
0.00160746 0.00671496 0.253467 2093.6 2
0.00354012 0.00617652 0.254 2008 2
-0.0190702 0.00948763 0.254 1935.25 2
-0.0162526 0.00991877 0.253455 1995.09 2
-0.0135345 0.010025 0.253611 2064.56 2
-0.0105086 0.010027 0.253667 2085.6 2
-0.00746821 0.00946273 0.253333 2093.83 2
-0.00473196 0.00948763 0.254 2125 2
-0.0512797 -0.0341669 0.2565 1014 2
-0.050076 -0.0341339 0.256857 2103.5 2
0.00553489 -0.0333948 0.257 1543 2
0.00708485 -0.0337671 0.257 1998.44 2
-0.0511797 -0.0324306 0.256 1261.5 2
-0.0494572 -0.0316684 0.255929 2276.46 2
-0.0463879 -0.0315607 0.256179 2590 2
-0.0436379 -0.0314969 0.256476 2614.05 2
-0.0405343 -0.0311591 0.256706 2712.88 2
-0.0374591 -0.0309798 0.256778 2699.22 2
-0.0344284 -0.0314239 0.256737 2677.42 2
-0.0316255 -0.0316833 0.256185 2197.26 2
-0.0299414 -0.0309188 0.255 1585.33 2
0.00552054 -0.0321951 0.256333 1557 2
0.00750929 -0.0316142 0.255963 2455.48 2
0.0105362 -0.0313804 0.2565 2858.1 2
0.0133467 -0.0308822 0.257 2924.2 2
0.0162163 -0.0302839 0.257 2873.14 2
0.0196085 -0.0307891 0.257 2844.22 2
0.022724 -0.0312568 0.2564 2822.05 2
0.0255189 -0.0315939 0.25596 2517.92 2
0.0275887 -0.0314385 0.255833 973.083 2
-0.049042 -0.0298108 0.255 2479.75 2
-0.0462864 -0.0293443 0.255071 2603.29 2
-0.0434741 -0.0292586 0.255294 2614.59 2
-0.040377 -0.0291282 0.255294 2700 2
-0.0375282 -0.0286809 0.2555 2706.29 2
-0.0345663 -0.0290371 0.255368 2712.21 2
-0.0320637 -0.0296261 0.255 2512.17 2
0.00881368 -0.0295338 0.255 2841.5 2
0.0104746 -0.0295338 0.255 2925.7 2
0.0137006 -0.0287919 0.255429 2962.32 2
0.0166166 -0.0282392 0.2558 2914.72 2
0.0194073 -0.0285897 0.255444 2906.56 2
0.0222832 -0.0294086 0.255286 2862.86 2
0.0245925 -0.0190073 0.255 1126.25 2
0.0235773 -0.0154666 0.256 1132 2
0.024689 -0.0174132 0.256 1008.75 2
0.0228962 -0.0139273 0.256667 1220.08 2
0.0202424 -0.00962648 0.256 1437 2
0.0213541 -0.0115732 0.256 1366.5 2
0.0177413 -0.0062893 0.256 1607.5 2
0.0193306 -0.00787843 0.256 1506.71 2
0.0146843 -0.00323021 0.256 1770 2
0.0162529 -0.00434513 0.2562 1693.9 2
-0.0395076 -0.00183972 0.256 994 2
-0.0382967 -0.00109622 0.255333 1102.83 2
0.0142768 -0.00142304 0.256167 1758.25 2
0.0154391 -0.00170731 0.257 1696.5 2
-0.0368235 0.00113058 0.256667 1214.5 2
-0.035339 0.00260987 0.256 1296 2
0.00827156 0.00260307 0.255333 1976.67 2
0.0106294 0.0016217 0.255778 1880.94 2
0.0128655 0.000758327 0.256667 1755.33 2
-0.0339495 0.00409306 0.256 1342 2
-0.0316975 0.00510928 0.255778 1436.67 2
-0.029503 0.00566895 0.256 1555 2
0.00516394 0.00531882 0.2552 2013.6 2
0.007354 0.00446213 0.256087 1959.65 2
0.00944079 0.00373681 0.257 1876 2
-0.0306951 0.00624136 0.256667 1456.67 2
-0.0280493 0.00733888 0.256 1586.69 2
-0.0260378 0.00833166 0.2558 1663.4 2
-0.0224672 0.00897096 0.255 1840.33 2
-0.0205294 0.00897096 0.255 1951 2
-0.00336648 0.00897096 0.255 2176 2
-0.00137336 0.00863854 0.255 2108 2
0.00162015 0.00815269 0.2554 2091.2 2
0.00430402 0.00717536 0.256 1998.12 2
0.00642293 0.00657963 0.2568 1941.6 2
-0.0247791 0.00982344 0.256333 1669 2
-0.0223711 0.0100799 0.255875 1808.94 2
-0.0194518 0.0108295 0.256158 1881.11 2
-0.0167021 0.0112208 0.25575 1931.25 2
-0.0133843 0.011509 0.256 1977.8 2
-0.0106053 0.011509 0.256 2017.4 2
-0.00753774 0.01094 0.255667 2072.5 2
-0.00464419 0.0106471 0.2562 2095.07 2
-0.00144992 0.00992482 0.256263 2058.26 2
0.00107034 0.00930842 0.256667 2057.33 2
-0.0153896 0.0126707 0.257 1904.25 2
-0.0134366 0.0126707 0.257 1928.1 2
-0.0106467 0.0126707 0.257 1972.2 2
-0.0501918 -0.0400926 0.26 1246.42 2
-0.0512995 -0.036888 0.258 770 2
-0.0494092 -0.0376615 0.259321 2069.71 2
-0.0463443 -0.0369057 0.2599 2406.35 2
-0.0435119 -0.0363267 0.26 2460.8 2
-0.0418184 -0.0363266 0.26 2501.5 2
-0.0364556 -0.0363266 0.26 2577 2
-0.0344799 -0.0363267 0.26 2589.9 2
-0.0316574 -0.0363267 0.26 2205.9 2
0.0078575 -0.0360442 0.26 2227.2 2
0.0101155 -0.0360442 0.26 2725.67 2
0.0262978 -0.0367032 0.26 2445.67 2
0.02764 -0.0374767 0.259857 1306.79 2
-0.0512995 -0.0357669 0.258 1090 2
-0.0489286 -0.0349352 0.2582 2351.2 2
-0.0465731 -0.0346083 0.258583 2459.5 2
-0.0434962 -0.0344488 0.259 2513.18 2
-0.0406112 -0.0345664 0.2595 2555.2 2
-0.0375124 -0.0345665 0.2595 2601.88 2
-0.034281 -0.0344333 0.2585 2640.1 2
-0.0314502 -0.0344062 0.2583 2128.7 2
0.00820144 -0.0347818 0.259 2451.67 2
0.0106478 -0.0343013 0.2592 2773.2 2
0.0134822 -0.0340155 0.2596 2801.8 2
0.0161368 -0.0336905 0.26 2793.92 2
0.0195098 -0.033724 0.259529 2795.76 2
0.0225756 -0.03427 0.259389 2744.39 2
0.025539 -0.0344999 0.259 2550.75 2
0.027747 -0.0347277 0.2586 1209.4 2
-0.0426171 -0.0326839 0.258 2596.33 2
-0.0403764 -0.0326839 0.258 2622 2
-0.0375757 -0.032684 0.258 2626.1 2
-0.035335 -0.032684 0.258 2681.67 2
0.00891737 -0.0329642 0.258 2628 2
0.0100377 -0.0329642 0.258 2739 2
0.0134099 -0.0321483 0.2582 2899.2 2
0.0166416 -0.0316817 0.258545 2852.64 2
0.0193856 -0.0319573 0.258167 2805.5 2
0.0221211 -0.0324837 0.258 2804.29 2
0.0240416 -0.0329642 0.258 2764 2
0.0261029 -0.0187428 0.259 727.75 2
0.0254672 -0.0164452 0.25825 802.5 2
0.0226412 -0.0130649 0.258 1292.75 2
0.0250748 -0.014296 0.26 910.5 2
0.0216044 -0.00973932 0.259 1294 2
0.0201062 -0.00673814 0.259 1408.17 2
-0.0408141 -0.00326806 0.259 974 2
0.0174028 -0.00415801 0.2584 1606.3 2
0.0189527 -0.00496126 0.25925 1471 2
-0.0408141 -0.00270535 0.259 938.5 2
0.0164643 -0.00166031 0.259 1602.43 2
-0.0368778 0.00264045 0.259 1172.25 2
0.0114381 0.00263025 0.258 1823 2
0.0136685 0.00193887 0.259125 1702.31 2
0.0156048 0.00067316 0.25975 1605.12 2
-0.0361734 0.00491019 0.26 1167 2
-0.0348707 0.00480724 0.258714 1264.86 2
-0.0322542 0.00571324 0.258 1405 2
0.00862145 0.00540219 0.2592 1881.6 2
0.0105021 0.00435387 0.259333 1820.27 2
0.0126557 0.00378043 0.26 1725 2
-0.034133 0.00631026 0.2595 1273 2
-0.0310254 0.0072293 0.258667 1438.5 2
-0.029371 0.00797137 0.2585 1501.5 2
0.00500345 0.00824633 0.258333 1964 2
0.00741301 0.00740586 0.259529 1877.65 2
0.009551 0.00632242 0.26 1799 2
-0.0282274 0.00964075 0.2596 1526.6 2
-0.0257368 0.0105139 0.258857 1621.71 2
-0.0224514 0.0115989 0.258 1767.8 2
-0.0207709 0.011599 0.258 1816.5 2
-0.00396624 0.0115989 0.258 2053 2
-0.00124651 0.0114645 0.258571 1998.79 2
0.0016408 0.0106332 0.259 2000.9 2
0.00418128 0.00941117 0.2595 1963.25 2
-0.022609 0.0128088 0.2598 1712.4 2
-0.0194681 0.013349 0.2593 1794.45 2
-0.0167057 0.0133786 0.258667 1876.83 2
-0.0135412 0.0138947 0.259 1907 2
-0.0102426 0.0137269 0.258857 1962.93 2
-0.00735734 0.0133387 0.2591 2001.7 2
-0.00454658 0.0127792 0.2592 2005.8 2
-0.00230349 0.0128186 0.26 1967.33 2
-0.0480111 -0.0456026 0.263 1151 2
-0.0465835 -0.0453169 0.263 2114.33 2
-0.0488341 -0.0432011 0.2616 1448.3 2
-0.0467103 -0.0432849 0.262448 2208.86 2
-0.044585 -0.0424599 0.263 2356.5 2
0.0263634 -0.0427456 0.263 1724.75 2
0.0273626 -0.0430313 0.263 672 2
-0.048921 -0.040932 0.261 1953.56 2
-0.0465041 -0.0403194 0.261667 2342.48 2
-0.0437299 -0.0401828 0.262583 2399.62 2
-0.0405365 -0.0398387 0.262667 2433.13 2
-0.0373724 -0.0401522 0.262762 2485.14 2
-0.0343645 -0.0397967 0.262625 2557.25 2
-0.031525 -0.0403529 0.262783 2437 2
-0.029701 -0.0398387 0.262667 2072.67 2
0.00766265 -0.0393171 0.263 2173.75 2
0.0093757 -0.0393171 0.263 2562.5 2
0.0235939 -0.0396599 0.263 2579.8 2
0.0256058 -0.0403934 0.26256 2391.12 2
0.0272794 -0.040339 0.2622 1547.4 2
-0.0482127 -0.0384511 0.261 2322 2
-0.0465126 -0.0384511 0.261 2379.2 2
-0.0436354 -0.0379747 0.261375 2420.06 2
-0.0404338 -0.0373652 0.261185 2496.07 2
-0.037642 -0.037514 0.261238 2523.19 2
-0.0345556 -0.0379747 0.261375 2589.44 2
-0.0314613 -0.0379109 0.261412 2237.82 2
-0.0296256 -0.0380292 0.262 1755 2
0.00762624 -0.0377104 0.26175 2108.38 2
0.0104729 -0.037442 0.261864 2667.68 2
0.0136194 -0.0372127 0.26225 2734.5 2
0.016476 -0.0372335 0.2624 2678.75 2
0.0193316 -0.0372474 0.2625 2682.15 2
0.0225266 -0.0373508 0.262111 2661.37 2
0.0251913 -0.0375201 0.261368 2553.53 2
0.0271545 -0.0384511 0.261 1899 2
0.011571 -0.0356158 0.261 2804 2
0.0135544 -0.0356158 0.261 2776 2
0.0165621 -0.0350924 0.261 2696.62 2
0.0193519 -0.0352232 0.261 2738.77 2
0.0217712 -0.0353323 0.261 2726.25 2
0.0234145 -0.0127065 0.261 1194.4 2
0.0243212 -0.0129333 0.261 1029.67 2
0.0224259 -0.0113371 0.261571 1245.43 2
0.0243212 -0.0117992 0.261 990 2
0.0218546 -0.00757227 0.262 1275.67 2
-0.0424246 -0.00330592 0.262 820.5 2
0.0198314 -0.00423304 0.261571 1386.93 2
0.0210815 -0.00417564 0.263 1297.5 2
-0.0425325 -0.00217224 0.262667 772.5 2
-0.0407202 -0.000744367 0.262 931.875 2
0.0172377 -0.000741528 0.261 1541.5 2
0.0186553 -0.00178891 0.262333 1448.92 2
-0.0398366 0.000966635 0.26275 987.625 2
-0.038516 0.0018212 0.2625 1069.12 2
0.0146878 0.00266084 0.261 1637.5 2
0.0165989 0.0016615 0.262333 1521.06 2
-0.0372101 0.00453879 0.262 1106.89 2
-0.0358829 0.00580182 0.262 1169 2
0.0113199 0.00537098 0.26175 1729 2
0.0136957 0.00446337 0.262143 1651.57 2
0.0153713 0.00382404 0.263 1564.5 2
-0.0364517 0.00637105 0.262 1129 2
-0.0343074 0.00735005 0.261818 1248.09 2
-0.0319765 0.0076925 0.261286 1371.5 2
0.00820236 0.00836337 0.262 1829.5 2
0.0100755 0.00731397 0.262625 1749.12 2
-0.031108 0.00951997 0.2625 1359.88 2
-0.0285201 0.0108664 0.261818 1498.64 2
-0.0261466 0.0114649 0.261333 1591.67 2
0.00251395 0.0114942 0.262 1940 2
0.00454353 0.0105949 0.261857 1894.71 2
0.00716992 0.00970439 0.262333 1815.67 2
-0.0279908 0.0120941 0.262667 1509 2
-0.0253651 0.0130451 0.261867 1579 2
-0.0223417 0.0142495 0.261625 1670.44 2
-0.0193725 0.0148982 0.2618 1744.6 2
-0.0165031 0.0148755 0.2614 1851.6 2
-0.013668 0.0148755 0.2614 1897.8 2
-0.0105291 0.0148527 0.261 1938.17 2
-0.00743423 0.0148982 0.2618 1951.6 2
-0.00458795 0.0143159 0.261533 1957.47 2
-0.00134561 0.0138465 0.261857 1925 2
0.00126249 0.0129751 0.262 1893.3 2
0.00366557 0.0121094 0.263 1894.5 2
-0.0219892 0.0155083 0.2625 1663.5 2
-0.019109 0.0159732 0.262455 1715.45 2
-0.0168703 0.0159624 0.262273 1776.64 2
-0.0130701 0.0158663 0.262111 1871.44 2
-0.0104011 0.0160293 0.26225 1886.31 2
-0.00745753 0.0160857 0.2626 1915.67 2
-0.0046058 0.0155143 0.2626 1921.4 2
-0.00233007 0.0155379 0.263 1920.33 2
-0.0460032 -0.0486984 0.265333 1279.11 2
-0.0460475 -0.0467859 0.264437 1963.44 2
-0.0438764 -0.0462111 0.265632 2277.32 2
-0.0416284 -0.0455449 0.266 2323 2
-0.0375857 -0.0455449 0.266 2313 2
-0.0346981 -0.0455449 0.266 2393.2 2
-0.0315217 -0.0455449 0.266 2469.67 2
-0.0286341 -0.0455449 0.266 2519.75 2
0.0232677 -0.0458574 0.2658 2438 2
0.025258 -0.0463452 0.265526 1641.05 2
-0.0453277 -0.0440553 0.264 2294 2
-0.0433465 -0.043674 0.264786 2317.29 2
-0.0404559 -0.0435141 0.265524 2343.05 2
-0.0374162 -0.0436156 0.2648 2315.8 2
-0.0345416 -0.0436156 0.2648 2447.4 2
-0.0316058 -0.0436676 0.264846 2507.69 2
-0.0288098 -0.0436677 0.265417 2350.67 2
0.00572872 -0.0435221 0.266 1900.25 2
0.00744964 -0.0434575 0.2656 2412.55 2
0.0101014 -0.0432745 0.266 2580.07 2
0.0134291 -0.0426552 0.266 2615.13 2
0.0167017 -0.0420773 0.266 2575.6 2
0.0199194 -0.042325 0.266 2517.86 2
0.0225851 -0.0434813 0.265667 2467 2
0.0250415 -0.0437016 0.264333 2205.71 2
-0.0427484 -0.0414742 0.264 2394.5 2
-0.0404556 -0.0414741 0.264 2393.17 2
-0.0374942 -0.0414742 0.264 2412 2
-0.0344372 -0.0414741 0.264 2560.4 2
-0.0304249 -0.0414741 0.264 2448.5 2
-0.029209 -0.0406206 0.264857 2025.07 2
0.00568565 -0.0414741 0.264 1696.5 2
0.00753953 -0.0409992 0.264222 2259.11 2
0.0104342 -0.0407398 0.2645 2641.71 2
0.0134745 -0.0405771 0.265 2656.88 2
0.0166389 -0.0404814 0.265 2661.75 2
0.0195157 -0.0404814 0.265 2619.1 2
0.0223276 -0.0407511 0.264545 2570.27 2
0.0240275 -0.0414741 0.264 2543 2
0.0111309 -0.038893 0.264 2669.5 2
0.0137102 -0.038893 0.264 2690.8 2
0.0165761 -0.038893 0.264 2676.4 2
0.0194421 -0.038893 0.264 2663 2
0.0217348 -0.038893 0.264 2674 2
0.023273 -0.0102597 0.2652 1147.7 2
0.0244984 -0.0102915 0.266 995.1 2
0.023273 -0.00738047 0.2652 1107.4 2
0.0244984 -0.00720922 0.266 919.833 2
-0.0434362 -0.00401945 0.264 764.2 2
0.0206664 -0.00334377 0.265 1304 2
0.0222974 -0.00463547 0.264333 1174.4 2
0.0244984 -0.00537913 0.266 886.5 2
-0.0437085 -0.00136828 0.264857 605.429 2
-0.041602 -0.00189721 0.264 888.25 2
0.0200258 -0.00156287 0.264818 1331.91 2
0.0216524 -0.00242962 0.2658 1185 2
-0.0400357 0.00155012 0.265 991.625 2
0.017502 0.00270162 0.265 1419.75 2
0.018959 0.00155266 0.26525 1354.81 2
-0.039607 0.00386766 0.266 964 2
-0.0382115 0.00489644 0.264333 1039 2
0.0139554 0.00558038 0.265 1595.83 2
0.0166653 0.00408924 0.2654 1462.9 2
-0.0368708 0.00753888 0.264667 1093.25 2
-0.0347238 0.00842721 0.264 1203.12 2
0.0108854 0.0080753 0.265 1688.5 2
0.012977 0.00697321 0.2654 1621.8 2
-0.0344415 0.00982141 0.2655 1180.17 2
-0.0317164 0.0107152 0.264857 1310.36 2
-0.0295652 0.0115819 0.264 1430 2
0.00511964 0.0115965 0.264333 1856.67 2
0.0076068 0.0110886 0.264846 1781.46 2
0.00985578 0.0100201 0.265667 1732.67 2
-0.0304529 0.012658 0.2655 1354.75 2
-0.0284108 0.0134878 0.265111 1441.39 2
-0.0264126 0.0137806 0.264 1492.83 2
0.00215741 0.0138164 0.264667 1846.08 2
0.00430467 0.0126819 0.264714 1837.57 2
0.00744577 0.0122199 0.2654 1760.6 2
-0.0252032 0.0155801 0.265333 1530.42 2
-0.0226498 0.0163077 0.264667 1613.17 2
-0.0198377 0.0170967 0.265 1675.9 2
-0.0164613 0.0172464 0.264923 1757.69 2
-0.0136067 0.0169793 0.264667 1830.27 2
-0.0104028 0.0176711 0.265 1841.9 2
-0.00752598 0.0176711 0.265 1867 2
-0.00464512 0.0167961 0.2648 1876.27 2
-0.00143464 0.0161689 0.265059 1873.06 2
0.00110785 0.0154068 0.265667 1846.83 2
-0.0199712 0.0180268 0.266 1647 2
-0.0156397 0.0180268 0.266 1753.33 2
-0.0139072 0.0180268 0.266 1793.67 2
-0.00466675 0.0180268 0.266 1863.2 2
-0.00293417 0.0180268 0.266 1833 2
-0.0454326 -0.0511277 0.268 707 2
-0.0441002 -0.0512708 0.26875 1692.5 2
0.0224385 -0.0516107 0.269 1791.12 2
-0.0453196 -0.0498397 0.267333 1530.67 2
-0.0436274 -0.0493956 0.268192 2148.15 2
-0.0405665 -0.0490066 0.268632 2301.58 2
-0.0373792 -0.0489208 0.268667 2340.47 2
-0.0344626 -0.0489208 0.268667 2351.07 2
-0.0315461 -0.0489208 0.268667 2430.07 2
-0.0286295 -0.0489208 0.268667 2465.8 2
-0.0254754 -0.049126 0.268105 2504.68 2
-0.0229586 -0.0491831 0.268421 2531.95 2
0.00462138 -0.0489448 0.2688 2548.27 2
0.00721982 -0.0488254 0.268727 2546.18 2
0.0104656 -0.0483963 0.269 2550.2 2
0.0137752 -0.0487859 0.269 2418 2
0.016306 -0.0489807 0.269 2386.67 2
0.019699 -0.0492034 0.269 2360.57 2
0.0226821 -0.049463 0.26844 2167.64 2
0.0247275 -0.0491501 0.267444 1222 2
-0.0427442 -0.0471439 0.2672 2297 2
-0.040519 -0.0464906 0.267417 2315.21 2
-0.0375801 -0.0469355 0.267333 2353 2
-0.0344912 -0.0468944 0.267294 2410.59 2
-0.0313895 -0.0469355 0.267333 2467.33 2
-0.0283468 -0.0467579 0.267294 2506.53 2
-0.0255722 -0.0463305 0.2672 2354.92 2
-0.0232265 -0.0469973 0.268462 2422 2
0.0047707 -0.0466209 0.267905 2371.19 2
0.00750247 -0.0463739 0.26744 2575.16 2
0.0104189 -0.0464371 0.2678 2590.64 2
0.0133261 -0.0464371 0.2678 2471.44 2
0.0162778 -0.0465606 0.26852 2434.32 2
0.0194979 -0.0465973 0.268733 2460.17 2
0.0222894 -0.0465966 0.267611 2429.72 2
0.0243006 -0.0474564 0.267 2189 2
-0.0275701 -0.0431094 0.267286 2071.71 2
-0.0261329 -0.043862 0.2682 2043.73 2
0.00489899 -0.0444316 0.268 1791 2
0.0109675 -0.0442659 0.267 2551.5 2
0.0132863 -0.0442658 0.267 2564.3 2
0.0164959 -0.043741 0.267333 2518.29 2
0.0195664 -0.0438239 0.267444 2482.39 2
0.0214021 -0.0442659 0.267 2459 2
-0.0281876 -0.0413773 0.268429 1846 2
-0.0269129 -0.0419674 0.269 1856 2
0.0259427 -0.0130375 0.269 838.375 2
0.0259427 -0.0104075 0.269 736.2 2
0.0254001 -0.00792976 0.2682 759.3 2
0.023431 -0.00423915 0.267 1051 2
0.0209004 -0.000761414 0.268 1275.5 2
0.0220641 -0.00153777 0.268 1141.17 2
-0.0428803 0.000692422 0.2675 741.875 2
-0.0414951 0.00146513 0.267 888.667 2
0.0199529 0.000401622 0.267 1334.5 2
-0.0400897 0.00460373 0.267857 925.429 2
0.0164673 0.00540687 0.2678 1448.1 2
0.0180582 0.00508017 0.269 1367 2
-0.0391777 0.00654127 0.269 971 2
0.0115472 0.00852298 0.267 1657 2
0.013327 0.0080827 0.2678 1578.8 2
0.0159566 0.00651695 0.268 1469.75 2
-0.0361227 0.0108839 0.268 1057 2
-0.034584 0.0112259 0.2678 1159 2
-0.03222 0.0117135 0.267 1262.5 2
0.0106675 0.0110092 0.2682 1658.4 2
0.0121723 0.00971945 0.268 1608.5 2
-0.0341509 0.0123627 0.2685 1178.25 2
-0.031475 0.0135292 0.26775 1277.88 2
-0.0296113 0.0143239 0.267 1374 2
0.00481551 0.013909 0.267375 1794.12 2
0.00752129 0.013802 0.2681 1729.55 2
0.00987269 0.0128125 0.26875 1657.5 2
-0.0304171 0.0156001 0.269 1275.5 2
-0.0283249 0.0158844 0.268143 1377.5 2
-0.0256848 0.0169341 0.267818 1484.91 2
-0.0226727 0.0175276 0.2672 1578.2 2
-0.000875862 0.017294 0.267429 1830.29 2
0.00180178 0.0165882 0.268 1798.94 2
0.00374919 0.0156001 0.269 1812.25 2
-0.0251303 0.0182075 0.268667 1500.33 2
-0.0225865 0.0187227 0.268308 1571.31 2
-0.0194923 0.0189884 0.267333 1641.08 2
-0.0163568 0.0196415 0.2683 1704.05 2
-0.0134456 0.0196415 0.2683 1728.2 2
-0.0105094 0.0195976 0.2677 1778.75 2
-0.00760201 0.0195976 0.2677 1817.2 2
-0.0048348 0.019571 0.268222 1783 2
-0.00160049 0.0187735 0.2684 1775.2 2
0.00112035 0.0182075 0.268667 1766.67 2
0.017669 -0.057505 0.272 1301.5 2
-0.043362 -0.0545694 0.2718 982.2 2
-0.0405005 -0.0542547 0.272 2080.17 2
-0.0376461 -0.0546487 0.272 2194.78 2
-0.0342997 -0.0542547 0.272 2207 2
-0.0165831 -0.0545501 0.272 2522.3 2
-0.0148114 -0.0545501 0.272 2485.5 2
-0.00447674 -0.0545502 0.272 2524.42 2
-0.00152397 -0.0545502 0.272 2471.38 2
0.0167581 -0.0550654 0.271882 2190.65 2
0.019026 -0.0552112 0.271059 1783.41 2
0.0210563 -0.0544423 0.27 997 2
-0.0435017 -0.0527753 0.270474 1426.63 2
-0.0405686 -0.0526362 0.271048 2175.1 2
-0.0375562 -0.0525848 0.271 2216.35 2
-0.034567 -0.0526446 0.271238 2242.43 2
-0.0313929 -0.0525691 0.271429 2298.14 2
-0.0283419 -0.0526813 0.2715 2328.4 2
-0.0253946 -0.0526813 0.2715 2436.95 2
-0.0224473 -0.0526813 0.2715 2476.05 2
-0.0194999 -0.0526813 0.2715 2588.45 2
-0.0165465 -0.0523673 0.2714 2608.52 2
-0.0136115 -0.0524131 0.27164 2541.44 2
-0.0106775 -0.0524818 0.272 2501.4 2
-0.00771167 -0.0523902 0.27152 2506.8 2
-0.00475447 -0.0522888 0.271 2500.32 2
-0.00156911 -0.0523429 0.271069 2498.66 2
0.0017209 -0.0526813 0.2715 2457.4 2
0.00466824 -0.0526813 0.2715 2364.55 2
0.00751907 -0.0523969 0.271556 2365.61 2
0.0105694 -0.051828 0.271667 2417.4 2
0.0135735 -0.0525466 0.271526 2337.74 2
0.016397 -0.0524873 0.2705 2288.25 2
0.01938 -0.0525975 0.270087 2232.48 2
0.0214471 -0.0528129 0.27 1794.89 2
-0.0425475 -0.0509227 0.27 2218 2
-0.040276 -0.0507027 0.27 2270.5 2
-0.0375647 -0.0506293 0.27 2300.9 2
-0.0346337 -0.0506293 0.27 2288.2 2
-0.0317026 -0.0506293 0.27 2372.8 2
-0.0284785 -0.0506293 0.27 2429.33 2
-0.0261336 -0.0506293 0.27 2492.75 2
-0.0217903 -0.0502294 0.27 2557 2
-0.0193902 -0.0496059 0.270552 2590.76 2
-0.01674 -0.0497193 0.271526 2483.89 2
-0.0136199 -0.0500807 0.2718 2408.6 2
-0.0103401 -0.0504556 0.272 2263.14 2
-0.0077175 -0.0500682 0.271733 2201.33 2
-0.00455843 -0.0500284 0.271706 2143.59 2
-0.00124762 -0.049493 0.271222 2119.26 2
0.0016666 -0.0497096 0.270154 2397.92 2
0.00464244 -0.0506293 0.27 2530.2 2
0.00772527 -0.0502205 0.270167 2492.83 2
0.0105175 -0.0498116 0.270333 2478.27 2
0.0132823 -0.0501529 0.270067 2405 2
0.0163667 -0.0506293 0.27 2359.6 2
0.0191674 -0.0505968 0.27 2320.89 2
-0.0244653 -0.0452234 0.271 2035 2
-0.0222543 -0.0467253 0.271067 2144.07 2
-0.0206662 -0.0476356 0.271333 2273 2
-4.75914e-05 -0.0474586 0.272 1929 2
0.0019811 -0.0472752 0.271333 1900 2
0.00376313 -0.0459364 0.27 1813.25 2
-0.0254459 -0.0436533 0.271 1965.67 2
0.0236943 -0.00340686 0.27 1028.5 2
0.0249281 -0.00400406 0.270667 836.833 2
0.0230565 -0.00157549 0.27025 1053.38 2
0.0244715 -0.00238388 0.2705 869 2
-0.0434268 0.00201933 0.27 649.625 2
0.020177 0.00245929 0.27 1276 2
0.021389 0.000995675 0.2705 1203.38 2
-0.0428406 0.00348586 0.27 680.25 2
-0.0412019 0.0048133 0.2704 854.2 2
0.020177 0.0030459 0.27 1268.5 2
-0.0404012 0.00718897 0.271333 871 2
-0.0382922 0.00865067 0.271 1020 2
0.0143679 0.00865067 0.271 1522.5 2
0.0164173 0.00723119 0.2708 1460.2 2
0.0182596 0.00631874 0.272 1362 2
-0.0365271 0.011889 0.271 1060 2
-0.0359387 0.011889 0.271 1095 2
0.0117058 0.0112878 0.270667 1604 2
0.0133396 0.010445 0.2712 1536.67 2
-0.0365271 0.0124778 0.271 1028 2
-0.0343999 0.0136567 0.271 1127.23 2
-0.0325819 0.0144849 0.27 1171.75 2
0.0104175 0.0137913 0.271111 1625.78 2
0.012354 0.0125238 0.272 1563 2
-0.0331186 0.0157741 0.272 1147 2
-0.0313004 0.0162237 0.2716 1235.4 2
-0.028647 0.0173639 0.270667 1344.11 2
-0.0264267 0.0177113 0.27 1447 2
0.00259071 0.0177113 0.27 1777 2
0.0047727 0.0167 0.2707 1737.45 2
0.00738091 0.0161593 0.271 1676.44 2
-0.0279986 0.018648 0.271429 1343 2
-0.0254309 0.0191495 0.270727 1446.36 2
-0.0224403 0.0204566 0.2714 1528.4 2
-0.0194074 0.0203661 0.2702 1611.9 2
-0.00356451 0.020351 0.27 1742.5 2
-0.00130666 0.020248 0.270857 1765.93 2
0.00167707 0.0193021 0.271143 1743.14 2
0.00437459 0.0183995 0.2715 1683.25 2
-0.01865 0.0216837 0.272 1581.25 2
-0.0165221 0.021604 0.271 1663.5 2
-0.0134712 0.0221647 0.271444 1689.67 2
-0.0106383 0.0221949 0.271 1703.45 2
-0.00769638 0.022195 0.271 1753.8 2
-0.00446981 0.0216571 0.271667 1772.58 2
-0.0364692 -0.0632178 0.275 123 2
-0.0358721 -0.0632178 0.275 279 2
0.00263869 -0.0632178 0.275 2106.5 2
0.00453987 -0.0641297 0.275 1535.63 2
0.00651962 -0.0638152 0.275 1379.67 2
-0.0402458 -0.0606491 0.274 921.214 2
-0.0376064 -0.0611977 0.275 1362.67 2
-0.0358721 -0.0614253 0.275 1497.4 2
0.00263869 -0.0614253 0.275 2146.1 2
0.00450096 -0.0614822 0.275 2145.48 2
0.00651962 -0.0626203 0.275 2005 2
0.01458 -0.0605291 0.275 1068 2
-0.0429263 -0.0582541 0.273667 1352.42 2
-0.0405008 -0.0585231 0.274 1629.6 2
-0.0375874 -0.0583852 0.274261 1932.96 2
-0.0346023 -0.0583117 0.2744 2130.76 2
-0.0318509 -0.0581001 0.274737 2194.26 2
-0.0290329 -0.0574693 0.274857 2272 2
-0.0253882 -0.0577129 0.274909 2286.82 2
-0.0227197 -0.0577988 0.2748 2343 2
-0.0197329 -0.0577848 0.274733 2331.93 2
-0.0169224 -0.0580448 0.274474 2313.47 2
-0.0137472 -0.0577009 0.274333 2330.87 2
-0.0103607 -0.0579713 0.27481 2327.67 2
-0.00734001 -0.0581591 0.274778 2312.17 2
-0.00438144 -0.0579707 0.274455 2318.73 2
-0.00123999 -0.0580346 0.2745 2296.7 2
0.00182162 -0.0581799 0.274545 2255.36 2
0.00472154 -0.0583542 0.2746 2286.28 2
0.00742364 -0.0580126 0.274647 2226.71 2
0.0108076 -0.0576232 0.275 2214.09 2
0.0137659 -0.0582687 0.274565 2136.13 2
0.0160832 -0.0582191 0.2735 1775.33 2
-0.0428933 -0.0560217 0.273 1307.43 2
-0.040353 -0.055937 0.273 1888.85 2
-0.037102 -0.0559617 0.273231 2174.77 2
-0.0344678 -0.0557091 0.273333 2206.87 2
-0.0315249 -0.0554561 0.27355 2224.15 2
-0.0285874 -0.0555177 0.27385 2288.4 2
-0.0256006 -0.0554875 0.2737 2350.05 2
-0.0226126 -0.0554463 0.2735 2364.4 2
-0.0196299 -0.0554053 0.2733 2450.05 2
-0.016644 -0.055937 0.273 2405.7 2
-0.0135487 -0.0554097 0.273 2445.06 2
-0.0107364 -0.0554463 0.2735 2475.1 2
-0.00776235 -0.0554053 0.2733 2488.45 2
-0.0044932 -0.055937 0.273 2425 2
-0.00103567 -0.0557734 0.273167 2374.5 2
0.00173358 -0.0554463 0.2735 2367.3 2
0.00469618 -0.0553643 0.2731 2348.3 2
0.00767167 -0.0554463 0.2735 2264.75 2
0.0106559 -0.0555265 0.2739 2267.05 2
0.0135992 -0.0554053 0.2733 2269.8 2
0.0159558 -0.0563818 0.273 2175.75 2
-0.0326476 -0.053861 0.273 2219 2
0.00854673 -0.0535645 0.273 2323.25 2
0.0106213 -0.0535644 0.273 2340.4 2
0.0123994 -0.0535645 0.273 2341.5 2
-0.0187871 -0.0481052 0.274 2203 2
-0.0163536 -0.0485107 0.273545 2249.45 2
-0.0137263 -0.0486875 0.273933 2265.67 2
-0.010911 -0.0492341 0.273818 2241.36 2
-0.00759203 -0.048759 0.274333 2212.53 2
-0.00441365 -0.0486403 0.273471 2135.41 2
-0.00213007 -0.0481052 0.274 2046.5 2
-0.0226866 -0.0457308 0.2744 2058.7 2
-0.0196412 -0.0470251 0.274 2128.38 2
-0.0167163 -0.0475446 0.2742 2226.2 2
-0.0137806 -0.0476833 0.275 2262.4 2
-0.0110938 -0.0476833 0.275 2215.75 2
-0.00721291 -0.0476833 0.275 2176.8 2
-0.00422274 -0.0476139 0.2746 2145 2
-0.00127686 -0.0470677 0.27425 1991 2
0.00126083 -0.046139 0.274 1857 2
0.00381888 -0.0454264 0.274 1693 2
-0.0251011 -0.0433882 0.273667 1986.42 2
-0.0236323 -0.0443972 0.275 2079.75 2
-0.0303876 -0.0394734 0.274 1663 2
-0.0285371 -0.0403969 0.274 1765.78 2
-0.0267204 -0.0417017 0.273 1864 2
-0.03128 -0.0382826 0.274 1621.5 2
0.0237479 -0.000778459 0.274 999 2
0.0243428 -0.000778459 0.274 913.5 2
-0.0430202 0.00515571 0.273 654.25 2
-0.0428547 0.00695809 0.273833 606.5 2
-0.0406786 0.00749781 0.274 877.8 2
0.0167883 0.00814084 0.273667 1429.67 2
0.0183938 0.00755581 0.274 1323.5 2
-0.0409471 0.00907709 0.275 796 2
0.014527 0.0111276 0.274 1474.75 2
0.0159999 0.00948231 0.27375 1405.5 2
-0.0366341 0.0135088 0.274 1035.5 2
-0.0353149 0.0146459 0.273 1068.25 2
0.0113234 0.0142936 0.273571 1565.14 2
0.0129613 0.0129636 0.274143 1521.86 2
-0.0339976 0.0163077 0.274333 1108 2
-0.0317722 0.0172884 0.27375 1194.75 2
0.00587948 0.0179081 0.273 1655 2
0.00791938 0.0174184 0.273286 1606.86 2
0.0103097 0.0162111 0.274385 1564.92 2
0.0124903 0.0150519 0.275 1455 2
-0.0306851 0.018569 0.274 1230.5 2
-0.0287941 0.019601 0.274556 1312.11 2
-0.025467 0.0205942 0.273667 1403.11 2
0.00203157 0.0206148 0.2735 1708.75 2
0.00466497 0.0195259 0.273923 1665.62 2
0.00763615 0.018673 0.274556 1597.78 2
-0.0275132 0.0210266 0.275 1313 2
-0.0252443 0.0217436 0.275 1387.2 2
-0.0224557 0.0220423 0.274 1468.67 2
-0.0199026 0.0225889 0.274 1562.75 2
-0.0165414 0.0230385 0.273091 1651.18 2
-0.0140549 0.0236476 0.273714 1653 2
-0.0107561 0.0239267 0.274 1656.8 2
-0.00778158 0.0239267 0.274 1719 2
-0.00450272 0.0230057 0.273667 1714.33 2
-0.00149171 0.0221618 0.273714 1733.07 2
0.00114535 0.0218963 0.274667 1708.33 2
0.00383282 0.0210266 0.275 1665.5 2
-0.0168924 0.024336 0.274889 1596.33 2
-0.0137305 0.024522 0.274 1633.6 2
-0.0107561 0.024522 0.274 1658.6 2
-0.00727792 0.0244622 0.274286 1701.57 2
-0.00542172 0.0243127 0.275 1712.5 2
-0.0217775 -0.0663234 0.278 1321.67 2
-0.0189608 -0.0667261 0.278 1135 2
-0.0163453 -0.0669274 0.278 1310.13 2
-0.0133274 -0.0669274 0.278 1533.33 2
-0.0103095 -0.0669274 0.278 1598.8 2
-0.0072916 -0.0669274 0.278 1496.67 2
-0.0042737 -0.0669274 0.278 1363.27 2
-0.00125439 -0.0661802 0.2774 1533.8 2
0.000552943 -0.0660848 0.277 1169 2
-0.0341014 -0.0634515 0.277 840.75 2
-0.032642 -0.0636054 0.278 1088 2
-0.0244936 -0.0636054 0.278 2162.75 2
-0.0223024 -0.0644064 0.278 2068.3 2
-0.0193632 -0.0645114 0.278 2097.8 2
-0.0163453 -0.0645114 0.278 2110 2
-0.0133117 -0.0644382 0.27768 2122.12 2
-0.0103095 -0.0645114 0.278 2133.2 2
-0.00728985 -0.0644931 0.27792 2119.92 2
-0.00427212 -0.0644931 0.27792 2065.72 2
-0.00125439 -0.0643722 0.2774 2039.8 2
0.00167169 -0.0646713 0.276217 1694.7 2
0.00793409 -0.063779 0.2764 1279 2
0.0104762 -0.0633766 0.277 845.5 2
-0.0343198 -0.0615463 0.276273 1758.32 2
-0.0315886 -0.0615043 0.277375 2075.94 2
-0.0283828 -0.0608151 0.277667 2177.13 2
-0.0252924 -0.0615463 0.277526 2233.68 2
-0.0223097 -0.061594 0.2771 2185 2
-0.0192587 -0.0614611 0.2765 2214.2 2
-0.0162571 -0.0614611 0.2765 2241.1 2
-0.0132599 -0.0614831 0.2766 2251.55 2
-0.0102724 -0.0615711 0.277 2261.95 2
-0.00726318 -0.0615491 0.2769 2257.05 2
-0.00425306 -0.0615051 0.2767 2228.85 2
-0.00125056 -0.0614826 0.2766 2173.25 2
0.00119298 -0.061563 0.276 2155.36 2
0.00594409 -0.0613489 0.276 2152.25 2
0.00772594 -0.061566 0.276364 2088.82 2
0.0107726 -0.0615491 0.2769 1905.55 2
0.0131425 -0.0613863 0.276167 1229 2
-0.030909 -0.0595499 0.276 2208.62 2
-0.0282465 -0.058722 0.276333 2227.67 2
-0.0253339 -0.0593241 0.276091 2241.64 2
-0.0222201 -0.0595499 0.276 2220.8 2
-0.0195235 -0.0595499 0.276 2262.38 2
-0.0159281 -0.0595499 0.276 2278.38 2
-0.0132315 -0.0595499 0.276 2329.4 2
-0.0104922 -0.0596784 0.276 2310 2
-0.00723914 -0.0598497 0.276 2280 2
-0.00424295 -0.0598497 0.276 2313 2
-0.00124677 -0.0598497 0.276 2258.6 2
0.00115018 -0.0598497 0.276 2201.33 2
0.00834104 -0.0594 0.276 2174.12 2
0.0106524 -0.0592929 0.276 2170.21 2
0.0125357 -0.0595499 0.276 2122.5 2
-0.00933648 -0.0484564 0.276 2222.5 2
-0.021347 -0.0455123 0.276333 2124 2
-0.0192308 -0.0459182 0.276714 2139.07 2
-0.0162802 -0.0465068 0.2769 2200.25 2
-0.0132932 -0.0465744 0.2773 2251.45 2
-0.010382 -0.0468625 0.277222 2261.94 2
-0.00726537 -0.0471274 0.277 2187.3 2
-0.00412199 -0.0465537 0.276778 2093.72 2
-0.00125185 -0.0456107 0.276933 1960.13 2
0.00186239 -0.0454673 0.276727 1819.91 2
0.00447821 -0.0451835 0.278 1677.5 2
-0.0248103 -0.0426862 0.2765 1986.75 2
-0.0226872 -0.0438155 0.277 2071.29 2
-0.0202686 -0.0445795 0.278 2126 2
-0.0012558 -0.0445795 0.278 1938.6 2
0.00175826 -0.0445154 0.2776 1835.6 2
0.00447821 -0.0445795 0.278 1671 2
-0.0276136 -0.0401471 0.2766 1831.7 2
-0.0257818 -0.0410691 0.27725 1963.69 2
-0.0309014 -0.0375257 0.276937 1607.12 2
-0.0292168 -0.0381989 0.277 1697.5 2
-0.0316224 -0.0359936 0.277 1566.5 2
0.0232355 0.00089722 0.2764 1052.9 2
0.0245205 0.00041516 0.276 886 2
0.0194269 0.00461271 0.276 1305.12 2
-0.0431934 0.00851044 0.276 519 2
-0.0405967 0.00851044 0.276 857.667 2
0.0179288 0.00851044 0.276 1306 2
0.0193964 0.00744141 0.276727 1250.45 2
-0.0427673 0.00964479 0.276571 546.571 2
-0.0404473 0.00984105 0.277077 843.846 2
-0.0380999 0.0106092 0.276 1016.88 2
0.0169317 0.0106157 0.276667 1345.47 2
0.0189708 0.00951079 0.2772 1231.2 2
-0.0378845 0.0131677 0.277333 984.167 2
0.0140603 0.0130303 0.2765 1465.5 2
0.0159462 0.0124981 0.278 1373 2
-0.036452 0.0155564 0.276 1004.5 2
-0.0348874 0.0168472 0.276667 1071 2
0.0113783 0.0168665 0.277 1509 2
0.0125811 0.0160641 0.277 1454 2
-0.0335473 0.018538 0.278 1117.25 2
-0.0315875 0.0195267 0.276867 1186.6 2
-0.0288472 0.0205282 0.276333 1285.33 2
0.00535203 0.0205282 0.276333 1634.33 2
0.00781962 0.0199089 0.276818 1565.82 2
0.00987479 0.0184714 0.277 1524 2
-0.030795 0.0212305 0.277667 1203.67 2
-0.0282788 0.0218512 0.277182 1275.36 2
-0.0255529 0.0229313 0.276857 1356 2
-0.0228193 0.0232019 0.276 1442 2
-0.00064753 0.0232019 0.276 1688.67 2
0.00201322 0.0229313 0.276857 1672.43 2
0.00471146 0.0218512 0.277182 1601.64 2
0.00718642 0.0212305 0.277667 1571.33 2
-0.0220407 0.0245338 0.2775 1440.75 2
-0.0194434 0.0251799 0.277222 1530.5 2
-0.0162643 0.0256561 0.2766 1583.4 2
-0.0132315 0.0256005 0.276 1643.1 2
-0.0102353 0.0256005 0.276 1664.8 2
-0.00725795 0.0256747 0.2768 1708.4 2
-0.00434706 0.0250199 0.277143 1673.36 2
-0.00125269 0.0245426 0.2776 1687 2
0.000554939 0.024578 0.278 1709.5 2
-0.0245817 -0.066562 0.279 705 2
-0.0233703 -0.066562 0.279 1003 2
-0.0310431 -0.0642383 0.279 1099.25 2
-0.0285815 -0.0645794 0.2796 1512.05 2
-0.0255913 -0.0647435 0.279 1908.56 2
-0.0233703 -0.0659558 0.279 1647.5 2
-0.0306392 -0.0626218 0.279 2071.5 2
-0.0285191 -0.0626218 0.279 2139.2 2
-0.0267019 -0.0626218 0.279 2198.5 2
-0.0188271 -0.0453461 0.279 2158.33 2
-0.0164041 -0.0453461 0.279 2212.6 2
-0.0133753 -0.0453461 0.279 2239 2
-0.00995876 -0.0458224 0.279444 2273 2
-0.00732657 -0.0460064 0.279333 2258.6 2
-0.00463803 -0.0456291 0.279143 2133 2
-0.0219433 -0.0429211 0.279571 2083 2
-0.0196227 -0.0438886 0.280176 2149.53 2
-0.0164825 -0.0443432 0.280333 2215.6 2
-0.0134392 -0.0443432 0.280333 2235.6 2
-0.0104056 -0.0443859 0.2806 2231.8 2
-0.00700293 -0.0446844 0.280286 2203.86 2
-0.00430766 -0.044312 0.280133 2167.47 2
-0.00126484 -0.0439878 0.28 1985.4 2
0.00187752 -0.0438104 0.280167 1831.67 2
0.00434178 -0.0433278 0.280111 1688.28 2
0.00635681 -0.0426185 0.281 1635 2
-0.0276105 -0.0392844 0.279 1811 2
-0.0251915 -0.0402591 0.280167 1967.08 2
-0.0229831 -0.0412788 0.2802 2036.2 2
0.00635681 -0.0413975 0.281 1535.5 2
-0.0303364 -0.0365566 0.279 1674.5 2
-0.0285318 -0.0374946 0.2795 1758.44 2
-0.0262595 -0.0384629 0.28075 1904.5 2
-0.0314388 -0.0346375 0.279833 1547.78 2
-0.0298727 -0.0352079 0.280333 1689 2
0.0257877 -0.00140385 0.28 730.75 2
0.0221401 0.00255037 0.28 1194.5 2
0.020694 0.00408577 0.281 1224 2
0.0217221 0.00362224 0.2805 1190 2
0.0206498 0.00742639 0.2804 1169 2
0.0212586 0.00742639 0.2804 1133 2
-0.0427543 0.0113307 0.279 581.25 2
-0.0406341 0.0113307 0.279 812 2
0.0194655 0.0104862 0.279273 1205.73 2
0.0212283 0.00985046 0.28 1094.33 2
-0.0421456 0.0126329 0.281 659 2
-0.0401419 0.0130175 0.2805 835.25 2
-0.0384851 0.013854 0.281 981 2
0.0141095 0.0142873 0.2805 1426.75 2
0.0163879 0.0133377 0.2804 1349.1 2
-0.0370888 0.0166228 0.279667 976 2
-0.0357881 0.0173924 0.279 1026.5 2
0.0128349 0.0167633 0.280333 1449.17 2
-0.0363498 0.0187381 0.281 1010.75 2
-0.0342992 0.0195988 0.2802 1084.8 2
-0.0325729 0.0208006 0.28 1172 2
0.0084317 0.0207263 0.279 1531 2
0.0105577 0.0197234 0.279667 1495.8 2
-0.0339094 0.0214854 0.281 1075.5 2
-0.0312354 0.0223831 0.28 1180.4 2
-0.028791 0.0233081 0.279667 1259.67 2
0.00450346 0.0234961 0.2795 1571.38 2
0.00708598 0.0225918 0.280067 1550 2
0.00944108 0.0217905 0.2802 1512.6 2
-0.0278085 0.0248432 0.281 1298 2
-0.025349 0.0249289 0.279667 1377.42 2
-0.0225745 0.0259159 0.279857 1465.57 2
-0.0194894 0.0268648 0.2798 1550.4 2
-0.0164041 0.026788 0.279 1585 2
-0.0133753 0.026788 0.279 1642.2 2
-0.0103466 0.026788 0.279 1665.8 2
-0.00732221 0.0268072 0.2792 1702 2
-0.00390013 0.0264799 0.28 1655.44 2
-0.00141552 0.0261087 0.279833 1667 2
0.00168793 0.0252775 0.28 1657.29 2
0.00391644 0.0248432 0.281 1595.75 2
-0.0217074 0.0275905 0.281 1400 2
-0.0191645 0.0277681 0.280143 1502.14 2
-0.0164825 0.0281356 0.280333 1523.33 2
-0.0135385 0.0280008 0.280091 1593.64 2
-0.0107198 0.0280008 0.280091 1624.73 2
-0.00732221 0.0274138 0.2792 1679.4 2
-0.00431588 0.0275709 0.2808 1643.8 2
-0.0021845 0.0275905 0.281 1621.5 2
-0.0193322 -0.0427132 0.282364 2154.64 2
-0.0166505 -0.0429513 0.2832 2184.53 2
-0.0135671 -0.0432293 0.283 2213.3 2
-0.0104949 -0.0432293 0.283 2244.9 2
-0.00747707 -0.0436403 0.282632 2161.37 2
-0.00434807 -0.0428902 0.2828 2075.73 2
-0.00127538 -0.04282 0.282333 2020.87 2
0.00129974 -0.0427687 0.2824 1846.7 2
0.00423865 -0.0421874 0.2822 1690.4 2
-0.0245399 -0.0394005 0.282 2022.5 2
-0.0224745 -0.0401546 0.283 2072.15 2
-0.0197421 -0.0412543 0.283455 2123.09 2
-0.0166981 -0.0418395 0.284 2171 2
-0.00621576 -0.0418395 0.284 2104 2
-0.00559915 -0.0418395 0.284 2096 2
0.00180013 -0.041531 0.284 1805.67 2
0.00438746 -0.0408453 0.283056 1668.22 2
0.00640206 -0.0401534 0.283 1521.38 2
-0.0280075 -0.0366338 0.2824 1804.7 2
-0.0253062 -0.0379738 0.283167 1967.25 2
0.00642469 -0.0387543 0.284 1550.5 2
-0.033229 -0.0330841 0.283 1662 2
-0.0309522 -0.0334666 0.282778 1595.56 2
-0.0292738 -0.0346657 0.283375 1739.25 2
-0.033229 -0.0324693 0.283 1671 2
-0.031596 -0.0321344 0.283667 1562.22 2
0.0235229 0.00256859 0.282 1047 2
0.0255774 0.00143755 0.283429 766.071 2
0.0207677 0.00532568 0.282 1209 2
0.0228688 0.00463155 0.2826 1072.2 2
0.0252752 0.00434975 0.284 742.643 2
0.0227637 0.00724193 0.283429 1030.86 2
0.0201554 0.0114525 0.282 1175.5 2
0.0218391 0.0103803 0.282 1053.25 2
-0.0404999 0.01426 0.283 806.333 2
-0.038759 0.0148749 0.283 944 2
0.0147489 0.0149274 0.284 1405 2
0.0168277 0.0143704 0.283429 1325.86 2
0.0192722 0.0127004 0.2825 1213 2
-0.0396806 0.0154897 0.283 873.5 2
-0.0382337 0.0167603 0.283667 946.333 2
0.0138835 0.0168622 0.283111 1397.78 2
0.0159821 0.0155445 0.284 1356.67 2
-0.0370626 0.019405 0.283333 965.333 2
-0.0352546 0.0200301 0.282 1063.25 2
0.0112775 0.0209492 0.282 1480 2
0.0125242 0.019453 0.2825 1433.25 2
-0.0347069 0.0217645 0.283333 1023 2
-0.0320962 0.0229819 0.2825 1126.75 2
0.00792017 0.0234276 0.282333 1525 2
0.0106695 0.0224629 0.282818 1460.82 2
-0.0309455 0.0247716 0.283667 1086.17 2
-0.0283118 0.0257596 0.283 1216.3 2
-0.0257957 0.0261879 0.282333 1324 2
0.00239972 0.0261571 0.282 1586.5 2
0.00451334 0.0258864 0.282857 1522.5 2
0.00727276 0.0247852 0.283182 1499.64 2
0.00916702 0.0240978 0.283 1438 2
-0.0249793 0.027528 0.2835 1307.5 2
-0.022553 0.0284112 0.283077 1327.69 2
-0.0197896 0.0289839 0.282667 1380.17 2
-0.0166741 0.0296943 0.2836 1422.6 2
-0.0134572 0.0292798 0.283556 1525.44 2
-0.0100909 0.0292347 0.283111 1557.33 2
-0.00749959 0.0289302 0.282571 1569 2
-0.00434662 0.0286889 0.2828 1558.7 2
-0.00104797 0.0282497 0.283 1532.12 2
0.00130395 0.0277457 0.2832 1511.6 2
0.00303334 0.0275766 0.284 1493.5 2
-0.0210143 0.0303532 0.284 1322 2
-0.0194728 0.0303532 0.284 1362 2
-0.0166741 0.0303105 0.2836 1380.8 2
-0.013615 0.0303532 0.284 1454.6 2
-0.010532 0.0303532 0.284 1488.4 2
-0.00775728 0.0303532 0.284 1505.75 2
-0.013663 -0.042606 0.285 2187.6 2
-0.0105691 -0.042606 0.285 2207 2
-0.00778459 -0.042606 0.285 2161.5 2
-0.00470716 -0.0421341 0.286 2085 2
-0.021113 -0.0395555 0.285333 2105.33 2
-0.0192173 -0.0398135 0.285882 2139.65 2
-0.0167173 -0.0409143 0.285857 2152.21 2
-0.0138576 -0.041643 0.285833 2197.75 2
-0.0106062 -0.0418223 0.286 2158.6 2
-0.00763383 -0.0417557 0.285778 2195.67 2
-0.0041113 -0.0411352 0.286267 2121.73 2
-0.00129194 -0.0411999 0.286 2014.7 2
0.00150258 -0.0402861 0.286125 1880 2
0.00382017 -0.0396992 0.28525 1704.88 2
-0.0272761 -0.036414 0.285 1878 2
-0.0252338 -0.0370049 0.286091 1963.18 2
-0.0227004 -0.0383824 0.285833 2073.5 2
0.00461245 -0.0384492 0.286333 1671.67 2
0.00646992 -0.0380952 0.286 1545 2
-0.0283335 -0.0346144 0.285857 1795.79 2
-0.0267509 -0.0356097 0.286 1886.5 2
-0.0306794 -0.0317699 0.285 1609 2
-0.0293111 -0.0324319 0.28675 1730.12 2
0.0262482 0.00259591 0.285 613 2
0.0262482 0.00321512 0.285 590.5 2
-0.0424362 0.0140512 0.285 643.25 2
-0.0411986 0.01498 0.285 758 2
0.019512 0.0141005 0.286 1195.12 2
-0.0425851 0.0153433 0.286 566.5 2
-0.0400349 0.0166558 0.285727 826.727 2
0.0148008 0.0168376 0.285 1383 2
0.0166791 0.0164451 0.286067 1320.93 2
0.0186434 0.0158126 0.287 1222.17 2
-0.0395711 0.018525 0.2862 803.6 2
-0.0381349 0.0194872 0.286 902.167 2
0.0141624 0.0194208 0.285727 1394.91 2
0.01588 0.0185516 0.2866 1358.8 2
-0.036686 0.0219713 0.286 880.5 2
-0.03456 0.0228756 0.285286 991 2
-0.0328451 0.0236489 0.285 1057 2
0.0107987 0.0236904 0.2855 1387 2
0.0130948 0.0219713 0.286 1362.33 2
-0.0334639 0.0242681 0.285 992 2
-0.0315657 0.0257265 0.285889 1046.11 2
-0.0294418 0.0264353 0.285 1120.25 2
0.0073923 0.0262424 0.2856 1414.9 2
0.0102872 0.0246355 0.285667 1353.83 2
-0.027887 0.0281311 0.2865 1175.88 2
-0.0256873 0.0287733 0.285667 1241.25 2
-0.0226761 0.0298933 0.2855 1267.25 2
-0.00623765 0.0298409 0.285 1504 2
-0.00438131 0.0298409 0.285 1497.4 2
-0.00129194 0.0299456 0.286 1473 2
0.00163239 0.0290887 0.285429 1475.57 2
0.0042079 0.0283047 0.286 1452 2
0.00649255 0.0278679 0.287 1418 2
-0.0246635 0.0303621 0.287 1250.75 2
-0.0221861 0.0311709 0.2864 1292.8 2
-0.0191669 0.0316916 0.286333 1368.08 2
-0.016372 0.0318334 0.285769 1405.62 2
-0.0136294 0.031782 0.286143 1470.43 2
-0.0106028 0.0318035 0.285933 1504.07 2
-0.00755542 0.0315969 0.286231 1527.38 2
-0.00440181 0.0312262 0.286333 1516.07 2
-0.00129194 0.030567 0.286 1485 2
0.00132025 0.0304031 0.2868 1507.4 2
-0.0184323 0.0331681 0.287 1348.5 2
-0.0162513 0.0331681 0.287 1408 2
-0.0134473 0.0331681 0.287 1453.5 2
-0.0106433 0.0331681 0.287 1461.8 2
-0.00846234 0.0331681 0.287 1515 2
-0.016224 -0.0397734 0.288545 2165.45 2
-0.013303 -0.0402556 0.289059 2189.29 2
-0.0105734 -0.0404305 0.288889 2188.39 2
-0.00758012 -0.0403763 0.289 2203.05 2
-0.00465196 -0.0399591 0.289 2146.17 2
-0.00130408 -0.039668 0.2884 2000.6 2
0.000574901 -0.039613 0.288 1928 2
-0.0254177 -0.0362343 0.2885 1962.25 2
-0.0225722 -0.0372459 0.288714 2030.14 2
-0.0195076 -0.0378785 0.2891 2099.25 2
-0.0167061 -0.0385613 0.2895 2128.12 2
-0.00131001 -0.038628 0.29 2001.1 2
0.00170673 -0.0382694 0.2892 1871.4 2
0.00429424 -0.0372643 0.288857 1686.71 2
-0.0274179 -0.0338502 0.288667 1835.17 2
-0.0257953 -0.034683 0.289222 1906.22 2
-0.023662 -0.0357927 0.29 2035.5 2
0.00530114 -0.0357927 0.29 1584 2
-0.0306897 -0.0308529 0.288 1742.83 2
-0.0284025 -0.0314698 0.289 1807.19 2
-0.0286991 -0.029492 0.29 1776 2
0.0238204 0.00829368 0.289333 958.333 2
0.0244487 0.00829368 0.289333 892 2
0.0238753 0.0095722 0.29 935 2
0.024505 0.0095722 0.29 863 2
0.0215595 0.013598 0.2885 1072.88 2
-0.0428973 0.0171636 0.289 468.857 2
-0.0415984 0.016902 0.2882 675.2 2
0.0175184 0.0177018 0.289 1281 2
0.0195402 0.0163065 0.289 1174 2
-0.042718 0.0183297 0.289 427.333 2
-0.0407101 0.0190832 0.289 687.6 2
0.0149566 0.0204563 0.288 1330 2
0.0166682 0.0197999 0.289308 1259.77 2
0.0181877 0.0190021 0.289667 1158.67 2
-0.0377283 0.0228822 0.289222 825.667 2
-0.035108 0.0239255 0.288333 932 2
0.0136343 0.0233252 0.288667 1272.83 2
0.0153753 0.0218586 0.29 1248.25 2
-0.0364434 0.0246087 0.289 874 2
-0.0343136 0.0254378 0.288538 967.308 2
-0.0322529 0.0264007 0.288 1020.5 2
0.00870369 0.0264007 0.288 1388 2
0.010672 0.0257991 0.288909 1330.73 2
0.0127681 0.0245235 0.288 1292.5 2
-0.0336198 0.0271203 0.289 978 2
-0.0315992 0.0279218 0.289167 1053.75 2
-0.0289138 0.0288993 0.289 1149.83 2
0.00526458 0.0292164 0.288 1443.5 2
0.00764832 0.0286769 0.289067 1386.33 2
0.00974433 0.0275171 0.2892 1370 2
-0.0273452 0.0305737 0.289 1177 2
-0.025672 0.0314123 0.289 1217.58 2
-0.0230394 0.032329 0.288778 1262.33 2
-0.0200836 0.0326957 0.288333 1354.33 2
-0.0069286 0.0326579 0.288 1528.67 2
-0.00443886 0.0327486 0.2888 1512.4 2
-0.00139353 0.032068 0.288714 1490 2
0.00170633 0.0315792 0.289 1473.7 2
0.00413861 0.0308189 0.289333 1437.83 2
-0.0226719 0.0334454 0.2894 1259.2 2
-0.0194573 0.0341064 0.289182 1326.82 2
-0.0163617 0.0346482 0.288933 1374.2 2
-0.0134091 0.0346772 0.288769 1408.92 2
-0.0106116 0.0345602 0.288571 1430.29 2
-0.00758216 0.0342873 0.289067 1478 2
-0.00480417 0.0336857 0.289143 1478.86 2
-0.00162483 0.0335148 0.29 1469.25 2
-0.0164212 0.036035 0.29 1340 2
-0.0132731 0.036035 0.29 1386.6 2
-0.0104397 0.036035 0.29 1423.75 2
-0.00855079 0.036035 0.29 1438.5 2
-0.0152142 -0.0390773 0.291 2153 2
-0.0133188 -0.0390773 0.291 2186.8 2
-0.0104757 -0.0390773 0.291 2223.5 2
-0.00763258 -0.0390773 0.291 2168.6 2
-0.00447355 -0.0390773 0.291 2144.8 2
-0.0221641 -0.0365483 0.291 2012.33 2
-0.0194028 -0.0364388 0.291571 2077.86 2
-0.0166101 -0.0371597 0.292158 2110.95 2
-0.0133732 -0.0379675 0.2922 2176.07 2
-0.0105237 -0.0379846 0.292333 2218.25 2
-0.00766755 -0.0379846 0.292333 2133.33 2
-0.00449082 -0.0379503 0.292067 2110.2 2
-0.00108216 -0.0371803 0.29225 1942.12 2
0.00131212 -0.0369167 0.291615 1841.38 2
0.00373991 -0.0365483 0.291 1744.67 2
-0.024554 -0.0340483 0.29125 1933.38 2
-0.0224516 -0.034855 0.292158 2033.74 2
-0.0201665 -0.0355115 0.292143 2082.86 2
0.00248765 -0.0354441 0.292333 1759.33 2
0.00423778 -0.0352975 0.291923 1644.15 2
-0.027566 -0.0308928 0.291333 1834 2
-0.0259859 -0.0318535 0.291857 1890.43 2
-0.0276291 -0.0296954 0.292 1793 2
-0.0264514 -0.0297971 0.293 1839.5 2
0.023089 0.010907 0.292 1025.67 2
0.0231206 0.0134627 0.2924 939.8 2
0.020202 0.0173808 0.2915 1074 2
0.0222701 0.0161074 0.292333 938.75 2
-0.0425275 0.0197888 0.292 537.333 2
-0.0406356 0.0203212 0.291556 702.667 2
0.0177002 0.0204232 0.292 1153 2
0.0194916 0.019184 0.292444 1059 2
-0.0425275 0.0210576 0.292 495 2
-0.0401068 0.0222127 0.292 714.818 2
0.0166106 0.0226326 0.292133 1198.4 2
0.0183761 0.0217423 0.292667 1109 2
-0.0374789 0.0251955 0.292167 832.083 2
-0.0351161 0.0266757 0.291 926 2
0.0116375 0.0266757 0.291 1318.5 2
0.0136763 0.0256035 0.292143 1287.14 2
0.0155343 0.024631 0.293 1206.25 2
-0.0344527 0.028208 0.2918 935.7 2
-0.0312831 0.0295623 0.291857 1047.43 2
-0.0297458 0.0295208 0.291 1117.5 2
0.00879435 0.0295208 0.291 1360.5 2
0.0106093 0.0285329 0.291667 1344.5 2
0.0125126 0.0279731 0.293 1294.25 2
-0.0331309 0.030042 0.293 956 2
-0.0324948 0.030042 0.293 981 2
-0.0285073 0.0317737 0.292333 1112.25 2
-0.0250072 0.0329981 0.291 1182 2
-5.09157e-05 0.0329981 0.291 1433 2
0.00121269 0.0329981 0.291 1432.67 2
0.00469676 0.0321048 0.2915 1412.62 2
0.00728924 0.0312699 0.292143 1358.5 2
0.00996805 0.0305194 0.293 1328.25 2
-0.0277236 0.0335432 0.293 1116.25 2
-0.0253854 0.0341561 0.292333 1168.58 2
-0.022486 0.0349792 0.292182 1243.64 2
-0.0200082 0.0352736 0.291143 1303.14 2
-0.00700077 0.0355271 0.291 1461 2
-0.00428541 0.0349998 0.291462 1441.38 2
-0.00120379 0.0346221 0.292091 1445.91 2
0.00144853 0.0342406 0.292273 1428.18 2
0.00376206 0.033505 0.292667 1416.5 2
-0.0222918 0.0363664 0.292667 1227.33 2
-0.0194565 0.0368451 0.29225 1297.67 2
-0.0165345 0.0372352 0.292 1335.1 2
-0.0133646 0.0372352 0.292 1379 2
-0.0105117 0.0372352 0.292 1412.25 2
-0.00751805 0.0370458 0.292231 1433 2
-0.00485747 0.0366096 0.292429 1428.71 2
-0.0153711 -0.0366057 0.294 2118 2
-0.0134561 -0.0366058 0.294 2150.4 2
-0.0102707 -0.0366307 0.2942 2162.6 2
-0.00741724 -0.0367302 0.295 2123.75 2
-0.00452361 -0.0366307 0.2942 2064.7 2
-0.00228556 -0.0366057 0.294 1986.25 2
-0.0243075 -0.0330926 0.294 1942 2
-0.0220166 -0.0335934 0.294667 2045.78 2
-0.0193065 -0.0343653 0.295 2124.69 2
-0.0167106 -0.0349811 0.295125 2133.94 2
-0.0135189 -0.0354965 0.2954 2139.7 2
-0.0103344 -0.0355686 0.296 2123.8 2
-0.00744239 -0.0355686 0.296 2165 2
-0.00454557 -0.0355205 0.2956 2074.1 2
-0.00109329 -0.0350111 0.295375 1954.5 2
0.00148499 -0.0346061 0.294933 1800.93 2
0.00370135 -0.0340453 0.295143 1627.29 2
-0.0249614 -0.0310595 0.294769 1928.15 2
-0.0230026 -0.0318326 0.295538 1948.54 2
-0.0202956 -0.0326746 0.296 1988.5 2
0.00251885 -0.0326746 0.296 1690 2
0.00316151 -0.0326746 0.296 1566 2
-0.0278183 -0.0289406 0.294 1860.5 2
-0.0259893 -0.0290391 0.295 1841.38 2
0.0258005 0.00746858 0.294 775.5 2
0.0253656 0.0106015 0.2945 750.25 2
0.0247937 0.0133542 0.294667 747.667 2
0.0233262 0.0171079 0.295 870.75 2
0.0200195 0.0202078 0.2944 1028.2 2
0.0218039 0.0193114 0.295273 965.182 2
-0.0413631 0.0222354 0.295 661.5 2
0.0178821 0.0235173 0.295 1164 2
0.0193696 0.0221918 0.294889 1071 2
0.021156 0.0213461 0.296 956 2
-0.039762 0.0252264 0.295 715 2
-0.0377992 0.0263709 0.294667 803.333 2
0.0162809 0.02544 0.295 1195.12 2
-0.0371635 0.0278144 0.295429 816.286 2
-0.0349001 0.0293957 0.2945 916 2
0.0114772 0.0296061 0.295 1270 2
0.013541 0.0281818 0.295 1272 2
-0.034262 0.0309357 0.295444 905.778 2
-0.0311474 0.0315596 0.294857 1013 2
0.00825677 0.0324169 0.294333 1345.83 2
0.0106073 0.0317763 0.295462 1289.85 2
0.0121451 0.0309585 0.295667 1250 2
-0.0287984 0.0341319 0.295333 1076.83 2
-0.0266319 0.035054 0.295 1154.5 2
-0.00164724 0.0358933 0.294 1418.5 2
0.00250183 0.0349352 0.294 1406.5 2
0.00470478 0.034672 0.294857 1379.14 2
0.0073275 0.0338294 0.2955 1334.75 2
-0.025088 0.0360968 0.295667 1166.33 2
-0.0226579 0.0369347 0.294667 1213.67 2
-0.01982 0.038529 0.2956 1266.2 2
-0.0166939 0.038553 0.2948 1332 2
-0.0134561 0.0384484 0.294 1372.6 2
-0.0105837 0.0384484 0.294 1404.25 2
-0.00773007 0.038553 0.2948 1427.4 2
-0.00438759 0.0376824 0.294667 1407.22 2
-0.00142569 0.0371973 0.295286 1395.64 2
0.00155173 0.0363666 0.29525 1406.25 2
0.00316151 0.0364591 0.296 1381 2
-0.0134561 0.0390871 0.294 1358.8 2
-0.0106197 0.0395416 0.295 1394.38 2
-0.00773007 0.0391935 0.2948 1411.4 2
-0.00583574 0.039353 0.296 1379 2
-0.0187521 -0.0334303 0.297 2099.67 2
-0.0162 -0.0338092 0.2975 2148.5 2
-0.0135081 -0.033996 0.297647 2126.41 2
-0.010414 -0.0338991 0.2983 2101.95 2
-0.00750525 -0.0339223 0.2985 2130.94 2
-0.00465736 -0.0340654 0.297625 2061.06 2
-0.00177324 -0.0338855 0.297222 1980.78 2
0.0012377 -0.0334303 0.297 1819.67 2
-0.0221581 -0.0310595 0.298 1941.5 2
-0.0195886 -0.0318082 0.298176 2019.12 2
-0.0165828 -0.0323101 0.298583 2041.08 2
-0.014565 -0.0325498 0.2984 2077.4 2
-0.00426718 -0.0323193 0.298667 1978.5 2
-0.00116309 -0.0318097 0.298238 1938.29 2
0.00139113 -0.0315813 0.297471 1796.94 2
0.00317219 -0.031817 0.297 1551.5 2
-0.024597 -0.0286377 0.2975 1868.75 2
-0.0235245 -0.0290353 0.29825 1874.62 2
0.0233749 0.0197846 0.298333 857.5 2
0.0200498 0.0232843 0.297286 1019.86 2
0.0222344 0.0221901 0.297909 885.364 2
-0.0421073 0.0263462 0.298 464 2
-0.0408133 0.0263462 0.298 628.333 2
0.0170361 0.0262578 0.297 1142.25 2
0.0192238 0.0249524 0.298111 1059.67 2
0.0213704 0.0241609 0.299 930 2
-0.0395193 0.0276411 0.298 683 2
-0.0377401 0.0287741 0.298 787 2
0.0140269 0.0291615 0.297 1247.17 2
0.0157464 0.0275484 0.297 1228 2
-0.0366078 0.0305546 0.298 830.5 2
-0.0345649 0.0320643 0.2985 894.75 2
-0.0319711 0.0323879 0.297 978 2
0.0115939 0.032497 0.298 1257 2
0.0136195 0.0310234 0.298545 1208.91 2
-0.0333728 0.0331444 0.298 931 2
-0.0313026 0.0340522 0.298 991.7 2
-0.0290594 0.0355191 0.298 1077 2
0.0076968 0.0350811 0.2974 1308.7 2
0.0100831 0.0345622 0.298545 1262.64 2
0.0122409 0.0331444 0.298 1215 2
-0.0285416 0.0364061 0.2982 1085.6 2
-0.0252032 0.0374479 0.297889 1141.33 2
-0.0225121 0.0384681 0.297444 1195.22 2
-0.00424337 0.0388407 0.297 1389 2
-0.000976381 0.0386576 0.297714 1377.43 2
0.00145475 0.0380232 0.297333 1371.22 2
0.00438445 0.0372616 0.298 1327.21 2
0.00676402 0.0368286 0.299 1337.75 2
-0.0243963 0.0391022 0.299 1131 2
-0.0188784 0.0400767 0.299 1262.67 2
-0.0165523 0.0399426 0.298 1309 2
-0.01345 0.0408972 0.298231 1313.69 2
-0.0105766 0.0412376 0.298778 1360.22 2
-0.00764732 0.0403944 0.29775 1394 2
-0.00426242 0.0403129 0.298333 1351.75 2
-0.00178094 0.0401111 0.298444 1358.22 2
0.00137547 0.0394654 0.2988 1325 2
-0.0188659 -0.0307237 0.300286 2007.86 2
-0.0165454 -0.0307184 0.301077 1962.92 2
-0.013438 -0.0315638 0.30075 2021.69 2
-0.0105264 -0.031643 0.3015 2003.6 2
-0.00751249 -0.0314998 0.301059 2023.59 2
-0.0049299 -0.0308941 0.3008 2023.33 2
-0.0023322 -0.0308349 0.3 1930 2
-0.022057 -0.0284275 0.300706 1883.24 2
-0.0199524 -0.0292251 0.301333 1924 2
-0.0171007 -0.0294001 0.302 1943.67 2
-0.00660972 -0.0294001 0.302 1933 2
-0.00410178 -0.0291257 0.301636 1920.36 2
-0.00168474 -0.0295805 0.3005 1896.88 2
-0.0213991 -0.0263464 0.3016 1869 2
-0.0203792 -0.0261194 0.302 1860.33 2
0.026327 0.0134871 0.3 588.25 2
0.0251077 0.0168041 0.301 751.875 2
-0.0425312 0.0236686 0.301 578 2
-0.0418777 0.0236686 0.301 654 2
0.0225684 0.0237472 0.302 875 2
-0.0425312 0.0249765 0.301 539 2
-0.0418777 0.0249765 0.301 607.333 2
0.0194568 0.0261803 0.30075 1030.62 2
0.0220409 0.0248534 0.3015 899.25 2
-0.0402418 0.0285755 0.301 640.625 2
-0.0382833 0.0292273 0.301 759.5 2
0.0168121 0.0287604 0.300667 1123.33 2
0.0199456 0.0270279 0.302 1008.5 2
-0.0345738 0.0327151 0.3 890 2
0.014201 0.0321338 0.300667 1166.5 2
0.0160115 0.0306367 0.302 1122.25 2
-0.0339909 0.0344619 0.301429 905.714 2
-0.0322941 0.0349964 0.3 956.5 2
0.0113107 0.0350254 0.3008 1234.6 2
0.013023 0.0343639 0.301111 1178.89 2
-0.0314845 0.036756 0.3016 967.5 2
-0.0283833 0.0378522 0.301111 1068.11 2
-0.0264369 0.038293 0.3008 1111.6 2
0.00548394 0.0382553 0.3 1290.75 2
0.00744929 0.0376673 0.3005 1287.12 2
0.010147 0.036742 0.301714 1217.71 2
0.0124052 0.0362139 0.302 1175 2
-0.0275917 0.0394946 0.302 1055 2
-0.0252725 0.039943 0.301143 1097.29 2
-0.022257 0.0403179 0.3008 1158.8 2
-0.0197235 0.0408068 0.302 1215.33 2
-0.0162044 0.0415086 0.300222 1265.78 2
-0.00917132 0.0415143 0.3 1382.5 2
-0.00746428 0.0414503 0.300125 1378.5 2
-0.00499509 0.0416605 0.300714 1344.71 2
-0.00111287 0.0411418 0.30025 1344.62 2
0.00177678 0.0407107 0.3008 1288.8 2
0.00431021 0.0399535 0.301333 1272.33 2
-0.0184121 0.0421191 0.302 1190 2
-0.0159205 0.0429065 0.302 1234 2
-0.0134732 0.043032 0.3015 1282.12 2
-0.0105286 0.0430463 0.3016 1280.2 2
-0.00857678 0.0431034 0.302 1308 2
-0.000708529 0.0421191 0.302 1346 2
0.000602847 0.0421191 0.302 1304 2
-0.0155127 -0.0301557 0.303 1957.5 2
-0.0135391 -0.0301557 0.303 1994.5 2
-0.0106076 -0.0302354 0.3038 1958.2 2
-0.00794732 -0.0301557 0.303 1932.33 2
-0.0191377 -0.0281909 0.303111 1890.56 2
-0.0164245 -0.0284067 0.303765 1940.71 2
-0.0136106 -0.0283279 0.3046 1947.9 2
-0.0104496 -0.0285283 0.304714 1945.57 2
-0.00754394 -0.0281543 0.304429 1926.95 2
-0.00532246 -0.0285413 0.303333 1918.5 2
-0.0191512 -0.0268937 0.303333 1847.67 2
-0.0161139 -0.0265125 0.304 1924.11 2
0.026348 0.0146577 0.304 635 2
0.027008 0.0146577 0.304 453 2
0.0264058 0.0160144 0.304667 613.333 2
0.0270673 0.0160144 0.304667 422 2
0.0257725 0.0190132 0.305 669.5 2
0.0270969 0.0190132 0.305 349 2
0.0214682 0.0266338 0.305 945 2
0.018696 0.0281049 0.303 1057.5 2
0.0214682 0.0272964 0.305 945.5 2
-0.0391232 0.0309411 0.305 713 2
-0.038461 0.0309411 0.305 762.5 2
0.0167798 0.0314979 0.304 1086.75 2
-0.0364744 0.033923 0.305 811 2
-0.0353135 0.034748 0.3045 852 2
0.0141216 0.0346557 0.303667 1131.83 2
0.0156366 0.0338393 0.30425 1092.88 2
-0.0335309 0.0371556 0.304333 872 2
-0.0317013 0.0380631 0.303667 945.5 2
0.00817022 0.0386378 0.303 1250.25 2
0.0107467 0.0376613 0.30375 1181 2
0.0130029 0.0370107 0.3045 1130.25 2
-0.0305146 0.0395555 0.305 986 2
-0.0284902 0.0400338 0.3046 1033.2 2
-0.0257729 0.0412096 0.30375 1063.38 2
-0.0225081 0.0417651 0.3042 1133.8 2
-0.0198766 0.0417834 0.304333 1180.67 2
0.00489007 0.0413393 0.3035 1229.38 2
0.00755064 0.0401523 0.3045 1224.12 2
0.00951724 0.0390956 0.304 1204 2
-0.0255073 0.0424678 0.3045 1028.75 2
-0.0225081 0.042426 0.3042 1117.2 2
-0.0194501 0.0431375 0.304556 1165 2
-0.0168068 0.0437572 0.3038 1201.9 2
-0.0135838 0.0443795 0.304 1261.25 2
-0.0106137 0.0443795 0.304 1267 2
-0.00730875 0.0438143 0.303818 1303.45 2
-0.00466946 0.0433602 0.3038 1316.6 2
-0.00137325 0.0433887 0.304 1325.9 2
0.00148805 0.043091 0.304222 1252.78 2
0.00391628 0.042491 0.304667 1231 2
-0.0162517 0.0451141 0.3045 1174.5 2
-0.0135838 0.04504 0.304 1238 2
-0.0106137 0.04504 0.304 1268 2
-0.0073319 0.0451586 0.3048 1270 2
-0.0120122 -0.0274626 0.306 1878.5 2
-0.0113479 -0.0274626 0.306 1906.5 2
0.026608 0.0174704 0.307 603 2
0.0272746 0.0174704 0.307 400 2
0.0257414 0.0199516 0.3062 678.4 2
0.0272746 0.0181374 0.307 388 2
0.0228673 0.0257238 0.306 851.5 2
0.0199437 0.0289761 0.307 997.25 2
-0.0403678 0.0316755 0.308 641.429 2
-0.0379386 0.0324321 0.3072 783.4 2
0.0175523 0.0323721 0.306 1057 2
0.0192771 0.0306436 0.307 983.625 2
-0.0374416 0.0345351 0.3075 762 2
0.0166286 0.0347379 0.307333 1054.83 2
0.0180014 0.0339221 0.308 1005.5 2
-0.0363804 0.0361464 0.307 781.5 2
-0.0344111 0.0376433 0.306 837.714 2
0.0112667 0.0387723 0.306667 1152.33 2
0.0139483 0.0376437 0.307111 1096.33 2
0.0158032 0.0368739 0.3075 1048.38 2
-0.0313582 0.0403244 0.3068 935.1 2
-0.0289537 0.0410149 0.306 1004 2
0.0076137 0.0414824 0.307 1198.25 2
0.0105604 0.0402454 0.307273 1156.73 2
0.0126517 0.0396101 0.308 1100 2
-0.0284291 0.0425522 0.3075 1003.12 2
-0.0257586 0.0438883 0.3075 1029.25 2
-0.022522 0.0439718 0.306462 1102.62 2
-0.0200286 0.0444364 0.306667 1156.33 2
-0.0179916 0.0446715 0.306 1151 2
-0.00437196 0.0446715 0.306 1281.25 2
-0.00138232 0.0447007 0.3062 1293.8 2
0.0019445 0.0444607 0.306833 1228.5 2
0.00423654 0.0436593 0.306667 1221.89 2
0.00696761 0.0426214 0.308 1205.75 2
-0.0221215 0.0456326 0.308 1088 2
-0.019081 0.0460604 0.3075 1138.88 2
-0.0165626 0.0463574 0.306889 1152.78 2
-0.0132444 0.0465074 0.306545 1209.36 2
-0.0103739 0.0467691 0.306667 1243.25 2
-0.0075043 0.0465625 0.306909 1256.18 2
-0.00439101 0.046203 0.307333 1262.25 2
-0.00159362 0.0461478 0.307308 1266.92 2
0.00161477 0.0455215 0.30725 1226.5 2
0.00328968 0.0456326 0.308 1206 2
-0.0120908 0.0483093 0.308 1197 2
-0.0104189 0.0483093 0.308 1204.75 2
-0.00874718 0.0483093 0.308 1206 2
0.0254097 0.0229184 0.31 681 2
0.0230915 0.026983 0.309 838 2
0.0249889 0.0251886 0.310333 694.833 2
-0.0424568 0.0297645 0.31 567 2
-0.0417838 0.0297645 0.31 611 2
0.0226146 0.0285342 0.3098 869.1 2
-0.0423883 0.0313964 0.3095 508.75 2
-0.0417164 0.0313964 0.3095 571.5 2
0.0200047 0.0317501 0.309667 949.833 2
-0.040227 0.0342231 0.309857 601 2
-0.0389654 0.0333609 0.309 704.5 2
0.017389 0.0353749 0.309 1019 2
0.0188763 0.0342262 0.31 970.125 2
-0.0368543 0.0376309 0.311 754.75 2
-0.0353898 0.0385202 0.31 808.5 2
-0.0342364 0.0400046 0.309571 819.286 2
-0.0318093 0.0413052 0.309 923.667 2
0.00967376 0.0417527 0.309 1170.5 2
0.0130482 0.0401403 0.3095 1080.88 2
-0.0331406 0.0420229 0.311 835 2
-0.0310358 0.0427231 0.3102 915 2
-0.0286613 0.0442451 0.31 978.25 2
0.00564846 0.0441024 0.309 1238 2
0.00769722 0.043643 0.3105 1191.25 2
0.0110868 0.0420229 0.311 1111.5 2
-0.0280764 0.0457393 0.311 981.5 2
-0.025406 0.0458174 0.31 1029 2
-0.0227896 0.0466404 0.3098 1069.7 2
-0.0197763 0.0470782 0.30925 1114.5 2
-0.0165441 0.0479495 0.31 1148 2
-0.0138072 0.0477948 0.309 1183 2
-0.00709837 0.0477948 0.309 1240.25 2
-0.00442911 0.0479495 0.31 1252.25 2
-0.001232 0.0473686 0.3095 1251.5 2
0.00163003 0.0469392 0.31 1213.62 2
0.0043276 0.0460036 0.3105 1211.12 2
0.00602264 0.0457392 0.311 1211 2
-0.0216617 0.0484421 0.311 1090.5 2
-0.0198743 0.0484873 0.31075 1109.5 2
-0.0165441 0.048623 0.31 1149 2
-0.0132531 0.0492625 0.3102 1191.3 2
-0.0105205 0.0497934 0.311 1202.38 2
-0.00737233 0.0494142 0.310429 1213.14 2
-0.00442911 0.048623 0.31 1241.5 2
-0.00114972 0.0484873 0.31075 1230.75 2
0.000620813 0.0484421 0.311 1200 2
0.0260253 0.0262282 0.312 555.5 2
0.0219609 0.0299565 0.312 882.5 2
0.0251748 0.0280977 0.312667 641.833 2
0.0206061 0.0326679 0.312 931.5 2
0.0220078 0.0313798 0.312667 866.667 2
0.0201017 0.0345555 0.312429 924.714 2
0.0210119 0.0348128 0.313 877 2
0.0168804 0.0379779 0.312 999 2
0.019173 0.0368008 0.312556 914.222 2
0.0210119 0.0361728 0.313 840 2
0.0142812 0.0407429 0.312286 1059.14 2
0.0155588 0.0402117 0.312667 1024 2
-0.0306354 0.0443333 0.313 910 2
0.00843986 0.0443333 0.313 1157.5 2
0.0103364 0.0434902 0.3128 1122.5 2
0.0128781 0.0428724 0.3135 1083.5 2
-0.0306354 0.0450133 0.313 908 2
-0.0286328 0.04691 0.3134 949.1 2
-0.0258241 0.0472925 0.312333 1001.33 2
0.00469866 0.047343 0.312667 1185.67 2
0.00718182 0.0462298 0.31375 1165.62 2
0.00983032 0.0451572 0.314 1116.5 2
-0.0252533 0.0488574 0.313667 1010.33 2
-0.0225973 0.0495777 0.313286 1054.36 2
-0.0194225 0.0501137 0.313 1088.62 2
-0.0166509 0.0499536 0.312 1137.25 2
-0.0146187 0.0499536 0.312 1173.25 2
-0.00445769 0.0499536 0.312 1226.88 2
-0.00141394 0.0501457 0.3132 1181.9 2
0.00164204 0.0490557 0.31275 1168.5 2
0.00334309 0.0487536 0.313 1148 2
-0.0150533 0.0516382 0.314 1102.5 2
-0.0133489 0.0516382 0.314 1117.5 2
-0.0106143 0.0515971 0.31375 1166 2
-0.00754842 0.0516053 0.3138 1184.7 2
-0.005168 0.0516382 0.314 1191.75 2
0.023475 0.0311106 0.315667 798.5 2
0.0240335 0.0321584 0.317 736 2
0.022438 0.0343248 0.316333 824.5 2
0.0240335 0.0335358 0.317 717 2
-0.0403184 0.0369795 0.317 619.75 2
0.0223128 0.0366351 0.317 799.5 2
-0.036533 0.0411118 0.317 759 2
-0.0358447 0.0411118 0.317 786 2
-0.0343595 0.042813 0.316 801.833 2
-0.0323478 0.0439783 0.315333 861 2
0.0113008 0.0448999 0.317 1083 2
0.0140094 0.0437284 0.316 1054.5 2
0.0153816 0.0423553 0.316 1021 2
-0.0311563 0.0464768 0.316 886.5 2
-0.0294634 0.0473541 0.315 931 2
0.00804539 0.0467199 0.315333 1133.33 2
0.0103831 0.0462773 0.317 1083.83 2
-0.0306828 0.0483435 0.317 877.5 2
-0.0282479 0.0491827 0.31575 934.375 2
-0.025871 0.0501982 0.315667 970.556 2
-0.0239921 0.0504339 0.315 1026 2
0.00199946 0.0504872 0.315333 1135.83 2
0.00440147 0.0496709 0.3158 1123.8 2
0.00663402 0.0487059 0.316 1107.25 2
-0.0275857 0.0510984 0.317 904 2
-0.0249703 0.0519249 0.317 959.8 2
-0.022353 0.051967 0.316 1026.25 2
-0.0193586 0.0523714 0.315667 1055.08 2
-0.0166791 0.0527506 0.316111 1076.5 2
-0.0134764 0.053509 0.317 1079.88 2
-0.0107158 0.0534668 0.31675 1142.62 2
-0.00760221 0.0533402 0.316 1151.6 2
-0.00429163 0.0529402 0.316333 1162.17 2
-0.00142435 0.0519013 0.3156 1167.1 2
0.00132038 0.0520767 0.316667 1156 2
0.00441819 0.0510984 0.317 1101 2
0.0253031 0.0324627 0.32 634.75 2
-0.0399226 0.0380614 0.319333 637.333 2
-0.0388413 0.0379059 0.319 704.25 2
0.0179517 0.0389455 0.319 980 2
0.0200728 0.0383316 0.319667 883 2
0.0214818 0.0380247 0.32 815 2
-0.0407 0.0390676 0.32 584 2
-0.0379209 0.0401105 0.32 730 2
0.0170309 0.0407538 0.318429 989.714 2
0.0190051 0.040058 0.319889 928.111 2
-0.0364172 0.0427574 0.319 749.75 2
-0.035032 0.0441436 0.319 781 2
0.0162224 0.0434483 0.319 993.5 2
-0.0335413 0.045387 0.318 808.75 2
-0.0322616 0.0469159 0.319 835.25 2
0.00857469 0.0478051 0.318 1107.5 2
0.0114077 0.0470629 0.32 1042.75 2
0.0134077 0.045387 0.318 1031 2
-0.0293134 0.0499308 0.318333 892 2
0.00546777 0.0505687 0.318 1090 2
0.00777504 0.0497569 0.318923 1096.31 2
0.0100181 0.0484534 0.32 1070.25 2
-0.0276508 0.052237 0.31975 890.5 2
-0.0255378 0.0527532 0.318667 931 2
-0.0225309 0.0534161 0.3185 1016.25 2
-0.0204232 0.0533323 0.318 1041.5 2
-0.00143653 0.0533658 0.3182 1160.6 2
0.00188215 0.0530855 0.319 1128.2 2
0.00429215 0.0522419 0.318571 1095.43 2
0.00687878 0.0514745 0.319333 1079 2
-0.0247202 0.054363 0.32 942.5 2
-0.0225309 0.0541082 0.3185 1000.25 2
-0.0196618 0.0551754 0.319667 1020.5 2
-0.0163831 0.0554059 0.32 1052.5 2
-0.013604 0.0554059 0.32 1084.5 2
-0.0104522 0.0552674 0.3192 1108.6 2
-0.00732809 0.0552327 0.319 1107.88 2
-0.00456375 0.0553193 0.3195 1117.38 2
-0.0019037 0.0546566 0.319 1122.22 2
0.00133288 0.0543064 0.319667 1120 2
0.0254612 0.0312664 0.322 654.5 2
0.0237871 0.0355741 0.323 757 2
0.0251896 0.0346384 0.323 641.5 2
-0.0401417 0.0405967 0.3222 607.5 2
-0.0381579 0.0414105 0.322 711.5 2
0.0184128 0.0419793 0.321 930.5 2
-0.0396789 0.0422409 0.323 614.5 2
-0.037646 0.0435629 0.3224 690.5 2
0.0171249 0.0443462 0.323 974 2
0.0185275 0.0432935 0.323 920.25 2
-0.0345547 0.0465125 0.321 770.875 2
0.0135785 0.047357 0.322 985 2
0.0161574 0.0456546 0.322333 955.167 2
-0.0330168 0.0489077 0.323 784.5 2
-0.0323155 0.0489077 0.323 835.5 2
0.0107799 0.0494558 0.322 1044.88 2
-0.0300246 0.0513945 0.321 848 2
-0.0287701 0.0523011 0.321 864 2
-0.0261914 0.0538355 0.321 911.5 2
0.00273159 0.0538355 0.321 1121 2
0.00482241 0.053138 0.321 1095.67 2
0.00727948 0.0525629 0.32175 1076.62 2
0.0090321 0.0515546 0.322 1075.5 2
-0.0273217 0.054353 0.322 869.5 2
-0.0253136 0.0553458 0.321667 914.667 2
-0.0224584 0.0559605 0.321545 984.273 2
-0.0192977 0.0568456 0.32225 1018.75 2
-0.0164854 0.0568015 0.322 1048.75 2
-0.013689 0.0568015 0.322 1078 2
-0.0105312 0.0567309 0.3216 1090.4 2
-0.00737403 0.0566251 0.321 1091.25 2
-0.00460055 0.0568015 0.322 1115.25 2
-0.00117578 0.0561732 0.322 1102.1 2
0.00154341 0.0556769 0.322429 1115.29 2
0.00464107 0.0544269 0.322143 1082.29 2
0.00625502 0.0545218 0.323 1072 2
-0.0217962 0.0576797 0.323 980.333 2
-0.0192977 0.0575458 0.32225 1018 2
-0.0164854 0.0575011 0.322 1045.25 2
-0.013689 0.0575011 0.322 1065.25 2
-0.0100835 0.0580087 0.322222 1102.11 2
-0.00740466 0.0582624 0.322333 1084.33 2
-0.00460055 0.0575011 0.322 1103.75 2
-0.00180972 0.0576797 0.323 1080.25 2
0.0268392 0.0298841 0.326 589 2
0.027547 0.0298841 0.326 404 2
0.0268392 0.0316548 0.326 530 2
0.027547 0.0316548 0.326 355.5 2
0.0268392 0.0334255 0.326 487 2
0.027547 0.0334255 0.326 315 2
-0.0412087 0.0416677 0.324 546 2
0.0199917 0.0413157 0.324 890 2
0.0215307 0.0401542 0.326 834 2
-0.0407968 0.0433772 0.3252 534.7 2
-0.0386319 0.0447581 0.326 645 2
0.019716 0.043596 0.32525 877.125 2
-0.0386319 0.0454663 0.326 633 2
-0.0355811 0.0472992 0.324 744.5 2
0.0172839 0.0465287 0.326 920.25 2
0.0186422 0.0453269 0.325 876.5 2
-0.0355811 0.0480032 0.324 717.5 2
-0.0313604 0.050467 0.324 844.25 2
0.0115503 0.050467 0.324 1018.75 2
0.0135714 0.0494532 0.3252 986.9 2
-0.0303052 0.0532827 0.324 843.5 2
-0.0296017 0.0532827 0.324 849 2
0.00838475 0.0532827 0.324 1044.5 2
0.0104329 0.0526637 0.325143 1017.43 2
0.0130372 0.0511326 0.326 1005.5 2
-0.0282231 0.0552176 0.324333 835.167 2
-0.0264568 0.056142 0.32425 867.75 2
0.00275712 0.0560984 0.324 1095.5 2
0.00453132 0.0562716 0.325 1074 2
0.00700583 0.0553878 0.325333 1052.5 2
-0.0251065 0.0576838 0.325 868.5 2
-0.0226351 0.0585329 0.325 940.3 2
-0.0194474 0.0590506 0.32475 1001.38 2
-0.0165878 0.0589142 0.324 1037.88 2
-0.0134223 0.0589142 0.324 1057.5 2
-0.0109602 0.0589142 0.324 1092.75 2
-0.00462913 0.0589142 0.324 1076.88 2
-0.00146945 0.0588508 0.3252 1078.4 2
0.00135372 0.0576246 0.324667 1102.33 2
-0.0163363 0.0606944 0.326 1021.5 2
-0.0135051 0.0606944 0.326 1049.2 2
-0.0102884 0.0605083 0.325 1053.62 2
-0.00746592 0.0605083 0.325 1079.12 2
-0.00464948 0.0606013 0.3255 1077.38 2
0.0264681 0.0352356 0.328 537.5 2
0.0275374 0.0352356 0.328 321.75 2
0.0231575 0.0387367 0.329 770.5 2
0.0250623 0.0373071 0.329 669.667 2
0.0274433 0.0365923 0.329 249.5 2
0.0228453 0.0406876 0.3286 773.2 2
-0.0408803 0.0448954 0.327 516.25 2
0.0216298 0.0431862 0.3275 799 2
-0.0408803 0.0456058 0.327 494.5 2
-0.0374446 0.0468142 0.328 702 2
0.015917 0.0477372 0.327 937 2
0.0195551 0.0461729 0.3285 850.75 2
-0.0371646 0.0488126 0.328667 670 2
-0.0346565 0.0499366 0.327444 726.222 2
-0.0327157 0.050579 0.327 814 2
0.0145414 0.0507337 0.328 966 2
0.0165469 0.04891 0.3282 902.3 2
-0.0339756 0.0519066 0.3282 716.6 2
-0.0322196 0.0523859 0.328143 787.571 2
0.0113714 0.0537476 0.329 976 2
0.0133996 0.0524774 0.328714 969.286 2
-0.0305007 0.0559019 0.328 790.5 2
-0.0291658 0.0561442 0.327 807.5 2
0.00795253 0.0559019 0.328 1037.75 2
0.0101308 0.055285 0.328429 988.714 2
0.0120857 0.0544624 0.329 959 2
-0.0304157 0.0573216 0.329 779.5 2
-0.0274747 0.0582163 0.328 828.25 2
-0.0253987 0.0591289 0.327625 855.125 2
-0.0234861 0.0594597 0.327 905 2
-5.72146e-05 0.0594597 0.327 1084 2
0.00184025 0.0592254 0.327667 1069.67 2
0.00445545 0.0583551 0.328111 1052.44 2
0.00690694 0.0578577 0.329 1040.75 2
-0.0261298 0.0601808 0.329 837 2
-0.0221793 0.0611909 0.328667 908.667 2
-0.0195162 0.0611652 0.327889 972.222 2
-0.016521 0.0620783 0.328111 1007.22 2
-0.0132319 0.062492 0.328 1028.88 2
-0.0103517 0.0623015 0.327 1042.88 2
-0.00751186 0.0623015 0.327 1063.38 2
-0.00468628 0.062492 0.328 1040.75 2
-0.00165843 0.0612455 0.328 1063 2
0.00137105 0.0608956 0.329 1041 2
0.00351398 0.0601808 0.329 1013 2
-0.0186296 0.06304 0.329 956 2
-0.017201 0.06304 0.329 996 2
-0.00970074 0.0641122 0.329 1027.25 2
-0.00755781 0.0641122 0.329 1034 2
-0.00255765 0.06304 0.329 1034 2
0.0257215 0.0382901 0.331333 610.167 2
0.025357 0.0400518 0.3316 631.3 2
0.0233686 0.0430572 0.332 734.75 2
-0.0403444 0.04729 0.331333 549.167 2
-0.0387476 0.0470997 0.33 641 2
-0.0397033 0.0488278 0.332 570.5 2
-0.0389825 0.0488278 0.332 613 2
0.017496 0.0499676 0.33 869 2
0.018929 0.0492506 0.33 830.375 2
-0.037064 0.0522278 0.3316 628.1 2
-0.0351653 0.0523575 0.33 680 2
-0.0319411 0.0539109 0.33 812.5 2
0.016063 0.0514015 0.33 918.25 2
0.0190437 0.051713 0.332 828 2
-0.0334752 0.0544338 0.331 758.5 2
-0.0319411 0.0546279 0.33 804.5 2
0.00854002 0.0567788 0.33 1039 2
0.0107356 0.0562869 0.331333 973.333 2
0.0121959 0.056041 0.332 941.5 2
-0.0286254 0.05899 0.330333 806 2
0.00459938 0.0596467 0.33 1022 2
0.00794068 0.058519 0.330571 1005 2
0.00992241 0.0578975 0.331714 970.429 2
-0.027726 0.0605466 0.331 808.5 2
-0.0248144 0.0615322 0.3305 871.25 2
-0.0229097 0.0622739 0.331 898.4 2
-0.0201402 0.0625777 0.330333 941.667 2
-0.000774278 0.0625777 0.330333 1051.33 2
0.00185921 0.0619856 0.331 1029 2
0.00461796 0.060848 0.331333 998.5 2
0.00642931 0.0603689 0.332 999.5 2
-0.0223818 0.0635509 0.331667 902.333 2
-0.0191681 0.0640962 0.331286 934 2
-0.0162276 0.0645019 0.331 975.375 2
-0.0133126 0.064307 0.33 1000.62 2
-0.0107052 0.0647976 0.330667 1022.67 2
-0.00834754 0.0657787 0.332 1014.5 2
-0.00472092 0.0644045 0.3305 1025.12 2
-0.001564 0.0643146 0.331545 1036.73 2
0.00138289 0.0635509 0.331667 1029.33 2
-0.00978919 0.0665001 0.332 1010 2
-0.00834754 0.0665001 0.332 1000 2
0.0264891 0.0416267 0.335 528 2
0.0235094 0.0444051 0.334 721.5 2
0.0256871 0.0422281 0.334 587.25 2
0.020547 0.0475278 0.333 814.75 2
0.0235094 0.0451308 0.334 709.5 2
-0.0405468 0.0500895 0.334 516.083 2
-0.0380154 0.0504218 0.333 644 2
-0.0401028 0.0525617 0.334333 474.25 2
-0.0381296 0.0534759 0.334 581.5 2
0.0144448 0.0534759 0.334 933.5 2
0.0164753 0.0531865 0.334 891.7 2
0.0180707 0.0527524 0.334 848.75 2
-0.0367891 0.0550917 0.335 617.75 2
-0.034451 0.0555707 0.3335 706.375 2
-0.0323282 0.0563786 0.334 768.5 2
0.0133171 0.0547627 0.333 945 2
-0.0316515 0.0586421 0.3345 749.875 2
0.010819 0.0587974 0.334 948 2
0.0122694 0.0578298 0.334 915 2
-0.0286584 0.0613673 0.3335 780.375 2
-0.0264475 0.0619976 0.333 831.25 2
0.00500842 0.0620597 0.333333 987.833 2
0.0075601 0.0614899 0.334167 972.583 2
0.00939675 0.0609143 0.335 968 2
-0.0250766 0.0636352 0.334 863.25 2
-0.0222968 0.0646027 0.334 895.833 2
-0.0199406 0.0648917 0.333 918.5 2
-0.0134336 0.0659769 0.333 986.75 2
-0.0112647 0.0659769 0.333 1005 2
-0.0069267 0.0659769 0.333 1016 2
-0.00548072 0.0659769 0.333 1014 2
-5.82644e-05 0.0648917 0.333 1045 2
0.00197162 0.0647581 0.3338 1016.1 2
0.00444659 0.0640406 0.3346 976.7 2
0.00648741 0.0638257 0.335 950 2
-0.0186056 0.0667371 0.335 913.25 2
-0.0163747 0.0665378 0.334 953.875 2
-0.0134336 0.0667004 0.333 977.75 2
-0.01034 0.0676953 0.334333 998.833 2
-0.00792422 0.0676953 0.334333 992.667 2
-0.0045248 0.066592 0.333667 1013 2
-0.00151018 0.0666574 0.3346 1013.2 2
0.000668721 0.0667371 0.335 1002.5 2
0.0265682 0.0410209 0.336 542 2
0.0254591 0.0439811 0.337 623 2
0.0270933 0.0438353 0.338 388.5 2
0.0221912 0.046496 0.336 792.75 2
0.0252586 0.0456712 0.338 628 2
0.0203876 0.0498312 0.336333 804.667 2
0.0211178 0.0498312 0.336333 777.333 2
0.020428 0.0513936 0.337 808 2
0.0211597 0.0513936 0.337 778 2
-0.0398169 0.0552561 0.336 474.75 2
-0.0378715 0.0556211 0.336 579.5 2
-0.0354398 0.0563511 0.336 680.5 2
0.0141269 0.0560473 0.3368 920.6 2
0.015927 0.0555545 0.336857 889.429 2
-0.0368989 0.0570811 0.336 601 2
-0.0345346 0.0579266 0.336667 674.667 2
0.0116824 0.059624 0.338 915 2
0.0134871 0.058118 0.33725 896.125 2
0.0153517 0.0574209 0.338 860 2
-0.0312477 0.0614599 0.338 738 2
-0.0296039 0.0625562 0.336 756.75 2
0.00869529 0.0625562 0.336 954 2
0.0103726 0.0614079 0.336286 937.286 2
0.0124163 0.0603583 0.338 911 2
-0.0278359 0.0641433 0.336667 775.333 2
-0.02552 0.064867 0.337 845.6 2
-0.0230382 0.0654763 0.336 880.25 2
0.0049053 0.065442 0.3362 960.8 2
0.00778783 0.0644181 0.337286 942.429 2
0.0094809 0.0643973 0.338 932 2
-0.0249861 0.0661679 0.337667 841 2
-0.0221831 0.0669951 0.3374 881 2
-0.0196709 0.0674363 0.336667 904.667 2
-0.0165473 0.068335 0.3375 935 2
-0.0128252 0.0680313 0.336 971.5 2
-0.0112446 0.0682746 0.336 990 2
-0.00698911 0.0683963 0.336 1000.5 2
-0.00480664 0.0684981 0.3365 1010.38 2
-0.0018369 0.0685297 0.337429 983.429 2
0.0019243 0.0672075 0.336571 984.714 2
0.00454812 0.0670924 0.337571 961.143 2
0.00652614 0.0660372 0.337 958 2
-0.00996609 0.0699049 0.338 985 2
-0.00849841 0.0699049 0.338 984.5 2
-0.000792989 0.0691706 0.338 974 2
0.00067471 0.0691706 0.338 954 2
0.0234933 0.0469112 0.339 731 2
0.0254276 0.0467148 0.34025 609.875 2
0.0272536 0.0455722 0.34 348.5 2
0.0227032 0.0491767 0.3404 736.5 2
0.0243008 0.048527 0.34 664.5 2
-0.0391836 0.0573914 0.34 504 2
-0.0372849 0.0580435 0.3395 589 2
-0.0346523 0.0590639 0.339 673.333 2
-0.0324442 0.0598004 0.339 738 2
0.0141307 0.0593346 0.3395 870.5 2
0.0161807 0.0578838 0.34 855.667 2
-0.0339546 0.0608969 0.340429 681.286 2
-0.0320409 0.0619354 0.3394 721.2 2
0.011165 0.0621941 0.339 912.25 2
0.013321 0.0615473 0.34 879.125 2
-0.033376 0.0634871 0.341 695.5 2
-0.031404 0.0638526 0.339667 717.333 2
-0.0286504 0.0653282 0.3394 760.8 2
-0.026556 0.0656926 0.339 819 2
0.0076689 0.0656926 0.339 948.5 2
0.0109376 0.0642269 0.3405 906.75 2
0.0125265 0.0634871 0.341 874.5 2
-0.028084 0.0665598 0.339667 766 2
-0.0255271 0.0671797 0.34 829.25 2
-0.0225279 0.0684781 0.3404 862.8 2
-0.0202999 0.0686387 0.339 895 2
-0.0144117 0.0686387 0.339 952.5 2
0.00215159 0.0687062 0.339333 961.667 2
0.00509639 0.0679697 0.339333 957.333 2
0.00769735 0.0672557 0.3402 951.1 2
0.00956505 0.0664506 0.341 929.5 2
-0.0230109 0.0690437 0.341 841 2
-0.0189389 0.070155 0.341 888.25 2
-0.0167178 0.070155 0.341 912.625 2
-0.0129397 0.0697435 0.339 943 2
-0.0111358 0.0706663 0.340143 962.143 2
-0.00781267 0.0706891 0.34 974 2
-0.00448206 0.0702359 0.3396 969.2 2
-0.00116682 0.0703703 0.34025 973 2
0.00178632 0.0699844 0.340167 945.167 2
0.00452845 0.0694473 0.3408 953 2
-0.0107949 0.0720071 0.341 945 2
-0.00857383 0.0720071 0.341 942.5 2
0.0268273 0.0476031 0.344 511 2
0.0275742 0.0476031 0.344 328.5 2
0.0237012 0.0502985 0.342 674 2
0.0258039 0.0498284 0.343143 553.357 2
0.0275742 0.0498452 0.344 293.75 2
0.0207917 0.0534264 0.343 789 2
0.0223252 0.0525337 0.343667 734.5 2
0.017761 0.0562428 0.342 860.5 2
0.0192843 0.0553588 0.342667 810.667 2
-0.0376677 0.0593882 0.343 584.5 2
0.0166471 0.059215 0.342 836.25 2
0.0148341 0.061626 0.343 847.25 2
0.0161617 0.0613411 0.3435 831.875 2
-0.0336696 0.0655404 0.344 651.5 2
-0.0320526 0.0652864 0.342667 692.667 2
0.0118898 0.0655404 0.344 869.5 2
0.0133836 0.0645439 0.344 855.167 2
-0.0313695 0.0665323 0.343333 697.667 2
-0.0284903 0.0677708 0.3428 756.8 2
-0.0259614 0.0685147 0.3428 816 2
0.00887644 0.0683308 0.343 923.5 2
0.0103659 0.0673371 0.343 887.667 2
-0.0276946 0.0696511 0.344 754 2
-0.025754 0.0694486 0.343 801.75 2
-0.022604 0.0703778 0.342857 835.429 2
-0.0200215 0.0708716 0.342667 882.333 2
-0.0168649 0.0718933 0.344 904.25 2
-0.0141786 0.0709703 0.34225 928.375 2
-0.00674264 0.0714753 0.342 962.667 2
-0.00415205 0.071632 0.34275 954.75 2
-0.00117711 0.0717366 0.34325 963.5 2
0.00180275 0.071603 0.3435 929.75 2
0.00499496 0.0703691 0.3424 948.8 2
0.00739566 0.0698891 0.343333 920.333 2
-0.0191055 0.0726406 0.344 868.5 2
-0.0168649 0.0726406 0.344 891 2
-0.0134742 0.0730428 0.34325 924.75 2
-0.0104911 0.0735902 0.3432 935 2
-0.00726685 0.0732472 0.343333 946.333 2
-0.00415204 0.0723767 0.34275 953.75 2
-0.00117711 0.0724823 0.34325 949 2
0.00143356 0.0726406 0.344 920 2
0.0233473 0.052801 0.345 692.5 2
0.0252363 0.0527487 0.3465 597.75 2
0.0203815 0.0558793 0.3455 774 2
0.0223513 0.0554625 0.3464 717.2 2
0.0244244 0.0544264 0.347 639 2
0.0179168 0.0586101 0.345 832 2
0.0195247 0.0584615 0.345727 780.636 2
0.0214109 0.0574421 0.347 726.5 2
-0.034891 0.0623579 0.345 656 2
0.0172002 0.0617289 0.345667 806.333 2
0.0188662 0.0610541 0.346714 774.143 2
-0.0349922 0.0644196 0.346 648.75 2
0.0144004 0.0649818 0.346 837.75 2
0.0162784 0.0638542 0.346 811 2
-0.0338987 0.0668624 0.346333 629 2
-0.0312383 0.0681767 0.346 688.375 2
0.0114128 0.0680862 0.3465 856 2
0.013292 0.0669586 0.3465 836.25 2
-0.0282709 0.0705348 0.3465 734.25 2
-0.025191 0.0710808 0.3455 792.375 2
0.00593201 0.0713527 0.345 929 2
0.00805779 0.0711498 0.3462 902.6 2
0.0104565 0.0695549 0.346 862.333 2
-0.0245459 0.0728972 0.347 792.75 2
-0.0221823 0.0725559 0.345375 820.5 2
-0.0192427 0.073923 0.3465 849.625 2
-0.0162133 0.0741906 0.346 883.375 2
-0.0142923 0.0739762 0.345 912.5 2
-0.00605274 0.0739762 0.345 946 2
-0.00418234 0.0740298 0.34525 937 2
-0.00118741 0.0742442 0.34625 922.75 2
0.0018185 0.073923 0.3465 914.5 2
0.00444321 0.0726171 0.345667 926.167 2
-0.0128312 0.075694 0.346 904 2
-0.010202 0.075694 0.346 906.375 2
-0.0072119 0.0758582 0.34675 929 2
-0.00533444 0.0759128 0.347 904.5 2
0.0229837 0.0568515 0.348 689.5 2
0.0244948 0.0557174 0.348 624.25 2
0.0224057 0.0585824 0.3484 684.4 2
0.0245652 0.057394 0.349 609.75 2
-0.0399561 0.0606002 0.35 514.5 2
-0.037571 0.0619435 0.349 580.375 2
0.0200188 0.0619435 0.349 733.75 2
0.0215959 0.0606002 0.35 691 2
-0.0369166 0.0636419 0.35 594.5 2
0.0169879 0.0649766 0.349 796.75 2
0.0185033 0.0634601 0.349 773.75 2
0.013957 0.0680096 0.349 828.25 2
0.0154725 0.066493 0.349 810.25 2
-0.0306611 0.0700829 0.348 679.5 2
-0.0292337 0.0714217 0.349 701.5 2
0.0105774 0.0711194 0.35 859.333 2
-0.0282764 0.0730783 0.349667 713.667 2
-0.0262028 0.0733173 0.349 761.75 2
-0.0221202 0.0745645 0.348333 801.5 2
-0.020461 0.0746194 0.348 818 2
0.00296135 0.0746194 0.348 898.5 2
0.0048549 0.0740605 0.348333 895.833 2
0.00724314 0.0737075 0.3495 897 2
0.00943755 0.0723868 0.35 883.5 2
-0.0231718 0.075213 0.349 791.5 2
-0.0190588 0.0765691 0.35 821.667 2
-0.0162323 0.0765014 0.349111 865.889 2
-0.0136933 0.0770727 0.348833 882.667 2
-0.0102757 0.0773767 0.3485 900.25 2
-0.0072639 0.0775432 0.34925 927.75 2
-0.00409935 0.0766576 0.348667 906 2
-0.00119599 0.0762957 0.34875 916.75 2
0.0014579 0.0764962 0.349667 897.5 2
0.0048642 0.075213 0.349 883 2
0.00639794 0.0754285 0.35 859.5 2
-0.0152593 0.0784702 0.35 850 2
-0.0133317 0.078302 0.34925 866.5 2
-0.0102757 0.0781339 0.3485 898.75 2
-0.0072639 0.078302 0.34925 914.75 2
-0.00462066 0.0784702 0.35 896.333 2
0.0262675 0.0555151 0.3515 540 2
0.0247764 0.0594169 0.352 598 2
-0.0402986 0.06227 0.353 487.5 2
0.0225986 0.0616827 0.3514 663.6 2
-0.0401344 0.064023 0.353 458.571 2
-0.0378506 0.0646698 0.351222 552 2
0.0196446 0.0649026 0.351333 730.083 2
0.0222509 0.0636827 0.352333 654.667 2
-0.039149 0.0661047 0.353 487 2
-0.0383826 0.0661047 0.353 518 2
-0.0340705 0.0689766 0.352 624 2
0.0163454 0.0677342 0.3515 795.5 2
-0.0340705 0.0697413 0.352 615 2
0.0132949 0.0700241 0.3515 824.25 2
-0.0311016 0.0726238 0.353 665.25 2
-0.0295688 0.0741577 0.353 689.5 2
-0.0248289 0.0748814 0.351 775.5 2
0.0102714 0.0732857 0.3525 872.625 2
-0.025895 0.0755327 0.351667 742.667 2
-0.0225758 0.0768973 0.3515 778.375 2
-0.0206374 0.0767879 0.351 801.5 2
-0.016446 0.0779318 0.351 847 2
-0.00310971 0.0779318 0.351 902 2
-0.00234764 0.0779318 0.351 916 2
0.00298688 0.0767879 0.351 876.5 2
0.00452032 0.0769337 0.351667 874.167 2
0.00720788 0.0763513 0.3525 854.125 2
-0.0192048 0.0786849 0.352667 811.667 2
-0.0164918 0.0791746 0.352 833.833 2
-0.0134463 0.0801226 0.35225 853.75 2
-0.0103642 0.079952 0.3515 879.5 2
-0.00732192 0.0800657 0.352 888.5 2
-0.00443436 0.0799998 0.352429 888 2
-0.00104324 0.0785588 0.351857 904 2
0.00147041 0.0786849 0.352667 884.333 2
-0.0405269 0.065708 0.355 428 2
-0.0403636 0.0670557 0.3556 401.2 2
-0.0377952 0.0671874 0.354667 534.667 2
0.0172313 0.0685994 0.354 767.5 2
0.0194275 0.0678301 0.3548 706.2 2
0.0134083 0.071777 0.3545 824.25 2
0.0162361 0.0702704 0.354667 787.333 2
0.0188745 0.0697604 0.356 707 2
0.0111139 0.0745779 0.355 846.75 2
0.0126554 0.0730352 0.355 831.75 2
-0.0279001 0.0761802 0.3542 693.4 2
-0.0252864 0.0774108 0.3542 730.8 2
0.00803085 0.0772773 0.355 828.5 2
0.00956338 0.0764356 0.354667 826.333 2
-0.0270387 0.0780486 0.355 690 2
-0.0262679 0.0780486 0.355 702 2
-0.0227685 0.079094 0.3545 759.625 2
-0.0201105 0.0800157 0.355167 784.167 2
-0.0168272 0.080489 0.3542 814 2
-0.00313629 0.0805206 0.354 888 2
-0.00137954 0.0804981 0.354143 890.286 2
0.00148291 0.0805134 0.355667 873.333 2
0.00417226 0.079094 0.3545 855.5 2
0.00701536 0.0789686 0.355667 833 2
0.00959934 0.0782685 0.356 797 2
-0.0197589 0.0813052 0.35575 770.5 2
-0.0165075 0.0823241 0.355857 800 2
-0.0135608 0.0823487 0.35525 849.625 2
-0.0104608 0.0822328 0.35475 868.125 2
-0.0073783 0.0822328 0.35475 872 2
-0.0043035 0.0823487 0.35525 877.625 2
-0.00160809 0.0820596 0.355667 874.333 2
0.0014829 0.0812861 0.355667 871.667 2
0.0264383 0.0590385 0.359 532.5 2
0.0272177 0.0590385 0.359 479 2
0.0221513 0.0668383 0.359 657.75 2
-0.034296 0.0717747 0.358333 618.333 2
-0.0326167 0.0715076 0.357 654 2
0.017426 0.071319 0.358 751 2
-0.0340091 0.0730752 0.3586 611.4 2
-0.0327385 0.0733332 0.358333 637.333 2
0.0137868 0.0739717 0.357667 788.833 2
0.0158715 0.0724857 0.358 768.5 2
-0.0303762 0.0767637 0.358 654 2
-0.029016 0.077347 0.358 671.25 2
0.0111869 0.0770096 0.357333 798.833 2
0.0134073 0.0760356 0.3586 776.7 2
-0.0278882 0.0794031 0.3585 683 2
-0.0256901 0.0798005 0.357667 707 2
-0.0221528 0.0808152 0.357 751.5 2
0.00420059 0.0808152 0.357 842.5 2
0.0080761 0.0796518 0.357 812.25 2
0.0101894 0.0796347 0.358667 795.5 2
-0.0249825 0.0815822 0.358667 709 2
-0.0222273 0.0824887 0.3582 743.1 2
-0.019477 0.0829088 0.357667 770.833 2
-0.0178898 0.0827543 0.357 774 2
-0.0101388 0.0839178 0.357 861.667 2
-0.00742592 0.0839178 0.357 862.75 2
-0.00548817 0.0839178 0.357 869 2
-0.000837625 0.0828316 0.357333 870.333 2
0.00149541 0.0831406 0.358667 864.333 2
0.00382264 0.0824044 0.358 836.375 2
0.00733276 0.0815443 0.3585 822.25 2
-0.0187695 0.0847779 0.359 771.5 2
-0.0167865 0.0846008 0.35825 792.875 2
-0.0136649 0.0845417 0.358 826.5 2
-0.0103846 0.0851199 0.357857 835.143 2
-0.00768472 0.0856801 0.3582 848.4 2
-0.00417141 0.0846309 0.358143 847.857 2
-0.00240114 0.0847779 0.359 866.5 2
0.0259961 0.0615259 0.361 549 2
0.0272935 0.0607673 0.36 454 2
0.0254802 0.0630711 0.362 579 2
-0.0395345 0.0689799 0.36 463.5 2
-0.0375805 0.0689799 0.36 552.667 2
-0.0396809 0.0708069 0.361333 442.833 2
-0.0372249 0.0706099 0.360333 547.333 2
0.0197274 0.0709362 0.361 692.75 2
0.021099 0.070348 0.361 672.5 2
-0.0366103 0.0729024 0.362 555 2
-0.0349416 0.0742697 0.361 587.25 2
0.0164974 0.0737403 0.360333 745 2
0.0191396 0.0723088 0.361 698.5 2
-0.0342524 0.0760484 0.362 590.75 2
-0.0318359 0.0763015 0.361333 649.5 2
0.0144369 0.0774069 0.361 772.75 2
0.0160487 0.0764416 0.362 751.833 2
-0.0312627 0.0784951 0.3615 630 2
-0.0290103 0.0798726 0.360333 670 2
0.0112704 0.0803211 0.36 789.5 2
0.0135582 0.0796861 0.361429 740.286 2
0.0160487 0.0780146 0.362 731 2
-0.0307156 0.0823404 0.362 336.5 2
-0.0285944 0.0823952 0.361667 630.333 2
-0.0256204 0.0831348 0.360333 691.111 2
-0.0235114 0.0834498 0.36 718 2
0.00501751 0.0834498 0.36 815.5 2
0.00736235 0.0834498 0.36 763.5 2
0.0105089 0.0824292 0.360667 689 2
0.0134289 0.0819471 0.362 515 2
-0.0274957 0.0840737 0.361 465 2
-0.0253682 0.0850821 0.361 486 2
-0.0222609 0.0854423 0.360455 659.273 2
-0.0193953 0.0859957 0.360091 732.182 2
-0.0164769 0.0865783 0.36 792.667 2
-0.0137412 0.0865784 0.36 809 2
-0.0110056 0.0865783 0.36 816 2
-0.0063159 0.0865784 0.36 838.5 2
-0.00453062 0.0865567 0.360143 833 2
-0.00100304 0.0856982 0.3609 841.9 2
0.0015058 0.0857222 0.361333 791.222 2
0.00409282 0.0855334 0.3612 680.5 2
0.0073828 0.0852502 0.361 395.5 2
0.0105179 0.0840737 0.361 338.5 2
-0.0220092 0.087211 0.361 323 2
-0.018874 0.0881522 0.361 356 2
-0.0165081 0.0883059 0.360667 487.167 2
-0.0137412 0.0881427 0.36 548.375 2
-0.0106148 0.0881426 0.36 628.25 2
-0.00749271 0.0882039 0.36025 645.875 2
-0.00424532 0.0883112 0.361222 562.444 2
-0.00147739 0.0881363 0.3619 488.5 2
0.00150857 0.0874526 0.362 516 2
0.00347346 0.0874526 0.362 228 2
0.0225216 0.0695414 0.365 641 2
-0.039864 0.0731037 0.363 434.5 2
-0.0378936 0.0736953 0.363 497.75 2
0.0172753 0.0742868 0.363 740 2
0.0190516 0.0741342 0.3638 699.4 2
-0.0371055 0.0756669 0.363 512.5 2
-0.0344416 0.0776548 0.364 583.75 2
0.0172872 0.0763118 0.36325 723.25 2
0.0188307 0.0762526 0.3641 646.4 2
-0.0340927 0.0791482 0.3645 563.75 2
-0.0316547 0.0801695 0.36375 610.125 2
0.0163391 0.0792196 0.3632 619.8 2
0.0181132 0.0784456 0.364 507 2
-0.0312386 0.0814969 0.3635 555.5 2
0.0269538 0.0629729 0.366 507 2
0.0277484 0.0629729 0.366 436 2
0.0262727 0.0647904 0.366 537.571 2
0.0277484 0.0641657 0.366 349.5 2
0.0237752 0.0673464 0.366 624.25 2
0.025356 0.0674054 0.366909 558.545 2
0.0232117 0.0710211 0.3665 613.5 2
0.0249834 0.0702379 0.3674 512.6 2
0.0205966 0.0733103 0.366 671.333 2
0.0223884 0.0733708 0.3667 570 2
0.0206529 0.075504 0.367 618.5 2
0.0214497 0.075504 0.367 485.5 2
