0.0441593 0.0590721 0.234 0
0.0472076 0.0590721 0.234 0
0.0336258 0.06036 0.234 0
0.0368715 0.0611855 0.233241 0
0.0404157 0.0613844 0.232625 0
0.0437088 0.060857 0.232979 0
0.0468984 0.060221 0.233789 0
0.0339197 0.0554527 0.237 0
0.0354634 0.0554527 0.237 0
0.0334708 0.057769 0.235958 0
0.0366403 0.0578745 0.236083 0
0.0400834 0.058279 0.236621 0
0.0439794 0.0583436 0.236133 0
0.0473178 0.0574788 0.23582 0
0.049801 0.0566594 0.236667 0
0.0346539 0.0600904 0.235 0
0.0368744 0.0600262 0.235125 0
0.0401818 0.059786 0.235437 0
0.0425373 0.0597491 0.235333 0
0.0300445 0.045131 0.241 0
0.0331841 0.045131 0.241 0
0.027376 0.0479061 0.241 0
0.0297633 0.047175 0.240583 0
0.0331985 0.047185 0.2405 0
0.0355888 0.0474429 0.240867 0
0.0270279 0.0509809 0.240783 0
0.029724 0.0507207 0.239509 0
0.0331943 0.0506199 0.239115 0
0.0365124 0.0509505 0.240412 0
0.039463 0.0524615 0.241 0
0.0509744 0.0521997 0.241 0
0.0530674 0.0521997 0.241 0
0.0237656 0.0556032 0.241 0
0.0265224 0.0544027 0.240457 0
0.0297357 0.0541945 0.238852 0
0.0332503 0.0540225 0.238139 0
0.0367426 0.0542719 0.238979 0
0.0402221 0.0542889 0.239979 0
0.0437552 0.0548076 0.240389 0
0.0473567 0.0546327 0.239531 0
0.0505452 0.0543688 0.23932 0
0.017225 0.0569122 0.241 0
0.0194708 0.0569805 0.240875 0
0.0229457 0.0570156 0.240636 0
0.0263341 0.0571544 0.239622 0
0.0299317 0.0571841 0.238857 0
0.0322542 0.0567208 0.238 0
0.0382502 0.0565406 0.238333 0
0.0405456 0.0567731 0.23844 0
0.0437208 0.0570021 0.238643 0
0.0456218 0.0561802 0.239 0
0.0269253 0.041246 0.24475 0
0.0296088 0.0410808 0.244667 0
0.0332505 0.0415863 0.244632 0
0.0366872 0.041535 0.24465 0
0.0393201 0.0416217 0.245 0
0.0207025 0.0453478 0.245 0
0.0231486 0.0443728 0.24463 0
0.02634 0.0437705 0.243261 0
0.0297788 0.04366 0.242634 0
0.0332995 0.0435714 0.242872 0
0.0365733 0.0438404 0.243 0
0.0401139 0.0439143 0.24461 0
0.0207025 0.0472108 0.245 0
0.0227913 0.0471538 0.24387 0
0.0259486 0.0470478 0.24239 0
0.0283303 0.045844 0.242 0
0.037354 0.0472437 0.242485 0
0.040446 0.047274 0.244273 0
0.0430567 0.0480567 0.244857 0
0.0519442 0.048409 0.244333 0
0.0540762 0.0474418 0.244514 0
0.0205252 0.0510256 0.245 0
0.0227322 0.0507106 0.244106 0
0.0254396 0.0507769 0.242385 0
0.0380505 0.0503132 0.242 0
0.0403122 0.0507291 0.242455 0
0.0437982 0.0507231 0.243532 0
0.0470877 0.0509808 0.243727 0
0.0506987 0.0504656 0.2429 0
0.053269 0.0502502 0.242429 0
0.0125545 0.0544081 0.2445 0
0.0157601 0.0546807 0.24366 0
0.0192858 0.0544943 0.243771 0
0.0225735 0.0541866 0.243039 0
0.024915 0.0539936 0.242 0
0.0414657 0.0526792 0.242 0
0.0439943 0.0531721 0.242 0
0.0467603 0.0530432 0.242 0
0.049347 0.0526792 0.242 0
0.0157202 0.0563597 0.242 0
0.0193981 0.0563597 0.242 0
0.0222879 0.0563597 0.242 0
0.0236482 0.0383596 0.248 0
0.026696 0.0375831 0.247826 0
0.0297913 0.0369972 0.247588 0
0.0333053 0.0372424 0.247743 0
0.036681 0.0372741 0.247571 0
0.0399953 0.0378569 0.247824 0
0.0199464 0.0413905 0.248 0
0.023034 0.040513 0.247706 0
0.0258777 0.0399735 0.246649 0
0.0299724 0.0393077 0.246273 0
0.0333085 0.0396546 0.246226 0
0.0367892 0.0397128 0.246176 0
0.0404478 0.0401762 0.246925 0
0.0431961 0.0409937 0.247474 0
0.0556857 0.0413231 0.248 0
0.0162289 0.044169 0.247923 0
0.019318 0.0436541 0.247292 0
0.0222806 0.0430584 0.246609 0
0.0245257 0.0425932 0.246 0
0.0412965 0.0426467 0.246 0
0.0437549 0.0436761 0.246882 0
0.0457245 0.0442866 0.248 0
0.0545794 0.0438419 0.247421 0
0.0166484 0.0472501 0.248 0
0.0189435 0.0472045 0.246357 0
0.0441533 0.0468329 0.24632 0
0.0471152 0.0476696 0.247351 0
0.0508009 0.0476617 0.247 0
0.053507 0.0459888 0.246462 0
-0.000504916 0.0519839 0.248 0
0.00193276 0.051237 0.247464 0
0.00526057 0.0515417 0.247375 0
0.00884096 0.0520994 0.248 0
0.0126732 0.0518667 0.24736 0
0.0159132 0.0510518 0.247279 0
0.0188787 0.0508381 0.2462 0
0.0477591 0.0495414 0.246 0
0.0492725 0.0494523 0.246 0
0.00317443 0.0529626 0.247 0
0.00531953 0.0529627 0.247 0
0.00900469 0.0533044 0.2466 0
0.0116387 0.0532459 0.246308 0
0.015713 0.0530154 0.246 0
0.0183836 0.0530154 0.246 0
0.0303607 0.0310786 0.252 0
0.0333308 0.0307657 0.252 0
0.0368872 0.0307657 0.252 0
0.0398573 0.0308439 0.252 0
0.0423585 0.0313132 0.252 0
0.0174641 0.0345983 0.252 0
0.01955 0.034085 0.252 0
0.0228653 0.0339203 0.25181 0
0.0262903 0.0335291 0.251432 0
0.0297731 0.0333835 0.250311 0
0.0332578 0.0332077 0.250355 0
0.0367747 0.0333807 0.250636 0
0.0401943 0.0332874 0.251195 0
0.0430865 0.0333405 0.251762 0
0.0162465 0.037244 0.251742 0
0.0192865 0.036612 0.25081 0
0.0227555 0.0364988 0.250041 0
0.0259313 0.0360724 0.249444 0
0.0295822 0.0355388 0.249 0
0.0332044 0.0355388 0.249 0
0.0369403 0.0356919 0.249125 0
0.0405104 0.0361397 0.249621 0
0.0436224 0.0368032 0.250861 0
0.0550507 0.0377184 0.251429 0
0.0564142 0.0370807 0.251111 0
0.0126709 0.0407803 0.251692 0
0.0157218 0.040365 0.250429 0
0.0191276 0.0399518 0.249216 0
0.0216712 0.0391454 0.249 0
0.0441995 0.0396746 0.249667 0
0.0468901 0.040579 0.250967 0
0.0514169 0.041203 0.251909 0
0.054275 0.0402686 0.2502 0
0.0562257 0.0396272 0.2492 0
0.00964012 0.0438512 0.252 0
0.0121342 0.0437159 0.25045 0
0.0149447 0.0432448 0.249095 0
0.0177968 0.0423012 0.249 0
0.0453682 0.0425717 0.249 0
0.0474625 0.0436775 0.249867 0
0.0507056 0.0436708 0.251 0
0.0531013 0.0434271 0.249778 0
-0.00797748 0.0488334 0.252 0
-0.00524182 0.0488334 0.252 0
-0.00168546 0.0488057 0.251857 0
0.00203906 0.0482475 0.251625 0
0.00473523 0.0483421 0.251583 0
0.00957389 0.0476231 0.252 0
0.0122646 0.0473472 0.250842 0
0.0147994 0.0473542 0.249308 0
0.0477435 0.0460286 0.249167 0
0.0505099 0.0461974 0.2493 0
-0.0109867 0.0502023 0.252 0
-0.00839382 0.050358 0.251138 0
-0.00521592 0.0505013 0.250778 0
-0.00171738 0.0504341 0.25061 0
0.00172235 0.0497064 0.2502 0
0.00527035 0.0500218 0.249931 0
0.00877996 0.0503628 0.25041 0
0.0119575 0.0503166 0.250133 0
0.0145817 0.0498394 0.2495 0
0.0243157 0.0278078 0.255 0
0.0262535 0.0273329 0.255 0
0.0300488 0.0273172 0.254625 0
0.0331215 0.026712 0.2546 0
0.0367006 0.0269228 0.2545 0
0.0398977 0.0269781 0.254546 0
0.0436932 0.0275308 0.255 0
0.0461846 0.0275308 0.255 0
0.0168415 0.031132 0.255 0
0.0198376 0.030739 0.254923 0
0.0230107 0.0301577 0.254088 0
0.026233 0.0299248 0.253556 0
0.029637 0.0294967 0.25341 0
0.0332436 0.0290107 0.253417 0
0.0367688 0.0289719 0.253071 0
0.0405325 0.0292316 0.253286 0
0.0438353 0.0298084 0.2539 0
0.0465506 0.0295829 0.254619 0
0.0135197 0.0339021 0.255 0
0.0157454 0.033424 0.254263 0
0.0190519 0.0325385 0.253562 0
0.0225194 0.0324545 0.253118 0
0.0263222 0.0319871 0.253 0
0.0285194 0.0319871 0.253 0
0.0445406 0.0329033 0.253 0
0.0463468 0.0331117 0.254526 0
0.00952541 0.0379718 0.2548 0
0.0124894 0.0367015 0.254211 0
0.015129 0.0360947 0.253111 0
0.0450577 0.0358814 0.253333 0
0.0468472 0.0368337 0.254208 0
0.0492297 0.0383343 0.255 0
0.0543814 0.0374297 0.2545 0
0.0569807 0.0358412 0.255 0
0.00564415 0.0406701 0.254762 0
0.00884068 0.040355 0.253787 0
0.0118317 0.0393942 0.253111 0
0.0478697 0.0392425 0.253417 0
0.0507715 0.040104 0.253945 0
0.0529656 0.0390629 0.254333 0
0.00303997 0.0441911 0.255 0
0.00526422 0.0437232 0.254125 0
0.00786211 0.0435376 0.253043 0
-0.0119338 0.0485203 0.254667 0
-0.00837844 0.0479881 0.2542 0
-0.00527722 0.0477771 0.253667 0
-0.00158811 0.0477039 0.253867 0
0.00187582 0.0467136 0.254034 0
0.00529649 0.0468987 0.253387 0
0.00819525 0.0471033 0.253 0
-0.0148545 0.0505228 0.255 0
-0.0125668 0.0499451 0.253727 0
-0.00993169 0.0493021 0.253 0
0.0234787 0.0236485 0.259 0
0.0263781 0.0230252 0.258333 0
0.0298529 0.0227744 0.258289 0
0.0331608 0.0229588 0.258125 0
0.0367683 0.0234314 0.25832 0
0.0402453 0.0232746 0.258154 0
0.0434375 0.0234609 0.258727 0
0.0467902 0.0238026 0.258786 0
0.0497207 0.024305 0.259 0
0.0165434 0.0273999 0.259 0
0.0194611 0.0265211 0.258286 0
0.0228036 0.0263248 0.257273 0
0.0262743 0.0256447 0.256467 0
0.0295822 0.025694 0.256429 0
0.0334083 0.0250316 0.256 0
0.0368672 0.025142 0.256368 0
0.0404623 0.0253185 0.25645 0
0.0437229 0.0257702 0.2568 0
0.0472192 0.0261009 0.256861 0
0.0502726 0.0264524 0.258458 0
0.00920841 0.0305223 0.258737 0
0.0122834 0.029954 0.258133 0
0.0157274 0.0295839 0.257286 0
0.0190287 0.0292239 0.2565 0
0.0219377 0.0286952 0.256333 0
0.0481258 0.0301417 0.256 0
0.0505132 0.0296563 0.257895 0
-4.53168e-05 0.0349966 0.259 0
0.00223144 0.0342567 0.258611 0
0.00542123 0.0334439 0.25825 0
0.00856451 0.0332805 0.257795 0
0.0119726 0.0331216 0.256472 0
0.0152401 0.0318102 0.256 0
0.0480332 0.0332007 0.256 0
0.0503315 0.0336203 0.258 0
0.0582459 0.0342338 0.258154 0
0.059674 0.0328583 0.259 0
-0.0010522 0.0372042 0.258542 0
0.00191121 0.0367544 0.257528 0
0.00528545 0.0368926 0.256829 0
0.00846209 0.0365776 0.256343 0
0.0109326 0.0357036 0.256 0
0.0481999 0.0363154 0.256 0
0.0507524 0.0369407 0.257171 0
0.0540261 0.036451 0.2579 0
0.0570127 0.0354642 0.256571 0
-0.00154215 0.0403717 0.258128 0
0.00190417 0.0402532 0.256643 0
0.0045773 0.039755 0.256125 0
0.0071808 0.0390408 0.256 0
-0.00801163 0.044469 0.259 0
-0.00525591 0.0440378 0.258368 0
-0.00176006 0.0438033 0.257646 0
0.00162336 0.0436654 0.256241 0
0.00384591 0.042378 0.256 0
-0.0259687 0.0468699 0.259 0
-0.0228196 0.0482205 0.259 0
-0.0192756 0.0482857 0.2586 0
-0.0157079 0.0474662 0.257889 0
-0.0122102 0.0469044 0.257385 0
-0.00885801 0.0464357 0.257143 0
-0.00533196 0.0463309 0.256333 0
-0.00189021 0.0462985 0.256316 0
0.00106684 0.0457152 0.256 0
-0.0225175 0.0495785 0.25875 0
-0.0193628 0.0499745 0.257889 0
-0.0161002 0.0496948 0.256625 0
-0.0139402 0.0490524 0.256 0
0.023515 0.0205626 0.2615 0
0.0265285 0.0197108 0.261182 0
0.0297273 0.0194018 0.2612 0
0.0330353 0.0194666 0.26125 0
0.0366973 0.0200337 0.261632 0
0.0402477 0.0195076 0.261786 0
0.0435886 0.0195236 0.2618 0
0.0475662 0.0199188 0.262 0
0.0502966 0.0203173 0.262 0
0.0164506 0.0240173 0.262 0
0.019512 0.0235487 0.261259 0
0.0225328 0.0224192 0.260867 0
0.0257714 0.0213646 0.2602 0
0.0295908 0.0210095 0.26 0
0.0336684 0.0213565 0.2601 0
0.0368772 0.0215744 0.260368 0
0.0402333 0.0215341 0.260375 0
0.0439799 0.0217683 0.2603 0
0.0474079 0.0221704 0.260857 0
0.0506851 0.0227372 0.261108 0
0.0531684 0.023544 0.261667 0
0.00621142 0.0274327 0.262 0
0.00905236 0.0269303 0.261217 0
0.0121377 0.0264745 0.261 0
0.015569 0.0260962 0.260857 0
0.0185048 0.0252038 0.260364 0
0.0519579 0.0259995 0.260091 0
0.0539746 0.0263979 0.26124 0
0.00293736 0.0308184 0.26175 0
0.00548709 0.0298057 0.261243 0
0.00826606 0.0291538 0.26019 0
0.01068 0.0286355 0.26 0
0.0521706 0.0311775 0.26 0
0.0543249 0.0297768 0.261035 0
0.0576762 0.0303088 0.261818 0
0.0599936 0.0309305 0.2615 0
-0.00140002 0.0338441 0.261308 0
0.00169802 0.0327561 0.260583 0
0.0044705 0.0320248 0.26 0
0.0521707 0.0328722 0.26 0
0.0544036 0.0333215 0.260968 0
0.0575924 0.0330825 0.261097 0
0.0603047 0.0318645 0.261 0
-0.00800962 0.0378212 0.262 0
-0.00535078 0.0369022 0.261758 0
-0.00243509 0.0361449 0.260273 0
0.0544287 0.0351317 0.26 0
0.0566867 0.0351317 0.26 0
-0.0327542 0.0416635 0.262 0
-0.0298705 0.0416105 0.261667 0
-0.0276347 0.0416635 0.262 0
-0.0114227 0.0412366 0.262 0
-0.00871137 0.0403082 0.261222 0
-0.00541678 0.0402728 0.260381 0
-0.00315024 0.0390859 0.26 0
-0.0324084 0.0425775 0.2615 0
-0.0294641 0.0433103 0.260733 0
-0.0263519 0.0439549 0.261 0
-0.0231586 0.04483 0.261529 0
-0.0187833 0.0451347 0.2615 0
-0.015659 0.0447077 0.2615 0
-0.0121778 0.0438718 0.2611 0
-0.00920904 0.0433288 0.260286 0
-0.00653723 0.0427577 0.26 0
-0.0251657 0.046147 0.26 0
-0.0226719 0.0466242 0.260552 0
-0.019415 0.0465595 0.260615 0
-0.0161337 0.0461471 0.26 0
0.0276747 0.0139813 0.266 0
0.0298623 0.013433 0.265875 0
0.0328003 0.0137646 0.266 0
0.0366264 0.0139813 0.266 0
0.0400915 0.0139813 0.266 0
0.0440187 0.0136346 0.266 0
0.0470022 0.0133976 0.265889 0
0.050487 0.0139813 0.266 0
0.0236017 0.017427 0.265667 0
0.0266144 0.0164005 0.265042 0
0.0297154 0.0159363 0.264421 0
0.0332604 0.0159104 0.2645 0
0.0367137 0.015914 0.264556 0
0.0402466 0.0158818 0.264526 0
0.0437891 0.0159104 0.2645 0
0.0472249 0.0159073 0.264444 0
0.0506132 0.0159517 0.264618 0
0.0539115 0.0164916 0.265409 0
0.0167017 0.0209164 0.266 0
0.0195631 0.02015 0.265222 0
0.0226359 0.0193591 0.2645 0
0.0257902 0.0185211 0.263526 0
0.0299322 0.0178235 0.263 0
0.0337151 0.0180378 0.263 0
0.0367996 0.0184024 0.263111 0
0.0398535 0.0180378 0.263 0
0.0439933 0.0180378 0.263 0
0.0469786 0.0183613 0.263 0
0.050978 0.0188439 0.263 0
0.0544683 0.0193833 0.264812 0
0.00572354 0.0243657 0.2658 0
0.00904602 0.0237403 0.264875 0
0.0124129 0.0231743 0.264714 0
0.0157338 0.0227896 0.2643 0
0.0188126 0.0220045 0.263667 0
0.0216792 0.0212788 0.263333 0
0.0524872 0.0215376 0.263 0
0.0546493 0.0224456 0.263909 0
0.0570751 0.0232055 0.26575 0
-0.000393056 0.0275048 0.266 0
0.00218559 0.0268521 0.265417 0
0.00536867 0.02615 0.264344 0
0.00850112 0.0254208 0.263444 0
0.0122308 0.0246804 0.263 0
0.0148003 0.0246804 0.263 0
0.055485 0.0258232 0.263 0
0.0578767 0.0261972 0.264625 0
0.060998 0.0271959 0.26525 0
0.0634813 0.0275626 0.266 0
-0.00853028 0.0309488 0.2658 0
-0.00528718 0.0300815 0.265588 0
-0.00147135 0.0299727 0.265382 0
0.0017831 0.0294757 0.264032 0
0.00429669 0.028473 0.2632 0
0.0559132 0.0306801 0.263 0
0.0578704 0.0296591 0.263308 0
0.0609738 0.0294096 0.264071 0
0.0632427 0.0286104 0.265 0
-0.0195249 0.0345239 0.266 0
-0.0155905 0.0342726 0.265857 0
-0.0124296 0.0335372 0.265267 0
-0.00889094 0.0332668 0.264579 0
-0.0054869 0.0333452 0.263762 0
-0.00216214 0.0324058 0.263609 0
0.00109601 0.0315372 0.263 0
0.0573408 0.0318229 0.263 0
-0.043361 0.0379652 0.266 0
-0.0401846 0.0379652 0.266 0
-0.0370082 0.0379652 0.266 0
-0.0219925 0.0370983 0.266 0
-0.0193703 0.0367623 0.265667 0
-0.0158686 0.0366709 0.265 0
-0.01233 0.0366949 0.264421 0
-0.0091891 0.0364907 0.263188 0
-0.0065175 0.0357276 0.263 0
-0.0462486 0.039121 0.266 0
-0.0432898 0.0394395 0.265556 0
-0.0402608 0.0394891 0.2646 0
-0.0366308 0.0396237 0.264062 0
-0.0332149 0.0399956 0.264167 0
-0.0297226 0.040102 0.264474 0
-0.0262483 0.0407844 0.264774 0
-0.0227938 0.0404471 0.265238 0
-0.0193038 0.0403758 0.264762 0
-0.0158122 0.0402673 0.264048 0
-0.012627 0.0399497 0.263375 0
-0.0100387 0.0389655 0.263 0
-0.0254287 0.0426619 0.263143 0
-0.0224327 0.0434107 0.263542 0
-0.0192095 0.0436129 0.263467 0
-0.0157626 0.0430012 0.263222 0
-0.0134648 0.042394 0.263 0
0.0314911 0.00975569 0.269 0
0.0320751 0.00975569 0.269 0
0.0414197 0.00975569 0.269 0
0.0434639 0.00975569 0.269 0
0.0469681 0.00975569 0.269 0
0.0495963 0.00975569 0.269 0
0.0244826 0.0132624 0.269 0
0.0267112 0.0125521 0.268417 0
0.0297809 0.0115889 0.267769 0
0.0334891 0.0119748 0.267941 0
0.0369018 0.0120456 0.268 0
0.0402982 0.0121116 0.267941 0
0.0435596 0.0118232 0.267588 0
0.047287 0.0114438 0.2675 0
0.0507695 0.0121116 0.267941 0
0.0538209 0.012274 0.268708 0
0.0203943 0.016769 0.269 0
0.023239 0.0157987 0.268143 0
0.0257598 0.0149928 0.267444 0
0.0544493 0.0148723 0.267353 0
0.0574459 0.0156008 0.268482 0
0.059817 0.0164768 0.269 0
0.0139699 0.0202756 0.269 0
0.0162828 0.0197622 0.268182 0
0.0191908 0.0185373 0.267833 0
0.0220085 0.0178268 0.267333 0
0.0576892 0.0191537 0.267462 0
0.059817 0.0191068 0.269 0
0.00241894 0.0239423 0.268538 0
0.00567799 0.0233664 0.267947 0
0.00896973 0.022132 0.267917 0
0.0122555 0.0215306 0.268 0
0.0149075 0.02147 0.2675 0
0.0586215 0.0225124 0.267375 0
0.0608481 0.0229347 0.2685 0
0.0644893 0.0240745 0.269 0
0.0665335 0.0240745 0.269 0
-0.00703805 0.0275114 0.268333 0
-0.00477576 0.0271213 0.268083 0
-0.00150979 0.0263461 0.267774 0
0.00146216 0.0253249 0.2674 0
0.00401116 0.0250557 0.267 0
0.0616326 0.0255666 0.2675 0
0.0642278 0.0256149 0.267909 0
0.0665335 0.024659 0.269 0
-0.0251608 0.0307956 0.269 0
-0.0225326 0.0307956 0.269 0
-0.0199044 0.0307956 0.269 0
-0.0144465 0.0311162 0.268 0
-0.0119869 0.0307812 0.26825 0
-0.00887443 0.0294539 0.267741 0
-0.00497414 0.0285363 0.267 0
-0.00236551 0.0285363 0.267 0
-0.0257448 0.0329174 0.269 0
-0.0227593 0.0332301 0.268051 0
-0.0192742 0.0327852 0.268097 0
-0.0160064 0.0326782 0.267308 0
-0.0124303 0.0319598 0.267333 0
-0.0494568 0.0377505 0.269 0
-0.047063 0.037282 0.268091 0
-0.044287 0.0369706 0.268111 0
-0.0404867 0.0370861 0.268 0
-0.0365754 0.0372484 0.268125 0
-0.0332733 0.0376406 0.268087 0
-0.0296439 0.0375322 0.268217 0
-0.0262442 0.0367885 0.2685 0
-0.0237072 0.0365885 0.267273 0
-0.0496904 0.0386856 0.269 0
-0.0480511 0.0385418 0.268 0
-0.0320497 0.0385418 0.268 0
-0.0300131 0.0385418 0.268 0
-0.0264104 0.0390606 0.267286 0
0.0304775 0.00634197 0.273 0
0.0337058 0.0060396 0.27275 0
0.0369297 0.00573722 0.2725 0
0.0403381 0.00579009 0.272455 0
0.043733 0.00573723 0.2725 0
0.0469179 0.005807 0.272667 0
0.0509265 0.00604541 0.273 0
0.0538901 0.00604541 0.273 0
0.0239576 0.00990075 0.273 0
0.0264153 0.00884067 0.272375 0
0.0297009 0.00865841 0.271333 0
0.0333422 0.0085013 0.271 0
0.0366361 0.00862793 0.270333 0
0.0400744 0.00855946 0.270353 0
0.0437063 0.00804591 0.2705 0
0.047245 0.00804821 0.270583 0
0.0509444 0.00848224 0.271071 0
0.0541667 0.00866099 0.271412 0
0.0574568 0.00888339 0.272615 0
0.0598174 0.00990075 0.273 0
0.0199812 0.0130477 0.272667 0
0.0228133 0.0123627 0.27175 0
0.0257932 0.0112788 0.2705 0
0.0552031 0.0112585 0.27 0
0.0577852 0.0122429 0.270824 0
0.0610332 0.0124355 0.27225 0
0.0633737 0.0134596 0.273 0
0.00973216 0.0170183 0.273 0
0.0126958 0.0170183 0.273 0
0.0157941 0.016136 0.272429 0
0.0189351 0.0155734 0.271125 0
0.0217666 0.0148938 0.270333 0
0.0588669 0.0144849 0.27 0
0.0613853 0.0154997 0.271083 0
0.0638569 0.015999 0.272687 0
0.0695973 0.0173149 0.273 0
0.0707828 0.0173149 0.273 0
0.0052811 0.0202617 0.27275 0
0.00851446 0.0193165 0.272 0
0.0120332 0.0192765 0.271444 0
0.0152855 0.0185139 0.2706 0
0.0618802 0.0192786 0.270522 0
0.0648893 0.0194544 0.272429 0
0.0681243 0.0193822 0.272577 0
0.0707828 0.0179081 0.273 0
-0.0331086 0.024103 0.273 0
-0.0299803 0.024136 0.273 0
-0.026424 0.0241359 0.273 0
-0.0228676 0.0241359 0.273 0
-0.0193113 0.0241359 0.273 0
-0.015755 0.0241359 0.273 0
-0.0121986 0.024136 0.273 0
-0.00864227 0.0241359 0.273 0
-0.00508372 0.0241212 0.272833 0
-0.00127919 0.0233633 0.272083 0
0.00190365 0.0223893 0.271769 0
0.00524108 0.0219685 0.270667 0
0.0075735 0.0215243 0.27 0
0.0621489 0.0216906 0.27025 0
0.064827 0.0224946 0.270621 0
0.0672376 0.0220633 0.27125 0
-0.0358746 0.0262449 0.273 0
-0.0331364 0.0264238 0.272133 0
-0.0297973 0.0263452 0.271333 0
-0.0262732 0.026356 0.271444 0
-0.022728 0.0263452 0.271333 0
-0.0191934 0.0263452 0.271333 0
-0.0156769 0.0263783 0.271667 0
-0.0121639 0.0264315 0.272222 0
-0.00867998 0.0262817 0.271412 0
-0.00533823 0.0255072 0.270778 0
-0.00239576 0.0250749 0.270333 0
-0.0327515 0.0295086 0.272625 0
-0.0297561 0.0298411 0.270944 0
-0.0263095 0.0295022 0.27 0
-0.0226164 0.0291503 0.27 0
-0.0189276 0.0295093 0.270067 0
-0.0157081 0.0297438 0.270706 0
-0.0122447 0.0292039 0.271 0
-0.0100128 0.0285637 0.27 0
-0.0534927 0.0349803 0.272 0
-0.0508352 0.0349803 0.272 0
-0.0472918 0.0349803 0.272 0
-0.0439884 0.0349374 0.271667 0
-0.0416816 0.0349803 0.272 0
-0.0328243 0.0337452 0.272454 0
-0.0297324 0.0333446 0.270722 0
-0.0272474 0.0334912 0.27 0
-0.0602093 0.0365918 0.273 0
-0.0574664 0.0362187 0.272636 0
-0.0543907 0.0365806 0.271467 0
-0.0508667 0.0364084 0.271161 0
-0.0472582 0.0359518 0.270769 0
-0.0435 0.0359059 0.270714 0
-0.0401416 0.0358113 0.271417 0
-0.0367846 0.0358819 0.271727 0
-0.0332924 0.0360286 0.271 0
-0.0297505 0.0359117 0.270118 0
-0.0275991 0.0353097 0.27 0
0.0269174 0.00281376 0.276 0
0.02972 0.00226585 0.275727 0
0.032897 0.00241287 0.275889 0
0.0369603 0.00263807 0.275571 0
0.0403271 0.00220902 0.2755 0
0.0436961 0.00251394 0.276 0
0.0472915 0.00281377 0.276 0
0.0509893 0.0026613 0.27575 0
0.0542292 0.00215497 0.275545 0
0.0574556 0.00232997 0.2756 0
0.0601751 0.00281376 0.276 0
0.0236464 0.00616251 0.2756 0
0.0262941 0.00525269 0.274722 0
0.0296153 0.00484065 0.274429 0
0.0330409 0.00446895 0.2746 0
0.0366032 0.00399125 0.2745 0
0.0401577 0.00398883 0.274333 0
0.0438363 0.00399852 0.275 0
0.047673 0.00429254 0.27475 0
0.050651 0.00446604 0.2744 0
0.0545065 0.00451476 0.274111 0
0.0576767 0.00511035 0.274625 0
0.0611415 0.00535411 0.275625 0
0.0637705 0.00641167 0.276 0
0.0164308 0.00940992 0.276 0
0.0194027 0.00939782 0.275667 0
0.0227782 0.0086239 0.274875 0
0.0252352 0.00755582 0.274 0
0.0589954 0.00785347 0.274 0
0.0615044 0.0086875 0.274857 0
0.064531 0.00920399 0.275833 0
0.00886695 0.013108 0.2756 0
0.0123883 0.0127297 0.275571 0
0.0157732 0.0123613 0.275 0
0.0189123 0.0119349 0.274333 0
0.0216658 0.0111276 0.274 0
0.0621186 0.0111276 0.274 0
0.0648545 0.0122071 0.274875 0
0.0677745 0.0132531 0.276 0
0.0715606 0.0139073 0.276 0
-0.00091991 0.016415 0.276 0
0.00171294 0.0164324 0.275765 0
0.00520538 0.0163137 0.275429 0
0.00844443 0.0157686 0.2745 0
0.0119965 0.0155729 0.274429 0
0.0151218 0.0146995 0.274 0
0.0656208 0.0157009 0.274429 0
0.0682278 0.0159462 0.275 0
0.0713559 0.01543 0.275 0
-0.035703 0.0205035 0.276 0
-0.033306 0.0205035 0.276 0
-0.0297106 0.0205035 0.276 0
-0.0261151 0.0201437 0.276 0
-0.0225197 0.0199038 0.276 0
-0.0192239 0.0205035 0.276 0
-0.0159281 0.0205035 0.276 0
-0.0123327 0.0199895 0.276 0
-0.00873723 0.0205035 0.276 0
-0.0048089 0.0197706 0.276 0
-0.00146211 0.0190721 0.275556 0
0.0017599 0.0193258 0.274788 0
0.00477715 0.0187742 0.2744 0
0.0656879 0.0179737 0.274 0
0.0677701 0.0179737 0.274 0
-0.0434517 0.0236028 0.275909 0
-0.040291 0.0229082 0.275321 0
-0.0367102 0.0227151 0.275125 0
-0.0331612 0.0222033 0.2748 0
-0.0295814 0.0222033 0.2748 0
-0.0261132 0.0221439 0.274857 0
-0.0227822 0.0222233 0.274786 0
-0.019384 0.0222412 0.274759 0
-0.0158588 0.0222033 0.2748 0
-0.012279 0.0222033 0.2748 0
-0.00869925 0.0222033 0.2748 0
-0.00511946 0.0222033 0.2748 0
-0.00197835 0.0217757 0.274706 0
-0.04589 0.0256005 0.276 0
-0.0437408 0.0261691 0.275667 0
-0.0402535 0.0260421 0.274333 0
-0.0371506 0.0258066 0.274 0
-0.0345519 0.024522 0.274 0
-0.0431934 0.0297981 0.276 0
-0.0403841 0.0297148 0.275222 0
-0.0367535 0.0296876 0.274571 0
-0.0341553 0.0302767 0.274 0
-0.0642405 0.0343303 0.2758 0
-0.0613588 0.0339329 0.2755 0
-0.0578389 0.0338385 0.275182 0
-0.0542424 0.0339164 0.275 0
-0.0505737 0.0340403 0.2754 0
-0.0469814 0.0335812 0.275083 0
-0.043835 0.0333353 0.274941 0
-0.0403422 0.0332656 0.274944 0
-0.036716 0.0332264 0.274611 0
-0.03406 0.0328304 0.274143 0
-0.0644088 0.0357621 0.27575 0
-0.0611377 0.0356 0.2745 0
-0.0589426 0.0355351 0.274 0
0.030651 -0.00353304 0.28 0
0.0330828 -0.00353304 0.28 0
0.0403778 -0.00353304 0.28 0
0.0437214 -0.00353304 0.28 0
0.047065 -0.00353304 0.28 0
0.0507125 -0.00353304 0.28 0
0.0543601 -0.00353304 0.28 0
0.0573996 -0.00353304 0.28 0
0.0230521 -0.000795508 0.28 0
0.0265446 -0.000967289 0.279286 0
0.0299894 -0.00151721 0.279077 0
0.0331978 -0.0017503 0.279 0
0.0366647 -0.00140243 0.2795 0
0.0402048 -0.00170287 0.2788 0
0.0437778 -0.00166074 0.278759 0
0.0471301 -0.0017503 0.279 0
0.0506629 -0.00164652 0.279 0
0.054246 -0.00176809 0.278857 0
0.0575266 -0.00158564 0.278692 0
0.0610663 -0.0014576 0.279454 0
0.0646947 -0.000795508 0.28 0
0.0671265 -0.000795508 0.28 0
0.0165169 0.00255037 0.28 0
0.0191852 0.00210144 0.279539 0
0.0226469 0.00162902 0.278778 0
0.0259819 0.00138067 0.277533 0
0.0295511 0.000589258 0.277429 0
0.0336716 0.000818381 0.277333 0
0.0368616 0.00096446 0.277454 0
0.0402459 0.000416664 0.277 0
0.0438544 0.000817879 0.277 0
0.0472055 0.00101886 0.27725 0
0.050683 0.000964186 0.277273 0
0.054379 0.000416664 0.277 0
0.0582882 0.000717575 0.277 0
0.0616223 0.00143741 0.277846 0
0.0646588 0.00162754 0.278533 0
0.0676138 0.00163349 0.2795 0
0.00268666 0.00650459 0.28 0
0.00511835 0.00650459 0.28 0
0.00876588 0.00650459 0.28 0
0.012787 0.0056787 0.279333 0
0.015873 0.00532496 0.278294 0
0.0191567 0.00517283 0.278063 0
0.0222425 0.00498153 0.2775 0
0.0246093 0.00402761 0.277 0
0.0624981 0.00402761 0.277 0
0.0649714 0.00497779 0.277286 0
0.068338 0.00526254 0.278733 0
-0.0010622 0.00995185 0.28 0
0.00185813 0.00900994 0.279571 0
0.00509707 0.00890104 0.278889 0
0.00872414 0.00889394 0.278667 0
0.0123238 0.00887217 0.278 0
0.0154077 0.00836073 0.277 0
0.0191966 0.00763854 0.277 0
0.0210008 0.00763854 0.277 0
0.0656555 0.00793946 0.277 0
0.0682438 0.00878689 0.278 0
0.0713025 0.00962802 0.279857 0
-0.0252778 0.0135005 0.28 0
-0.0228375 0.0128868 0.279889 0
-0.0191848 0.0122742 0.2798 0
-0.0156237 0.0128422 0.279706 0
-0.0127496 0.0131307 0.2799 0
-0.00840792 0.0130442 0.28 0
-0.00510464 0.0123404 0.279821 0
-0.00156592 0.0122517 0.2793 0
0.001804 0.0124495 0.278138 0
0.00507115 0.0124717 0.277444 0
0.00837126 0.0115504 0.277 0
0.011679 0.0112495 0.277 0
0.0687623 0.0120582 0.277294 0
0.0717765 0.0121934 0.278 0
0.0736763 0.0116053 0.278333 0
-0.0435154 0.0171506 0.28 0
-0.0400877 0.0166116 0.279714 0
-0.0367915 0.0165252 0.279722 0
-0.0331616 0.016532 0.279833 0
-0.0295791 0.0163381 0.279588 0
-0.0262355 0.0158253 0.2792 0
-0.0227425 0.0155564 0.278722 0
-0.0190957 0.0155444 0.2785 0
-0.01577 0.0155444 0.2785 0
-0.0124504 0.0155514 0.278639 0
-0.00882869 0.0155656 0.278889 0
-0.00518448 0.0155285 0.278222 0
-0.00183317 0.0150479 0.2776 0
0.00164659 0.0147829 0.277091 0
0.0044621 0.0148604 0.277 0
-0.0529382 0.0204965 0.28 0
-0.0503399 0.0203382 0.279917 0
-0.0470475 0.0197265 0.279571 0
-0.0437666 0.0193281 0.278813 0
-0.0402276 0.0191585 0.278278 0
-0.0366699 0.019015 0.278182 0
-0.0332089 0.0188091 0.278269 0
-0.0298263 0.0188497 0.277552 0
-0.0262316 0.0186481 0.277231 0
-0.0226285 0.0181916 0.277333 0
-0.01924 0.0187406 0.277231 0
-0.015952 0.0188339 0.27731 0
-0.0123895 0.0184613 0.277273 0
-0.00877522 0.018785 0.2772 0
-0.00549821 0.0183148 0.277167 0
-0.00305551 0.0175686 0.277 0
-0.0535462 0.0229298 0.28 0
-0.050859 0.0227899 0.279219 0
-0.0473215 0.0228255 0.277882 0
-0.0438983 0.0220688 0.277182 0
-0.0400422 0.0211796 0.277 0
-0.0373358 0.0211796 0.277 0
-0.0534356 0.0266075 0.28 0
-0.0508195 0.0262917 0.278741 0
-0.0476527 0.0264935 0.277286 0
-0.0772551 0.0311424 0.28 0
-0.0754314 0.0311424 0.28 0
-0.0718304 0.0310312 0.279 0
-0.0679881 0.0305733 0.279571 0
-0.0648137 0.0304656 0.279706 0
-0.0612008 0.0304599 0.279333 0
-0.0575859 0.0301936 0.2794 0
-0.0542339 0.0296806 0.279273 0
-0.0508934 0.0295621 0.278428 0
-0.0472398 0.0298489 0.277294 0
-0.0448534 0.029906 0.277 0
-0.0772551 0.0320549 0.28 0
-0.0750578 0.0324905 0.279111 0
-0.0715676 0.0327986 0.2779 0
-0.0682723 0.0330249 0.277647 0
-0.0650469 0.0326706 0.277692 0
-0.061165 0.0320502 0.277333 0
-0.0577488 0.0320173 0.277375 0
-0.054191 0.0321055 0.27755 0
-0.0507742 0.0324204 0.277789 0
-0.0480158 0.0321554 0.2772 0
-0.0683084 0.0350215 0.277 0
-0.0662034 0.0350215 0.277 0
0.0334372 -0.00726005 0.283 0
0.035895 -0.00726005 0.283 0
0.0484909 -0.00726005 0.283 0
0.0491053 -0.00726005 0.283 0
0.0208413 -0.0035709 0.283 0
0.0231964 -0.0039335 0.2825 0
0.0262733 -0.00469463 0.28248 0
0.0295571 -0.00487288 0.282 0
0.0332955 -0.00539468 0.2818 0
0.0366777 -0.00487221 0.281929 0
0.0401013 -0.00509746 0.282333 0
0.0438051 -0.0051001 0.2825 0
0.0474165 -0.00515035 0.28188 0
0.0507776 -0.00509781 0.281609 0
0.0542742 -0.00514767 0.282 0
0.0577526 -0.00497246 0.282043 0
0.0610883 -0.0043614 0.282588 0
0.0642471 -0.00379358 0.282375 0
0.0675384 -0.0035709 0.283 0
0.0161306 -0.00100898 0.283 0
0.0193272 -0.00147844 0.28244 0
0.0227126 -0.00217638 0.28145 0
0.0262159 -0.00232811 0.281333 0
0.0289303 -0.00293515 0.281 0
0.0368615 -0.00293515 0.281 0
0.0591299 -0.00293515 0.281 0
0.0610916 -0.00294141 0.2816 0
0.0648117 -0.00232869 0.281389 0
0.068562 -0.00178728 0.282158 0
0.0706491 -0.00121059 0.282333 0
-4.9516e-05 0.00288513 0.283 0
0.00205438 0.00253087 0.282714 0
0.00516405 0.00226517 0.2825 0
0.00855259 0.0025777 0.283 0
0.0126977 0.00226357 0.2823 0
0.0153465 0.0012704 0.281923 0
0.0188763 0.000422982 0.2812 0
0.0695839 0.00164421 0.281333 0
0.0710062 0.00195663 0.282125 0
-0.0181754 0.00657428 0.283 0
-0.0157176 0.00657428 0.283 0
-0.00803718 0.00657428 0.283 0
-0.00527222 0.00657428 0.283 0
-0.00127787 0.00560174 0.282714 0
0.00164403 0.0051318 0.281769 0
0.00513663 0.00469628 0.281 0
0.00881284 0.00470355 0.2815 0
0.0116576 0.00449762 0.281333 0
0.0719439 0.00552918 0.282 0
0.0749896 0.00588594 0.282778 0
-0.0290462 0.00919114 0.282769 0
-0.0260618 0.00881814 0.282313 0
-0.0227353 0.00870648 0.2824 0
-0.0193285 0.00899584 0.281889 0
-0.0157584 0.00882013 0.282375 0
-0.0123295 0.00871925 0.2828 0
-0.00888906 0.00876336 0.282323 0
-0.00524251 0.00898085 0.281389 0
-0.00183082 0.00846801 0.28125 0
0.000560927 0.00774885 0.281 0
0.0723755 0.00837315 0.2815 0
0.0746716 0.00873671 0.2814 0
-0.04306 0.0136452 0.283 0
-0.0398603 0.0127415 0.28275 0
-0.0366389 0.0123647 0.282828 0
-0.0332639 0.0124481 0.282692 0
-0.029705 0.0121091 0.282029 0
-0.0263648 0.0119715 0.281148 0
-0.0228616 0.0111536 0.281294 0
-0.0154674 0.0111923 0.28125 0
-0.0120871 0.0115517 0.281238 0
-0.00920769 0.0115395 0.281217 0
-0.00676019 0.0114119 0.281 0
-0.0531982 0.0173343 0.283 0
-0.0503387 0.0167898 0.282714 0
-0.0469154 0.0163518 0.282263 0
-0.0436619 0.015669 0.282 0
-0.0404213 0.014931 0.2815 0
-0.0369085 0.0148205 0.281294 0
-0.0333388 0.0147866 0.281333 0
-0.0298497 0.0147411 0.281188 0
-0.0268933 0.0141592 0.281 0
-0.0568979 0.0201028 0.282556 0
-0.0541031 0.0195669 0.281808 0
-0.0508873 0.0187463 0.2816 0
-0.0477229 0.0183334 0.281182 0
-0.0451961 0.0178223 0.281 0
-0.059957 0.0234829 0.283 0
-0.057651 0.022734 0.282231 0
-0.0552626 0.0227064 0.281 0
-0.0679446 0.0277869 0.283 0
-0.064336 0.0273984 0.2828 0
-0.0610148 0.0264562 0.28272 0
-0.0577205 0.0262177 0.281758 0
-0.0549576 0.0259116 0.281 0
-0.0808478 0.0314761 0.283 0
-0.0783762 0.0303437 0.282235 0
-0.0751186 0.0297472 0.281727 0
-0.071712 0.0298299 0.281455 0
-0.0683767 0.0291627 0.282111 0
-0.0647485 0.0288362 0.281625 0
-0.0613377 0.028877 0.281294 0
-0.0582127 0.0286841 0.28125 0
-0.0552626 0.0282011 0.281 0
-0.0787512 0.0321694 0.281 0
0.0335983 -0.011104 0.287 0
0.0360908 -0.011104 0.287 0
0.0448144 -0.011104 0.287 0
0.0473069 -0.011104 0.287 0
0.0507341 -0.011104 0.287 0
0.0136584 -0.00736267 0.287 0
0.0158394 -0.00736267 0.287 0
0.0192665 -0.00736267 0.287 0
0.0230039 -0.00788248 0.286429 0
0.0265497 -0.00823755 0.285818 0
0.0297703 -0.00851924 0.285462 0
0.0331561 -0.00914265 0.285414 0
0.0368227 -0.00887548 0.285433 0
0.0402636 -0.00850901 0.285154 0
0.0437719 -0.00877793 0.285406 0
0.0471705 -0.00883846 0.285469 0
0.0507382 -0.00896932 0.285697 0
0.0541404 -0.00854672 0.285555 0
0.0574996 -0.00853045 0.285846 0
0.0609647 -0.00792641 0.286538 0
0.0647543 -0.00736267 0.287 0
0.0666237 -0.00736267 0.287 0
0.00213071 -0.00362137 0.287 0
0.00488564 -0.00415224 0.286714 0
0.00902954 -0.00388861 0.287 0
0.0122337 -0.00485921 0.286379 0
0.0157579 -0.00515696 0.285528 0
0.0193676 -0.00515183 0.285265 0
0.0225693 -0.00567517 0.284727 0
0.0256988 -0.00630784 0.2844 0
0.0298557 -0.00666867 0.284 0
0.0375633 -0.00666867 0.284 0
0.0403381 -0.00666867 0.284 0
0.0437294 -0.00666867 0.284 0
0.0468124 -0.00666867 0.284 0
0.0511287 -0.00666867 0.284 0
0.0542117 -0.00666867 0.284 0
0.0576721 -0.0066765 0.284333 0
0.0614002 -0.00612158 0.285 0
0.0648025 -0.00556037 0.28524 0
0.0681838 -0.0050301 0.285952 0
0.0709591 -0.00398793 0.2864 0
-0.00441206 -0.000815395 0.287 0
-0.00146435 -0.00138097 0.286546 0
0.00186348 -0.00169423 0.285917 0
0.00521793 -0.00174226 0.2854 0
0.00877292 -0.00167625 0.285741 0
0.0121338 -0.00180718 0.285214 0
0.015334 -0.00221291 0.284056 0
0.0190651 -0.00296648 0.284 0
0.0693186 -0.00296648 0.284 0
0.0721878 -0.00181173 0.286 0
-0.0255981 0.0029259 0.287 0
-0.0227941 0.0029259 0.287 0
-0.0193669 0.0029259 0.287 0
-0.0158949 0.00229458 0.286167 0
-0.0121464 0.00202387 0.285714 0
-0.00875861 0.00229726 0.2865 0
-0.0052391 0.00174564 0.286059 0
-0.00168764 0.00159109 0.284765 0
0.00157046 0.000890531 0.284375 0
0.00519147 0.000427193 0.284 0
0.00915114 0.00092142 0.2844 0
0.0117819 0.000839049 0.284333 0
0.0726886 0.00141505 0.2844 0
0.0753163 0.00228997 0.2857 0
0.0774768 0.00249661 0.285667 0
-0.0393068 0.00666721 0.287 0
-0.0364746 0.00629761 0.286429 0
-0.033329 0.00603204 0.2865 0
-0.0297453 0.00532174 0.286063 0
-0.0262956 0.00545938 0.285412 0
-0.0226353 0.00537944 0.285 0
-0.0193649 0.0051869 0.284846 0
-0.0157924 0.00475126 0.284333 0
-0.0120777 0.00536507 0.284111 0
-0.00884908 0.00506099 0.284417 0
-0.00530363 0.00475683 0.284667 0
-0.00267303 0.00444154 0.28425 0
0.0733265 0.00412939 0.284 0
0.0751764 0.00412939 0.284 0
-0.0464727 0.0100967 0.287 0
-0.0435585 0.00954716 0.286571 0
-0.0402488 0.00874203 0.285815 0
-0.0367569 0.00885267 0.285 0
-0.0332963 0.00871028 0.284741 0
-0.0304278 0.00846917 0.284 0
-0.0533524 0.0134542 0.2868 0
-0.0505591 0.0127543 0.286435 0
-0.0472071 0.0124471 0.285786 0
-0.0438701 0.0119466 0.285067 0
-0.0407314 0.0113763 0.284231 0
-0.0367378 0.0106082 0.284 0
-0.0333465 0.0106082 0.284 0
-0.0314966 0.0106082 0.284 0
-0.0648547 0.0169558 0.287 0
-0.0612718 0.0167999 0.287 0
-0.0574492 0.0163579 0.286733 0
-0.0543173 0.015943 0.285654 0
-0.0510306 0.0152791 0.284526 0
-0.0476437 0.0148609 0.284429 0
-0.0447537 0.0143104 0.284 0
-0.0710859 0.0195836 0.287 0
-0.0684113 0.0193676 0.286815 0
-0.0648941 0.0191829 0.286424 0
-0.0613743 0.0189909 0.286091 0
-0.0581675 0.0187614 0.285182 0
-0.0552135 0.0183955 0.2842 0
-0.0746377 0.0240643 0.287 0
-0.0716158 0.0229817 0.286893 0
-0.0684029 0.0228151 0.2862 0
-0.0648746 0.0227162 0.285514 0
-0.0615025 0.0225199 0.28452 0
-0.0589356 0.0210978 0.284 0
-0.081679 0.0272444 0.287 0
-0.0785294 0.0269588 0.28624 0
-0.0751053 0.0264325 0.285548 0
-0.0717765 0.0264783 0.285394 0
-0.0683321 0.0262631 0.285071 0
-0.0651008 0.0259086 0.284571 0
-0.062327 0.0252628 0.284 0
-0.0910258 0.0303621 0.287 0
-0.0889865 0.0295118 0.287 0
-0.0857698 0.0293107 0.286556 0
-0.082338 0.0296252 0.285452 0
-0.0791322 0.0290435 0.284364 0
-0.0752757 0.0285021 0.284 0
-0.0718844 0.0285021 0.284 0
-0.0697263 0.0285021 0.284 0
-0.0829833 0.0315873 0.284 0
0.0226161 -0.010905 0.29 0
0.0260325 -0.0108862 0.2895 0
0.029905 -0.0114432 0.289091 0
0.0333757 -0.0124676 0.289 0
0.0369986 -0.0125219 0.289231 0
0.0404708 -0.0117549 0.288714 0
0.0435911 -0.0123914 0.288929 0
0.047241 -0.0127301 0.2885 0
0.0508328 -0.0126669 0.288364 0
0.0543288 -0.0121261 0.289 0
0.057697 -0.0115008 0.2891 0
0.0609825 -0.0108975 0.2898 0
0.0651164 -0.010905 0.29 0
0.0670052 -0.010905 0.29 0
0.00215298 -0.00743963 0.29 0
0.00530115 -0.00743963 0.29 0
0.00909873 -0.00794814 0.289727 0
0.01237 -0.0084854 0.289174 0
0.0156631 -0.00900034 0.2895 0
0.0190856 -0.00898516 0.289 0
0.0225194 -0.00929043 0.28875 0
0.0258992 -0.00957835 0.288 0
0.0593523 -0.00957835 0.288 0
0.0616138 -0.00939749 0.288833 0
0.0646267 -0.00891085 0.288455 0
0.0681436 -0.00865361 0.289364 0
0.0710369 -0.00790576 0.28975 0
-0.0110693 -0.00365922 0.29 0
-0.00852218 -0.00417473 0.29 0
-0.00528377 -0.00484619 0.289607 0
-0.00162071 -0.00490838 0.289233 0
0.00183071 -0.0054045 0.28888 0
0.00551191 -0.00587629 0.289091 0
0.00860855 -0.00560343 0.288478 0
0.0114781 -0.00649779 0.288143 0
0.06902 -0.00645756 0.288333 0
0.0716689 -0.00561225 0.289125 0
0.0739312 -0.00365922 0.29 0
-0.0255509 -0.000823917 0.29 0
-0.0227176 -0.000823917 0.29 0
-0.0192546 -0.000823916 0.29 0
-0.0157916 -0.000823917 0.29 0
-0.0122121 -0.00157384 0.289538 0
-0.00884448 -0.00176593 0.28928 0
-0.00561098 -0.00199631 0.288542 0
-0.00200581 -0.00277492 0.288125 0
0.000574901 -0.00300826 0.288 0
0.0733626 -0.00207686 0.289 0
0.075133 -0.00157051 0.289625 0
0.0783387 -0.000823917 0.29 0
-0.039088 0.00295649 0.29 0
-0.0365282 0.00253305 0.289667 0
-0.0331972 0.00226451 0.289545 0
-0.0295902 0.00185602 0.289067 0
-0.0263834 0.00130142 0.288769 0
-0.022767 0.0011165 0.288455 0
-0.0193001 0.00100287 0.288545 0
-0.0156945 0.000433511 0.2882 0
-0.0122436 0.00043321 0.288 0
-0.00880448 0.00043321 0.288 0
-0.0069286 0.00043321 0.288 0
0.0752973 0.00043321 0.288 0
0.0784335 0.000792055 0.288857 0
0.0805424 0.000436219 0.29 0
-0.0466436 0.00642186 0.29 0
-0.0432756 0.00594008 0.289583 0
-0.0401035 0.0051426 0.289 0
-0.0369861 0.00460954 0.288333 0
-0.0331908 0.00418755 0.288 0
-0.0567178 0.0102023 0.29 0
-0.0537387 0.00977442 0.289778 0
-0.0506163 0.00900375 0.289391 0
-0.047253 0.00862963 0.288643 0
-0.043932 0.00778059 0.2885 0
-0.041007 0.0070033 0.288 0
-0.0711994 0.0139827 0.29 0
-0.0678746 0.0135061 0.289917 0
-0.064615 0.0133014 0.289706 0
-0.0611638 0.0133739 0.289625 0
-0.0576201 0.0125503 0.289423 0
-0.0544701 0.0120785 0.288593 0
-0.0511557 0.0111831 0.288222 0
-0.0481978 0.0107576 0.288 0
-0.0774957 0.017133 0.29 0
-0.0748731 0.0163776 0.289818 0
-0.0717129 0.0158681 0.288714 0
-0.0682079 0.0157242 0.288593 0
-0.0646872 0.0155213 0.288273 0
-0.061357 0.0155861 0.288261 0
-0.058201 0.0151012 0.288231 0
-0.0553887 0.014512 0.288 0
-0.0781962 0.0199632 0.289929 0
-0.0753562 0.0192726 0.289033 0
-0.0723635 0.0187448 0.288 0
-0.0682072 0.0176406 0.288 0
-0.0816333 0.0233887 0.29 0
-0.0786877 0.0226695 0.289348 0
-0.075469 0.0225812 0.288217 0
-0.0728969 0.0213949 0.288 0
-0.0923807 0.0269484 0.289571 0
-0.0891495 0.0261753 0.289 0
-0.0856985 0.0261757 0.289 0
-0.0824386 0.0258404 0.28875 0
-0.0790919 0.0250593 0.288167 0
-0.0922094 0.0288216 0.28875 0
-0.0907177 0.0289036 0.288 0
0.0226089 -0.0177624 0.294 0
0.0337794 -0.0177624 0.294 0
0.0363327 -0.0177624 0.294 0
0.0414393 -0.0177624 0.294 0
0.0436734 -0.0177624 0.294 0
0.0459075 -0.0177624 0.294 0
0.0506949 -0.0177624 0.294 0
0.0200912 -0.0151232 0.2936 0
0.0227016 -0.0158021 0.293615 0
0.0262447 -0.015441 0.293455 0
0.02971 -0.0155526 0.293364 0
0.0332921 -0.0156116 0.292222 0
0.036633 -0.0157586 0.29232 0
0.0403326 -0.01552 0.29264 0
0.0437712 -0.0157228 0.292071 0
0.0472762 -0.015557 0.292174 0
0.050796 -0.0157385 0.292357 0
0.0543826 -0.0155042 0.292455 0
0.0578381 -0.0154761 0.293 0
0.0609705 -0.0154276 0.293444 0
0.0647379 -0.0148879 0.294 0
0.0676103 -0.0148879 0.294 0
-0.00451967 -0.0110554 0.294 0
-0.00164724 -0.0110554 0.294 0
0.00186351 -0.0110554 0.294 0
0.00536673 -0.0110429 0.293667 0
0.00910118 -0.0115063 0.29325 0
0.0124655 -0.0117943 0.292769 0
0.015842 -0.0122864 0.2928 0
0.0192989 -0.0122617 0.292222 0
0.0227331 -0.0128625 0.2915 0
0.026214 -0.0128625 0.2915 0
0.0294831 -0.013284 0.2915 0
0.0318552 -0.0134715 0.291 0
0.0397528 -0.0134716 0.291 0
0.0577592 -0.0134716 0.291 0
0.0614249 -0.0128801 0.2919 0
0.0646312 -0.0125474 0.292077 0
0.0683922 -0.0124595 0.292308 0
0.0716296 -0.011985 0.29325 0
0.0749356 -0.0115204 0.293625 0
0.0775042 -0.0110554 0.294 0
-0.0185627 -0.00754224 0.294 0
-0.0152853 -0.00777857 0.293875 0
-0.0121504 -0.00816132 0.293267 0
-0.00864515 -0.00879794 0.2932 0
-0.00512974 -0.00877326 0.29236 0
-0.00163715 -0.00876793 0.2922 0
0.00179155 -0.00901054 0.292238 0
0.00533089 -0.00906805 0.291667 0
0.00854023 -0.00933585 0.291571 0
0.0113216 -0.00967812 0.291 0
0.0694476 -0.00967812 0.291 0
0.0721202 -0.00917285 0.291316 0
0.0754552 -0.008768 0.29224 0
0.07874 -0.0086185 0.293333 0
-0.0361165 -0.00370969 0.294 0
-0.0328656 -0.00422887 0.293727 0
-0.0296995 -0.00434425 0.293667 0
-0.0261928 -0.00434425 0.293667 0
-0.022752 -0.00437635 0.293294 0
-0.0191468 -0.0051293 0.293173 0
-0.0158868 -0.00533958 0.292871 0
-0.0124266 -0.00531286 0.291606 0
-0.00881807 -0.00591982 0.291273 0
-0.00510536 -0.00683304 0.291 0
-0.00163043 -0.00683304 0.291 0
0.000580889 -0.00683304 0.291 0
0.0732385 -0.0062008 0.291 0
0.0752295 -0.00536786 0.291107 0
0.0785369 -0.00527053 0.2919 0
0.0815747 -0.00468557 0.293538 0
0.0842066 -0.00370969 0.294 0
-0.0469679 -0.000835281 0.294 0
-0.0437763 -0.000835281 0.294 0
-0.0399537 -0.00119947 0.293714 0
-0.0366644 -0.00176489 0.293077 0
-0.0332141 -0.00171536 0.292481 0
-0.0297588 -0.00183134 0.291846 0
-0.0265304 -0.00208527 0.292048 0
-0.0228329 -0.00241223 0.291467 0
-0.0193431 -0.00241084 0.291333 0
-0.0158642 -0.00241084 0.291333 0
-0.0130029 -0.0030396 0.291 0
0.0760184 -0.00266026 0.291 0
0.0787496 -0.00220956 0.29121 0
0.082115 -0.00196702 0.292286 0
0.0842066 -0.00307094 0.294 0
-0.0565426 0.00299727 0.294 0
-0.0540466 0.00251693 0.293875 0
-0.0506331 0.00179096 0.293588 0
-0.0471798 0.00171441 0.293333 0
-0.043817 0.00163152 0.292938 0
-0.0403635 0.00162163 0.291933 0
-0.0370033 0.000799432 0.291286 0
-0.0332207 0.000437723 0.291 0
-0.0310094 0.000437723 0.291 0
-0.0610108 0.00651044 0.294 0
-0.0577533 0.00517708 0.293379 0
-0.0541122 0.00525462 0.292538 0
-0.0508111 0.0051996 0.29224 0
-0.0472923 0.0049917 0.291461 0
-0.04396 0.0045966 0.291286 0
-0.0414341 0.00423117 0.291 0
-0.0708251 0.0103313 0.293667 0
-0.0678268 0.00934406 0.293353 0
-0.0647281 0.00899608 0.293241 0
-0.0611431 0.0088199 0.293 0
-0.0577845 0.00850427 0.291852 0
-0.0545403 0.00811996 0.291364 0
-0.0513171 0.00750044 0.291111 0
-0.048384 0.00707625 0.291 0
-0.078512 0.0135276 0.2938 0
-0.0747933 0.0129729 0.293091 0
-0.0716639 0.0123077 0.292565 0
-0.0685166 0.0118675 0.291842 0
-0.0647832 0.0115501 0.291294 0
-0.0612962 0.0114764 0.291375 0
-0.0589667 0.0113439 0.291 0
-0.0878202 0.0173693 0.294 0
-0.0851591 0.0168306 0.293727 0
-0.0820528 0.0162415 0.293429 0
-0.0787829 0.0155812 0.292607 0
-0.0757299 0.0150922 0.291687 0
-0.0730244 0.0140309 0.291 0
-0.0916501 0.0202437 0.294 0
-0.088892 0.0195394 0.293556 0
-0.0856072 0.0191805 0.292778 0
-0.0821684 0.019448 0.291852 0
-0.0794659 0.0189243 0.291067 0
-0.106332 0.0227988 0.294 0
-0.103209 0.0232775 0.293846 0
-0.0998419 0.0238634 0.294 0
-0.0959353 0.0236996 0.293857 0
-0.0924897 0.0228052 0.292846 0
-0.0891693 0.0226262 0.2918 0
-0.0856538 0.022662 0.291294 0
-0.0826546 0.0220515 0.291167 0
-0.105693 0.0253538 0.294 0
-0.103249 0.0262588 0.2934 0
-0.0995955 0.0261008 0.292444 0
-0.0961347 0.0262785 0.292074 0
-0.0930583 0.0255239 0.291083 0
-0.105693 0.0285476 0.294 0
-0.103045 0.028977 0.2935 0
-0.0995211 0.0296347 0.292933 0
-0.0963253 0.0298011 0.292538 0
-0.0937183 0.0302059 0.2915 0
0.0244516 -0.0214926 0.297 0
0.026294 -0.0218614 0.297 0
0.028643 -0.0214926 0.297 0
0.0341241 -0.0214927 0.297 0
0.0367034 -0.0214926 0.297 0
0.0398355 -0.0218614 0.297 0
0.0537915 -0.0214926 0.297 0
0.0170361 -0.0179436 0.297 0
0.0197277 -0.0186805 0.296077 0
0.0227271 -0.0193378 0.295538 0
0.0263083 -0.0191791 0.29612 0
0.0297312 -0.0191119 0.296143 0
0.0331625 -0.0194339 0.296333 0
0.0366421 -0.0193994 0.295762 0
0.0400951 -0.019253 0.295857 0
0.0434082 -0.0193318 0.296 0
0.0473848 -0.0186234 0.29625 0
0.0508582 -0.0192335 0.296286 0
0.0540228 -0.0188632 0.295947 0
0.0576405 -0.0185913 0.296412 0
0.061212 -0.0185146 0.296438 0
0.0643965 -0.018516 0.296615 0
0.0679778 -0.0179436 0.297 0
-0.00484026 -0.0143418 0.296857 0
-0.00174298 -0.014786 0.29675 0
0.00188042 -0.0147014 0.296667 0
0.00509236 -0.0146744 0.296133 0
0.00855018 -0.0147412 0.296706 0
0.0123244 -0.015591 0.296556 0
0.0157953 -0.0157618 0.296077 0
0.0188014 -0.0162153 0.295235 0
0.0226858 -0.0171819 0.295 0
0.0262085 -0.0171819 0.295 0
0.0297312 -0.0171819 0.295 0
0.0322931 -0.0171819 0.295 0
0.0383778 -0.0171819 0.295 0
0.0399789 -0.0171819 0.295 0
0.0476649 -0.0171819 0.295 0
0.05439 -0.0171819 0.295 0
0.0575924 -0.0171819 0.295 0
0.0615944 -0.0169634 0.295375 0
0.0647108 -0.0165603 0.295333 0
0.0684735 -0.0162017 0.2958 0
0.0719997 -0.0156497 0.2963 0
0.0753489 -0.0148842 0.296643 0
0.0781519 -0.0145094 0.2967 0
-0.0148831 -0.0111682 0.297 0
-0.0120043 -0.0115155 0.296429 0
-0.00873827 -0.0117884 0.296333 0
-0.00539418 -0.0123971 0.295895 0
-0.00159013 -0.0128326 0.2952 0
0.00187196 -0.0127104 0.295333 0
0.00530341 -0.0126709 0.295294 0
0.0085204 -0.0130655 0.295455 0
0.0121177 -0.0136568 0.295 0
0.0723237 -0.0136568 0.295 0
0.0753631 -0.0131155 0.295273 0
0.0788103 -0.0122525 0.295684 0
0.0808908 -0.0120161 0.296667 0
-0.0358401 -0.0076192 0.297 0
-0.0332608 -0.0076192 0.297 0
-0.0296809 -0.00825593 0.296667 0
-0.0259638 -0.0081668 0.296786 0
-0.0224016 -0.0085987 0.296789 0
-0.0194199 -0.00905703 0.296 0
-0.0159139 -0.00924361 0.295455 0
-0.0122209 -0.00981115 0.295 0
0.0800096 -0.00981115 0.295 0
0.0822716 -0.00877984 0.296222 0
0.0847434 -0.0076192 0.297 0
-0.0503593 -0.00434028 0.296769 0
-0.0470185 -0.00453025 0.296556 0
-0.0438118 -0.00502923 0.2964 0
-0.040311 -0.00507212 0.296276 0
-0.0367477 -0.005346 0.296083 0
-0.033566 -0.00601979 0.296 0
-0.0297696 -0.00625524 0.295294 0
-0.026262 -0.00634436 0.295813 0
-0.0227411 -0.00626138 0.295588 0
-0.0202271 -0.00692697 0.295 0
0.0827251 -0.00586266 0.295167 0
0.0854264 -0.00541936 0.296304 0
-0.0561523 -0.000843803 0.297 0
-0.0538378 -0.00121091 0.296429 0
-0.0507266 -0.00180359 0.29544 0
-0.0473356 -0.00228335 0.2953 0
-0.0436542 -0.00244393 0.295333 0
-0.0407647 -0.00255793 0.295091 0
-0.0381607 -0.00308138 0.295 0
0.0851335 -0.00308138 0.295 0
-0.0632455 0.00302785 0.297 0
-0.0611013 0.00220235 0.296545 0
-0.05801 0.00153067 0.295846 0
-0.0545402 0.000764582 0.29525 0
-0.0706611 0.00657687 0.297 0
-0.0682822 0.00592022 0.296467 0
-0.0646037 0.00529254 0.296111 0
-0.0613619 0.00502793 0.295235 0
-0.078399 0.0104485 0.297 0
-0.0746562 0.00966673 0.296455 0
-0.0716679 0.00879901 0.295833 0
-0.0687264 0.00793982 0.295364 0
-0.0647411 0.00717351 0.295 0
-0.0628196 0.00717351 0.295 0
-0.0851223 0.0133446 0.296833 0
-0.0822979 0.0128488 0.296353 0
-0.0786927 0.0120598 0.295857 0
-0.0755549 0.0116725 0.295333 0
-0.0727471 0.0110191 0.295 0
-0.0918186 0.017124 0.2964 0
-0.0892686 0.016389 0.296 0
-0.0860547 0.0152866 0.295611 0
-0.0828394 0.0146671 0.295333 0
-0.119991 0.0191598 0.297 0
-0.117268 0.0197333 0.297 0
-0.114095 0.0202659 0.297 0
-0.110041 0.0197545 0.29625 0
-0.106793 0.0194464 0.295786 0
-0.103147 0.0198136 0.296273 0
-0.0999366 0.0199341 0.297 0
-0.0958897 0.0192279 0.296417 0
-0.0929053 0.0190569 0.295652 0
-0.0900376 0.0184661 0.2952 0
-0.116928 0.0226281 0.297 0
-0.113934 0.0227236 0.296538 0
-0.110413 0.0226426 0.2958 0
-0.108294 0.0228763 0.295 0
-0.10317 0.0215944 0.295 0
-0.0996552 0.0222104 0.295455 0
-0.0964882 0.0221026 0.295375 0
-0.0942036 0.0215944 0.295 0
-0.113542 0.0253974 0.297 0
-0.110096 0.0260203 0.296636 0
-0.107035 0.0266871 0.2955 0
0.0426106 -0.0246428 0.3 0
0.054516 -0.0250519 0.301 0
0.0237216 -0.0217097 0.3 0
0.0262349 -0.0229366 0.299 0
0.0299526 -0.0223743 0.298 0
0.0321363 -0.0218887 0.298 0
0.0414457 -0.02309 0.301 0
0.0434524 -0.0223385 0.299273 0
0.0471722 -0.0217097 0.3 0
0.0511621 -0.0217459 0.3005 0
0.0543996 -0.0226986 0.30013 0
0.0576232 -0.0224618 0.3 0
0.0607855 -0.0218352 0.300222 0
0.0646455 -0.0214551 0.301 0
0.0669328 -0.0214551 0.301 0
-0.00542602 -0.0184396 0.301 0
-0.00201243 -0.0179472 0.300667 0
0.00190155 -0.0181249 0.3 0
0.005164 -0.018799 0.300333 0
0.00874654 -0.0187919 0.300222 0
0.0124305 -0.0193377 0.29987 0
0.0156311 -0.0193958 0.299077 0
0.0186893 -0.0199779 0.299143 0
0.0449146 -0.0202701 0.298 0
0.0472754 -0.0203109 0.2986 0
0.0505394 -0.0203211 0.29875 0
0.0545118 -0.0202701 0.298 0
0.0578546 -0.0202701 0.298 0
0.0615789 -0.0203245 0.2988 0
0.06512 -0.0201172 0.299636 0
0.0681209 -0.019576 0.299882 0
0.0713836 -0.0188421 0.300286 0
0.0751779 -0.0184508 0.3 0
0.078696 -0.0185123 0.301 0
0.0819637 -0.0175313 0.301 0
-0.022599 -0.0142615 0.301 0
-0.01931 -0.0148997 0.300667 0
-0.0156848 -0.0142141 0.3 0
-0.0122466 -0.0148396 0.300462 0
-0.0086349 -0.0153497 0.299615 0
-0.00538119 -0.0158334 0.298444 0
-0.00147649 -0.0166029 0.2984 0
0.00189309 -0.016748 0.298667 0
0.00512962 -0.0167285 0.298333 0
0.00869211 -0.0167285 0.298333 0
0.0118879 -0.0171041 0.298429 0
0.0151524 -0.0173566 0.298 0
0.0698242 -0.0173566 0.298 0
0.0718628 -0.0173799 0.2984 0
0.0755729 -0.0167986 0.298692 0
0.0790171 -0.016377 0.299 0
0.0820879 -0.0155473 0.2999 0
0.0845778 -0.0142615 0.301 0
-0.0353426 -0.0113187 0.301 0
-0.0333389 -0.0113036 0.3006 0
-0.029864 -0.0120047 0.300273 0
-0.0262911 -0.011879 0.300091 0
-0.0227706 -0.0121935 0.299667 0
-0.0191901 -0.0122119 0.2988 0
-0.0158396 -0.0125296 0.299053 0
-0.0127372 -0.0129827 0.298909 0
-0.00879796 -0.013487 0.298333 0
0.0826611 -0.0122788 0.2985 0
0.0852156 -0.0121787 0.300286 0
-0.053641 -0.00739484 0.301 0
-0.0505995 -0.00803406 0.3004 0
-0.0470308 -0.00834568 0.299833 0
-0.0439945 -0.00868342 0.299739 0
-0.0400832 -0.00891516 0.299913 0
-0.0368741 -0.00908843 0.29913 0
-0.0332762 -0.00921974 0.298454 0
-0.0298952 -0.00993754 0.2988 0
-0.0264176 -0.00958722 0.298 0
-0.0233442 -0.00991095 0.298 0
0.0834112 -0.00991095 0.298 0
0.085769 -0.00903105 0.298737 0
0.0888204 -0.0089185 0.300182 0
-0.060503 -0.00379802 0.301 0
-0.0572577 -0.00479002 0.300412 0
-0.0542992 -0.00511249 0.299609 0
-0.0510054 -0.00565915 0.298143 0
-0.0476069 -0.00602623 0.298 0
-0.0434013 -0.00699741 0.298 0
-0.0401663 -0.00699741 0.298 0
-0.0375783 -0.00699741 0.298 0
0.0866463 -0.00699741 0.298 0
0.0882638 -0.00602623 0.298 0
-0.0641432 -0.00111562 0.3006 0
-0.0611169 -0.00165231 0.299636 0
-0.0578915 -0.00190886 0.298739 0
-0.0548037 -0.00258584 0.298273 0
-0.0716032 0.00284555 0.3005 0
-0.0682133 0.00195553 0.300308 0
-0.0649532 0.00174587 0.298923 0
-0.0618409 0.000448252 0.298 0
-0.0771676 0.00666545 0.301 0
-0.0748248 0.00557461 0.300214 0
-0.0718821 0.0052053 0.29887 0
-0.068034 0.00433585 0.2982 0
-0.117359 0.00993528 0.301 0
-0.0843563 0.0096083 0.301 0
-0.0818282 0.0094325 0.299765 0
-0.0787579 0.00891009 0.299591 0
-0.0755708 0.00831306 0.298562 0
-0.0725165 0.00724647 0.298 0
-0.119537 0.0133012 0.2995 0
-0.117213 0.0125171 0.30071 0
-0.11372 0.0125456 0.30088 0
-0.110163 0.0124981 0.300828 0
-0.106692 0.012619 0.300609 0
-0.103302 0.0132287 0.300625 0
-0.100103 0.0134483 0.3006 0
-0.0961196 0.0138591 0.301 0
-0.0924278 0.0135014 0.300333 0
-0.0891275 0.0127984 0.299579 0
-0.0860959 0.0118033 0.299476 0
-0.0827769 0.0111473 0.298444 0
-0.0802805 0.0111312 0.298 0
-0.120475 0.0159713 0.298273 0
-0.117292 0.0156907 0.299355 0
-0.11366 0.0157272 0.299704 0
-0.110238 0.0157542 0.299217 0
-0.106822 0.0157651 0.299103 0
-0.103276 0.015677 0.299231 0
-0.0996805 0.0157321 0.299333 0
-0.0960774 0.0157255 0.29924 0
-0.0929207 0.0155685 0.2987 0
-0.0898373 0.0148108 0.298222 0
-0.0873976 0.0143684 0.298 0
-0.124071 0.0202365 0.299286 0
-0.120825 0.0191299 0.298077 0
-0.116901 0.0179394 0.298167 0
-0.113909 0.0186688 0.298333 0
-0.110906 0.0181452 0.298 0
-0.106485 0.0179294 0.298 0
-0.10325 0.0179294 0.298 0
-0.0994134 0.0182993 0.298 0
-0.0974261 0.0179293 0.298 0
-0.126835 0.0227966 0.301 0
-0.124283 0.0229795 0.30052 0
-0.120733 0.022796 0.299273 0
-0.118131 0.0231089 0.298 0
-0.123241 0.0253035 0.301 0
-0.121933 0.0253035 0.301 0
0.0448288 -0.0249714 0.304 0
0.0461489 -0.0249714 0.304 0
0.0519178 -0.0255476 0.303 0
0.0538807 -0.0250536 0.302333 0
0.0580396 -0.0255589 0.302571 0
0.0607421 -0.0258052 0.3037 0
0.0642997 -0.0253016 0.304 0
-5.31903e-05 -0.0210085 0.304 0
0.0019269 -0.0210085 0.304 0
0.00423701 -0.0210085 0.304 0
0.00951724 -0.0219992 0.304 0
0.0121292 -0.021951 0.303333 0
0.0159701 -0.0224041 0.30275 0
0.0190249 -0.0225873 0.303 0
0.0220578 -0.0219992 0.304 0
0.0449731 -0.0238532 0.3032 0
0.0465393 -0.023374 0.302857 0
0.0509552 -0.022892 0.302692 0
0.0531157 -0.0241776 0.302333 0
0.0586312 -0.0238229 0.302 0
0.0613512 -0.0235043 0.302714 0
0.0646163 -0.0231908 0.303091 0
0.0684485 -0.0228859 0.303526 0
0.071344 -0.0219011 0.303286 0
0.0752718 -0.0215977 0.303 0
0.0792686 -0.0213675 0.303889 0
-0.00829099 -0.0180066 0.3035 0
-0.00400017 -0.0192936 0.303 0
-0.00157114 -0.0193649 0.302923 0
0.00191845 -0.0196026 0.302667 0
0.00546003 -0.0205447 0.30325 0
0.00881189 -0.0205762 0.3025 0
0.0110938 -0.0205422 0.302 0
0.068871 -0.0208933 0.302333 0
0.0722399 -0.0203648 0.302455 0
0.0753215 -0.0202811 0.302375 0
0.0786296 -0.0200058 0.302455 0
0.08214 -0.019145 0.303105 0
0.0847711 -0.0180907 0.3038 0
-0.0330338 -0.0143941 0.3038 0
-0.0292391 -0.0148071 0.303222 0
-0.0262179 -0.0152127 0.303059 0
-0.0229679 -0.0159912 0.303043 0
-0.0191309 -0.0166603 0.303 0
-0.0158257 -0.0159877 0.3027 0
-0.0124468 -0.0164572 0.302714 0
-0.00988815 -0.0166054 0.302 0
0.0834951 -0.0169895 0.303 0
0.0855127 -0.0156815 0.303154 0
-0.0508755 -0.0114315 0.304 0
-0.047514 -0.0114164 0.3036 0
-0.0438006 -0.0113938 0.303 0
-0.0401824 -0.0113938 0.303 0
-0.0370393 -0.0121272 0.303 0
-0.0333552 -0.0130293 0.302733 0
-0.0296188 -0.0136798 0.3026 0
-0.0262803 -0.0136527 0.302 0
-0.0243133 -0.0136527 0.302 0
0.086922 -0.0125731 0.302333 0
0.0891895 -0.0120728 0.303053 0
0.0928011 -0.0122689 0.303583 0
0.0953211 -0.0130827 0.304 0
-0.0601159 -0.00746854 0.304 0
-0.0575457 -0.00795162 0.3035 0
-0.0541608 -0.00899893 0.302909 0
-0.050609 -0.0100573 0.3024 0
-0.047918 -0.0100439 0.302 0
-0.0426725 -0.0100439 0.302 0
-0.0413612 -0.0100439 0.302 0
0.090432 -0.0100439 0.302 0
0.0917434 -0.0100439 0.302 0
-0.0642259 -0.00427199 0.303667 0
-0.0612877 -0.00531762 0.302818 0
-0.0586218 -0.00578411 0.30225 0
-0.0706764 -0.00130401 0.304 0
-0.0683249 -0.00144747 0.303 0
-0.0652838 -0.00233114 0.302867 0
-0.0620153 -0.0031545 0.302 0
-0.0749192 0.00233397 0.302857 0
-0.0720664 0.00103817 0.302444 0
-0.0692278 0.000454269 0.302 0
-0.113265 0.00628172 0.303556 0
-0.111598 0.00673188 0.304 0
-0.085527 0.00673188 0.304 0
-0.0823953 0.0067186 0.3034 0
-0.0781207 0.00560387 0.302583 0
-0.0761126 0.00482853 0.302 0
-0.116437 0.00931215 0.302 0
-0.113825 0.00861931 0.302226 0
-0.110414 0.00893961 0.302957 0
-0.106836 0.00939075 0.30325 0
-0.103348 0.0100343 0.304 0
-0.0993481 0.00977425 0.303625 0
-0.0967004 0.00984559 0.304 0
-0.0944375 0.0100343 0.304 0
-0.0884545 0.00942072 0.3034 0
-0.0858673 0.00857327 0.303 0
-0.0829025 0.00789605 0.302636 0
-0.0791295 0.00734981 0.30225 0
-0.116437 0.0106244 0.302 0
-0.113815 0.0106244 0.302 0
-0.110208 0.0106244 0.302 0
-0.106443 0.0108793 0.30225 0
-0.103445 0.0113168 0.303 0
-0.099574 0.01186 0.30276 0
-0.0962992 0.0119661 0.3028 0
-0.0929931 0.0119371 0.302818 0
-0.0896655 0.0111297 0.302375 0
-0.124961 0.0253876 0.302 0
0.00596454 -0.0249654 0.308 0
0.00891705 -0.0253246 0.307714 0
0.0121586 -0.0256503 0.307091 0
0.0157869 -0.0260072 0.307556 0
0.0187569 -0.0253646 0.30675 0
0.022818 -0.0254841 0.3062 0
0.0246885 -0.0249654 0.308 0
0.0479398 -0.0255795 0.306667 0
0.0505092 -0.0258367 0.305857 0
0.061752 -0.0258266 0.305 0
0.0661667 -0.0260475 0.305 0
0.0681978 -0.026065 0.3052 0
0.0720663 -0.02601 0.3065 0
0.07529 -0.0262271 0.3071 0
0.0783983 -0.0259303 0.306222 0
0.0826309 -0.0253429 0.3065 0
0.0854724 -0.0251127 0.30775 0
-0.00840025 -0.0212504 0.3075 0
-0.00539015 -0.0218984 0.3072 0
-0.00165795 -0.0225251 0.306963 0
0.001944 -0.0228701 0.3068 0
0.00526422 -0.0228254 0.3062 0
0.00832742 -0.0229574 0.30575 0
0.0123929 -0.0235503 0.305143 0
0.0148624 -0.0237549 0.305333 0
0.0195125 -0.0244309 0.3055 0
0.0226551 -0.0236746 0.305375 0
0.0486184 -0.0237282 0.305 0
0.0502739 -0.0238939 0.305 0
0.0678222 -0.0240595 0.305 0
0.0719847 -0.0234968 0.305333 0
0.0752291 -0.0234363 0.3055 0
0.0786372 -0.0234786 0.305273 0
0.0822513 -0.0227558 0.305615 0
0.0857376 -0.0225865 0.3075 0
0.0999188 -0.0216195 0.308 0
-0.0286186 -0.0185934 0.30775 0
-0.0260415 -0.0188767 0.3069 0
-0.0226422 -0.018822 0.306 0
-0.0193203 -0.018822 0.306 0
-0.0158214 -0.018888 0.306091 0
-0.0121893 -0.0187559 0.305909 0
-0.00879023 -0.0196093 0.306625 0
-0.00536852 -0.0204819 0.306 0
-0.00204218 -0.0204283 0.3052 0
0.0858667 -0.0194707 0.306133 0
0.0885601 -0.0187973 0.3078 0
0.0939005 -0.017939 0.308 0
0.0967717 -0.0186872 0.307714 0
0.098994 -0.0196847 0.307923 0
-0.0534938 -0.0145774 0.307667 0
-0.050711 -0.0145458 0.307 0
-0.0473783 -0.0145458 0.307 0
-0.0437123 -0.0145458 0.307 0
-0.0401249 -0.0152434 0.3076 0
-0.0366031 -0.0157978 0.307043 0
-0.0333704 -0.0162104 0.3069 0
-0.0302122 -0.0163352 0.306125 0
-0.0268725 -0.0167703 0.305 0
0.0870167 -0.0163177 0.3052 0
0.0894814 -0.0157649 0.3065 0
0.092933 -0.0156909 0.306818 0
0.096088 -0.0159056 0.306071 0
0.0985947 -0.0172138 0.307 0
-0.0635818 -0.0105781 0.308 0
-0.0615756 -0.0105781 0.308 0
-0.0572792 -0.0116432 0.307375 0
-0.0540893 -0.0124467 0.306263 0
-0.0507115 -0.0131133 0.305588 0
-0.0471725 -0.0131558 0.305667 0
-0.0437412 -0.013201 0.30575 0
-0.0403054 -0.0131528 0.3056 0
-0.0364992 -0.0137974 0.3052 0
0.0896749 -0.0137884 0.305 0
0.0923237 -0.0137884 0.305 0
-0.0669253 -0.00756681 0.308 0
-0.0645321 -0.00823245 0.307158 0
-0.061442 -0.00871827 0.306381 0
-0.0580443 -0.00950039 0.3056 0
-0.0556783 -0.0101438 0.305 0
-0.0709673 -0.00445632 0.307714 0
-0.0681455 -0.00488343 0.306235 0
-0.0652781 -0.00567838 0.305375 0
-0.0776248 -0.000875055 0.308 0
-0.0751232 -0.00125501 0.307143 0
-0.0721781 -0.00204785 0.306267 0
-0.0683057 -0.00318792 0.3052 0
-0.112033 0.0024628 0.307 0
-0.111264 0.00268853 0.307333 0
-0.0883242 0.00314 0.308 0
-0.0856493 0.00314 0.308 0
-0.0823058 0.00314 0.308 0
-0.0785379 0.00192468 0.3066 0
-0.0759916 0.00098921 0.3052 0
-0.112652 0.00488619 0.305667 0
-0.110498 0.00549899 0.306448 0
-0.107195 0.00634697 0.307538 0
-0.10266 0.00631581 0.307875 0
-0.0996554 0.00618204 0.3075 0
-0.0962445 0.00614391 0.307667 0
-0.0929046 0.00614391 0.307667 0
-0.0893907 0.0054046 0.306875 0
-0.0857315 0.00513025 0.306217 0
-0.0822577 0.00518394 0.305889 0
-0.0797547 0.00497067 0.3054 0
-0.109797 0.00761296 0.305286 0
-0.106534 0.00793755 0.3064 0
-0.103313 0.0085094 0.30625 0
-0.0997107 0.00820942 0.305778 0
-0.0959899 0.00839067 0.306048 0
-0.0926794 0.00877007 0.30604 0
-0.0896342 0.0083063 0.30525 0
-0.0874639 0.00741668 0.305 0
-0.0937548 0.01073 0.305 0
0.00629273 -0.0286546 0.311 0
0.00831211 -0.0284609 0.310143 0
0.0120305 -0.0280857 0.3092 0
0.0156858 -0.0282189 0.310667 0
-0.0054536 -0.0251923 0.3108 0
-0.00140112 -0.0255959 0.310222 0
0.00204775 -0.025614 0.30975 0
0.00520802 -0.0263224 0.309824 0
0.00831072 -0.0268791 0.309364 0
0.0120305 -0.0274138 0.3092 0
0.0161143 -0.0269329 0.310286 0
0.020474 -0.0264746 0.31 0
0.0891274 -0.0247907 0.31 0
0.0911014 -0.0248707 0.311 0
-0.0290587 -0.0214692 0.310667 0
-0.0262708 -0.0213955 0.3096 0
-0.0225766 -0.0219822 0.310091 0
-0.0193606 -0.022167 0.310412 0
-0.0156729 -0.0220738 0.31025 0
-0.0121777 -0.0221122 0.3102 0
-0.00873232 -0.0229447 0.309947 0
-0.00542947 -0.0237344 0.3094 0
-0.00340849 -0.0237038 0.309 0
0.0891274 -0.0227702 0.31 0
0.0927219 -0.0225733 0.311 0
0.0965269 -0.0224341 0.31 0
0.0989016 -0.0223611 0.309 0
-0.0463075 -0.0184516 0.311 0
-0.0439442 -0.0184516 0.311 0
-0.0403246 -0.0191617 0.310545 0
-0.0367946 -0.0190976 0.3105 0
-0.0332269 -0.0190119 0.310091 0
-0.0299438 -0.0195583 0.3096 0
-0.0262708 -0.0207228 0.3096 0
-0.0228642 -0.0206827 0.309 0
-0.0195097 -0.0206827 0.309 0
-0.0158199 -0.0206827 0.309 0
-0.01213 -0.0206827 0.309 0
-0.0101173 -0.0206827 0.309 0
0.0898301 -0.0199214 0.309333 0
0.0928465 -0.0194764 0.31025 0
0.095823 -0.0198841 0.309625 0
-0.0566511 -0.014817 0.310333 0
-0.05447 -0.0154867 0.3098 0
-0.0507017 -0.0163079 0.309909 0
-0.0471384 -0.0163629 0.3098 0
-0.0437323 -0.0163464 0.3095 0
-0.0403072 -0.0169902 0.309 0
-0.0382945 -0.0169902 0.309 0
0.0921927 -0.0173259 0.309 0
-0.0672396 -0.0106811 0.311 0
-0.0648512 -0.0118409 0.310667 0
-0.0610781 -0.0118823 0.31 0
-0.0587784 -0.0126684 0.31 0
-0.0554022 -0.0139692 0.309 0
-0.0701651 -0.00830392 0.3105 0
-0.0683001 -0.00858201 0.309875 0
-0.0657093 -0.00954472 0.3092 0
-0.0777056 -0.0039242 0.311 0
-0.0745468 -0.00442466 0.3105 0
-0.072125 -0.00567835 0.310231 0
-0.0694907 -0.00624868 0.309 0
-0.110117 -0.000883581 0.311 0
-0.10674 -0.000883581 0.311 0
-0.0844579 -0.000883582 0.311 0
-0.0820681 -0.00126888 0.310714 0
-0.0788148 -0.00196372 0.310053 0
-0.0756506 -0.00272933 0.3095 0
-0.0731806 -0.00322762 0.309 0
-0.110282 0.00163288 0.3102 0
-0.106736 0.00189302 0.310294 0
-0.103247 0.00191041 0.310357 0
-0.0998274 0.00248979 0.3105 0
-0.0962867 0.00242883 0.310545 0
-0.0927484 0.00248979 0.3105 0
-0.0892329 0.00181117 0.31 0
-0.0857299 0.0011369 0.3095 0
-0.0822056 0.00119786 0.309455 0
-0.0798895 0.000464798 0.309 0
-0.109073 0.00449288 0.309 0
-0.106353 0.00494368 0.309222 0
-0.103562 0.00507248 0.309286 0
-0.0996806 0.00449289 0.309 0
-0.0959907 0.00449288 0.309 0
-0.0929717 0.00449289 0.309 0
-0.0048425 -0.0286125 0.315 0
-0.00175882 -0.0284611 0.313333 0
0.00198779 -0.0284672 0.3134 0
0.0043485 -0.02834 0.312 0
0.00979901 -0.0294509 0.313 0
0.0180112 -0.0285217 0.314 0
0.0221017 -0.0285217 0.314 0
-0.0315151 -0.0245062 0.315 0
-0.0294634 -0.0245062 0.315 0
-0.0270697 -0.0245062 0.315 0
-0.0215984 -0.0255328 0.315 0
-0.0192047 -0.0255328 0.315 0
-0.0157646 -0.0255004 0.3146 0
-0.0120802 -0.0259852 0.31425 0
-0.00890162 -0.0260857 0.3134 0
-0.00534597 -0.0270202 0.313615 0
-0.0022615 -0.0272128 0.312667 0
0.00183273 -0.0272792 0.312778 0
0.0043485 -0.0276621 0.312 0
0.0189202 -0.0271572 0.314 0
0.0221017 -0.0271572 0.314 0
-0.0471564 -0.0213856 0.3144 0
-0.0435995 -0.0222419 0.314071 0
-0.0401921 -0.0223357 0.313333 0
-0.0367907 -0.0223357 0.313333 0
-0.0332721 -0.0224286 0.313437 0
-0.0299318 -0.0228754 0.313588 0
-0.0261415 -0.0232194 0.313 0
-0.0229756 -0.0236342 0.313143 0
-0.0190827 -0.0240106 0.313 0
-0.0156849 -0.0240106 0.313 0
-0.0122648 -0.0239646 0.3124 0
-0.0102156 -0.0239339 0.312 0
-0.0574437 -0.0176436 0.314667 0
-0.0539495 -0.0183024 0.314222 0
-0.0504641 -0.0192981 0.31375 0
-0.0476556 -0.019322 0.312571 0
-0.043825 -0.0201715 0.312214 0
-0.0400211 -0.0208835 0.312 0
-0.0366341 -0.0208835 0.312 0
-0.0332471 -0.0208835 0.312 0
-0.0308763 -0.0208835 0.312 0
-0.0643429 -0.0145826 0.315 0
-0.061148 -0.014934 0.314143 0
-0.0581474 -0.0156971 0.313067 0
-0.0540571 -0.0170408 0.312571 0
-0.0739177 -0.0108185 0.315 0
-0.0714818 -0.0114228 0.314231 0
-0.0683371 -0.0123663 0.3134 0
-0.0645102 -0.01277 0.3125 0
-0.0616979 -0.013088 0.312 0
-0.0783631 -0.00773878 0.315 0
-0.0750084 -0.00843557 0.3146 0
-0.0720783 -0.00875015 0.313105 0
-0.0688106 -0.0100376 0.312 0
-0.109116 -0.00393682 0.312 0
-0.10682 -0.00491069 0.313913 0
-0.103193 -0.00396962 0.3146 0
-0.0879378 -0.00397467 0.315 0
-0.0852261 -0.00431266 0.314667 0
-0.0819542 -0.00500485 0.313882 0
-0.0787365 -0.00550158 0.313273 0
-0.0755491 -0.00574565 0.312857 0
-0.109697 -0.00238741 0.312 0
-0.106632 -0.00245663 0.312476 0
-0.103168 -0.00193857 0.313296 0
-0.0998899 -0.0015153 0.314364 0
-0.0965518 -0.00140646 0.314375 0
-0.0924791 -0.0011207 0.314167 0
-0.0891736 -0.00176514 0.314 0
-0.0859886 -0.0019427 0.313 0
-0.0826479 -0.00281401 0.312667 0
-0.079649 -0.00325895 0.312 0
-0.102003 0.000469311 0.312 0
-0.0997588 0.000469913 0.3124 0
-0.09637 0.000469913 0.3124 0
-0.0930369 0.000470214 0.3126 0
-0.0901487 0.000469311 0.312 0
-0.0111025 -0.0316486 0.318 0
-0.00903117 -0.0316486 0.318 0
-0.0180067 -0.0285395 0.318 0
-0.0156115 -0.0288831 0.317429 0
-0.0123955 -0.0292614 0.317429 0
-0.00900845 -0.0295041 0.3172 0
-0.00556865 -0.029531 0.3175 0
-0.00143197 -0.0298272 0.317 0
0.0020093 -0.0298272 0.317 0
0.00511558 -0.0298743 0.3175 0
0.0113008 -0.0298273 0.317 0
0.0168068 -0.0298272 0.317 0
0.0192287 -0.0290187 0.3172 0
0.0213476 -0.0285395 0.318 0
-0.0466594 -0.0247396 0.318 0
-0.0432211 -0.0253303 0.3176 0
-0.040245 -0.0253786 0.317333 0
-0.0366624 -0.0253087 0.317 0
-0.0331742 -0.0253891 0.316857 0
-0.029744 -0.025776 0.318 0
-0.0261935 -0.0256786 0.3168 0
-0.0228553 -0.0264717 0.316857 0
-0.0193153 -0.0270553 0.3168 0
-0.0158352 -0.026987 0.316 0
-0.013434 -0.0269869 0.316 0
-0.0528732 -0.0216305 0.318 0
-0.0504128 -0.0220231 0.317 0
-0.0472287 -0.0232257 0.316857 0
-0.0442854 -0.0236046 0.316667 0
-0.0405342 -0.0238974 0.316 0
-0.0367608 -0.0238974 0.316 0
-0.0333304 -0.0238974 0.316 0
-0.0646105 -0.0178306 0.318 0
-0.0610001 -0.0180946 0.317429 0
-0.058011 -0.0187194 0.317091 0
-0.0546986 -0.0197836 0.316857 0
-0.0521977 -0.0201214 0.316 0
-0.0715179 -0.0149287 0.3175 0
-0.0682041 -0.0153683 0.31705 0
-0.0648622 -0.0161464 0.317125 0
-0.0617043 -0.0166101 0.316667 0
-0.0590585 -0.0170319 0.316 0
-0.0783349 -0.0112127 0.317857 0
-0.0751525 -0.0120876 0.317133 0
-0.0721858 -0.012998 0.3164 0
-0.106158 -0.0077961 0.317333 0
-0.103274 -0.00781249 0.318 0
-0.100513 -0.00781249 0.318 0
-0.0853232 -0.00781249 0.318 0
-0.0821404 -0.00855735 0.317111 0
-0.0790078 -0.00933137 0.317133 0
-0.076147 -0.00958242 0.316143 0
-0.105623 -0.00605202 0.31625 0
-0.103058 -0.00563158 0.316476 0
-0.0995334 -0.00542468 0.316896 0
-0.0965788 -0.00479852 0.317714 0
-0.0921184 -0.00452597 0.317625 0
-0.0892441 -0.00519742 0.317133 0
-0.0860894 -0.00578895 0.316444 0
-0.0830714 -0.00639024 0.316 0
-0.101596 -0.00330073 0.316 0
-0.0995376 -0.00330073 0.316 0
-0.0957937 -0.00279278 0.316667 0
-0.092913 -0.00261853 0.316417 0
-0.0900279 -0.00330421 0.316333 0
-0.0151725 -0.0327965 0.321333 0
-0.0125847 -0.0330262 0.320556 0
-0.00931956 -0.0331223 0.32 0
-0.00501135 -0.0328603 0.32 0
-0.00144903 -0.032645 0.321 0
0.00163547 -0.032247 0.321 0
0.00518002 -0.031997 0.3215 0
0.0170719 -0.0320467 0.322 0
0.0184128 -0.0319472 0.321 0
-0.0430859 -0.0296199 0.321143 0
-0.0401413 -0.029516 0.3211 0
-0.036994 -0.0288088 0.321 0
-0.0331938 -0.0288387 0.321333 0
-0.029419 -0.0288985 0.322 0
-0.0262126 -0.0288312 0.32125 0
-0.0227132 -0.0295173 0.3211 0
-0.0195092 -0.0294165 0.32 0
-0.016334 -0.0305656 0.3204 0
-0.0128902 -0.0311037 0.3195 0
-0.00525433 -0.0310875 0.319333 0
-0.00144693 -0.0312108 0.3206 0
0.00203255 -0.0312108 0.3206 0
0.00518002 -0.0312985 0.3215 0
0.00868255 -0.0302977 0.322 0
0.0137961 -0.0300154 0.319 0
0.015727 -0.0304895 0.32125 0
0.0197357 -0.0304887 0.32125 0
0.0216161 -0.0302977 0.322 0
-0.0503261 -0.0257938 0.320538 0
-0.0474426 -0.0265964 0.320524 0
-0.0440651 -0.0268959 0.319571 0
-0.0402265 -0.0272431 0.319 0
-0.0367635 -0.0272431 0.319 0
-0.0333205 -0.0272602 0.3192 0
-0.029931 -0.0273286 0.32 0
-0.0264089 -0.0272773 0.3194 0
-0.0242967 -0.0272431 0.319 0
-0.0612285 -0.0219026 0.322 0
-0.0576856 -0.0223763 0.32125 0
-0.0545935 -0.0226729 0.3205 0
-0.0512201 -0.0237295 0.319889 0
-0.0485376 -0.0241243 0.319 0
-0.0745355 -0.0184634 0.3218 0
-0.0716212 -0.0190652 0.321 0
-0.0682205 -0.0193576 0.32036 0
-0.0647507 -0.0197067 0.3204 0
-0.0614562 -0.0198563 0.32 0
-0.0579795 -0.0203442 0.3195 0
-0.0820112 -0.014872 0.32125 0
-0.0785808 -0.0152734 0.321286 0
-0.0752701 -0.0158568 0.320619 0
-0.071895 -0.0166553 0.319545 0
-0.0679303 -0.0171936 0.319 0
-0.103312 -0.0116767 0.320938 0
-0.100294 -0.011344 0.321571 0
-0.0887747 -0.011575 0.32175 0
-0.0856199 -0.0122268 0.321143 0
-0.0822404 -0.0124785 0.320046 0
-0.0791048 -0.0127043 0.319375 0
-0.0762415 -0.0133816 0.319 0
-0.105677 -0.00922321 0.319 0
-0.103304 -0.00963116 0.319563 0
-0.0996557 -0.0091245 0.320217 0
-0.0963943 -0.00851916 0.320909 0
-0.0928367 -0.00859272 0.3213 0
-0.0891258 -0.00894606 0.320273 0
-0.0858321 -0.00939994 0.319467 0
-0.0821938 -0.0102709 0.31925 0
-0.0956628 -0.00606353 0.319429 0
-0.0931285 -0.00586839 0.319571 0
-0.0904397 -0.0064509 0.319 0
-0.015181 -0.0357654 0.324 0
0.00241282 -0.0351697 0.325 0
-0.0258121 -0.0319922 0.325 0
-0.0225964 -0.0319331 0.3244 0
-0.0192998 -0.0319569 0.32375 0
-0.015725 -0.0334717 0.3236 0
0.00240292 -0.0336205 0.323667 0
0.00570079 -0.0332153 0.324091 0
0.00896245 -0.0321914 0.324091 0
0.0115503 -0.0318937 0.324 0
0.0199917 -0.0318937 0.324 0
-0.0464375 -0.0290481 0.323667 0
-0.0449386 -0.0289883 0.323 0
-0.0365897 -0.0304483 0.3236 0
-0.033119 -0.0304859 0.324 0
-0.0296017 -0.0304859 0.324 0
-0.0260209 -0.0304106 0.3232 0
-0.0179392 -0.0314445 0.323 0
0.0069563 -0.0314445 0.323 0
0.00765759 -0.0314445 0.323 0
0.0129172 -0.0303918 0.323 0
-0.0670911 -0.0245781 0.325 0
-0.0647391 -0.0246958 0.325 0
-0.0612557 -0.0254233 0.324647 0
-0.0582444 -0.0255317 0.324286 0
-0.0539403 -0.0258412 0.324 0
-0.0521122 -0.0262622 0.324 0
-0.0746178 -0.0215182 0.325 0
-0.0719128 -0.022424 0.324467 0
-0.0681507 -0.0224629 0.32375 0
-0.0646948 -0.0227158 0.3236 0
-0.0611449 -0.0234031 0.3234 0
-0.0577369 -0.0239005 0.323 0
-0.0544058 -0.0244268 0.323 0
-0.0840261 -0.0175169 0.325 0
-0.0822323 -0.0179182 0.3246 0
-0.078533 -0.018578 0.324333 0
-0.0756193 -0.0196492 0.32425 0
-0.0726392 -0.0205671 0.323 0
-0.102162 -0.0146624 0.324333 0
-0.100961 -0.0146925 0.325 0
-0.088875 -0.0150301 0.324667 0
-0.0856634 -0.0156157 0.323778 0
-0.081973 -0.0165409 0.323167 0
-0.0791762 -0.0169652 0.323444 0
-0.0764962 -0.0174092 0.323 0
-0.102569 -0.0135662 0.3234 0
-0.0998818 -0.0126222 0.324059 0
-0.0962677 -0.011885 0.324294 0
-0.0923338 -0.0123545 0.324053 0
-0.0894205 -0.0131096 0.323667 0
-0.0870155 -0.0135494 0.323 0
-0.098236 -0.0103915 0.323 0
-0.0961321 -0.0103915 0.323 0
-0.0926257 -0.0103915 0.323 0
-0.0254156 -0.0356026 0.329 0
-0.0229024 -0.0355809 0.3288 0
-0.0192407 -0.0354077 0.3272 0
-0.0166902 -0.0352779 0.326 0
-0.00539842 -0.0354943 0.328 0
-0.00107475 -0.0358161 0.328143 0
0.00215005 -0.0370653 0.327632 0
0.00527076 -0.0368317 0.3272 0
0.00836666 -0.0368377 0.328087 0
0.0116925 -0.0366625 0.328667 0
-0.0467747 -0.0323367 0.3285 0
-0.0437779 -0.0323203 0.328333 0
-0.0403089 -0.0322999 0.328125 0
-0.0365299 -0.0326538 0.327571 0
-0.0333358 -0.0328901 0.327667 0
-0.0298947 -0.0329223 0.3272 0
-0.0264221 -0.0336195 0.327571 0
-0.0228095 -0.0340152 0.327467 0
-0.0191919 -0.0339038 0.3264 0
-0.0166902 -0.0345696 0.326 0
-0.00539842 -0.0347817 0.328 0
-0.00148163 -0.0347605 0.3278 0
0.000652752 -0.0346757 0.327 0
0.00525143 -0.0345696 0.326 0
0.00884258 -0.0340667 0.326727 0
0.0122461 -0.0336201 0.327263 0
0.0144971 -0.0321891 0.327 0
-0.0632442 -0.0286368 0.327 0
-0.0625343 -0.0286368 0.327 0
-0.0573399 -0.0283465 0.32775 0
-0.0541798 -0.0283681 0.328 0
-0.0502874 -0.0288144 0.327 0
-0.0472346 -0.0303894 0.32675 0
-0.0453559 -0.030674 0.326 0
0.023087 -0.0308623 0.328 0
-0.0782744 -0.0248806 0.329 0
-0.07435 -0.0254608 0.328571 0
-0.0715903 -0.0259063 0.328118 0
-0.0681245 -0.0257562 0.3268 0
-0.0648362 -0.0266388 0.326824 0
-0.0613661 -0.027344 0.326714 0
-0.0573869 -0.0270895 0.326889 0
-0.0548195 -0.0271083 0.327111 0
-0.0515298 -0.0275711 0.327 0
-0.0817226 -0.021631 0.3285 0
-0.0784774 -0.0223733 0.328143 0
-0.0756906 -0.0228032 0.3272 0
-0.0717221 -0.0240041 0.3268 0
-0.0687132 -0.0239454 0.326 0
-0.0999841 -0.0182551 0.32875 0
-0.0890063 -0.018365 0.3288 0
-0.0856584 -0.0188318 0.327875 0
-0.0823482 -0.0196136 0.327143 0
-0.0791777 -0.0200515 0.326667 0
-0.10198 -0.0158002 0.326 0
-0.0998125 -0.0156722 0.327478 0
-0.0965023 -0.0151795 0.327833 0
-0.0930457 -0.015339 0.327235 0
-0.0894591 -0.0162661 0.3268 0
-0.0987945 -0.0133211 0.326 0
-0.0963172 -0.0133211 0.326 0
-0.0938399 -0.0133211 0.326 0
-0.00149966 -0.0387657 0.3316 0
0.00065874 -0.0385787 0.33 0
0.00997298 -0.0385787 0.33 0
0.0106895 -0.0385787 0.33 0
-0.0364596 -0.0355666 0.332 0
-0.0331968 -0.0355451 0.3318 0
-0.0295226 -0.0354594 0.331 0
-0.0260734 -0.0365764 0.331333 0
-0.0230678 -0.03692 0.3312 0
-0.0195203 -0.0370092 0.332 0
-0.00973024 -0.0357108 0.33 0
-0.0017215 -0.0374077 0.331846 0
0.00065874 -0.0378617 0.33 0
0.00997298 -0.0378617 0.33 0
0.0126956 -0.0370013 0.33 0
0.0146966 -0.0362343 0.3315 0
-0.0508761 -0.0315993 0.332 0
-0.0465511 -0.0341239 0.332 0
-0.043399 -0.0335075 0.3316 0
-0.0403524 -0.0340623 0.3314 0
-0.0373531 -0.0339526 0.330333 0
-0.0269258 -0.0349938 0.33 0
-0.00973024 -0.0349938 0.33 0
0.0153953 -0.0332998 0.331 0
0.0189863 -0.0340212 0.331 0
0.023059 -0.0324669 0.330818 0
0.0260123 -0.0322199 0.3317 0
0.028054 -0.0315993 0.332 0
0.0370642 -0.0315993 0.332 0
0.0402675 -0.0322889 0.331667 0
0.043868 -0.0322889 0.331667 0
0.0470844 -0.0318948 0.331857 0
-0.0570451 -0.029526 0.3314 0
-0.0539567 -0.0297063 0.331 0
-0.0507235 -0.0302094 0.331 0
-0.0487784 -0.0310504 0.33 0
0.0243762 -0.0300658 0.331 0
0.0258272 -0.0304409 0.331167 0
0.028054 -0.030878 0.332 0
0.0373677 -0.0302921 0.3315 0
0.0398914 -0.0300659 0.330385 0
0.0437798 -0.030785 0.331 0
0.0474884 -0.0308594 0.3318 0
-0.0812655 -0.0250318 0.331 0
-0.0787502 -0.0250318 0.331 0
-0.0769536 -0.0250318 0.331 0
-0.0719446 -0.0274656 0.33 0
-0.0688398 -0.0274656 0.33 0
-0.0980899 -0.0218614 0.332 0
-0.0973691 -0.0218614 0.332 0
-0.0857851 -0.0218483 0.3318 0
-0.082051 -0.0235282 0.331 0
-0.0795469 -0.0235467 0.330333 0
-0.0769536 -0.0243127 0.331 0
-0.0986932 -0.019245 0.3304 0
-0.0966031 -0.0190822 0.331143 0
-0.0926764 -0.0191482 0.3312 0
-0.0896921 -0.0200583 0.3308 0
-0.0867518 -0.0202958 0.33 0
-0.0985737 -0.0170695 0.33 0
-0.0961812 -0.0170902 0.3304 0
-0.0928419 -0.0170695 0.33 0
-0.0255915 -0.0422001 0.336 0
-0.0226204 -0.0420996 0.3352 0
-0.00916506 -0.0421373 0.3355 0
-0.0358046 -0.0389151 0.336 0
-0.0330325 -0.0392071 0.336 0
-0.0298774 -0.0394626 0.336 0
-0.0261314 -0.0401481 0.335111 0
-0.022565 -0.0401842 0.3344 0
-0.0190641 -0.0396761 0.335875 0
-0.0168374 -0.0389151 0.336 0
-0.0113549 -0.0399711 0.335667 0
-0.0088602 -0.0401794 0.334842 0
-0.00520536 -0.040104 0.333579 0
0.0462648 -0.0385501 0.336 0
-0.058784 -0.0356301 0.336 0
-0.0464279 -0.0357055 0.335 0
-0.0436209 -0.0358237 0.3344 0
-0.0401776 -0.0366565 0.334611 0
-0.0370636 -0.036965 0.3342 0
-0.0333573 -0.0371653 0.3334 0
-0.029701 -0.0371206 0.333 0
-0.0266297 -0.0378128 0.333778 0
-0.0225111 -0.0382747 0.3336 0
-0.0200603 -0.0384354 0.335 0
-0.0162487 -0.0372321 0.334 0
-0.012383 -0.0371312 0.335125 0
-0.00854228 -0.0370251 0.333524 0
-0.00529049 -0.0372764 0.333059 0
0.0415231 -0.0359951 0.336 0
0.0437843 -0.0360878 0.335167 0
0.0473064 -0.0368491 0.334957 0
0.0499545 -0.0365538 0.334727 0
-0.0577113 -0.0331972 0.335545 0
-0.0542788 -0.0325479 0.335 0
-0.0505318 -0.0330054 0.334273 0
-0.0473902 -0.0342952 0.333667 0
-0.0448839 -0.0342266 0.333 0
0.0166052 -0.0342952 0.333667 0
0.0192158 -0.0344323 0.335 0
0.0224606 -0.0343911 0.3346 0
0.0262892 -0.0340883 0.334 0
0.0297495 -0.0333209 0.334167 0
0.0333221 -0.0333876 0.334833 0
0.03699 -0.0336663 0.3346 0
0.0402323 -0.0343679 0.334375 0
0.0437468 -0.0342781 0.3335 0
0.0474733 -0.0336214 0.333143 0
0.0498657 -0.0335292 0.33325 0
-0.074794 -0.0287899 0.335 0
-0.0725749 -0.0292499 0.334 0
-0.0675381 -0.029425 0.336 0
-0.0600648 -0.0302495 0.334333 0
-0.0579852 -0.0305648 0.3335 0
-0.0543493 -0.0310082 0.3334 0
-0.0521138 -0.030971 0.333 0
0.029946 -0.030971 0.333 0
0.0328379 -0.030971 0.333 0
-0.0954584 -0.0255079 0.3344 0
-0.0933794 -0.0254195 0.335429 0
-0.0849203 -0.0250077 0.3355 0
-0.0821666 -0.0259934 0.335667 0
-0.0799398 -0.0265049 0.336 0
-0.0762298 -0.0267648 0.334667 0
-0.095998 -0.0226854 0.3335 0
-0.0927687 -0.0226925 0.3336 0
-0.089444 -0.0228092 0.334111 0
-0.085992 -0.0234445 0.334 0
-0.0954934 -0.0204804 0.333 0
-0.0940474 -0.0204803 0.333 0
-0.0332854 -0.0427874 0.339 0
-0.02978 -0.0424513 0.338 0
-0.0274969 -0.0423257 0.337 0
-0.019093 -0.0423508 0.3372 0
-0.0161726 -0.0423676 0.337333 0
-0.0121317 -0.0423257 0.337 0
-0.0420125 -0.0388943 0.339 0
-0.039914 -0.0391107 0.338143 0
-0.0368716 -0.0402668 0.338143 0
-0.0335085 -0.0411504 0.338273 0
-0.0301469 -0.0411662 0.338 0
-0.0274969 -0.0415936 0.337 0
-0.0186719 -0.0412974 0.337143 0
-0.0157284 -0.0401795 0.337059 0
-0.0129548 -0.0402207 0.337 0
0.0164038 -0.0390309 0.337 0
0.0411578 -0.0388943 0.339 0
0.0437931 -0.0392564 0.337889 0
-0.0569469 -0.0357361 0.337 0
-0.0546061 -0.035719 0.338 0
-0.0509097 -0.0355506 0.338333 0
-0.0471899 -0.0369385 0.338429 0
-0.0433938 -0.0374813 0.337333 0
0.0164281 -0.0368879 0.3375 0
0.0187228 -0.0366608 0.338286 0
0.0230047 -0.0366302 0.338 0
0.0261872 -0.0368521 0.337889 0
0.0300118 -0.0361879 0.3378 0
0.0333814 -0.0362629 0.3385 0
0.0366754 -0.0362522 0.3384 0
0.040223 -0.0370166 0.338059 0
0.0436468 -0.0377281 0.337625 0
-0.0637251 -0.0330021 0.339 0
-0.0610312 -0.032995 0.337667 0
-0.0539161 -0.0339559 0.3375 0
-0.0516423 -0.0342717 0.337 0
-0.0928893 -0.0289392 0.338 0
-0.0784455 -0.0285829 0.339 0
-0.0692452 -0.0296877 0.339 0
-0.06372 -0.0301525 0.338 0
-0.0621787 -0.0301351 0.3374 0
-0.0922828 -0.0268632 0.337625 0
-0.0895348 -0.0251791 0.3378 0
-0.0858673 -0.0260612 0.3378 0
-0.0831044 -0.0265838 0.337 0
-0.0785799 -0.0272151 0.338 0
-0.0425082 -0.0423341 0.343 0
-0.0397862 -0.042768 0.342 0
-0.0367353 -0.0432302 0.34125 0
-0.0348567 -0.043569 0.341 0
0.0363944 -0.042293 0.342667 0
-0.0540722 -0.0391008 0.3408 0
-0.0509424 -0.0398118 0.342125 0
-0.0477622 -0.0397481 0.342111 0
-0.0434517 -0.0400404 0.341909 0
-0.0406005 -0.0409193 0.341556 0
-0.0375596 -0.0418161 0.34 0
0.0192582 -0.0396332 0.3422 0
0.0228415 -0.0400181 0.341857 0
0.0260526 -0.0401054 0.342 0
0.0296849 -0.0404132 0.3425 0
0.0334424 -0.0404595 0.3429 0
0.0368883 -0.0402586 0.341889 0
0.0399659 -0.040046 0.340818 0
0.0423865 -0.040117 0.34 0
-0.0540516 -0.0376053 0.340667 0
-0.0507629 -0.0376332 0.340917 0
-0.0478638 -0.0380663 0.341 0
-0.0448516 -0.0383829 0.341 0
0.0199099 -0.0379753 0.340667 0
0.0220863 -0.037901 0.34 0
0.0279918 -0.0379009 0.34 0
0.0298373 -0.0379009 0.34 0
0.033238 -0.0379901 0.3408 0
0.0369359 -0.0379901 0.3408 0
0.0390647 -0.0375316 0.34 0
-0.0916587 -0.031901 0.343 0
-0.0901693 -0.031901 0.343 0
-0.0789987 -0.031901 0.343 0
-0.0760199 -0.031901 0.343 0
-0.0711794 -0.031901 0.343 0
-0.0680503 -0.0329498 0.341 0
-0.0658611 -0.0331519 0.340533 0
-0.0626203 -0.034308 0.341 0
-0.0916164 -0.0296578 0.341 0
-0.0893623 -0.0294847 0.342391 0
-0.0858895 -0.0294598 0.341923 0
-0.0823203 -0.0295227 0.341333 0
-0.0787539 -0.0303172 0.341933 0
-0.0761387 -0.0306386 0.3422 0
-0.0714379 -0.0301214 0.3414 0
-0.0681071 -0.0305745 0.340667 0
-0.0660538 -0.0304401 0.34 0
-0.0893806 -0.0268205 0.34 0
-0.0858373 -0.0274853 0.34 0
-0.0819987 -0.0279285 0.34 0
-0.0458849 -0.0427044 0.346 0
-0.0434951 -0.0434559 0.345455 0
-0.040765 -0.0435786 0.344 0
0.0295901 -0.0434031 0.345143 0
0.0329269 -0.0427066 0.344 0
0.035043 -0.0424575 0.344 0
-0.0562389 -0.0407071 0.345 0
-0.0543277 -0.0406775 0.34475 0
-0.0505988 -0.040589 0.344 0
-0.0463753 -0.0408513 0.344857 0
-0.0445276 -0.0413587 0.3448 0
0.0167932 -0.0414566 0.345 0
0.0194149 -0.0414566 0.345 0
0.0227855 -0.0414566 0.345 0
0.0263532 -0.0413765 0.344333 0
-0.0885327 -0.0351192 0.345333 0
-0.0872019 -0.035187 0.346 0
-0.0889101 -0.0332549 0.344667 0
-0.0858404 -0.0329556 0.34525 0
-0.0822909 -0.0328216 0.344833 0
-0.0788003 -0.0332499 0.3454 0
-0.0745905 -0.0320871 0.345 0
-0.0716877 -0.0329311 0.345 0
-0.0695197 -0.0331151 0.344 0
-0.088565 -0.0312467 0.344 0
-0.0859509 -0.0312467 0.344 0
-0.08259 -0.0312467 0.344 0
-0.0745905 -0.0313375 0.345 0
-0.0728806 -0.0312467 0.344 0
0.01653 -0.0471269 0.35 0
0.019063 -0.0471269 0.35 0
0.0223559 -0.04662 0.35 0
-0.0500478 -0.0434341 0.348833 0
-0.0474074 -0.0434029 0.347714 0
-0.0452641 -0.0439586 0.347 0
0.0135781 -0.0434537 0.349 0
0.0160187 -0.0441287 0.349 0
0.0192192 -0.0441176 0.34825 0
0.0226655 -0.0442009 0.3489 0
0.0264201 -0.0441502 0.3485 0
-0.0858308 -0.0385913 0.3496 0
-0.0832706 -0.0386355 0.35 0
-0.0882073 -0.0364195 0.347 0
-0.0859001 -0.0366549 0.348714 0
-0.0823922 -0.0363554 0.348533 0
-0.0790624 -0.0361774 0.348846 0
-0.0752477 -0.0355735 0.3498 0
-0.0715651 -0.0354412 0.3485 0
-0.0857545 -0.0346094 0.34775 0
-0.0822284 -0.0345547 0.3472 0
-0.0785918 -0.0346144 0.3478 0
-0.075349 -0.0338738 0.347933 0
-0.0720899 -0.0342573 0.348 0
0.0110513 -0.0500873 0.353 0
-0.00768215 -0.0463719 0.351 0
-0.00584303 -0.0460475 0.351857 0
-0.00274422 -0.0458692 0.353 0
0.00949148 -0.0457392 0.352 0
0.0121657 -0.0472748 0.35204 0
0.014926 -0.0476429 0.351 0
0.024325 -0.0467532 0.351 0
0.0256967 -0.0466769 0.351 0
-0.0841286 -0.0430625 0.352 0
-0.0823482 -0.043484 0.352833 0
-0.0529445 -0.0431848 0.353 0
-0.0521781 -0.0431848 0.353 0
-0.00768215 -0.0440841 0.351 0
-0.00584303 -0.0446294 0.351857 0
-0.00274422 -0.0451022 0.353 0
0.00949148 -0.0449744 0.352 0
0.0123081 -0.0443667 0.351222 0
0.014418 -0.0448467 0.351 0
-0.0850725 -0.0406721 0.351167 0
-0.0822522 -0.0403595 0.351762 0
-0.0792158 -0.0394932 0.352091 0
-0.0763202 -0.0389667 0.353 0
-0.0816033 -0.0379833 0.351 0
-0.078096 -0.0374989 0.351222 0
-0.0755358 -0.0371954 0.3522 0
-0.0719006 -0.0369443 0.352 0
-0.0290472 -0.0497395 0.356 0
-0.0270618 -0.0503964 0.357 0
-0.00890069 -0.0490756 0.354 0
-0.00277532 -0.0494915 0.357 0
0.00650762 -0.0501263 0.356 0
0.00878813 -0.0499151 0.3545 0
-0.080673 -0.0467767 0.357 0
-0.0798979 -0.0467767 0.357 0
-0.0275013 -0.0485794 0.356 0
-0.00890069 -0.0475373 0.354 0
-0.00506987 -0.047286 0.355 0
-0.00277532 -0.0479402 0.357 0
0.00303794 -0.0475524 0.357 0
0.00554788 -0.0476792 0.3565 0
0.00878813 -0.0476045 0.3545 0
-0.0812625 -0.0441396 0.3545 0
-0.0790502 -0.0435217 0.355579 0
-0.0762893 -0.0429523 0.3568 0
-0.0671086 -0.0425107 0.357 0
-0.0781578 -0.0408183 0.354545 0
-0.0751669 -0.0404523 0.355937 0
-0.0716562 -0.039931 0.356214 0
-0.0682712 -0.0403223 0.3565 0
-0.0746844 -0.038344 0.354333 0
-0.0714198 -0.0379955 0.354667 0
-0.0687545 -0.0377852 0.3545 0
0.00227902 -0.0529869 0.359667 0
0.0038344 -0.0528886 0.359 0
-0.0793969 -0.0491252 0.36 0
-0.00497262 -0.0500513 0.3588 0
-0.00136568 -0.0502984 0.36 0
0.00188916 -0.050658 0.359778 0
0.00452754 -0.0506202 0.3584 0
-0.0784761 -0.0468544 0.358857 0
-0.0755258 -0.0464612 0.359556 0
-0.0715807 -0.0459966 0.36 0
-0.0680634 -0.0459966 0.36 0
-0.0657186 -0.0459966 0.36 0
-0.0548604 -0.0457411 0.358 0
-0.00433763 -0.0488523 0.358 0
-0.00083991 -0.0476856 0.358 0
0.00149474 -0.04812 0.358333 0
0.00460455 -0.0488978 0.358333 0
-0.0781785 -0.0449632 0.358 0
-0.0749194 -0.0440801 0.3584 0
-0.0716788 -0.0438524 0.358947 0
-0.0682755 -0.0441789 0.3592 0
-0.0648606 -0.0436652 0.359313 0
-0.0625342 -0.0436104 0.359667 0
-0.0548604 -0.0441854 0.358 0
-0.0742922 -0.041852 0.358 0
-0.0715717 -0.041852 0.358 0
-0.0688512 -0.041852 0.358 0
-0.0646832 -0.0419221 0.3586 0
-0.0624183 -0.0419689 0.359 0
-0.077513 -0.0528344 0.364 0
-0.0759324 -0.0528344 0.364 0
-0.0264658 -0.0526893 0.363 0
-0.00757153 -0.0528344 0.364 0
-0.00518505 -0.0534541 0.362833 0
-0.00196664 -0.0534074 0.361 0
0.000720622 -0.0531833 0.361 0
-0.0777938 -0.0503432 0.362 0
-0.0751785 -0.0506576 0.363059 0
-0.07198 -0.050077 0.363111 0
-0.0683295 -0.0496028 0.3635 0
-0.0656585 -0.049671 0.364 0
-0.0264658 -0.0519006 0.363 0
-0.00756113 -0.0507885 0.3635 0
-0.00594155 -0.0512225 0.361 0
-0.00145656 -0.0518761 0.361 0
0.000720622 -0.052399 0.361 0
-0.0777289 -0.0485221 0.361333 0
-0.0747626 -0.0478252 0.3614 0
-0.0717348 -0.0478256 0.361538 0
-0.0683681 -0.0477986 0.362214 0
-0.0647929 -0.0475318 0.36275 0
-0.0615766 -0.0465317 0.363231 0
-0.0575513 -0.0467177 0.363429 0
-0.0553846 -0.0476939 0.364 0
-0.0643923 -0.0453819 0.361333 0
-0.0611175 -0.0443626 0.361556 0
-0.0578311 -0.0442859 0.362 0
-0.0745662 -0.0564593 0.367 0
-0.0148849 -0.0569377 0.367 0
-0.0126508 -0.0571616 0.3669 0
-0.00879677 -0.0562439 0.3656 0
-0.0748236 -0.0542691 0.365667 0
-0.0722211 -0.0537369 0.366556 0
-0.0681917 -0.0532699 0.367 0
-0.0175941 -0.0532699 0.367 0
-0.0153263 -0.0543739 0.367 0
-0.0124072 -0.0544288 0.36675 0
-0.00892222 -0.0543511 0.365333 0
-0.0741598 -0.0521865 0.365 0
-0.07134 -0.0517532 0.365667 0
-0.0682884 -0.0514784 0.366 0
-0.064341 -0.0507035 0.366143 0
-0.0611108 -0.0502852 0.366222 0
-0.0579359 -0.0503072 0.366571 0
-0.0550443 -0.0496817 0.367 0
-0.0181917 -0.0518745 0.367 0
-0.0156021 -0.0520738 0.367 0
-0.0123995 -0.0520028 0.3665 0
-0.00957351 -0.05179 0.365 0
-0.0606878 -0.047825 0.365 0
-0.0591029 -0.047825 0.365 0
-0.0671425 -0.0633519 0.37 0
-0.065713 -0.0635231 0.371 0
-0.0707574 -0.0601363 0.37 0
-0.0679726 -0.061101 0.37 0
-0.06563 -0.061312 0.370857 0
-0.025438 -0.0602989 0.371 0
-0.0234243 -0.0609034 0.371 0
-0.0193049 -0.0600063 0.3692 0
-0.016843 -0.0598113 0.368 0
-0.0735709 -0.0574127 0.368 0
-0.0716146 -0.0576447 0.368692 0
-0.0682824 -0.0580725 0.36965 0
-0.0647802 -0.0577684 0.370278 0
-0.0622896 -0.0570747 0.371 0
-0.0294656 -0.0566716 0.371 0
-0.0261379 -0.0576676 0.370778 0
-0.0229976 -0.0578187 0.3706 0
-0.0192993 -0.0579856 0.3691 0
-0.0162438 -0.0578124 0.368 0
-0.0735709 -0.0558136 0.368 0
-0.0713528 -0.0551092 0.3681 0
-0.0680636 -0.0550844 0.368467 0
-0.064757 -0.0539219 0.368579 0
-0.0612033 -0.0541166 0.369444 0
-0.0577078 -0.0540039 0.369889 0
-0.0546066 -0.0538887 0.370333 0
-0.0504926 -0.054034 0.370875 0
-0.0473041 -0.0543069 0.370571 0
-0.0443672 -0.0550596 0.371 0
-0.02866 -0.0550596 0.371 0
-0.0258837 -0.0543287 0.369667 0
-0.0228825 -0.0539261 0.36875 0
-0.0193979 -0.054371 0.368348 0
-0.016843 -0.0550141 0.368 0
-0.0567922 -0.0514162 0.368 0
-0.0544531 -0.051472 0.3684 0
-0.0517391 -0.0515558 0.369 0
-0.0204385 -0.0518159 0.368 0
-0.0641273 -0.0638153 0.3735 0
-0.0333235 -0.0635624 0.3736 0
-0.0641097 -0.0613206 0.372308 0
-0.0615875 -0.0608681 0.373667 0
-0.0361999 -0.0603802 0.374 0
-0.0333235 -0.0611273 0.3736 0
-0.0295654 -0.060907 0.37225 0
-0.0265835 -0.0611349 0.372 0
-0.0608288 -0.0579544 0.372333 0
-0.0580071 -0.0578279 0.37325 0
-0.0543823 -0.0570383 0.3734 0
-0.050647 -0.056939 0.37275 0
-0.0474191 -0.0574934 0.372833 0
-0.0438897 -0.0570993 0.3738 0
-0.041072 -0.0571299 0.374 0
-0.0357939 -0.0587551 0.374 0
-0.0333235 -0.0586922 0.3736 0
-0.029545 -0.0584408 0.372 0
-0.0533712 -0.0552079 0.372 0
-0.0517559 -0.0552079 0.372 0
-0.0636156 -0.067536 0.3772 0
-0.062439 -0.0680067 0.378 0
-0.0636834 -0.0655464 0.375667 0
-0.0615627 -0.0643855 0.376833 0
-0.0579251 -0.064311 0.378 0
-0.054232 -0.064311 0.378 0
-0.0503747 -0.0640646 0.378 0
-0.0480768 -0.0630791 0.378 0
-0.0398699 -0.064311 0.378 0
-0.0371615 -0.0638857 0.3755 0
-0.0602321 -0.0618881 0.37575 0
-0.0576562 -0.061562 0.37625 0
-0.0544255 -0.0616028 0.3765 0
-0.0508906 -0.0614757 0.376556 0
-0.0473202 -0.0611432 0.3772 0
-0.0439734 -0.0610259 0.378 0
-0.0403115 -0.0614106 0.377 0
-0.037416 -0.0616832 0.375333 0
-0.0562441 -0.0589122 0.375 0
-0.0542087 -0.0589122 0.375 0
-0.050952 -0.0589122 0.375 0
-0.0470168 -0.0589121 0.375 0
-0.0437407 -0.0590693 0.376 0
-0.0404752 -0.0590692 0.376 0
-0.037518 -0.0589121 0.375 0
-0.0567304 -0.070202 0.381 0
-0.0541787 -0.0701099 0.3805 0
-0.0516313 -0.0700177 0.38 0
-0.0609026 -0.0678314 0.379846 0
-0.0575141 -0.0678022 0.380533 0
-0.0540539 -0.0678879 0.379625 0
-0.0505963 -0.0680238 0.379111 0
-0.0474426 -0.067452 0.3795 0
-0.0441 -0.0675594 0.380462 0
-0.0413184 -0.0667153 0.38 0
-0.0610113 -0.0657741 0.379333 0
-0.0579003 -0.0652251 0.379333 0
-0.0539641 -0.0657163 0.379 0
-0.0506726 -0.0657163 0.379 0
-0.0473162 -0.064731 0.379429 0
-0.0438222 -0.0646943 0.38025 0
-0.0412912 -0.0646096 0.37975 0
-0.0465582 -0.0624226 0.379 0
-0.0437713 -0.0625544 0.3798 0
-0.0412096 -0.0624226 0.379 0
-0.0581234 -0.0703862 0.382 0
-0.0601969 -0.0695563 0.382 0
-0.0585381 -0.0695563 0.382 0
0.300313 -0.168983 0.4646 0
0.301492 -0.168804 0.463 0
0.300379 -0.166648 0.464 0
0.302246 -0.166289 0.463 0
0.304508 -0.166289 0.463 0
0.300487 -0.163774 0.463 0
0.301492 -0.163774 0.463 0
0.300041 -0.165697 0.467 0
0.301562 -0.165697 0.467 0
0.299845 -0.165693 0.469875 0
0.302989 -0.165229 0.47 0
0.300181 -0.163759 0.470667 0
0.302989 -0.164208 0.47 0
0.302869 -0.169881 0.473 0
0.300301 -0.166798 0.473 0
