0.0346219 0.0444196 0.178 0
0.0365644 0.0444704 0.177647 0
0.0386153 0.0443551 0.178 0
0.0276286 0.0413976 0.182 0
0.0294102 0.0414184 0.181875 0
0.0343584 0.0417419 0.1805 0
0.0358617 0.0417165 0.181667 0
0.0302661 0.0428105 0.1814 0
0.0334079 0.043252 0.180169 0
0.0368603 0.0430929 0.180407 0
0.0393464 0.0436894 0.1811 0
0.0127706 0.0337398 0.185 0
0.0151706 0.0337598 0.185 0
0.0182922 0.0346499 0.1845 0
0.0132225 0.0352471 0.185 0
0.0157664 0.0357469 0.185 0
0.018679 0.0360997 0.184385 0
0.0411881 0.0381237 0.184333 0
0.0435254 0.0374912 0.184364 0
0.0277804 0.0406311 0.183 0
0.0290946 0.0402641 0.183 0
0.0374207 0.0406697 0.184 0
0.040244 0.040329 0.184241 0
0.0430277 0.0403099 0.183927 0
0.0375148 0.0422215 0.183 0
0.0405795 0.0428566 0.183118 0
0.042382 0.0426191 0.183 0
0.0293068 0.0204052 0.189 0
0.0300983 0.0226401 0.188815 0
0.0325032 0.0231823 0.189 0
-0.0107021 0.026154 0.189 0
-0.00838924 0.0263033 0.189 0
-0.00510394 0.0267521 0.188879 0
-0.00160122 0.0270631 0.188617 0
0.00178954 0.0267058 0.188954 0
0.00459474 0.0271806 0.189 0
0.0279816 0.0275024 0.187 0
0.0300003 0.0263209 0.1879 0
0.0325344 0.0260327 0.188905 0
-0.000713188 0.0286025 0.188 0
0.00200803 0.0290553 0.18802 0
0.00525168 0.0296674 0.187736 0
0.00848979 0.0302429 0.187137 0
0.0114479 0.0310212 0.186 0
0.027965 0.0297183 0.186889 0
0.0298433 0.0297684 0.187208 0
0.033144 0.0298415 0.188328 0
0.035462 0.0312869 0.189 0
0.00584247 0.0319138 0.186667 0
0.00912624 0.0326565 0.186118 0
0.0117709 0.0326261 0.186 0
0.027832 0.0318006 0.186 0
0.03006 0.0331407 0.18606 0
0.0332062 0.0331644 0.186925 0
0.0364072 0.0338275 0.188625 0
0.0405058 0.0342829 0.188917 0
0.0438747 0.0342205 0.188692 0
0.0464706 0.0333383 0.188788 0
0.0306413 0.035868 0.186 0
0.0334964 0.036536 0.186127 0
0.0367082 0.0367639 0.186625 0
0.0402806 0.0367349 0.186623 0
0.0437079 0.0357869 0.186915 0
0.0460489 0.0354249 0.187 0
0.0346972 0.0388725 0.186 0
0.0367164 0.0388725 0.186 0
0.0391394 0.0388725 0.186 0
-0.0365387 0.013131 0.192 0
0.0208095 0.0136376 0.192 0
0.0226853 0.0136376 0.192 0
0.0245612 0.013429 0.192 0
0.013306 0.0153062 0.192 0
0.0155987 0.0155445 0.192 0
0.0208095 0.0144718 0.192 0
0.0229695 0.0146994 0.192 0
0.0260497 0.0160214 0.191833 0
0.0296482 0.0166131 0.191897 0
0.0331918 0.0166426 0.192 0
0.035608 0.0171833 0.192 0
-0.0221272 0.0209376 0.192 0
0.0268067 0.0182251 0.19063 0
0.0298047 0.0188312 0.19047 0
0.0333745 0.0191717 0.191288 0
0.0357298 0.0194498 0.191826 0
-0.0217521 0.0221056 0.192 0
-0.0190828 0.0223868 0.191706 0
-0.0157332 0.0231045 0.191078 0
-0.0122668 0.023523 0.191 0
-0.00894071 0.0234644 0.191476 0
-0.00520552 0.0233021 0.191955 0
-0.00207167 0.0235971 0.191062 0
0.000379275 0.0242284 0.19 0
0.0337326 0.0222008 0.19 0
0.0361087 0.0227927 0.191439 0
-0.0148839 0.0248476 0.19 0
-0.0120713 0.0252416 0.19 0
-0.00866357 0.0251162 0.190343 0
-0.00512512 0.0252542 0.190857 0
-0.00186332 0.025337 0.19035 0
0.000874296 0.0253842 0.19 0
0.0342883 0.0264575 0.19 0
0.0366101 0.0263057 0.191151 0
0.0387345 0.0269863 0.192 0
0.0483223 0.027612 0.192 0
0.049156 0.027612 0.192 0
0.0343708 0.0283977 0.19 0
0.0366884 0.0296738 0.190266 0
0.0399988 0.0298951 0.191492 0
0.0437987 0.0305653 0.1915 0
0.0473194 0.0298991 0.190853 0
0.049156 0.0280292 0.192 0
0.0374261 0.0325925 0.190077 0
0.0402052 0.032525 0.19044 0
0.0435797 0.0325072 0.190292 0
0.0464576 0.0321129 0.19 0
-0.0570574 0.00348862 0.196 0
-0.0547169 0.00348862 0.196 0
-0.0567737 0.00419834 0.196 0
-0.0541495 0.00465257 0.196 0
-0.0508615 0.00543082 0.195652 0
-0.0473244 0.00608048 0.195244 0
-0.0444603 0.00665346 0.195727 0
0.0167748 0.00689533 0.196 0
0.019328 0.00646949 0.196 0
0.0227324 0.00689533 0.196 0
-0.0466583 0.0076898 0.194048 0
-0.0435575 0.00844391 0.194558 0
-0.040348 0.00928881 0.194936 0
-0.0368904 0.00977685 0.195296 0
-0.0339163 0.0101542 0.195889 0
-0.000289621 0.0100465 0.196 0
0.00217081 0.00981812 0.196 0
0.00539033 0.0096084 0.195969 0
0.0080496 0.00944825 0.19596 0
0.013264 0.00945036 0.196 0
0.0159418 0.00892692 0.195517 0
0.0192541 0.00877489 0.19525 0
0.0226606 0.00878099 0.195375 0
0.0260498 0.00914807 0.19592 0
0.0297345 0.00901785 0.195873 0
0.0332466 0.00909833 0.195846 0
0.0363499 0.00960243 0.196 0
-0.0421543 0.0106184 0.194 0
-0.0397707 0.0108098 0.193667 0
-0.0364711 0.0118253 0.193464 0
-0.0333456 0.012403 0.194481 0
-0.0310687 0.0128419 0.194857 0
-0.00867287 0.0134532 0.196 0
-0.00514084 0.0130168 0.196 0
-0.0014055 0.0122704 0.196 0
0.00180974 0.0116505 0.196 0
0.00527444 0.0115601 0.195675 0
0.0076973 0.0112114 0.195308 0
0.012442 0.0129462 0.193 0
0.0158226 0.0123749 0.193333 0
0.0191674 0.0122732 0.193368 0
0.0227039 0.0118611 0.193679 0
0.0262492 0.0122705 0.19426 0
0.0296891 0.0123015 0.194356 0
0.0331833 0.0123798 0.194595 0
0.0367042 0.0122162 0.195273 0
0.0390924 0.0124231 0.195882 0
-0.0356515 0.0146521 0.193 0
-0.033091 0.0156449 0.193371 0
-0.0299086 0.0159828 0.193936 0
-0.0261865 0.0164535 0.19492 0
-0.0227234 0.0164192 0.195333 0
-0.0194771 0.0165371 0.195286 0
-0.0167371 0.0169537 0.195375 0
-0.00833243 0.0154121 0.196 0
-0.00588555 0.0150395 0.196 0
0.012188 0.0148268 0.193 0
0.0267843 0.0147569 0.193 0
0.0298142 0.0150472 0.193 0
0.0327725 0.0151196 0.193074 0
0.0374548 0.0154772 0.194894 0
0.0393064 0.015828 0.195889 0
-0.0322992 0.0180066 0.193 0
-0.029559 0.0188575 0.193538 0
-0.0263038 0.0192201 0.194015 0
-0.0227505 0.0192321 0.193765 0
-0.0192701 0.0193089 0.194151 0
-0.0157602 0.0192597 0.19453 0
-0.012389 0.0196627 0.194154 0
-0.00924042 0.020144 0.1936 0
0.0374449 0.019106 0.193528 0
0.0399932 0.019493 0.195149 0
0.04235 0.0206925 0.196 0
-0.0282546 0.0211557 0.194 0
-0.0258046 0.0213396 0.193214 0
-0.0231026 0.0214219 0.193 0
-0.0193092 0.0212563 0.193 0
-0.0155928 0.0213618 0.193111 0
-0.0122044 0.0217063 0.193278 0
-0.00848425 0.0218155 0.193 0
-0.00624941 0.0218154 0.193 0
0.0378048 0.0225563 0.193 0
0.0400466 0.0227521 0.194483 0
0.0433621 0.0231327 0.196 0
0.047979 0.0239081 0.194 0
0.0497892 0.0238981 0.193 0
0.0403363 0.0261926 0.194017 0
0.0438167 0.0263673 0.195368 0
0.0473014 0.026156 0.194024 0
0.0498311 0.0260786 0.193 0
0.041199 0.0285526 0.193 0
0.043893 0.029032 0.193487 0
0.0464828 0.0285554 0.193143 0
-0.074997 -0.00287128 0.199 0
-0.0710889 -0.00111565 0.199 0
-0.0680713 -0.00102561 0.198667 0
-0.0658402 -0.000564667 0.19875 0
-0.067527 0.000297832 0.198 0
-0.0644877 0.00082403 0.198278 0
-0.0612537 0.00136296 0.19812 0
-0.0578701 0.00201411 0.197815 0
-0.0543786 0.00217899 0.197905 0
-0.0512913 0.00265104 0.198545 0
0.00990254 0.00289348 0.199 0
0.0123797 0.00248995 0.199 0
0.0159474 0.00206741 0.198954 0
0.0191496 0.00159086 0.198563 0
0.0223647 0.00191886 0.198875 0
0.0263208 0.0024323 0.199 0
0.0292252 0.00222092 0.199 0
-0.0530713 0.00372042 0.197 0
-0.0503788 0.00388121 0.197273 0
-0.0472147 0.00436004 0.198056 0
-0.0438818 0.00571719 0.197947 0
-0.0414689 0.00668918 0.198333 0
-0.0101882 0.00635233 0.199 0
-0.00516005 0.00610075 0.19875 0
-0.00160587 0.00594065 0.198471 0
0.00200163 0.00539062 0.198409 0
0.00524365 0.00549375 0.198323 0
0.00888336 0.00538421 0.198182 0
0.0122069 0.00523927 0.197833 0
0.0155985 0.00516435 0.197869 0
0.0191179 0.00467801 0.197333 0
0.0228495 0.00497632 0.197515 0
0.0263294 0.00522782 0.197444 0
0.0297613 0.00527802 0.197743 0
0.0331299 0.00532956 0.198 0
0.0366623 0.00581304 0.19838 0
0.0391147 0.00635659 0.198545 0
-0.0425922 0.00735852 0.197 0
-0.0400904 0.00766553 0.197857 0
-0.0366136 0.00838355 0.198222 0
-0.033504 0.00865463 0.198167 0
-0.0214217 0.0104597 0.199 0
-0.0189166 0.00946526 0.1981 0
-0.0158679 0.00889214 0.198438 0
-0.0122461 0.00901937 0.198733 0
-0.0088795 0.00871625 0.198722 0
-0.00546323 0.0087878 0.198059 0
-0.00185603 0.00877137 0.197194 0
0.00177739 0.00787889 0.197269 0
0.00520506 0.00805404 0.197 0
0.00894758 0.00800053 0.197 0
0.0120767 0.00818075 0.197 0
0.0147023 0.00770871 0.197 0
0.0265451 0.00763367 0.197 0
0.0296919 0.00735852 0.197 0
0.033413 0.00748692 0.197 0
0.0371019 0.00822875 0.197079 0
0.0403562 0.00883595 0.198224 0
-0.0214217 0.0113244 0.199 0
-0.0191646 0.0116977 0.198 0
-0.0156682 0.0122426 0.198 0
-0.012256 0.0123098 0.1975 0
-0.0094084 0.0118482 0.197588 0
-0.00544655 0.0113713 0.197143 0
-0.00257701 0.0114008 0.197 0
0.0407462 0.0121458 0.197541 0
0.042523 0.0121891 0.199 0
-0.0148657 0.0142788 0.198 0
-0.0120411 0.0147876 0.197 0
-0.0100858 0.0150627 0.197 0
0.0410213 0.0157834 0.198 0
0.0511642 0.0171613 0.199 0
0.0414523 0.0185658 0.1974 0
0.0431403 0.0194304 0.198067 0
0.0487879 0.0193231 0.199 0
0.0501957 0.0186789 0.198714 0
0.0438065 0.023837 0.197 0
-0.0509414 -0.0107208 0.203 0
-0.0474155 -0.0105003 0.203 0
-0.0438895 -0.0108973 0.203 0
-0.0403636 -0.0108311 0.203 0
-0.0377191 -0.0105003 0.203 0
-0.0888558 -0.00850096 0.20287 0
-0.0857983 -0.00829388 0.202385 0
-0.0822601 -0.00822045 0.2022 0
-0.0789883 -0.0077589 0.202591 0
-0.0765046 -0.00741298 0.203 0
-0.0509414 -0.00873612 0.203 0
-0.0473791 -0.00857115 0.20284 0
-0.0437809 -0.00871639 0.2025 0
-0.0402646 -0.00871639 0.2025 0
-0.0368351 -0.00861955 0.202615 0
-0.0334524 -0.0080008 0.202714 0
-0.031108 -0.0076335 0.203 0
-0.084697 -0.00668489 0.201 0
-0.0820301 -0.0060541 0.201 0
-0.0786292 -0.00561974 0.20075 0
-0.0753464 -0.00531626 0.201389 0
-0.071721 -0.00489781 0.20212 0
-0.0684571 -0.0043189 0.202667 0
-0.0650452 -0.00410512 0.203 0
-0.050605 -0.00596216 0.203 0
-0.0472992 -0.00546199 0.20271 0
-0.0436803 -0.00540216 0.202031 0
-0.0401647 -0.00540152 0.202 0
-0.0367084 -0.00543312 0.201414 0
-0.0332835 -0.00539538 0.201182 0
-0.0299688 -0.00520602 0.202267 0
-0.0266638 -0.00447266 0.203 0
0.0164924 -0.00410512 0.203 0
0.0191007 -0.00453859 0.202625 0
0.0227039 -0.00511103 0.202462 0
0.0260228 -0.00489928 0.202636 0
0.0294142 -0.00434569 0.203 0
0.0332406 -0.00410512 0.203 0
0.035224 -0.00410512 0.203 0
-0.0741798 -0.00295813 0.2 0
-0.0719105 -0.00277203 0.200353 0
-0.0682913 -0.00275425 0.200889 0
-0.0646997 -0.00205161 0.20125 0
-0.0614362 -0.00154491 0.201862 0
-0.0577334 -0.000990173 0.202412 0
-0.0545977 -0.000816796 0.202818 0
-0.0516025 -0.000576742 0.203 0
-0.0463136 -0.00322303 0.203 0
-0.0435012 -0.00229893 0.203 0
-0.0402158 -0.00189205 0.20225 0
-0.0367729 -0.00188456 0.201429 0
-0.033312 -0.00187428 0.200344 0
-0.0299799 -0.00179244 0.200767 0
-0.026256 -0.00181512 0.202 0
-0.0233398 -0.00134857 0.203 0
-0.0119356 -0.000576741 0.203 0
-0.00852718 -0.000988385 0.203 0
-0.00510297 -0.00101761 0.202938 0
-0.00157423 -0.00101637 0.2025 0
0.00200906 -0.00141762 0.202391 0
0.00527475 -0.00107221 0.20275 0
0.00889384 -0.00128128 0.2026 0
0.0123172 -0.00128926 0.202524 0
0.0158787 -0.00181999 0.201645 0
0.019304 -0.0019225 0.200788 0
0.0228228 -0.00187888 0.200531 0
0.0262653 -0.00182555 0.201 0
0.0297001 -0.00188816 0.201406 0
0.033207 -0.00195328 0.202167 0
0.0365845 -0.00176148 0.202621 0
0.0399326 -0.00101759 0.202929 0
0.0422759 -0.000576741 0.203 0
-0.0597417 0.00030084 0.2 0
-0.0576764 0.000301404 0.200375 0
-0.053935 0.0006124 0.200786 0
-0.050557 0.00124454 0.20144 0
-0.0474059 0.00180012 0.201968 0
-0.0438644 0.00185319 0.20268 0
-0.0402054 0.00162077 0.2022 0
-0.0364807 0.00100605 0.202 0
-0.0332736 0.00161744 0.201429 0
-0.029902 0.00161054 0.200813 0
-0.0263613 0.00147194 0.20075 0
-0.0227927 0.00163136 0.202061 0
-0.0193061 0.00131055 0.202714 0
-0.0156555 0.00151074 0.201966 0
-0.0122326 0.00162751 0.201515 0
-0.00850831 0.00157077 0.20129 0
-0.00506164 0.00161319 0.201313 0
-0.00156235 0.00161023 0.200875 0
0.00192591 0.00160822 0.200719 0
0.00541985 0.00160919 0.201 0
0.00877627 0.0014714 0.200517 0
0.0122761 0.00081267 0.200412 0
0.0153368 0.000561558 0.2 0
0.0235763 0.000626737 0.2 0
0.0260444 0.000863172 0.2 0
0.0301662 0.00079766 0.200143 0
0.0332421 0.00164969 0.200645 0
0.0367553 0.00162787 0.201419 0
0.0401374 0.00155716 0.2017 0
0.0430883 0.00196652 0.202556 0
-0.0458463 0.00377708 0.2 0
-0.0434298 0.00430435 0.200824 0
-0.0402333 0.00505416 0.20125 0
-0.0368968 0.00581512 0.200389 0
-0.0329709 0.00531564 0.2008 0
-0.0299063 0.00510284 0.200844 0
-0.0273421 0.0047963 0.200167 0
-0.0229462 0.00379596 0.201 0
-0.0155274 0.00379596 0.201 0
-0.0137818 0.00379596 0.201 0
-0.00875062 0.00508066 0.2 0
-0.00539774 0.00434196 0.2 0
-0.00180531 0.00411133 0.2 0
0.000833468 0.00377708 0.2 0
0.00604423 0.00377707 0.2 0
0.00778115 0.00377707 0.2 0
0.0344863 0.00377708 0.2 0
0.036918 0.00395089 0.2 0
0.0403349 0.0049085 0.200375 0
0.0437502 0.0050763 0.2022 0
0.0460222 0.00648001 0.203 0
-0.0386815 0.00725331 0.2 0
-0.0369446 0.00725331 0.2 0
-0.0326023 0.00725331 0.2 0
-0.0296117 0.00728354 0.200833 0
0.0416511 0.00725331 0.2 0
0.043739 0.00854223 0.20088 0
0.0459655 0.0086751 0.20275 0
0.044044 0.0121488 0.2012 0
0.0460222 0.0122137 0.203 0
0.0521485 0.0134927 0.203 0
0.0532945 0.0133163 0.203 0
0.0438261 0.0157318 0.201 0
0.0472618 0.0158996 0.202695 0
0.0506931 0.0157551 0.201689 0
0.0530789 0.0148972 0.201923 0
0.0445561 0.0184502 0.200636 0
0.0472951 0.0188436 0.20107 0
0.0493322 0.0179284 0.200333 0
-0.0496816 -0.0180403 0.206 0
-0.0483398 -0.0180403 0.206 0
-0.101563 -0.0144598 0.206 0
-0.100669 -0.0144598 0.206 0
-0.0710467 -0.0152172 0.206 0
-0.0694248 -0.0150992 0.206 0
-0.0633229 -0.0144598 0.206 0
-0.0610866 -0.0149073 0.206 0
-0.0575526 -0.0151979 0.205889 0
-0.0544095 -0.0150253 0.205556 0
-0.0507091 -0.015657 0.205423 0
-0.0473979 -0.0157241 0.205313 0
-0.0440941 -0.0150502 0.20554 0
-0.0401222 -0.0146574 0.20588 0
-0.037382 -0.014236 0.206 0
-0.101899 -0.0133409 0.206 0
-0.099634 -0.0127428 0.205555 0
-0.0964984 -0.0118228 0.205 0
-0.0930206 -0.0115812 0.205304 0
-0.0892697 -0.0113005 0.2055 0
-0.0857003 -0.0113005 0.2055 0
-0.0824975 -0.0110372 0.205909 0
-0.0796478 -0.0108793 0.206 0
-0.0707027 -0.0135646 0.206 0
-0.0693609 -0.0135646 0.206 0
-0.0644645 -0.0120229 0.20596 0
-0.0610949 -0.0121211 0.205069 0
-0.0577599 -0.0122183 0.204933 0
-0.0542204 -0.0121315 0.204262 0
-0.0506621 -0.0123719 0.20404 0
-0.0472643 -0.0121576 0.204065 0
-0.0435799 -0.012639 0.204182 0
-0.0401304 -0.0125742 0.204633 0
-0.036773 -0.0121013 0.204945 0
-0.0332547 -0.0115171 0.205375 0
-0.0299972 -0.0113251 0.205967 0
-0.0266478 -0.011103 0.206 0
0.0232213 -0.0106555 0.206 0
0.0261285 -0.0106555 0.206 0
0.0292593 -0.0106555 0.206 0
-0.0952624 -0.00988719 0.204 0
-0.0925708 -0.00954626 0.204 0
-0.0894553 -0.0097887 0.204 0
-0.0857397 -0.0098872 0.204 0
-0.0819543 -0.00974807 0.204455 0
-0.0785537 -0.00926469 0.2049 0
-0.0752276 -0.00831497 0.205209 0
-0.0719496 -0.00792441 0.20535 0
-0.0681744 -0.00767359 0.205774 0
-0.0646647 -0.00864144 0.206 0
-0.0611203 -0.0086137 0.205357 0
-0.0577372 -0.00857637 0.204429 0
-0.0544831 -0.00853032 0.204 0
-0.047649 -0.0101088 0.204 0
-0.0356587 -0.00991885 0.204 0
-0.0329457 -0.00951946 0.20425 0
-0.0295799 -0.00875387 0.204763 0
-0.0262049 -0.00854672 0.20546 0
-0.0226658 -0.00789359 0.205944 0
-0.0194532 -0.0078312 0.206 0
-0.0172107 -0.0073435 0.206 0
0.00913273 -0.00707496 0.206 0
0.0136053 -0.00707496 0.206 0
0.0161016 -0.00747434 0.2059 0
0.0196071 -0.00778897 0.205625 0
0.0228717 -0.00858094 0.205119 0
0.0262201 -0.00860179 0.204966 0
0.029589 -0.00858926 0.205311 0
0.0332154 -0.00840201 0.205571 0
0.0362818 -0.00802175 0.205875 0
-0.0740025 -0.00656305 0.204 0
-0.0711809 -0.0063468 0.204167 0
-0.0680443 -0.00582933 0.204429 0
-0.0646449 -0.00553513 0.204739 0
-0.0612598 -0.00523004 0.204745 0
-0.0577111 -0.00519217 0.20434 0
-0.0543148 -0.00524823 0.204296 0
-0.0510152 -0.00430263 0.204 0
-0.028648 -0.00629712 0.204 0
-0.0259677 -0.00582289 0.204229 0
-0.0228038 -0.0052299 0.204741 0
-0.0194102 -0.00524752 0.205455 0
-0.0165168 -0.00498632 0.206 0
-0.00808667 -0.00416578 0.206 0
-0.00491692 -0.0045054 0.205769 0
-0.00190279 -0.0044044 0.205727 0
0.00174626 -0.00415423 0.205429 0
0.00529648 -0.00454653 0.205857 0
0.00867923 -0.00511121 0.20544 0
0.0122791 -0.00510924 0.20536 0
0.0156 -0.00544118 0.204792 0
0.0192625 -0.00613056 0.204333 0
0.0223315 -0.00656305 0.204 0
0.0267606 -0.00634144 0.204 0
0.0300334 -0.00577453 0.204121 0
0.0332812 -0.00567477 0.204316 0
0.0368326 -0.00535574 0.20488 0
0.0400874 -0.00486396 0.205579 0
0.0434855 -0.00457892 0.206 0
-0.0607783 -0.00311227 0.204 0
-0.0578361 -0.00279568 0.204 0
-0.0541346 -0.0024791 0.204 0
-0.0506229 -0.00209919 0.204 0
-0.0473327 -0.00171929 0.204 0
-0.0445486 -0.0010228 0.204 0
-0.0222368 -0.00246327 0.204 0
-0.0193456 -0.00191519 0.204469 0
-0.0158361 -0.00192186 0.205 0
-0.0123353 -0.0022954 0.20496 0
-0.00878962 -0.00272655 0.204588 0
-0.00514179 -0.00280362 0.2045 0
-0.00158978 -0.00280362 0.2045 0
0.00157012 -0.00313008 0.204125 0
0.00525597 -0.00286353 0.204286 0
0.00831181 -0.00294607 0.204167 0
0.0121445 -0.00294342 0.204 0
0.014359 -0.0032389 0.204 0
0.038055 -0.0032389 0.204 0
0.0405593 -0.00265218 0.204267 0
0.043775 -0.00195161 0.204929 0
0.046865 -0.00176475 0.205909 0
-0.0463203 0.000306857 0.204 0
-0.0441057 0.000750078 0.204 0
-0.0193025 0.000306857 0.204 0
0.044588 0.00101616 0.2041 0
0.0472034 0.00164523 0.20525 0
0.0474071 0.0050808 0.204818 0
0.0476953 0.00874943 0.2045 0
0.0495136 0.00942102 0.206 0
0.0548724 0.00959321 0.205542 0
0.0561817 0.00923706 0.2055 0
0.0478167 0.0123858 0.204378 0
0.0507152 0.0123971 0.205207 0
0.0538977 0.0116033 0.204636 0
0.056045 0.0107751 0.205 0
0.0477991 0.0142683 0.204 0
0.0502351 0.0142683 0.204 0
-0.126873 -0.0289764 0.209556 0
-0.125649 -0.0284282 0.21 0
-0.127516 -0.0263385 0.209417 0
-0.124527 -0.0258922 0.209786 0
-0.120871 -0.0251253 0.209905 0
-0.0786867 -0.0245501 0.21 0
-0.120324 -0.0236111 0.209769 0
-0.11713 -0.0229109 0.21 0
-0.113593 -0.0220122 0.209433 0
-0.110721 -0.0218789 0.209636 0
-0.0813767 -0.0222232 0.21 0
-0.0785928 -0.0227248 0.209593 0
-0.0752434 -0.0224251 0.209705 0
-0.0718372 -0.0224911 0.209545 0
-0.0682049 -0.0224181 0.209204 0
-0.0648288 -0.0222264 0.20959 0
-0.0613185 -0.0222632 0.209718 0
-0.0580454 -0.0221182 0.209879 0
-0.0538953 -0.0217077 0.209867 0
-0.0507001 -0.0223109 0.209439 0
-0.0473379 -0.0224182 0.20966 0
-0.0439261 -0.0219117 0.21 0
-0.0401822 -0.0225509 0.20964 0
-0.0367874 -0.0227514 0.209755 0
-0.033352 -0.0226245 0.209538 0
-0.0302685 -0.0219181 0.209917 0
-0.0260254 -0.0215844 0.21 0
-0.0242017 -0.0215844 0.21 0
-0.116074 -0.0209 0.21 0
-0.11351 -0.0193994 0.2092 0
-0.11013 -0.0192144 0.209027 0
-0.107169 -0.0180084 0.209765 0
-0.103091 -0.0181384 0.209714 0
-0.0999952 -0.0180933 0.209952 0
-0.0953286 -0.0177062 0.21 0
-0.0928209 -0.0177062 0.21 0
-0.08875 -0.0188903 0.21 0
-0.0857545 -0.019351 0.209811 0
-0.0825426 -0.0192472 0.20937 0
-0.0787682 -0.0192829 0.207852 0
-0.0752424 -0.0192166 0.208246 0
-0.0715773 -0.019337 0.20798 0
-0.0682301 -0.0193201 0.207904 0
-0.0648669 -0.0193465 0.2084 0
-0.061226 -0.0193466 0.208098 0
-0.0577412 -0.0193645 0.208339 0
-0.0542996 -0.0194471 0.208784 0
-0.0507942 -0.0194477 0.207578 0
-0.0471161 -0.0194963 0.207882 0
-0.0437443 -0.019177 0.208635 0
-0.0401818 -0.0192252 0.208525 0
-0.0368239 -0.0191243 0.208661 0
-0.0333493 -0.0191896 0.20875 0
-0.0297931 -0.0192353 0.20925 0
-0.0261745 -0.0192474 0.209375 0
-0.0229676 -0.0189622 0.209957 0
-0.0196422 -0.0179344 0.21 0
0.0273849 -0.0185861 0.21 0
0.0292651 -0.0186035 0.21 0
-0.113185 -0.0165323 0.209737 0
-0.110238 -0.0159201 0.209419 0
-0.106857 -0.0159058 0.208667 0
-0.103186 -0.0157551 0.20766 0
-0.0996382 -0.0158699 0.208667 0
-0.0961741 -0.0156927 0.209067 0
-0.0927967 -0.0157879 0.209333 0
-0.0891626 -0.0158551 0.209519 0
-0.0857822 -0.0157604 0.209174 0
-0.0826069 -0.0158022 0.208959 0
-0.0788131 -0.0158194 0.207607 0
-0.0753768 -0.0158006 0.207158 0
-0.0722818 -0.0164414 0.207 0
-0.067932 -0.0160077 0.207 0
-0.0648295 -0.0159275 0.20704 0
-0.0613832 -0.0167787 0.207 0
-0.0580942 -0.0169831 0.207 0
-0.0541923 -0.0168429 0.207 0
-0.0519452 -0.0172284 0.207 0
-0.0458779 -0.0172284 0.207 0
-0.0434474 -0.0165827 0.207357 0
-0.0401707 -0.0163365 0.207379 0
-0.0366897 -0.0158004 0.207539 0
-0.0332372 -0.0157458 0.207873 0
-0.0296901 -0.0157374 0.208071 0
-0.0261503 -0.0157709 0.208185 0
-0.0227452 -0.0157906 0.208889 0
-0.019293 -0.0157902 0.209333 0
-0.016278 -0.0151466 0.209933 0
0.009766 -0.0142843 0.21 0
0.0122737 -0.0142843 0.21 0
0.0159719 -0.0149433 0.21 0
0.019421 -0.0151856 0.209923 0
0.022819 -0.0157984 0.209577 0
0.02633 -0.0158103 0.209531 0
0.0297063 -0.0158183 0.209143 0
0.0330727 -0.0153458 0.2098 0
0.0365107 -0.0148284 0.209857 0
0.04009 -0.0146306 0.209909 0
0.0423658 -0.0142843 0.21 0
-0.108779 -0.0135999 0.21 0
-0.106571 -0.013749 0.2088 0
-0.103902 -0.0133331 0.208 0
-0.0980116 -0.0136305 0.207 0
-0.0962139 -0.0136305 0.207 0
-0.0925814 -0.0133791 0.207385 0
-0.0892375 -0.0132137 0.2075 0
-0.0856334 -0.0132137 0.2075 0
-0.0822074 -0.0128105 0.207571 0
-0.0787435 -0.0124428 0.207667 0
-0.075254 -0.0122517 0.207276 0
-0.0718484 -0.0120885 0.207 0
-0.0681407 -0.0122492 0.207 0
-0.0657651 -0.0134056 0.207 0
-0.0355411 -0.0135181 0.207 0
-0.0332939 -0.0134056 0.207 0
-0.0297249 -0.0130749 0.207 0
-0.0261572 -0.0127242 0.207043 0
-0.0228002 -0.0123201 0.207625 0
-0.0192403 -0.0123497 0.208125 0
-0.0157503 -0.0122466 0.209172 0
-0.0124567 -0.0117855 0.209722 0
-0.00869964 -0.0108624 0.21 0
-0.00479156 -0.0111557 0.21 0
-0.00163254 -0.0113186 0.21 0
0.0019694 -0.0115011 0.21 0
0.00520659 -0.0117749 0.21 0
0.0089457 -0.012127 0.209692 0
0.0122503 -0.0122101 0.209612 0
0.0156085 -0.0121668 0.208875 0
0.0192638 -0.0122405 0.208542 0
0.0226871 -0.0124642 0.20778 0
0.0263101 -0.0125237 0.207655 0
0.0297866 -0.012454 0.207481 0
0.03318 -0.0123202 0.208 0
0.0367911 -0.0122182 0.208259 0
0.0402038 -0.0122806 0.208906 0
0.0435553 -0.0119969 0.209781 0
0.0463325 -0.0111361 0.21 0
-0.0773379 -0.0100326 0.207 0
-0.0753154 -0.0100326 0.207 0
-0.0715274 -0.00964712 0.207 0
-0.0684242 -0.00950792 0.207 0
-0.0249795 -0.0102575 0.207 0
-0.0226681 -0.00964712 0.207 0
-0.0189232 -0.00953284 0.207125 0
-0.0155786 -0.00879504 0.207754 0
-0.0122563 -0.0087475 0.208483 0
-0.00887113 -0.00875567 0.20927 0
-0.00526459 -0.0087851 0.209359 0
-0.00162498 -0.00877208 0.209062 0
0.00177851 -0.00876919 0.209 0
0.00517717 -0.00876341 0.208844 0
0.00875896 -0.0087841 0.208097 0
0.012305 -0.00874978 0.207885 0
0.0157425 -0.00923345 0.207386 0
0.0190707 -0.00953446 0.207233 0
0.0213566 -0.00998765 0.207 0
0.031199 -0.0102575 0.207 0
0.0332215 -0.0102575 0.207 0
0.0372389 -0.0094464 0.207038 0
0.0402428 -0.00867834 0.20755 0
0.0437461 -0.00875667 0.208696 0
0.0471434 -0.0087962 0.209544 0
0.0494329 -0.0076686 0.21 0
-0.0151214 -0.00574054 0.207 0
-0.0124286 -0.00532657 0.207571 0
-0.00897487 -0.0055743 0.207652 0
-0.00544327 -0.00600039 0.2075 0
-0.00141318 -0.00589181 0.207412 0
0.0017666 -0.00577809 0.2076 0
0.00494444 -0.0060561 0.207214 0
0.00857782 -0.00665957 0.207 0
0.0118736 -0.00665957 0.207 0
0.0408272 -0.00634821 0.207 0
0.0439639 -0.00603256 0.207185 0
0.0473015 -0.00520043 0.20792 0
0.0502215 -0.00485143 0.209455 0
0.0485642 -0.0022453 0.207091 0
0.0507909 -0.00175539 0.208233 0
0.0507714 0.00166861 0.208 0
0.0590077 0.00305342 0.21 0
0.0602615 0.00282529 0.21 0
0.0508335 0.00529078 0.20825 0
0.0545243 0.00670346 0.21 0
0.0580183 0.00543718 0.209762 0
0.0598611 0.00394704 0.209 0
0.0511509 0.00875026 0.207838 0
0.0539636 0.00856713 0.208653 0
0.0569189 0.0075507 0.2082 0
0.051648 0.0108802 0.207 0
0.0527716 0.0108802 0.207 0
-0.126842 -0.0320275 0.213 0
-0.116807 -0.0320738 0.213 0
-0.126767 -0.0303821 0.212045 0
-0.124396 -0.0294658 0.212537 0
-0.120926 -0.0287599 0.212875 0
-0.117162 -0.0296982 0.213 0
-0.11411 -0.0292457 0.213 0
-0.111951 -0.0283716 0.213 0
-0.0805045 -0.0283716 0.213 0
-0.0786546 -0.0283716 0.213 0
-0.0751862 -0.0283716 0.213 0
-0.0714712 -0.0289886 0.213 0
-0.0685293 -0.0291023 0.213 0
-0.0657059 -0.0283716 0.213 0
-0.0608501 -0.0283716 0.213 0
-0.0575799 -0.0287021 0.212955 0
-0.0543594 -0.0288261 0.212937 0
-0.0505902 -0.0290657 0.213 0
-0.0471914 -0.0294688 0.21276 0
-0.0439028 -0.0289864 0.2128 0
-0.0403293 -0.0285639 0.212864 0
-0.0369513 -0.0287305 0.212714 0
-0.033334 -0.028603 0.213 0
-0.0303611 -0.0284377 0.213 0
-0.026166 -0.0281402 0.213 0
-0.0240849 -0.0281402 0.213 0
-0.131803 -0.0255173 0.212778 0
-0.128767 -0.0248962 0.211 0
-0.123566 -0.0271596 0.211286 0
-0.12046 -0.0265428 0.211513 0
-0.117243 -0.026208 0.212145 0
-0.113804 -0.0262067 0.21254 0
-0.110294 -0.02612 0.212709 0
-0.107245 -0.0260305 0.213 0
-0.104552 -0.0249008 0.213 0
-0.0918346 -0.0249008 0.213 0
-0.0889259 -0.0251668 0.2129 0
-0.0856829 -0.0259407 0.212571 0
-0.0822451 -0.0262152 0.212146 0
-0.0787333 -0.0263166 0.21135 0
-0.0753452 -0.0261687 0.211633 0
-0.0716178 -0.0260749 0.211593 0
-0.0681513 -0.0261599 0.211792 0
-0.06478 -0.026156 0.212113 0
-0.0613043 -0.0261141 0.211922 0
-0.0577303 -0.0261506 0.211519 0
-0.0542261 -0.0261441 0.212138 0
-0.0507132 -0.0261908 0.212184 0
-0.0471679 -0.0261506 0.211519 0
-0.0437552 -0.0260739 0.211608 0
-0.0402481 -0.0261261 0.211661 0
-0.03666 -0.0261541 0.211462 0
-0.0332477 -0.0260628 0.211566 0
-0.0297646 -0.0262027 0.212286 0
-0.0262238 -0.0262778 0.212461 0
-0.0230003 -0.025864 0.212463 0
-0.0201662 -0.0252688 0.212909 0
-0.130681 -0.0242066 0.213 0
-0.127996 -0.024093 0.212 0
-0.124211 -0.0230903 0.212222 0
-0.120703 -0.0219554 0.211533 0
-0.117386 -0.0229068 0.21113 0
-0.113901 -0.0237836 0.211292 0
-0.109792 -0.0232464 0.211553 0
-0.106729 -0.0227539 0.212667 0
-0.103244 -0.0225777 0.212617 0
-0.0997004 -0.0227766 0.212217 0
-0.0961706 -0.0225313 0.212377 0
-0.0927796 -0.0227358 0.212727 0
-0.0891602 -0.0228628 0.211804 0
-0.0857814 -0.0228925 0.21128 0
-0.0829858 -0.0231484 0.211036 0
-0.0753965 -0.0242085 0.211 0
-0.0717316 -0.0242085 0.211 0
-0.0682957 -0.0242085 0.211 0
-0.064753 -0.0239946 0.211 0
-0.061195 -0.0239793 0.211 0
-0.0573843 -0.0235626 0.211 0
-0.0546033 -0.0233172 0.211 0
-0.0511165 -0.0239793 0.211 0
-0.0467644 -0.0239793 0.211 0
-0.0437867 -0.0235864 0.211 0
-0.0414962 -0.0239793 0.211 0
-0.0316467 -0.0239793 0.211 0
-0.0295362 -0.023442 0.211062 0
-0.026361 -0.0229479 0.211167 0
-0.0226851 -0.0229091 0.211296 0
-0.0192242 -0.0227139 0.212321 0
-0.0161996 -0.0219186 0.212957 0
-0.0136797 -0.0211986 0.213 0
-0.00142463 -0.0211986 0.213 0
0.00195859 -0.021637 0.213 0
0.0059284 -0.0218002 0.213 0
0.00874937 -0.0221241 0.213 0
0.0119866 -0.0218928 0.213 0
0.0156862 -0.0216614 0.213 0
0.0193088 -0.022047 0.213 0
0.0229406 -0.0222346 0.212636 0
0.0261175 -0.0225582 0.212405 0
0.0295217 -0.0219859 0.212435 0
0.0330283 -0.02143 0.213 0
-0.122819 -0.0200417 0.213 0
-0.120601 -0.0197102 0.213 0
-0.117582 -0.0193069 0.212143 0
-0.115481 -0.0187074 0.211 0
-0.108806 -0.0203446 0.211 0
-0.106758 -0.0196588 0.211359 0
-0.103376 -0.0198866 0.211419 0
-0.0994169 -0.0197873 0.211 0
-0.0963494 -0.0194472 0.21116 0
-0.0928307 -0.0193762 0.211217 0
-0.0900408 -0.0204494 0.211 0
-0.0217718 -0.020261 0.211 0
-0.0190673 -0.0196017 0.211277 0
-0.0157662 -0.0192243 0.212118 0
-0.0124677 -0.0190986 0.212913 0
-0.00891641 -0.0184682 0.213 0
-0.00528437 -0.0190721 0.212957 0
-0.00162587 -0.0193191 0.212964 0
0.00181255 -0.0193475 0.213 0
0.00526972 -0.0193103 0.212571 0
0.00871709 -0.0192783 0.212224 0
0.0121648 -0.0192645 0.212071 0
0.0158035 -0.0192222 0.211873 0
0.0192469 -0.019276 0.21188 0
0.0226857 -0.0192066 0.211429 0
0.0260246 -0.0195134 0.211064 0
0.0300771 -0.0201481 0.211083 0
0.0332116 -0.0191784 0.211593 0
0.0367079 -0.0192218 0.212733 0
0.0400351 -0.0185042 0.212783 0
0.0431252 -0.0181134 0.213 0
-0.117743 -0.0174635 0.2126 0
-0.113344 -0.0156512 0.211 0
-0.111053 -0.0143523 0.211 0
-0.0980731 -0.0173321 0.211 0
-0.0971568 -0.0173321 0.211 0
-0.0152777 -0.0163108 0.211125 0
-0.0122327 -0.0158041 0.212 0
-0.0088032 -0.0158416 0.2125 0
-0.00533295 -0.0158079 0.212062 0
-0.00164831 -0.0158095 0.212094 0
0.00180349 -0.015806 0.212036 0
0.00524378 -0.0157671 0.2115 0
0.00876794 -0.0159299 0.211072 0
0.0123321 -0.016186 0.211 0
0.015408 -0.0166445 0.211 0
0.0191205 -0.0167695 0.211 0
0.0249302 -0.0171029 0.211 0
0.0338634 -0.0168737 0.211 0
0.0367928 -0.0166409 0.211333 0
0.0403991 -0.0164614 0.211571 0
0.0436925 -0.0158577 0.211717 0
0.0468677 -0.0150738 0.212586 0
0.0494454 -0.014257 0.213 0
-0.109709 -0.0132521 0.211 0
-0.106546 -0.0122101 0.21205 0
-0.104695 -0.0118469 0.212667 0
-0.0115458 -0.0130815 0.2112 0
-0.00875123 -0.0125338 0.211238 0
-0.00547039 -0.0126526 0.211048 0
-0.00164031 -0.012977 0.211 0
0.00160465 -0.0130535 0.211 0
0.00523138 -0.0134355 0.211 0
0.00752195 -0.0134355 0.211 0
0.0446291 -0.0134355 0.211 0
0.0475294 -0.0125156 0.211476 0
0.0506255 -0.0118295 0.212412 0
0.0529139 -0.0107862 0.213 0
0.0487521 -0.0104557 0.211 0
0.0509042 -0.00879797 0.211463 0
0.0531272 -0.00872577 0.212813 0
0.0516965 -0.00580375 0.211158 0
0.0536665 -0.00516233 0.212345 0
0.0542755 -0.00167093 0.212151 0
0.0614693 -0.000605153 0.213 0
0.0544743 0.00178702 0.212273 0
0.0579345 0.00236973 0.212389 0
0.0607616 0.00110444 0.211571 0
0.0544093 0.00526758 0.211348 0
0.0568197 0.00467912 0.211333 0
-0.122534 -0.0385694 0.217 0
-0.12065 -0.0385694 0.217 0
-0.117587 -0.0385694 0.217 0
-0.0396137 -0.0385694 0.217 0
-0.0379647 -0.0385694 0.217 0
-0.123257 -0.0362034 0.216053 0
-0.12088 -0.036653 0.216373 0
-0.117165 -0.0365312 0.216286 0
-0.115011 -0.0359484 0.216733 0
-0.0678435 -0.0357202 0.216875 0
-0.0646205 -0.0362962 0.21665 0
-0.0613505 -0.0359535 0.2165 0
-0.057743 -0.036439 0.216696 0
-0.0542134 -0.0363454 0.216636 0
-0.0506858 -0.036439 0.216696 0
-0.0473024 -0.0359944 0.21675 0
-0.0438019 -0.0361172 0.216741 0
-0.0402949 -0.0367307 0.216225 0
-0.0369725 -0.0365042 0.216478 0
-0.0333802 -0.0358313 0.217 0
-0.0300339 -0.0354263 0.217 0
-0.126615 -0.0327889 0.214 0
-0.124284 -0.0330753 0.214373 0
-0.120904 -0.0331476 0.214745 0
-0.117157 -0.0335365 0.214304 0
-0.113835 -0.0331546 0.215582 0
-0.110377 -0.0325572 0.2162 0
-0.107003 -0.0323379 0.216762 0
-0.103924 -0.0319689 0.217 0
-0.0935592 -0.0319689 0.217 0
-0.0879055 -0.0319689 0.217 0
-0.0853667 -0.032298 0.216833 0
-0.0821252 -0.0326961 0.2165 0
-0.0787269 -0.0329652 0.21625 0
-0.075317 -0.0333112 0.21617 0
-0.0717067 -0.0331637 0.215725 0
-0.0683013 -0.0330778 0.215319 0
-0.0646991 -0.0330381 0.214912 0
-0.0611811 -0.0331589 0.215235 0
-0.0577651 -0.0331138 0.215519 0
-0.0542436 -0.0331122 0.215225 0
-0.0507549 -0.0331154 0.214906 0
-0.0471814 -0.0330448 0.214833 0
-0.04361 -0.03314 0.21466 0
-0.0402185 -0.0331768 0.214533 0
-0.0367966 -0.0332241 0.215339 0
-0.0332783 -0.0332417 0.21588 0
-0.0298036 -0.0332255 0.216127 0
-0.0261991 -0.0331168 0.216522 0
-0.0227695 -0.0330012 0.216619 0
-0.0195945 -0.0325205 0.216818 0
-0.0174701 -0.0322047 0.217 0
-0.00380709 -0.0319689 0.217 0
-0.00239367 -0.0319689 0.217 0
-0.123783 -0.030907 0.214 0
-0.12084 -0.030597 0.214 0
-0.112963 -0.0302634 0.214074 0
-0.110172 -0.029776 0.214385 0
-0.106548 -0.0297689 0.215015 0
-0.103284 -0.0298175 0.216519 0
-0.0998443 -0.0293713 0.216667 0
-0.0961905 -0.0298187 0.216421 0
-0.092778 -0.0297877 0.216154 0
-0.0892625 -0.029862 0.21615 0
-0.0857502 -0.0298105 0.21528 0
-0.0823666 -0.029843 0.2148 0
-0.0787245 -0.0301654 0.214316 0
-0.0753439 -0.0301854 0.214372 0
-0.0723104 -0.0305389 0.214105 0
-0.0678456 -0.0305423 0.214 0
-0.0646984 -0.0298426 0.214078 0
-0.0612794 -0.0300825 0.214366 0
-0.0578409 -0.0304807 0.214308 0
-0.0541898 -0.0306102 0.214091 0
-0.0509915 -0.0305196 0.214 0
-0.0455708 -0.0308295 0.214 0
-0.0434542 -0.0306229 0.214 0
-0.040336 -0.0303956 0.214 0
-0.036546 -0.0304619 0.214214 0
-0.0332218 -0.0304008 0.214467 0
-0.0296197 -0.0300967 0.2144 0
-0.0262973 -0.0299518 0.214652 0
-0.0226806 -0.0298656 0.215037 0
-0.0192502 -0.029838 0.21542 0
-0.015833 -0.0297438 0.216264 0
-0.0123274 -0.0292742 0.216675 0
-0.00875193 -0.0289552 0.216937 0
-0.00516347 -0.0297093 0.216426 0
-0.00179848 -0.0296772 0.216593 0
0.00184489 -0.0291141 0.2168 0
0.00529551 -0.0293274 0.216478 0
0.00860045 -0.0290195 0.216774 0
0.0117648 -0.0284936 0.216769 0
0.0160411 -0.0283948 0.216846 0
0.0195488 -0.0286963 0.21685 0
0.0229281 -0.0290106 0.216611 0
0.0261841 -0.0290648 0.216875 0
0.0293612 -0.0287158 0.217 0
-0.133982 -0.0249512 0.214 0
-0.132456 -0.0245527 0.214 0
-0.110851 -0.0275749 0.214 0
-0.105897 -0.0268439 0.2141 0
-0.10324 -0.0261855 0.214552 0
-0.0997249 -0.0260532 0.214778 0
-0.0961901 -0.0261622 0.214423 0
-0.0928495 -0.0264765 0.214296 0
-0.0895502 -0.0268015 0.214313 0
-0.0864579 -0.0275749 0.214 0
-0.0221846 -0.0274199 0.214 0
-0.019047 -0.0265555 0.214208 0
-0.015723 -0.0262094 0.214885 0
-0.0122073 -0.0261423 0.215592 0
-0.00870674 -0.0261707 0.215821 0
-0.00517824 -0.0260973 0.215225 0
-0.00167332 -0.0261052 0.215286 0
0.0018273 -0.0260493 0.214816 0
0.00531993 -0.0260197 0.214571 0
0.00881392 -0.0260197 0.214571 0
0.0122402 -0.0260171 0.214981 0
0.0157556 -0.0261776 0.215423 0
0.0192384 -0.0259811 0.214611 0
0.0227499 -0.0261037 0.214882 0
0.0262369 -0.0260433 0.215212 0
0.0297033 -0.0261871 0.215959 0
0.0331226 -0.026242 0.216735 0
0.0365498 -0.0254963 0.216692 0
0.0394949 -0.0252827 0.217 0
0.0447203 -0.0248969 0.217 0
0.0461337 -0.0248969 0.217 0
-0.133659 -0.0231376 0.214154 0
-0.131352 -0.0226367 0.214431 0
-0.127911 -0.0224754 0.2146 0
-0.12479 -0.0215306 0.214 0
-0.0176932 -0.0238553 0.214 0
-0.0154416 -0.0232831 0.214 0
-0.0123108 -0.0227694 0.214222 0
-0.00864456 -0.0227248 0.214286 0
-0.00515279 -0.0227112 0.214163 0
-0.00169682 -0.0228922 0.214 0
0.00172814 -0.0232974 0.214 0
0.00494438 -0.0231321 0.214 0
0.00879045 -0.0238553 0.214 0
0.0125432 -0.0234977 0.214 0
0.0157599 -0.0233904 0.214 0
0.0189658 -0.0236693 0.214 0
0.0224969 -0.0238553 0.214 0
0.0273755 -0.0240878 0.214 0
0.0299527 -0.0235892 0.214455 0
0.0333361 -0.0231369 0.214732 0
0.0368027 -0.0228302 0.215 0
0.0402736 -0.0228823 0.216042 0
0.043898 -0.022605 0.216585 0
0.0471535 -0.0226217 0.216731 0
0.0497144 -0.0214081 0.217 0
-0.12479 -0.0206007 0.214 0
-0.0115137 -0.0205542 0.214 0
-0.00863303 -0.0200776 0.214 0
-0.00514833 -0.0208332 0.214 0
-0.00328983 -0.0208332 0.214 0
0.0378296 -0.0206007 0.214 0
0.0404067 -0.0202297 0.214286 0
0.0440096 -0.0194535 0.214684 0
0.0474036 -0.0190751 0.215122 0
0.0507435 -0.0191074 0.216268 0
0.0528867 -0.018375 0.217 0
0.0478179 -0.0165249 0.2142 0
0.0508545 -0.0158411 0.21483 0
0.0534738 -0.01533 0.216312 0
0.0516142 -0.0133054 0.214067 0
0.0543931 -0.0121569 0.215237 0
0.0569254 -0.0115351 0.216692 0
0.0549779 -0.00882822 0.214133 0
0.0578827 -0.00882628 0.216 0
0.0553821 -0.00543827 0.214 0
0.0578714 -0.00530589 0.215958 0
0.0607819 -0.0039382 0.217 0
0.0642726 -0.00368104 0.217 0
0.0554854 -0.0031652 0.214 0
0.0577366 -0.00172873 0.215182 0
0.0611722 -0.00179488 0.215545 0
0.0638765 -0.00214304 0.2159 0
0.0576866 0.000720856 0.214286 0
0.0601317 0.0003219 0.214 0
-0.119452 -0.0424485 0.22 0
-0.118974 -0.0424485 0.22 0
-0.0528191 -0.0426875 0.22 0
-0.0518638 -0.0426875 0.22 0
-0.120012 -0.0402138 0.218667 0
-0.117398 -0.0400654 0.219174 0
-0.114146 -0.0394395 0.219818 0
-0.077896 -0.0386246 0.22 0
-0.0751169 -0.0390809 0.22 0
-0.0716865 -0.0391026 0.22 0
-0.067939 -0.0398415 0.219778 0
-0.0646866 -0.0402423 0.219273 0
-0.0613091 -0.0400192 0.21939 0
-0.0575566 -0.0396215 0.21916 0
-0.0541149 -0.0402836 0.219042 0
-0.0506588 -0.0403247 0.218784 0
-0.0473361 -0.0403737 0.219102 0
-0.043975 -0.0401734 0.218875 0
-0.0404088 -0.0400716 0.219 0
-0.0367621 -0.0399421 0.219278 0
-0.0334643 -0.039762 0.219724 0
-0.029454 -0.0397399 0.22 0
-0.0263094 -0.0398462 0.22 0
-0.0228332 -0.0396868 0.22 0
-0.0192129 -0.0395806 0.22 0
-0.015801 -0.0386246 0.22 0
-0.0138904 -0.0386246 0.22 0
-0.119312 -0.0382735 0.218 0
-0.116473 -0.038063 0.218 0
-0.113591 -0.0369776 0.218731 0
-0.110424 -0.0361708 0.219606 0
-0.106994 -0.0358606 0.219846 0
-0.104645 -0.0355178 0.22 0
-0.0843443 -0.0355178 0.22 0
-0.0817743 -0.0360376 0.219455 0
-0.0786604 -0.0365908 0.21882 0
-0.0752363 -0.0367696 0.218773 0
-0.0717498 -0.0366933 0.218705 0
-0.0684246 -0.0374859 0.2185 0
-0.065312 -0.0380152 0.218 0
-0.0613733 -0.0378736 0.21815 0
-0.0578209 -0.0382986 0.218143 0
-0.0542323 -0.0382735 0.218 0
-0.0506824 -0.0382735 0.218 0
-0.0472198 -0.0378248 0.218 0
-0.0441034 -0.0378472 0.218 0
-0.0414528 -0.0382735 0.218 0
-0.0357732 -0.0380367 0.218 0
-0.0332016 -0.0376004 0.218214 0
-0.0296873 -0.0372622 0.2185 0
-0.0263369 -0.036803 0.21875 0
-0.0227914 -0.0368849 0.218933 0
-0.0193199 -0.0367444 0.219103 0
-0.01576 -0.0366192 0.219429 0
-0.0124305 -0.0365658 0.219317 0
-0.00867697 -0.0364329 0.219333 0
-0.00528184 -0.0363962 0.219524 0
-0.00187603 -0.0362596 0.219524 0
0.001693 -0.0356372 0.22 0
0.00402156 -0.0355178 0.22 0
-0.11245 -0.0347212 0.218 0
-0.110239 -0.0342763 0.218182 0
-0.106554 -0.0338476 0.218419 0
-0.103176 -0.0332983 0.218783 0
-0.0997172 -0.0327911 0.219 0
-0.0962115 -0.0333359 0.219098 0
-0.0926739 -0.0330033 0.219156 0
-0.0895725 -0.032816 0.218967 0
-0.0857904 -0.0337943 0.218818 0
-0.0824898 -0.0343262 0.218364 0
-0.0790811 -0.0348633 0.218 0
-0.0263069 -0.034958 0.218 0
-0.0224415 -0.0348001 0.218 0
-0.0190377 -0.0340349 0.218154 0
-0.0156419 -0.0332928 0.218667 0
-0.0123068 -0.0332472 0.218264 0
-0.00886201 -0.0332105 0.218133 0
-0.0053377 -0.03328 0.218186 0
-0.00154138 -0.0333617 0.218261 0
0.00186276 -0.0331868 0.218796 0
0.00519537 -0.0332393 0.219143 0
0.00863414 -0.0331438 0.21946 0
0.0123622 -0.0328429 0.219686 0
0.0156812 -0.0328004 0.2194 0
0.0193116 -0.0330625 0.219696 0
0.0228402 -0.0328219 0.219543 0
0.0259948 -0.0326923 0.21929 0
0.0297697 -0.0323625 0.219667 0
0.0324419 -0.0322914 0.22 0
-0.0996701 -0.0309321 0.218 0
-0.0147108 -0.0311689 0.218 0
-0.0120813 -0.0310637 0.218 0
-0.0087944 -0.0306164 0.218 0
-3.81431e-05 -0.0309321 0.218 0
0.0018551 -0.0309321 0.218 0
0.00485273 -0.0309321 0.218 0
0.00904505 -0.0306868 0.218091 0
0.0124428 -0.0301862 0.218306 0
0.0156944 -0.0301102 0.218167 0
0.0191386 -0.0304335 0.218267 0
0.0225525 -0.0307503 0.218211 0
0.0265655 -0.0307678 0.218118 0
0.0299617 -0.0304521 0.2184 0
0.0331646 -0.0297761 0.21887 0
0.0368196 -0.0296713 0.219478 0
0.0403923 -0.0297651 0.219545 0
0.043428 -0.0291302 0.22 0
0.0465327 -0.028109 0.22 0
0.0347502 -0.0276167 0.218 0
0.0370773 -0.027222 0.218 0
0.0404211 -0.026802 0.218189 0
0.0435425 -0.0262274 0.21856 0
0.0473017 -0.0261158 0.2187 0
0.0503037 -0.0256844 0.219538 0
0.0508418 -0.0228171 0.218579 0
0.0538151 -0.02231 0.219731 0
0.0568022 -0.0214173 0.22 0
0.0517894 -0.0207489 0.218 0
0.0545681 -0.0193859 0.218795 0
0.057577 -0.0190398 0.219917 0
0.059907 -0.0180714 0.22 0
0.0550074 -0.0158382 0.218381 0
0.0577526 -0.0157146 0.219745 0
0.059907 -0.0157771 0.22 0
0.0582006 -0.01264 0.21869 0
0.0606908 -0.0121985 0.219586 0
0.0612068 -0.0086299 0.218842 0
0.0647432 -0.00808343 0.219545 0
0.0668752 -0.00843561 0.2192 0
0.0615646 -0.00542114 0.218353 0
0.0647943 -0.00541105 0.218522 0
0.0666987 -0.00535573 0.218 0
-0.116477 -0.0467465 0.2235 0
-0.115009 -0.046481 0.224 0
-0.0676402 -0.045897 0.224 0
-0.0647221 -0.045897 0.224 0
-0.0610476 -0.0461133 0.224 0
-0.0581913 -0.046233 0.224 0
-0.0540016 -0.0462461 0.224 0
-0.0503531 -0.0463173 0.224 0
-0.047214 -0.0463837 0.224 0
-0.0435394 -0.0466 0.224 0
-0.0404052 -0.0468704 0.224 0
-0.0369468 -0.0464918 0.224 0
-0.0331102 -0.0463836 0.224 0
-0.0298882 -0.0458362 0.224 0
-0.0263014 -0.0456537 0.224 0
-0.0233834 -0.0456537 0.224 0
-0.119035 -0.0428815 0.221 0
-0.117083 -0.0437407 0.222 0
-0.113962 -0.0436752 0.223222 0
-0.110601 -0.0429605 0.223594 0
-0.108201 -0.0425389 0.224 0
-0.0922002 -0.0422469 0.224 0
-0.0902549 -0.0422469 0.224 0
-0.0779156 -0.0423867 0.2232 0
-0.0749594 -0.043619 0.222882 0
-0.071759 -0.0437183 0.22305 0
-0.0681582 -0.0435508 0.2222 0
-0.0647862 -0.0435608 0.222 0
-0.0612632 -0.0435692 0.222043 0
-0.0577716 -0.0436393 0.222372 0
-0.0543831 -0.0438464 0.222 0
-0.0506724 -0.0441654 0.222105 0
-0.0472737 -0.0440432 0.222 0
-0.0436811 -0.0439263 0.221978 0
-0.0403248 -0.0438616 0.222396 0
-0.0367491 -0.0438201 0.22224 0
-0.033247 -0.0438838 0.222176 0
-0.0298359 -0.0436985 0.2224 0
-0.0262159 -0.0435483 0.222178 0
-0.0227002 -0.0435752 0.222071 0
-0.0193081 -0.0437827 0.222909 0
-0.0156401 -0.0435079 0.223389 0
-0.0121657 -0.043674 0.223419 0
-0.00890422 -0.0427653 0.223609 0
-0.00522659 -0.0430835 0.223774 0
-0.00212208 -0.0429567 0.223893 0
0.00190616 -0.0422469 0.224 0
0.00458102 -0.0422469 0.224 0
-0.116396 -0.041441 0.221 0
-0.113342 -0.0407932 0.221389 0
-0.110437 -0.0402213 0.222208 0
-0.106949 -0.0399901 0.22324 0
-0.103021 -0.0394891 0.224 0
-0.0997139 -0.039554 0.223692 0
-0.0962945 -0.039651 0.223533 0
-0.0926949 -0.0400119 0.2232 0
-0.0892019 -0.0401195 0.223615 0
-0.0856296 -0.039554 0.223692 0
-0.0823299 -0.0397718 0.22332 0
-0.078833 -0.0403215 0.222152 0
-0.0751998 -0.0408965 0.221083 0
-0.0718127 -0.0409843 0.221125 0
-0.0690534 -0.041121 0.221 0
-0.0602224 -0.0414753 0.221 0
-0.0580015 -0.041297 0.221 0
-0.0556983 -0.0416811 0.221 0
-0.042743 -0.0416811 0.221 0
-0.0403439 -0.0416811 0.221 0
-0.0367452 -0.0416811 0.221 0
-0.0328533 -0.041201 0.221 0
-0.0300544 -0.0412276 0.221 0
-0.0258692 -0.041441 0.221 0
-0.0225904 -0.041441 0.221 0
-0.018974 -0.0412485 0.221111 0
-0.0157362 -0.0406036 0.221435 0
-0.0122122 -0.040251 0.221708 0
-0.00872566 -0.0402357 0.222286 0
-0.00534881 -0.0402444 0.222333 0
-0.00172933 -0.0402972 0.222625 0
0.00189765 -0.0403644 0.223 0
0.00521868 -0.0403228 0.223282 0
0.00868377 -0.0401585 0.2232 0
0.0121562 -0.0400546 0.223263 0
0.0157199 -0.0399391 0.223333 0
0.019283 -0.0400873 0.223243 0
0.0228052 -0.0400008 0.223512 0
0.0260573 -0.0394523 0.223538 0
0.0296274 -0.0390835 0.224 0
-0.112318 -0.0383201 0.221 0
-0.110232 -0.0379139 0.22115 0
-0.10653 -0.0374852 0.221394 0
-0.103205 -0.036815 0.222044 0
-0.0998276 -0.0368969 0.22225 0
-0.0961778 -0.036722 0.221739 0
-0.0926211 -0.0368545 0.222292 0
-0.0891531 -0.0369172 0.222667 0
-0.0857622 -0.0368967 0.221813 0
-0.0827501 -0.0375563 0.2214 0
-0.0796895 -0.0383201 0.221 0
-0.0120343 -0.0383201 0.221 0
-0.00867551 -0.0383201 0.221 0
-0.00531674 -0.0383201 0.221 0
-0.00120446 -0.0380485 0.221214 0
0.00196968 -0.0374401 0.221212 0
0.00535546 -0.037051 0.221378 0
0.00861484 -0.0369529 0.221429 0
0.0121653 -0.0368979 0.221769 0
0.0158495 -0.0367669 0.221762 0
0.0192511 -0.0369086 0.221532 0
0.0226189 -0.0367204 0.221511 0
0.0261564 -0.0368144 0.222048 0
0.0296606 -0.0368561 0.222739 0
0.0331942 -0.0366163 0.223143 0
0.0366818 -0.0360706 0.22372 0
0.040136 -0.0358613 0.223789 0
0.0437312 -0.0354335 0.224 0
-0.102241 -0.0347189 0.221 0
-0.100322 -0.0347189 0.221 0
-0.0926448 -0.0347189 0.221 0
-0.089286 -0.0347189 0.221 0
-0.0873667 -0.0347189 0.221 0
0.00979771 -0.0347189 0.221 0
0.0121969 -0.0347189 0.221 0
0.0157955 -0.0347189 0.221 0
0.0187944 -0.0347189 0.221 0
0.022753 -0.0347189 0.221 0
0.0266182 -0.0345055 0.221 0
0.0298126 -0.0341953 0.221077 0
0.0334968 -0.0334671 0.221445 0
0.0367064 -0.033169 0.221857 0
0.0401681 -0.0331758 0.221961 0
0.0437127 -0.0332645 0.22249 0
0.0467554 -0.032829 0.223619 0
0.0495673 -0.0315401 0.224 0
0.0443944 -0.0303597 0.221111 0
0.047204 -0.0298568 0.221976 0
0.0505939 -0.0295521 0.222829 0
0.0539454 -0.0287407 0.2238 0
0.0484236 -0.0277566 0.221 0
0.0514202 -0.0271112 0.221389 0
0.0543272 -0.0261702 0.222211 0
0.0576344 -0.0259358 0.223368 0
0.0602667 -0.0250917 0.224 0
0.0546133 -0.0237714 0.221 0
0.0577899 -0.0226306 0.22145 0
0.0611388 -0.0226182 0.2231 0
0.0642879 -0.0222015 0.223889 0
0.0592197 -0.0203143 0.221 0
0.0614077 -0.0193092 0.221389 0
0.064022 -0.0193327 0.223524 0
0.0614388 -0.0157228 0.221 0
0.0646049 -0.0156938 0.223128 0
0.0682404 -0.0155021 0.223438 0
0.0701651 -0.016622 0.223 0
0.0623754 -0.0126502 0.221 0
0.0649892 -0.0123546 0.222036 0
0.0678435 -0.0124346 0.221743 0
0.0628183 -0.010231 0.221 0
0.0644977 -0.00981085 0.221 0
0.0674366 -0.010291 0.221 0
-0.11584 -0.0492529 0.226 0
-0.11404 -0.0500465 0.226813 0
-0.111917 -0.0494708 0.227 0
-0.0606778 -0.0501183 0.226579 0
-0.0578862 -0.0502492 0.226343 0
-0.0542346 -0.0503329 0.226381 0
-0.0508449 -0.0500962 0.226412 0
-0.047508 -0.0497107 0.226455 0
-0.0436325 -0.0497603 0.226444 0
-0.0402532 -0.0502498 0.226185 0
-0.036913 -0.0500105 0.226552 0
-0.0333945 -0.0495629 0.226667 0
-0.0295122 -0.0492242 0.227 0
-0.0266537 -0.0492242 0.227 0
-0.113743 -0.0473542 0.225696 0
-0.110407 -0.0473543 0.226489 0
-0.107132 -0.0466883 0.226718 0
-0.103785 -0.0457719 0.227 0
-0.0857958 -0.0457719 0.227 0
-0.0778247 -0.0460914 0.22675 0
-0.0750899 -0.0467841 0.225929 0
-0.0715886 -0.0472487 0.226353 0
-0.0683365 -0.0476635 0.226313 0
-0.0646961 -0.0477441 0.226 0
-0.0613897 -0.0478234 0.225348 0
-0.0575895 -0.047794 0.225 0
-0.0544193 -0.0478573 0.225 0
-0.0508746 -0.0477846 0.225308 0
-0.0472008 -0.0478343 0.2251 0
-0.043898 -0.0480513 0.2252 0
-0.0400971 -0.0485461 0.225 0
-0.0368187 -0.0479445 0.225217 0
-0.0332481 -0.0479519 0.225545 0
-0.0296455 -0.0474916 0.225788 0
-0.0262165 -0.04742 0.225914 0
-0.0226428 -0.0471944 0.22631 0
-0.0191281 -0.0464353 0.225429 0
-0.0155269 -0.046837 0.225929 0
-0.0123869 -0.046881 0.226 0
-0.00889076 -0.0463606 0.2265 0
-0.00544905 -0.0469025 0.2265 0
-0.00204648 -0.046519 0.2266 0
0.00193169 -0.0457719 0.227 0
0.00513522 -0.0457719 0.227 0
-0.112885 -0.0451242 0.225 0
-0.110123 -0.0447822 0.225043 0
-0.106604 -0.0437816 0.225789 0
-0.103067 -0.0435857 0.226417 0
-0.0997185 -0.0430704 0.226533 0
-0.0961043 -0.0433897 0.2264 0
-0.0927883 -0.0438152 0.226071 0
-0.0892725 -0.0437031 0.226118 0
-0.0857893 -0.0436324 0.226467 0
-0.0823738 -0.0435196 0.2265 0
-0.0788715 -0.0441573 0.2258 0
-0.0762468 -0.0451242 0.225 0
-0.0725829 -0.0451242 0.225 0
-0.0161602 -0.0451242 0.225 0
-0.0107866 -0.0451242 0.225 0
-0.00883908 -0.0445827 0.225182 0
-0.00568436 -0.0449069 0.225 0
-0.00144218 -0.044545 0.225348 0
0.00192148 -0.0440603 0.2258 0
0.00539633 -0.0439374 0.225919 0
0.00880048 -0.0436469 0.2262 0
0.0122383 -0.043647 0.2262 0
0.0156761 -0.0436469 0.2262 0
0.0191653 -0.0436133 0.226167 0
0.0227491 -0.0436315 0.226189 0
0.0262134 -0.0432058 0.226379 0
0.0294353 -0.0428467 0.226889 0
0.0324885 -0.0423196 0.227 0
-0.106127 -0.0414579 0.225 0
-0.103386 -0.0409962 0.225 0
-0.0996953 -0.0412134 0.225 0
-0.0966176 -0.0413601 0.225 0
-0.0940773 -0.0419467 0.225 0
-0.0887038 -0.0419467 0.225 0
-0.0859681 -0.0413601 0.225 0
-0.0825363 -0.0413968 0.225 0
0.00631125 -0.0419467 0.225 0
0.00875379 -0.0419467 0.225 0
0.0121734 -0.0419467 0.225 0
0.0155929 -0.0419467 0.225 0
0.0192567 -0.0419467 0.225 0
0.0229206 -0.0419467 0.225 0
0.026381 -0.0412066 0.225111 0
0.0298258 -0.0408162 0.2255 0
0.0332915 -0.0401642 0.225762 0
0.0366427 -0.0398149 0.226162 0
0.040146 -0.0391942 0.22675 0
0.0341563 -0.0380359 0.225 0
0.0369896 -0.0376448 0.225 0
0.0402424 -0.0374923 0.225304 0
0.0437162 -0.0372151 0.226125 0
0.0470565 -0.0360983 0.22625 0
0.0494918 -0.0354149 0.227 0
0.0479348 -0.0338329 0.225143 0
0.0504463 -0.0331171 0.226031 0
0.053975 -0.0321931 0.226727 0
0.0514983 -0.0311921 0.225 0
0.0544388 -0.0305422 0.225458 0
0.0575796 -0.0296961 0.225905 0
0.0604417 -0.0291499 0.2266 0
0.0585817 -0.0275258 0.225 0
0.0612704 -0.026514 0.225704 0
0.0638111 -0.025229 0.226875 0
0.0626119 -0.0239816 0.225 0
0.064952 -0.0229744 0.225158 0
0.0672345 -0.0233317 0.227 0
0.0657902 -0.019009 0.225429 0
0.0674643 -0.0182091 0.226667 0
0.0663979 -0.0167712 0.225 0
0.0681056 -0.0168308 0.2258 0
-0.112773 -0.0531903 0.22975 0
-0.1103 -0.052873 0.23 0
-0.108402 -0.052873 0.23 0
-0.0611774 -0.0533534 0.229556 0
-0.0578398 -0.0535083 0.229429 0
-0.0541372 -0.0538289 0.229154 0
-0.0508849 -0.0535277 0.2295 0
-0.0480902 -0.0531506 0.23 0
-0.0427359 -0.0531228 0.23 0
-0.040237 -0.0534377 0.229435 0
-0.0371191 -0.0533151 0.22975 0
-0.0334977 -0.052873 0.23 0
-0.11302 -0.0516193 0.228353 0
-0.110427 -0.0508347 0.228911 0
-0.107222 -0.0503529 0.229485 0
-0.104657 -0.0496249 0.23 0
-0.0819361 -0.049625 0.23 0
-0.0788335 -0.0500916 0.22975 0
-0.075303 -0.0502811 0.229571 0
-0.0716852 -0.0504506 0.229333 0
-0.0683801 -0.0500589 0.229125 0
-0.0645582 -0.0506666 0.229214 0
-0.0620663 -0.0511688 0.228286 0
-0.0575244 -0.051856 0.228 0
-0.0537498 -0.0524133 0.228 0
-0.0503259 -0.0517941 0.228 0
-0.0469272 -0.0514542 0.228636 0
-0.0440111 -0.0515657 0.228632 0
-0.0399511 -0.0519798 0.228 0
-0.0365588 -0.0517461 0.228333 0
-0.0331355 -0.0514237 0.22888 0
-0.0298707 -0.0507909 0.228867 0
-0.0261947 -0.0508705 0.229063 0
-0.0228005 -0.0501777 0.2294 0
-0.0192234 -0.0500168 0.2295 0
-0.0158095 -0.050066 0.229462 0
-0.0123451 -0.0499097 0.229538 0
-0.00851977 -0.0495636 0.229714 0
-0.00472853 -0.0499195 0.22925 0
-0.00132638 -0.0495589 0.2295 0
0.00195523 -0.0495943 0.229857 0
0.00517295 -0.0494787 0.229636 0
0.00745023 -0.0493751 0.23 0
-0.106486 -0.0482059 0.22825 0
-0.103399 -0.0474776 0.228929 0
-0.100062 -0.0465822 0.229419 0
-0.0962742 -0.0465798 0.229385 0
-0.0927539 -0.0467805 0.2294 0
-0.0891904 -0.0468684 0.22888 0
-0.0856523 -0.0474639 0.228744 0
-0.0821964 -0.0473702 0.228864 0
-0.0790419 -0.0476763 0.22856 0
-0.0752833 -0.048698 0.228 0
-0.0728082 -0.048698 0.228 0
-0.0299888 -0.0489457 0.228 0
-0.0250385 -0.0489457 0.228 0
-0.0226872 -0.0485742 0.228 0
-0.0193458 -0.0482027 0.228 0
-0.0162656 -0.0483953 0.228 0
-0.0119204 -0.0484504 0.228 0
-0.00871577 -0.0480789 0.22835 0
-0.00487806 -0.0486953 0.228077 0
-0.00126676 -0.0480592 0.228381 0
0.00194621 -0.0476162 0.228743 0
0.00546277 -0.0475588 0.228667 0
0.0089087 -0.0474115 0.228952 0
0.0124006 -0.0472136 0.2292 0
0.0158701 -0.0469231 0.229 0
0.0194058 -0.0471681 0.229281 0
0.0229413 -0.047169 0.229613 0
0.02632 -0.0462359 0.229588 0
0.0298348 -0.0465862 0.229 0
0.0327428 -0.0464404 0.229588 0
-0.102262 -0.0454782 0.228 0
-0.0995392 -0.0447351 0.228 0
-0.0965693 -0.0451066 0.228 0
-0.0923616 -0.0454782 0.228 0
-0.0891439 -0.0454782 0.228 0
-0.0853075 -0.0454782 0.228 0
-0.0822136 -0.0454782 0.228 0
-0.079986 -0.0454782 0.228 0
0.00689042 -0.0454782 0.228 0
0.00887051 -0.0454782 0.228 0
0.0123357 -0.0454782 0.228 0
0.0158008 -0.0454782 0.228 0
0.019266 -0.0454782 0.228 0
0.0224836 -0.0454782 0.228 0
0.0268664 -0.0448722 0.228556 0
0.0298857 -0.0445864 0.228115 0
0.0333008 -0.0438928 0.22873 0
0.0367654 -0.042956 0.229071 0
0.040093 -0.0428099 0.229778 0
0.0429051 -0.042629 0.23 0
0.0379118 -0.0413502 0.228 0
0.0403373 -0.0409302 0.228417 0
0.0437408 -0.0404612 0.22875 0
0.0469284 -0.039473 0.229391 0
0.0498962 -0.0388812 0.23 0
0.0477035 -0.0376959 0.228267 0
0.0507316 -0.0366715 0.229103 0
0.0538912 -0.035633 0.23 0
0.0518385 -0.0341839 0.228 0
0.0543524 -0.033884 0.228786 0
0.0577336 -0.033411 0.22905 0
0.0607077 -0.0326618 0.229429 0
0.0591153 -0.0311126 0.228 0
0.0617372 -0.030133 0.22845 0
0.0633245 -0.0295727 0.2295 0
0.062828 -0.0276451 0.228 0
0.0648271 -0.0264793 0.229333 0
0.0679256 -0.0218291 0.229333 0
0.0686466 -0.0193911 0.2285 0
0.0711691 -0.0186191 0.229 0
-0.0564344 -0.0598934 0.234 0
-0.0544022 -0.0598934 0.234 0
-0.052116 -0.0598934 0.234 0
-0.109772 -0.0573904 0.232941 0
-0.107204 -0.0569721 0.233833 0
-0.0772644 -0.0565888 0.234 0
-0.0752322 -0.0565888 0.234 0
-0.0716759 -0.0565888 0.234 0
-0.0635471 -0.0565888 0.234 0
-0.0612117 -0.0569784 0.233167 0
-0.057712 -0.0572861 0.232739 0
-0.0543231 -0.0576736 0.232214 0
-0.0508393 -0.0577304 0.232818 0
-0.047403 -0.0570815 0.233692 0
-0.0434953 -0.057533 0.233545 0
-0.0401736 -0.057935 0.233053 0
-0.0369938 -0.0574097 0.233545 0
-0.0334111 -0.056678 0.233667 0
-0.0296464 -0.0565657 0.234 0
-0.112541 -0.0546832 0.231667 0
-0.110484 -0.0545228 0.231526 0
-0.106814 -0.0541745 0.232192 0
-0.10324 -0.0539376 0.233156 0
-0.0996187 -0.0532842 0.234 0
-0.0963611 -0.0532244 0.234 0
-0.0927599 -0.0527758 0.234 0
-0.089356 -0.0527758 0.234 0
-0.0853859 -0.0531302 0.233727 0
-0.0821554 -0.0538133 0.233667 0
-0.0785568 -0.0540568 0.232937 0
-0.0751614 -0.05414 0.23221 0
-0.0716514 -0.0541568 0.232283 0
-0.0684945 -0.0539725 0.233306 0
-0.064678 -0.0542397 0.232518 0
-0.0611587 -0.0550728 0.231143 0
-0.057717 -0.0553614 0.231 0
-0.0545072 -0.0553613 0.231 0
-0.0504645 -0.0551916 0.231222 0
-0.0471769 -0.0545973 0.231839 0
-0.043845 -0.054519 0.231645 0
-0.0403739 -0.0552658 0.231125 0
-0.0367519 -0.0548146 0.23163 0
-0.0331415 -0.0544233 0.2317 0
-0.0297593 -0.0540918 0.232 0
-0.0262489 -0.0541257 0.232143 0
-0.0227124 -0.0541031 0.232048 0
-0.0192474 -0.0542801 0.232809 0
-0.0158147 -0.0538883 0.232867 0
-0.0122038 -0.053916 0.233429 0
-0.00877324 -0.0534606 0.233609 0
-0.0052488 -0.0532784 0.233737 0
-0.00156408 -0.0534403 0.233571 0
0.00160626 -0.0536496 0.233375 0
0.0046517 -0.0530819 0.233667 0
0.00732577 -0.0527758 0.234 0
0.0190109 -0.0527758 0.234 0
-0.106133 -0.0515635 0.231222 0
-0.103177 -0.0509146 0.231872 0
-0.0998139 -0.0507866 0.233149 0
-0.0962619 -0.0507134 0.2331 0
-0.092673 -0.0506819 0.232791 0
-0.089201 -0.050761 0.232778 0
-0.0854313 -0.0509036 0.231848 0
-0.0822064 -0.0512365 0.231435 0
-0.0787816 -0.0518482 0.231 0
-0.0752708 -0.0518482 0.231 0
-0.0716234 -0.0521837 0.231375 0
-0.0681191 -0.0515638 0.231222 0
-0.0653349 -0.0521743 0.231333 0
-0.0223588 -0.0518482 0.231 0
-0.0190988 -0.0518482 0.231 0
-0.015588 -0.0518482 0.231 0
-0.0118204 -0.0517249 0.231444 0
-0.00870666 -0.0513762 0.23187 0
-0.00520688 -0.0514419 0.231842 0
-0.00154837 -0.0514586 0.2315 0
0.00196998 -0.0514585 0.2315 0
0.00542977 -0.0511847 0.232048 0
0.0085956 -0.0508264 0.232481 0
0.0121116 -0.0504172 0.232353 0
0.0154655 -0.0499908 0.232348 0
0.0189875 -0.0505301 0.232515 0
0.0223231 -0.0499274 0.231348 0
0.0260862 -0.0497423 0.232889 0
0.0284098 -0.0494712 0.234 0
0.0341139 -0.0491587 0.231333 0
0.0366354 -0.0492597 0.233 0
-0.102103 -0.048586 0.231 0
-0.099884 -0.0484359 0.2314 0
-0.0962422 -0.0484155 0.231583 0
-0.0927736 -0.0484402 0.2315 0
-0.089392 -0.0486281 0.2312 0
0.015758 -0.048586 0.231 0
0.018717 -0.048586 0.231 0
0.0220272 -0.048586 0.231 0
0.0260804 -0.0478634 0.231364 0
0.0285471 -0.0478331 0.231 0
0.0342529 -0.0475916 0.231231 0
0.0366526 -0.0470817 0.2325 0
0.0400607 -0.0470077 0.233437 0
0.0435989 -0.0465094 0.233714 0
0.0464455 -0.0456582 0.234 0
0.0368499 -0.0448542 0.231167 0
0.0404665 -0.0445803 0.231636 0
0.0438769 -0.0441987 0.232 0
0.047194 -0.0435865 0.232823 0
0.0506161 -0.0431883 0.233636 0
0.0542037 -0.042494 0.233933 0
0.0571146 -0.0423536 0.234 0
0.0477005 -0.0411809 0.231286 0
0.050839 -0.040388 0.231842 0
0.0541956 -0.0401167 0.232561 0
0.0576304 -0.0401488 0.233 0
0.0608074 -0.0392578 0.233846 0
0.0521193 -0.0377956 0.231 0
0.0543046 -0.0372478 0.231333 0
0.0576987 -0.0368307 0.23155 0
0.0611693 -0.036694 0.232692 0
0.0639996 -0.0360382 0.233889 0
0.0617613 -0.034002 0.231286 0
0.0646219 -0.0331764 0.232829 0
0.0670216 -0.0325245 0.234 0
0.0652974 -0.029639 0.231679 0
0.06818 -0.0296009 0.232974 0
0.0709993 -0.0291727 0.233714 0
0.0661623 -0.0267542 0.231 0
0.0683813 -0.0264774 0.232 0
0.0715018 -0.026179 0.233647 0
0.0696596 -0.0223984 0.232 0
0.0717152 -0.0226114 0.233471 0
0.0752465 -0.0223598 0.233667 0
0.0775636 -0.0232886 0.234 0
0.0694223 -0.0209825 0.231 0
0.0716792 -0.0202297 0.231 0
-0.106813 -0.0634933 0.237 0
-0.0538133 -0.0634933 0.237 0
-0.108871 -0.0603208 0.235333 0
-0.106649 -0.0610944 0.236227 0
-0.104112 -0.0600176 0.237 0
-0.0815997 -0.0596314 0.237 0
-0.0789304 -0.0603072 0.237 0
-0.0751676 -0.0604037 0.237 0
-0.0715657 -0.0604038 0.237 0
-0.0689929 -0.0596314 0.237 0
-0.0646191 -0.0596314 0.237 0
-0.0612745 -0.0598889 0.237 0
-0.0575804 -0.0609518 0.236625 0
-0.0542025 -0.0616088 0.235846 0
-0.0507999 -0.0612725 0.236 0
-0.0472111 -0.0609681 0.236313 0
-0.0437996 -0.0610526 0.236273 0
-0.0401649 -0.0612755 0.236231 0
-0.0368699 -0.0607024 0.236231 0
-0.0333541 -0.0600617 0.236667 0
-0.0301434 -0.0598889 0.237 0
-0.106368 -0.0584339 0.235286 0
-0.10341 -0.0575755 0.235789 0
-0.100321 -0.0568425 0.236533 0
-0.0962424 -0.0562871 0.236857 0
-0.0924484 -0.0567135 0.237 0
-0.0889689 -0.0572097 0.236897 0
-0.0856694 -0.057469 0.23671 0
-0.0822113 -0.057646 0.236417 0
-0.0788402 -0.0578398 0.235629 0
-0.0752032 -0.0584876 0.2355 0
-0.0716453 -0.0585051 0.235571 0
-0.0683911 -0.0575621 0.23595 0
-0.0650783 -0.0579406 0.236154 0
-0.0613443 -0.0585764 0.235857 0
-0.0585868 -0.0589981 0.2355 0
-0.0492774 -0.0591282 0.235 0
-0.0469878 -0.0587445 0.235214 0
-0.0447218 -0.0589094 0.235 0
-0.0361439 -0.0588722 0.2352 0
-0.0331637 -0.0584068 0.235364 0
-0.0297211 -0.0582575 0.236208 0
-0.0262651 -0.0576956 0.235935 0
-0.0226757 -0.0575509 0.235692 0
-0.0192541 -0.057587 0.236 0
-0.0157938 -0.0573603 0.236188 0
-0.0125724 -0.0571296 0.236111 0
-0.00854345 -0.0572272 0.236519 0
-0.00540801 -0.0572631 0.236667 0
-0.00158293 -0.0569773 0.236667 0
0.00161305 -0.0565238 0.236444 0
0.00356047 -0.0562844 0.237 0
-0.102085 -0.0551713 0.235 0
-0.0996753 -0.0551224 0.235333 0
-0.0960996 -0.0547542 0.2354 0
-0.0928427 -0.0543943 0.2355 0
-0.0892148 -0.0544368 0.235515 0
-0.0858982 -0.0548612 0.23544 0
-0.0826494 -0.0553188 0.2353 0
-0.0796355 -0.0555542 0.235 0
-0.0679004 -0.0555542 0.235 0
-0.0661147 -0.0555542 0.235 0
-0.0156028 -0.0555542 0.235 0
-0.0122864 -0.0555542 0.235 0
-0.00843001 -0.055201 0.235412 0
-0.00515062 -0.0551224 0.235333 0
-0.00157401 -0.0551224 0.235333 0
0.00180596 -0.0551738 0.235385 0
0.00536565 -0.0546705 0.236091 0
0.00879915 -0.0542585 0.236172 0
0.0120928 -0.0541535 0.236355 0
0.0162046 -0.0530453 0.236333 0
0.0182255 -0.053195 0.237 0
-0.090095 -0.0524907 0.235 0
0.00914285 -0.0524907 0.235 0
0.011694 -0.0524907 0.235 0
0.0160749 -0.0518716 0.235667 0
0.0313469 -0.049333 0.237 0
0.0334051 -0.0497744 0.237 0
0.041797 -0.0496826 0.235 0
0.0440669 -0.0497818 0.2362 0
0.0457546 -0.049848 0.237 0
0.0313469 -0.0488181 0.237 0
0.0330621 -0.0488181 0.237 0
0.0407765 -0.0486614 0.235 0
0.0436798 -0.0482019 0.23519 0
0.0472377 -0.0472135 0.235667 0
0.0504931 -0.046419 0.236368 0
0.0544684 -0.0459583 0.236857 0
0.0573466 -0.0457921 0.236 0
0.0484298 -0.0453427 0.235 0
0.0508418 -0.0446465 0.235 0
0.0543319 -0.0442146 0.235333 0
0.0576848 -0.0438281 0.235286 0
0.0606778 -0.043135 0.236636 0
0.0632498 -0.0421242 0.237 0
0.0615564 -0.040852 0.23548 0
0.0645419 -0.0396667 0.236524 0
0.0676236 -0.0387773 0.237 0
0.0651238 -0.0370009 0.23525 0
0.0682702 -0.036618 0.236 0
0.0708522 -0.0364018 0.236857 0
0.0662875 -0.0343654 0.235 0
0.0685407 -0.0333782 0.235125 0
0.071179 -0.0331614 0.236417 0
0.069604 -0.0310467 0.235 0
0.0720097 -0.0302542 0.235357 0
0.0742853 -0.0286751 0.2365 0
0.0734306 -0.0261963 0.235 0
0.075356 -0.0259178 0.236333 0
0.0786469 -0.025247 0.236467 0
0.0729933 -0.0237528 0.235 0
0.0747062 -0.0236434 0.235 0
0.0782778 -0.0244093 0.235 0
-0.0670178 -0.0669211 0.241 0
-0.0652737 -0.0669211 0.241 0
-0.0604794 -0.0673368 0.2408 0
-0.0579142 -0.067098 0.240133 0
-0.0546772 -0.0676961 0.239667 0
-0.0518437 -0.0669211 0.241 0
-0.04684 -0.0673984 0.240833 0
-0.0411171 -0.0669211 0.241 0
-0.106025 -0.0645418 0.23965 0
-0.10382 -0.063918 0.2406 0
-0.095404 -0.0633868 0.241 0
-0.092657 -0.0632559 0.241 0
-0.0890794 -0.0634192 0.240875 0
-0.0856761 -0.0639089 0.2405 0
-0.0819654 -0.0646046 0.2404 0
-0.0788686 -0.0641985 0.240077 0
-0.0753741 -0.0642499 0.2407 0
-0.0717709 -0.0639959 0.239947 0
-0.0682678 -0.0646485 0.240212 0
-0.0648495 -0.0647545 0.240263 0
-0.0613126 -0.064762 0.2402 0
-0.0579664 -0.0648582 0.239649 0
-0.0541983 -0.0653197 0.238407 0
-0.0509302 -0.0648474 0.239545 0
-0.0471452 -0.0648145 0.239467 0
-0.0436915 -0.0646242 0.239875 0
-0.0404309 -0.0646824 0.239941 0
-0.0370031 -0.0640853 0.240091 0
-0.0332684 -0.0640413 0.241 0
-0.0297772 -0.0638515 0.240286 0
-0.0262045 -0.0638842 0.241 0
-0.0225418 -0.0632559 0.241 0
-0.0204488 -0.0632559 0.241 0
-0.105455 -0.0622099 0.238 0
-0.103099 -0.0614471 0.239377 0
-0.0996384 -0.0607244 0.240462 0
-0.0963291 -0.0612765 0.240176 0
-0.0927884 -0.0610641 0.239316 0
-0.0892634 -0.0612371 0.239297 0
-0.0855701 -0.0613291 0.23882 0
-0.0823755 -0.0615647 0.2387 0
-0.0786402 -0.0620942 0.238455 0
-0.0754039 -0.0622416 0.239111 0
-0.0717953 -0.0620389 0.238333 0
-0.0682481 -0.0613534 0.238421 0
-0.0647963 -0.0615905 0.2386 0
-0.0613898 -0.0617446 0.238806 0
-0.0582203 -0.0623149 0.2384 0
-0.0496481 -0.062727 0.238 0
-0.0472582 -0.0629209 0.238 0
-0.0444808 -0.0629855 0.238 0
-0.0362426 -0.0622622 0.2382 0
-0.0330683 -0.0618734 0.238538 0
-0.0295943 -0.0617496 0.2385 0
-0.0262751 -0.0613549 0.239233 0
-0.0226758 -0.0613661 0.240036 0
-0.0193199 -0.0611564 0.239788 0
-0.0157061 -0.0610958 0.239593 0
-0.0122056 -0.0608221 0.239655 0
-0.00871835 -0.060699 0.239778 0
-0.0053488 -0.0609622 0.239742 0
-0.00160556 -0.061207 0.240143 0
0.00152654 -0.0611269 0.240714 0
0.00525571 -0.0601797 0.241 0
0.00963791 -0.0595906 0.241 0
-0.102527 -0.0588488 0.238 0
-0.0995135 -0.0583481 0.238417 0
-0.0961903 -0.0581281 0.238385 0
-0.0928923 -0.0585579 0.238 0
-0.089695 -0.0588488 0.238 0
-0.0858195 -0.0593659 0.238 0
-0.0834941 -0.0593659 0.238 0
-0.0674754 -0.0593659 0.238 0
-0.02562 -0.0593659 0.238 0
-0.0227779 -0.0593659 0.238 0
-0.0196775 -0.0593659 0.238 0
-0.015802 -0.0593659 0.238 0
-0.0121614 -0.0588018 0.238 0
-0.00934285 -0.0586764 0.238 0
-0.00492713 -0.0588018 0.238 0
-0.00159184 -0.0585903 0.238 0
0.0018894 -0.0582544 0.238545 0
0.00526729 -0.0577612 0.238895 0
0.00864735 -0.0576132 0.238737 0
0.0119196 -0.0570565 0.2385 0
0.0194984 -0.0567362 0.24 0
0.00848447 -0.0554877 0.238 0
0.013681 -0.0556043 0.2385 0
0.0156542 -0.0545591 0.239154 0
0.0185913 -0.0549098 0.238857 0
0.0276036 -0.0526437 0.238 0
0.0296155 -0.0529853 0.240333 0
0.0276036 -0.0516096 0.238 0
0.029764 -0.0513346 0.239667 0
0.0326608 -0.0514747 0.241 0
0.0387781 -0.0507396 0.24 0
0.0442329 -0.0504225 0.2385 0
0.047438 -0.0494897 0.239 0
0.0509463 -0.0497921 0.239833 0
0.0543293 -0.0500214 0.240905 0
0.0564686 -0.0493802 0.241 0
0.0513362 -0.047886 0.238125 0
0.0541018 -0.047871 0.239045 0
0.0563123 -0.047939 0.240333 0
0.0610259 -0.0462804 0.2404 0
0.0593828 -0.045146 0.238 0
0.0617477 -0.0442735 0.23845 0
0.0649381 -0.0440499 0.239882 0
0.0682867 -0.0433261 0.2405 0
0.0706291 -0.0427353 0.240857 0
0.0655706 -0.0412154 0.238385 0
0.068246 -0.0404235 0.238586 0
0.0714159 -0.0401654 0.239533 0
0.0739973 -0.0394317 0.241 0
0.0724826 -0.0369787 0.2385 0
0.0743204 -0.0365689 0.239706 0
0.0727139 -0.0337537 0.238143 0
0.0750019 -0.0330513 0.239965 0
0.0779217 -0.0321012 0.241 0
0.0733346 -0.031443 0.238 0
0.0756469 -0.0300417 0.2385 0
0.0786109 -0.02972 0.2398 0
0.0818364 -0.0291922 0.240526 0
0.0842007 -0.0289595 0.241 0
0.0769517 -0.0270477 0.238 0
0.0788987 -0.027096 0.238417 0
0.0813754 -0.0271387 0.238615 0
-0.103504 -0.0704271 0.245 0
-0.0705009 -0.0704048 0.244 0
-0.0680728 -0.0708485 0.2448 0
-0.105882 -0.0677281 0.243462 0
-0.103559 -0.0680405 0.244538 0
-0.0997801 -0.0672334 0.245 0
-0.0960973 -0.0670766 0.244429 0
-0.092599 -0.0672333 0.245 0
-0.0891415 -0.0672333 0.245 0
-0.0857175 -0.0670504 0.244333 0
-0.0818583 -0.0677943 0.243846 0
-0.0787203 -0.0681264 0.243867 0
-0.0751853 -0.0682529 0.244133 0
-0.0719509 -0.0683757 0.244067 0
-0.0687027 -0.0681355 0.243069 0
-0.0645501 -0.0678787 0.242065 0
-0.0624057 -0.0681569 0.2426 0
-0.0582895 -0.0688303 0.245 0
-0.0530653 -0.0682684 0.243 0
-0.0506439 -0.0680611 0.243833 0
-0.0472145 -0.0676713 0.24275 0
-0.0438941 -0.067977 0.243571 0
-0.0395099 -0.0674896 0.244 0
-0.0365962 -0.0671107 0.244 0
-0.0331527 -0.0673831 0.244 0
-0.0297596 -0.0670765 0.244429 0
-0.0261075 -0.0672334 0.245 0
-0.02265 -0.0672334 0.245 0
-0.0199484 -0.0670962 0.2445 0
-0.014405 -0.0672334 0.245 0
-0.0122773 -0.0672333 0.245 0
-0.00951126 -0.0676592 0.245 0
-0.00509623 -0.0672334 0.245 0
-0.106332 -0.0660477 0.2426 0
-0.102802 -0.0651815 0.242826 0
-0.0999088 -0.0648071 0.243061 0
-0.0963118 -0.0648068 0.242445 0
-0.092804 -0.0651394 0.242857 0
-0.0892766 -0.0650757 0.242546 0
-0.085601 -0.0654936 0.2425 0
-0.0827432 -0.0658318 0.242 0
-0.0784353 -0.0660535 0.242182 0
-0.0750802 -0.0658852 0.242077 0
-0.071762 -0.0658844 0.242 0
-0.0392659 -0.0662839 0.2425 0
-0.0363798 -0.065571 0.2422 0
-0.0331437 -0.0653586 0.242 0
-0.0294822 -0.0653972 0.242143 0
-0.0259844 -0.0655164 0.243143 0
-0.0227707 -0.0649783 0.242867 0
-0.0191212 -0.0650155 0.2432 0
-0.0158029 -0.0649126 0.243455 0
-0.0121535 -0.0648674 0.24385 0
-0.00882745 -0.0650627 0.244032 0
-0.0055044 -0.0649083 0.243645 0
-0.00268955 -0.0643769 0.24375 0
0.00235082 -0.0635073 0.245 0
-0.100135 -0.0627297 0.242 0
-0.0234235 -0.0629926 0.242 0
-0.0186947 -0.0629926 0.242 0
-0.0158049 -0.0629926 0.242 0
-0.0120219 -0.0626771 0.242 0
-0.0088577 -0.0627005 0.242 0
-0.0045084 -0.0627297 0.242 0
0.00314872 -0.0624427 0.245 0
0.0042004 -0.0615659 0.244333 0
0.0155199 -0.0570069 0.243 0
0.0187638 -0.0568865 0.244 0
0.0312201 -0.0532656 0.242 0
0.0465501 -0.0534148 0.243875 0
0.0499587 -0.0525952 0.245 0
0.0528843 -0.0525952 0.245 0
0.0312201 -0.052214 0.242 0
0.0427777 -0.0517967 0.245 0
0.0476012 -0.05173 0.242933 0
0.0498615 -0.0510971 0.243875 0
0.0538052 -0.0519341 0.2434 0
0.0579413 -0.0504236 0.243 0
0.0612771 -0.0501275 0.244 0
0.064853 -0.0497299 0.244 0
0.0681013 -0.0498474 0.24425 0
0.0581919 -0.048292 0.242308 0
0.0612484 -0.0481299 0.242833 0
0.0648035 -0.0473856 0.243 0
0.0682484 -0.0473188 0.243162 0
0.0714654 -0.0467849 0.244188 0
0.0741616 -0.0459414 0.245 0
0.0683193 -0.0451533 0.2422 0
0.0718172 -0.044062 0.242739 0
0.0743937 -0.043536 0.244111 0
0.0729908 -0.0414355 0.242 0
0.0745427 -0.0411787 0.243143 0
0.0765639 -0.0359879 0.2425 0
0.0784171 -0.0358278 0.245 0
0.076406 -0.0343375 0.242 0
0.0788329 -0.0336009 0.243 0
0.0822691 -0.0325515 0.244263 0
0.0857777 -0.0326553 0.244231 0
0.0877259 -0.0336986 0.245 0
0.0803467 -0.0311828 0.242 0
0.0825794 -0.0306455 0.242385 0
0.0849296 -0.0304367 0.242333 0
-0.100463 -0.0737142 0.248 0
-0.102422 -0.0712641 0.246667 0
-0.100084 -0.0716073 0.247439 0
-0.0966116 -0.0706977 0.247727 0
-0.092656 -0.0704813 0.248 0
-0.0891561 -0.0704813 0.248 0
-0.0856562 -0.0704813 0.248 0
-0.081813 -0.0711965 0.247778 0
-0.079126 -0.0713055 0.247222 0
-0.0749738 -0.071523 0.24725 0
-0.0722375 -0.0713326 0.2474 0
-0.0689424 -0.0707146 0.246 0
-0.0633236 -0.0704654 0.247 0
-0.0627873 -0.0704654 0.247 0
-0.0530802 -0.0707507 0.248 0
-0.0506573 -0.0707507 0.248 0
-0.0472745 -0.0705225 0.2472 0
-0.0449139 -0.0706609 0.248 0
-0.0396191 -0.0707507 0.248 0
-0.0318117 -0.0704813 0.248 0
-0.0296579 -0.0704813 0.248 0
-0.026158 -0.0704813 0.248 0
-0.0240042 -0.0704813 0.248 0
-0.0107687 -0.0701971 0.247 0
-0.0102324 -0.0701971 0.247 0
-0.102146 -0.0692894 0.246 0
-0.0997038 -0.068976 0.246368 0
-0.0962432 -0.0690183 0.246619 0
-0.0927645 -0.0692178 0.247333 0
-0.089274 -0.0692178 0.247333 0
-0.0857632 -0.0691093 0.246842 0
-0.0822065 -0.0694444 0.246444 0
-0.077488 -0.0696457 0.246 0
-0.0769539 -0.0696457 0.246 0
-0.0660048 -0.0699129 0.246 0
-0.0550113 -0.0693921 0.247 0
-0.0402638 -0.0693922 0.247 0
-0.036616 -0.0692159 0.247111 0
-0.0329796 -0.0692596 0.247 0
-0.0297126 -0.0691679 0.247053 0
-0.0262086 -0.0690143 0.2467 0
-0.0227791 -0.0690959 0.2475 0
-0.018807 -0.0684682 0.246889 0
-0.0159317 -0.0681415 0.246182 0
-0.0124464 -0.068245 0.246684 0
-0.00914764 -0.0684774 0.2466 0
-0.00645228 -0.0675078 0.246 0
0.00884095 -0.0634767 0.248 0
0.00556504 -0.0616286 0.246 0
0.00884095 -0.0629379 0.248 0
0.0136317 -0.0600009 0.247 0
0.015462 -0.0599832 0.247667 0
0.0136317 -0.0594642 0.247 0
0.0159659 -0.0587253 0.2466 0
0.0412499 -0.0532929 0.247 0
0.0442174 -0.0535938 0.2474 0
0.0455401 -0.0538295 0.247 0
0.0516015 -0.0529172 0.2465 0
0.0412499 -0.0522196 0.247 0
0.0423225 -0.0522195 0.247 0
0.0514862 -0.052211 0.2462 0
0.0531003 -0.0517409 0.246 0
0.0719145 -0.0499605 0.247333 0
0.0736632 -0.0493358 0.246 0
0.0725552 -0.0475869 0.246167 0
0.075416 -0.0474807 0.24671 0
0.0774928 -0.0473122 0.248 0
0.0763059 -0.0438205 0.246308 0
0.0779618 -0.0435008 0.247778 0
0.0766094 -0.0402825 0.2462 0
0.0782605 -0.0401224 0.247778 0
0.0793246 -0.0371186 0.247 0
0.081855 -0.0359901 0.24725 0
0.0859435 -0.0358664 0.247529 0
0.0891701 -0.0364931 0.247333 0
0.0827212 -0.0342839 0.246333 0
0.0854088 -0.0342666 0.2464 0
0.0883511 -0.0346378 0.246 0
-0.098409 -0.0776052 0.251 0
-0.0977068 -0.0781882 0.252 0
-0.0989541 -0.07525 0.25 0
-0.0964965 -0.0749811 0.251143 0
-0.0926996 -0.0743791 0.2515 0
-0.0895937 -0.0740003 0.251636 0
-0.0859435 -0.0738082 0.252 0
-0.0826074 -0.0741964 0.251 0
-0.0786946 -0.0741263 0.250231 0
-0.0752801 -0.0741792 0.250692 0
-0.0727154 -0.0737106 0.251667 0
-0.0677261 -0.0736325 0.2514 0
-0.0643832 -0.0741212 0.251667 0
-0.0616008 -0.0742396 0.251824 0
-0.0588605 -0.0738082 0.252 0
-0.0534499 -0.0737879 0.251 0
-0.050466 -0.0740966 0.251222 0
-0.0475493 -0.0742087 0.2515 0
-0.0454559 -0.0740819 0.252 0
-0.0395534 -0.0737879 0.251 0
-0.0989764 -0.0730648 0.249 0
-0.0962083 -0.0723297 0.249417 0
-0.09276 -0.0723269 0.249786 0
-0.089218 -0.0723177 0.250526 0
-0.0858409 -0.0722319 0.250526 0
-0.0824185 -0.0724854 0.249333 0
-0.0785804 -0.0727328 0.249 0
-0.0757452 -0.0727626 0.249667 0
-0.0727154 -0.0731638 0.251667 0
-0.0677261 -0.07254 0.2514 0
-0.064428 -0.0725422 0.251 0
-0.0612495 -0.0720331 0.250583 0
-0.0586089 -0.0721975 0.251429 0
-0.0547117 -0.0723533 0.251429 0
-0.0510059 -0.0723249 0.249714 0
-0.0471534 -0.0723086 0.250125 0
-0.0435741 -0.0719771 0.25012 0
-0.0402621 -0.0719748 0.25 0
-0.0368165 -0.0721337 0.250929 0
-0.0332627 -0.0721767 0.251 0
-0.0297583 -0.0724579 0.251111 0
-0.0263133 -0.0722869 0.250421 0
-0.0227356 -0.0716707 0.250407 0
-0.0196566 -0.0713948 0.250889 0
-0.0168027 -0.070495 0.249 0
-0.0113965 -0.070495 0.249 0
-0.00411465 -0.0680645 0.25 0
-0.0019435 -0.0667044 0.25 0
-0.00113076 -0.0660454 0.2508 0
0.00191834 -0.0656059 0.2512 0
0.00486976 -0.064292 0.2514 0
0.00885357 -0.0643229 0.251778 0
0.011172 -0.0634055 0.252 0
0.00864412 -0.0624944 0.25 0
0.0119943 -0.0619056 0.2508 0
0.0152024 -0.0617413 0.2508 0
0.0372925 -0.0539362 0.251667 0
0.0399197 -0.0537923 0.251 0
0.0438253 -0.0547034 0.251 0
0.0790573 -0.0466947 0.24975 0
0.0813712 -0.0466448 0.251667 0
0.0795662 -0.0438004 0.25 0
0.0819369 -0.043635 0.251652 0
0.0855625 -0.0435986 0.251436 0
0.0889065 -0.0430434 0.250091 0
0.0797614 -0.0405035 0.2492 0
0.0822221 -0.0403238 0.250424 0
0.0857475 -0.0404476 0.250744 0
0.0892755 -0.0403762 0.250091 0
0.0918519 -0.0399682 0.249235 0
0.0825327 -0.0377399 0.2495 0
0.0854213 -0.037628 0.24952 0
0.0887308 -0.0380391 0.249182 0
0.0918613 -0.0383062 0.249 0
-0.0966554 -0.0810581 0.255 0
-0.0964525 -0.0784746 0.254 0
-0.0930037 -0.0776904 0.254857 0
-0.0800461 -0.077734 0.255 0
-0.0655778 -0.077797 0.254 0
-0.0617758 -0.077734 0.255 0
-0.0506073 -0.0777656 0.254714 0
-0.0474149 -0.0780578 0.254813 0
-0.0454434 -0.077457 0.255 0
-0.0307718 -0.077457 0.255 0
-0.0955312 -0.0762998 0.253 0
-0.0924296 -0.0761108 0.253286 0
-0.089001 -0.0758172 0.253833 0
-0.0857167 -0.0757559 0.254077 0
-0.0821512 -0.0762653 0.2538 0
-0.0785489 -0.0762503 0.25375 0
-0.0752232 -0.0760642 0.2546 0
-0.0719418 -0.074598 0.25375 0
-0.0678096 -0.0754236 0.25375 0
-0.0649267 -0.0758252 0.25325 0
-0.0610167 -0.0757501 0.253 0
-0.0580005 -0.0750321 0.253667 0
-0.0542977 -0.0756126 0.254385 0
-0.0509636 -0.0760137 0.253267 0
-0.0472361 -0.076082 0.253526 0
-0.0437616 -0.0752605 0.253815 0
-0.0407872 -0.0752729 0.254167 0
-0.0367174 -0.0746699 0.254 0
-0.0331654 -0.0752974 0.25425 0
-0.0297567 -0.0752619 0.253929 0
-0.026204 -0.075124 0.253667 0
-0.02314 -0.0746025 0.254 0
-0.0204743 -0.0742153 0.254333 0
-0.0571716 -0.0730017 0.253 0
-0.0190702 -0.0730143 0.254 0
-0.0152409 -0.0720522 0.2545 0
-0.0127183 -0.0711926 0.2538 0
-0.000598259 -0.0677615 0.255 0
0.000509027 -0.0677615 0.255 0
0.00242759 -0.0664055 0.253 0
0.00603684 -0.0656451 0.254667 0
0.0071247 -0.0647365 0.254 0
0.012315 -0.062283 0.253 0
0.0342661 -0.0569334 0.254889 0
0.0359393 -0.0567244 0.2542 0
0.0433255 -0.0563598 0.2548 0
0.046157 -0.0564018 0.253333 0
0.0342357 -0.055777 0.254667 0
0.0363763 -0.0550049 0.2534 0
0.0393072 -0.0546953 0.2535 0
0.0433255 -0.0558062 0.2548 0
0.0457278 -0.055631 0.254 0
0.0834495 -0.0460674 0.253 0
0.0834495 -0.0444183 0.253 0
-0.0945164 -0.0842991 0.259 0
-0.0939541 -0.0842991 0.259 0
-0.0954362 -0.0823309 0.257577 0
-0.0929218 -0.0818384 0.258333 0
-0.0896197 -0.0810997 0.258667 0
-0.0531854 -0.0812042 0.259 0
-0.0511199 -0.0813288 0.2585 0
-0.0471335 -0.0807514 0.256667 0
-0.0953117 -0.0795786 0.2563 0
-0.0926779 -0.0792591 0.256294 0
-0.0893432 -0.0788518 0.256692 0
-0.0859323 -0.0791232 0.257714 0
-0.0823139 -0.0790945 0.257455 0
-0.0782447 -0.0788637 0.257889 0
-0.0751006 -0.077888 0.257333 0
-0.0716264 -0.0776992 0.258417 0
-0.0680527 -0.0782375 0.256 0
-0.0647972 -0.078595 0.256 0
-0.060211 -0.0782217 0.2566 0
-0.0573386 -0.0781972 0.258412 0
-0.0541264 -0.078905 0.258 0
-0.0510029 -0.0791197 0.2565 0
-0.0468286 -0.0795614 0.256529 0
-0.0437509 -0.0784726 0.257111 0
-0.0403532 -0.0780447 0.257857 0
-0.0367354 -0.078088 0.258 0
-0.0332138 -0.0786707 0.257923 0
-0.029374 -0.0785492 0.2573 0
-0.0261957 -0.0775691 0.256286 0
-0.0235077 -0.0779075 0.258333 0
-0.07439 -0.076798 0.2565 0
-0.0716074 -0.0760974 0.25625 0
-0.0686879 -0.0766483 0.256 0
-0.0570723 -0.076306 0.25625 0
-0.0556263 -0.0760921 0.256 0
-0.0395076 -0.0763702 0.256 0
-0.0367286 -0.0763702 0.256 0
-0.0231038 -0.0761186 0.2575 0
-0.0181795 -0.0738767 0.257 0
-0.015755 -0.0744481 0.258429 0
-0.0128673 -0.0749206 0.2579 0
-0.00988605 -0.0736075 0.259 0
-0.00651209 -0.0736075 0.259 0
-0.0125996 -0.0727599 0.257 0
-0.0089322 -0.0714768 0.2574 0
-0.00651209 -0.0730448 0.259 0
-0.00172662 -0.0709185 0.258429 0
0.0014308 -0.0708643 0.259 0
-0.00171324 -0.0692554 0.256429 0
0.00192738 -0.0688174 0.257474 0
0.00503625 -0.0675521 0.257364 0
0.0084059 -0.0673447 0.257375 0
0.00532808 -0.0660806 0.256 0
0.0071808 -0.0660806 0.256 0
0.0130698 -0.0643844 0.257 0
0.0145189 -0.0646349 0.258 0
0.0172526 -0.0621509 0.257 0
0.0178106 -0.0621509 0.257 0
0.0410046 -0.0595396 0.259 0
0.0434146 -0.0597808 0.259 0
0.0460656 -0.059821 0.259 0
0.0328509 -0.0581328 0.259 0
0.0379338 -0.0571839 0.25725 0
0.0403554 -0.0573884 0.257345 0
0.0437247 -0.0580888 0.257421 0
0.0465068 -0.0581654 0.2574 0
-0.0930514 -0.0875525 0.262 0
-0.0929134 -0.0852966 0.261304 0
-0.0899228 -0.0841371 0.262 0
-0.0563612 -0.0849909 0.262 0
-0.0546678 -0.084605 0.261833 0
-0.0513228 -0.084747 0.262 0
-0.0917995 -0.0833194 0.260333 0
-0.0889312 -0.0826122 0.2606 0
-0.085737 -0.0823202 0.260909 0
-0.082435 -0.0820697 0.260857 0
-0.079228 -0.0808255 0.2605 0
-0.0758035 -0.0807945 0.2604 0
-0.0600586 -0.0810063 0.262 0
-0.0572682 -0.0821649 0.261632 0
-0.0546726 -0.0825134 0.261 0
-0.0505681 -0.0826475 0.26 0
-0.0458376 -0.0821448 0.262 0
-0.0434843 -0.0813897 0.26125 0
-0.0401492 -0.0815755 0.262 0
-0.0364367 -0.0819204 0.261889 0
-0.033676 -0.0816511 0.260875 0
-0.0295125 -0.0818312 0.261 0
-0.026497 -0.0807217 0.262 0
-0.0807689 -0.0801055 0.26 0
-0.079228 -0.0802595 0.2605 0
-0.075258 -0.0796871 0.260588 0
-0.0722344 -0.0798069 0.2618 0
-0.0643627 -0.079563 0.261 0
-0.057873 -0.0799001 0.260556 0
-0.0556487 -0.0801055 0.26 0
-0.0404575 -0.0799254 0.260333 0
-0.0370202 -0.079823 0.26 0
-0.0271851 -0.0801375 0.261333 0
-0.0223179 -0.0784367 0.261556 0
-0.0205241 -0.0773063 0.262 0
-0.0111383 -0.0775909 0.262 0
-0.0187593 -0.076219 0.2612 0
-0.0157838 -0.0764524 0.262 0
-0.0112566 -0.0756503 0.2608 0
-0.00874903 -0.0753921 0.261 0
-0.00524708 -0.074934 0.261333 0
-0.00187645 -0.0744158 0.261 0
0.00184963 -0.0740811 0.261667 0
-0.00794848 -0.0729031 0.26 0
-0.00540823 -0.0724794 0.26 0
-0.00173899 -0.0724794 0.26 0
0.00227867 -0.0721938 0.260632 0
0.00430526 -0.0713685 0.261333 0
0.0033415 -0.0699375 0.26 0
0.00546318 -0.0693604 0.260727 0
0.00829717 -0.0689575 0.262 0
0.0121547 -0.0669843 0.261333 0
0.0124332 -0.0662878 0.2612 0
0.0190104 -0.0639293 0.262 0
0.0212857 -0.0633601 0.262 0
0.0194682 -0.0618654 0.2605 0
0.027792 -0.0607219 0.261667 0
0.0297804 -0.0607219 0.261667 0
0.0329511 -0.060087 0.260556 0
0.0370478 -0.0599611 0.260833 0
0.0406237 -0.0605426 0.2609 0
0.043942 -0.0607689 0.26 0
0.0456789 -0.0611818 0.26 0
0.0277212 -0.0594323 0.261 0
0.030071 -0.0588948 0.2605 0
0.0328972 -0.0590416 0.260111 0
0.0370477 -0.0593943 0.260833 0
0.0396213 -0.0594323 0.261 0
-0.0920821 -0.0885399 0.264667 0
-0.0896309 -0.0887775 0.265273 0
-0.0868198 -0.0881668 0.266 0
-0.0917751 -0.0863611 0.2634 0
-0.0891139 -0.0860443 0.263903 0
-0.0859203 -0.0858047 0.264846 0
-0.0819671 -0.0849081 0.265545 0
-0.0603833 -0.0844184 0.264667 0
-0.0577631 -0.0846363 0.2632 0
-0.0543082 -0.0863766 0.2645 0
-0.049504 -0.0847232 0.2645 0
-0.0469779 -0.0848957 0.264667 0
-0.0449679 -0.0847433 0.264889 0
-0.0398825 -0.0842058 0.264 0
-0.0360729 -0.0846842 0.2655 0
-0.081927 -0.0834024 0.2635 0
-0.0787806 -0.0829958 0.264714 0
-0.0752262 -0.0824222 0.265333 0
-0.0718311 -0.0819719 0.2645 0
-0.0665355 -0.0816247 0.264 0
-0.0644283 -0.0819223 0.264429 0
-0.061525 -0.0827433 0.264632 0
-0.0588923 -0.0829525 0.263143 0
-0.0496266 -0.0836322 0.264 0
-0.0439452 -0.0829241 0.263571 0
-0.0402036 -0.0833197 0.264222 0
-0.0377814 -0.0831349 0.263333 0
-0.0323686 -0.082614 0.2635 0
-0.0295505 -0.0823228 0.2644 0
-0.0277678 -0.082821 0.266 0
-0.0227582 -0.0817761 0.265286 0
-0.0207591 -0.0813581 0.265 0
-0.021642 -0.0794658 0.2635 0
-0.0194658 -0.0791035 0.264783 0
-0.0162407 -0.078103 0.2645 0
-0.0121092 -0.0786501 0.2646 0
-0.00895265 -0.0786221 0.26475 0
-0.00663781 -0.0773228 0.264 0
-0.0163199 -0.0764585 0.263 0
-0.00663781 -0.0767493 0.264 0
0.0020512 -0.0746473 0.263667 0
0.00557762 -0.0748169 0.264909 0
0.0074613 -0.0741521 0.266 0
0.00578371 -0.0721607 0.264 0
0.00839267 -0.0713985 0.265429 0
0.00927183 -0.0694345 0.264 0
0.0119999 -0.0689698 0.265364 0
0.0157452 -0.0676867 0.264444 0
0.0188028 -0.0676105 0.2655 0
0.022477 -0.0669281 0.266 0
0.0369151 -0.0672171 0.266 0
0.0386477 -0.0672171 0.266 0
0.0162278 -0.0658875 0.263 0
0.0193083 -0.0657346 0.263857 0
0.0228243 -0.0649901 0.264615 0
0.0261816 -0.0647844 0.2655 0
0.0295495 -0.0645244 0.265368 0
0.0328724 -0.0642311 0.266 0
0.0367444 -0.0648692 0.265581 0
0.039948 -0.0646814 0.264941 0
0.042656 -0.0635569 0.264 0
0.0231677 -0.0626966 0.264 0
0.0261343 -0.0620413 0.263462 0
0.0299907 -0.0625779 0.2635 0
0.0335572 -0.0620692 0.263545 0
0.0367256 -0.0618111 0.2634 0
0.0402613 -0.0620622 0.263333 0
0.0433096 -0.0622529 0.263333 0
-0.087653 -0.0945672 0.269 0
-0.087069 -0.0945672 0.269 0
-0.0913491 -0.0915437 0.267 0
-0.0888152 -0.0925995 0.267815 0
-0.0863087 -0.0919648 0.268714 0
-0.0913491 -0.0909636 0.267 0
-0.088837 -0.0903835 0.267 0
-0.0856185 -0.0894999 0.268 0
-0.0826863 -0.088459 0.268889 0
-0.050113 -0.0878343 0.268667 0
-0.0482304 -0.0884305 0.269 0
-0.0847984 -0.087135 0.267 0
-0.0820405 -0.0863234 0.267692 0
-0.0790351 -0.0856361 0.2683 0
-0.0752547 -0.0853725 0.268524 0
-0.0716767 -0.0856624 0.26863 0
-0.0681694 -0.0850763 0.268556 0
-0.0649135 -0.084906 0.2682 0
-0.0618991 -0.0856138 0.2675 0
-0.0548281 -0.0871929 0.267 0
-0.050524 -0.0867917 0.268 0
-0.047742 -0.085508 0.267429 0
-0.0435577 -0.0858394 0.268 0
-0.0408747 -0.0852875 0.268 0
-0.0381593 -0.0854816 0.268 0
-0.0322147 -0.0855835 0.268167 0
-0.030721 -0.085499 0.2686 0
-0.0248687 -0.0840473 0.269 0
-0.0748277 -0.0834224 0.267 0
-0.0714654 -0.0834224 0.267 0
-0.0683328 -0.0836307 0.267667 0
-0.0652627 -0.0834224 0.267 0
-0.0259279 -0.0828164 0.2675 0
-0.024394 -0.0819722 0.267 0
-0.0195749 -0.0818482 0.2685 0
-0.0159135 -0.081125 0.269 0
-0.013188 -0.0805406 0.269 0
-0.015685 -0.079832 0.2678 0
-0.00906586 -0.0802412 0.268 0
0.00867331 -0.0742041 0.26775 0
0.00964568 -0.0724328 0.267833 0
0.0124549 -0.0712469 0.268176 0
0.015963 -0.0708811 0.268143 0
0.0183502 -0.0703129 0.269 0
0.0253587 -0.0703129 0.269 0
0.0325758 -0.0707864 0.2688 0
0.0132863 -0.0695 0.267 0
0.0158949 -0.0695 0.267 0
0.0201593 -0.0687643 0.2682 0
0.0227572 -0.0685438 0.2684 0
0.0262255 -0.0677206 0.268091 0
0.0301076 -0.0679007 0.268077 0
0.0333549 -0.0680122 0.267563 0
0.0357013 -0.0681465 0.267 0
0.0300975 -0.0660195 0.267 0
0.0334598 -0.0655554 0.267 0
0.0353148 -0.0660195 0.267 0
-0.0855432 -0.0957078 0.271048 0
-0.083086 -0.0957843 0.2728 0
-0.0853873 -0.093309 0.270435 0
-0.0823144 -0.0926176 0.271687 0
-0.0788379 -0.0920698 0.272857 0
-0.0750274 -0.0921181 0.273 0
-0.0720637 -0.0912284 0.273 0
-0.0526068 -0.0914852 0.272 0
-0.050168 -0.0915117 0.272667 0
-0.0474657 -0.091525 0.273 0
-0.0400567 -0.091525 0.273 0
-0.0816961 -0.0897868 0.270444 0
-0.0787553 -0.0894521 0.271323 0
-0.0752511 -0.0896035 0.271667 0
-0.0719516 -0.0894123 0.271833 0
-0.0685758 -0.0880987 0.2714 0
-0.0646353 -0.0878316 0.271667 0
-0.0606508 -0.0876161 0.271 0
-0.0526068 -0.0903032 0.272 0
-0.0510986 -0.0891804 0.270545 0
-0.0466489 -0.0893193 0.2717 0
-0.0437549 -0.0890971 0.271222 0
-0.040209 -0.0891757 0.272034 0
-0.0375876 -0.0884535 0.272091 0
-0.0783064 -0.0869995 0.27 0
-0.0747891 -0.0869995 0.27 0
-0.0703925 -0.0869995 0.27 0
-0.0685801 -0.0871809 0.27125 0
-0.0649451 -0.0866753 0.271 0
-0.0606508 -0.0870273 0.271 0
-0.0422544 -0.0869995 0.27 0
-0.0405176 -0.0870193 0.270714 0
-0.0368455 -0.086983 0.271167 0
-0.03388 -0.0866224 0.27 0
-0.0186168 -0.0827649 0.2715 0
-0.0156973 -0.0823253 0.272 0
0.00733432 -0.0773021 0.272 0
0.00888536 -0.0759343 0.271333 0
0.0120692 -0.0746885 0.272167 0
0.0153498 -0.0745604 0.272778 0
0.017734 -0.0740275 0.273 0
0.0291848 -0.0737563 0.272 0
0.012592 -0.0731233 0.27075 0
0.0155226 -0.0727615 0.271 0
0.0195146 -0.0718073 0.271588 0
0.0223934 -0.0714924 0.272 0
0.0267635 -0.0713342 0.272 0
0.0296265 -0.0715593 0.271077 0
0.0316081 -0.0711609 0.27 0
0.0239874 -0.069401 0.27 0
0.0263322 -0.069401 0.27 0
0.0286771 -0.069401 0.27 0
-0.0785484 -0.0982274 0.276 0
-0.0761515 -0.0982274 0.276 0
-0.081358 -0.0964039 0.274455 0
-0.0786745 -0.0962165 0.275226 0
-0.0754581 -0.0962328 0.27592 0
-0.0729555 -0.0952291 0.276 0
-0.0788715 -0.093646 0.274 0
-0.075484 -0.0938739 0.274667 0
-0.0718123 -0.092874 0.275167 0
-0.068661 -0.0913314 0.276 0
-0.0548785 -0.0913314 0.276 0
-0.0470742 -0.0933044 0.275333 0
-0.0454252 -0.0927929 0.275 0
-0.0372289 -0.0918602 0.274 0
-0.0708405 -0.0907688 0.274 0
-0.068204 -0.0897318 0.274167 0
-0.064752 -0.0896967 0.274667 0
-0.062143 -0.0898055 0.275 0
-0.042583 -0.0906696 0.274 0
-0.0364478 -0.0898468 0.2744 0
-0.018723 -0.0853823 0.2748 0
-0.0171265 -0.0847352 0.276 0
-0.0181923 -0.0838236 0.274 0
0.0137342 -0.0808375 0.276 0
0.0143334 -0.0808375 0.276 0
-4.82912e-05 -0.0793383 0.276 0
0.000550946 -0.0793383 0.276 0
0.00923988 -0.0781391 0.276 0
0.0125837 -0.0785388 0.275684 0
0.0158014 -0.0785856 0.275462 0
0.0184191 -0.0781118 0.276 0
0.0236216 -0.0772396 0.276 0
0.0121474 -0.0763822 0.274 0
0.015973 -0.0760751 0.274471 0
0.0193882 -0.0751735 0.27528 0
0.0228992 -0.0750578 0.275417 0
0.0260317 -0.0747229 0.2749 0
0.028507 -0.0740011 0.274 0
0.0237479 -0.0728104 0.274 0
0.0261275 -0.0728104 0.274 0
-0.0746232 -0.0985833 0.277 0
-0.0717538 -0.0986876 0.278077 0
-0.0681348 -0.0987663 0.279118 0
-0.0659004 -0.098729 0.2798 0
-0.0743826 -0.0976203 0.277 0
-0.0715656 -0.0964164 0.277743 0
-0.0681645 -0.0962118 0.278677 0
-0.0650004 -0.0961369 0.279591 0
-0.0623002 -0.0951492 0.28 0
-0.0719168 -0.0943705 0.277 0
-0.068074 -0.0931377 0.277583 0
-0.0646681 -0.0928278 0.2779 0
-0.0612085 -0.0929045 0.278917 0
-0.0579191 -0.0929647 0.2791 0
-0.0553699 -0.0938717 0.28 0
-0.0447657 -0.0933129 0.278333 0
-0.0407903 -0.0932012 0.278 0
-0.0355704 -0.0918545 0.2785 0
-0.0342446 -0.0917425 0.28 0
-0.0607908 -0.0904587 0.277 0
-0.0322238 -0.0895559 0.277 0
-0.0213263 -0.0883967 0.28 0
-0.0190442 -0.0883634 0.27775 0
-0.0170708 -0.0883967 0.28 0
-0.0223977 -0.0866195 0.2782 0
-0.0190086 -0.0867751 0.27725 0
-0.0155241 -0.0856197 0.278333 0
-0.0134233 -0.0847466 0.28 0
0.00207394 -0.0852025 0.2795 0
0.00428631 -0.0844437 0.278667 0
-0.014783 -0.0835377 0.277 0
-0.0127238 -0.0832353 0.278 0
-0.000978715 -0.0824767 0.279765 0
0.00176307 -0.0821469 0.2784 0
0.00507668 -0.0820676 0.27775 0
0.00861319 -0.0818993 0.277857 0
0.0117495 -0.081289 0.277267 0
0.00205909 -0.0797696 0.2775 0
0.0044621 -0.0796258 0.277 0
0.00868384 -0.0797217 0.277333 0
0.0113783 -0.0796259 0.277 0
0.0200987 -0.0781213 0.277 0
0.0216023 -0.0779708 0.277 0
0.0200987 -0.0769176 0.277 0
0.021903 -0.0769176 0.277 0
-0.0649736 -0.0995312 0.281667 0
-0.064109 -0.0972596 0.281 0
-0.0614033 -0.09654 0.28175 0
-0.0578311 -0.0960588 0.282059 0
-0.0541839 -0.0959278 0.282429 0
-0.0513549 -0.0961072 0.283 0
-0.0438263 -0.0948486 0.282 0
-0.0438263 -0.0942359 0.282 0
-0.0329263 -0.0929825 0.282375 0
-0.030001 -0.0921807 0.282625 0
-0.0141815 -0.0918032 0.283 0
-0.0122358 -0.0920082 0.283 0
-0.0104949 -0.0918032 0.283 0
-0.031774 -0.0908491 0.281 0
-0.0308588 -0.0908491 0.281 0
-0.0254515 -0.0902012 0.2826 0
-0.0229679 -0.0894829 0.2815 0
-0.0193673 -0.0904135 0.2825 0
-0.0154333 -0.0895329 0.28208 0
-0.0123257 -0.0895634 0.28272 0
-0.00893212 -0.0893768 0.282133 0
-0.00559374 -0.0888579 0.282 0
-0.00188613 -0.088109 0.282 0
-0.0144574 -0.0868818 0.2812 0
-0.0121614 -0.0861655 0.281391 0
-0.00887541 -0.0861921 0.281936 0
-0.00521757 -0.0860547 0.282 0
-0.00166941 -0.0858755 0.281706 0
0.000560927 -0.0856597 0.281 0
-0.0633869 -0.101786 0.286 0
-0.0612135 -0.101786 0.286 0
-0.050567 -0.101816 0.286667 0
-0.0639825 -0.10064 0.285636 0
-0.0611975 -0.100047 0.2852 0
-0.0577516 -0.100051 0.284786 0
-0.0541611 -0.100134 0.284833 0
-0.050788 -0.100049 0.285636 0
-0.0483781 -0.0998963 0.286429 0
-0.032141 -0.0987127 0.287 0
-0.0308947 -0.0987127 0.287 0
-0.0215479 -0.0987127 0.287 0
-0.0607855 -0.0979894 0.284 0
-0.0577024 -0.0979894 0.284 0
-0.0540028 -0.0977837 0.284 0
-0.0509198 -0.0976809 0.284 0
-0.0486239 -0.0977152 0.285 0
-0.0361686 -0.0962989 0.286 0
-0.0332328 -0.0963936 0.285667 0
-0.029648 -0.0964093 0.28625 0
-0.0264327 -0.0952127 0.2866 0
-0.0224474 -0.0958765 0.286909 0
-0.0194058 -0.0960995 0.285957 0
-0.0167569 -0.0952384 0.285 0
-0.029667 -0.0937978 0.2842 0
-0.0264264 -0.0928698 0.284636 0
-0.0224877 -0.0927893 0.2847 0
-0.0192018 -0.0929255 0.28455 0
-0.0158554 -0.092952 0.284083 0
-0.0129984 -0.0933616 0.284 0
-0.0494484 -0.102185 0.288 0
-0.0483087 -0.102422 0.288667 0
-0.042551 -0.10258 0.29 0
-0.0402651 -0.102368 0.2894 0
-0.0367571 -0.102226 0.289 0
-0.03324 -0.10249 0.289 0
-0.0301213 -0.102351 0.288545 0
-0.0276589 -0.101912 0.289 0
-0.042551 -0.101005 0.29 0
-0.0399464 -0.100166 0.289235 0
-0.0368431 -0.0998032 0.288852 0
-0.0334693 -0.0999693 0.288375 0
-0.0295669 -0.100046 0.288077 0
-0.0261153 -0.0996513 0.28869 0
-0.0234222 -0.0990677 0.288333 0
-0.0389533 -0.0978309 0.289 0
-0.0376121 -0.0976052 0.288333 0
-0.0281885 -0.0974923 0.288 0
-0.0261338 -0.0969668 0.288154 0
-0.0238115 -0.097023 0.288 0
-0.0439614 -0.10325 0.291 0
