-0.0577288 0.0409258 0.203 0
-0.0570969 0.0439295 0.202325 0
-0.0556791 0.0450699 0.202333 0
-0.0565477 0.0460684 0.200364 0
-0.0548432 0.0466997 0.202294 0
-0.0569669 0.037564 0.205368 0
-0.0559432 0.0376816 0.206 0
-0.056707 0.0400517 0.20427 0
-0.0554403 0.0402984 0.205652 0
-0.0563771 0.042926 0.204333 0
-0.0546826 0.0439765 0.205538 0
-0.0510233 0.0452902 0.206 0
-0.0449854 0.0452902 0.206 0
-0.0534696 0.0468692 0.204809 0
-0.050836 0.0473863 0.205431 0
-0.047283 0.0474615 0.205557 0
-0.044886 0.0474783 0.206 0
-0.0529641 0.0492827 0.204 0
-0.0506109 0.0496214 0.204333 0
-0.0473759 0.0497264 0.205 0
-0.0444217 0.049987 0.20587 0
-0.0569658 0.0365695 0.209286 0
-0.0544092 0.0377394 0.209324 0
-0.0513105 0.0377896 0.209917 0
-0.0472287 0.0382303 0.209 0
-0.0435791 0.0384132 0.21 0
-0.0538702 0.0403243 0.208177 0
-0.0511234 0.0397495 0.209286 0
-0.0471093 0.039724 0.209 0
-0.0445226 0.0400908 0.209667 0
-0.0533434 0.0434113 0.207 0
-0.0519452 0.0448355 0.207 0
-0.0420351 0.0450521 0.208 0
-0.0403411 0.0451758 0.208571 0
-0.0368907 0.0450801 0.2082 0
-0.0337925 0.0448606 0.209571 0
-0.0517205 0.0457349 0.207 0
-0.0432841 0.0470922 0.207259 0
-0.0402373 0.0472938 0.207724 0
-0.0368922 0.0472674 0.208 0
-0.033586 0.0469212 0.209333 0
-0.0312231 0.0472646 0.21 0
-0.0428068 0.0496326 0.207 0
-0.0405297 0.0495127 0.207 0
-0.0382376 0.0493328 0.207 0
-0.0599252 0.0278554 0.213 0
-0.0460516 0.0276241 0.213 0
-0.0438068 0.0271045 0.2128 0
-0.0402928 0.027123 0.212467 0
-0.0367845 0.0268706 0.2129 0
-0.0344902 0.027624 0.213 0
-0.0598249 0.0295172 0.212273 0
-0.0583839 0.0302614 0.212305 0
-0.0490575 0.0308635 0.213 0
-0.0469211 0.0302283 0.212892 0
-0.0436814 0.0296679 0.212078 0
-0.0403119 0.0297974 0.212 0
-0.0366761 0.02939 0.212082 0
-0.0337965 0.028781 0.213 0
-0.0297115 0.0293209 0.213 0
-0.0595916 0.0321782 0.211 0
-0.0575785 0.0332878 0.21175 0
-0.0554548 0.0342571 0.213 0
-0.04952 0.0331773 0.213 0
-0.0470207 0.0331343 0.211564 0
-0.0438726 0.0339432 0.211048 0
-0.040474 0.0340612 0.211896 0
-0.0364324 0.0340086 0.212 0
-0.033247 0.0333208 0.212449 0
-0.0300014 0.0335443 0.21298 0
-0.0274763 0.0339743 0.213 0
-0.0570016 0.035606 0.211167 0
-0.0544047 0.0360764 0.212048 0
-0.0511952 0.0361355 0.212143 0
-0.0463063 0.0358456 0.211 0
-0.0435767 0.0366097 0.211 0
-0.0401914 0.0366453 0.211508 0
-0.0367554 0.036616 0.211759 0
-0.0332929 0.036683 0.211613 0
-0.0298681 0.0368268 0.212841 0
-0.0277846 0.0366481 0.213 0
-0.0426414 0.0392838 0.211 0
-0.0401258 0.0394639 0.211529 0
-0.0366473 0.0401644 0.211924 0
-0.0332464 0.0400191 0.211958 0
-0.0301126 0.0400168 0.21295 0
-0.0277846 0.0401189 0.213 0
-0.0363995 0.0420033 0.212 0
-0.0324302 0.0439749 0.21125 0
-0.0294994 0.0444988 0.211317 0
-0.0260834 0.0441621 0.21239 0
-0.0240849 0.0442839 0.213 0
-0.0318758 0.0461603 0.211 0
-0.0296498 0.0465732 0.211097 0
-0.0269846 0.046065 0.212 0
-0.0392211 0.020285 0.217 0
-0.0367634 0.0196528 0.216659 0
-0.0332555 0.0198437 0.216744 0
-0.0297117 0.0198764 0.216556 0
-0.0261156 0.0194083 0.216679 0
-0.0227651 0.01982 0.216895 0
-0.0193547 0.0203636 0.217 0
-0.0159711 0.0203851 0.217 0
-0.013701 0.0208351 0.217 0
-0.00781177 0.0208351 0.217 0
-0.00592721 0.0208351 0.217 0
-0.060815 0.0238997 0.217 0
-0.0594016 0.0241354 0.217 0
-0.0463717 0.0236034 0.216455 0
-0.043768 0.0233802 0.216571 0
-0.0403037 0.02281 0.215643 0
-0.0366863 0.0227454 0.215031 0
-0.0332623 0.0227999 0.215536 0
-0.0298083 0.0228439 0.215937 0
-0.0262018 0.0227646 0.215196 0
-0.0227552 0.0228225 0.21575 0
-0.0193019 0.0228923 0.216411 0
-0.0159341 0.0228021 0.216912 0
-0.0125326 0.0233433 0.217 0
-0.0082156 0.0231251 0.217 0
-0.00592721 0.022721 0.217 0
-0.0602474 0.0260694 0.215677 0
-0.057916 0.0266148 0.216207 0
-0.0556325 0.0274356 0.217 0
-0.0497445 0.0272685 0.2168 0
-0.0472159 0.0262642 0.215238 0
-0.0436968 0.0254602 0.214533 0
-0.0401449 0.0254756 0.214133 0
-0.03665 0.025243 0.214 0
-0.0332059 0.0262973 0.214267 0
-0.0297233 0.0263603 0.214533 0
-0.0262255 0.0264643 0.214367 0
-0.0226779 0.0263755 0.214516 0
-0.0192679 0.0263374 0.215216 0
-0.0156983 0.0261339 0.216 0
-0.0122451 0.0261646 0.21625 0
-0.00872591 0.026172 0.216312 0
-0.00545608 0.0257855 0.217 0
-3.79681e-05 0.0276714 0.217 0
0.0022235 0.026917 0.217 0
0.00428081 0.0273571 0.217 0
-0.0595096 0.0284512 0.214 0
-0.0570468 0.0294572 0.214955 0
-0.0544802 0.0300126 0.216739 0
-0.0505626 0.0297538 0.215465 0
-0.0480459 0.0290003 0.2144 0
-0.0318643 0.0286837 0.214 0
-0.0296574 0.0289161 0.214 0
-0.0262888 0.0291486 0.214 0
-0.0229784 0.0287999 0.214 0
-0.0186407 0.0294627 0.214933 0
-0.0165597 0.0298865 0.215125 0
-0.011829 0.0283148 0.216 0
-0.00965165 0.0284825 0.216 0
-0.00138 0.0292643 0.217 0
0.0017554 0.0291998 0.217 0
0.00396672 0.0286142 0.217 0
-0.0562572 0.0324032 0.214 0
-0.0541804 0.0330697 0.215152 0
-0.0512921 0.0332065 0.214445 0
-0.0258676 0.0345445 0.214125 0
-0.0234197 0.0344872 0.2154 0
-0.0182427 0.0318539 0.215 0
-0.0162588 0.033505 0.216143 0
-0.0260471 0.0368104 0.21416 0
-0.0227973 0.0367209 0.215593 0
-0.019341 0.0368406 0.216857 0
-0.0165279 0.0366292 0.217 0
-0.0283796 0.0391449 0.214 0
-0.0260295 0.039743 0.214514 0
-0.0227848 0.0403107 0.215032 0
-0.0197117 0.0394666 0.2163 0
-0.0246626 0.0428645 0.214 0
-0.0230439 0.0429796 0.214174 0
-0.029653 0.0137144 0.22 0
-0.0263094 0.0137144 0.22 0
-0.022727 0.0137144 0.22 0
-0.0190344 0.0132732 0.22 0
-0.0162309 0.013332 0.22 0
-0.0113231 0.0133559 0.22 0
-0.00881537 0.0135949 0.22 0
-0.00147145 0.0137144 0.22 0
0.00043916 0.0137144 0.22 0
-0.039998 0.0168552 0.219789 0
-0.036762 0.0167951 0.219667 0
-0.0330994 0.0159749 0.219489 0
-0.0297116 0.0158476 0.219392 0
-0.0262002 0.0158019 0.21876 0
-0.0228203 0.0157637 0.218612 0
-0.019295 0.0157915 0.219 0
-0.0157608 0.0158236 0.219449 0
-0.0123592 0.015787 0.219588 0
-0.0087886 0.0158651 0.219407 0
-0.00528442 0.0158387 0.219653 0
-0.00170695 0.0158326 0.219571 0
0.00176456 0.015956 0.2198 0
0.00501522 0.0164808 0.219862 0
0.00840005 0.016901 0.22 0
0.0127626 0.0169169 0.22 0
0.0155264 0.0164917 0.22 0
0.0193064 0.0168213 0.22 0
0.0224112 0.0168213 0.22 0
-0.0612789 0.0198056 0.219655 0
-0.0589809 0.0203584 0.22 0
-0.0472755 0.0201448 0.219762 0
-0.0434041 0.0195815 0.219555 0
-0.0404722 0.0190743 0.21845 0
-0.0366079 0.0179539 0.218278 0
-0.0332064 0.0181085 0.218238 0
-0.0298899 0.0181085 0.218238 0
-0.0266382 0.0177578 0.218 0
-0.0226076 0.0180644 0.218 0
-0.0192072 0.0185629 0.218 0
-0.0155901 0.0186635 0.218135 0
-0.0123256 0.0192535 0.218127 0
-0.00886514 0.0191793 0.2182 0
-0.00519967 0.0191794 0.218404 0
-0.00176123 0.0192097 0.218881 0
0.00190968 0.0191948 0.218961 0
0.00519052 0.0193541 0.218929 0
0.00870634 0.0192909 0.219148 0
0.0123624 0.0191811 0.219673 0
0.0157068 0.0191885 0.219755 0
0.0192931 0.0191981 0.219857 0
0.0228212 0.0192566 0.21983 0
0.0259671 0.0201938 0.22 0
-0.0607009 0.0222134 0.218333 0
-0.0580223 0.0229397 0.219273 0
-0.0554463 0.0241106 0.22 0
-0.0497495 0.0236514 0.219625 0
-0.0474431 0.0220241 0.218548 0
-0.0440454 0.0214573 0.2183 0
-0.0142375 0.0230625 0.218 0
-0.0120878 0.0221744 0.218 0
-0.00933532 0.0224197 0.218 0
-0.00429794 0.0228257 0.218 0
-0.00163825 0.0227134 0.218426 0
0.00181299 0.0226834 0.218333 0
0.00516828 0.0228257 0.218 0
0.00872704 0.0226946 0.218105 0
0.0119962 0.0215592 0.218778 0
0.0156526 0.0226925 0.219 0
0.0191667 0.0226103 0.219133 0
0.0227926 0.0226994 0.219071 0
0.0261995 0.0227659 0.219714 0
0.0287493 0.0230719 0.22 0
-0.0571081 0.0252713 0.218444 0
-0.0544328 0.0264334 0.219292 0
-0.0507824 0.0262225 0.218937 0
-0.0487892 0.0254307 0.218 0
-0.00382463 0.0254307 0.218 0
-0.00169473 0.0254307 0.218 0
0.00157111 0.0252412 0.218 0
0.00535298 0.0259332 0.218 0
0.00770921 0.0257921 0.218 0
0.0156558 0.0262662 0.219041 0
0.0180615 0.0263085 0.219381 0
0.0237905 0.0252488 0.2195 0
0.0259448 0.0253621 0.219941 0
0.0288595 0.024947 0.22 0
-0.0537743 0.028484 0.218235 0
-0.0520086 0.0284665 0.2184 0
-0.00832109 0.0311143 0.218 0
-0.00516566 0.0311714 0.218733 0
-0.00188399 0.0310245 0.218158 0
0.00201597 0.0309882 0.218222 0
0.0050242 0.0297057 0.218229 0
0.00706152 0.0285093 0.218 0
0.015761 0.0292997 0.219778 0
0.0176347 0.0290099 0.22 0
-0.0145215 0.0343824 0.218 0
-0.0120287 0.0336476 0.218 0
-0.0087956 0.0332514 0.218036 0
-0.00526657 0.0333894 0.218939 0
-0.00170362 0.0334265 0.219178 0
0.00181869 0.0334394 0.21966 0
0.00449921 0.0328337 0.22 0
-0.0147108 0.0365612 0.218 0
-0.012362 0.0366173 0.218327 0
-0.00883197 0.0367246 0.218964 0
-0.00527282 0.0367599 0.219184 0
-0.00170973 0.0368904 0.219964 0
0.00182131 0.0369576 0.22 0
0.00402156 0.0371356 0.22 0
-0.0110245 0.0395255 0.22 0
-0.00863625 0.0395255 0.22 0
-0.00555162 0.039379 0.219909 0
-0.00242368 0.039012 0.2198 0
-0.0190064 0.00690703 0.224 0
-0.0151599 0.00664157 0.224 0
-0.0121818 0.00641154 0.223714 0
-0.00858707 0.00608046 0.223862 0
-0.00537784 0.00591963 0.223514 0
-0.00195178 0.00605038 0.223588 0
0.00209831 0.00621705 0.22372 0
0.00491902 0.00651358 0.223867 0
0.00774221 0.00690703 0.224 0
0.0201438 0.00690703 0.224 0
0.0216029 0.00690703 0.224 0
-0.0328042 0.00977389 0.2239 0
-0.0296395 0.00956125 0.2235 0
-0.0260981 0.00938156 0.223563 0
-0.0228244 0.00906639 0.223286 0
-0.0193206 0.00880423 0.222816 0
-0.0157893 0.00878363 0.222755 0
-0.0121762 0.00882827 0.222235 0
-0.0087436 0.00880171 0.222735 0
-0.00535485 0.0087949 0.222551 0
-0.00172719 0.00878327 0.22225 0
0.00189471 0.00879638 0.222592 0
0.0052892 0.00881537 0.223061 0
0.00851456 0.00905443 0.223707 0
0.0124139 0.00954283 0.223923 0
0.0156528 0.00916919 0.223636 0
0.0194357 0.00892819 0.223522 0
0.0227222 0.00900163 0.223591 0
0.0256175 0.00943874 0.223727 0
-0.0462413 0.0137204 0.224 0
-0.0433165 0.0133694 0.223769 0
-0.040083 0.0125654 0.223378 0
-0.0368054 0.0123881 0.2236 0
-0.0331369 0.0121744 0.222298 0
-0.0297838 0.0119295 0.2215 0
-0.0262286 0.0118726 0.221333 0
-0.0226245 0.0118726 0.221333 0
-0.0193338 0.0114753 0.221067 0
-0.0156672 0.0116847 0.221 0
-0.0125141 0.0118401 0.221 0
-0.00861499 0.0118229 0.2213 0
-0.00532289 0.0121083 0.221245 0
-0.00175233 0.0118904 0.221 0
0.00191418 0.012083 0.221333 0
0.00526672 0.012156 0.222123 0
0.00865508 0.0121738 0.222449 0
0.0122047 0.0122095 0.222296 0
0.015793 0.0121016 0.22202 0
0.0192319 0.0121442 0.221898 0
0.0226243 0.0121542 0.222082 0
0.0261342 0.0122167 0.223224 0
0.0285158 0.0133033 0.224 0
-0.0634144 0.0151267 0.22325 0
-0.0613558 0.0159439 0.222902 0
-0.0589504 0.0164123 0.223909 0
-0.0498263 0.0158119 0.223957 0
-0.0471163 0.0156956 0.223353 0
-0.0437396 0.0158049 0.222235 0
-0.0403415 0.0150823 0.221667 0
-0.0368158 0.0150236 0.221714 0
-0.0336015 0.0143541 0.221077 0
-0.0144334 0.0140168 0.221 0
-0.0134738 0.0140168 0.221 0
-0.00531674 0.0140168 0.221 0
-0.00339744 0.0140168 0.221 0
0.0025044 0.0143049 0.221 0
0.00545577 0.0147708 0.221111 0
0.00872818 0.0151609 0.22118 0
0.0120389 0.0152599 0.221042 0
0.0160088 0.0147638 0.221 0
0.0191543 0.0149772 0.221 0
0.0229147 0.0152588 0.221067 0
0.0262732 0.0157894 0.221808 0
0.0293905 0.0158698 0.223366 0
0.0329832 0.0166892 0.224 0
0.0357067 0.0168839 0.224 0
0.0395974 0.0171272 0.224 0
0.0430017 0.0171272 0.224 0
-0.0608875 0.018396 0.22124 0
-0.0578796 0.0193196 0.222442 0
-0.0555325 0.0204922 0.223556 0
-0.0502319 0.0193632 0.223 0
-0.0473163 0.0184652 0.221849 0
-0.0443882 0.0183725 0.221 0
0.0241925 0.0178581 0.221 0
0.0265105 0.0187281 0.221032 0
0.029891 0.0192048 0.222 0
0.0333696 0.0192277 0.223 0
0.0368256 0.0192643 0.223411 0
0.0402262 0.0194251 0.22375 0
0.043105 0.0192687 0.223941 0
-0.0568669 0.0218476 0.221385 0
-0.0541952 0.0225554 0.222492 0
-0.0511011 0.0223768 0.221867 0
0.0304035 0.0224462 0.221 0
0.0331502 0.0227133 0.221531 0
0.0366781 0.0228132 0.22251 0
0.0401468 0.0228647 0.223 0
0.0436911 0.0227409 0.223555 0
0.0469735 0.0233728 0.224 0
0.0490809 0.0236973 0.224 0
-0.0533791 0.0251404 0.221 0
-0.0519796 0.0250604 0.221 0
0.019765 0.0274612 0.221 0
0.0238724 0.0270876 0.221375 0
0.0264987 0.026853 0.221308 0
0.0299072 0.0263057 0.221415 0
0.0331894 0.0261165 0.221796 0
0.0366303 0.0261657 0.222225 0
0.0401549 0.0262615 0.223041 0
0.0435301 0.0260512 0.223795 0
0.0466979 0.0255466 0.224 0
0.0128686 0.0306782 0.221 0
0.0156479 0.03097 0.221 0
0.0192657 0.0299134 0.221372 0
0.022734 0.0297162 0.222533 0
0.0260917 0.0295749 0.223042 0
0.029716 0.0291769 0.223189 0
0.0336288 0.0289304 0.22344 0
0.0368334 0.0292242 0.223457 0
0.0397287 0.0290553 0.223762 0
0.0422722 0.0283206 0.224 0
0.00552729 0.0341354 0.221 0
0.00878922 0.0337419 0.221778 0
0.0121969 0.0332231 0.221 0
0.0158457 0.0333288 0.221694 0
0.0192353 0.0332436 0.222778 0
0.0227802 0.0328894 0.223619 0
0.0253314 0.0322951 0.224 0
0.00308019 0.0353837 0.221 0
0.00531848 0.0365007 0.221091 0
0.00863554 0.0365005 0.221952 0
0.0120781 0.0361514 0.221778 0
0.0158995 0.0356125 0.222429 0
0.0182625 0.0356555 0.223 0
-0.00891542 0.0411456 0.221 0
0.00499949 0.0385048 0.221 0
-0.0118681 0.003054 0.227 0
-0.00850716 0.00265586 0.226733 0
-0.00532519 0.0024495 0.226696 0
-0.00176314 0.00206493 0.2268 0
0.00192999 0.00206493 0.2268 0
0.00498493 0.00265765 0.226867 0
0.00927966 0.00278499 0.227 0
0.0123979 0.00245067 0.226783 0
0.0157921 0.00228432 0.226815 0
0.0191739 0.00206647 0.226914 0
0.0224632 0.00216177 0.226903 0
-0.038975 0.00699953 0.227 0
-0.0363212 0.00665809 0.227 0
-0.0331758 0.00649606 0.226667 0
-0.0296526 0.00651755 0.226636 0
-0.0261887 0.00646935 0.2266 0
-0.0224892 0.00630392 0.225923 0
-0.0189928 0.00547591 0.225882 0
-0.0158565 0.00513958 0.225789 0
-0.012217 0.00456564 0.225727 0
-0.00907436 0.00428635 0.225593 0
-0.00542099 0.00401 0.225333 0
-0.00150744 0.00425716 0.225467 0
0.00175914 0.00440376 0.22529 0
0.00549367 0.00475525 0.225634 0
0.00884384 0.00514745 0.225906 0
0.0122027 0.00523745 0.225554 0
0.0156319 0.00523745 0.225554 0
0.0191526 0.0051837 0.225649 0
0.0228057 0.00517948 0.225904 0
0.0260372 0.00565006 0.226512 0
0.029351 0.00620047 0.226923 0
0.0317985 0.00670362 0.227 0
-0.0431642 0.0102053 0.227 0
-0.040135 0.00923772 0.226128 0
-0.0368117 0.00892245 0.225816 0
-0.0335169 0.00826566 0.225379 0
-0.0297974 0.00790534 0.225364 0
-0.0266622 0.00789325 0.22525 0
-0.0227551 0.00742671 0.225 0
0.0097308 0.00779334 0.225 0
0.0118335 0.00810684 0.225 0
0.016037 0.00769335 0.225 0
0.0182797 0.00742671 0.225 0
0.0234091 0.00742671 0.225 0
0.0268283 0.00840929 0.225148 0
0.0297438 0.00899262 0.226136 0
0.0329573 0.00918882 0.227 0
0.0369241 0.0102053 0.227 0
0.0401276 0.0102053 0.227 0
-0.0640218 0.0123806 0.22625 0
-0.0613761 0.012909 0.226118 0
-0.05888 0.0134363 0.2266 0
-0.0504232 0.013072 0.226348 0
-0.0473339 0.0126605 0.225909 0
-0.0439292 0.0119441 0.225722 0
-0.0408298 0.0110931 0.225 0
-0.0369218 0.0110931 0.225 0
0.0300104 0.0121655 0.225476 0
0.0333514 0.0123775 0.226163 0
0.0367947 0.012379 0.226204 0
0.0402546 0.0123862 0.226327 0
0.0437413 0.0123993 0.226571 0
0.0469308 0.0131521 0.22696 0
0.0494918 0.0136576 0.227 0
-0.0598818 0.014515 0.225 0
-0.0576805 0.0158011 0.22593 0
-0.0540105 0.0162637 0.226667 0
-0.0514109 0.0154798 0.225222 0
0.0307367 0.0146371 0.225 0
0.033361 0.0151638 0.225161 0
0.0367466 0.015571 0.22507 0
0.0402723 0.0157178 0.225132 0
0.0439127 0.0156361 0.225159 0
0.0473201 0.0157793 0.226409 0
0.0505864 0.016049 0.227 0
0.0542059 0.0159199 0.226872 0
0.0565802 0.0161671 0.227 0
-0.0568384 0.0183002 0.225077 0
-0.0541623 0.0190781 0.2258 0
-0.0516992 0.0189553 0.225 0
0.0412396 0.0176925 0.225 0
0.0450184 0.0189865 0.225 0
0.0472419 0.0192138 0.225667 0
0.0507431 0.0192809 0.226127 0
0.0543752 0.0192506 0.226082 0
0.0574967 0.0195361 0.227 0
0.0476391 0.0216521 0.225 0
0.0508812 0.0225254 0.225087 0
0.0543971 0.0226684 0.225877 0
0.0578703 0.0227816 0.227 0
0.0445615 0.0276649 0.225 0
0.0476106 0.0268787 0.225 0
0.0508153 0.0260435 0.225083 0
0.0542663 0.0261066 0.226186 0
0.0573638 0.0259737 0.227 0
0.0278056 0.0311357 0.225 0
0.0297597 0.0311357 0.225 0
0.0330793 0.0304788 0.225368 0
0.0367235 0.0311275 0.225077 0
0.0405761 0.0303101 0.225136 0
0.0437601 0.0298183 0.225692 0
0.0471643 0.0296761 0.226 0
0.0506785 0.0295681 0.226451 0
0.0540773 0.029168 0.2268 0
0.0561453 0.0282067 0.227 0
0.0724094 0.0309193 0.227 0
0.0748737 0.0309193 0.227 0
0.020478 0.0348021 0.225 0
0.0229206 0.0348021 0.225 0
0.0266713 0.0333639 0.225429 0
0.0292442 0.0331673 0.226538 0
0.0332579 0.0321313 0.226696 0
0.0370555 0.0330971 0.226514 0
0.0402882 0.0325937 0.226 0
0.043631 0.0325016 0.226 0
0.047081 0.0322661 0.226071 0
0.0501216 0.0324537 0.227 0
0.0696988 0.0319057 0.227 0
0.0722199 0.0324368 0.227 0
0.0743429 0.0324937 0.227 0
0.020478 0.0352909 0.225 0
0.0229206 0.0352909 0.225 0
-0.00478421 -0.00390156 0.23 0
0.00994704 -0.00427634 0.23 0
0.0120444 -0.00430133 0.23 0
0.0158396 -0.00390156 0.23 0
0.019435 -0.00390156 0.23 0
0.0214324 -0.00390156 0.23 0
-0.00812087 -0.00110773 0.23 0
-0.00499264 -0.00186935 0.2295 0
-0.00153495 -0.00165089 0.229524 0
0.00195022 -0.00164925 0.229238 0
0.00536365 -0.00160018 0.22935 0
0.00906407 -0.00176383 0.2295 0
0.012387 -0.00189634 0.228939 0
0.0158875 -0.00183594 0.229404 0
0.0193758 -0.00189951 0.229306 0
0.0228272 -0.00169055 0.229302 0
0.0261338 -0.00101636 0.229818 0
0.0299216 -0.000653451 0.23 0
0.0334172 -0.000653451 0.23 0
-0.0392404 0.00309437 0.23 0
-0.0366432 0.0029263 0.229889 0
-0.0332113 0.0025913 0.22975 0
-0.0299023 0.0026946 0.23 0
-0.0256743 0.00309437 0.23 0
-0.0223244 0.00290698 0.23 0
-0.0191505 0.00258953 0.229619 0
-0.0156153 0.00248662 0.228952 0
-0.0122466 0.00175859 0.229188 0
-0.00895363 0.00110309 0.228824 0
-0.00533888 0.000800564 0.228231 0
-0.00152496 0.000342958 0.228 0
0.0019402 0.000342958 0.228 0
0.00558502 0.00110084 0.228177 0
0.00875366 0.00123041 0.228368 0
0.0122214 0.000800217 0.228 0
0.0157108 0.000703223 0.228 0
0.019266 0.000342958 0.228 0
0.0230062 0.00056312 0.228 0
0.0262847 0.0015847 0.228755 0
0.0298498 0.00158969 0.229449 0
0.033338 0.00159004 0.229449 0
0.036218 0.0020515 0.23 0
0.0389102 0.00309437 0.23 0
-0.0432746 0.00596425 0.229875 0
-0.0402002 0.00528448 0.229095 0
-0.0369414 0.00489131 0.228814 0
-0.0332313 0.00453562 0.228556 0
-0.0296516 0.00455526 0.228865 0
-0.0261984 0.00472484 0.228966 0
-0.0230127 0.00450256 0.228867 0
-0.0197762 0.00396537 0.2284 0
-0.0158806 0.00356282 0.228 0
-0.013653 0.00356282 0.228 0
0.0266626 0.00390697 0.228077 0
0.0298977 0.00440359 0.228241 0
0.0332367 0.00500175 0.228319 0
0.0367563 0.00506956 0.22902 0
0.0402923 0.00529016 0.229535 0
0.0434544 0.00594271 0.23 0
-0.0649699 0.00981463 0.2292 0
-0.0621487 0.0099029 0.23 0
-0.050378 0.00964943 0.229714 0
-0.0472242 0.00919817 0.229514 0
-0.0439408 0.00843196 0.228818 0
-0.0407967 0.00744317 0.228 0
0.0340342 0.00760829 0.228 0
0.0365918 0.00826878 0.228 0
0.0401247 0.00828135 0.228381 0
0.0436384 0.0087846 0.228607 0
0.0470352 0.00901662 0.229 0
0.0504176 0.00950048 0.229737 0
0.0531421 0.0100903 0.23 0
-0.0642762 0.0109432 0.22825 0
-0.0610379 0.0112434 0.228846 0
-0.0579763 0.0124092 0.229158 0
-0.054067 0.0128584 0.229222 0
-0.0508934 0.0113904 0.22863 0
-0.0476316 0.0110086 0.228333 0
0.0477898 0.0117103 0.22813 0
0.0509422 0.0121487 0.228588 0
0.054219 0.0124555 0.22875 0
0.0574306 0.0128843 0.229478 0
0.0598835 0.0135883 0.23 0
-0.0568435 0.014538 0.22825 0
-0.0550407 0.0147771 0.228222 0
0.0519375 0.0147085 0.228 0
0.0529275 0.0147085 0.228 0
0.0583153 0.0156059 0.228303 0
0.0610903 0.0158888 0.229385 0
0.0642668 0.0163922 0.23 0
0.0589503 0.018754 0.228 0
0.0612538 0.0192726 0.228167 0
0.063641 0.0184794 0.229143 0
0.0606994 0.0229811 0.228 0
0.0686581 0.0239393 0.23 0
0.0706199 0.0240821 0.23 0
0.0587853 0.0272577 0.228 0
0.0611149 0.0263581 0.228071 0
0.0648535 0.0265213 0.2296 0
0.0683727 0.026081 0.23 0
0.0718107 0.0264561 0.22988 0
0.0744611 0.0267359 0.229444 0
0.0546746 0.030837 0.228 0
0.0579087 0.0298481 0.228 0
0.0611409 0.0298389 0.228167 0
0.064706 0.0297782 0.229353 0
0.0684012 0.0297102 0.229667 0
0.0714941 0.0296088 0.228565 0
0.0748614 0.0293688 0.228103 0
0.0306743 0.0340529 0.228167 0
0.0332202 0.0341244 0.228643 0
0.0356842 0.0341928 0.228 0
0.0520365 0.0324425 0.228 0
0.0544126 0.0325416 0.228 0
0.0578777 0.0325416 0.228 0
0.060882 0.0323115 0.228125 0
0.0648583 0.0321458 0.229375 0
0.067374 0.0319526 0.23 0
0.0755335 0.0333177 0.228 0
0.00961198 -0.0108328 0.234 0
0.0111361 -0.0108328 0.234 0
0.0162166 -0.0108328 0.234 0
0.0177408 -0.0108328 0.234 0
-0.00816973 -0.00701981 0.234 0
-0.00472906 -0.00796897 0.233765 0
-0.00156176 -0.00827656 0.233571 0
0.00173723 -0.00829081 0.234 0
0.0050357 -0.00828606 0.233857 0
0.00856852 -0.00877442 0.233286 0
0.0121108 -0.00877084 0.23319 0
0.0156638 -0.00877559 0.233333 0
0.0190576 -0.00854797 0.233647 0
0.0228213 -0.00778241 0.234 0
0.0262325 -0.00756452 0.234 0
0.0286638 -0.00701981 0.234 0
-0.0152824 -0.00396941 0.234 0
-0.011864 -0.00467028 0.233652 0
-0.00856687 -0.00515036 0.232675 0
-0.00507834 -0.00563128 0.232024 0
-0.00154977 -0.00544535 0.231775 0
0.00191048 -0.00539802 0.232064 0
0.00528551 -0.00544043 0.232021 0
0.00856511 -0.0056626 0.231605 0
0.0122882 -0.00602319 0.231467 0
0.0155807 -0.00561116 0.231591 0
0.0190701 -0.00569218 0.231619 0
0.0226736 -0.00551364 0.231936 0
0.0261537 -0.00532925 0.2326 0
0.0297865 -0.00505705 0.233378 0
0.0331523 -0.004569 0.233667 0
0.0359573 -0.00430646 0.233889 0
-0.0392454 -0.00100375 0.234 0
-0.036665 -0.00128922 0.233538 0
-0.0332736 -0.00162917 0.233095 0
-0.029972 -0.00108753 0.233667 0
-0.0264595 -0.000664816 0.234 0
-0.0226344 -0.00108682 0.233417 0
-0.0191519 -0.00136262 0.233562 0
-0.0156936 -0.0018678 0.233362 0
-0.0121491 -0.00192494 0.232326 0
-0.00890685 -0.00256377 0.231148 0
-0.00656038 -0.00341664 0.231 0
-0.00154503 -0.00341664 0.231 0
0.00196573 -0.00341664 0.231 0
0.00581083 -0.00324935 0.231 0
0.00778354 -0.00311551 0.231 0
0.0162595 -0.00341664 0.231 0
0.0230302 -0.00341664 0.231 0
0.0264085 -0.00272094 0.231174 0
0.0296243 -0.0024204 0.231571 0
0.0331755 -0.00242341 0.2318 0
0.0367131 -0.00187783 0.232256 0
0.0398472 -0.00144609 0.233692 0
-0.0671035 0.00314818 0.234 0
-0.0660874 0.00314818 0.234 0
-0.0495757 0.00314818 0.234 0
-0.0467919 0.00286843 0.233818 0
-0.0434784 0.0020551 0.233267 0
-0.0403238 0.00157185 0.232333 0
-0.0368944 0.00124729 0.231684 0
-0.0332135 0.000850102 0.2315 0
-0.0295506 0.00111697 0.231765 0
-0.0262453 0.00150668 0.231913 0
-0.0227293 0.00130216 0.23145 0
-0.0191401 0.000850102 0.2315 0
-0.0157354 0.000811438 0.231461 0
-0.0125788 0.000347471 0.231 0
0.037457 0.00115078 0.2312 0
0.040234 0.00159513 0.231933 0
0.0436758 0.00167895 0.232867 0
0.0467976 0.00230459 0.2336 0
0.0492398 0.00314818 0.234 0
-0.0669521 0.00497946 0.233059 0
-0.0646845 0.00538166 0.233422 0
-0.0617868 0.00576802 0.23375 0
-0.0532813 0.00572255 0.233857 0
-0.050672 0.00528084 0.233143 0
-0.0472497 0.00516458 0.232356 0
-0.0440251 0.00456709 0.231429 0
-0.0409156 0.0036097 0.231 0
-0.0263711 0.0036097 0.231 0
0.040584 0.0036097 0.231 0
0.0440092 0.00431397 0.231348 0
0.0472023 0.005199 0.232318 0
0.0505603 0.00555884 0.233697 0
0.0543203 0.00645278 0.234 0
0.0568606 0.00645278 0.234 0
-0.0667743 0.00754991 0.2318 0
-0.0645372 0.00807852 0.231765 0
-0.0611019 0.00848489 0.232256 0
-0.0578707 0.00869089 0.232776 0
-0.0544118 0.0087462 0.232444 0
-0.0509079 0.00807188 0.23125 0
-0.0474356 0.00737381 0.231 0
0.048107 0.00737381 0.231 0
0.0509886 0.00798364 0.23175 0
0.0542717 0.00856432 0.232 0
0.0572208 0.00893402 0.233304 0
-0.0570735 0.011272 0.231187 0
-0.0546434 0.0112452 0.23115 0
0.0548778 0.010636 0.231 0
0.058 0.0113292 0.23185 0
0.0611057 0.0123462 0.232412 0
0.0646168 0.0133635 0.233571 0
0.0618157 0.0144001 0.231 0
0.0646946 0.0150039 0.231545 0
0.0666639 0.0169096 0.231 0
0.0656234 0.0192481 0.231174 0
0.0681407 0.0195441 0.231919 0
0.0707303 0.0207632 0.232 0
0.0659951 0.0223466 0.231 0
0.0681557 0.0225161 0.231233 0
0.0714545 0.0229149 0.231061 0
0.0739361 0.0241868 0.231 0
0.0724315 0.0246887 0.231 0
0.0739361 0.0246887 0.231 0
0.0299299 0.0449578 0.232 0
0.02993 0.0459659 0.232 0
0.00922067 -0.0143186 0.237 0
0.012308 -0.0143186 0.237 0
0.01591 -0.0143186 0.237 0
0.0192546 -0.0143186 0.237 0
0.0210556 -0.0143186 0.237 0
-0.0144492 -0.0109717 0.237 0
-0.012391 -0.0109717 0.237 0
-0.00848029 -0.0112806 0.237 0
-0.00518177 -0.0114734 0.236714 0
-0.00158181 -0.0114635 0.2365 0
0.00183067 -0.0119157 0.236471 0
0.00508508 -0.0119604 0.236143 0
0.00857366 -0.0123109 0.23578 0
0.0123804 -0.0123705 0.235651 0
0.0156931 -0.0125235 0.235718 0
0.0194344 -0.0122141 0.235652 0
0.022631 -0.0119083 0.236515 0
0.026032 -0.0114256 0.236538 0
0.028774 -0.0109717 0.237 0
-0.0183599 -0.00757323 0.237 0
-0.015557 -0.00836333 0.236629 0
-0.0123527 -0.00862876 0.236245 0
-0.00879644 -0.0087809 0.235636 0
-0.00546874 -0.00932714 0.235462 0
-0.00157178 -0.00985794 0.235 0
0.00174465 -0.00985793 0.235 0
0.00506109 -0.00985793 0.235 0
0.0201126 -0.00985794 0.235 0
0.0228314 -0.00932101 0.235308 0
0.0262541 -0.00929542 0.2355 0
0.0296058 -0.00860084 0.23581 0
0.0328294 -0.00780169 0.236381 0
0.0357207 -0.00710981 0.237 0
-0.0398491 -0.00474694 0.236833 0
-0.0368186 -0.004642 0.236696 0
-0.0336495 -0.00436765 0.236462 0
-0.0297572 -0.00378134 0.236923 0
-0.0262842 -0.00376284 0.237 0
-0.0224016 -0.00413733 0.237 0
-0.0192303 -0.00522023 0.236412 0
-0.015955 -0.00544587 0.235405 0
-0.012725 -0.00595244 0.235158 0
-0.00999041 -0.00653924 0.235 0
0.030317 -0.00653924 0.235 0
0.0334654 -0.00609691 0.235294 0
0.0368726 -0.0053765 0.23588 0
0.0400134 -0.00500576 0.236517 0
0.0421527 -0.00376284 0.237 0
-0.0458376 -0.000673339 0.237 0
-0.0435521 -0.00108413 0.2366 0
-0.0405318 -0.00213884 0.235667 0
-0.0369958 -0.00299755 0.235368 0
-0.0329752 -0.00331711 0.235778 0
-0.0295046 -0.00254091 0.235474 0
-0.0261178 -0.00220514 0.2355 0
-0.0229981 -0.0025723 0.235714 0
-0.0196737 -0.00300084 0.23525 0
-0.0171335 -0.0034758 0.235 0
0.0382254 -0.0034758 0.235 0
0.0408384 -0.00269938 0.235353 0
0.0436224 -0.00140485 0.236 0
0.0469462 -0.00104679 0.236636 0
0.0493566 -0.000673339 0.237 0
-0.0675163 0.00128502 0.236091 0
-0.0648042 0.00213482 0.236167 0
-0.061558 0.00240916 0.236423 0
-0.0576725 0.00318854 0.237 0
-0.0538927 0.0022598 0.2365 0
-0.0507582 0.00158711 0.235955 0
-0.0474526 0.00119696 0.236 0
-0.0443656 0.000645889 0.235429 0
0.0453685 0.000353488 0.235 0
0.0478005 0.00103463 0.23525 0
0.0507299 0.00193379 0.236129 0
0.0540139 0.00270201 0.236688 0
0.0560459 0.00318854 0.237 0
-0.064584 0.00367221 0.235 0
-0.0607117 0.00473642 0.235393 0
-0.0578729 0.0052235 0.23602 0
-0.0547896 0.00493834 0.235429 0
-0.0513183 0.00367221 0.235 0
0.0512793 0.00409137 0.235091 0
0.0542131 0.00468651 0.235531 0
0.057576 0.00540132 0.236238 0
0.058759 0.00836914 0.2355 0
0.06092 0.0096454 0.236412 0
0.0644504 0.0101399 0.237 0
0.0668517 0.0101399 0.237 0
0.0622948 0.0110912 0.235333 0
0.064931 0.0118285 0.2355 0
0.0668517 0.0111698 0.237 0
-0.00501302 -0.017702 0.241 0
-0.000789639 -0.0179159 0.240857 0
0.00187876 -0.0186609 0.240571 0
0.00517738 -0.0187038 0.2404 0
0.00883804 -0.018717 0.240571 0
0.0123101 -0.018826 0.2405 0
0.0155228 -0.0187934 0.24027 0
0.0189101 -0.0183884 0.240435 0
0.0219046 -0.0176775 0.240667 0
-0.018225 -0.0145603 0.241 0
-0.0155839 -0.0152311 0.240769 0
-0.012114 -0.0156276 0.240824 0
-0.00870956 -0.0155298 0.24029 0
-0.00522141 -0.015795 0.240317 0
-0.00154145 -0.0157438 0.24005 0
0.00177446 -0.0157432 0.239056 0
0.00514723 -0.0157394 0.239 0
0.0087008 -0.0158992 0.238757 0
0.0123537 -0.0159531 0.238765 0
0.0157025 -0.0160084 0.238645 0
0.0191374 -0.015982 0.238743 0
0.0226982 -0.0156269 0.239428 0
0.0258234 -0.0151443 0.240375 0
0.0283566 -0.0144999 0.24 0
-0.021757 -0.0111569 0.241 0
-0.0192242 -0.0120683 0.240474 0
-0.0157639 -0.0124586 0.238905 0
-0.0123363 -0.0128218 0.23875 0
-0.00905768 -0.0130139 0.238448 0
-0.00521628 -0.0133643 0.238333 0
-0.00159407 -0.0133615 0.238286 0
0.00144397 -0.0136681 0.238 0
0.0051257 -0.013862 0.238 0
0.007451 -0.013862 0.238 0
0.0233866 -0.0135634 0.2382 0
0.0264331 -0.01323 0.238454 0
0.0297954 -0.0123782 0.239267 0
0.0324104 -0.011334 0.2403 0
-0.0466514 -0.0075923 0.241 0
-0.0436539 -0.00773971 0.240556 0
-0.0403185 -0.007954 0.23975 0
-0.0370955 -0.00760376 0.240375 0
-0.0332684 -0.0072298 0.241 0
-0.0298673 -0.0072298 0.241 0
-0.0258222 -0.00795308 0.240826 0
-0.0226926 -0.00876005 0.23981 0
-0.019453 -0.00904766 0.238737 0
-0.0167063 -0.00972524 0.238 0
0.0312208 -0.00998378 0.238 0
0.0336635 -0.00941189 0.2392 0
0.0364754 -0.0084927 0.2396 0
0.0396606 -0.00758696 0.239833 0
0.0424258 -0.0071998 0.24 0
-0.0693725 -0.00382635 0.241 0
-0.0535006 -0.00417542 0.241 0
-0.0507269 -0.00486828 0.240667 0
-0.0472215 -0.00520095 0.240733 0
-0.0438492 -0.00506694 0.23955 0
-0.0409111 -0.0058789 0.238111 0
-0.0366073 -0.00618173 0.2389 0
-0.0330132 -0.00575149 0.239286 0
-0.0297038 -0.00563066 0.239686 0
-0.0262386 -0.00565851 0.239452 0
-0.0229948 -0.00579737 0.238385 0
-0.0204526 -0.00662272 0.238 0
0.0374216 -0.00662272 0.238 0
0.0408647 -0.00612724 0.2388 0
0.0436825 -0.00482287 0.239267 0
0.0471021 -0.00412781 0.2402 0
0.0499279 -0.00382635 0.241 0
-0.0680338 -0.00178678 0.239706 0
-0.0648649 -0.00117132 0.240267 0
-0.0616811 -0.00110302 0.2408 0
-0.0562912 -0.000684703 0.241 0
-0.0539958 -0.00165159 0.239929 0
-0.0507105 -0.00166355 0.2385 0
-0.0473678 -0.00182779 0.238842 0
-0.044057 -0.00249176 0.2385 0
0.0446558 -0.00274455 0.238 0
0.0475486 -0.00248888 0.23825 0
0.050511 -0.00163508 0.239417 0
0.0528058 -0.000684703 0.241 0
-0.0667003 0.000358 0.238 0
-0.0646334 0.000358 0.238 0
-0.0608632 0.000877217 0.239 0
-0.0578401 0.00144839 0.2394 0
-0.054637 0.000747302 0.238625 0
0.0514824 0.000358752 0.2385 0
0.0539137 0.00124886 0.239286 0
0.0567881 0.00281928 0.2385 0
0.0579092 0.00424877 0.238667 0
0.0609211 0.00637022 0.2405 0
0.0616399 0.00837348 0.238842 0
0.0647255 0.00908654 0.239437 0
0.0666558 0.00870398 0.24 0
-0.00456429 -0.0251818 0.245 0
-0.00163866 -0.0251818 0.245 0
0.00181889 -0.0251818 0.245 0
0.00563108 -0.0251819 0.245 0
0.008734 -0.0251818 0.245 0
0.0119256 -0.0251818 0.245 0
-0.014922 -0.0215672 0.24475 0
-0.0120789 -0.0221027 0.244452 0
-0.00871542 -0.022318 0.244406 0
-0.00539725 -0.0227616 0.243979 0
-0.00166216 -0.0226896 0.243583 0
0.00180971 -0.0229341 0.243722 0
0.00525235 -0.0229521 0.243905 0
0.00875762 -0.0228069 0.242947 0
0.0121733 -0.0229247 0.24305 0
0.0156811 -0.0228056 0.243526 0
0.0193094 -0.0221837 0.2442 0
0.0225442 -0.0217027 0.244778 0
-0.0220676 -0.0182134 0.244857 0
-0.0189748 -0.0188818 0.244393 0
-0.0156402 -0.0191075 0.243629 0
-0.0121625 -0.0191486 0.242714 0
-0.00874519 -0.019164 0.242917 0
-0.00527353 -0.0194096 0.242184 0
-0.00173665 -0.0193668 0.242167 0
0.00160897 -0.020517 0.242 0
0.00521184 -0.0206672 0.242 0
0.00888977 -0.0206672 0.242 0
0.0120423 -0.0206672 0.242 0
0.0159829 -0.0206672 0.242 0
0.0196577 -0.0198116 0.242375 0
0.0228078 -0.0193369 0.243286 0
0.0255489 -0.0186052 0.244385 0
-0.0705239 -0.0153343 0.245 0
-0.0687001 -0.014726 0.245 0
-0.054034 -0.014802 0.245 0
-0.0319588 -0.0145358 0.245 0
-0.0298311 -0.0145358 0.245 0
-0.0257677 -0.0150563 0.2448 0
-0.0225889 -0.0156873 0.243721 0
-0.0194773 -0.0159543 0.2425 0
-0.0161263 -0.0167983 0.242177 0
-0.012127 -0.0172496 0.242 0
-0.00871175 -0.0172496 0.242 0
-0.00687278 -0.0172496 0.242 0
-0.00293214 -0.0172496 0.242 0
0.0236347 -0.0172734 0.242333 0
0.0264646 -0.0165095 0.242895 0
0.0297273 -0.0154481 0.243846 0
0.032139 -0.0145358 0.245 0
-0.0706661 -0.0122239 0.244154 0
-0.0681601 -0.0120572 0.244549 0
-0.0656035 -0.0114751 0.245 0
-0.0570824 -0.0111987 0.245 0
-0.0542509 -0.0121146 0.244935 0
-0.0510178 -0.0112316 0.244682 0
-0.0476795 -0.0112631 0.244615 0
-0.0438237 -0.0118479 0.244429 0
-0.0402366 -0.0117703 0.244667 0
-0.0366723 -0.0119478 0.244837 0
-0.0332521 -0.0121555 0.244488 0
-0.0296818 -0.0123458 0.243762 0
-0.0261707 -0.0123134 0.243111 0
-0.0229479 -0.0124592 0.242353 0
-0.0205337 -0.0133063 0.242 0
0.0314828 -0.0133063 0.242 0
0.0336174 -0.0125135 0.243273 0
0.0367757 -0.0117207 0.244 0
0.0395063 -0.0105221 0.2445 0
-0.0707395 -0.00887366 0.243 0
-0.0681906 -0.00872681 0.243696 0
-0.0651466 -0.00836734 0.244714 0
-0.0605767 -0.00791759 0.245 0
-0.0576864 -0.00863806 0.244857 0
-0.054277 -0.00863631 0.243694 0
-0.0507646 -0.00866479 0.242769 0
-0.0473843 -0.00921191 0.242452 0
-0.0437423 -0.00964678 0.2425 0
-0.0400592 -0.00976634 0.242667 0
-0.0365852 -0.00910593 0.242889 0
-0.033155 -0.00888128 0.242743 0
-0.02977 -0.00911377 0.242333 0
-0.0266366 -0.00958537 0.242 0
0.0373244 -0.00995806 0.2424 0
0.0404029 -0.009009 0.243364 0
0.0431721 -0.00808623 0.243818 0
0.0472724 -0.00734551 0.244857 0
-0.0707395 -0.00623389 0.243 0
-0.0680987 -0.00522112 0.242918 0
-0.0646442 -0.00524997 0.243638 0
-0.0612482 -0.00521866 0.244234 0
-0.0578891 -0.00515924 0.243925 0
-0.0546896 -0.00555193 0.2424 0
-0.0507452 -0.00673402 0.242 0
0.0446476 -0.00629925 0.242571 0
0.047504 -0.00595179 0.24344 0
0.0506884 -0.00493308 0.2439 0
-0.0667705 -0.00279067 0.242 0
-0.0646688 -0.00279067 0.242 0
-0.0608425 -0.00231688 0.242364 0
-0.0580294 -0.00180297 0.242556 0
-0.055474 -0.00279067 0.242 0
0.0521166 -0.00244784 0.242667 0
0.0543266 -0.00175438 0.243846 0
0.0555055 0.000718492 0.243667 0
0.0575894 0.00159914 0.244545 0
0.0598203 0.00328272 0.244 0
0.0592905 0.00381284 0.244 0
0.0617211 0.00511351 0.243579 0
0.0645336 0.00638201 0.243 0
0.0672252 0.00670096 0.243 0
0.0653723 0.00772495 0.242 0
0.0672252 0.00775687 0.243 0
-0.0073124 -0.028723 0.248 0
-0.00515863 -0.028723 0.248 0
-0.00165873 -0.0287231 0.248 0
0.00203163 -0.0288605 0.247857 0
0.00533415 -0.0292205 0.247643 0
0.00884096 -0.0287231 0.248 0
0.0120716 -0.0287231 0.248 0
-0.0152445 -0.025249 0.247833 0
-0.0121872 -0.0261302 0.247294 0
-0.00870252 -0.0265114 0.24695 0
-0.00539239 -0.0266119 0.2464 0
-0.0016487 -0.0269438 0.2465 0
0.00183003 -0.0269438 0.2465 0
0.00524702 -0.026575 0.246389 0
0.00878748 -0.0269438 0.2465 0
0.0123789 -0.0268477 0.2466 0
0.0156797 -0.0260574 0.247077 0
0.0193884 -0.0258846 0.247467 0
0.0229806 -0.0253605 0.247857 0
0.0249943 -0.0246819 0.248 0
-0.0716566 -0.0217184 0.248 0
-0.043119 -0.021449 0.248 0
-0.0401576 -0.021449 0.248 0
-0.0325949 -0.0218899 0.248 0
-0.029981 -0.021449 0.248 0
-0.0258215 -0.0216511 0.248 0
-0.022606 -0.0218459 0.247917 0
-0.01901 -0.0221492 0.247435 0
-0.0160898 -0.0229674 0.246929 0
-0.0125013 -0.0239272 0.246125 0
-0.0091228 -0.0242157 0.246 0
0.0170483 -0.0242156 0.246 0
0.0189761 -0.0241873 0.246167 0
0.022568 -0.0236171 0.246091 0
0.0256089 -0.0224339 0.24696 0
0.0284942 -0.021449 0.248 0
-0.0709215 -0.0194409 0.247037 0
-0.0683655 -0.0185881 0.247161 0
-0.053943 -0.0183976 0.247667 0
-0.0520853 -0.0180636 0.24775 0
-0.0465287 -0.0188463 0.247909 0
-0.043681 -0.0193326 0.247745 0
-0.0401914 -0.0192095 0.247682 0
-0.0366938 -0.0190565 0.2477 0
-0.0331582 -0.0191628 0.247581 0
-0.0297334 -0.0192625 0.247733 0
-0.0261536 -0.0191677 0.247136 0
-0.0229857 -0.0196593 0.2467 0
-0.0197947 -0.020404 0.246385 0
-0.0168673 -0.0207416 0.246 0
0.0267795 -0.0197759 0.24648 0
0.0294697 -0.0188256 0.247448 0
0.0317249 -0.0179467 0.248 0
-0.0703311 -0.0166796 0.246 0
-0.0678184 -0.0161273 0.246357 0
-0.0654276 -0.0151484 0.247333 0
-0.0570707 -0.0149444 0.247364 0
-0.0541748 -0.0163723 0.246409 0
-0.0508083 -0.0157294 0.247 0
-0.0472027 -0.0156911 0.24725 0
-0.0437007 -0.0157113 0.246722 0
-0.0404416 -0.0156936 0.246444 0
-0.0368962 -0.0156641 0.246 0
-0.0333476 -0.0158017 0.246368 0
-0.0297461 -0.0162326 0.2465 0
-0.0267172 -0.0163191 0.2462 0
0.0304427 -0.0167557 0.246333 0
0.0331167 -0.0155039 0.247222 0
0.035494 -0.0147138 0.248 0
-0.0668059 -0.0137935 0.246 0
-0.0643425 -0.0124955 0.24659 0
-0.0613679 -0.0117626 0.247156 0
-0.0581237 -0.0126575 0.246593 0
-0.0506119 -0.0130452 0.246 0
-0.0474073 -0.0130192 0.2465 0
-0.0438395 -0.0135262 0.246 0
-0.0403678 -0.0135262 0.246 0
-0.0372523 -0.0135262 0.246 0
0.0346737 -0.0135262 0.246 0
0.0363948 -0.0131409 0.2468 0
0.0406227 -0.0113267 0.247143 0
0.0429449 -0.0110553 0.2475 0
-0.0637508 -0.0091862 0.246063 0
-0.0615493 -0.00917943 0.246045 0
-0.0593285 -0.0100522 0.246 0
0.0413499 -0.0100522 0.246 0
0.0441292 -0.00908972 0.246444 0
0.0470065 -0.00864914 0.2471 0
0.0508356 -0.00799757 0.247588 0
0.0529935 -0.0074398 0.248 0
0.0513743 -0.00622633 0.246455 0
0.05404 -0.00505398 0.2472 0
0.0564934 -0.00393749 0.248 0
0.0555037 -0.0028368 0.246 0
0.057367 -0.001678 0.246909 0
0.0584902 0.000909407 0.247333 0
0.0608766 0.00217744 0.247318 0
0.0641489 0.00287277 0.247857 0
0.0617093 0.00384801 0.24625 0
0.064972 0.00477377 0.247 0
0.0680912 0.00506356 0.247455 0
-0.0287685 -0.0319238 0.252 0
-0.0261609 -0.0324049 0.251808 0
-0.0226902 -0.0323863 0.251333 0
-0.0193062 -0.0324345 0.25163 0
-0.0154194 -0.0325136 0.251792 0
-0.0123447 -0.03272 0.2518 0
-0.00887188 -0.0327768 0.251727 0
-0.00508793 -0.0333157 0.251125 0
-0.00160852 -0.0333665 0.251444 0
0.00181878 -0.0331225 0.251414 0
0.00513319 -0.0334361 0.251 0
0.00868644 -0.0334733 0.251286 0
0.012242 -0.0329544 0.2515 0
0.0150999 -0.0319535 0.2518 0
-0.0421731 -0.0286389 0.252 0
-0.0399324 -0.028966 0.251667 0
-0.0367603 -0.029176 0.251538 0
-0.0330598 -0.0294799 0.251471 0
-0.0297357 -0.0296079 0.250917 0
-0.0263374 -0.0295579 0.250189 0
-0.0228315 -0.0295058 0.250341 0
-0.0193359 -0.0296499 0.250973 0
-0.0157887 -0.0295467 0.250683 0
-0.0123296 -0.0296197 0.24997 0
-0.00879729 -0.0299214 0.249606 0
-0.00518361 -0.0304826 0.249167 0
-0.00179946 -0.0304532 0.24972 0
0.00178725 -0.0305339 0.249476 0
0.0053626 -0.0310028 0.249 0
0.00889442 -0.0305241 0.2495 0
0.0121447 -0.0305241 0.2495 0
0.0157505 -0.0295809 0.250385 0
0.0192761 -0.0293076 0.250667 0
0.0223077 -0.0290882 0.250826 0
0.0253974 -0.0283651 0.252 0
-0.0718494 -0.0251833 0.251667 0
-0.0541826 -0.0256001 0.252 0
-0.0506921 -0.025805 0.251461 0
-0.0472769 -0.025851 0.2515 0
-0.0435932 -0.0261735 0.251312 0
-0.0402021 -0.0262347 0.249941 0
-0.0368226 -0.0261519 0.249675 0
-0.0332066 -0.0262838 0.250098 0
-0.0296772 -0.0262028 0.25 0
-0.0263514 -0.0262223 0.249833 0
-0.0228385 -0.0262365 0.249976 0
-0.0193127 -0.0262401 0.25 0
-0.0161158 -0.026621 0.249519 0
-0.0130184 -0.0274864 0.249 0
0.0161749 -0.0274864 0.249 0
0.0191483 -0.0274864 0.249 0
0.0228833 -0.0270313 0.249526 0
0.026228 -0.0261647 0.251077 0
0.0292274 -0.0248062 0.252 0
-0.0713531 -0.0232183 0.2504 0
-0.0687076 -0.0221803 0.2514 0
-0.0565371 -0.0222906 0.2514 0
-0.0541952 -0.0228813 0.250294 0
-0.0508546 -0.0230092 0.2503 0
-0.0472731 -0.0229403 0.249556 0
-0.0438781 -0.0230524 0.249343 0
-0.0403195 -0.0231585 0.249 0
-0.0368055 -0.022888 0.249 0
-0.0334731 -0.0233362 0.249115 0
-0.029704 -0.0230518 0.249139 0
-0.02636 -0.0232165 0.249 0
-0.0228427 -0.0233465 0.249207 0
-0.019556 -0.0237907 0.249143 0
0.0271503 -0.0234026 0.249667 0
0.0296396 -0.0226455 0.250357 0
0.0320684 -0.0217736 0.25175 0
-0.0677589 -0.0200527 0.24987 0
-0.0654491 -0.0186944 0.25115 0
-0.0573069 -0.0191959 0.2513 0
-0.0543297 -0.0200336 0.24925 0
-0.0507294 -0.0194798 0.249 0
-0.0480233 -0.0198584 0.249 0
-0.0368055 -0.0209945 0.249 0
-0.034643 -0.0209945 0.249 0
-0.0289665 -0.0209945 0.249 0
0.0306345 -0.0201451 0.2492 0
0.0333918 -0.0191682 0.2508 0
0.0357929 -0.0182361 0.252 0
-0.0665394 -0.0172076 0.249 0
-0.0642638 -0.016196 0.250071 0
-0.0614243 -0.0156861 0.251536 0
-0.0582831 -0.0163436 0.25025 0
0.0339711 -0.0165991 0.249333 0
0.0368384 -0.0160187 0.250364 0
0.0396778 -0.014875 0.251357 0
0.0431228 -0.0141112 0.251667 0
-0.0614036 -0.0136912 0.249 0
0.0377223 -0.0136479 0.2492 0
0.0405332 -0.0129573 0.249813 0
0.0438184 -0.0122931 0.250143 0
0.0470548 -0.0113603 0.251267 0
0.0496797 -0.0108305 0.251667 0
0.0450979 -0.0101747 0.249 0
0.047718 -0.00984132 0.249667 0
0.0505315 -0.00958244 0.250467 0
0.0541102 -0.0082434 0.250143 0
0.057131 -0.00728604 0.252 0
0.0552661 -0.0065423 0.24975 0
0.0577659 -0.00506757 0.250462 0
0.0601402 -0.004366 0.252 0
0.0588836 -0.00215007 0.249 0
0.0610352 -0.00172055 0.251 0
0.063423 -0.000715956 0.252 0
0.0618406 0.000839947 0.249714 0
0.0647923 0.00157735 0.250742 0
0.0684188 0.00230361 0.251 0
0.0659117 0.00389098 0.249 0
0.0686823 0.00470246 0.249 0
0.0702366 0.00605493 0.249 0
0.069696 0.00713691 0.249 0
0.0702366 0.00713691 0.249 0
-0.0144393 -0.0389522 0.255 0
-0.0119065 -0.0392996 0.254636 0
-0.00973338 -0.0389522 0.255 0
-0.00198237 -0.0389522 0.255 0
-0.0291662 -0.0360261 0.254875 0
-0.026291 -0.0361122 0.2545 0
-0.0226994 -0.0361122 0.2545 0
-0.0191078 -0.0361122 0.2545 0
-0.0156167 -0.0364212 0.254333 0
-0.0123258 -0.0365759 0.253474 0
-0.00878556 -0.0365461 0.25405 0
-0.00535448 -0.0367759 0.254063 0
-0.00169352 -0.0367653 0.253286 0
0.00183929 -0.0364558 0.254035 0
0.00532681 -0.0364197 0.25375 0
0.00852578 -0.0365929 0.253778 0
0.0120913 -0.0357743 0.254063 0
0.014758 -0.0354895 0.2544 0
-0.0469198 -0.0324886 0.255 0
-0.0437825 -0.0328579 0.255 0
-0.040105 -0.0327946 0.2545 0
-0.0367896 -0.0327946 0.2545 0
-0.0332194 -0.0332717 0.254412 0
-0.0298735 -0.0333579 0.253588 0
-0.0261361 -0.0342493 0.253 0
-0.0228403 -0.0342493 0.253 0
-0.0190135 -0.034121 0.253 0
-0.0161113 -0.0341118 0.253 0
-0.0124036 -0.0345241 0.253 0
-0.00883309 -0.0345241 0.253 0
-0.00636123 -0.0345241 0.253 0
0.00187829 -0.0345241 0.253 0
0.0123327 -0.0345696 0.253333 0
0.0158188 -0.0336346 0.253615 0
0.0189539 -0.0329324 0.254133 0
0.0224557 -0.0323109 0.254455 0
-0.0739531 -0.0287915 0.2548 0
-0.0721991 -0.0281119 0.254667 0
-0.0570256 -0.0292342 0.2548 0
-0.0543035 -0.0299637 0.254378 0
-0.0507568 -0.0299513 0.2543 0
-0.0472168 -0.0299839 0.254111 0
-0.0439066 -0.0299944 0.253647 0
-0.0407109 -0.0305983 0.253111 0
-0.0368474 -0.0309512 0.253 0
-0.0343756 -0.0309511 0.253 0
0.0191813 -0.031226 0.253 0
0.023354 -0.0306679 0.253571 0
0.0260117 -0.029548 0.254391 0
0.0281912 -0.0284257 0.255 0
-0.0737476 -0.0268647 0.253333 0
-0.0715222 -0.0265881 0.253923 0
-0.0690543 -0.0254016 0.254429 0
-0.0573413 -0.0259988 0.254095 0
-0.0543734 -0.0272553 0.253059 0
-0.0508547 -0.0276531 0.253 0
-0.0472842 -0.0276531 0.253 0
-0.0445377 -0.0276531 0.253 0
0.0276955 -0.0271035 0.253 0
0.0298403 -0.026213 0.25395 0
0.0325784 -0.0250688 0.254667 0
-0.0678169 -0.0231647 0.253696 0
-0.0655401 -0.022097 0.254571 0
-0.0600419 -0.0222798 0.254857 0
-0.058231 -0.0228306 0.253579 0
0.0312659 -0.0238054 0.253 0
0.0334915 -0.0229527 0.253846 0
0.0357691 -0.0220331 0.25475 0
-0.0665097 -0.0207821 0.253 0
-0.0642718 -0.0198132 0.253846 0
-0.0612224 -0.0193655 0.254061 0
-0.058836 -0.0197705 0.253333 0
0.0345617 -0.0205072 0.253 0
0.0365569 -0.0194467 0.2535 0
0.0391101 -0.0183809 0.254 0
-0.0634886 -0.017484 0.253 0
-0.0612913 -0.0171542 0.253 0
0.0404102 -0.0158657 0.2535 0
0.043542 -0.0148334 0.254667 0
0.0466477 -0.0142701 0.2545 0
0.0449006 -0.0136902 0.254 0
0.0471573 -0.0129133 0.253778 0
0.0504992 -0.0119442 0.25425 0
0.0525515 -0.011528 0.255 0
0.0513154 -0.0103382 0.253 0
0.0548402 -0.00908284 0.253667 0
0.0581954 -0.00814648 0.254429 0
0.0600257 -0.00737278 0.255 0
0.0592803 -0.00621559 0.253 0
0.0612653 -0.00525829 0.253889 0
0.0633475 -0.00404863 0.255 0
0.0626998 -0.0023736 0.2535 0
0.0647358 -0.001827 0.253929 0
0.0683345 -0.00123436 0.254462 0
0.070544 -0.000721638 0.254 0
0.0664212 0.000380563 0.253 0
0.0683078 0.000655966 0.253375 0
0.070544 0.000382068 0.254 0
-0.0461562 -0.0420954 0.259 0
-0.0365966 -0.0420954 0.259 0
-0.0343473 -0.0420954 0.259 0
-0.0290052 -0.0420954 0.259 0
-0.0260061 -0.0426582 0.259 0
-0.0227902 -0.043447 0.258667 0
-0.0195511 -0.0429747 0.259 0
-0.0157746 -0.0428922 0.258714 0
-0.0120885 -0.0427737 0.258 0
-0.00851618 -0.0432902 0.2584 0
-0.00566231 -0.0431795 0.25875 0
-0.0017323 -0.0429396 0.259 0
0.000938758 -0.0425175 0.259 0
-0.0529042 -0.0387191 0.259 0
-0.0505142 -0.0391412 0.259 0
-0.0470185 -0.039732 0.259 0
-0.0437582 -0.0394151 0.25895 0
-0.0400191 -0.039601 0.258522 0
-0.0367311 -0.0402619 0.25831 0
-0.0334018 -0.040247 0.258586 0
-0.0296221 -0.0401838 0.258071 0
-0.0261063 -0.0402474 0.257647 0
-0.0226774 -0.040437 0.257389 0
-0.0193813 -0.0404046 0.257706 0
-0.0160493 -0.0404881 0.257294 0
-0.0126398 -0.0411091 0.2567 0
-0.00853734 -0.0404366 0.2565 0
-0.00534583 -0.0403774 0.257 0
-0.00160422 -0.0407589 0.2566 0
0.00177548 -0.0401597 0.257786 0
0.00528065 -0.0400114 0.25825 0
0.00863532 -0.0399597 0.257917 0
0.0119421 -0.0397557 0.2586 0
0.0157657 -0.0392652 0.2587 0
0.0187927 -0.0387191 0.259 0
-0.0574028 -0.0353429 0.259 0
-0.0536492 -0.0363432 0.258737 0
-0.0507668 -0.0366293 0.258139 0
-0.0473817 -0.0368179 0.25797 0
-0.0438654 -0.0368567 0.257767 0
-0.0402251 -0.0368181 0.25703 0
-0.036643 -0.036914 0.256631 0
-0.0331951 -0.0369697 0.256611 0
-0.0302058 -0.0374809 0.2563 0
-0.0261681 -0.0379926 0.256 0
-0.0225553 -0.0379926 0.256 0
-0.0192563 -0.0380668 0.2565 0
-0.0167417 -0.0380421 0.256333 0
0.00218104 -0.0383006 0.2562 0
0.00496055 -0.0380223 0.2562 0
0.00940406 -0.0379926 0.256 0
0.0124069 -0.0376086 0.2566 0
0.016035 -0.0368969 0.2568 0
0.0192571 -0.0366558 0.257667 0
0.0222449 -0.0356259 0.2586 0
-0.0757213 -0.0325631 0.258923 0
-0.0727957 -0.0319357 0.25875 0
-0.0600739 -0.0329513 0.259 0
-0.0576391 -0.0331669 0.257686 0
-0.0542828 -0.0334099 0.25725 0
-0.0508638 -0.0333137 0.256367 0
-0.047483 -0.0339344 0.256091 0
-0.0436763 -0.0346554 0.256 0
-0.0403414 -0.0346554 0.256 0
-0.0367286 -0.0346554 0.256 0
-0.0345053 -0.0346554 0.256 0
0.0198283 -0.0344157 0.256286 0
0.0228753 -0.0339838 0.257471 0
0.0259713 -0.0329466 0.258043 0
0.0280711 -0.0319666 0.259 0
-0.0749121 -0.0306434 0.257333 0
-0.0717364 -0.0298561 0.257361 0
-0.0688662 -0.0290271 0.2585 0
-0.0606308 -0.0295033 0.258375 0
-0.0583523 -0.0300419 0.256375 0
0.0273005 -0.0304385 0.256286 0
0.029643 -0.0295041 0.257565 0
0.0326822 -0.0284778 0.259 0
-0.0703553 -0.0277029 0.256 0
-0.0680044 -0.0265907 0.257067 0
-0.0648084 -0.0257636 0.258529 0
-0.0609905 -0.0261034 0.257857 0
-0.0586832 -0.0271467 0.256 0
0.0308029 -0.0274248 0.256 0
0.033156 -0.0264927 0.257 0
0.0362658 -0.0256682 0.258714 0
-0.0670205 -0.0243657 0.256 0
-0.0645187 -0.0231001 0.256714 0
-0.0616522 -0.0227199 0.2565 0
0.0349715 -0.0240876 0.256 0
0.0370989 -0.0229808 0.257 0
0.039424 -0.0222057 0.258467 0
0.0380029 -0.0201546 0.2562 0
0.0403974 -0.0193326 0.2571 0
0.0431548 -0.0182585 0.258778 0
0.0469091 -0.0178987 0.259 0
0.0413404 -0.0168149 0.2562 0
0.0439595 -0.0162742 0.257261 0
0.0472077 -0.016019 0.257562 0
0.0504025 -0.015193 0.258 0
0.0529927 -0.0144944 0.2585 0
0.048589 -0.013798 0.256 0
0.0512013 -0.013325 0.256769 0
0.0540056 -0.0117616 0.257812 0
0.0575933 -0.0108647 0.259 0
0.0609673 -0.0108647 0.259 0
0.0550532 -0.00963902 0.256333 0
0.0577066 -0.00966408 0.257 0
0.0613855 -0.00879626 0.257214 0
0.064346 -0.00807483 0.258091 0
0.0624844 -0.0062893 0.256 0
0.0649943 -0.00528453 0.257286 0
0.0682798 -0.00515858 0.257842 0
0.0660972 -0.00295211 0.256 0
0.0683204 -0.00295211 0.256 0
-0.0446999 -0.0459984 0.262 0
-0.0333231 -0.0459984 0.262 0
-0.0296918 -0.0469375 0.261615 0
-0.0266762 -0.0467785 0.261727 0
-0.0227711 -0.0463656 0.2607 0
-0.0191672 -0.0464453 0.261474 0
-0.015669 -0.0465092 0.261667 0
-0.0122603 -0.0465092 0.261667 0
-0.00866544 -0.046883 0.261308 0
-0.00564416 -0.0467301 0.261455 0
-0.0017489 -0.0459483 0.261714 0
0.00109184 -0.0459984 0.262 0
-0.0532325 -0.0420138 0.262 0
-0.0506854 -0.0427332 0.261429 0
-0.0471517 -0.0437558 0.260813 0
-0.0438727 -0.0437018 0.260971 0
-0.0401465 -0.0434678 0.261321 0
-0.0366924 -0.0438036 0.26112 0
-0.0331215 -0.0439135 0.260941 0
-0.0298028 -0.0439218 0.260438 0
-0.0265276 -0.044308 0.260273 0
-0.0229077 -0.0450824 0.26 0
-0.0190751 -0.0445837 0.260211 0
-0.0155892 -0.0445753 0.260333 0
-0.0121979 -0.0445753 0.260333 0
-0.00925446 -0.0447781 0.2602 0
-0.00509099 -0.0446477 0.260286 0
-0.00174231 -0.0446328 0.260667 0
0.00203971 -0.0438926 0.261071 0
0.00520141 -0.0431802 0.2613 0
0.00873089 -0.0429518 0.260778 0
0.0121665 -0.0430891 0.261611 0
0.0155561 -0.0425387 0.261727 0
0.0175882 -0.0422984 0.262 0
-0.0603998 -0.0391427 0.261833 0
-0.0574644 -0.0394665 0.261286 0
-0.0541155 -0.0401184 0.260769 0
-0.0507195 -0.0408213 0.2602 0
-0.047777 -0.0413165 0.26 0
-0.0436279 -0.0411735 0.260062 0
-0.0408702 -0.0413095 0.26025 0
-0.0384314 -0.0416931 0.26 0
-0.0325041 -0.0416931 0.26 0
-0.0308107 -0.0416931 0.26 0
0.002777 -0.0416931 0.26 0
0.00532334 -0.0417465 0.260333 0
0.00870425 -0.0416931 0.26 0
0.0125344 -0.0413362 0.260417 0
0.0153288 -0.0410682 0.260333 0
0.0192264 -0.0402332 0.26075 0
0.0228178 -0.0392276 0.261857 0
-0.0774083 -0.035183 0.262 0
-0.0757018 -0.035183 0.262 0
-0.0608179 -0.0366192 0.2612 0
-0.0577868 -0.0371266 0.260207 0
-0.0551547 -0.0372446 0.26 0
0.0205588 -0.0383038 0.26 0
0.0229597 -0.0371884 0.260455 0
0.0257712 -0.0362933 0.261333 0
-0.0774083 -0.0346138 0.262 0
-0.0750641 -0.0338204 0.261294 0
-0.0717056 -0.0327276 0.260957 0
-0.069027 -0.031991 0.2615 0
-0.0615152 -0.033344 0.260762 0
-0.0593179 -0.0349144 0.26 0
0.0265978 -0.0343715 0.260167 0
0.0295584 -0.0329654 0.2612 0
0.0318093 -0.0320522 0.262 0
-0.0678637 -0.0300025 0.260667 0
-0.0647207 -0.0293554 0.261143 0
-0.0621806 -0.0297552 0.260167 0
0.0305981 -0.0307814 0.2604 0
0.0331476 -0.0298997 0.261471 0
0.0352223 -0.0286368 0.262 0
-0.0641162 -0.0272884 0.26 0
-0.0627049 -0.0272884 0.26 0
0.0346713 -0.0275709 0.26 0
0.0373534 -0.0266773 0.260714 0
0.0397667 -0.0255371 0.261333 0
0.0409027 -0.0231497 0.260421 0
0.0429859 -0.0226034 0.261846 0
0.0414452 -0.0207922 0.26 0
0.0439244 -0.0197679 0.26075 0
0.0473324 -0.0194808 0.261333 0
0.0506041 -0.0184178 0.261375 0
0.0509484 -0.0166458 0.260143 0
0.0541551 -0.0155093 0.2614 0
0.0574072 -0.014406 0.262 0
0.0611046 -0.014406 0.262 0
0.0630956 -0.014406 0.262 0
0.0550921 -0.0127244 0.2602 0
0.0579183 -0.0127019 0.261154 0
0.0613204 -0.0126267 0.2605 0
0.0644964 -0.0118157 0.261333 0
0.0676463 -0.0112752 0.262 0
0.0653743 -0.00955844 0.2602 0
0.0683559 -0.00860637 0.260611 0
-0.015351 -0.0533469 0.266 0
-0.0393183 -0.0490124 0.266 0
-0.0363152 -0.0497059 0.266 0
-0.0329949 -0.0504309 0.265154 0
-0.0295974 -0.0507081 0.264278 0
-0.0262076 -0.0508142 0.264833 0
-0.0227729 -0.0508461 0.265 0
-0.0193208 -0.0508462 0.265 0
-0.0158287 -0.0507168 0.264333 0
-0.0124165 -0.0508461 0.265 0
-0.00895406 -0.0507832 0.264667 0
-0.00552698 -0.0506996 0.264941 0
-0.0019477 -0.0500948 0.2653 0
0.00196737 -0.0496918 0.265 0
0.00489939 -0.0497018 0.265714 0
0.00890511 -0.0490124 0.266 0
0.011504 -0.0490124 0.266 0
-0.0528902 -0.0458338 0.266 0
-0.0507299 -0.0465731 0.265267 0
-0.0472935 -0.0473335 0.265 0
-0.0434931 -0.0471596 0.264593 0
-0.0401948 -0.0469699 0.264714 0
-0.0365985 -0.047115 0.264182 0
-0.0332293 -0.0476937 0.2635 0
-0.0311662 -0.0481739 0.263 0
-0.0257416 -0.0481739 0.263 0
-0.022601 -0.0481739 0.263 0
-0.0191749 -0.0481739 0.263 0
-0.0157489 -0.0481739 0.263 0
-0.0123228 -0.0481739 0.263 0
-0.0100387 -0.0481739 0.263 0
-0.00489962 -0.0481739 0.263 0
-0.0017624 -0.0476941 0.2635 0
0.00212766 -0.0473449 0.263467 0
0.00536489 -0.0472215 0.264286 0
0.00886494 -0.0470675 0.2648 0
0.0122197 -0.0469418 0.264815 0
0.0156776 -0.0468578 0.265545 0
0.0190118 -0.0461228 0.266 0
0.0213219 -0.0455449 0.266 0
-0.061067 -0.0423846 0.265857 0
-0.0575943 -0.043153 0.2655 0
-0.0542743 -0.0437266 0.264682 0
-0.051061 -0.0446291 0.264 0
-0.0485821 -0.0450312 0.263 0
-0.0414444 -0.0447455 0.263 0
0.00566411 -0.0447455 0.263 0
0.00880468 -0.0447455 0.263 0
0.0122394 -0.0447738 0.263167 0
0.015825 -0.0443343 0.263636 0
0.0191844 -0.0437491 0.264258 0
0.0226407 -0.0434504 0.2652 0
0.0254609 -0.0426552 0.266 0
-0.0786947 -0.040031 0.265737 0
-0.0758372 -0.0393705 0.265933 0
-0.0637832 -0.0397165 0.265667 0
-0.0616797 -0.0405494 0.264611 0
-0.0580559 -0.0411917 0.263563 0
-0.055645 -0.0417609 0.264 0
0.0205104 -0.0413171 0.263 0
0.0228241 -0.0409885 0.263333 0
0.0260446 -0.0402525 0.264714 0
0.028926 -0.0391877 0.266 0
-0.0778459 -0.0374505 0.264077 0
-0.0752046 -0.0368857 0.264323 0
-0.0721173 -0.0359348 0.265444 0
-0.0686424 -0.0352206 0.2655 0
-0.0646143 -0.036542 0.264928 0
-0.0622864 -0.0373172 0.263 0
0.0271114 -0.0371748 0.263333 0
0.0295005 -0.0368117 0.264786 0
0.0322648 -0.0355426 0.26575 0
-0.0741323 -0.034812 0.2635 0
-0.0716463 -0.0342271 0.2634 0
-0.0681332 -0.0334135 0.2642 0
-0.0647831 -0.033229 0.264038 0
0.0308284 -0.0341215 0.263333 0
0.033273 -0.0333101 0.265 0
0.0362576 -0.032136 0.265714 0
0.0389365 -0.0316747 0.266 0
-0.0668545 -0.0310317 0.263 0
-0.065427 -0.0310317 0.263 0
0.0343008 -0.0307294 0.263667 0
0.0368031 -0.029771 0.264077 0
0.039903 -0.0295974 0.265381 0
0.0432144 -0.0281718 0.265667 0
0.0382118 -0.0276033 0.263 0
0.040622 -0.0270304 0.263421 0
0.0437103 -0.0260649 0.264769 0
0.0467369 -0.0252516 0.265769 0
0.0444391 -0.0230246 0.263312 0
0.0471501 -0.0224887 0.264212 0
0.0503322 -0.0220942 0.265263 0
0.0530859 -0.021272 0.266 0
0.0512004 -0.0198311 0.263385 0
0.0542826 -0.0190783 0.264552 0
0.0578509 -0.0183371 0.265333 0
0.0613074 -0.0177599 0.265333 0
0.0649251 -0.0178045 0.266 0
0.0669465 -0.0178045 0.266 0
0.0553422 -0.0163657 0.263 0
0.0578501 -0.0159599 0.263464 0
0.0611996 -0.0162486 0.263956 0
0.0648965 -0.0156689 0.264344 0
0.0671819 -0.0156605 0.264308 0
0.0656204 -0.0133181 0.263 0
0.0678093 -0.0129372 0.263 0
-0.0175683 -0.0565785 0.269 0
-0.0155241 -0.0565785 0.269 0
-0.0128959 -0.0565785 0.269 0
-0.0388857 -0.053364 0.269 0
-0.0366455 -0.0539475 0.268727 0
-0.0332649 -0.0538327 0.268417 0
-0.0296611 -0.0541077 0.268333 0
-0.0262014 -0.0539813 0.267706 0
-0.0228015 -0.0541185 0.267429 0
-0.0192997 -0.0543913 0.267815 0
-0.0157878 -0.0549592 0.268091 0
-0.0122001 -0.0544216 0.267897 0
-0.00848707 -0.0543491 0.268083 0
-0.0050052 -0.0541191 0.26804 0
-0.00193965 -0.0533781 0.268333 0
0.00199707 -0.0530718 0.269 0
0.00462525 -0.0530718 0.269 0
-0.0526106 -0.0498574 0.269 0
-0.0507842 -0.0497833 0.2686 0
-0.0471201 -0.0502539 0.268273 0
-0.0437261 -0.0503028 0.26825 0
-0.0401863 -0.0508977 0.26837 0
-0.0371165 -0.0512128 0.267571 0
-0.0343938 -0.0519521 0.267 0
-0.0041046 -0.0520971 0.267 0
-0.00106308 -0.0517596 0.2675 0
0.00198717 -0.0516471 0.267667 0
0.00560226 -0.0511852 0.267857 0
0.00897531 -0.0508544 0.268083 0
0.0124483 -0.0502493 0.268059 0
0.0157986 -0.0500095 0.268438 0
0.0186198 -0.0495038 0.268667 0
-0.0610792 -0.0463508 0.269 0
-0.057575 -0.0465456 0.269 0
-0.0543012 -0.0471168 0.267909 0
-0.0508351 -0.0483869 0.267333 0
-0.0409154 -0.0486166 0.267 0
0.0132863 -0.0486166 0.267 0
0.0162808 -0.0484673 0.267375 0
0.0194002 -0.0476214 0.267579 0
0.0230383 -0.0465356 0.268176 0
0.025927 -0.0466144 0.268833 0
-0.0806445 -0.0440129 0.269 0
-0.0788368 -0.0432595 0.268273 0
-0.075585 -0.042791 0.268667 0
-0.0642892 -0.0435822 0.2685 0
-0.0613484 -0.0441766 0.267625 0
-0.0578722 -0.0449579 0.267667 0
0.0231412 -0.045136 0.267 0
0.026593 -0.0440269 0.267846 0
0.0291281 -0.0429506 0.26875 0
-0.078016 -0.0413653 0.267 0
-0.0747631 -0.0407668 0.267964 0
-0.0719881 -0.0395484 0.268667 0
-0.0679268 -0.0396505 0.268857 0
-0.0652921 -0.0404526 0.267778 0
0.027489 -0.0416554 0.267 0
0.0300822 -0.0405353 0.267846 0
0.0330439 -0.0393669 0.2688 0
-0.0736683 -0.0378847 0.267 0
-0.0714379 -0.0375453 0.267333 0
-0.0683766 -0.0372109 0.26763 0
-0.0661322 -0.0375947 0.267 0
0.030967 -0.0381748 0.267 0
0.0336338 -0.0371249 0.267786 0
0.0364606 -0.0363233 0.268556 0
0.0393756 -0.0355386 0.269 0
0.0344452 -0.0346942 0.267 0
0.0370511 -0.0339207 0.267545 0
0.040091 -0.0332105 0.268083 0
0.0424418 -0.0324702 0.269 0
0.0411506 -0.0308079 0.26725 0
0.0435555 -0.0298337 0.268091 0
0.0464239 -0.0287821 0.268667 0
0.0448799 -0.0277331 0.267 0
0.0473444 -0.0268992 0.268 0
0.0500253 -0.0256586 0.268455 0
0.0525165 -0.0250186 0.269 0
0.0510407 -0.0237719 0.267615 0
0.0541397 -0.0227685 0.268 0
0.0571021 -0.0220022 0.268385 0
0.0609851 -0.0215119 0.269 0
0.0550245 -0.0207719 0.267 0
0.0577883 -0.0202121 0.267267 0
0.0611698 -0.0197209 0.267846 0
0.0646813 -0.0193059 0.268308 0
0.0670339 -0.0195254 0.2682 0
0.0651693 -0.0172913 0.267 0
-0.0397603 -0.0600889 0.273 0
-0.0362853 -0.0604237 0.2725 0
-0.0336072 -0.0604354 0.272778 0
-0.0225514 -0.0603304 0.27275 0
-0.0192759 -0.060572 0.2725 0
-0.0157245 -0.0599788 0.2725 0
-0.012495 -0.0600889 0.273 0
-0.0467461 -0.0572864 0.272833 0
-0.0437945 -0.0577785 0.272286 0
-0.0403683 -0.0576439 0.271448 0
-0.0367585 -0.0574899 0.270533 0
-0.0332986 -0.0576038 0.271067 0
-0.0298553 -0.0577753 0.271867 0
-0.0263149 -0.0577753 0.271867 0
-0.0227169 -0.0576326 0.2712 0
-0.0192674 -0.0576296 0.270893 0
-0.0156203 -0.0581059 0.270667 0
-0.0118937 -0.0578377 0.271125 0
-0.00868834 -0.0575379 0.27137 0
-0.00505798 -0.0574003 0.2715 0
-0.00158782 -0.0574272 0.272174 0
0.00183876 -0.0567123 0.272625 0
0.00507452 -0.0568252 0.272824 0
0.00736128 -0.0562335 0.273 0
-0.0634693 -0.0529713 0.273 0
-0.0610123 -0.0535578 0.272615 0
-0.0577046 -0.0539768 0.272833 0
-0.0541819 -0.0543457 0.272241 0
-0.0506947 -0.0542967 0.2722 0
-0.0472063 -0.0540348 0.271115 0
-0.0437332 -0.0541322 0.270576 0
-0.0404974 -0.0545007 0.270286 0
-0.0366854 -0.0556156 0.27 0
-0.0331682 -0.0556156 0.27 0
-0.0296509 -0.0556156 0.27 0
-0.0261336 -0.0556156 0.27 0
-0.0240819 -0.0556156 0.27 0
-0.00356451 -0.0553223 0.27 0
-0.00128946 -0.0549631 0.270353 0
0.00201417 -0.0546896 0.271222 0
0.00543654 -0.0543679 0.271158 0
0.00841768 -0.0540288 0.271769 0
0.0120669 -0.053994 0.272167 0
0.0156417 -0.053499 0.272667 0
0.0201049 -0.0526747 0.273 0
-0.0821401 -0.0491159 0.273 0
-0.0670256 -0.0494125 0.273 0
-0.064471 -0.0504674 0.272217 0
-0.0610788 -0.0508905 0.271187 0
-0.0578006 -0.0508582 0.271676 0
-0.0543931 -0.0508089 0.270393 0
-0.0508171 -0.0515736 0.270333 0
-0.0476261 -0.0519 0.270125 0
-0.0437199 -0.0520959 0.27 0
-0.0413751 -0.0520959 0.27 0
0.0125563 -0.0518026 0.27 0
0.015527 -0.0519305 0.270667 0
0.0190997 -0.0510123 0.27084 0
0.0222251 -0.0500812 0.272333 0
0.0257357 -0.0500056 0.273 0
-0.0815454 -0.0476458 0.272267 0
-0.0788462 -0.0466875 0.271913 0
-0.0755829 -0.0464824 0.272333 0
-0.072011 -0.0458792 0.2728 0
-0.0679158 -0.046973 0.272136 0
-0.0647111 -0.047378 0.270929 0
-0.0612467 -0.0479763 0.270118 0
-0.0580394 -0.0480825 0.270312 0
-0.0551511 -0.0485762 0.27 0
0.0225652 -0.0483723 0.2705 0
0.0264906 -0.0479988 0.270875 0
0.0285701 -0.0468471 0.2712 0
-0.0809443 -0.0450565 0.27 0
-0.0784669 -0.0449351 0.270444 0
-0.0750708 -0.0444155 0.270636 0
-0.0717597 -0.0435456 0.271 0
-0.068245 -0.0437179 0.270781 0
-0.0656539 -0.0445775 0.270143 0
0.0302631 -0.0442399 0.270778 0
0.032684 -0.0433706 0.271889 0
-0.0715231 -0.041034 0.27 0
-0.0686758 -0.041034 0.27 0
0.0336658 -0.0408985 0.270625 0
0.0367206 -0.0401371 0.271571 0
0.0394808 -0.0395898 0.27275 0
0.037652 -0.0374654 0.27025 0
0.040384 -0.0368954 0.271286 0
0.0434932 -0.0361329 0.272375 0
0.0415737 -0.0342041 0.27 0
0.043967 -0.0333166 0.270846 0
0.0468108 -0.0329826 0.2725 0
0.045091 -0.0306845 0.27 0
0.0474528 -0.0300491 0.271 0
0.0502932 -0.0293281 0.272375 0
0.0511729 -0.0267332 0.270714 0
0.0542809 -0.0262262 0.271625 0
0.0576394 -0.0261117 0.271941 0
0.0614339 -0.0258386 0.2725 0
0.0642946 -0.0260477 0.272462 0
0.0580421 -0.0233737 0.27025 0
0.0613251 -0.0231022 0.2705 0
0.0647694 -0.0224482 0.270529 0
0.0667808 -0.0212986 0.27 0
-0.0395744 -0.0637091 0.275833 0
-0.0370367 -0.0640902 0.275667 0
-0.0330859 -0.0640901 0.275667 0
-0.0296747 -0.0639707 0.275667 0
-0.0260836 -0.0639707 0.275667 0
-0.0226282 -0.0642602 0.275923 0
-0.019063 -0.0641589 0.275833 0
-0.0158976 -0.0633327 0.2755 0
-0.0126323 -0.0634476 0.276 0
-0.0563766 -0.0598497 0.276 0
-0.0542793 -0.0598497 0.276 0
-0.0501894 -0.0602452 0.27575 0
-0.0470864 -0.0611833 0.275571 0
-0.0437535 -0.0610134 0.274727 0
-0.0403749 -0.061779 0.274944 0
-0.0368399 -0.0622 0.2742 0
-0.0327529 -0.0619775 0.274176 0
-0.0295523 -0.0613223 0.274533 0
-0.0261991 -0.0613521 0.274462 0
-0.0230091 -0.0621258 0.274059 0
-0.0196333 -0.0626763 0.2742 0
-0.015841 -0.0619111 0.2745 0
-0.0122022 -0.0618 0.274842 0
-0.00884327 -0.0610938 0.275091 0
-0.0051378 -0.0607125 0.275833 0
-0.00143113 -0.0606633 0.275923 0
0.00174731 -0.0603771 0.275667 0
0.0046982 -0.0603018 0.275714 0
0.00744218 -0.0598497 0.276 0
-0.0640125 -0.0561159 0.275333 0
-0.0612818 -0.0570489 0.2756 0
-0.0577944 -0.0577239 0.275304 0
-0.0542813 -0.0578006 0.2748 0
-0.0508031 -0.0577534 0.274679 0
-0.0479897 -0.05858 0.274111 0
-0.00778158 -0.059416 0.274 0
-0.00510455 -0.059416 0.274 0
-0.00132272 -0.0591609 0.274 0
0.00173674 -0.058523 0.274 0
0.00501621 -0.0585943 0.274333 0
0.00850498 -0.0577571 0.274833 0
0.0123209 -0.0571211 0.275455 0
0.0155697 -0.0569494 0.2756 0
-0.082213 -0.0535319 0.275769 0
-0.0800465 -0.0529537 0.276 0
-0.067431 -0.0539384 0.275667 0
-0.0647609 -0.0542478 0.274818 0
-0.0612272 -0.0551927 0.274143 0
-0.0583477 -0.0555465 0.274 0
0.00917294 -0.0558442 0.274 0
0.0109577 -0.0558442 0.274 0
0.0157168 -0.0549513 0.274 0
0.0189458 -0.0543034 0.274882 0
0.0222277 -0.0529751 0.2758 0
-0.0819558 -0.0509652 0.274556 0
-0.079046 -0.0505543 0.2754 0
-0.0755522 -0.0495057 0.276 0
-0.0715973 -0.0494158 0.276 0
-0.0680253 -0.0509395 0.275 0
-0.0657839 -0.0519748 0.274 0
0.0208492 -0.0524631 0.275 0
0.023029 -0.0513297 0.274455 0
0.0248593 -0.0512326 0.275333 0
0.029614 -0.0493558 0.276 0
-0.0783705 -0.0484618 0.274333 0
-0.0749835 -0.0479584 0.274857 0
-0.0716665 -0.0476965 0.274526 0
-0.0693533 -0.0484028 0.274 0
0.0302298 -0.0474689 0.274333 0
0.0328217 -0.0463807 0.27525 0
0.0339535 -0.0448058 0.27475 0
0.0365997 -0.0436 0.275273 0
0.03973 -0.0423829 0.2755 0
0.037728 -0.0415569 0.274 0
0.0406457 -0.0406835 0.274625 0
0.0435419 -0.0392744 0.275286 0
0.0442502 -0.037711 0.2746 0
0.0468762 -0.0361995 0.2752 0
0.0490892 -0.0352641 0.276 0
0.0481038 -0.0339388 0.274286 0
0.0504439 -0.0327841 0.275625 0
0.0541827 -0.0316661 0.276 0
0.0571789 -0.0316661 0.276 0
0.062572 -0.0316661 0.276 0
0.0637705 -0.0316661 0.276 0
0.0514665 -0.0302726 0.274727 0
0.0543059 -0.0297168 0.274786 0
0.0575756 -0.0297298 0.274923 0
0.0613631 -0.0296342 0.275538 0
0.0639913 -0.0295921 0.274667 0
0.0594416 -0.0275672 0.274 0
0.0612263 -0.0275672 0.274 0
-0.0398132 -0.0678477 0.279467 0
-0.0368999 -0.0680185 0.278864 0
-0.0332131 -0.0676994 0.279 0
-0.0297306 -0.0674712 0.279 0
-0.0263038 -0.0681342 0.279455 0
-0.0229397 -0.0681342 0.279455 0
-0.0190287 -0.0681562 0.279546 0
-0.0156665 -0.0676531 0.279824 0
-0.0123047 -0.0672814 0.279625 0
-0.00885332 -0.0673294 0.279667 0
-0.00586424 -0.0670272 0.279857 0
-0.0572441 -0.0634929 0.2795 0
-0.0540273 -0.0641827 0.279571 0
-0.0505138 -0.0645111 0.279238 0
-0.0471594 -0.0646694 0.278571 0
-0.0437119 -0.0644663 0.278071 0
-0.040412 -0.0651373 0.277684 0
-0.0367344 -0.0657839 0.277 0
-0.0334267 -0.0657839 0.277 0
-0.0298182 -0.0657839 0.277 0
-0.0262098 -0.0657839 0.277 0
-0.0226013 -0.0657839 0.277 0
-0.0190491 -0.0659818 0.277833 0
-0.0159998 -0.0651008 0.277526 0
-0.0122577 -0.0648959 0.2777 0
-0.00879772 -0.064498 0.277933 0
-0.00524569 -0.0646557 0.278793 0
-0.00156449 -0.0644807 0.279167 0
0.00176844 -0.0644425 0.279 0
0.00486142 -0.0643666 0.2792 0
0.00795532 -0.0637588 0.28 0
-0.0646736 -0.060827 0.279652 0
-0.0612111 -0.0611773 0.279214 0
-0.057776 -0.0613902 0.278409 0
-0.0542748 -0.061789 0.277913 0
-0.0510643 -0.061778 0.27725 0
-0.0487626 -0.0621729 0.277 0
-0.00726537 -0.0621729 0.277 0
-0.00516044 -0.0621729 0.277 0
-0.00155199 -0.0621729 0.277 0
0.00175576 -0.0621729 0.277 0
0.00536987 -0.0619281 0.27725 0
0.00872747 -0.061356 0.27875 0
0.0123846 -0.0608775 0.279333 0
0.0157128 -0.0602403 0.2792 0
0.018594 -0.0597032 0.28 0
-0.0842482 -0.0571664 0.279 0
-0.0821921 -0.0569095 0.279222 0
-0.07924 -0.0563579 0.2795 0
-0.0708719 -0.0564587 0.28 0
-0.0682841 -0.0572806 0.279222 0
-0.0648673 -0.0579494 0.2781 0
-0.0617562 -0.05877 0.277625 0
-0.0577837 -0.0594648 0.277 0
0.00987479 -0.0588629 0.277 0
0.0122804 -0.0588629 0.277 0
0.0164001 -0.0586079 0.2775 0
0.0192492 -0.0575269 0.278571 0
0.0222464 -0.0567834 0.2798 0
-0.0818788 -0.0550221 0.277571 0
-0.0786955 -0.0543426 0.2785 0
-0.0752532 -0.0539834 0.279567 0
-0.0717052 -0.054137 0.279 0
-0.068889 -0.054429 0.2774 0
-0.0662034 -0.0558538 0.277 0
0.0201713 -0.0554515 0.278 0
0.0228129 -0.054593 0.278091 0
0.0262099 -0.0539232 0.279182 0
0.0294353 -0.0528087 0.28 0
-0.0776611 -0.051662 0.277111 0
-0.0751622 -0.0510395 0.277619 0
-0.0719118 -0.0510154 0.277435 0
-0.0698119 -0.0516411 0.277 0
0.0268739 -0.0514749 0.2774 0
0.0300351 -0.0510089 0.2788 0
0.0329769 -0.0503203 0.279692 0
0.0352105 -0.0491586 0.28 0
0.0334622 -0.0478586 0.277647 0
0.0368099 -0.0469273 0.278952 0
0.0399621 -0.0464616 0.279538 0
0.0425056 -0.0455086 0.28 0
0.038141 -0.0447201 0.277 0
0.0404359 -0.0440484 0.277905 0
0.0432909 -0.0431814 0.279059 0
0.0441622 -0.0410075 0.277667 0
0.0471736 -0.0402226 0.279 0
0.0494967 -0.039121 0.28 0
0.0476884 -0.037423 0.277 0
0.0506589 -0.0366842 0.279 0
0.0542565 -0.0366817 0.279419 0
0.0576323 -0.0366692 0.279448 0
0.0612201 -0.0359019 0.279909 0
0.0634941 -0.0369057 0.2798 0
0.05153 -0.0338516 0.2772 0
0.0544919 -0.0335028 0.277407 0
0.0578754 -0.0332996 0.277652 0
0.0612776 -0.0332259 0.278286 0
0.0638148 -0.0333459 0.2775 0
0.0591903 -0.0311791 0.277 0
0.0609945 -0.0311791 0.277 0
-0.0467466 -0.0705905 0.283 0
-0.0436745 -0.0705905 0.283 0
-0.0402572 -0.0706464 0.282 0
-0.0367295 -0.0710847 0.282111 0
-0.0337063 -0.0706964 0.2825 0
-0.0298497 -0.0705905 0.283 0
-0.0261068 -0.0710524 0.282389 0
-0.0228038 -0.0715253 0.282524 0
-0.0193823 -0.0715 0.281897 0
-0.0159917 -0.0711682 0.282444 0
-0.0123304 -0.0708479 0.2828 0
-0.00893984 -0.0712396 0.2824 0
-0.00618585 -0.0708145 0.282667 0
-4.9516e-05 -0.070898 0.283 0
0.00056492 -0.070898 0.283 0
-0.0568848 -0.0669014 0.283 0
-0.0544027 -0.0667438 0.282333 0
-0.0503624 -0.0679738 0.2826 0
-0.0471848 -0.0683923 0.281815 0
-0.0437358 -0.0684043 0.281759 0
-0.0410344 -0.0692087 0.28175 0
-0.0363498 -0.0694812 0.281 0
-0.0330545 -0.0694522 0.2815 0
-0.0296387 -0.0691759 0.281 0
-0.0214024 -0.0691759 0.281 0
-0.0207923 -0.0691759 0.281 0
-0.0153015 -0.0691759 0.281 0
-0.012251 -0.0691759 0.281 0
-0.00889553 -0.0691759 0.281 0
-0.00504594 -0.0687016 0.281609 0
-0.00158066 -0.0685216 0.282067 0
0.0016122 -0.0683416 0.282048 0
0.00500587 -0.0677219 0.28225 0
0.00763093 -0.0672088 0.283 0
-0.0674246 -0.0643853 0.28275 0
-0.0648662 -0.0646611 0.282364 0
-0.0613835 -0.0644042 0.281727 0
-0.0579641 -0.0648746 0.281611 0
-0.0543626 -0.0659033 0.281364 0
-0.051297 -0.0661234 0.281 0
-0.00370973 -0.0664286 0.281 0
-0.0015744 -0.0664286 0.281 0
0.00178111 -0.0664286 0.281 0
0.00544167 -0.0659707 0.281 0
0.0089606 -0.064939 0.281889 0
0.0122195 -0.0643367 0.282533 0
0.0152258 -0.0638202 0.282667 0
-0.0846411 -0.0603029 0.282333 0
-0.0808478 -0.0595231 0.283 0
-0.070812 -0.0601379 0.283 0
-0.0680456 -0.0613263 0.281909 0
-0.0653292 -0.0624603 0.281 0
0.0100174 -0.0627655 0.281 0
0.01218 -0.0628995 0.2816 0
0.015553 -0.0621465 0.281385 0
0.0192037 -0.0611071 0.282294 0
0.0217629 -0.0598305 0.283 0
-0.0845471 -0.0587972 0.281 0
-0.0820938 -0.0587582 0.281857 0
-0.0785016 -0.0574246 0.28175 0
-0.0754008 -0.057204 0.282167 0
-0.0719442 -0.0575216 0.281556 0
-0.0690723 -0.0588669 0.281333 0
0.0204615 -0.0593128 0.282 0
0.0230433 -0.0580879 0.28175 0
0.0259231 -0.0572921 0.281952 0
0.0285632 -0.0567778 0.2828 0
0.027405 -0.0551341 0.281 0
0.0297044 -0.0546178 0.281857 0
0.0329052 -0.0534787 0.282467 0
0.0310656 -0.0523868 0.281 0
0.0340354 -0.0513828 0.281444 0
0.0366595 -0.0504202 0.282375 0
0.0397405 -0.0494219 0.282667 0
0.0369282 -0.0488104 0.2815 0
0.0402421 -0.0480938 0.2816 0
0.0429112 -0.0464463 0.282 0
0.0445439 -0.0446083 0.282 0
0.0470782 -0.0432882 0.282125 0
0.0495661 -0.0427682 0.283 0
0.0549425 -0.042307 0.283 0
0.0567858 -0.042307 0.283 0
0.0614832 -0.0421575 0.282 0
0.0486257 -0.0415448 0.282 0
0.0509209 -0.0403606 0.282278 0
0.0542226 -0.0402337 0.282 0
0.0576363 -0.0400778 0.281615 0
0.0611417 -0.0399648 0.281455 0
0.0521138 -0.0380397 0.281 0
0.053029 -0.0380397 0.281 0
0.0612652 -0.0377344 0.281 0
-0.0495882 -0.0740825 0.287 0
-0.0469849 -0.0739104 0.286333 0
-0.0433126 -0.0743497 0.287 0
-0.040544 -0.074155 0.286375 0
-0.0365973 -0.0744024 0.286 0
-0.0339861 -0.0742022 0.286429 0
-0.0264712 -0.0739104 0.286333 0
-0.0213977 -0.074495 0.285 0
-0.0194882 -0.0748115 0.284857 0
-0.0160693 -0.0739413 0.285429 0
-0.0118104 -0.0743951 0.286143 0
-0.00888364 -0.0743686 0.2855 0
-0.00625151 -0.0740486 0.285667 0
-0.0573773 -0.0703412 0.287 0
-0.0543014 -0.070883 0.286667 0
-0.0506989 -0.0718536 0.286083 0
-0.0471596 -0.0721641 0.284889 0
-0.0436722 -0.0724419 0.285588 0
-0.0404599 -0.0725477 0.28525 0
-0.0365578 -0.072947 0.285 0
-0.0330808 -0.0723965 0.285267 0
-0.0298152 -0.0721698 0.2856 0
-0.0264712 -0.0732883 0.286333 0
-0.0225558 -0.0729996 0.284 0
-0.0179313 -0.0733081 0.284 0
-0.0152299 -0.0726604 0.284571 0
-0.0120891 -0.0724675 0.284333 0
-0.00791143 -0.0728453 0.284 0
-0.00500035 -0.0722539 0.285111 0
-0.00191289 -0.0722731 0.286 0
0.00224747 -0.0714644 0.286 0
0.00520975 -0.0704702 0.285 0
0.00773879 -0.0706529 0.287 0
-0.0879102 -0.0675352 0.287 0
-0.0868197 -0.0672234 0.287 0
-0.0706925 -0.0675607 0.286667 0
-0.0682365 -0.0678041 0.2855 0
-0.064873 -0.0677639 0.285091 0
-0.0613078 -0.067686 0.285 0
-0.0579518 -0.0681367 0.285316 0
-0.0541638 -0.0687054 0.284667 0
-0.0513007 -0.0691482 0.2844 0
0.00272504 -0.0696059 0.284 0
0.00569572 -0.0693828 0.2846 0
0.00913888 -0.0682117 0.285 0
0.0121123 -0.068187 0.2858 0
0.0156544 -0.067481 0.286438 0
-0.0876039 -0.0651251 0.286 0
-0.0856981 -0.064431 0.285862 0
-0.0834506 -0.0637198 0.286667 0
-0.0714315 -0.0642829 0.286077 0
-0.0691355 -0.0650001 0.284286 0
0.0101243 -0.0659037 0.284 0
0.012292 -0.0659501 0.2842 0
0.0159437 -0.0652136 0.284688 0
0.0190472 -0.0646965 0.285778 0
0.0225487 -0.0639873 0.286467 0
0.0254977 -0.0634821 0.287 0
-0.0849814 -0.062002 0.2845 0
-0.0824406 -0.0615658 0.285333 0
-0.0789807 -0.0608497 0.285545 0
-0.0750017 -0.0612418 0.286095 0
-0.0719412 -0.0612415 0.284375 0
-0.069418 -0.0628186 0.284 0
0.01999 -0.0625101 0.284 0
0.0229993 -0.0612993 0.284714 0
0.026194 -0.0611578 0.285519 0
0.0294104 -0.0605023 0.286667 0
-0.078758 -0.0591858 0.284333 0
-0.0754886 -0.0592829 0.2848 0
-0.0731176 -0.0591164 0.284 0
0.027081 -0.0588078 0.284 0
0.0299249 -0.057906 0.284824 0
0.0330466 -0.0573718 0.286474 0
0.0313973 -0.0554142 0.284 0
0.0337374 -0.0551329 0.284667 0
0.0366912 -0.0542031 0.285556 0
0.0398837 -0.0535333 0.286429 0
0.0370939 -0.0519784 0.284333 0
0.0404369 -0.0508753 0.284579 0
0.043417 -0.0504895 0.28625 0
0.0460607 -0.0491405 0.287 0
0.0441213 -0.0476831 0.284647 0
0.0468216 -0.0467126 0.285824 0
0.0497994 -0.0463345 0.287 0
0.0588346 -0.0460228 0.287 0
0.0600809 -0.0466463 0.287 0
0.0481027 -0.0446685 0.284333 0
0.0510273 -0.0440307 0.285238 0
0.0541914 -0.0441564 0.285769 0
0.057898 -0.0440014 0.28552 0
0.0604823 -0.0438775 0.285467 0
0.0517453 -0.0418395 0.284 0
0.0532868 -0.0418395 0.284 0
0.058528 -0.0418395 0.284 0
0.0603778 -0.0418395 0.284 0
-0.0431807 -0.0773771 0.29 0
-0.0403473 -0.0773771 0.29 0
-0.0368434 -0.0772882 0.289667 0
-0.0343658 -0.0773771 0.29 0
-0.0217731 -0.0773771 0.29 0
-0.0157685 -0.0772704 0.2896 0
-0.0126702 -0.0778028 0.289571 0
-0.00977626 -0.0771103 0.289 0
-0.05719 -0.0740693 0.29 0
-0.0542215 -0.0742849 0.289 0
-0.0513844 -0.0741135 0.288333 0
-0.0463288 -0.075802 0.29 0
-0.0439698 -0.0760299 0.289667 0
-0.0402366 -0.0759079 0.2892 0
-0.0370362 -0.0765065 0.289429 0
-0.0330304 -0.0755023 0.289 0
-0.030147 -0.0742334 0.2888 0
-0.0258135 -0.0756451 0.2894 0
-0.0228536 -0.0757115 0.28875 0
-0.0184965 -0.0765307 0.288 0
-0.0157113 -0.0757332 0.288533 0
-0.0127693 -0.0760011 0.2886 0
-0.00904421 -0.0762731 0.289 0
-0.00506757 -0.0751697 0.288778 0
-0.00149963 -0.0749402 0.289385 0
0.00176659 -0.0741831 0.289556 0
-0.0709697 -0.070757 0.289429 0
-0.0683193 -0.0715994 0.289412 0
-0.0646482 -0.0715431 0.289333 0
-0.0611656 -0.07151 0.2892 0
-0.0577329 -0.0719978 0.288778 0
-0.0546914 -0.0726098 0.288167 0
-5.03908e-05 -0.0730892 0.288 0
0.00120369 -0.0732584 0.288667 0
0.00527822 -0.0723176 0.288667 0
0.00897595 -0.0719945 0.28925 0
0.0118712 -0.0715654 0.289 0
0.0153903 -0.0708467 0.289429 0
0.017579 -0.0704464 0.29 0
-0.0855482 -0.068214 0.289105 0
-0.0827164 -0.0674617 0.289462 0
-0.0740327 -0.0669811 0.29 0
-0.0722961 -0.0685505 0.289154 0
-0.0682072 -0.0699606 0.288 0
-0.0647681 -0.0699606 0.288 0
-0.061329 -0.0699606 0.288 0
-0.0591405 -0.0699606 0.288 0
0.013706 -0.0696477 0.288 0
0.0160005 -0.0691948 0.288364 0
0.0190283 -0.0678766 0.289067 0
0.0226013 -0.0675645 0.2898 0
0.0258272 -0.0674221 0.29 0
-0.0844647 -0.0662062 0.288 0
-0.082207 -0.0651834 0.288692 0
-0.0790496 -0.0641826 0.289263 0
-0.0753319 -0.0644761 0.288947 0
-0.0730236 -0.0653815 0.2885 0
0.0205842 -0.0658934 0.288 0
0.0230314 -0.0658126 0.288429 0
0.0263556 -0.0649856 0.288636 0
0.0289845 -0.0641774 0.289667 0
-0.0788371 -0.0624519 0.288 0
-0.076336 -0.0624519 0.288 0
0.0305562 -0.0618657 0.288667 0
0.0330197 -0.0609439 0.2893 0
0.0357979 -0.0599812 0.289667 0
0.0338196 -0.0586976 0.288 0
0.037012 -0.0578578 0.288857 0
0.0400272 -0.057609 0.289714 0
0.0380924 -0.0555689 0.288 0
0.0406154 -0.0551216 0.2886 0
0.0432163 -0.0538582 0.289167 0
0.0442411 -0.0518146 0.288 0
0.0470129 -0.0503449 0.289571 0
0.0503829 -0.0492761 0.29 0
0.0531533 -0.0490241 0.29 0
0.058757 -0.0494021 0.29 0
0.0597645 -0.0496542 0.29 0
0.0480474 -0.0481166 0.288333 0
0.051177 -0.0473818 0.288625 0
0.0541763 -0.0470744 0.288556 0
0.057748 -0.0472601 0.289176 0
0.0596271 -0.0476549 0.289333 0
-0.042037 -0.0807239 0.293 0
-0.0414008 -0.0807239 0.293 0
-0.0358884 -0.0814917 0.2937 0
-0.0335607 -0.0814469 0.293727 0
-0.0297332 -0.0809994 0.294 0
-0.0265416 -0.0809994 0.294 0
-0.0211159 -0.0809994 0.294 0
-0.0189274 -0.0815469 0.294 0
-0.0155371 -0.0822766 0.293111 0
-0.0128192 -0.0816861 0.292833 0
-0.00994536 -0.0809994 0.294 0
-0.0520744 -0.0771669 0.294 0
-0.0469688 -0.0781608 0.293333 0
-0.0437334 -0.079027 0.293 0
-0.0402442 -0.0792193 0.293 0
-0.0365776 -0.0791933 0.292214 0
-0.0330803 -0.0786807 0.29212 0
-0.0296787 -0.0789409 0.293467 0
-0.0261571 -0.0786738 0.292667 0
-0.0230122 -0.0785678 0.292353 0
-0.0191517 -0.0791946 0.291684 0
-0.0158682 -0.0793343 0.2914 0
-0.0122136 -0.0796069 0.291571 0
-0.00850065 -0.078538 0.292182 0
-0.00546675 -0.0779922 0.2935 0
0.00282099 -0.0771669 0.294 0
-0.0891354 -0.074343 0.293778 0
-0.0868627 -0.0739731 0.294 0
-0.0749555 -0.0744271 0.293727 0
-0.0718861 -0.074528 0.293667 0
-0.0684427 -0.0748394 0.293778 0
-0.0647718 -0.074047 0.292889 0
-0.0612011 -0.0749868 0.293154 0
-0.0583901 -0.0751505 0.292778 0
-0.0542561 -0.0750559 0.292 0
-0.0507064 -0.0765063 0.293 0
-0.0481239 -0.0761505 0.291333 0
-0.0297458 -0.0760633 0.291 0
-0.0278503 -0.0760633 0.291 0
-0.00447795 -0.076467 0.291333 0
-0.00163603 -0.076642 0.292 0
0.00190752 -0.0759033 0.291818 0
0.00535134 -0.0752295 0.292667 0
0.00878601 -0.0752513 0.292947 0
0.012155 -0.074817 0.2928 0
0.0156172 -0.0744487 0.293714 0
0.0178215 -0.0739731 0.294 0
-0.0885382 -0.0717623 0.292105 0
-0.0857788 -0.0713108 0.2924 0
-0.0821143 -0.0708569 0.293 0
-0.0784674 -0.0714646 0.2934 0
-0.075139 -0.0717554 0.292409 0
-0.0722176 -0.0722431 0.291769 0
-0.0682035 -0.0734699 0.292 0
-0.0659846 -0.0734699 0.292 0
-0.0615055 -0.0734196 0.2918 0
-0.0594406 -0.0732183 0.291 0
0.013217 -0.0729022 0.291 0
0.0159375 -0.0724563 0.291846 0
0.0190583 -0.0712523 0.292235 0
0.0228175 -0.0707601 0.2926 0
0.0260308 -0.0711762 0.293 0
0.0289921 -0.0710987 0.294 0
-0.0818957 -0.0688028 0.291375 0
-0.0788348 -0.0683804 0.291933 0
-0.0754925 -0.0684044 0.2915 0
0.0201668 -0.0691087 0.291 0
0.0227573 -0.0692987 0.2918 0
0.0265759 -0.0690301 0.292 0
0.029641 -0.0680613 0.2922 0
0.0323161 -0.0675283 0.29375 0
-0.0783947 -0.0659475 0.291 0
-0.0764993 -0.0659475 0.291 0
0.0301 -0.065496 0.291333 0
0.033248 -0.0647187 0.29224 0
0.0356837 -0.0648142 0.293333 0
0.0343431 -0.0621338 0.2912 0
0.0368014 -0.0615543 0.291765 0
0.0394055 -0.0609578 0.292333 0
0.0433819 -0.0569638 0.291714 0
0.0470565 -0.0564711 0.294 0
0.0497374 -0.0560879 0.294 0
0.0445853 -0.0547316 0.2912 0
0.0473917 -0.0541397 0.29244 0
0.0507121 -0.0539174 0.293217 0
0.0538979 -0.0536247 0.293625 0
0.0576168 -0.053761 0.2935 0
0.0477432 -0.0516822 0.291286 0
0.0508707 -0.0510124 0.291556 0
0.0543881 -0.0508032 0.29196 0
0.0574803 -0.0506747 0.291609 0
0.0549161 -0.0485609 0.291 0
0.0568115 -0.0485609 0.291 0
-0.0919405 -0.0844071 0.297 0
-0.0906509 -0.0844071 0.297 0
-0.0353981 -0.0841229 0.296 0
-0.0327738 -0.0844359 0.29625 0
-0.0298395 -0.085086 0.296769 0
-0.0265103 -0.0848789 0.296714 0
-0.022836 -0.0844071 0.297 0
-0.0189533 -0.0847741 0.296778 0
-0.0154756 -0.0854102 0.296 0
-0.0124192 -0.0846036 0.296 0
-0.0918167 -0.0823615 0.2966 0
-0.089945 -0.0820937 0.2968 0
-0.0503488 -0.0806645 0.297 0
-0.0469814 -0.0814675 0.297 0
-0.0402315 -0.0818996 0.296429 0
-0.0372527 -0.0822993 0.295417 0
-0.0328478 -0.0829824 0.2956 0
-0.0296314 -0.0827025 0.295158 0
-0.0261107 -0.0825707 0.295556 0
-0.0229718 -0.0820851 0.29588 0
-0.0196764 -0.0829292 0.295909 0
-0.0170246 -0.0835182 0.295 0
-0.0117878 -0.0830542 0.2954 0
-0.0087361 -0.0817491 0.296333 0
-0.00456579 -0.0805354 0.297 0
-0.00166404 -0.0805354 0.297 0
0.0012377 -0.0805354 0.297 0
-0.091631 -0.0789781 0.296 0
-0.089239 -0.0787113 0.296414 0
-0.0870058 -0.0772222 0.296667 0
-0.0780766 -0.077309 0.297 0
-0.0749318 -0.0778146 0.296467 0
-0.0720108 -0.0773558 0.29625 0
-0.0683572 -0.0772569 0.2968 0
-0.0648575 -0.077309 0.297 0
-0.0609602 -0.0772426 0.296333 0
-0.0576125 -0.0780809 0.296333 0
-0.0543582 -0.0781902 0.296474 0
-0.0507559 -0.078971 0.296143 0
-0.0478501 -0.0798077 0.2955 0
-0.00512386 -0.0795803 0.296111 0
-0.00165657 -0.0788905 0.295667 0
0.00172692 -0.0788185 0.295769 0
0.00509294 -0.0783713 0.296133 0
0.00845088 -0.0778938 0.296222 0
0.0121765 -0.0774748 0.2964 0
-0.089001 -0.0758619 0.295231 0
-0.0859717 -0.0750086 0.296 0
-0.0820116 -0.0746666 0.296571 0
-0.0787803 -0.0749563 0.295952 0
-0.0758705 -0.0758923 0.295667 0
-0.0720677 -0.0757958 0.2955 0
-0.0679645 -0.0762963 0.296286 0
-0.0649325 -0.075876 0.2955 0
-0.0628196 -0.075827 0.295 0
-0.0567349 -0.0767884 0.295 0
-0.0557742 -0.0767884 0.295 0
0.0130785 -0.0761475 0.295 0
0.0160631 -0.0758337 0.295818 0
0.0191557 -0.0747788 0.296286 0
-0.0845962 -0.0726224 0.295 0
-0.0823545 -0.0726224 0.295 0
-0.0801128 -0.0726224 0.295 0
0.0201239 -0.0726224 0.295 0
0.0221585 -0.0729917 0.2965 0
0.0303717 -0.0710201 0.295 0
0.0318672 -0.0705336 0.297 0
0.0303717 -0.0697382 0.295 0
0.0339021 -0.0685827 0.296 0
0.0360443 -0.0674022 0.296 0
0.0374271 -0.0647748 0.2955 0
0.0400444 -0.0640627 0.296667 0
0.0411233 -0.0616865 0.296333 0
0.0422207 -0.0601242 0.295 0
0.0415802 -0.0594833 0.295 0
0.0441347 -0.0588729 0.2958 0
0.0474487 -0.0582175 0.29605 0
0.0508935 -0.0578782 0.296043 0
0.0541832 -0.057152 0.2962 0
0.0572071 -0.0571317 0.295857 0
0.051828 -0.0556377 0.295 0
0.0548587 -0.0552523 0.295222 0
0.0572722 -0.0556377 0.295 0
-0.0258665 -0.0920835 0.301 0
-0.023906 -0.0914296 0.301 0
-0.0922178 -0.0878669 0.3 0
-0.0899112 -0.0878328 0.301 0
-0.0366496 -0.0875058 0.301 0
-0.0327285 -0.0884867 0.301 0
-0.0297061 -0.088459 0.300167 0
-0.0261791 -0.0889558 0.299692 0
-0.0229485 -0.0890349 0.300136 0
-0.0194953 -0.0883593 0.299929 0
-0.0169875 -0.0881938 0.3 0
-0.0129831 -0.0878396 0.3008 0
-0.0921044 -0.086341 0.299 0
-0.0892188 -0.085412 0.299182 0
-0.0860918 -0.0854586 0.300579 0
-0.0822972 -0.0851175 0.300938 0
-0.0787358 -0.0857654 0.300478 0
-0.0754881 -0.0852507 0.300733 0
-0.0729198 -0.0845629 0.301 0
-0.0595227 -0.0845629 0.301 0
-0.0575621 -0.0845629 0.301 0
-0.0544953 -0.0845741 0.30075 0
-0.0502813 -0.0852539 0.300154 0
-0.0471295 -0.0853267 0.300375 0
-0.0437897 -0.0854499 0.300667 0
-0.0404098 -0.0845515 0.2998 0
-0.0369946 -0.0856718 0.299643 0
-0.0333777 -0.0863704 0.299154 0
-0.0298756 -0.086808 0.2986 0
-0.0257549 -0.0863033 0.2982 0
-0.0226492 -0.0857219 0.298263 0
-0.0196561 -0.0862934 0.2985 0
-0.0161091 -0.0869507 0.2982 0
-0.0119159 -0.0860649 0.299091 0
-0.00894281 -0.0852754 0.299667 0
-0.00527248 -0.0851036 0.3006 0
-0.00223105 -0.0845629 0.301 0
-0.0882118 -0.082315 0.298231 0
-0.0856896 -0.0823443 0.299258 0
-0.0820719 -0.0820759 0.3 0
-0.0788609 -0.0823646 0.299714 0
-0.0754528 -0.0823695 0.299167 0
-0.0720041 -0.0823046 0.299917 0
-0.0688217 -0.0813047 0.3008 0
-0.0642861 -0.0811311 0.300571 0
-0.0612332 -0.0822018 0.300105 0
-0.0578108 -0.0820258 0.2989 0
-0.0541748 -0.0821564 0.29876 0
-0.0507829 -0.0825601 0.2986 0
-0.0473606 -0.0832515 0.298833 0
-0.0440452 -0.082758 0.298895 0
-0.0398428 -0.0830726 0.298 0
-0.00815225 -0.083212 0.2985 0
-0.00524616 -0.0827305 0.2991 0
-0.00185929 -0.0825675 0.299556 0
0.00206085 -0.0820275 0.2995 0
0.00515843 -0.0819839 0.299933 0
0.00861723 -0.08127 0.300077 0
0.0120082 -0.0810905 0.30025 0
-0.0857724 -0.0790147 0.298483 0
-0.0823879 -0.0786597 0.299172 0
-0.0786297 -0.0790881 0.298842 0
-0.0751045 -0.0798354 0.298 0
-0.071617 -0.0793978 0.2983 0
-0.068372 -0.0791893 0.299222 0
-0.0649316 -0.0791173 0.299529 0
-0.0612163 -0.0793118 0.298526 0
-0.0579589 -0.0798354 0.298 0
-0.0544004 -0.0801591 0.298 0
-0.0524594 -0.0801591 0.298 0
0.00285937 -0.0801591 0.298 0
0.0051355 -0.0803205 0.2986 0
0.0088316 -0.0793007 0.298091 0
0.0122586 -0.0792942 0.2984 0
0.0153299 -0.0784588 0.299333 0
0.0190888 -0.0779448 0.300556 0
-0.0849019 -0.0763669 0.298 0
-0.0828685 -0.0759507 0.298 0
-0.079957 -0.0769219 0.298 0
-0.0650759 -0.0769219 0.298 0
0.0174169 -0.0769219 0.298 0
0.0197324 -0.0763035 0.29875 0
0.0226833 -0.0751945 0.299846 0
0.0259103 -0.0742589 0.299 0
0.0301919 -0.0739923 0.3 0
0.0321875 -0.0739905 0.301 0
0.023887 -0.0730372 0.298 0
0.026475 -0.0730372 0.298 0
0.0291287 -0.0732006 0.298667 0
0.0333277 -0.0718822 0.29925 0
0.0359901 -0.0713603 0.3002 0
0.0371307 -0.0686357 0.298571 0
0.0395509 -0.0677174 0.30025 0
0.054516 -0.0665788 0.301 0
0.0400053 -0.0660318 0.3 0
0.0434123 -0.0639493 0.300714 0
0.0475249 -0.0640746 0.3006 0
0.050837 -0.0641842 0.3005 0
0.0544506 -0.0644477 0.300643 0
0.0566146 -0.0640764 0.3 0
0.0438602 -0.0613144 0.298889 0
0.0471302 -0.0612873 0.298818 0
0.0505334 -0.0612039 0.2987 0
0.0542443 -0.0613679 0.2995 0
0.0571065 -0.0612988 0.299167 0
0.0542961 -0.059117 0.298 0
0.0568841 -0.059117 0.298 0
-0.0805768 -0.0982852 0.304 0
-0.0799168 -0.0982852 0.304 0
-0.0878372 -0.0959735 0.304 0
-0.0858012 -0.0959108 0.3038 0
-0.0820187 -0.0958753 0.30348 0
-0.0793075 -0.0961005 0.304 0
-0.0953647 -0.092941 0.3038 0
-0.0932056 -0.092348 0.30375 0
-0.0888292 -0.0924837 0.303952 0
-0.0858006 -0.092941 0.3038 0
-0.0821237 -0.0928678 0.303414 0
-0.0787541 -0.09247 0.303923 0
-0.0752966 -0.0913501 0.304 0
-0.0733165 -0.0913501 0.304 0
-0.0528556 -0.0910199 0.304 0
-0.0521956 -0.0910199 0.304 0
-0.0356948 -0.0910199 0.304 0
-0.0289031 -0.0914053 0.302 0
-0.0275917 -0.0914053 0.302 0
-0.0220184 -0.0914053 0.302 0
-0.019669 -0.0915703 0.3032 0
-0.017214 -0.0910199 0.304 0
-0.0951205 -0.0900787 0.3025 0
-0.0929095 -0.0897578 0.30225 0
-0.0888373 -0.0893778 0.302647 0
-0.0856362 -0.0892442 0.302704 0
-0.0821988 -0.0893104 0.30268 0
-0.0788052 -0.0891451 0.302583 0
-0.0752384 -0.0890285 0.303045 0
-0.0722397 -0.0888755 0.303944 0
-0.0561557 -0.0880477 0.304 0
-0.0539022 -0.0887874 0.303786 0
-0.0512458 -0.0889173 0.303583 0
-0.0469059 -0.0888758 0.303615 0
-0.0441225 -0.0885998 0.3034 0
-0.0401531 -0.088052 0.303889 0
-0.0362801 -0.0891859 0.303375 0
-0.0335753 -0.0899886 0.30275 0
-0.0298866 -0.0900929 0.302 0
-0.0192542 -0.0902551 0.302667 0
-0.0155245 -0.0894749 0.302286 0
-0.0120589 -0.0892403 0.303 0
-0.00861524 -0.0885331 0.3034 0
-0.00564482 -0.0884163 0.303 0
-0.0852922 -0.0868123 0.302 0
-0.0829974 -0.0868123 0.302 0
-0.0747373 -0.0867991 0.302333 0
-0.0716796 -0.0860023 0.302913 0
-0.0682813 -0.0850535 0.303625 0
-0.0646415 -0.085355 0.303556 0
-0.061402 -0.0858899 0.303111 0
-0.0579837 -0.0864985 0.3032 0
-0.0540224 -0.0864678 0.3024 0
-0.051035 -0.0870653 0.302714 0
-0.0474188 -0.0874289 0.303 0
-0.0433547 -0.0871107 0.30275 0
-0.0403258 -0.0863162 0.3021 0
-0.0367713 -0.0871403 0.302 0
-0.00759325 -0.0868123 0.302 0
-0.00529834 -0.0868123 0.302 0
-0.00174993 -0.0859386 0.302118 0
0.00156076 -0.08531 0.302909 0
0.00520985 -0.0844664 0.303 0
0.00849915 -0.0844665 0.303 0
0.0108373 -0.0847453 0.304 0
-0.0702114 -0.0835316 0.302 0
-0.0682149 -0.0827667 0.302286 0
-0.0651214 -0.0827667 0.302286 0
-0.0629988 -0.0835316 0.302 0
-5.28404e-05 -0.0838596 0.302 0
0.00191422 -0.0838596 0.302 0
0.00912679 -0.0828755 0.302 0
0.0124299 -0.0827776 0.3026 0
0.0154621 -0.0813856 0.3028 0
0.0190639 -0.0810059 0.3036 0
0.0210678 -0.0811126 0.304 0
0.0160115 -0.0799228 0.302 0
0.0196065 -0.07948 0.302615 0
0.0223432 -0.0785665 0.303385 0
0.026678 -0.0771497 0.304 0
0.0294281 -0.0771497 0.304 0
0.0322883 -0.0771497 0.304 0
0.0235786 -0.0767267 0.302333 0
0.0263497 -0.0758514 0.302333 0
0.0297299 -0.075978 0.302769 0
0.0332272 -0.0752384 0.302846 0
0.0361292 -0.0738237 0.303 0
0.0372522 -0.0721294 0.302333 0
0.0390896 -0.0713024 0.303 0
0.048789 -0.0705448 0.304 0
0.0501091 -0.0705448 0.304 0
0.0537392 -0.0705448 0.304 0
0.0409465 -0.0683648 0.30275 0
0.0438768 -0.0678503 0.303588 0
0.0473563 -0.0684028 0.30328 0
0.0506155 -0.0681941 0.303083 0
0.0540227 -0.0684617 0.302783 0
0.0415834 -0.0661439 0.302 0
0.0443019 -0.0657066 0.302455 0
0.0467535 -0.0657551 0.302222 0
0.050763 -0.0661439 0.302 0
0.0530579 -0.0661439 0.302 0
-0.0785242 -0.0986085 0.305 0
-0.0751439 -0.0986012 0.3058 0
-0.0713739 -0.0992551 0.307 0
-0.0686147 -0.0995433 0.308 0
-0.0947481 -0.0956265 0.305 0
-0.0926669 -0.0953426 0.305 0
-0.089914 -0.0954278 0.305 0
-0.0780512 -0.0965259 0.305 0
-0.0754333 -0.0962594 0.305562 0
-0.0715646 -0.0963841 0.30675 0
-0.0682447 -0.0962078 0.30792 0
-0.0649192 -0.0952288 0.308 0
-0.0615756 -0.0952288 0.308 0
-0.0565602 -0.0948942 0.308 0
-0.0544645 -0.0950747 0.3075 0
-0.0364407 -0.0947401 0.3075 0
-0.0334231 -0.0947093 0.3074 0
-0.0298117 -0.0948942 0.308 0
-0.0217872 -0.095898 0.308 0
-0.0191122 -0.0948942 0.308 0
-0.0924304 -0.0933072 0.305 0
-0.0904438 -0.0933072 0.305 0
-0.077862 -0.0939699 0.305 0
-0.0752401 -0.0933415 0.305111 0
-0.0717429 -0.092742 0.3055 0
-0.0682804 -0.092793 0.306583 0
-0.064705 -0.0929273 0.307286 0
-0.0611478 -0.0927469 0.307533 0
-0.0575046 -0.0927905 0.30768 0
-0.0538593 -0.0929347 0.305952 0
-0.0508063 -0.0927293 0.306316 0
-0.0477571 -0.0924928 0.307091 0
-0.0437123 -0.0915846 0.307 0
-0.0398947 -0.0922012 0.3072 0
-0.0366482 -0.0927117 0.306118 0
-0.03325 -0.0928893 0.3058 0
-0.0302253 -0.0934603 0.3068 0
-0.0245548 -0.0936385 0.305 0
-0.0225965 -0.0937614 0.3054 0
-0.019265 -0.0932264 0.306 0
-0.0156087 -0.0925723 0.306824 0
-0.012269 -0.0926279 0.307308 0
-0.00871879 -0.0919181 0.307 0
-0.00571934 -0.0919181 0.307 0
-0.0707885 -0.0896928 0.305 0
-0.0683133 -0.0894024 0.30524 0
-0.0649355 -0.0895415 0.30563 0
-0.0613189 -0.0891795 0.305818 0
-0.0580016 -0.0893676 0.306 0
-0.0549736 -0.0901726 0.305286 0
-0.0500639 -0.0901955 0.305273 0
-0.0475583 -0.0905849 0.305714 0
-0.0430964 -0.0896626 0.305 0
-0.0402785 -0.08978 0.305091 0
-0.0377219 -0.0901311 0.305143 0
-0.0162773 -0.0906566 0.305 0
-0.0106486 -0.0903253 0.305 0
-0.00866198 -0.0903253 0.305 0
-0.00535929 -0.0901787 0.3054 0
-0.00204342 -0.0887983 0.305444 0
0.00194399 -0.0885529 0.306538 0
0.00529025 -0.088422 0.3076 0
0.00835822 -0.088183 0.306 0
0.0118715 -0.0882024 0.308 0
0.0146578 -0.0875333 0.308 0
-0.0682601 -0.087012 0.305 0
-0.0656113 -0.087012 0.305 0
-0.000715567 -0.0873433 0.305 0
0.002463 -0.0865481 0.305 0
0.00524424 -0.0863494 0.305 0
0.00864985 -0.0866333 0.305 0
0.0124718 -0.0859609 0.306158 0
0.0154943 -0.0852267 0.306917 0
0.019276 -0.0845811 0.307 0
0.0226088 -0.0845811 0.307 0
0.0250229 -0.084522 0.308 0
0.0138529 -0.0833674 0.305 0
0.0163045 -0.0830471 0.305444 0
0.0192183 -0.082995 0.306067 0
0.0226407 -0.0823648 0.30587 0
0.0259846 -0.0820405 0.3071 0
0.02941 -0.0809783 0.307429 0
0.0333818 -0.0808415 0.308 0
0.0239515 -0.0793914 0.305 0
0.0263633 -0.0790656 0.305444 0
0.0298175 -0.0789197 0.305733 0
0.0333207 -0.0789235 0.306353 0
0.0356644 -0.078373 0.3075 0
0.0537776 -0.0778302 0.308 0
0.03405 -0.0767408 0.305 0
0.0365237 -0.0755667 0.305833 0
0.0397505 -0.0746551 0.3076 0
0.0441464 -0.0743706 0.307875 0
0.0473106 -0.0746415 0.307267 0
0.0508765 -0.0750025 0.307 0
0.0533668 -0.0754104 0.307286 0
0.0380232 -0.0734275 0.305 0
0.0411581 -0.0718254 0.305769 0
0.0438577 -0.0717796 0.30644 0
0.047184 -0.0718636 0.305696 0
0.0510852 -0.0718756 0.3053 0
0.0540355 -0.0723256 0.305143 0
0.0416653 -0.0694516 0.305 0
0.0436519 -0.0694516 0.305 0
0.0456385 -0.0694516 0.305 0
-0.0641127 -0.102248 0.3096 0
-0.0613024 -0.102246 0.31 0
-0.0576306 -0.102301 0.310167 0
-0.0538594 -0.102931 0.311 0
-0.0505036 -0.103058 0.311 0
-0.0483332 -0.102575 0.311 0
-0.0673662 -0.100014 0.309 0
-0.064863 -0.0997849 0.309333 0
-0.0613024 -0.0995516 0.31 0
-0.0578664 -0.0996159 0.310038 0
-0.0542549 -0.09965 0.310448 0
-0.0505917 -0.0996681 0.31036 0
-0.0483332 -0.0998726 0.311 0
-0.0358415 -0.0985213 0.311 0
-0.0341534 -0.0985213 0.311 0
-0.0250378 -0.0985213 0.311 0
-0.0227697 -0.0989978 0.310538 0
-0.0649623 -0.0971324 0.309 0
-0.060881 -0.0966569 0.309 0
-0.057862 -0.0963212 0.309 0
-0.0542643 -0.0968465 0.309533 0
-0.0504305 -0.0961269 0.309542 0
-0.0476613 -0.0960374 0.31075 0
-0.0439442 -0.0954807 0.311 0
-0.0400128 -0.0956913 0.310429 0
-0.0367335 -0.0964761 0.309769 0
-0.0334494 -0.096621 0.309857 0
-0.0304397 -0.096832 0.311 0
-0.0255936 -0.0968879 0.310714 0
-0.023298 -0.0969525 0.309909 0
-0.0191002 -0.0963733 0.310143 0
-0.016038 -0.0955115 0.31 0
-0.0125461 -0.0954806 0.311 0
-0.00917 -0.0954806 0.311 0
-0.00642748 -0.0948666 0.309 0
-0.0463452 -0.0935239 0.309 0
-0.0436616 -0.0935239 0.309 0
-0.0413136 -0.0935239 0.309 0
-0.0107882 -0.0935239 0.309 0
-0.00877557 -0.0935239 0.309 0
-0.00543301 -0.0933606 0.3098 0
-0.0022489 -0.0915954 0.311 0
0.00669786 -0.0910886 0.311 0
0.00737309 -0.0910886 0.311 0
-0.000560748 -0.0904359 0.3105 0
0.00218928 -0.090459 0.31 0
0.00518304 -0.0904538 0.310111 0
0.00737309 -0.0904129 0.311 0
0.0126928 -0.0888245 0.309 0
0.0153787 -0.0887371 0.31075 0
0.0191896 -0.088048 0.311 0
0.0226309 -0.0880615 0.31075 0
0.0252666 -0.0880481 0.311 0
0.0166232 -0.0865688 0.309333 0
0.0194016 -0.0861391 0.309 0
0.0229366 -0.0863539 0.309167 0
0.0262562 -0.0857217 0.309571 0
0.0293991 -0.0845791 0.310667 0
0.0320189 -0.0843317 0.311 0
0.0274522 -0.0834537 0.309 0
0.0296024 -0.0827058 0.309429 0
0.0330845 -0.0825595 0.310143 0
0.035993 -0.0821296 0.310333 0
0.0524442 -0.0810297 0.31 0
0.0531172 -0.0810297 0.31 0
0.0372809 -0.0789369 0.309615 0
0.0400375 -0.0777931 0.310714 0
0.0442224 -0.0779144 0.310556 0
0.0473209 -0.0781501 0.31 0
0.0506958 -0.0788614 0.309923 0
0.0530316 -0.0788828 0.3095 0
0.0381864 -0.0764045 0.309 0
0.0407629 -0.0761768 0.309889 0
0.0436096 -0.0758321 0.3094 0
0.0472434 -0.0764045 0.309 0
0.049927 -0.0764045 0.309 0
-0.0435815 -0.106166 0.313875 0
-0.0417738 -0.10629 0.315 0
-0.0518756 -0.1046 0.312 0
-0.047103 -0.103491 0.312 0
-0.0439524 -0.103223 0.313097 0
-0.0409697 -0.102494 0.314667 0
-0.0365819 -0.102313 0.314727 0
-0.033417 -0.10219 0.314667 0
-0.0304892 -0.102184 0.315 0
-0.0257019 -0.102184 0.315 0
-0.0466182 -0.0995086 0.312333 0
-0.0437555 -0.0998609 0.313 0
-0.0402265 -0.099687 0.3136 0
-0.0369922 -0.0996504 0.312571 0
-0.0330714 -0.099586 0.31275 0
-0.029847 -0.0998185 0.313818 0
-0.0263508 -0.0996425 0.313222 0
-0.0211552 -0.0996571 0.3135 0
-0.0193768 -0.0995254 0.313625 0
-0.0157442 -0.0991936 0.3142 0
-0.0125681 -0.0985535 0.314333 0
-0.00892764 -0.0982322 0.3144 0
-0.00655229 -0.0984196 0.315 0
-0.0467951 -0.0971434 0.312 0
-0.0438403 -0.0973509 0.312667 0
-0.0406985 -0.0971434 0.312 0
-0.0288441 -0.0971434 0.312 0
-0.0274893 -0.0971434 0.312 0
-0.0149726 -0.0972472 0.312333 0
-0.0121275 -0.0970231 0.31325 0
-0.00876801 -0.0965883 0.313091 0
-0.0056404 -0.0970509 0.315 0
-0.00413219 -0.0937145 0.313 0
-0.00160056 -0.0930026 0.313727 0
0.00198685 -0.0929314 0.3138 0
0.00539613 -0.0932736 0.3138 0
0.00879792 -0.0926887 0.313667 0
0.0121057 -0.0924973 0.313643 0
0.0152842 -0.0919679 0.314 0
0.00910595 -0.0908491 0.3125 0
0.0121386 -0.0907037 0.312 0
0.0158048 -0.0900856 0.3125 0
0.0190226 -0.0902043 0.3138 0
0.0224577 -0.0903193 0.3142 0
0.0267117 -0.0891826 0.314333 0
0.0295933 -0.0882873 0.314429 0
0.0331147 -0.0881539 0.315 0
0.0278076 -0.0869141 0.313 0
0.0300713 -0.0863301 0.313154 0
0.0333528 -0.0861338 0.313647 0
0.0365623 -0.0853376 0.313867 0
0.0389279 -0.0840476 0.315 0
0.0443992 -0.0840476 0.315 0
0.047682 -0.0848688 0.315 0
0.0509745 -0.0850274 0.314286 0
0.0338154 -0.083925 0.312 0
0.0373311 -0.0825367 0.312444 0
0.0399177 -0.0815205 0.313929 0
0.0439438 -0.0818931 0.313857 0
0.0472745 -0.0822017 0.313174 0
0.0506823 -0.0824852 0.312727 0
0.0401956 -0.079293 0.312444 0
0.043348 -0.0794587 0.312714 0
0.0470247 -0.0798578 0.312 0
-0.0398395 -0.106623 0.316652 0
-0.0365772 -0.106819 0.316809 0
-0.0330681 -0.10679 0.317333 0
-0.0297253 -0.106891 0.3178 0
-0.0262619 -0.106837 0.31764 0
-0.0233575 -0.107043 0.318 0
-0.0401931 -0.103833 0.3162 0
-0.0368491 -0.104144 0.316077 0
-0.0330789 -0.103934 0.316333 0
-0.0293581 -0.103572 0.316625 0
-0.0264241 -0.103926 0.316833 0
-0.0227671 -0.103523 0.317 0
-0.0196068 -0.103333 0.317833 0
-0.0158326 -0.102632 0.317444 0
-0.0136589 -0.102396 0.31725 0
-0.0182366 -0.101135 0.316 0
-0.0161498 -0.101125 0.316429 0
-0.0123711 -0.100253 0.3169 0
-0.00900278 -0.100078 0.317 0
-0.00522452 -0.0995457 0.3175 0
-0.00417179 -0.0963292 0.316 0
-0.00181655 -0.0962171 0.31712 0
0.00184822 -0.0958584 0.317176 0
0.0092225 -0.0954501 0.3165 0
0.0123331 -0.0949122 0.317 0
0.0147885 -0.0948661 0.318 0
0.0137096 -0.0942234 0.317 0
0.0167271 -0.0930638 0.3168 0
0.0190638 -0.0924632 0.316545 0
0.0223128 -0.0925016 0.317 0
0.0264423 -0.0914685 0.317 0
0.0296327 -0.0914116 0.318 0
0.0322218 -0.0912389 0.318 0
0.0264423 -0.0907798 0.317 0
0.0301324 -0.0894636 0.316 0
0.0332899 -0.0894235 0.316667 0
0.0360312 -0.0889777 0.3172 0
0.0389534 -0.0876116 0.318 0
0.0444768 -0.0876116 0.318 0
0.0458577 -0.0876116 0.318 0
0.0507318 -0.088411 0.3174 0
0.038028 -0.086877 0.317 0
0.0403308 -0.0853559 0.316923 0
0.0436479 -0.0856151 0.317 0
0.0469814 -0.0863003 0.316733 0
0.0506544 -0.0866948 0.316333 0
0.0411425 -0.0831791 0.31625 0
0.042825 -0.0836279 0.316 0
-0.0215263 -0.108679 0.319 0
-0.0194964 -0.108952 0.3198 0
-0.0159518 -0.109711 0.320667 0
-0.0122639 -0.109823 0.321333 0
-0.0220458 -0.106947 0.319 0
-0.0194256 -0.106854 0.319583 0
-0.0161456 -0.106851 0.320318 0
-0.0121444 -0.106787 0.321 0
-0.00883155 -0.106427 0.32175 0
-0.00495011 -0.105853 0.322 0
-0.00250323 -0.105853 0.322 0
-0.0191022 -0.104521 0.319 0
-0.0158595 -0.104241 0.319556 0
-0.0122407 -0.103467 0.319667 0
-0.00888559 -0.103028 0.319546 0
-0.00510727 -0.103049 0.32 0
-0.00145006 -0.103466 0.3211 0
0.00189939 -0.103138 0.3216 0
0.00448787 -0.102006 0.322 0
-0.0038651 -0.100709 0.319 0
-0.0014116 -0.10003 0.319545 0
0.00203014 -0.099806 0.3201 0
0.00523294 -0.0995693 0.321714 0
0.00901957 -0.098735 0.3216 0
0.0125082 -0.0994039 0.3215 0
0.0160046 -0.098735 0.3216 0
0.0181205 -0.0988578 0.322 0
-0.00109471 -0.0975902 0.319 0
0.00236828 -0.0975902 0.319 0
0.00531414 -0.0967748 0.319167 0
0.00756275 -0.0965506 0.319 0
0.0124109 -0.0965506 0.319 0
0.016191 -0.0963707 0.320125 0
0.0194772 -0.0965497 0.3213 0
0.0226952 -0.0963739 0.321714 0
0.0262212 -0.0951631 0.321333 0
0.0299499 -0.094833 0.3214 0
0.0334811 -0.094951 0.3218 0
0.0196832 -0.0941248 0.319 0
0.0232272 -0.0939543 0.319429 0
0.0262421 -0.0935519 0.320273 0
0.0298845 -0.093582 0.3207 0
0.0335554 -0.093028 0.320438 0
0.0365235 -0.0925485 0.321182 0
0.0488814 -0.0918618 0.322 0
0.0501748 -0.0916717 0.321333 0
0.037562 -0.0900727 0.319375 0
0.0403772 -0.0893695 0.320167 0
0.0436832 -0.0894944 0.320611 0
0.0472749 -0.0897224 0.3206 0
0.0497551 -0.089484 0.31975 0
0.0408074 -0.0871941 0.319 0
0.0428852 -0.0871941 0.319 0
-0.00464342 -0.112136 0.325 0
-0.00146811 -0.112136 0.325 0
0.00135438 -0.112136 0.325 0
-0.00839393 -0.110357 0.323565 0
-0.00505058 -0.11018 0.32419 0
-0.00146474 -0.110151 0.32435 0
0.00178549 -0.109842 0.324944 0
-0.00777426 -0.107642 0.323167 0
-0.00497317 -0.107753 0.3235 0
-0.00119752 -0.107185 0.323375 0
0.00208816 -0.106566 0.323333 0
0.00535837 -0.106327 0.324375 0
0.00876343 -0.105428 0.325 0
0.0118211 -0.105663 0.325 0
0.0140556 -0.105428 0.325 0
0.00309925 -0.104428 0.323 0
0.0057096 -0.10342 0.3238 0
0.00909596 -0.103088 0.3243 0
0.0124275 -0.102738 0.323444 0
0.0155972 -0.103212 0.324444 0
0.0186422 -0.102603 0.325 0
0.0228759 -0.101544 0.325 0
0.0249928 -0.101544 0.325 0
0.0062622 -0.100672 0.323333 0
0.00907567 -0.100755 0.3236 0
0.0157223 -0.100568 0.323 0
0.0193781 -0.100118 0.323555 0
0.0226822 -0.0998194 0.324125 0
0.0259031 -0.0995026 0.324706 0
0.0291567 -0.0986969 0.324667 0
0.0333474 -0.0983789 0.32475 0
0.0352243 -0.0983665 0.325 0
0.0234364 -0.0974104 0.323 0
0.0265691 -0.0968786 0.323385 0
0.0297411 -0.0967271 0.323273 0
0.0327625 -0.0966331 0.323333 0
0.0366989 -0.0960808 0.324167 0
0.0392519 -0.0958217 0.32475 0
0.0495367 -0.0952481 0.324 0
0.0378127 -0.0935507 0.323 0
0.0401278 -0.0930556 0.323444 0
0.0434312 -0.0931235 0.324222 0
0.04723 -0.0930591 0.324 0
0.0495367 -0.0938403 0.324 0
0.00312804 -0.112481 0.326 0
0.00527667 -0.113354 0.3275 0
0.00850962 -0.113804 0.3288 0
0.0120857 -0.113873 0.329 0
0.0156572 -0.113873 0.329 0
0.0188716 -0.113516 0.329 0
0.00312804 -0.111064 0.326 0
0.00526862 -0.11034 0.327 0
0.00850642 -0.110332 0.327455 0
0.0121012 -0.110448 0.327571 0
0.0156042 -0.110281 0.32788 0
0.0192576 -0.110046 0.328905 0
0.0225622 -0.109108 0.329 0
0.0253004 -0.10887 0.329 0
0.00595922 -0.108231 0.326 0
0.00838206 -0.107414 0.326 0
0.0119755 -0.107523 0.326 0
0.0156934 -0.106685 0.326445 0
0.0191541 -0.106665 0.327714 0
0.022731 -0.106403 0.328 0
0.0262917 -0.106402 0.328 0
0.0298897 -0.106532 0.3284 0
0.0334895 -0.106645 0.32875 0
0.0366872 -0.106605 0.328625 0
0.039785 -0.106646 0.329 0
0.0420866 -0.10601 0.329 0
0.0191523 -0.104009 0.326333 0
0.0226155 -0.103379 0.326333 0
0.026281 -0.103161 0.326389 0
0.0297665 -0.103252 0.32705 0
0.0334617 -0.103406 0.32781 0
0.0367795 -0.103097 0.328 0
0.0400576 -0.103575 0.328913 0
0.0431791 -0.103088 0.329 0
0.0472516 -0.102684 0.329 0
0.0492297 -0.102794 0.329 0
0.0268392 -0.101148 0.326 0
0.0299027 -0.100542 0.326154 0
0.0331522 -0.100522 0.326429 0
0.0370195 -0.0997628 0.327 0
0.040498 -0.0998965 0.3277 0
0.0438775 -0.0999256 0.328444 0
0.0469673 -0.0998685 0.328583 0
0.0491549 -0.100141 0.3285 0
0.0409194 -0.0968799 0.326333 0
0.0438123 -0.0964758 0.326824 0
0.047427 -0.0965829 0.326947 0
0.0452419 -0.0940654 0.326 0
0.0459496 -0.0940654 0.326 0
0.0240169 -0.115644 0.331 0
0.0265322 -0.115644 0.331 0
0.0297661 -0.115644 0.331 0
0.0330208 -0.115714 0.3312 0
0.0352622 -0.115994 0.332 0
0.0207202 -0.113861 0.33 0
0.0228986 -0.113711 0.3304 0
0.0265322 -0.113487 0.331 0
0.0299364 -0.113459 0.330727 0
0.0333446 -0.113699 0.3312 0
0.0357427 -0.113349 0.332 0
0.0207202 -0.11171 0.33 0
0.0229347 -0.110928 0.33 0
0.0267207 -0.110097 0.33 0
0.0301321 -0.11008 0.33 0
0.0332313 -0.110141 0.330353 0
0.036538 -0.110085 0.3305 0
0.0401755 -0.110219 0.3309 0
0.0438459 -0.110418 0.3315 0
0.0414981 -0.107767 0.33 0
0.0438429 -0.106789 0.33 0
0.046394 -0.106452 0.33 0
0.0447223 -0.104181 0.33 0
0.0466329 -0.104301 0.33 0
0.0371759 -0.115981 0.333 0
0.0401882 -0.116329 0.334 0
0.0424906 -0.116678 0.335 0
0.0374169 -0.114052 0.333 0
0.0404539 -0.11388 0.3332 0
0.0433213 -0.113811 0.333 0
