0.00912927 -0.052757 0.201 1
0.0121532 -0.0534422 0.201667 1
0.00893834 -0.0519109 0.201 1
0.0133631 -0.0521352 0.203 1
0.0140683 -0.0519588 0.203 1
-0.00719216 -0.0533979 0.206 1
-0.0051194 -0.0533404 0.20569 1
-0.00315147 -0.0533615 0.205 1
0.0132518 -0.0545047 0.204 1
0.0141376 -0.0533228 0.204 1
-0.00719216 -0.0522791 0.206 1
-0.00540313 -0.0522791 0.206 1
0.0137618 -0.0513572 0.205 1
0.0156667 -0.0506627 0.2053 1
0.0136947 -0.0471177 0.204 1
0.0151201 -0.0472181 0.204857 1
0.0137235 -0.0438837 0.204429 1
0.015083 -0.0437588 0.205263 1
0.0147725 -0.0405426 0.20568 1
0.0144998 -0.0384045 0.206 1
0.0136053 -0.0316911 0.206 1
0.0136053 -0.0303484 0.206 1
0.0138961 -0.0561307 0.207 1
0.015548 -0.0560647 0.209 1
-0.0183714 -0.0538135 0.2098 1
-0.0157635 -0.0537802 0.208933 1
-0.0122296 -0.0536904 0.208 1
-0.00895854 -0.0536189 0.207676 1
-0.00677764 -0.0536572 0.207 1
0.0138961 -0.0552313 0.207 1
0.0154297 -0.0543212 0.208111 1
-0.019041 -0.0506234 0.2099 1
-0.0157976 -0.050749 0.208983 1
-0.0124759 -0.0517801 0.208 1
-0.00951998 -0.0521088 0.208 1
0.0168173 -0.0493847 0.207 1
0.018094 -0.0504814 0.20875 1
-0.0186757 -0.0478739 0.21 1
-0.0164121 -0.0477154 0.209871 1
0.0168535 -0.0472348 0.207444 1
0.0180299 -0.047088 0.2096 1
0.0169087 -0.0435476 0.208125 1
0.0181032 -0.0441039 0.21 1
0.0163755 -0.0401877 0.208364 1
0.0155168 -0.0365896 0.208261 1
0.0155194 -0.0334003 0.20885 1
0.0136713 -0.0286967 0.207 1
0.0150894 -0.029727 0.207937 1
0.0137209 -0.0263198 0.20775 1
0.0151669 -0.0262484 0.209 1
0.0137144 -0.0229429 0.208143 1
0.0150031 -0.0228505 0.209214 1
0.013609 -0.0201664 0.2095 1
0.0144226 -0.0204191 0.20975 1
0.0130944 -0.0146493 0.21 1
0.0140974 -0.0142843 0.21 1
0.0131096 -0.0123832 0.21 1
0.0140974 -0.0129155 0.21 1
0.0129576 -0.0104061 0.21 1
-0.0143059 -0.0586381 0.212 1
-0.0138456 -0.0586381 0.212 1
-0.0288746 -0.0540886 0.213 1
-0.0262572 -0.0541434 0.212379 1
-0.0227619 -0.0542542 0.212 1
-0.0200412 -0.0541974 0.211 1
0.0172236 -0.0538018 0.212 1
0.018481 -0.052963 0.212333 1
-0.0293311 -0.0506618 0.212949 1
-0.0263072 -0.0506418 0.212265 1
-0.0228413 -0.0508193 0.2116 1
-0.020423 -0.0519435 0.211 1
0.0195802 -0.0503454 0.2116 1
-0.0293971 -0.0476294 0.212955 1
-0.0262873 -0.0471466 0.212107 1
-0.022749 -0.0472046 0.211823 1
-0.0196914 -0.0467603 0.211 1
-0.0174452 -0.0457547 0.211 1
0.0192203 -0.0478429 0.211444 1
-0.0284782 -0.0441059 0.213 1
-0.0263911 -0.0436187 0.212593 1
-0.0227995 -0.0436243 0.211786 1
-0.0196941 -0.0447128 0.211 1
-0.0174452 -0.0452963 0.211 1
0.0188157 -0.0436995 0.212143 1
-0.0286551 -0.0404445 0.213 1
-0.0262858 -0.0401413 0.212451 1
-0.0229159 -0.0403432 0.211643 1
-0.020423 -0.0404827 0.211 1
0.0171423 -0.0388783 0.211 1
0.0181655 -0.0402598 0.21225 1
-0.028247 -0.0367015 0.213 1
-0.0263001 -0.0366049 0.212724 1
-0.0235664 -0.036977 0.211933 1
0.0173045 -0.0371411 0.2113 1
0.0181666 -0.0372232 0.2128 1
-0.0254723 -0.0343877 0.213 1
-0.0240849 -0.0343876 0.213 1
0.0169407 -0.0328201 0.211333 1
0.0178011 -0.0331576 0.212769 1
0.0167961 -0.0296431 0.211444 1
0.0182664 -0.030823 0.21275 1
0.0167633 -0.0261657 0.212 1
0.0165772 -0.0227094 0.212222 1
0.0137065 -0.0184782 0.211 1
0.0152795 -0.0191748 0.21175 1
0.0137065 -0.016186 0.211 1
0.0152142 -0.015887 0.212158 1
0.0137065 -0.0113725 0.211 1
0.0147877 -0.0119863 0.211632 1
0.013281 -0.00871255 0.211182 1
0.0146717 -0.00874697 0.212 1
0.0133009 -0.0052016 0.211833 1
0.0146153 -0.00559131 0.212 1
0.0131889 -0.00185464 0.213 1
0.0142988 -0.00315041 0.213 1
0.0128192 0.00177519 0.212263 1
0.0142988 0.00217149 0.213 1
0.0127046 0.004989 0.212571 1
0.0142988 0.00402259 0.213 1
0.0122178 0.00749339 0.213 1
0.0112929 0.0169802 0.213 1
0.0112929 0.0179058 0.213 1
-0.0280455 -0.059935 0.215 1
-0.0268588 -0.0599614 0.2156 1
-0.0396137 -0.0563672 0.217 1
-0.0371091 -0.0564501 0.215667 1
-0.0331159 -0.0563191 0.214571 1
-0.0296117 -0.0569781 0.214286 1
-0.027075 -0.059014 0.215333 1
0.0172339 -0.0564316 0.215 1
0.0181104 -0.0562566 0.214333 1
-0.0397708 -0.0540099 0.217 1
-0.0366833 -0.0543132 0.215367 1
-0.0331736 -0.0543215 0.214604 1
-0.0306018 -0.0544306 0.214 1
0.0171804 -0.055326 0.214333 1
0.0187179 -0.0548773 0.214667 1
-0.0398493 -0.0508275 0.217 1
-0.036831 -0.050819 0.2155 1
-0.0330271 -0.0507796 0.214346 1
-0.0309351 -0.0516126 0.214 1
0.0208707 -0.0508222 0.214 1
0.0213777 -0.0506686 0.216 1
-0.0402637 -0.0472006 0.216913 1
-0.0367006 -0.047316 0.215467 1
-0.0330259 -0.0473351 0.214 1
-0.0306254 -0.0464827 0.214 1
0.0202277 -0.046995 0.214571 1
0.0213989 -0.0458771 0.217 1
-0.0397353 -0.0436642 0.217 1
-0.0367145 -0.0437754 0.215656 1
-0.0331002 -0.0438743 0.214316 1
-0.0300903 -0.0437212 0.214 1
0.0200657 -0.0435057 0.215545 1
0.0213989 -0.0449341 0.217 1
-0.0401009 -0.0401972 0.216907 1
-0.0367689 -0.0402265 0.216057 1
-0.0332037 -0.0403432 0.215309 1
-0.0302732 -0.0399737 0.214158 1
0.0197897 -0.0404231 0.215571 1
-0.0398202 -0.0369401 0.216667 1
-0.0368518 -0.0367492 0.216 1
-0.0333368 -0.0368166 0.215654 1
-0.0300403 -0.0366826 0.214238 1
0.0191667 -0.0366122 0.2152 1
-0.0391164 -0.0334357 0.217 1
-0.0367234 -0.0333177 0.2164 1
-0.0332134 -0.0333003 0.215547 1
-0.0298042 -0.0331864 0.214214 1
-0.02696 -0.0332059 0.214 1
0.0192805 -0.0332047 0.21563 1
-0.038907 -0.0312617 0.217 1
-0.0367636 -0.0298277 0.216857 1
-0.0333394 -0.0297347 0.215741 1
-0.0298594 -0.029761 0.21488 1
-0.0270082 -0.0298062 0.214063 1
0.0184852 -0.0292715 0.215455 1
-0.0367568 -0.0262893 0.216816 1
-0.0332711 -0.0262487 0.215882 1
-0.0296972 -0.0263169 0.215125 1
-0.0273453 -0.0263024 0.215 1
0.0183832 -0.0262081 0.215133 1
-0.0364598 -0.0229791 0.216705 1
-0.0333374 -0.0226721 0.216018 1
-0.030111 -0.0227533 0.215769 1
0.0170005 -0.0213976 0.215 1
0.0183455 -0.0229997 0.216167 1
-0.0356561 -0.0198523 0.217 1
-0.0332616 -0.0192074 0.216849 1
-0.0298183 -0.0193011 0.2165 1
0.0169609 -0.0192507 0.2145 1
0.0181009 -0.0192394 0.217 1
-0.0325609 -0.0161677 0.217 1
-0.0301741 -0.0163937 0.217 1
0.01704 -0.0155919 0.2155 1
0.0181009 -0.016882 0.217 1
0.0165459 -0.0122084 0.215533 1
0.0163772 -0.00929557 0.216 1
0.0155665 -0.004601 0.2158 1
0.0139013 -0.00153789 0.214 1
0.0149172 -0.00170698 0.2149 1
0.0139013 0.0003219 0.214 1
0.0150637 0.00157212 0.215111 1
0.0137115 0.00593887 0.214143 1
0.0149758 0.00572382 0.216067 1
0.012988 0.00883328 0.214517 1
0.0146106 0.00859247 0.216158 1
0.0127993 0.0122349 0.215 1
0.0145045 0.0123688 0.216444 1
0.0123821 0.015565 0.214364 1
0.0145265 0.0153723 0.216778 1
0.0124085 0.0193274 0.214579 1
0.0146744 0.0188635 0.217 1
0.0123567 0.0227858 0.215375 1
0.0122988 0.0262613 0.216105 1
0.0122691 0.0296862 0.216611 1
0.0102795 0.0331753 0.216 1
0.0117375 0.0328786 0.216444 1
0.0103271 0.0368649 0.217 1
0.0110552 0.0364363 0.217 1
0.0103271 0.0387508 0.217 1
0.0107982 0.0387508 0.217 1
-0.0465142 -0.0566924 0.22 1
-0.0438005 -0.0568522 0.219538 1
-0.0410742 -0.0568401 0.218 1
-0.0492368 -0.0529641 0.22 1
-0.0469168 -0.0541932 0.22 1
-0.0439027 -0.0542971 0.219592 1
-0.0412425 -0.054535 0.218 1
0.0215962 -0.0529613 0.219 1
-0.0492368 -0.0510522 0.22 1
-0.0473001 -0.0508436 0.22 1
-0.0437884 -0.0508262 0.21902 1
-0.0414529 -0.0508249 0.218 1
0.0222659 -0.0501037 0.219333 1
-0.0469205 -0.0472866 0.219684 1
-0.0437316 -0.0472629 0.218462 1
0.0220738 -0.0472483 0.219 1
-0.0467394 -0.0437737 0.219906 1
-0.0436707 -0.0437653 0.218698 1
-0.0414529 -0.0437203 0.218 1
0.0219146 -0.0438423 0.219 1
-0.0470005 -0.040341 0.22 1
-0.0437579 -0.040262 0.21872 1
-0.0414528 -0.0413521 0.218 1
0.0205509 -0.0389839 0.218 1
0.0215962 -0.0417797 0.219 1
-0.0464747 -0.036588 0.22 1
-0.0438135 -0.0367982 0.219273 1
-0.0413176 -0.0364466 0.218 1
0.0205744 -0.0366561 0.21825 1
0.0216947 -0.0369517 0.22 1
-0.0468051 -0.0334538 0.22 1
-0.043837 -0.0332549 0.219265 1
-0.040889 -0.0332071 0.218057 1
0.0206833 -0.0333706 0.2194 1
-0.0460979 -0.0307721 0.22 1
-0.0438395 -0.0298957 0.219843 1
-0.0403925 -0.0297396 0.218383 1
0.0202697 -0.029782 0.219222 1
0.0214559 -0.0307379 0.22 1
-0.0428353 -0.0263321 0.219625 1
-0.0403506 -0.0262473 0.218429 1
0.0201558 -0.0259017 0.218333 1
0.0213584 -0.0246506 0.219 1
-0.0428483 -0.0226456 0.219826 1
-0.0402748 -0.0227592 0.218522 1
-0.0379819 -0.022012 0.218 1
0.0198947 -0.0225879 0.219261 1
0.0213584 -0.0241748 0.219 1
-0.0424169 -0.0194522 0.22 1
-0.0401654 -0.0191277 0.21908 1
-0.0371899 -0.0191308 0.21805 1
0.0192626 -0.0192204 0.2195 1
-0.0400955 -0.0156542 0.219633 1
-0.0365562 -0.0157866 0.218582 1
-0.0339229 -0.0151514 0.218 1
0.0185049 -0.0153096 0.218571 1
-0.040147 -0.0123313 0.219918 1
-0.0366148 -0.0122672 0.218775 1
-0.0333313 -0.0121696 0.218 1
-0.0312767 -0.0110394 0.218 1
0.018232 -0.0122536 0.218571 1
-0.0397324 -0.00934533 0.219937 1
-0.0366575 -0.00871169 0.219036 1
-0.033284 -0.00869939 0.21875 1
-0.0308201 -0.0082249 0.218727 1
0.0168093 -0.00786116 0.2192 1
0.0180212 -0.00908079 0.219714 1
-0.0387284 -0.00540486 0.22 1
-0.0367197 -0.00518515 0.219583 1
-0.0333414 -0.00514473 0.219122 1
-0.030906 -0.00512174 0.218167 1
0.0166652 -0.00508933 0.219059 1
0.0176347 -0.00516587 0.22 1
-0.0363542 -0.0019887 0.22 1
-0.0333378 -0.00176858 0.219588 1
-0.0308087 -0.00225721 0.218778 1
0.0165797 -0.00180897 0.218667 1
0.0176347 -0.00182 0.22 1
-0.0356237 0.000330925 0.22 1
-0.0332067 0.00155456 0.22 1
-0.0301032 0.00206722 0.219043 1
0.0163658 0.000807403 0.219 1
-0.0329487 0.00538804 0.219944 1
-0.0299633 0.00525456 0.219 1
0.0160021 0.00543023 0.2192 1
-0.0326572 0.00856983 0.22 1
-0.0297025 0.00865957 0.219578 1
0.016042 0.00892522 0.219273 1
-0.0318024 0.0108465 0.22 1
-0.029653 0.0122805 0.22 1
-0.0272647 0.0129975 0.22 1
0.0153679 0.0120289 0.218333 1
-0.0290161 0.0155998 0.22 1
-0.0265094 0.0158987 0.22 1
-0.0243988 0.0172993 0.22 1
0.0157995 0.0164761 0.219375 1
-0.0286977 0.0192112 0.22 1
-0.0263094 0.0192112 0.22 1
-0.023585 0.0195299 0.22 1
0.0157293 0.0191723 0.219571 1
-0.02822 0.0218401 0.22 1
-0.0261062 0.0225774 0.22 1
-0.0235231 0.022743 0.22 1
0.0144544 0.0229164 0.218857 1
-0.0252347 0.0262017 0.22 1
-0.0228556 0.026381 0.22 1
-0.0202496 0.027094 0.219231 1
0.0134513 0.027562 0.218 1
0.0143979 0.0261411 0.218 1
-0.0251153 0.0290099 0.22 1
-0.0228982 0.0296426 0.21983 1
-0.0193904 0.0299248 0.219 1
0.0134513 0.0296934 0.218 1
0.0145299 0.0285319 0.22 1
-0.02187 0.0323698 0.22 1
-0.0198508 0.0330844 0.219636 1
0.0131425 0.0340146 0.21875 1
-0.0190031 0.0375339 0.22 1
-0.0166768 0.0377729 0.22 1
0.0122493 0.0369189 0.218615 1
-0.0190938 0.0401814 0.22 1
-0.016095 0.0404018 0.22 1
-0.0138904 0.0416764 0.22 1
0.0103747 0.0405871 0.218 1
0.0120165 0.0401313 0.218889 1
-0.0182455 0.0430822 0.22 1
-0.015801 0.0435883 0.22 1
-0.0138904 0.0435883 0.22 1
0.0103883 0.0437214 0.218286 1
0.0113614 0.0438178 0.218762 1
-0.0177117 0.0455003 0.22 1
-0.0154678 0.0469676 0.22 1
-0.013027 0.0478534 0.22 1
0.0102638 0.0475139 0.219 1
0.0115854 0.0470927 0.2194 1
-0.0147661 0.0501208 0.22 1
-0.012249 0.0507841 0.22 1
-0.00938689 0.0515546 0.219833 1
0.00994708 0.0507646 0.219 1
0.0111818 0.0503937 0.219538 1
-0.0114191 0.0535221 0.22 1
-0.00861161 0.0542026 0.219569 1
-0.00565605 0.0549154 0.219 1
-0.00336669 0.0557613 0.219 1
0.00991114 0.054341 0.218682 1
0.0111864 0.0550599 0.22 1
-0.0105469 0.0562549 0.22 1
-0.00849969 0.0576807 0.219652 1
-0.00526862 0.0576645 0.219 1
-0.00310734 0.058097 0.219 1
0.00998919 0.0578434 0.2194 1
-0.0077895 0.061013 0.22 1
-0.00524984 0.0611347 0.21936 1
-0.00175618 0.0612702 0.218968 1
0.00131119 0.0619812 0.2182 1
0.00943153 0.061374 0.219484 1
-0.00744211 0.0634246 0.22 1
-0.00515579 0.0645102 0.219976 1
-0.00163804 0.0647825 0.219207 1
0.00188117 0.0647501 0.218127 1
0.00510785 0.0650298 0.218 1
0.00882692 0.0648701 0.218795 1
-0.00477732 0.0681164 0.22 1
-0.00176858 0.0681724 0.219441 1
0.00188955 0.0683563 0.218617 1
0.00516828 0.0682948 0.218 1
0.00780444 0.0682179 0.218893 1
-0.00385972 0.0705943 0.22 1
-0.00136699 0.0715411 0.219652 1
0.00180241 0.0716521 0.218462 1
0.00516828 0.0716103 0.218 1
0.00811714 0.0715023 0.219162 1
-0.000978862 0.0750991 0.219937 1
0.00188783 0.0751115 0.218625 1
0.00514356 0.0751451 0.218036 1
0.00769121 0.0752641 0.219364 1
-0.000754973 0.078481 0.22 1
0.00183697 0.0786921 0.21936 1
0.00517221 0.078785 0.219122 1
0.0075562 0.0780031 0.22 1
-0.000516146 0.0813489 0.22 1
0.00187212 0.0813489 0.22 1
0.00489726 0.0819862 0.22 1
0.0025886 0.0858898 0.22 1
0.00503198 0.0855773 0.22 1
-0.0564544 -0.0573338 0.224 1
-0.0543898 -0.0571891 0.223324 1
-0.0508332 -0.0569991 0.22175 1
-0.0483296 -0.0569089 0.221 1
0.0208733 -0.0566038 0.224 1
0.0213597 -0.0566038 0.224 1
-0.0564544 -0.0544138 0.224 1
-0.0543254 -0.0543309 0.223106 1
-0.0508191 -0.0543299 0.221425 1
-0.0485882 -0.0549072 0.221 1
0.020718 -0.0549736 0.222333 1
0.0228012 -0.0542339 0.223609 1
-0.0576416 -0.0501196 0.224 1
-0.0541091 -0.0507946 0.222577 1
-0.0509378 -0.0507627 0.221216 1
-0.0489808 -0.0493636 0.221 1
0.0238506 -0.0506183 0.222286 1
-0.0576355 -0.0474891 0.224 1
-0.0542726 -0.0472732 0.222824 1
-0.0507385 -0.0472621 0.221447 1
-0.0486723 -0.0466885 0.221 1
0.0237353 -0.0475273 0.223 1
-0.0566975 -0.043707 0.224 1
-0.0542886 -0.0438523 0.222696 1
-0.0508135 -0.0435736 0.221178 1
-0.0486509 -0.0437518 0.221 1
0.0232259 -0.0434575 0.222444 1
-0.0571839 -0.0403003 0.224 1
-0.0541984 -0.0401538 0.22244 1
-0.0508135 -0.0403363 0.221178 1
-0.0487408 -0.0399526 0.221 1
0.0223908 -0.0402067 0.222143 1
-0.0571028 -0.0370963 0.224 1
-0.0541603 -0.0367152 0.22268 1
-0.0508356 -0.0368872 0.221568 1
-0.0482979 -0.0369904 0.221 1
0.0224389 -0.036909 0.222625 1
-0.0566976 -0.0332435 0.224 1
-0.0543399 -0.0332752 0.223098 1
-0.0506895 -0.0332509 0.221304 1
-0.0485489 -0.0329903 0.221 1
0.0220146 -0.0332146 0.222 1
-0.054099 -0.0298498 0.223391 1
-0.0508083 -0.0297523 0.221814 1
-0.0475245 -0.0295935 0.221064 1
-0.0449023 -0.0282368 0.221 1
0.0219792 -0.0293809 0.22225 1
-0.053682 -0.0260971 0.223704 1
-0.0507837 -0.0262619 0.222589 1
-0.0472641 -0.0261863 0.221946 1
-0.0444593 -0.0262054 0.221 1
0.0213697 -0.0266274 0.221583 1
-0.0535364 -0.0228496 0.224 1
-0.0507681 -0.0227517 0.223089 1
-0.0473322 -0.0226041 0.222265 1
-0.0446564 -0.0227976 0.22116 1
0.0203539 -0.0210345 0.221 1
0.0215202 -0.0226882 0.223143 1
-0.0530244 -0.019527 0.224 1
-0.0507278 -0.0193213 0.223405 1
-0.0473843 -0.0192432 0.22251 1
-0.0442578 -0.0191452 0.221372 1
0.0204591 -0.0192102 0.222143 1
0.0216028 -0.01986 0.224 1
-0.0525637 -0.0164533 0.224 1
-0.0507684 -0.0159132 0.223738 1
-0.0474407 -0.01588 0.222775 1
-0.0437893 -0.0157833 0.221429 1
0.0201123 -0.0156643 0.222385 1
-0.0504922 -0.0121722 0.223769 1
-0.0474043 -0.0122768 0.222727 1
-0.0438513 -0.0123062 0.221462 1
0.0199427 -0.0122335 0.2225 1
-0.0503752 -0.00866651 0.224 1
-0.0470832 -0.008606 0.223229 1
-0.0436056 -0.0087723 0.221745 1
-0.040935 -0.0079958 0.221167 1
0.0191809 -0.00834655 0.222545 1
-0.0498888 -0.00598981 0.224 1
-0.0469748 -0.00556413 0.223895 1
-0.0438482 -0.00523396 0.222952 1
-0.0406487 -0.00516846 0.221558 1
-0.0384246 -0.00374889 0.221 1
0.0192163 -0.00512958 0.222375 1
-0.0462143 -0.00158271 0.224 1
-0.0439231 -0.00184757 0.223333 1
-0.0404794 -0.00183381 0.221735 1
-0.0380408 -0.00144414 0.221 1
0.0188599 -0.00213351 0.2226 1
-0.0463518 0.00128817 0.224 1
-0.043722 0.0018001 0.2232 1
-0.0402468 0.00176609 0.222104 1
-0.0367685 0.0019085 0.22108 1
-0.034586 0.0027332 0.221 1
0.0169141 0.00225869 0.2215 1
0.0182955 0.00149837 0.2228 1
-0.0459981 0.00350032 0.224 1
-0.0434464 0.0050253 0.223771 1
-0.0402077 0.00542101 0.222898 1
-0.036588 0.00538641 0.22149 1
-0.034586 0.00537406 0.221 1
0.01695 0.00502146 0.222267 1
0.0179324 0.00544161 0.223714 1
-0.042559 0.00808895 0.224 1
-0.0402451 0.00878082 0.223447 1
-0.0366419 0.00876839 0.221816 1
-0.0343243 0.00917164 0.221 1
0.0174467 0.00884335 0.223714 1
0.0179324 0.00884335 0.223714 1
-0.0423506 0.0132338 0.224 1
-0.0401572 0.0122885 0.223333 1
-0.0367734 0.0121847 0.222612 1
-0.0332979 0.0122193 0.221289 1
0.0167933 0.0122872 0.222158 1
0.0182528 0.0128356 0.223667 1
-0.0423506 0.0156671 0.224 1
-0.0402962 0.0156253 0.223388 1
-0.0367492 0.0156951 0.222808 1
-0.033218 0.0157306 0.221464 1
-0.030573 0.0162648 0.221 1
0.0169114 0.0152635 0.222294 1
0.017898 0.0156163 0.223286 1
-0.0423506 0.0176138 0.224 1
-0.0399784 0.0188608 0.223943 1
-0.0368075 0.0192443 0.222765 1
-0.033258 0.0193635 0.221735 1
-0.0305075 0.0192986 0.221 1
0.0169218 0.0194997 0.224 1
0.0179553 0.0178571 0.224 1
-0.0391894 0.0222372 0.224 1
-0.0369885 0.0228534 0.223627 1
-0.0333925 0.0228283 0.222633 1
-0.0299952 0.022784 0.221578 1
-0.0275486 0.02378 0.221 1
0.0162202 0.0226314 0.222063 1
0.0178751 0.0226224 0.223 1
-0.0366396 0.0262983 0.223958 1
-0.0330622 0.0262279 0.223157 1
-0.0297181 0.0261702 0.222262 1
-0.0269817 0.0263945 0.221143 1
0.0161101 0.025814 0.222 1
-0.0357408 0.0293825 0.224 1
-0.0330244 0.0297014 0.223408 1
-0.029694 0.0297562 0.222277 1
-0.0266816 0.0300292 0.221326 1
-0.0240299 0.0313024 0.221 1
0.0149076 0.0299149 0.2228 1
-0.0352987 0.0319706 0.224 1
-0.0328326 0.0330187 0.223454 1
-0.0296661 0.0335103 0.222766 1
-0.0261452 0.0332751 0.221712 1
-0.0229774 0.0336567 0.221 1
0.0147611 0.0333528 0.2235 1
-0.0324368 0.0364256 0.224 1
-0.0295981 0.0368476 0.223591 1
-0.0260849 0.0367737 0.222143 1
-0.0225993 0.0365975 0.221082 1
-0.0203284 0.0362069 0.221 1
0.0136363 0.0370643 0.221 1
0.014662 0.0365085 0.222 1
-0.0316512 0.0398386 0.224 1
-0.0295702 0.0402372 0.223714 1
-0.0261091 0.0401892 0.222347 1
-0.0225761 0.0401746 0.221109 1
-0.0204312 0.0418658 0.221 1
0.0135175 0.0406281 0.221667 1
0.0147941 0.0392708 0.224 1
-0.0316512 0.0429208 0.224 1
-0.0294861 0.043695 0.223951 1
-0.0261743 0.0436793 0.222898 1
-0.0226517 0.0438363 0.221592 1
-0.0197172 0.0440694 0.221063 1
0.0130471 0.0436481 0.221783 1
0.0140933 0.0442157 0.223167 1
-0.02849 0.0460842 0.224 1
-0.0262137 0.0471719 0.223681 1
-0.0227067 0.0472285 0.222333 1
-0.0193103 0.0472941 0.221542 1
-0.0170244 0.0477717 0.221 1
0.0130435 0.0473657 0.221778 1
0.0142058 0.0477193 0.223667 1
-0.0255988 0.0502325 0.223957 1
-0.0228254 0.050685 0.223286 1
-0.0193658 0.0508598 0.222531 1
-0.0162289 0.0509798 0.221243 1
0.0123695 0.0509949 0.222474 1
0.0143078 0.0492476 0.224 1
-0.0224655 0.0540082 0.223937 1
-0.0193547 0.0542611 0.223133 1
-0.0159218 0.0541989 0.221511 1
-0.012834 0.0547573 0.221 1
0.0119628 0.0541404 0.222947 1
-0.0220055 0.0566288 0.224 1
-0.0194244 0.0576601 0.223653 1
-0.0158093 0.057705 0.222509 1
-0.0121027 0.0579025 0.221652 1
-0.010115 0.0581911 0.221 1
0.0115821 0.0575032 0.223 1
-0.0185916 0.0611568 0.224 1
-0.0155595 0.0612417 0.223367 1
-0.0120809 0.0612284 0.221816 1
-0.00939525 0.0616894 0.221 1
0.0100376 0.0625125 0.221 1
0.0111334 0.0610852 0.222818 1
-0.0155574 0.0647909 0.22376 1
-0.0120746 0.0647724 0.222038 1
-0.00878214 0.06502 0.221 1
-0.00651629 0.0658736 0.221 1
-0.015354 0.068306 0.223829 1
-0.0121665 0.0683 0.222447 1
-0.00861928 0.0682017 0.221178 1
-0.00651629 0.0682744 0.221 1
0.00959243 0.0684335 0.221778 1
0.0105968 0.068065 0.222667 1
-0.0149286 0.0714661 0.224 1
-0.0121096 0.0717518 0.223364 1
-0.0087265 0.0717639 0.222245 1
-0.00545256 0.0718263 0.221182 1
-0.00303757 0.0725958 0.221 1
0.00970886 0.0712684 0.222857 1
0.0106602 0.0706612 0.224 1
-0.014143 0.0743112 0.224 1
-0.0121237 0.0752349 0.22388 1
-0.00880967 0.0752125 0.222783 1
-0.00525754 0.0752591 0.221833 1
-0.00282534 0.075329 0.221 1
0.00908904 0.0752285 0.2224 1
-0.014143 0.0801513 0.224 1
-0.0117685 0.0791494 0.224 1
-0.00877008 0.0787121 0.223367 1
-0.0053443 0.0786645 0.222061 1
-0.0025867 0.0790365 0.221 1
0.0088507 0.0789858 0.221611 1
0.0105651 0.078471 0.222 1
-0.00823551 0.0812689 0.223167 1
-0.00529184 0.0810296 0.222111 1
-0.00243779 0.0809985 0.221 1
0.00573699 0.0825012 0.221 1
0.00803837 0.0816387 0.221 1
-0.014143 0.0867214 0.224 1
-0.0121558 0.0864498 0.223758 1
-0.00868385 0.0860279 0.224 1
-0.00544109 0.0860247 0.223886 1
-0.00167087 0.085817 0.222089 1
0.000873 0.0860881 0.221 1
-0.014143 0.0881814 0.224 1
-0.0123452 0.0881102 0.223529 1
-0.00879327 0.0881814 0.224 1
-0.00525908 0.0881911 0.223895 1
-0.00237118 0.0879437 0.222727 1
-0.0637408 -0.0567454 0.227 1
-0.0611225 -0.0576029 0.226235 1
-0.0581894 -0.0573626 0.225067 1
0.022432 -0.0564898 0.225 1
-0.0665746 -0.0539095 0.227 1
-0.0647031 -0.0540488 0.226722 1
-0.0611705 -0.0542278 0.225245 1
-0.0581719 -0.0541678 0.225 1
0.0241683 -0.0549345 0.225571 1
0.0251189 -0.0531902 0.225 1
-0.0643481 -0.0508624 0.22675 1
-0.0613378 -0.0508004 0.225333 1
-0.0583347 -0.0518051 0.225 1
0.0251607 -0.0505836 0.225375 1
-0.0668211 -0.0462651 0.227 1
-0.0647827 -0.0472024 0.226762 1
-0.0612969 -0.0471079 0.225333 1
-0.0585627 -0.0462974 0.225 1
0.0253262 -0.0472208 0.226857 1
-0.0668211 -0.0442923 0.227 1
-0.0647441 -0.0437193 0.226767 1
-0.0612515 -0.0437229 0.225863 1
-0.0584161 -0.0439021 0.225 1
0.0241848 -0.0431949 0.2254 1
0.02526 -0.0444567 0.227 1
-0.0637247 -0.0404755 0.227 1
-0.0611245 -0.0401654 0.225976 1
-0.0589047 -0.0402358 0.225 1
0.0242384 -0.0402955 0.226077 1
0.0246028 -0.0388672 0.227 1
-0.0641747 -0.0367444 0.227 1
-0.0612437 -0.0367009 0.225625 1
-0.0586115 -0.0362761 0.225 1
0.0232699 -0.0361181 0.225222 1
0.0246028 -0.038374 0.227 1
-0.0634659 -0.0338974 0.227 1
-0.0612143 -0.0333402 0.22631 1
-0.0584161 -0.0331475 0.225 1
0.0231854 -0.0326868 0.2252 1
-0.0633218 -0.0300391 0.227 1
-0.0612657 -0.0296767 0.2265 1
-0.0578689 -0.0297062 0.225348 1
-0.0557294 -0.0289923 0.225 1
0.0235834 -0.0296991 0.225818 1
-0.0607066 -0.0262446 0.227 1
-0.0577939 -0.0264284 0.225978 1
-0.0554363 -0.0264014 0.225 1
0.0230421 -0.0266796 0.2257 1
-0.0601416 -0.0227476 0.227 1
-0.0577787 -0.022743 0.226426 1
-0.055268 -0.0226101 0.225 1
0.0228778 -0.0218521 0.227 1
-0.0596747 -0.0191396 0.227 1
-0.0578901 -0.0191198 0.226762 1
-0.0548886 -0.0190704 0.225222 1
0.0225243 -0.0187957 0.2264 1
-0.0596747 -0.0156873 0.227 1
-0.0578661 -0.0156642 0.226667 1
-0.0544709 -0.0155054 0.225311 1
-0.0523098 -0.0145713 0.225 1
0.0220914 -0.0159127 0.226 1
-0.0596747 -0.0137145 0.227 1
-0.0576468 -0.012255 0.226611 1
-0.0543838 -0.0121535 0.22549 1
-0.0523098 -0.0121271 0.225 1
0.020569 -0.010708 0.226 1
0.0217985 -0.0123282 0.226615 1
-0.0574475 -0.0088247 0.226793 1
-0.0543541 -0.00871896 0.225367 1
-0.0523098 -0.00870519 0.225 1
0.020621 -0.00876661 0.226571 1
0.021113 -0.00876661 0.226571 1
-0.0566472 -0.00585866 0.227 1
-0.0541927 -0.00527981 0.226318 1
-0.0511038 -0.0049911 0.225067 1
-0.0481797 -0.0042167 0.225 1
0.0207052 -0.00577401 0.225111 1
0.0217568 -0.00581063 0.226444 1
-0.053566 -0.00197402 0.2268 1
-0.0507403 -0.00186534 0.225619 1
-0.0480078 -0.00201905 0.225 1
0.0199865 -0.00124157 0.225455 1
0.0211218 -0.00154418 0.226667 1
-0.0539577 0.00150045 0.227 1
-0.050741 0.00163447 0.226133 1
-0.0480623 0.00168418 0.225125 1
0.0198656 0.00156676 0.2258 1
0.0211529 0.000834644 0.227 1
-0.0533909 0.00434863 0.227 1
-0.0507048 0.00520503 0.226759 1
-0.0473659 0.00531867 0.225674 1
-0.0448601 0.00614349 0.225 1
0.0191356 0.00492036 0.226182 1
-0.0499314 0.00809972 0.227 1
-0.0472605 0.0089595 0.226386 1
-0.0440204 0.00902423 0.2252 1
0.0188993 0.00895722 0.226571 1
-0.0493248 0.0136576 0.227 1
-0.0471047 0.0124473 0.226791 1
-0.0438015 0.0122101 0.225581 1
0.0184925 0.0120967 0.2264 1
-0.0493248 0.0151372 0.227 1
-0.0471951 0.0157916 0.226696 1
-0.0440677 0.0157591 0.225314 1
0.018885 0.0153444 0.2264 1
-0.046706 0.019228 0.226967 1
-0.0437811 0.0193152 0.226085 1
-0.0413183 0.0198923 0.225 1
0.0178861 0.0197553 0.2262 1
-0.0463403 0.0225077 0.227 1
-0.0438105 0.022732 0.22651 1
-0.0407322 0.0226787 0.225 1
0.018093 0.0228871 0.225286 1
-0.0461213 0.0257408 0.227 1
-0.0438302 0.0261897 0.226612 1
-0.0402528 0.0262197 0.22534 1
-0.0381431 0.0274694 0.225 1
0.0162666 0.026579 0.225143 1
0.0177912 0.0252695 0.225 1
-0.0437316 0.0295486 0.227 1
-0.040321 0.0296379 0.225891 1
-0.0372853 0.0302009 0.225038 1
0.016353 0.0297342 0.226111 1
-0.0430315 0.0322661 0.227 1
-0.0403424 0.0330469 0.226723 1
-0.0368461 0.0333813 0.225535 1
-0.0344793 0.0343132 0.225 1
0.0161469 0.03313 0.2266 1
-0.0398512 0.0357964 0.227 1
-0.0369198 0.0368234 0.226294 1
-0.034124 0.0370241 0.225 1
0.0159076 0.0369208 0.226 1
-0.0368391 0.0402187 0.226174 1
-0.0333334 0.040247 0.225085 1
-0.0313039 0.0406682 0.225 1
0.0153187 0.0404562 0.226 1
-0.036507 0.043405 0.226774 1
-0.0334558 0.0437532 0.225444 1
-0.0310108 0.0447745 0.225 1
0.0148574 0.0433439 0.2257 1
-0.0352786 0.046948 0.227 1
-0.0331762 0.0472534 0.226095 1
-0.0299531 0.0474021 0.225044 1
-0.0276401 0.0489786 0.225 1
0.0144338 0.0472953 0.225333 1
-0.0327338 0.0504375 0.226929 1
-0.0298291 0.0506997 0.22575 1
-0.0270389 0.0513476 0.225 1
0.0134145 0.0514997 0.225333 1
-0.0315822 0.0531129 0.227 1
-0.0294824 0.0542241 0.226535 1
-0.0262621 0.0542776 0.225632 1
-0.024074 0.054747 0.225 1
0.0134627 0.0541416 0.226143 1
-0.0287483 0.0571817 0.227 1
-0.0261512 0.05772 0.226447 1
-0.0228982 0.0580981 0.225 1
-0.0205567 0.0592443 0.225 1
0.0129347 0.0577251 0.226714 1
-0.0281322 0.0600176 0.227 1
-0.0259714 0.0609539 0.226535 1
-0.0225736 0.0612267 0.225612 1
-0.0202902 0.0616441 0.225 1
0.0120097 0.0613585 0.2265 1
-0.0249287 0.0634699 0.227 1
-0.0226427 0.0648158 0.226404 1
-0.0191548 0.0647208 0.225128 1
0.011517 0.0648088 0.2265 1
-0.0248055 0.0681552 0.227 1
-0.0226699 0.068237 0.226571 1
-0.0190762 0.0682954 0.225127 1
-0.016893 0.068288 0.225 1
0.0115232 0.0682868 0.226625 1
-0.0222713 0.0714506 0.226867 1
-0.0191571 0.0718836 0.225762 1
-0.0165097 0.0721334 0.2251 1
0.0102647 0.0725196 0.226 1
0.0113329 0.0716345 0.2265 1
-0.021528 0.0744187 0.227 1
-0.0192414 0.075158 0.226762 1
-0.0158276 0.0753569 0.225419 1
-0.0137176 0.0763539 0.225 1
0.0102875 0.0751384 0.2265 1
0.0107792 0.0751384 0.2265 1
-0.0188961 0.0783753 0.22675 1
-0.0157674 0.0785557 0.225435 1
-0.0132596 0.0787065 0.225 1
0.0102647 0.0781663 0.226 1
0.0112597 0.0782577 0.226267 1
-0.0217252 0.0835674 0.227 1
-0.0207395 0.0839373 0.227 1
-0.0152789 0.0837154 0.2264 1
-0.0125564 0.0834959 0.225429 1
-0.0220019 0.0860042 0.226412 1
-0.019289 0.0863853 0.226545 1
-0.0157573 0.0858143 0.226077 1
-0.0123005 0.0849108 0.225267 1
-0.00956531 0.0846643 0.225 1
-0.0288715 0.0891158 0.227 1
-0.0264297 0.0892503 0.227 1
-0.0226028 0.0888386 0.226429 1
-0.0190912 0.0883306 0.225 1
-0.0159159 0.0883307 0.225 1
-0.074264 -0.0607775 0.23 1
-0.0719488 -0.0608684 0.23 1
-0.0684031 -0.0608234 0.229829 1
-0.0648793 -0.0604574 0.228714 1
-0.0629077 -0.0600914 0.228 1
-0.0746377 -0.057774 0.23 1
-0.0718125 -0.0577641 0.229362 1
-0.0683328 -0.0579068 0.22905 1
-0.0649439 -0.0579157 0.228091 1
-0.0629077 -0.0591007 0.228 1
-0.0745591 -0.0546447 0.23 1
-0.0718112 -0.0540788 0.228762 1
-0.0684162 -0.0544053 0.228 1
-0.0662491 -0.0555093 0.228 1
0.0265985 -0.0532173 0.229333 1
-0.0741959 -0.0518736 0.23 1
-0.0718383 -0.0507415 0.229542 1
-0.0683108 -0.0510117 0.228333 1
-0.0661254 -0.0506795 0.228 1
0.0266427 -0.0508125 0.229714 1
-0.0741959 -0.0466266 0.23 1
-0.0718166 -0.047288 0.229571 1
-0.0683296 -0.0475685 0.228195 1
0.0269757 -0.0471724 0.229455 1
-0.0744456 -0.044378 0.23 1
-0.0717653 -0.0437655 0.229408 1
-0.0683807 -0.0435228 0.228135 1
-0.0661254 -0.0420106 0.228 1
0.025769 -0.0439313 0.228588 1
-0.0716599 -0.0403842 0.229628 1
-0.0683054 -0.0401453 0.228667 1
-0.0656304 -0.0400292 0.228 1
0.0255973 -0.0402533 0.229286 1
-0.0741959 -0.035633 0.23 1
-0.0718607 -0.036836 0.229714 1
-0.0683341 -0.0366833 0.228762 1
-0.0658284 -0.0364625 0.228 1
0.0242314 -0.0365836 0.228143 1
0.0247267 -0.0365836 0.228143 1
-0.0716713 -0.0344116 0.23 1
-0.0683729 -0.03326 0.229511 1
-0.0651116 -0.0330407 0.228152 1
0.0243527 -0.0332792 0.229286 1
0.0248506 -0.0332792 0.229286 1
-0.0685596 -0.0298758 0.229651 1
-0.0651491 -0.029503 0.228026 1
0.0244286 -0.0311357 0.23 1
0.024928 -0.0297865 0.23 1
-0.0683515 -0.0263482 0.229653 1
-0.064797 -0.0262212 0.228548 1
-0.0624127 -0.0256636 0.228 1
0.0238548 -0.0257546 0.2288 1
0.025123 -0.0275782 0.2295 1
-0.0681182 -0.0230135 0.229949 1
-0.0648652 -0.0227696 0.228786 1
-0.0620662 -0.0225924 0.228 1
0.0236645 -0.023087 0.229143 1
-0.0677367 -0.0198705 0.23 1
-0.0648582 -0.0192876 0.228762 1
-0.0616702 -0.0192239 0.228 1
0.0241189 -0.0193425 0.229429 1
-0.0669551 -0.0166442 0.23 1
-0.0649314 -0.0158846 0.229341 1
-0.0616467 -0.0157941 0.228024 1
0.0234918 -0.0158168 0.228857 1
-0.0643872 -0.0123824 0.229743 1
-0.0613049 -0.0122716 0.228366 1
-0.0594426 -0.0120411 0.228 1
0.0227479 -0.0126744 0.229 1
-0.0644346 -0.00889496 0.229914 1
-0.0613231 -0.00879613 0.228841 1
-0.0591726 -0.00891134 0.228 1
0.0221402 -0.00888269 0.229571 1
-0.0638591 -0.00580045 0.23 1
-0.0613113 -0.00538727 0.229429 1
-0.0581166 -0.00508835 0.228 1
-0.0559774 -0.00386763 0.228 1
0.0221815 -0.00465112 0.23 1
-0.0634596 -0.00340185 0.23 1
-0.0611555 -0.0019342 0.229628 1
-0.0577956 -0.00188816 0.228333 1
-0.0555085 -0.00172975 0.228 1
0.0207965 -0.00213745 0.2285 1
0.0218531 -0.00148031 0.229167 1
-0.0609878 0.00142785 0.229778 1
-0.0577652 0.00158316 0.228214 1
-0.0558124 0.00191161 0.228 1
0.0207814 0.00257658 0.228333 1
0.022188 0.00132569 0.229105 1
-0.0605882 0.0044061 0.23 1
-0.0578628 0.00514156 0.229196 1
-0.0547655 0.00532222 0.228 1
0.0203571 0.00532981 0.228692 1
0.0214138 0.00459037 0.2298 1
-0.0574551 0.00848972 0.229333 1
-0.0539587 0.00863414 0.228077 1
-0.0509653 0.00938333 0.228 1
0.020067 0.0082915 0.228667 1
-0.0574108 0.0120779 0.229771 1
-0.054299 0.0121339 0.229 1
-0.0506066 0.0123654 0.228133 1
0.0190185 0.0112409 0.228 1
-0.0571735 0.0148522 0.23 1
-0.0542941 0.0155367 0.229245 1
-0.0507655 0.0159395 0.228077 1
0.0195574 0.0167255 0.2285 1
-0.0544522 0.0190785 0.229918 1
-0.0506766 0.0193117 0.22851 1
-0.0483046 0.0196621 0.228 1
0.0190304 0.0194276 0.228143 1
-0.0564685 0.0223331 0.23 1
-0.0543901 0.022601 0.22978 1
-0.0506924 0.0229008 0.22858 1
-0.0478921 0.0230884 0.228 1
0.0190463 0.0225831 0.228333 1
-0.0540326 0.0256809 0.229966 1
-0.0506953 0.026371 0.229022 1
-0.0476504 0.0265195 0.228125 1
0.0181866 0.0273302 0.23 1
-0.0529729 0.0285795 0.23 1
-0.0507667 0.0294973 0.229784 1
-0.047255 0.0298842 0.228512 1
-0.0450869 0.0308078 0.228 1
0.0170384 0.0301473 0.228 1
0.0181866 0.0298288 0.23 1
-0.0500675 0.0320775 0.23 1
-0.0472242 0.0330742 0.22922 1
-0.0440138 0.0337418 0.228065 1
0.0170384 0.0335818 0.228 1
0.0181866 0.0318276 0.23 1
-0.0466809 0.0362582 0.229864 1
-0.0436725 0.0368059 0.228521 1
-0.0406524 0.0373507 0.228 1
0.0170918 0.0368676 0.228714 1
-0.0459818 0.0400728 0.23 1
-0.0438372 0.0403639 0.229225 1
-0.0403842 0.0402197 0.228 1
0.0166612 0.0404974 0.229412 1
-0.0464549 0.043413 0.23 1
-0.0438214 0.0438349 0.229143 1
-0.0401979 0.0437507 0.228167 1
-0.0378596 0.0443313 0.228 1
0.0161429 0.0436936 0.229333 1
-0.0459818 0.0455696 0.23 1
-0.0436136 0.0470007 0.229742 1
-0.0402307 0.0472637 0.22883 1
-0.0370865 0.0472523 0.228081 1
0.0156897 0.0455696 0.23 1
-0.0427359 0.050067 0.23 1
-0.0404431 0.0506069 0.229409 1
-0.0367125 0.0506712 0.228652 1
-0.0340293 0.0516102 0.228154 1
0.014691 0.0513162 0.23 1
-0.0400651 0.0537316 0.23 1
-0.037032 0.0541566 0.229822 1
-0.0333875 0.0542889 0.228565 1
-0.0312263 0.0550806 0.228 1
0.0146454 0.0543946 0.229286 1
-0.0393364 0.0571013 0.23 1
-0.0369552 0.0575011 0.229755 1
-0.0333118 0.0577384 0.228714 1
-0.0300787 0.0579687 0.228094 1
0.0135931 0.0586345 0.228333 1
0.0148928 0.0573741 0.22925 1
-0.0362997 0.0602833 0.23 1
-0.0334065 0.0612465 0.229605 1
-0.0298996 0.0612118 0.228457 1
-0.0272661 0.0625111 0.228 1
0.0132427 0.0614674 0.2291 1
0.014691 0.0598113 0.23 1
-0.0332957 0.0644562 0.229884 1
-0.0297868 0.0646751 0.22883 1
-0.0264049 0.0649268 0.228087 1
0.0131036 0.064452 0.229077 1
-0.0324633 0.0669857 0.23 1
-0.0295802 0.0680712 0.229625 1
-0.0265919 0.068324 0.22841 1
0.0126857 0.0685127 0.229857 1
-0.0288786 0.0717627 0.23 1
-0.0262092 0.0717633 0.228878 1
-0.023801 0.0724184 0.228 1
0.0123834 0.0717018 0.228875 1
-0.0293931 0.0751134 0.23 1
-0.0262614 0.0751655 0.22907 1
-0.0230703 0.0754825 0.228111 1
-0.0208308 0.0768766 0.228 1
0.0119164 0.0751765 0.229 1
-0.0290034 0.0778009 0.23 1
-0.0261395 0.0779438 0.229476 1
-0.0227991 0.0783251 0.228429 1
-0.0208308 0.0786104 0.228 1
0.0122899 0.0777605 0.228667 1
-0.0341219 0.0830478 0.23 1
-0.0253899 0.083249 0.229571 1
-0.0232924 0.0831632 0.228368 1
-0.0193458 0.0835641 0.228 1
-0.0171182 0.083564 0.228 1
-0.0359945 0.0867957 0.23 1
-0.0330383 0.0862259 0.229889 1
-0.0295376 0.0864112 0.229432 1
-0.0260955 0.0859881 0.229703 1
-0.0238365 0.0857528 0.228333 1
-0.0190983 0.0848024 0.228 1
-0.0171182 0.0845547 0.228 1
-0.0398396 0.0902436 0.23 1
-0.0367813 0.089123 0.229269 1
-0.0333527 0.0888636 0.228818 1
-0.0301704 0.0885644 0.228226 1
-0.0261556 0.0881871 0.228586 1
-0.0243173 0.0883466 0.2282 1
-0.0402391 0.0910431 0.23 1
-0.0820345 -0.0608102 0.23387 1
-0.0789212 -0.0606465 0.232556 1
-0.0759395 -0.0608821 0.231 1
-0.082074 -0.0576701 0.233228 1
-0.0788646 -0.0577178 0.23205 1
-0.0764745 -0.0577202 0.231 1
-0.0821351 -0.0541617 0.2334 1
-0.0789614 -0.0542442 0.232311 1
-0.0761306 -0.0538199 0.231 1
0.0273923 -0.0542465 0.232556 1
0.0287952 -0.0535627 0.233 1
-0.0822153 -0.0506609 0.233629 1
-0.0790424 -0.0506689 0.2325 1
-0.0756271 -0.0504614 0.231 1
0.0277229 -0.0506711 0.2325 1
0.028679 -0.0511778 0.233083 1
-0.0823135 -0.0471925 0.233824 1
-0.0788674 -0.0471996 0.232154 1
-0.0758559 -0.047348 0.231 1
0.0275838 -0.0468159 0.231333 1
0.0280861 -0.0468159 0.231333 1
-0.0822866 -0.0437849 0.233788 1
-0.0788811 -0.0437594 0.232024 1
-0.0758559 -0.0432995 0.231 1
0.0269664 -0.0432775 0.231571 1
0.0282884 -0.0426788 0.233 1
-0.0821761 -0.0401616 0.233632 1
-0.0789032 -0.0403718 0.232837 1
-0.0753593 -0.0401632 0.231632 1
-0.0732647 -0.040054 0.231 1
0.0270559 -0.0401038 0.232043 1
0.028219 -0.0403011 0.232429 1
-0.0821925 -0.0368459 0.234 1
-0.0788155 -0.0368314 0.232766 1
-0.0754846 -0.0366948 0.231355 1
0.0264765 -0.0367882 0.232241 1
0.0282884 -0.0383759 0.233 1
-0.0812272 -0.0343209 0.234 1
-0.07861 -0.0333617 0.2329 1
-0.0751389 -0.0330288 0.231268 1
-0.0721362 -0.0326512 0.231 1
0.0266624 -0.0335249 0.233067 1
0.0284098 -0.0342192 0.234 1
-0.0781893 -0.0302468 0.233917 1
-0.0750617 -0.0297537 0.232432 1
-0.0719121 -0.0295759 0.231486 1
0.0258312 -0.0302229 0.23325 1
-0.0775185 -0.026339 0.234 1
-0.0751497 -0.0262205 0.232952 1
-0.0720047 -0.0261642 0.231636 1
0.0240333 -0.0249975 0.231 1
0.0253977 -0.0258653 0.232538 1
-0.0775185 -0.0227802 0.234 1
-0.0752805 -0.0227172 0.233357 1
-0.0717834 -0.0227293 0.231675 1
-0.0697539 -0.0224881 0.231 1
0.0240333 -0.0233246 0.231 1
0.0253218 -0.0227836 0.232529 1
-0.0778879 -0.019129 0.234 1
-0.0753266 -0.0191803 0.2335 1
-0.0717979 -0.0192279 0.232 1
-0.0690676 -0.0188957 0.231 1
0.0254279 -0.0190812 0.232286 1
-0.0775184 -0.016171 0.234 1
-0.0753876 -0.0156413 0.23369 1
-0.0716989 -0.0155647 0.232388 1
-0.0684116 -0.0159046 0.231 1
-0.0662432 -0.014458 0.231 1
0.0241373 -0.0150216 0.232 1
0.0250742 -0.0158714 0.232889 1
-0.0749114 -0.0123312 0.234 1
-0.0715805 -0.0120438 0.232857 1
-0.0680695 -0.0124625 0.231238 1
-0.0662432 -0.0124505 0.231 1
0.0234559 -0.011889 0.232154 1
0.0248535 -0.013629 0.234 1
-0.0747391 -0.00836558 0.234 1
-0.0718898 -0.00860999 0.2337 1
-0.0681758 -0.00896027 0.231595 1
-0.0662432 -0.00893734 0.231 1
0.0236058 -0.00876574 0.233143 1
0.0248535 -0.00879921 0.234 1
-0.0747935 -0.00577192 0.234 1
-0.0717807 -0.0053263 0.233684 1
-0.0682885 -0.00541441 0.232116 1
-0.065433 -0.00525044 0.231 1
0.0225672 -0.00396941 0.234 1
-0.0712949 -0.00197818 0.234 1
-0.0680568 -0.00196048 0.232767 1
-0.064623 -0.00183787 0.2313 1
0.0228562 -0.00202713 0.2328 1
-0.0712949 0.00142325 0.234 1
-0.0681718 0.00166703 0.23266 1
-0.0645956 0.00160513 0.231381 1
-0.0624817 0.00260594 0.231 1
0.0230459 0.00194515 0.232 1
-0.070628 0.00495936 0.234 1
-0.0681916 0.00513068 0.233232 1
-0.0647817 0.00513978 0.232048 1
-0.0618644 0.00554002 0.231 1
0.0221729 0.00542268 0.232222 1
-0.0701518 0.00746958 0.234 1
-0.0680646 0.00864439 0.234 1
-0.0646183 0.00869884 0.232596 1
-0.0610346 0.00863683 0.231214 1
-0.0592217 0.00963229 0.231 1
0.0202718 0.0101342 0.231 1
0.021621 0.00816073 0.232 1
-0.0680043 0.0122788 0.2336 1
-0.0646871 0.0122267 0.232612 1
-0.0611106 0.012168 0.2315 1
-0.0592217 0.0121417 0.231 1
0.0203771 0.0117024 0.2322 1
-0.0674422 0.0157076 0.234 1
-0.0646026 0.0157605 0.23307 1
-0.0611605 0.0157023 0.23169 1
-0.058339 0.0161567 0.231 1
0.0203946 0.0154451 0.2324 1
-0.0667648 0.0184849 0.234 1
-0.0645582 0.0192901 0.23341 1
-0.0612607 0.019257 0.232071 1
-0.0579983 0.0191778 0.231119 1
0.0203846 0.0192763 0.232286 1
0.0215512 0.0186544 0.234 1
-0.0642416 0.0225749 0.23364 1
-0.0613112 0.0228056 0.232262 1
-0.0582003 0.022747 0.231395 1
0.0194356 0.0226245 0.233 1
-0.0636719 0.0259174 0.233875 1
-0.0612089 0.0262899 0.232833 1
-0.0578673 0.0262626 0.231596 1
-0.0550936 0.0270823 0.231 1
0.0195189 0.0263651 0.234 1
-0.0611097 0.0295709 0.233647 1
-0.0577653 0.0298126 0.2324 1
-0.0544424 0.0298815 0.231256 1
-0.0519494 0.0309622 0.231 1
0.0193426 0.0295986 0.233222 1
-0.0602448 0.0323811 0.234 1
-0.0580065 0.0332946 0.233488 1
-0.0542784 0.0331955 0.232071 1
-0.0510876 0.0336494 0.231121 1
-0.0486894 0.0344754 0.231 1
0.0186237 0.0333393 0.231857 1
-0.057501 0.0365904 0.233811 1
-0.0543075 0.0367193 0.2325 1
-0.0507956 0.0368061 0.231449 1
-0.0481087 0.0371565 0.231 1
0.0187703 0.0364884 0.23188 1
-0.0572429 0.0400156 0.233793 1
-0.0543562 0.0401848 0.2326 1
-0.0508933 0.0404034 0.231898 1
-0.0476984 0.0402568 0.231057 1
0.0170118 0.0417527 0.231 1
0.0181708 0.0403424 0.233 1
-0.0566884 0.0428033 0.234 1
-0.0543004 0.0437374 0.233302 1
-0.0507125 0.0437455 0.23205 1
-0.0481247 0.0439328 0.231217 1
0.016893 0.0436385 0.231667 1
0.0179563 0.0429666 0.2335 1
-0.0536964 0.0472376 0.2338 1
-0.050825 0.0472901 0.232905 1
-0.0472256 0.0473484 0.231535 1
-0.0445935 0.0486117 0.231 1
0.0162799 0.047265 0.2327 1
-0.0531321 0.0506835 0.234 1
-0.0507273 0.0508189 0.233449 1
-0.0472554 0.0507958 0.232405 1
-0.0442053 0.0508684 0.231067 1
0.0157211 0.051412 0.2334 1
-0.0503985 0.0540653 0.233967 1
-0.0472 0.0542151 0.233 1
-0.0438106 0.0541432 0.231585 1
-0.0412576 0.0550754 0.231 1
0.0157349 0.0540198 0.2325 1
-0.0498298 0.0560217 0.234 1
-0.0468823 0.0573968 0.233576 1
-0.0436893 0.0576575 0.232244 1
-0.0408095 0.0580013 0.231107 1
0.0158944 0.0579085 0.233 1
-0.0461888 0.0604278 0.234 1
-0.0436494 0.0613164 0.233146 1
-0.0401847 0.0611208 0.23155 1
-0.0372376 0.0619116 0.231 1
0.0153662 0.0613764 0.232625 1
-0.0435268 0.0645892 0.233683 1
-0.0401688 0.0647494 0.232476 1
-0.036774 0.0648476 0.231293 1
-0.0346464 0.065843 0.231 1
0.0135011 0.0663449 0.231 1
0.0152811 0.0645283 0.23263 1
-0.0430473 0.0676895 0.234 1
-0.0403045 0.0683681 0.233459 1
-0.0369032 0.0682887 0.232152 1
-0.033314 0.0686134 0.231033 1
-0.0308849 0.0696072 0.231 1
0.0135178 0.0684373 0.231286 1
0.0144971 0.0681107 0.232467 1
-0.042209 0.0702569 0.234 1
-0.0402207 0.0717293 0.233829 1
-0.0367878 0.0716203 0.232267 1
-0.0332571 0.0717529 0.231796 1
-0.0305201 0.0717743 0.231 1
0.0135478 0.0716113 0.2318 1
0.0140511 0.0716113 0.2318 1
-0.0394147 0.0745783 0.234 1
-0.0367602 0.0752164 0.2331 1
-0.033211 0.0751721 0.231469 1
-0.0308848 0.0750442 0.231 1
0.0131544 0.0753447 0.231933 1
0.0141238 0.0750189 0.233 1
-0.0365626 0.0775044 0.233625 1
-0.0329393 0.0775013 0.231461 1
-0.0308848 0.0776372 0.231 1
0.0132446 0.0781683 0.232333 1
0.014148 0.0781916 0.2334 1
-0.0389067 0.0837295 0.234 1
-0.0365718 0.0825154 0.232667 1
-0.0328763 0.0824789 0.231 1
-0.0298597 0.0831213 0.2316 1
-0.0271234 0.0831579 0.231 1
-0.0430438 0.0865108 0.233875 1
-0.0401644 0.0859168 0.232915 1
-0.0369743 0.0855486 0.231531 1
-0.0332001 0.0858715 0.231 1
-0.0296641 0.0848588 0.231087 1
-0.0271234 0.0849145 0.231 1
-0.0537037 0.0899574 0.234 1
-0.0506974 0.0898923 0.23375 1
-0.0470473 0.0896914 0.23313 1
-0.0437053 0.0892275 0.232354 1
-0.0405016 0.088944 0.2315 1
-0.0381571 0.0881767 0.231 1
-0.0533861 0.0916097 0.234 1
-0.0508985 0.0914983 0.233412 1
-0.0471372 0.0913308 0.232 1
-0.0431725 0.091439 0.231 1
0.0266898 -0.0570805 0.2354 1
0.0286214 -0.0566282 0.23575 1
0.0300461 -0.0544151 0.235875 1
0.0295459 -0.0511352 0.237 1
0.0289765 -0.0473321 0.235167 1
0.0289043 -0.0437338 0.2368 1
0.0285168 -0.0385198 0.237 1
-0.0834622 -0.0353866 0.235 1
0.0284686 -0.0369139 0.2366 1
-0.0840735 -0.0322043 0.236 1
-0.0824295 -0.0329555 0.235167 1
0.0272557 -0.0318125 0.235 1
-0.0843789 -0.0297473 0.236857 1
-0.082431 -0.0296932 0.236429 1
-0.079626 -0.0292013 0.235222 1
0.0268614 -0.0304119 0.236 1
-0.0844298 -0.0261618 0.237 1
-0.082514 -0.026125 0.236667 1
-0.079429 -0.0262113 0.235143 1
0.0267833 -0.0259753 0.236083 1
-0.0844298 -0.0225573 0.237 1
-0.0823983 -0.0227516 0.236333 1
-0.0793411 -0.0227597 0.235 1
0.0268593 -0.0234876 0.236 1
-0.0844245 -0.0189235 0.236625 1
-0.082099 -0.0193429 0.235476 1
-0.0795845 -0.0194057 0.235 1
0.0268593 -0.0191293 0.236 1
-0.0846871 -0.0168932 0.237 1
-0.0823019 -0.0159553 0.236368 1
-0.0792316 -0.0155777 0.235125 1
0.0259439 -0.0153485 0.237 1
-0.0820285 -0.0123877 0.237 1
-0.0788529 -0.0121272 0.235511 1
-0.0763191 -0.0111344 0.235 1
0.0244495 -0.0129214 0.235 1
0.0254018 -0.0127816 0.236333 1
-0.0820285 -0.00871177 0.237 1
-0.0787802 -0.00863474 0.235583 1
-0.0763191 -0.00934737 0.235 1
0.0236841 -0.00704981 0.235 1
0.0248097 -0.0085155 0.236 1
-0.0811841 -0.00552544 0.237 1
-0.0787463 -0.00514521 0.235974 1
-0.0755902 -0.00442401 0.235 1
0.0237513 -0.00527774 0.235667 1
0.0248097 -0.00656706 0.236 1
-0.0808278 -0.00170317 0.237 1
-0.0787813 -0.00183697 0.236436 1
-0.0751562 -0.00191325 0.23525 1
-0.0730027 -0.0016888 0.235 1
0.0237244 -0.00245753 0.2354 1
-0.0784278 0.00128545 0.236913 1
-0.0752408 0.00163443 0.235612 1
-0.0728326 0.0019703 0.235 1
0.0238521 0.00266914 0.236667 1
-0.077503 0.00536704 0.237 1
-0.0752015 0.00519486 0.236163 1
-0.072338 0.00541222 0.23516 1
0.0236985 0.00520615 0.235143 1
0.0248798 0.00549937 0.236667 1
-0.0772259 0.0078228 0.237 1
-0.0752153 0.00876283 0.236763 1
-0.0719067 0.0088564 0.235375 1
-0.0697955 0.00921556 0.235 1
0.0229492 0.0088186 0.236167 1
-0.0772259 0.0121996 0.237 1
-0.0752186 0.0121936 0.236889 1
-0.0717712 0.0124025 0.235462 1
-0.0699413 0.0123519 0.235 1
0.0206228 0.0136284 0.235 1
0.0220984 0.0119039 0.236222 1
-0.0745673 0.0152719 0.237 1
-0.0716558 0.015776 0.23571 1
-0.0693582 0.0161934 0.235 1
0.0219964 0.0159809 0.2366 1
-0.0738812 0.019151 0.237 1
-0.0717533 0.019101 0.235824 1
-0.0686374 0.0193581 0.235 1
-0.0663698 0.0202658 0.235 1
0.0223796 0.0191457 0.2363 1
-0.0738812 0.0214682 0.237 1
-0.0715823 0.0226718 0.236512 1
-0.0682763 0.0226295 0.235667 1
-0.0659871 0.0229463 0.235 1
0.0206228 0.0228186 0.235 1
0.021788 0.0227136 0.236571 1
-0.0707081 0.0256733 0.237 1
-0.0681604 0.0263363 0.236786 1
-0.0652841 0.0264371 0.235182 1
0.0204546 0.026381 0.235667 1
0.0217906 0.0260086 0.2366 1
-0.070022 0.0289344 0.237 1
-0.0680784 0.0296255 0.236909 1
-0.0647423 0.0297607 0.235683 1
-0.0625431 0.0309878 0.235 1
0.0206889 0.028526 0.23575 1
-0.0677351 0.0328249 0.237 1
-0.0648116 0.0333125 0.236073 1
-0.0617395 0.0334291 0.23503 1
0.0197067 0.0341121 0.235222 1
0.0210556 0.0345985 0.237 1
-0.0669346 0.0364007 0.237 1
-0.0648072 0.0367039 0.236614 1
-0.0610412 0.0368119 0.235211 1
-0.0592267 0.0371147 0.235 1
0.0204551 0.0360737 0.236 1
0.0210556 0.0351134 0.237 1
-0.0643691 0.040076 0.236971 1
-0.0612929 0.0401854 0.235846 1
-0.058844 0.0408163 0.235 1
0.0191919 0.0404869 0.2356 1
-0.0638473 0.0427085 0.237 1
-0.0614648 0.0438191 0.236738 1
-0.0582361 0.0439616 0.235438 1
0.0184389 0.0438967 0.235333 1
-0.0612014 0.0470387 0.236857 1
-0.0578088 0.0471564 0.235583 1
-0.0554001 0.0475814 0.235 1
0.0170513 0.0483473 0.235 1
0.0181596 0.0472994 0.236143 1
-0.0606663 0.049929 0.237 1
-0.0576686 0.050731 0.236297 1
-0.0549653 0.0507967 0.235154 1
0.0168506 0.0508078 0.23575 1
0.0182255 0.0503035 0.237 1
-0.0572837 0.0539999 0.23681 1
-0.0542991 0.054382 0.235468 1
-0.0518649 0.0550212 0.235 1
0.0171057 0.054132 0.23575 1
0.0181486 0.0557314 0.236 1
-0.0563493 0.0571813 0.237 1
-0.0540743 0.0579402 0.236639 1
-0.0506437 0.0577255 0.235417 1
-0.0482569 0.058814 0.235 1
0.0171238 0.0567569 0.236 1
-0.0532987 0.0613742 0.237 1
-0.0505949 0.0612142 0.236381 1
-0.0475721 0.0616056 0.235214 1
-0.0530717 0.0644637 0.237 1
-0.0505945 0.064715 0.236632 1
-0.0473687 0.0648641 0.23565 1
-0.0451956 0.065962 0.235 1
0.0169052 0.0652632 0.2358 1
-0.0506048 0.0679772 0.237 1
-0.047461 0.0682413 0.236111 1
-0.0445462 0.0686541 0.235 1
0.0164927 0.0680449 0.236273 1
-0.0502114 0.0701278 0.237 1
-0.0471197 0.0715205 0.236632 1
-0.0437654 0.0717147 0.235359 1
-0.0418792 0.0720889 0.235 1
0.0150871 0.0714328 0.2362 1
-0.046707 0.0750639 0.237 1
-0.0437964 0.0753088 0.23625 1
-0.0406813 0.0755963 0.235 1
0.0150743 0.0759848 0.236 1
-0.0484104 0.0804261 0.237 1
-0.042826 0.0772667 0.236 1
-0.0396853 0.0775009 0.235 1
-0.0381376 0.0780455 0.235 1
0.0132246 0.080258 0.235 1
0.0152752 0.0780265 0.235667 1
-0.0528356 0.0832067 0.237 1
-0.0507259 0.0830007 0.237 1
-0.0476583 0.0826442 0.237 1
-0.0427471 0.0828678 0.236625 1
-0.040345 0.0824719 0.235216 1
0.0132246 0.0807686 0.235 1
0.0142451 0.0807686 0.235 1
-0.0633327 0.0871201 0.237 1
-0.0623036 0.0871201 0.237 1
-0.0530986 0.0860903 0.237 1
-0.0504948 0.085582 0.236568 1
-0.0472514 0.0856352 0.235967 1
-0.0441303 0.0853683 0.235763 1
-0.0410288 0.0844277 0.235 1
-0.0671919 0.0904671 0.237 1
-0.064352 0.0897069 0.236794 1
-0.0612476 0.08933 0.23618 1
-0.0578393 0.0897235 0.23592 1
-0.0543392 0.0887069 0.235821 1
-0.0507849 0.088293 0.2356 1
-0.0476192 0.0882995 0.235 1
-0.0671919 0.0922693 0.237 1
-0.0648203 0.092146 0.236438 1
-0.061272 0.0920784 0.235571 1
-0.057696 0.0920012 0.235 1
-0.0551449 0.0920012 0.235 1
0.0305745 -0.0503201 0.239667 1
0.0304325 -0.0474843 0.240389 1
0.0299822 -0.0445762 0.2405 1
0.0288778 -0.0330109 0.24 1
0.0276733 -0.0294474 0.2386 1
0.0277676 -0.0268633 0.238667 1
0.028838 -0.0248756 0.24075 1
0.0272007 -0.0219666 0.239 1
0.0284354 -0.0239514 0.240667 1
0.0271324 -0.0189588 0.2384 1
0.0284748 -0.017702 0.241 1
-0.0848893 -0.0150513 0.238 1
-0.0837525 -0.0146376 0.238 1
0.0272955 -0.0157934 0.239833 1
0.0284748 -0.0157122 0.241 1
-0.084786 -0.0123107 0.238 1
-0.0834707 -0.0120286 0.238 1
0.0264889 -0.0120992 0.239364 1
-0.084786 -0.00869107 0.238 1
-0.0835803 -0.00834635 0.238 1
0.0261785 -0.00873529 0.239143 1
-0.0849051 -0.00496283 0.2388 1
-0.0827397 -0.00494735 0.238 1
0.0257273 -0.00497945 0.239385 1
-0.0849423 -0.00171802 0.239167 1
-0.0825769 -0.00171203 0.238333 1
0.025605 -0.00192956 0.2396 1
-0.0852635 0.00166556 0.240071 1
-0.0822901 0.00165963 0.239 1
-0.0797048 0.00234018 0.238 1
0.0253354 0.00177626 0.241 1
-0.0855175 0.00533297 0.240786 1
-0.0825192 0.00530726 0.239667 1
-0.0794562 0.00527762 0.238286 1
0.0253353 0.00376596 0.241 1
-0.0853121 0.00869176 0.241 1
-0.0822805 0.0087649 0.239727 1
-0.0788747 0.00904646 0.238326 1
0.0237632 0.00950918 0.238714 1
0.0256012 0.00905551 0.239909 1
-0.0844594 0.0117946 0.241 1
-0.0825766 0.0122118 0.240455 1
-0.0789267 0.0122108 0.238333 1
0.0236581 0.0127928 0.239143 1
0.025125 0.0110044 0.239 1
-0.084285 0.0155471 0.241 1
-0.0824038 0.0158209 0.240541 1
-0.0786794 0.0155841 0.238587 1
-0.0760877 0.0163016 0.238 1
0.0235591 0.0154701 0.239778 1
0.0245505 0.017118 0.241 1
-0.0819971 0.0191607 0.24069 1
-0.0788059 0.0193503 0.239452 1
-0.0758347 0.0192558 0.238286 1
0.023939 0.0193151 0.239 1
-0.0814072 0.0226159 0.241 1
-0.0785192 0.0227991 0.240167 1
-0.0751484 0.022908 0.238393 1
-0.0731595 0.0244027 0.238 1
0.0229944 0.0228907 0.238429 1
-0.0808839 0.0257575 0.241 1
-0.0786985 0.0262508 0.240714 1
-0.0754746 0.0262078 0.239454 1
-0.0722737 0.026508 0.238 1
0.022705 0.0263212 0.239 1
-0.0782676 0.0286373 0.241 1
-0.0753595 0.0296866 0.240237 1
-0.0718495 0.0296984 0.238342 1
-0.0698007 0.0306078 0.238 1
0.0206277 0.0303493 0.238 1
0.0220064 0.0299402 0.239556 1
-0.0777444 0.0328262 0.241 1
-0.0754915 0.0331289 0.240463 1
-0.0717189 0.033209 0.238575 1
-0.0693873 0.0336069 0.238 1
0.0206277 0.0329347 0.238 1
0.0217823 0.0332124 0.239316 1
-0.0748574 0.0366155 0.240649 1
-0.0714249 0.0367254 0.239111 1
-0.0683613 0.0368128 0.238 1
0.0207144 0.0374889 0.239 1
0.0217522 0.0354097 0.239 1
-0.0745772 0.0403103 0.240815 1
-0.0716063 0.0402031 0.239714 1
-0.0680888 0.040316 0.238333 1
-0.0659253 0.0412081 0.238 1
0.0205038 0.0401749 0.239571 1
-0.074134 0.0434031 0.241 1
-0.0717307 0.0438416 0.240333 1
-0.0681534 0.0437657 0.238368 1
-0.0651132 0.0440521 0.238 1
0.0200814 0.0440548 0.239667 1
-0.0716091 0.0471996 0.2406 1
-0.068184 0.0472464 0.23885 1
-0.0647586 0.0472398 0.238087 1
-0.0625665 0.0479303 0.238 1
0.0199113 0.0472633 0.239154 1
-0.0709398 0.0502305 0.240923 1
-0.0684079 0.0508636 0.240111 1
-0.0647743 0.0506342 0.2388 1
-0.0616146 0.0514275 0.238 1
-0.059466 0.0523256 0.238 1
0.0194839 0.0508967 0.2398 1
-0.0678037 0.0541338 0.240536 1
-0.0647478 0.054318 0.239682 1
-0.0613075 0.0542808 0.238816 1
-0.0588115 0.0545663 0.238 1
0.018952 0.0542548 0.239154 1
-0.0674663 0.0573236 0.241 1
-0.0647468 0.0577995 0.240333 1
-0.0610943 0.0577011 0.239526 1
-0.0580593 0.0579713 0.238357 1
-0.0558489 0.0590477 0.238 1
0.0170106 0.0585306 0.238 1
0.0185392 0.0578487 0.239467 1
-0.0644475 0.0610563 0.240882 1
-0.0612959 0.0611616 0.2399 1
-0.0578542 0.0613249 0.23881 1
-0.0553594 0.0612794 0.238 1
0.0168704 0.061504 0.23875 1
0.017834 0.0607851 0.2395 1
-0.0636167 0.0637191 0.241 1
-0.0613975 0.0646325 0.2405 1
-0.0577824 0.0648775 0.239526 1
-0.0548878 0.0647386 0.2382 1
0.0168951 0.0638899 0.24 1
0.0177482 0.0642427 0.241 1
-0.060834 0.0673367 0.241 1
-0.0577218 0.0682757 0.240622 1
-0.0542524 0.0682629 0.239105 1
-0.0519734 0.0693895 0.238 1
0.0171535 0.0699726 0.24 1
0.0184451 0.0681768 0.240533 1
-0.0569192 0.0717303 0.241 1
-0.0540775 0.0716922 0.2393 1
-0.0508628 0.0719568 0.238086 1
-0.0486146 0.0724921 0.238 1
0.0164181 0.0718082 0.239636 1
0.0176746 0.0704941 0.24 1
-0.0571114 0.075054 0.240957 1
-0.054204 0.0748081 0.239778 1
-0.0507264 0.0749783 0.238372 1
-0.0483328 0.0755476 0.238 1
0.0159272 0.0751288 0.239308 1
-0.0538375 0.0801525 0.239 1
-0.0513459 0.0795836 0.238 1
-0.0480979 0.0771459 0.238 1
0.0166324 0.0780549 0.24 1
0.0176746 0.0780548 0.24 1
-0.059954 0.083878 0.241 1
-0.0570193 0.0825664 0.240565 1
-0.0542689 0.0821211 0.2386 1
-0.0508969 0.0816273 0.238 1
-0.0466439 0.0822317 0.2385 1
-0.0440593 0.0831097 0.2388 1
-0.0672795 0.0867578 0.241 1
-0.0645323 0.0860186 0.239625 1
-0.0612595 0.0859518 0.239724 1
-0.0578339 0.0858727 0.239679 1
-0.05436 0.0858604 0.2382 1
-0.0522318 0.086712 0.238 1
-0.0447391 0.0843851 0.238 1
-0.0823756 0.089626 0.240539 1
-0.0712595 0.0896846 0.240429 1
-0.0682312 0.089276 0.23939 1
-0.0656328 0.0886114 0.238143 1
-0.0607579 0.0880048 0.238 1
-0.0579299 0.0882622 0.2387 1
-0.0555905 0.0880048 0.238 1
-0.0813291 0.0926495 0.240833 1
-0.0789248 0.093559 0.240957 1
-0.0751402 0.0931575 0.240325 1
-0.0718651 0.0927783 0.239711 1
-0.0689288 0.0924262 0.2382 1
-0.0806223 0.0951356 0.241 1
-0.0788806 0.0951234 0.240909 1
-0.0766402 0.0950015 0.24 1
0.0312201 -0.0532656 0.242 1
0.0323852 -0.0542457 0.242857 1
0.0312201 -0.052214 0.242 1
0.0324614 -0.0506706 0.243429 1
0.0310853 -0.0466223 0.243 1
0.0324062 -0.0470837 0.244333 1
0.0309101 -0.0434837 0.243 1
0.0324907 -0.0439817 0.244158 1
0.0304404 -0.0407122 0.243375 1
0.0318731 -0.041683 0.245 1
0.0303473 -0.0369183 0.243429 1
0.030498 -0.0332702 0.2442 1
0.0318731 -0.0336986 0.245 1
0.0291871 -0.0299395 0.242571 1
0.0291986 -0.0266149 0.242667 1
0.0294873 -0.0226418 0.243455 1
0.0292613 -0.0194461 0.243167 1
0.0295328 -0.0156774 0.243 1
0.0276559 -0.0112495 0.243 1
0.0290953 -0.0126189 0.244 1
0.0275836 -0.00915788 0.243 1
0.0280729 -0.00785993 0.244333 1
0.0275836 -0.00508496 0.243 1
0.0280729 -0.00556199 0.244333 1
0.0271824 -0.00174803 0.243 1
0.0281495 -0.00176067 0.245 1
0.0267256 0.00164709 0.24364 1
0.0280838 0.00169469 0.244429 1
0.026868 0.00525277 0.243526 1
0.0281035 0.00488378 0.2446 1
-0.0864737 0.010091 0.242 1
0.0264913 0.00772495 0.242 1
-0.0858912 0.0121941 0.242 1
0.0241269 0.0119312 0.242 1
0.0252697 0.0124055 0.24225 1
-0.0855714 0.0160117 0.242 1
0.0241269 0.0150859 0.242 1
0.0255369 0.0154438 0.244167 1
-0.0852901 0.0193222 0.242367 1
-0.0833212 0.0206066 0.242 1
0.0261105 0.020241 0.245 1
-0.0856038 0.0228293 0.243257 1
-0.0831898 0.0229069 0.242 1
0.0243263 0.022544 0.244 1
0.0259782 0.0220391 0.244571 1
-0.0858644 0.0263439 0.244 1
-0.0827178 0.0263997 0.242429 1
0.0238815 0.0268332 0.2427 1
0.0247712 0.0262523 0.243167 1
-0.0857939 0.0297468 0.2444 1
-0.0824859 0.029654 0.242889 1
-0.079268 0.0301082 0.242 1
0.0235194 0.0298242 0.2425 1
0.0248561 0.0284637 0.244 1
-0.0856747 0.0329757 0.244781 1
-0.082376 0.03334 0.243176 1
-0.0792285 0.033253 0.242 1
0.0233297 0.0330449 0.243 1
-0.0847087 0.0370084 0.245 1
-0.0821806 0.0367926 0.243531 1
-0.0788274 0.0367795 0.242568 1
-0.0767535 0.0371687 0.242 1
0.0225597 0.0369025 0.243714 1
-0.0846201 0.0402909 0.245 1
-0.0819514 0.0403225 0.244077 1
-0.0787174 0.0402862 0.242833 1
-0.0763594 0.0403672 0.242 1
0.0219784 0.0405616 0.2444 1
-0.0844871 0.0426863 0.245 1
-0.0819423 0.0437814 0.244382 1
-0.0785508 0.0436715 0.242839 1
-0.0757999 0.0438772 0.242 1
0.0219124 0.0437768 0.243667 1
-0.0817851 0.0470473 0.244643 1
-0.0785129 0.0471649 0.243381 1
-0.0749253 0.0472968 0.242211 1
-0.0728128 0.0489987 0.242 1
0.0219574 0.0470504 0.244167 1
-0.0812955 0.0492069 0.245 1
-0.0789464 0.0508794 0.244722 1
-0.0752254 0.0507858 0.243 1
-0.0723476 0.0512499 0.2422 1
0.0207025 0.0514692 0.245 1
0.0217663 0.0507594 0.245 1
-0.078173 0.0542052 0.245 1
-0.0754115 0.0543871 0.244222 1
-0.0718954 0.0540893 0.242706 1
-0.0696895 0.0548992 0.242 1
0.0206602 0.0550816 0.2445 1
0.021191 0.0550816 0.2445 1
-0.077173 0.0567922 0.245 1
-0.0750502 0.057717 0.244687 1
-0.0718216 0.0577303 0.243343 1
-0.069136 0.0578485 0.242048 1
0.0199213 0.0580451 0.24275 1
0.0212344 0.0567922 0.245 1
-0.0742715 0.0608328 0.245 1
-0.071911 0.0613229 0.244162 1
-0.0682425 0.0612563 0.242487 1
-0.0659824 0.0624061 0.242 1
0.0192936 0.0615323 0.243364 1
-0.0716193 0.0645119 0.244615 1
-0.0683365 0.0648965 0.24355 1
-0.0649237 0.0648692 0.2421 1
0.0193113 0.0648166 0.243692 1
-0.0707603 0.0679409 0.245 1
-0.0681804 0.0682859 0.244222 1
-0.0646722 0.0683589 0.242571 1
-0.0617133 0.068847 0.242 1
0.0194608 0.0671224 0.243714 1
-0.0705239 0.0716966 0.245 1
-0.0681207 0.0716482 0.2442 1
-0.0647582 0.0718921 0.243526 1
-0.0613453 0.0717132 0.242357 1
-0.058951 0.0719166 0.242 1
0.0173679 0.0726951 0.243 1
0.0185 0.0722867 0.244 1
-0.0710558 0.0738257 0.245 1
-0.0682632 0.0744246 0.245 1
-0.0650054 0.0743094 0.24375 1
-0.0612752 0.0745246 0.242083 1
-0.0588892 0.0744991 0.242 1
0.0173271 0.0754211 0.242429 1
0.0184252 0.0753536 0.243824 1
-0.0708785 0.0798585 0.245 1
-0.0681133 0.0795553 0.243667 1
-0.0646723 0.0798225 0.243 1
-0.0617299 0.0799849 0.243 1
-0.0582222 0.0801851 0.2425 1
0.0173679 0.0779746 0.243 1
0.0183297 0.0777375 0.2435 1
-0.0779709 0.0836733 0.245 1
-0.0753113 0.0836733 0.245 1
-0.0715825 0.0825233 0.244433 1
-0.068279 0.0821989 0.243333 1
-0.0646712 0.0824125 0.242682 1
-0.0612456 0.082318 0.242745 1
-0.0584776 0.082047 0.242273 1
-0.0457538 0.0834374 0.242 1
-0.0452283 0.0834374 0.242 1
-0.0850888 0.0871405 0.244818 1
-0.0836806 0.08716 0.244333 1
-0.078619 0.0857874 0.244823 1
-0.0752245 0.085748 0.24375 1
-0.0718589 0.0860092 0.243982 1
-0.0683629 0.0856888 0.243793 1
-0.065242 0.084704 0.242 1
-0.061779 0.084226 0.242 1
-0.0457538 0.0844889 0.242 1
-0.0452283 0.0844889 0.242 1
-0.0842252 0.0880269 0.242333 1
-0.0819873 0.0887785 0.243614 1
-0.0789178 0.0894367 0.2444 1
-0.0752591 0.0892769 0.242905 1
-0.0718227 0.0884089 0.2423 1
-0.0692662 0.0880273 0.242857 1
-0.0808266 0.0913106 0.242667 1
-0.0787669 0.0920298 0.242649 1
-0.0755975 0.0916784 0.242143 1
0.0340102 -0.0538273 0.247 1
0.0341283 -0.0508646 0.247467 1
0.035494 -0.0494675 0.248 1
0.0342297 -0.0472736 0.247053 1
0.0354368 -0.0477734 0.2476 1
0.0334934 -0.0430613 0.246571 1
0.031469 -0.0399825 0.246 1
0.0328685 -0.0403204 0.247143 1
0.031469 -0.0367757 0.246 1
0.0325726 -0.0370789 0.247067 1
0.0323733 -0.0327118 0.2476 1
0.0307747 -0.029929 0.246857 1
0.0319941 -0.0311477 0.248 1
0.0304928 -0.0265739 0.247077 1
0.0307823 -0.0225741 0.246 1
0.0318651 -0.0232408 0.247 1
0.0311026 -0.0203152 0.247333 1
0.030126 -0.0121114 0.247 1
0.0317249 -0.0136362 0.248 1
0.0292231 -0.00876214 0.247333 1
0.0292231 -0.00491474 0.247333 1
0.027843 -0.00070175 0.247 1
0.0283793 -0.00070175 0.247 1
0.0293019 0.00145068 0.248 1
0.0279558 0.00656943 0.248 1
0.0284942 0.00656943 0.248 1
0.0279558 0.00710825 0.248 1
0.0284942 0.00710825 0.248 1
0.0267526 0.0129275 0.247667 1
0.0269336 0.0160652 0.247667 1
0.0268078 0.0187022 0.247333 1
0.0284942 0.0186928 0.248 1
0.0259511 0.0232046 0.246857 1
0.0260712 0.0262362 0.248 1
0.0253106 0.0295644 0.246571 1
-0.087636 0.0340417 0.246 1
-0.0871019 0.0340417 0.246 1
0.0248328 0.0325404 0.248 1
-0.087636 0.0367141 0.246 1
-0.0865678 0.0367141 0.246 1
0.0239646 0.0370343 0.247556 1
0.0246966 0.0366999 0.247714 1
-0.087636 0.0401881 0.246 1
-0.0865678 0.0401881 0.246 1
0.0232623 0.0402586 0.24687 1
0.0247251 0.0399761 0.248 1
-0.0877547 0.0437228 0.246333 1
-0.0860589 0.0439042 0.246071 1
-0.0838972 0.0447311 0.246 1
0.0232219 0.0437228 0.246333 1
-0.0885851 0.0471918 0.247316 1
-0.0859535 0.0472086 0.246725 1
-0.0837192 0.0474926 0.246 1
0.023379 0.0472501 0.248 1
-0.088483 0.0500115 0.248 1
-0.0856192 0.0507848 0.2475 1
-0.0823317 0.0509697 0.246 1
0.020787 0.052481 0.246 1
0.0225955 0.0504168 0.247067 1
-0.0852109 0.0539963 0.2478 1
-0.0822261 0.0543461 0.246421 1
-0.0797215 0.0549104 0.246 1
0.020787 0.0535499 0.246 1
0.0213211 0.0535499 0.246 1
-0.084611 0.0577253 0.248 1
-0.0821782 0.0577723 0.247097 1
-0.0789686 0.0579217 0.246206 1
-0.0769539 0.0586274 0.246 1
0.0208292 0.0587455 0.2465 1
0.0219596 0.0581874 0.247167 1
-0.0840409 0.0601817 0.248 1
-0.0819595 0.0609522 0.247652 1
-0.0789136 0.0612234 0.246829 1
-0.0759302 0.0613888 0.246 1
0.0208208 0.0611331 0.2464 1
0.0217764 0.0616681 0.247111 1
-0.0808102 0.0639534 0.248 1
-0.0786548 0.0644762 0.247759 1
-0.0751871 0.0647724 0.246457 1
-0.0729482 0.06611 0.246 1
0.0209278 0.0644041 0.247667 1
0.0214655 0.0644041 0.247667 1
-0.077118 0.0680715 0.248 1
-0.0751962 0.0683589 0.247188 1
-0.0725209 0.0684617 0.246 1
0.0200749 0.0688714 0.246 1
-0.0772718 0.0721511 0.248 1
-0.0752653 0.071788 0.247355 1
-0.0724141 0.0717219 0.246 1
0.0200941 0.0726488 0.247333 1
-0.0773103 0.0739215 0.248 1
-0.0753054 0.0738023 0.2476 1
0.0198544 0.0752319 0.246632 1
0.0213211 0.0759977 0.246 1
-0.0742993 0.0795252 0.247833 1
-0.0723881 0.0792654 0.246429 1
0.0194517 0.0770667 0.246 1
-0.0840409 0.0833508 0.248 1
-0.0819912 0.0832493 0.2475 1
-0.0787952 0.0828115 0.247294 1
-0.0752374 0.082508 0.247029 1
-0.0729482 0.0813424 0.246 1
-0.0855372 0.0856128 0.24718 1
-0.082156 0.0856803 0.246326 1
-0.0798915 0.0842821 0.246 1
-0.0756187 0.0842821 0.246 1
-0.0820279 0.0877561 0.246 1
0.0344233 -0.0563844 0.25 1
0.0356509 -0.0563372 0.251 1
0.0344233 -0.0558412 0.25 1
0.0356036 -0.0540825 0.250667 1
0.0355799 -0.0513279 0.2505 1
0.0356982 -0.0432139 0.251333 1
0.0343774 -0.0403087 0.249667 1
0.035793 -0.0409577 0.252 1
0.0341398 -0.0365484 0.2503 1
0.0357929 -0.036304 0.252 1
0.0339769 -0.0332295 0.2507 1
0.0307716 -0.0280274 0.249 1
0.0329068 -0.0295955 0.250833 1
0.0310419 -0.0274864 0.249 1
0.0325924 -0.02656 0.2508 1
0.0322951 -0.0231029 0.250333 1
0.0313122 -0.0191011 0.249 1
0.0318528 -0.0191011 0.249 1
0.0319631 -0.0149511 0.252 1
0.0306238 -0.0118451 0.25 1
0.0319631 -0.0127611 0.252 1
0.0306238 -0.0088577 0.25 1
0.0319631 -0.00838105 0.252 1
0.0302529 -0.00542721 0.250182 1
0.030094 -0.00180378 0.251 1
0.030233 0.00119702 0.25125 1
0.0296564 0.00474023 0.251 1
0.0274765 0.0112842 0.251 1
0.0284526 0.0134119 0.25 1
0.027367 0.0155846 0.25 1
0.0288465 0.0162112 0.250714 1
0.0283388 0.0179567 0.249 1
0.0275859 0.0263856 0.252 1
0.0263289 0.0305978 0.25175 1
0.0242842 0.0344569 0.249 1
0.025891 0.0336424 0.250714 1
0.0263315 0.0364648 0.251333 1
0.0242842 0.0417602 0.249 1
0.0257744 0.0399482 0.251222 1
0.0243979 0.0438599 0.250167 1
0.0249411 0.0438599 0.250167 1
0.0243538 0.0473045 0.249714 1
0.0254553 0.0475359 0.250933 1
-0.0890651 0.0516783 0.249 1
-0.0870828 0.052039 0.249 1
0.0238599 0.0512081 0.250222 1
0.0249245 0.0500754 0.25 1
-0.0887623 0.0540504 0.249258 1
-0.0867879 0.0546948 0.249 1
0.0229019 0.0540386 0.250125 1
-0.0890444 0.0576292 0.25 1
-0.0866199 0.0577714 0.249222 1
0.0232276 0.0575491 0.250222 1
-0.0892889 0.0612436 0.251032 1
-0.085833 0.0611297 0.249419 1
-0.0832985 0.0623178 0.249 1
0.022446 0.0608415 0.2496 1
-0.0892197 0.0646839 0.251706 1
-0.0856481 0.0647368 0.250333 1
-0.0823035 0.0649446 0.249143 1
-0.0797845 0.0658342 0.249 1
0.0229666 0.064997 0.251333 1
-0.0889136 0.0681722 0.252 1
-0.0858032 0.0681647 0.251152 1
-0.0821674 0.0681812 0.249667 1
-0.0790391 0.0683507 0.249 1
0.0213108 0.0669162 0.249 1
-0.0880978 0.0713839 0.252 1
-0.0858815 0.0715509 0.251643 1
-0.0822761 0.0718018 0.25 1
-0.0788864 0.0717589 0.249 1
0.0203108 0.0715303 0.25 1
0.0215105 0.0720899 0.251333 1
0.0214534 0.0755318 0.250667 1
-0.0881011 0.0795306 0.2516 1
-0.0857724 0.0796082 0.2515 1
-0.0824563 0.0796619 0.251167 1
-0.079103 0.0795859 0.249636 1
-0.0762705 0.0796295 0.249 1
-0.0879697 0.0821922 0.2505 1
-0.0859107 0.0823764 0.250174 1
-0.0825367 0.0818035 0.249813 1
-0.0787389 0.0812884 0.249111 1
-0.076425 0.0811751 0.249 1
-0.0876235 0.0844984 0.249 1
-0.0865422 0.0844984 0.249 1
0.0370495 -0.056958 0.255 1
0.0372305 -0.0545248 0.254556 1
0.03718 -0.0514921 0.254 1
0.0362191 -0.0458775 0.255 1
0.036678 -0.0434557 0.254333 1
0.0362828 -0.0401032 0.2535 1
0.0359349 -0.0383719 0.253 1
0.0347803 -0.0292096 0.2546 1
0.0353331 -0.0292096 0.2546 1
0.0339841 -0.0261562 0.2545 1
0.0353886 -0.0275947 0.255 1
0.0327681 -0.021692 0.254 1
0.0324259 -0.0180774 0.254714 1
0.0327994 -0.0160725 0.254077 1
0.0329071 -0.0121726 0.254 1
0.032166 -0.00882231 0.2536 1
0.0321321 -0.00512152 0.253333 1
0.0309912 -0.00181816 0.253 1
0.0321321 -0.001822 0.253333 1
0.030426 0.00300174 0.254 1
0.0319822 0.00112127 0.254333 1
0.0301593 0.005408 0.2535 1
0.0315131 0.00592382 0.255 1
0.0290217 0.00813992 0.255 1
0.0287941 0.0124735 0.253 1
0.0294024 0.0158028 0.2535 1
0.030129 0.0181124 0.255 1
0.0285194 0.0267652 0.253 1
0.0275307 0.028799 0.253 1
0.0271461 0.033911 0.253 1
0.0262535 0.0441516 0.255 1
0.0262191 0.0469509 0.254667 1
0.0251461 0.0521849 0.255 1
0.0238503 0.0553486 0.253 1
0.0251461 0.0527389 0.255 1
0.0238504 0.0564479 0.253 1
0.0238503 0.064693 0.253 1
-0.0903494 0.0695853 0.253 1
0.0217387 0.0693636 0.254 1
-0.0900298 0.0712643 0.253 1
0.0217388 0.0714791 0.254 1
0.0229316 0.075177 0.255 1
0.0378005 -0.0530789 0.256333 1
0.0391834 -0.0534156 0.258111 1
0.0378386 -0.0507184 0.2585 1
0.0392172 -0.0520899 0.258333 1
0.0372605 -0.0470631 0.258231 1
0.0376191 -0.0438097 0.257 1
0.0379118 -0.0415327 0.259 1
0.0363611 -0.0368802 0.256 1
0.0349715 -0.0315963 0.256 1
0.0355253 -0.0324664 0.2576 1
0.0349715 -0.0310401 0.256 1
0.0366472 -0.0291126 0.258667 1
0.0349715 -0.0265905 0.256 1
0.0361843 -0.0261021 0.257647 1
0.034197 -0.0228593 0.257833 1
0.0340506 -0.0193616 0.257667 1
0.034135 -0.0157047 0.256545 1
0.034344 -0.0121547 0.2565 1
0.0337694 -0.00883597 0.257429 1
0.0337132 -0.00296364 0.257 1
0.0310808 0.00344416 0.256 1
0.0323036 0.00188681 0.256 1
0.0308029 0.00566895 0.256 1
0.0316366 0.00511276 0.256 1
0.0302733 0.00892528 0.25713 1
0.0318838 0.008519 0.258 1
0.0300604 0.0118609 0.257556 1
0.0306648 0.0147375 0.25775 1
0.0320074 0.0150202 0.259 1
0.0299823 0.0200448 0.2585 1
0.0299432 0.0227909 0.258478 1
0.0295695 0.0260617 0.257059 1
0.0275606 0.0310686 0.256 1
0.0292097 0.0296756 0.257941 1
0.027468 0.0326445 0.256 1
0.0288773 0.0335481 0.258667 1
0.0289145 0.0358407 0.259 1
0.027562 0.0398716 0.2574 1
0.0284846 0.0405099 0.257667 1
0.0264388 0.0432882 0.2568 1
0.0263564 0.0457152 0.256 1
0.0267104 0.0510226 0.2578 1
0.0280711 0.0499085 0.259 1
0.0252448 0.0546144 0.256 1
0.025442 0.0578468 0.258 1
0.0241331 0.0612887 0.256 1
0.025442 0.0603662 0.258 1
0.0240716 0.0640593 0.256333 1
0.0245064 0.0634824 0.257 1
0.0233258 0.0686317 0.256714 1
0.0251948 0.0681158 0.258333 1
0.0234526 0.0718568 0.257667 1
0.0246971 0.0718545 0.259 1
0.0235636 0.0750139 0.257 1
0.0249345 0.0754016 0.258273 1
0.0230215 0.0774185 0.256 1
0.0384879 -0.0574476 0.261 1
0.0390047 -0.0570918 0.260667 1
0.038905 -0.0558153 0.26 1
0.0380583 -0.0493191 0.26 1
0.039822 -0.0505209 0.260696 1
0.0381523 -0.0482834 0.26 1
0.039451 -0.0476606 0.26175 1
0.0393882 -0.0447466 0.261333 1
0.0382046 -0.0410029 0.261 1
0.0372133 -0.0354676 0.262 1
0.0376379 -0.0341982 0.261 1
0.0369292 -0.0306778 0.26 1
0.0363647 -0.0247464 0.26 1
0.0346713 -0.0222045 0.26 1
0.0362999 -0.0231289 0.260889 1
0.0360756 -0.0192445 0.262 1
0.0360068 -0.0160819 0.2615 1
0.0349535 -0.0109066 0.26 1
0.035518 -0.0109066 0.26 1
0.0353713 -0.00981448 0.261 1
0.0341723 -0.00470084 0.2605 1
0.0343691 -0.00188284 0.262 1
0.0332314 0.00267104 0.262 1
0.033177 0.00522217 0.261571 1
0.0328953 0.00889192 0.260833 1
0.0319304 0.0122877 0.260667 1
0.03191 0.0159529 0.2605 1
0.0307197 0.0204446 0.26 1
0.0320759 0.0192373 0.260467 1
0.0308138 0.0221393 0.26 1
0.032232 0.0227737 0.26081 1
0.0310219 0.0263938 0.260167 1
0.0321793 0.026417 0.260389 1
0.0306962 0.0303051 0.261 1
0.0321129 0.0294545 0.261 1
0.0303009 0.0331345 0.260692 1
0.0316879 0.0318645 0.261 1
0.0302712 0.0352668 0.261 1
0.0295465 0.0403098 0.2606 1
0.0276858 0.0440015 0.260667 1
0.028732 0.0433749 0.261167 1
0.0277212 0.0474586 0.261 1
0.0282879 0.0474586 0.261 1
0.0276415 0.0509987 0.26025 1
0.0282066 0.0509987 0.26025 1
0.0269297 0.0543562 0.260818 1
0.0282879 0.0528457 0.261 1
0.0269742 0.0578867 0.262 1
0.024228 0.0628112 0.26 1
0.026569 0.061905 0.261818 1
0.024228 0.0633761 0.26 1
0.0257205 0.0645684 0.261778 1
0.0258364 0.0669944 0.262 1
0.025999 0.0717516 0.262 1
0.0262646 0.0742781 0.2606 1
0.0404856 -0.0574219 0.2648 1
0.0403633 -0.0555268 0.264 1
0.0412096 -0.0494596 0.263 1
0.0422089 -0.0496024 0.263 1
0.0405558 -0.0475909 0.264 1
0.0398654 -0.0432778 0.2645 1
0.0382845 -0.039677 0.2635 1
0.0395567 -0.0401645 0.263875 1
0.0382118 -0.0367458 0.263 1
0.0393584 -0.0371534 0.263571 1
0.0375557 -0.0328856 0.2632 1
0.0389349 -0.0325505 0.2655 1
0.0382118 -0.0287461 0.263 1
0.0388596 -0.0299214 0.2645 1
0.0389365 -0.0261844 0.266 1
0.0375684 -0.0220108 0.2645 1
0.0376394 -0.0203285 0.265 1
0.0364988 -0.0110325 0.263 1
0.0363505 -0.00879346 0.2644 1
0.0346314 -0.00648584 0.264 1
0.0359585 -0.00536419 0.265333 1
0.0360489 -0.00306743 0.266 1
0.034605 0.00271182 0.266 1
0.0351826 0.00271182 0.266 1
0.0344749 0.00500462 0.265 1
0.0356209 0.00534566 0.265571 1
0.0342283 0.00895222 0.26475 1
0.0354762 0.00801682 0.2656 1
0.033627 0.0123672 0.264143 1
0.0351826 0.0119586 0.266 1
0.0335907 0.0157924 0.263857 1
0.0336683 0.0185196 0.26375 1
0.0330366 0.0309134 0.265 1
0.0313597 0.0338229 0.263 1
0.0319307 0.0338229 0.263 1
0.0304049 0.0372061 0.263316 1
0.0319793 0.036737 0.2634 1
0.0303212 0.0392529 0.2634 1
0.0318858 0.0389739 0.265 1
0.0302638 0.0439301 0.264222 1
0.0299304 0.0469369 0.265143 1
0.0296961 0.0506795 0.266 1
0.0279336 0.0541078 0.263 1
0.0290931 0.0540864 0.264125 1
0.0283622 0.0578279 0.264333 1
0.0273626 0.0609647 0.263 1
0.0288663 0.0608031 0.265 1
0.0269555 0.0652529 0.265 1
0.0272006 0.0678431 0.2642 1
0.028541 0.0680173 0.266 1
0.0273197 0.0715972 0.265357 1
0.029009 0.0729433 0.265 1
0.0283264 0.0738152 0.264 1
0.0416915 -0.057608 0.267 1
0.0422712 -0.057608 0.267 1
0.0414017 -0.0462962 0.267 1
0.0414837 -0.0440669 0.268 1
0.0420038 -0.0445974 0.269 1
0.0402925 -0.0358984 0.267333 1
0.0404934 -0.0343264 0.268667 1
0.0393756 -0.029889 0.269 1
0.0393756 -0.0279408 0.269 1
0.0380655 -0.0188118 0.268 1
0.0370395 -0.0147908 0.269 1
0.0368841 -0.0130939 0.267571 1
0.0374858 -0.00813827 0.268 1
0.0371002 -0.00540609 0.267333 1
0.0348652 -0.000761414 0.268 1
0.0361995 -0.00122837 0.2684 1
0.0347351 0.000981719 0.267 1
0.0360347 0.00141863 0.2675 1
0.0364742 0.00426893 0.267 1
0.0364554 0.00917125 0.269 1
0.0349303 0.0120688 0.2685 1
0.0357299 0.012077 0.268667 1
0.0348652 0.0155421 0.268 1
0.0354471 0.0143776 0.268 1
0.0347033 0.0202756 0.269 1
0.0335352 0.0372245 0.269 1
0.0321264 0.0404283 0.267 1
0.032327 0.0444741 0.268667 1
0.030967 0.0479695 0.267 1
0.0321666 0.0459958 0.267333 1
0.0301753 0.0508047 0.2682 1
0.0323671 0.04979 0.269 1
0.0309208 0.0540313 0.2686 1
0.0298821 0.0579756 0.267667 1
0.0298076 0.0612151 0.267 1
0.0287914 0.0646318 0.268333 1
0.0287341 0.0680701 0.2678 1
0.0292065 0.0719827 0.268125 1
0.0433591 -0.0569129 0.272 1
0.0429248 -0.0553439 0.273 1
0.0430393 -0.0500427 0.27 1
0.0411717 -0.0330357 0.272 1
0.0422747 -0.0336667 0.272 1
0.0398148 -0.0255931 0.272 1
0.0381035 -0.0160374 0.270333 1
0.0386904 -0.0160374 0.270333 1
0.0381505 -0.0125274 0.270667 1
0.0393115 -0.0122134 0.271143 1
0.0381974 -0.0101905 0.271 1
0.0387858 -0.0101905 0.271 1
0.0380565 -0.00663324 0.27 1
0.0386427 -0.00663324 0.27 1
0.0377572 -0.00165094 0.271 1
0.039072 -0.000775616 0.273 1
0.0378266 0.00129157 0.2715 1
0.039072 0.000410648 0.273 1
0.0374703 0.00392583 0.27 1
0.0367011 0.011087 0.273 1
0.0351254 0.0180046 0.27 1
0.0346671 0.021604 0.271 1
0.0352555 0.021604 0.271 1
0.0347694 0.0260989 0.2718 1
0.0353596 0.0260989 0.2718 1
0.0336599 0.0361896 0.27 1
0.0327281 0.0429582 0.272 1
0.0330737 0.0473353 0.27 1
0.0310219 0.0514416 0.27 1
0.0323737 0.0508561 0.271143 1
0.0311368 0.0554593 0.271 1
0.0326695 0.0543159 0.272077 1
0.0312709 0.0577678 0.272167 1
0.0321084 0.0574413 0.272375 1
0.0312517 0.0598006 0.272 1
0.0318423 0.0598006 0.272 1
0.02983 0.0654449 0.2714 1
0.0304775 0.0686209 0.273 1
0.030642 0.0716721 0.271833 1
0.0318033 0.0721216 0.271667 1
0.0451641 -0.0567372 0.274 1
0.045759 -0.0567372 0.274 1
0.0444853 -0.0542377 0.275039 1
0.0459021 -0.0542249 0.274857 1
0.0450443 -0.0516046 0.276 1
0.046093 -0.0520543 0.276 1
0.0437566 -0.0472995 0.2745 1
0.0427972 -0.038862 0.276 1
0.0429156 -0.0366176 0.274571 1
0.0415987 -0.0295674 0.276 1
0.0427972 -0.0280682 0.276 1
0.0410853 -0.0266708 0.274857 1
0.0431177 -0.0265208 0.2755 1
0.0404003 -0.023271 0.276 1
0.0407982 -0.0191683 0.275 1
0.0427972 -0.0193733 0.276 1
0.0406102 -0.0162046 0.274375 1
0.0401075 -0.010601 0.274 1
0.0401075 -0.0100057 0.274 1
0.0389178 -0.0055409 0.274 1
0.0395066 -0.00277674 0.275333 1
0.0389888 0.00220317 0.2745 1
0.0392018 0.00401306 0.276 1
0.0376596 0.0121126 0.2748 1
0.0368048 0.0205035 0.276 1
0.0362452 0.0227992 0.274778 1
0.0364824 0.025879 0.274857 1
0.0358737 0.0294712 0.27575 1
0.0343455 0.0339351 0.2755 1
0.0344079 0.0357945 0.276 1
0.0356064 0.0363942 0.276 1
0.0344079 0.0399921 0.276 1
0.0344079 0.0450891 0.276 1
0.0343248 0.0461759 0.275333 1
0.033089 0.058369 0.275 1
0.0314815 0.0611333 0.274 1
0.0334141 0.0604433 0.2752 1
0.0305892 0.0653004 0.274 1
0.0326392 0.0651739 0.275733 1
0.0305892 0.0683762 0.274 1
0.0320109 0.0669764 0.276 1
0.0305892 0.0703605 0.274 1
0.03287 0.0718853 0.275667 1
0.0444611 -0.0500005 0.2775 1
0.0460032 -0.0508074 0.278571 1
0.044883 -0.0471741 0.279667 1
0.0458955 -0.0479852 0.279667 1
0.0439091 -0.0432626 0.27925 1
0.0458492 -0.042771 0.28 1
0.0440588 -0.0402522 0.278636 1
0.046405 -0.0407277 0.279889 1
0.0446333 -0.0379044 0.28 1
0.0414487 -0.0317809 0.277 1
0.0428677 -0.0323295 0.277286 1
0.0414487 -0.0311791 0.277 1
0.0435935 -0.030038 0.278158 1
0.0414487 -0.0248599 0.277 1
0.0426516 -0.0248599 0.277 1
0.0410478 -0.0226198 0.277 1
0.0431332 -0.0227764 0.278053 1
0.0414487 -0.0209481 0.277 1
0.0427719 -0.0197444 0.277 1
0.0413685 -0.0149136 0.2795 1
0.0429181 -0.0164301 0.27825 1
0.0408394 -0.0138253 0.279 1
0.040693 -0.00924576 0.278 1
0.0403407 -0.00432159 0.278556 1
0.0423538 -0.00352042 0.279 1
0.0410054 -0.00156848 0.279444 1
0.0423538 -0.00291425 0.279 1
0.0409857 0.000421177 0.28 1
0.0392788 0.00566539 0.278667 1
0.0379769 0.0134041 0.278 1
0.0385805 0.0134041 0.278 1
0.037685 0.0155539 0.279091 1
0.038747 0.0152839 0.2792 1
0.0375669 0.0199539 0.27775 1
0.038858 0.0198881 0.28 1
0.038141 0.0226841 0.277 1
0.0381385 0.0262852 0.277182 1
0.0387193 0.026788 0.279 1
0.0373653 0.0299922 0.2785 1
0.0387193 0.0289096 0.279 1
0.036519 0.0334421 0.278889 1
0.0369209 0.0368056 0.279125 1
0.0346572 0.0417919 0.278 1
0.0365926 0.0403431 0.279364 1
0.0346073 0.0435399 0.2776 1
0.0360794 0.0432584 0.279667 1
0.0361224 0.0478718 0.28 1
0.0345147 0.0504863 0.277667 1
0.0357765 0.0496376 0.279667 1
0.0346572 0.0556838 0.278 1
0.0346572 0.0577978 0.278 1
0.033542 0.0618628 0.2775 1
0.0350848 0.0622489 0.279 1
0.0331212 0.0637801 0.27775 1
0.0351267 0.0638412 0.279333 1
0.0329755 0.0685874 0.2773 1
0.0350848 0.0689167 0.279 1
0.0333493 0.0707459 0.277857 1
0.0467246 -0.0509622 0.281 1
0.0447927 -0.0456711 0.281 1
0.0469475 -0.0467887 0.282333 1
0.0447927 -0.0450606 0.281 1
0.0467965 -0.0440886 0.281125 1
0.0447927 -0.0355976 0.281 1
0.0447927 -0.0331556 0.281 1
0.0461766 -0.0332765 0.282 1
0.0451115 -0.0284727 0.283 1
0.0460128 -0.0307136 0.281 1
0.0451115 -0.0253984 0.283 1
0.0451115 -0.0241686 0.283 1
0.0438827 -0.0155606 0.283 1
0.0412785 -0.00784708 0.282 1
0.0411809 -0.00599554 0.281333 1
0.0426538 -0.00203375 0.283 1
0.0406684 0.00655105 0.282 1
0.0402502 0.00855581 0.282 1
0.0377766 0.0172118 0.281 1
0.0398624 0.0167217 0.281571 1
0.0377766 0.0184328 0.281 1
0.0397008 0.0189025 0.281 1
0.040196 0.0213309 0.283 1
0.0388295 0.0313649 0.282 1
0.0374716 0.03278 0.281 1
0.0389212 0.032668 0.282667 1
0.0388295 0.0365727 0.282 1
0.0389671 0.0391618 0.283 1
0.0372999 0.044228 0.282 1
0.0372373 0.0470097 0.281857 1
0.0347262 0.0507901 0.281 1
0.0370256 0.0507979 0.2824 1
0.0347262 0.0535374 0.281 1
0.0359228 0.0540353 0.282 1
0.0348497 0.0580168 0.282 1
0.035462 0.0580168 0.282 1
0.047429 -0.0498609 0.284 1
0.0465041 -0.0359777 0.284 1
0.0465041 -0.0298074 0.284 1
0.0441424 -0.0146562 0.285333 1
0.0459002 -0.0151042 0.286 1
0.044009 -0.0124925 0.286364 1
0.0459804 -0.0126397 0.2865 1
0.0435682 -0.00907743 0.287 1
0.0430557 -0.005263 0.285667 1
0.0407917 0.0100264 0.285 1
0.0430188 0.00868462 0.286111 1
0.0406948 0.0111995 0.285571 1
0.042322 0.0107203 0.287 1
0.0391048 0.0306617 0.284 1
0.0391048 0.0343639 0.284 1
0.0393344 0.0410839 0.285667 1
0.0394262 0.0438724 0.286333 1
0.040141 0.0459508 0.287 1
0.0381384 0.0523152 0.286 1
0.0373875 0.0544835 0.285 1
0.039518 0.0553041 0.287 1
0.036749 0.0573252 0.284857 1
0.0365269 0.0605681 0.286333 1
0.036819 0.0646087 0.2854 1
0.0357792 0.0671516 0.287 1
0.0362755 0.0718886 0.286 1
0.044658 -0.0108298 0.288 1
0.0459085 -0.0108298 0.288 1
0.0448647 -0.00805042 0.289333 1
0.0444644 -0.00605348 0.29 1
0.0437088 -0.000823916 0.29 1
0.0418441 0.00168465 0.288 1
0.0424694 0.00168465 0.288 1
0.0419168 0.00482054 0.2885 1
0.0437129 0.00515345 0.289556 1
0.0435581 0.00859736 0.289 1
0.0419894 0.0117368 0.289 1
0.0430875 0.0112659 0.289 1
0.0410483 0.0155041 0.289 1
0.0424495 0.0205984 0.29 1
0.0410483 0.0230389 0.289 1
0.0412051 0.0294763 0.289 1
0.0429867 0.0297775 0.2898 1
0.0411429 0.0322183 0.289667 1
0.0403497 0.0443095 0.2885 1
0.0396556 0.0473624 0.288 1
0.0396556 0.0529939 0.288 1
0.0380924 0.0583125 0.288 1
0.0393998 0.0576299 0.288 1
0.0382511 0.061071 0.2892 1
0.0393466 0.0610051 0.289556 1
0.0374125 0.063443 0.29 1
0.0360701 0.0692676 0.289333 1
0.0359038 0.0702013 0.288 1
0.0450907 -0.00443305 0.2912 1
0.0455952 -0.00368446 0.292 1
0.0452076 -0.00178924 0.2936 1
0.045845 -0.00178924 0.2936 1
0.044027 0.00193585 0.291909 1
0.0457513 0.00171101 0.293 1
0.0449612 0.0042457 0.292 1
0.0455952 0.0042457 0.292 1
0.0413323 0.0130825 0.291 1
0.0434383 0.0126611 0.291 1
0.0413323 0.014347 0.291 1
0.0435499 0.0157299 0.293167 1
0.0416164 0.0243127 0.293 1
0.0435993 0.023078 0.2935 1
0.0415098 0.02647 0.29225 1
0.0434073 0.0264656 0.292208 1
0.0434871 0.0296618 0.291333 1
0.0414393 0.0342964 0.294 1
0.0427779 0.0334242 0.293333 1
0.041368 0.0370266 0.292 1
0.0420776 0.038129 0.294 1
0.0413537 0.0405435 0.2916 1
0.0420776 0.0416421 0.294 1
0.0414593 0.0436591 0.292857 1
0.0422849 0.0437561 0.2928 1
0.0410517 0.0483374 0.292 1
0.0427911 0.0464886 0.292333 1
0.0403441 0.0507326 0.293 1
0.0402752 0.0538154 0.2925 1
0.0413323 0.0586038 0.291 1
0.0410121 0.0608748 0.292571 1
0.0384892 0.0636618 0.291 1
0.0394366 0.0644417 0.29275 1
0.0377135 0.0687177 0.292333 1
0.038886 0.0697475 0.294 1
0.0377855 0.0712513 0.291667 1
0.0387096 0.0707015 0.292667 1
0.0438931 0.0192088 0.295 1
0.0444624 0.021274 0.295 1
0.0415802 0.0356949 0.295 1
0.0430945 0.0365593 0.2955 1
0.0417212 0.0396746 0.296 1
0.0432647 0.0400333 0.296667 1
0.0433766 0.0435807 0.296333 1
0.0431814 0.0485136 0.295 1
0.0416366 0.0508274 0.2954 1
0.0429779 0.0508968 0.2958 1
0.0418621 0.0546499 0.297 1
0.0425069 0.0546499 0.297 1
0.0418621 0.0578763 0.297 1
0.0427318 0.0582805 0.296333 1
0.0431814 0.0597298 0.295 1
0.0407571 0.0647556 0.296 1
0.0397779 0.068837 0.296571 1
0.039979 0.0706257 0.295 1
0.043238 0.0540306 0.298333 1
0.043262 0.0565056 0.3 1
0.0436046 0.0616766 0.299 1
0.0411703 0.0663863 0.299 1
0.0425864 0.0645092 0.299833 1
0.0411454 0.0680878 0.298556 1
0.0427976 0.0678746 0.299313 1
0.0413561 0.070049 0.298 1
0.0420031 0.070049 0.298 1
0.0435972 0.0655527 0.302 1
