0.0025158 -0.0543416 0.202125 1
0.00392149 -0.0542495 0.2025 1
-0.0181499 -0.053398 0.206 1
-0.0160102 -0.0533823 0.205571 1
-0.013611 -0.0533615 0.205 1
-0.00512921 -0.0531012 0.204 1
0.00441042 -0.0534056 0.20475 1
-0.0181499 -0.0518315 0.206 1
-0.015989 -0.0520957 0.2055 1
0.00548617 -0.0506072 0.204909 1
0.00730805 -0.0504664 0.205 1
0.00528062 -0.0473057 0.205238 1
0.00485343 -0.0437295 0.205778 1
0.0050145 -0.0403077 0.204786 1
0.0048514 -0.0373485 0.205667 1
0.00376564 -0.0339289 0.206 1
-0.0324086 -0.0560317 0.21 1
-0.0305848 -0.0560317 0.21 1
-0.0328488 -0.053892 0.21 1
-0.0297679 -0.0541595 0.209458 1
-0.0263904 -0.0537684 0.208256 1
-0.0228294 -0.0536582 0.207875 1
-0.0198111 -0.0534323 0.207 1
0.00579897 -0.0537382 0.2082 1
-0.0332266 -0.0512276 0.21 1
-0.0299274 -0.0508299 0.20975 1
-0.0264092 -0.0512255 0.208837 1
-0.0230418 -0.0517724 0.20792 1
-0.0198111 -0.0518583 0.207 1
0.0077994 -0.0508043 0.2086 1
-0.0324086 -0.0471347 0.21 1
-0.0297988 -0.047175 0.209647 1
-0.0267064 -0.0470986 0.209083 1
0.00649093 -0.0465348 0.207333 1
0.00745461 -0.0471614 0.209111 1
-0.0322783 -0.0446905 0.21 1
-0.0299009 -0.0441691 0.21 1
-0.0274692 -0.0443212 0.21 1
0.00605298 -0.0441359 0.2077 1
0.00748629 -0.0450816 0.21 1
0.00595606 -0.0396972 0.209667 1
0.00583657 -0.036348 0.208 1
0.00748629 -0.035044 0.21 1
0.00540843 -0.0331691 0.207889 1
0.00748629 -0.0335231 0.21 1
0.0048503 -0.0299152 0.208571 1
0.00748629 -0.0311657 0.21 1
0.00422826 -0.0261375 0.209929 1
0.0042947 -0.0240938 0.21 1
0.00292688 -0.0122312 0.21 1
0.00406673 -0.0122312 0.21 1
0.00292688 -0.0104061 0.21 1
-0.039346 -0.0566008 0.213 1
-0.0370536 -0.0563733 0.212 1
-0.0341664 -0.0562985 0.211 1
0.0056895 -0.0562985 0.211 1
-0.0397994 -0.0542825 0.21282 1
-0.0367075 -0.054174 0.211373 1
-0.0341664 -0.0549233 0.211 1
0.00601577 -0.0557095 0.211667 1
0.00759324 -0.0542869 0.213 1
-0.0398308 -0.0507413 0.212789 1
-0.0368006 -0.0507739 0.211346 1
-0.0336249 -0.050339 0.211 1
0.00914563 -0.0502879 0.211462 1
0.0105992 -0.0496592 0.213 1
-0.0423519 -0.0461884 0.213 1
-0.0402381 -0.0473056 0.212821 1
-0.0367816 -0.0472282 0.211586 1
-0.0341664 -0.0473592 0.211 1
0.00895638 -0.0471568 0.211667 1
-0.0399009 -0.0439208 0.213 1
-0.0368034 -0.0436223 0.212175 1
-0.0334457 -0.0435351 0.211082 1
-0.0302724 -0.0425457 0.211 1
0.00664329 -0.0427868 0.2122 1
0.00772218 -0.0444263 0.212333 1
-0.0399744 -0.0401011 0.213 1
-0.0366283 -0.0401943 0.212311 1
-0.0331576 -0.0401761 0.211537 1
-0.0303781 -0.0406238 0.211 1
0.00663076 -0.0404083 0.2118 1
0.00759324 -0.0399409 0.213 1
-0.0395589 -0.0369153 0.2129 1
-0.0368688 -0.0369085 0.212102 1
-0.033052 -0.0371084 0.212 1
-0.0309598 -0.0360477 0.212 1
0.0075576 -0.0369898 0.212 1
-0.0392304 -0.0341563 0.213 1
-0.0376415 -0.0336552 0.21288 1
-0.0317967 -0.0349171 0.212 1
-0.0308761 -0.0349171 0.212 1
0.00755759 -0.033305 0.212 1
-0.03634 -0.0313796 0.213 1
0.00648377 -0.0289619 0.211286 1
0.00778882 -0.0304262 0.212 1
0.00551973 -0.0263321 0.2115 1
0.00479949 -0.0226422 0.212095 1
0.00400921 -0.019521 0.213 1
0.00295011 -0.0153189 0.211667 1
0.00388446 -0.0158416 0.2125 1
0.00459907 -0.0114845 0.2114 1
0.00295077 -0.0086496 0.211714 1
0.00471869 -0.00883079 0.212381 1
0.0029667 -0.00545968 0.212857 1
0.00427746 -0.00565442 0.212917 1
0.00204378 0.00217149 0.213 1
-0.0532768 -0.0567208 0.217 1
-0.0507209 -0.0567315 0.216143 1
-0.0473227 -0.0566709 0.2152 1
-0.0438883 -0.0566275 0.214857 1
-0.0411901 -0.0565677 0.214 1
-0.0532768 -0.0541277 0.217 1
-0.0506631 -0.0543221 0.215898 1
-0.047167 -0.0543091 0.215036 1
-0.0439023 -0.0543086 0.2148 1
-0.0416215 -0.0543093 0.214 1
0.00669964 -0.0554717 0.214 1
0.0088213 -0.0541529 0.214733 1
0.0107982 -0.0527133 0.217 1
-0.0535385 -0.050618 0.217 1
-0.0506744 -0.0508545 0.215717 1
-0.0471842 -0.0508261 0.215 1
-0.0438208 -0.0507834 0.21466 1
-0.0416215 -0.0512872 0.214 1
0.0102319 -0.0508278 0.215 1
0.0106987 -0.0508278 0.215 1
-0.0537283 -0.0480576 0.217 1
-0.0507307 -0.0473117 0.216179 1
-0.0471617 -0.0472983 0.214893 1
-0.0439072 -0.0474245 0.214023 1
0.0102636 -0.0486402 0.215667 1
0.0107319 -0.0486402 0.215667 1
-0.0530412 -0.0423411 0.217 1
-0.0508049 -0.0438095 0.216731 1
-0.0473837 -0.0438122 0.21566 1
-0.043744 -0.0438735 0.214273 1
-0.0413892 -0.0431506 0.214 1
0.00878554 -0.043611 0.215471 1
-0.0530412 -0.0402195 0.217 1
-0.0507793 -0.0402322 0.216196 1
-0.0472079 -0.0402551 0.215346 1
-0.0437721 -0.040182 0.214286 1
-0.0416215 -0.0402834 0.214 1
0.00898122 -0.040305 0.2157 1
0.0107982 -0.0392766 0.217 1
-0.0530412 -0.0366835 0.217 1
-0.0507576 -0.0367695 0.216481 1
-0.0472871 -0.0366587 0.215759 1
-0.043901 -0.0367507 0.21492 1
-0.0412343 -0.0364476 0.214 1
0.00909684 -0.0374013 0.2157 1
-0.0530412 -0.0340905 0.217 1
-0.0508128 -0.0333113 0.216531 1
-0.04725 -0.0332207 0.215943 1
-0.0436786 -0.0331764 0.215 1
-0.0405226 -0.0329791 0.214125 1
-0.0375792 -0.0321314 0.214 1
0.00855814 -0.0317594 0.214 1
-0.0504315 -0.0298902 0.21675 1
-0.0471181 -0.0298077 0.216267 1
-0.043595 -0.029669 0.215714 1
-0.0401564 -0.0297261 0.2147 1
-0.0372075 -0.0296672 0.214 1
0.00795922 -0.0294371 0.215714 1
-0.0494403 -0.0268165 0.217 1
-0.0471225 -0.0263408 0.217 1
-0.0437191 -0.0262287 0.216326 1
-0.0401758 -0.0262832 0.215091 1
-0.0372489 -0.0262687 0.214026 1
0.00671529 -0.026239 0.2145 1
0.00770018 -0.0261901 0.216 1
-0.0464452 -0.0236397 0.217 1
-0.0437977 -0.0227453 0.216714 1
-0.0403794 -0.0228915 0.215489 1
-0.0376475 -0.0226031 0.21492 1
0.00663117 -0.0224465 0.215111 1
0.00772395 -0.0232096 0.216667 1
-0.0459741 -0.0201823 0.217 1
-0.043723 -0.0193317 0.216867 1
-0.0402663 -0.0192513 0.215588 1
-0.0376704 -0.019974 0.215 1
0.00565196 -0.0192215 0.215051 1
0.00734322 -0.0195013 0.217 1
-0.0468378 -0.0146819 0.217 1
-0.0434191 -0.0154797 0.217 1
-0.0411464 -0.0157863 0.216824 1
0.0054842 -0.0157172 0.215188 1
0.00702913 -0.0152319 0.217 1
-0.0434501 -0.0123695 0.217 1
-0.0408387 -0.0120967 0.217 1
0.00567198 -0.0126487 0.215667 1
0.00702913 -0.0135818 0.217 1
-0.0426761 -0.0100458 0.217 1
-0.0403204 -0.00957433 0.217 1
0.00638989 -0.00781466 0.214 1
-0.0370224 -0.00462396 0.217 1
0.00298263 -0.00363015 0.214 1
0.0048728 -0.0045864 0.2154 1
-0.0370224 -0.00320957 0.217 1
0.00298661 -0.00177117 0.214286 1
0.00431836 -0.00197185 0.214917 1
0.00259035 0.00165283 0.214429 1
0.00396215 0.00174043 0.21675 1
0.00253001 0.00522952 0.214929 1
0.00396672 0.00527679 0.217 1
0.00253935 0.00876049 0.215688 1
0.0039615 0.00856668 0.216714 1
0.00211461 0.0123158 0.2152 1
0.00396672 0.0116415 0.217 1
0.001983 0.0157945 0.215182 1
0.0019187 0.0191801 0.216056 1
0.00137414 0.0216356 0.21675 1
-3.79681e-05 0.0276714 0.217 1
0.000904311 0.0276714 0.217 1
-3.79181e-05 0.029754 0.216714 1
0.000904121 0.02978 0.216905 1
-0.0774183 -0.0601338 0.22 1
-0.0769407 -0.0601338 0.22 1
-0.0774183 -0.0591779 0.22 1
-0.0769407 -0.0591779 0.22 1
-0.061167 -0.0574106 0.219903 1
-0.0579983 -0.0569876 0.218871 1
-0.0551788 -0.0569822 0.218 1
-0.0632798 -0.0539679 0.22 1
-0.0613186 -0.0543104 0.219643 1
-0.0579729 -0.0542155 0.218714 1
-0.0551789 -0.0543772 0.218 1
-0.0632877 -0.0511717 0.22 1
-0.0612445 -0.0508409 0.219279 1
-0.0578149 -0.0507314 0.218294 1
-0.0553366 -0.0511406 0.218 1
-0.0638932 -0.0469768 0.22 1
-0.0612496 -0.0471582 0.21892 1
-0.0577821 -0.0472726 0.218 1
-0.0547844 -0.0467832 0.218 1
0.0101598 -0.0467338 0.218909 1
0.0113573 -0.0474577 0.219765 1
-0.0642417 -0.043833 0.22 1
-0.0613178 -0.0437502 0.219 1
-0.0578206 -0.0437599 0.218509 1
-0.0544786 -0.0439088 0.218 1
0.0102381 -0.0439946 0.218444 1
0.0112073 -0.0431691 0.218615 1
-0.0637711 -0.0417657 0.22 1
-0.0608854 -0.0405116 0.219929 1
-0.0577261 -0.0404041 0.219333 1
-0.0547056 -0.0401681 0.218 1
0.0103747 -0.0411153 0.218 1
0.0113213 -0.0411153 0.218 1
-0.0630887 -0.0364737 0.22 1
-0.0612146 -0.0367276 0.219878 1
-0.0578874 -0.0367152 0.218808 1
-0.0549144 -0.0368108 0.218 1
0.00946743 -0.0361949 0.2189 1
0.0108729 -0.0376503 0.2185 1
-0.060594 -0.0334561 0.21996 1
-0.0577532 -0.0332525 0.219 1
-0.054555 -0.0332142 0.218 1
0.00924466 -0.0334913 0.21925 1
-0.0601273 -0.0304033 0.22 1
-0.0577049 -0.0297573 0.2196 1
-0.0541405 -0.0297804 0.218458 1
-0.0519445 -0.0291955 0.218 1
0.00927958 -0.029178 0.219444 1
0.0109475 -0.028348 0.22 1
-0.0573018 -0.0266383 0.22 1
-0.0543067 -0.0263448 0.21925 1
-0.0510205 -0.0259477 0.218 1
-0.0487892 -0.0247748 0.218 1
0.00941394 -0.0262895 0.218789 1
0.0109144 -0.0263545 0.219333 1
-0.0566404 -0.0240462 0.22 1
-0.0544017 -0.0228128 0.219633 1
-0.050779 -0.0226854 0.218408 1
-0.0475343 -0.0225994 0.218 1
0.00862086 -0.0228755 0.2185 1
-0.0541324 -0.0192693 0.219909 1
-0.0508871 -0.0191876 0.218764 1
-0.0475343 -0.0191958 0.218 1
-0.0452394 -0.0181439 0.218 1
0.00781902 -0.01873 0.219333 1
-0.0541945 -0.015664 0.219762 1
-0.0507952 -0.0156198 0.2186 1
-0.0473871 -0.0158338 0.218 1
-0.0450584 -0.0162912 0.218 1
0.00658821 -0.0162494 0.218 1
0.0075992 -0.016006 0.218857 1
-0.0537612 -0.0125879 0.22 1
-0.0506168 -0.0122586 0.219191 1
-0.0472626 -0.0122911 0.218089 1
-0.0450703 -0.011716 0.218 1
0.00664865 -0.0130526 0.22 1
0.00748455 -0.0134111 0.22 1
-0.053058 -0.00875074 0.22 1
-0.0505564 -0.00873132 0.2195 1
-0.0473048 -0.00870277 0.218792 1
-0.0440053 -0.00850203 0.218 1
-0.0402696 -0.00772392 0.218 1
-0.0525803 -0.00588285 0.22 1
-0.0504855 -0.00556098 0.219889 1
-0.0471861 -0.00514894 0.219347 1
-0.0437183 -0.00513348 0.218673 1
-0.0402813 -0.00512008 0.218061 1
-0.0381396 -0.00417164 0.218 1
-0.0469389 -0.00189751 0.22 1
-0.0437748 -0.00181125 0.218959 1
-0.040429 -0.00190998 0.218289 1
-0.0381396 -0.00227709 0.218 1
0.00493162 -0.000619358 0.218 1
-0.0467642 0.00151182 0.22 1
-0.0438554 0.0017608 0.219357 1
-0.0404033 0.00192678 0.219 1
-0.0380769 0.00270847 0.219 1
0.0049599 0.00175722 0.21925 1
-0.0434853 0.00529457 0.219955 1
-0.0401905 0.00533623 0.219408 1
-0.0376879 0.00606076 0.219 1
0.00507648 0.0055077 0.219125 1
-0.0429722 0.00825441 0.22 1
-0.040085 0.00867868 0.219571 1
-0.0376014 0.00865609 0.219 1
0.00507648 0.00848396 0.219125 1
-0.0401297 0.0122712 0.219821 1
-0.0370276 0.0128557 0.219833 1
-0.0346683 0.0137144 0.22 1
0.0043854 0.0119357 0.219 1
-0.0423108 0.0149094 0.22 1
-0.0400552 0.0157591 0.22 1
-0.0367912 0.0158528 0.219837 1
-0.0341241 0.0158326 0.219571 1
0.00303838 0.0154843 0.218 1
0.00398865 0.0162105 0.2182 1
-0.0391105 0.0188288 0.22 1
-0.0367308 0.0191652 0.219469 1
-0.0340785 0.0193402 0.219 1
0.00303837 0.0204575 0.218 1
0.0040085 0.0191504 0.219286 1
-0.0387284 0.0216011 0.22 1
-0.0366357 0.0226507 0.219959 1
-0.0334497 0.0228962 0.219667 1
-0.0308472 0.024469 0.22 1
0.00226321 0.0231148 0.218353 1
0.00421262 0.0227005 0.22 1
-0.0361013 0.025903 0.22 1
-0.0333456 0.0263626 0.22 1
-0.0298356 0.026634 0.22 1
0.00214632 0.0261354 0.21855 1
0.00402156 0.0270979 0.22 1
-0.0322434 0.0296165 0.22 1
-0.029653 0.0297268 0.22 1
-0.0273209 0.030008 0.22 1
0.00238559 0.0292803 0.2188 1
-0.0318025 0.0325947 0.22 1
-0.029714 0.0330219 0.22 1
-0.0275377 0.0323216 0.22 1
-3.81431e-05 0.0332457 0.218 1
0.00134606 0.0331635 0.218788 1
-0.02822 0.0371356 0.22 1
-0.0264111 0.0372002 0.219789 1
-0.0240502 0.0379184 0.219 1
-3.81431e-05 0.036798 0.218 1
0.00120834 0.037011 0.218562 1
-0.02822 0.0390475 0.22 1
-0.0261362 0.040172 0.219909 1
-0.0228889 0.0402164 0.219163 1
-0.020552 0.0410452 0.219 1
-3.81931e-05 0.0404047 0.218286 1
0.00129099 0.0402344 0.218194 1
-0.0258318 0.0426324 0.22 1
-0.0228012 0.0437062 0.219979 1
-0.0196132 0.0438163 0.219903 1
-0.000196929 0.044316 0.219667 1
0.000438875 0.0440368 0.219857 1
-0.0220757 0.0461955 0.22 1
-0.0198611 0.0464562 0.22 1
-0.000514152 0.0472493 0.219238 1
0.000820751 0.0472281 0.219733 1
-0.0155622 0.051714 0.22 1
-0.0124009 0.0524306 0.219 1
-0.000516146 0.0502801 0.22 1
0.00043916 0.0502801 0.22 1
-0.0177117 0.0541039 0.22 1
-0.015801 0.054104 0.22 1
-0.0122039 0.0542722 0.219524 1
-0.0101789 0.0542372 0.219429 1
-0.0155622 0.0562549 0.22 1
-0.0122186 0.0576888 0.22 1
-0.00928449 0.0581668 0.22 1
-0.0121084 0.0611818 0.22 1
-0.00863625 0.0612737 0.22 1
-0.00567847 0.061862 0.22 1
-0.00266558 0.0627076 0.22 1
-0.0115818 0.0644602 0.22 1
-0.00863625 0.0646195 0.22 1
-0.00529268 0.0646195 0.22 1
-0.00299994 0.0642372 0.22 1
-0.0110245 0.06689 0.22 1
-0.00826777 0.0676923 0.22 1
-0.00529268 0.0682044 0.22 1
-0.00302383 0.0679654 0.22 1
-0.00520312 0.0712516 0.22 1
-0.00338207 0.0710723 0.22 1
-0.00500609 0.0863677 0.22 1
-0.00338207 0.0854118 0.22 1
-0.0773238 -0.0602858 0.223 1
-0.0751147 -0.0604493 0.222784 1
-0.071901 -0.0605252 0.223364 1
-0.0686897 -0.0598952 0.222667 1
-0.0752791 -0.0577099 0.223571 1
-0.0718666 -0.057748 0.222778 1
-0.0682509 -0.0576836 0.221833 1
-0.0647042 -0.0576925 0.221 1
-0.0628271 -0.058418 0.221 1
-0.0751278 -0.0545142 0.223829 1
-0.0717482 -0.0543885 0.222273 1
-0.0682503 -0.0542262 0.221245 1
-0.065217 -0.0542301 0.221 1
0.0112521 -0.0541113 0.2225 1
-0.0751163 -0.0506952 0.223952 1
-0.0717917 -0.0508725 0.222674 1
-0.0683106 -0.0507185 0.221264 1
-0.0651348 -0.0507179 0.221 1
0.0117852 -0.0510981 0.222286 1
-0.0752619 -0.0472127 0.223489 1
-0.0719378 -0.0473878 0.223 1
-0.0683124 -0.0472954 0.221852 1
-0.0654793 -0.0475353 0.221 1
0.0124442 -0.0470792 0.22325 1
-0.0753413 -0.0438385 0.223924 1
-0.0719514 -0.0437619 0.223042 1
-0.0683643 -0.0437228 0.221612 1
-0.0660145 -0.0436018 0.221 1
0.0118054 -0.0448974 0.222667 1
-0.0750973 -0.0407132 0.224 1
-0.0720528 -0.0401713 0.223591 1
-0.0683153 -0.0403288 0.221846 1
-0.0648025 -0.0402637 0.221068 1
-0.0624528 -0.0396128 0.221 1
0.011717 -0.0404808 0.221 1
-0.0718813 -0.0368229 0.223571 1
-0.0682754 -0.0368007 0.222192 1
-0.0649429 -0.0369009 0.221 1
-0.0628957 -0.0371997 0.221 1
0.011259 -0.0362617 0.222444 1
-0.0744002 -0.0331462 0.224 1
-0.0718241 -0.0331481 0.2238 1
-0.0682485 -0.0332762 0.223 1
-0.0647357 -0.0333553 0.221769 1
-0.0622414 -0.0331256 0.221 1
0.00980852 -0.0333142 0.22125 1
0.0108669 -0.0331292 0.22325 1
-0.0742057 -0.0308101 0.224 1
-0.0713205 -0.0299617 0.224 1
-0.06816 -0.0296522 0.223467 1
-0.0647028 -0.0297943 0.22216 1
-0.0614871 -0.0293985 0.221 1
0.00982728 -0.0307314 0.221667 1
0.0108304 -0.0301237 0.2225 1
-0.0705582 -0.0261867 0.224 1
-0.0682187 -0.0261283 0.2235 1
-0.0646805 -0.0261946 0.222273 1
-0.0610986 -0.0261701 0.221278 1
-0.0583373 -0.0255959 0.221 1
0.0107574 -0.0248757 0.221 1
-0.0705009 -0.0230663 0.224 1
-0.0682476 -0.0227383 0.223595 1
-0.0648475 -0.0226535 0.222755 1
-0.0611838 -0.0226437 0.221922 1
-0.0579447 -0.022584 0.221 1
0.0095217 -0.0224139 0.222 1
0.0107574 -0.0243956 0.221 1
-0.0677656 -0.0194681 0.223941 1
-0.0646613 -0.0193139 0.222682 1
-0.0612523 -0.0192004 0.222 1
-0.0576936 -0.0191386 0.221286 1
-0.0556983 -0.019594 0.221 1
0.0088895 -0.019226 0.222286 1
-0.0672848 -0.016004 0.224 1
-0.064838 -0.0157205 0.223468 1
-0.0613097 -0.015838 0.222204 1
-0.0576936 -0.0157731 0.221286 1
0.00858485 -0.0161163 0.222667 1
-0.0669106 -0.0135332 0.224 1
-0.064262 -0.01227 0.223941 1
-0.0612998 -0.0123072 0.2228 1
-0.0578313 -0.0122799 0.221604 1
-0.0551385 -0.0115114 0.221 1
0.00673932 -0.0115348 0.223 1
0.00778488 -0.0119315 0.223737 1
-0.0639926 -0.00866651 0.224 1
-0.0612725 -0.00858125 0.223227 1
-0.0576812 -0.00873987 0.22168 1
-0.0549786 -0.00879052 0.221 1
0.00672723 -0.00870794 0.2226 1
0.00775896 -0.00865366 0.223 1
-0.0635063 -0.00647648 0.224 1
-0.0612089 -0.00531633 0.223787 1
-0.0577808 -0.0052244 0.222548 1
-0.0544862 -0.00513337 0.2214 1
-0.051343 -0.0040813 0.221 1
0.00619017 -0.0052741 0.2215 1
0.00721268 -0.00547183 0.222667 1
-0.0604508 -0.00198005 0.224 1
-0.0577892 -0.00181754 0.223396 1
-0.0541773 -0.00183888 0.222347 1
-0.0507427 -0.0018627 0.221186 1
-0.0487408 -0.00158819 0.221 1
0.00599766 -0.00183729 0.222429 1
-0.060124 0.00111119 0.224 1
-0.0577042 0.0016957 0.223396 1
-0.0541285 0.00178435 0.222429 1
-0.050738 0.00177557 0.221333 1
-0.0484137 0.00216575 0.221 1
0.00599284 0.00178129 0.22225 1
-0.0598587 0.00350032 0.224 1
-0.0576093 0.00523453 0.223605 1
-0.0542071 0.00541771 0.222755 1
-0.050737 0.00545894 0.221822 1
-0.047311 0.00537031 0.221196 1
-0.0451422 0.00585421 0.221 1
0.00619596 0.00536625 0.221882 1
0.00720405 0.00588999 0.2224 1
-0.0569012 0.00854788 0.22365 1
-0.0542657 0.00881419 0.223 1
-0.0507326 0.00879083 0.222367 1
-0.0472154 0.00876409 0.221714 1
-0.0443077 0.00923617 0.221 1
0.00613876 0.00878666 0.222267 1
0.00723428 0.00785837 0.223333 1
-0.0566003 0.0119684 0.224 1
-0.0543808 0.0122328 0.223469 1
-0.0508765 0.0122057 0.223 1
-0.0473409 0.0121685 0.222306 1
-0.0437565 0.0121113 0.221265 1
0.00529356 0.0133111 0.22325 1
-0.0564544 0.0144504 0.224 1
-0.0538099 0.0151196 0.224 1
-0.0506524 0.0156249 0.223381 1
-0.0474013 0.0155919 0.222918 1
-0.0439016 0.0157661 0.221542 1
-0.0415435 0.0171378 0.221 1
0.00524371 0.0152849 0.2225 1
-0.0498446 0.0186757 0.224 1
-0.0471077 0.0190317 0.22349 1
-0.0437699 0.0194134 0.222707 1
-0.0408649 0.0194943 0.221294 1
0.00514527 0.0193355 0.222667 1
-0.0497267 0.0230484 0.224 1
-0.0471473 0.02269 0.223678 1
-0.0438579 0.0228044 0.22286 1
-0.040527 0.0227719 0.221478 1
-0.0384246 0.0233799 0.221 1
0.00573503 0.0218134 0.222857 1
-0.0497267 0.0254817 0.224 1
-0.0471185 0.0262874 0.223787 1
-0.043808 0.0262851 0.222953 1
-0.0404241 0.0261197 0.221755 1
-0.0375249 0.0266209 0.221 1
-0.031947 0.0267409 0.221 1
-0.0300277 0.0251404 0.221 1
0.00454794 0.0264115 0.22225 1
-0.0463535 0.0289196 0.224 1
-0.0436241 0.029645 0.223362 1
-0.0401661 0.0297673 0.222043 1
-0.036669 0.0298237 0.221113 1
-0.0340019 0.0299872 0.221 1
0.00308948 0.0304351 0.221667 1
0.00440062 0.0290824 0.223 1
-0.0432387 0.0330174 0.223875 1
-0.0402299 0.0333694 0.222711 1
-0.0366948 0.0333959 0.222143 1
-0.0334939 0.0333854 0.221256 1
0.00291056 0.0335081 0.2226 1
-0.042918 0.0357018 0.224 1
-0.0403012 0.0368128 0.223605 1
-0.0367328 0.03681 0.222367 1
-0.0332486 0.0366967 0.221673 1
-0.0300344 0.0365923 0.221048 1
0.0026143 0.0365052 0.222 1
-0.0402707 0.0402182 0.224 1
-0.0368415 0.0403117 0.22302 1
-0.0333123 0.0401449 0.222102 1
-0.0298905 0.0402178 0.221531 1
-0.0278685 0.0409055 0.221 1
0.003122 0.0397574 0.224 1
-0.039238 0.0427262 0.224 1
-0.036756 0.043667 0.223805 1
-0.033387 0.0436188 0.222592 1
-0.0299304 0.0437682 0.221642 1
-0.0265984 0.0442807 0.221 1
-0.0240299 0.0452269 0.221 1
0.0011672 0.0440268 0.2222 1
-0.035758 0.0466249 0.224 1
-0.0330372 0.0471522 0.2235 1
-0.0297041 0.04727 0.22225 1
-0.0262286 0.0472171 0.221321 1
-0.0229281 0.0477522 0.221 1
-0.0199514 0.0483479 0.221 1
0.00116615 0.046633 0.222 1
-0.0320261 0.0498583 0.2239 1
-0.0297584 0.0507934 0.223279 1
-0.0262149 0.0506879 0.222019 1
-0.0226517 0.0506454 0.221592 1
-0.0193072 0.0510521 0.221227 1
-0.016901 0.0509545 0.221 1
-0.000518492 0.0521892 0.221 1
0.00106408 0.0508054 0.222143 1
-0.0292716 0.0538014 0.224 1
-0.0262058 0.0542685 0.223465 1
-0.0227211 0.0541787 0.222265 1
-0.0194936 0.0542475 0.221238 1
-0.000888761 0.0543812 0.2215 1
0.000862438 0.0543742 0.223214 1
-0.0256475 0.0575435 0.223903 1
-0.0227878 0.0577286 0.222918 1
-0.0193352 0.0577994 0.221628 1
-0.0159507 0.0581003 0.221 1
-0.000920385 0.0578298 0.221972 1
0.000445398 0.0580225 0.223125 1
-0.0252072 0.0604411 0.224 1
-0.0227549 0.0612203 0.223522 1
-0.0192791 0.0612938 0.222267 1
-0.0158524 0.061246 0.221353 1
-0.0137137 0.0627526 0.221 1
-0.00103818 0.0613027 0.22146 1
0.000834352 0.0615134 0.223067 1
-0.0221676 0.0648211 0.224 1
-0.0194528 0.0648429 0.222906 1
-0.015997 0.0647868 0.222 1
-0.0134258 0.0652014 0.221 1
-0.00164953 0.0652129 0.222154 1
-0.0221234 0.0678739 0.224 1
-0.0194219 0.0683763 0.223558 1
-0.0158642 0.0682805 0.222404 1
-0.0123276 0.0682935 0.22118 1
-0.00933527 0.0691146 0.221 1
-0.00149808 0.0680954 0.222177 1
-0.0191243 0.071587 0.223955 1
-0.015551 0.0716112 0.222957 1
-0.0121126 0.0717808 0.222094 1
-0.00873796 0.0717798 0.221255 1
-0.00560463 0.0728358 0.221 1
-0.00179451 0.071561 0.221783 1
-0.0180337 0.0750412 0.224 1
-0.0156312 0.0752474 0.223604 1
-0.0120719 0.0752819 0.222234 1
-0.00864517 0.0753099 0.221596 1
-0.00531674 0.0752366 0.221 1
-0.00240572 0.0753124 0.222353 1
-0.0177906 0.0774746 0.224 1
-0.015289 0.0783042 0.223828 1
-0.0122096 0.0787124 0.223 1
-0.00876937 0.0787221 0.221761 1
-0.00531674 0.0788378 0.221 1
-0.00206545 0.0785433 0.221667 1
-0.015729 0.08363 0.223625 1
-0.0120239 0.0819732 0.222846 1
-0.00871476 0.0811238 0.222 1
-0.00534395 0.0817704 0.2214 1
-0.00303757 0.0812386 0.221 1
-0.0214381 0.0867214 0.224 1
-0.0190264 0.0861372 0.223478 1
-0.0157085 0.0859925 0.222778 1
-0.0121141 0.0858767 0.222446 1
-0.00866108 0.0857629 0.221864 1
-0.00572773 0.0851303 0.221059 1
-0.0214381 0.0881814 0.224 1
-0.0198359 0.0879816 0.223143 1
-0.0157037 0.0878764 0.222 1
-0.0120887 0.0878764 0.222 1
-0.00943774 0.0878764 0.222 1
-0.0852388 -0.0602487 0.2265 1
-0.0821443 -0.0607928 0.225095 1
-0.0794763 -0.0604142 0.225 1
-0.0853627 -0.0575338 0.227 1
-0.0821016 -0.0577403 0.225333 1
-0.0789336 -0.0575898 0.225 1
-0.0852076 -0.0543152 0.227 1
-0.0821613 -0.0542612 0.226 1
-0.0786961 -0.0542057 0.225114 1
-0.0767353 -0.053679 0.225 1
0.0129969 -0.0539983 0.225952 1
0.0144994 -0.0539095 0.227 1
-0.0846561 -0.0508579 0.227 1
-0.0821275 -0.0507781 0.226519 1
-0.0787494 -0.0507916 0.225558 1
-0.0767353 -0.0512348 0.225 1
0.0130652 -0.0510452 0.226333 1
-0.0849221 -0.0469825 0.227 1
-0.0821327 -0.0471291 0.226408 1
-0.0789004 -0.0471556 0.2256 1
0.0129635 -0.0460613 0.226 1
-0.0850565 -0.0437991 0.227 1
-0.082114 -0.0436716 0.226 1
-0.0788234 -0.0437209 0.225143 1
0.0129864 -0.0441739 0.2264 1
-0.0847827 -0.0406208 0.227 1
-0.0821554 -0.0401698 0.226298 1
-0.0786798 -0.0402612 0.225146 1
-0.0759483 -0.0392309 0.225 1
0.0123446 -0.0394725 0.225875 1
-0.0845637 -0.0368945 0.227 1
-0.0821327 -0.0367976 0.226408 1
-0.0787362 -0.0367041 0.225833 1
-0.0755628 -0.0366427 0.225 1
0.0125899 -0.036896 0.225875 1
-0.0822126 -0.0335416 0.226933 1
-0.0788442 -0.0333153 0.226143 1
-0.076084 -0.0331882 0.225 1
0.01202 -0.0333985 0.226714 1
-0.0812369 -0.0309762 0.227 1
-0.0786101 -0.0299633 0.226714 1
-0.0753953 -0.0296024 0.22541 1
-0.0726876 -0.0289225 0.225 1
0.0120352 -0.0312228 0.227 1
-0.0780174 -0.0259156 0.227 1
-0.0753607 -0.0263383 0.226 1
-0.072583 -0.0263036 0.225 1
-0.0782501 -0.022796 0.227 1
-0.0752462 -0.0226328 0.22604 1
-0.0723649 -0.0227428 0.225032 1
0.00997506 -0.0214152 0.225 1
0.0114081 -0.0224969 0.225714 1
-0.0779102 -0.0191396 0.227 1
-0.0753387 -0.0191111 0.226674 1
-0.0717369 -0.0192195 0.225489 1
-0.0695298 -0.0187265 0.225 1
0.00997506 -0.0192154 0.225 1
0.0114894 -0.0192265 0.226692 1
-0.0774174 -0.0169202 0.227 1
-0.0751175 -0.0159042 0.226947 1
-0.0717489 -0.0155669 0.226021 1
-0.0689635 -0.0153935 0.225 1
0.00965202 -0.0153311 0.225727 1
0.0110494 -0.0171668 0.227 1
-0.0743194 -0.0126224 0.227 1
-0.0718548 -0.0122096 0.226551 1
-0.068327 -0.0120688 0.2253 1
-0.0660532 -0.0117035 0.225 1
0.00948308 -0.0122816 0.225769 1
-0.0741466 -0.00851357 0.227 1
-0.0717496 -0.00878259 0.227 1
-0.0682413 -0.00868686 0.226487 1
-0.0658732 -0.00887773 0.225 1
0.00903233 -0.00873742 0.225857 1
-0.0740906 -0.00582343 0.227 1
-0.0717182 -0.00535714 0.227 1
-0.0680931 -0.00531424 0.22631 1
-0.0648681 -0.00512327 0.225154 1
-0.0625685 -0.00381674 0.225 1
0.00679976 -0.00381674 0.225 1
0.00823502 -0.00567547 0.225706 1
-0.0709253 -0.00218403 0.227 1
-0.0681792 -0.00187404 0.226595 1
-0.0646997 -0.00186572 0.225612 1
-0.0621057 -0.00170699 0.225 1
0.00681703 -0.00186422 0.225571 1
0.00772574 -0.00147697 0.226333 1
-0.0700246 0.000834644 0.227 1
-0.0681172 0.00141316 0.226811 1
-0.064775 0.00156678 0.225877 1
-0.061695 0.00171869 0.225032 1
0.00679976 0.00156056 0.225 1
0.00776124 0.00162674 0.226176 1
-0.0673486 0.00528192 0.226963 1
-0.0647347 0.00522271 0.226365 1
-0.0612614 0.00527178 0.225509 1
-0.0589046 0.00693786 0.225 1
0.00679976 0.00400479 0.225 1
0.00794286 0.00505656 0.226053 1
-0.0668211 0.00773932 0.227 1
-0.0641949 0.00874684 0.227 1
-0.0611697 0.00893935 0.226143 1
-0.0585494 0.00915989 0.225 1
0.00679976 0.00962652 0.225 1
0.0077707 0.00864215 0.2262 1
-0.0637407 0.0117465 0.227 1
-0.0612466 0.0123939 0.226429 1
-0.0583289 0.0124213 0.22525 1
0.00615655 0.0122657 0.226231 1
0.00728827 0.0137817 0.225 1
-0.061311 0.0158537 0.226667 1
-0.0578849 0.0158709 0.225356 1
-0.0548295 0.0165347 0.225 1
-0.0523098 0.0172036 0.225 1
0.00656077 0.016246 0.225909 1
0.00733454 0.0158385 0.226429 1
-0.061311 0.0193009 0.226667 1
-0.057904 0.0192321 0.225857 1
-0.0542639 0.019159 0.225 1
-0.0514775 0.0194849 0.225 1
0.00634969 0.0190399 0.225421 1
0.00732529 0.0192548 0.226143 1
-0.0608412 0.0226158 0.226886 1
-0.0578488 0.0226563 0.226295 1
-0.054354 0.0226185 0.225367 1
-0.0514844 0.0223786 0.225 1
0.00681991 0.0216658 0.225667 1
0.00730986 0.0216658 0.225667 1
-0.0599704 0.0250503 0.227 1
-0.0577091 0.0262075 0.226875 1
-0.0543118 0.0260932 0.225775 1
-0.0510676 0.0264637 0.225 1
-0.048646 0.0279582 0.225 1
0.00508997 0.0257584 0.225 1
-0.0567724 0.0285903 0.227 1
-0.054162 0.0296367 0.226612 1
-0.0507151 0.0297528 0.225854 1
-0.0475874 0.0301475 0.225097 1
-0.0454707 0.0311357 0.225 1
0.00498481 0.02983 0.22575 1
-0.0530436 0.0326903 0.227 1
-0.0506817 0.033117 0.22658 1
-0.0473372 0.0333799 0.225605 1
-0.0450397 0.0336231 0.225 1
0.00437766 0.0329927 0.226 1
-0.0527748 0.036591 0.227 1
-0.0507887 0.0365884 0.226792 1
-0.0471468 0.0367964 0.225952 1
-0.0441493 0.0370486 0.225187 1
0.00314988 0.0381484 0.226 1
0.00414952 0.0363444 0.227 1
-0.0527748 0.0393035 0.227 1
-0.050707 0.039979 0.227 1
-0.0472394 0.0402072 0.226358 1
-0.0437103 0.0401698 0.225136 1
-0.0415626 0.0394461 0.225 1
0.00316382 0.0402899 0.227 1
-0.0501189 0.0427285 0.227 1
-0.0472348 0.0437708 0.226575 1
-0.0435605 0.043646 0.225225 1
-0.0403926 0.0438974 0.225027 1
-0.0378988 0.0450678 0.225 1
0.00241015 0.0434499 0.2255 1
-0.0462621 0.0470185 0.227 1
-0.0437903 0.0473186 0.226408 1
-0.0401312 0.0471948 0.225451 1
-0.0371661 0.0477639 0.225 1
-0.034235 0.0489786 0.225 1
0.00216972 0.0475041 0.226125 1
-0.0436054 0.0505944 0.226973 1
-0.0403665 0.0507803 0.226213 1
-0.0367788 0.0508305 0.225619 1
-0.0334837 0.0510554 0.225055 1
0.00216532 0.0508423 0.225667 1
-0.0424249 0.0531129 0.227 1
-0.040262 0.0542574 0.226864 1
-0.0368406 0.0541065 0.226 1
-0.0333435 0.054301 0.225373 1
-0.0306097 0.0549734 0.225 1
0.00180214 0.0541046 0.226 1
-0.0397528 0.0572834 0.226913 1
-0.036861 0.0575754 0.226122 1
-0.0333722 0.0576314 0.225535 1
-0.0298953 0.0576444 0.225429 1
-0.027347 0.0580711 0.225 1
0.00151078 0.0576459 0.225333 1
-0.036657 0.0611269 0.226837 1
-0.0332903 0.0610866 0.226 1
-0.0298648 0.0612248 0.225949 1
-0.0266351 0.0614531 0.225057 1
-0.0244648 0.0624219 0.225 1
0.00118716 0.0602442 0.226 1
-0.0356072 0.0637987 0.227 1
-0.0330134 0.0646689 0.226879 1
-0.0295543 0.0647881 0.226102 1
-0.0262479 0.0647999 0.225619 1
-0.024002 0.064776 0.225 1
-0.000407552 0.0651552 0.226 1
0.000819148 0.0644186 0.226 1
-0.0318779 0.0669715 0.227 1
-0.0294416 0.0679803 0.226886 1
-0.0262143 0.0681973 0.22575 1
-0.0236394 0.0685493 0.225 1
-3.96886e-05 0.0683503 0.226833 1
0.000452801 0.0683503 0.226833 1
-0.0283787 0.0719034 0.227 1
-0.026099 0.071785 0.226449 1
-0.0225622 0.0719722 0.225163 1
-0.0205567 0.0726876 0.225 1
-3.95865e-05 0.0711244 0.22625 1
0.000451637 0.0711244 0.22625 1
-0.0287729 0.074616 0.227 1
-0.0261263 0.0750637 0.226691 1
-0.0225348 0.0752831 0.225532 1
-0.019468 0.075488 0.225 1
-0.00117327 0.0759476 0.227 1
-0.0251751 0.0782656 0.227 1
-0.0226453 0.0786568 0.226 1
-0.0191689 0.078876 0.225 1
-0.0161951 0.0798457 0.225 1
-0.000531024 0.0774995 0.226444 1
0.000452468 0.0779037 0.226667 1
-0.0228398 0.0835674 0.2268 1
-0.0188483 0.0825154 0.225176 1
-0.0153053 0.0811201 0.225 1
-0.0137176 0.0814868 0.225 1
-0.0350322 0.0873897 0.227 1
-0.0324179 0.0864462 0.227 1
-0.0296794 0.0861953 0.226907 1
-0.0261172 0.086503 0.226619 1
-0.0226356 0.0856552 0.22584 1
-0.0194999 0.0845433 0.2252 1
-0.0426713 0.0891158 0.227 1
-0.0407273 0.0893898 0.227 1
-0.0365304 0.0891454 0.227 1
-0.0331742 0.0886444 0.226429 1
-0.0297047 0.0886982 0.226314 1
-0.0261588 0.0886855 0.226 1
-0.0231422 0.0884106 0.225091 1
-0.0951692 -0.0603687 0.23 1
-0.0928207 -0.0608432 0.229438 1
-0.0892339 -0.0607894 0.228 1
-0.0871638 -0.0603391 0.228 1
-0.0951692 -0.0593692 0.23 1
-0.0923255 -0.0577721 0.229444 1
-0.0890536 -0.0579067 0.228133 1
-0.0871638 -0.0578623 0.228 1
-0.0951692 -0.0538724 0.23 1
-0.0927012 -0.0542424 0.229449 1
-0.0889623 -0.0543516 0.228167 1
-0.0868938 -0.0539444 0.228 1
0.0152161 -0.053635 0.229286 1
-0.0951692 -0.0508742 0.23 1
-0.092767 -0.0507877 0.229612 1
-0.0890475 -0.0507221 0.228633 1
-0.086451 -0.0508875 0.228 1
0.0139016 -0.0504762 0.229333 1
0.0146371 -0.0514516 0.229714 1
-0.0951692 -0.0486256 0.23 1
-0.0926252 -0.0476734 0.23 1
-0.0893217 -0.0473372 0.229318 1
-0.0864832 -0.0476454 0.228 1
0.0138814 -0.0471729 0.229 1
0.0147463 -0.0468417 0.229556 1
-0.0919044 -0.0438695 0.229952 1
-0.0891509 -0.043681 0.228721 1
-0.0869163 -0.0437444 0.228 1
0.0135198 -0.0432668 0.228286 1
0.0147688 -0.0442326 0.22925 1
-0.0920754 -0.0403187 0.22988 1
-0.0891676 -0.0401496 0.228691 1
-0.0864594 -0.0399149 0.228 1
0.0135153 -0.0405963 0.228615 1
0.0143875 -0.0402332 0.229143 1
-0.091424 -0.0371322 0.23 1
-0.0893 -0.036753 0.229409 1
-0.0860283 -0.0366659 0.228091 1
0.0134888 -0.0362937 0.228667 1
0.0143576 -0.036914 0.228667 1
-0.0889147 -0.0335144 0.22975 1
-0.0857503 -0.0330875 0.2285 1
-0.0834017 -0.0319052 0.228 1
0.0131929 -0.0338841 0.23 1
-0.0886638 -0.0298815 0.229964 1
-0.0856802 -0.0296996 0.229065 1
-0.0823065 -0.0294793 0.228108 1
-0.0798623 -0.0286358 0.228 1
-0.0884991 -0.0266502 0.23 1
-0.0857194 -0.0263229 0.229429 1
-0.0821559 -0.0262197 0.228524 1
-0.0797646 -0.0263154 0.228 1
0.0120881 -0.0246729 0.228 1
-0.0879284 -0.0231403 0.23 1
-0.0857146 -0.0228714 0.2295 1
-0.082061 -0.0227167 0.228262 1
-0.0798908 -0.0222342 0.228 1
0.0120881 -0.0241775 0.228 1
-0.085415 -0.019759 0.23 1
-0.0823962 -0.0193236 0.22919 1
-0.0797385 -0.0192239 0.228 1
0.0120881 -0.0177378 0.228 1
-0.0846826 -0.0166442 0.23 1
-0.0823054 -0.0158688 0.229633 1
-0.0786783 -0.0156395 0.228211 1
-0.0765209 -0.0147656 0.228 1
0.0115947 -0.0159075 0.228909 1
-0.0821829 -0.0124862 0.2296 1
-0.0787643 -0.0123293 0.228762 1
-0.0759728 -0.0120942 0.228 1
0.0101967 -0.0108975 0.23 1
0.0111711 -0.0131186 0.2295 1
-0.0816933 -0.00898219 0.229677 1
-0.0787967 -0.00885444 0.228857 1
-0.0759061 -0.00891715 0.228 1
0.0101714 -0.00887841 0.229429 1
0.0111955 -0.00764938 0.23 1
-0.081648 -0.005516 0.23 1
-0.0787046 -0.00532672 0.229128 1
-0.0756417 -0.00525933 0.228233 1
0.00945363 -0.005276 0.2289 1
0.0111955 -0.00664996 0.23 1
-0.081187 -0.00240243 0.23 1
-0.0787806 -0.00189857 0.229531 1
-0.0752332 -0.00189079 0.228595 1
-0.0726597 -0.00144035 0.228 1
0.00884101 -0.00218949 0.2285 1
-0.078078 0.00124698 0.229826 1
-0.0752504 0.00164368 0.229213 1
-0.0718367 0.00159556 0.228175 1
-0.0695411 0.00277024 0.228 1
0.00938184 0.00173412 0.229214 1
-0.0774418 0.00409378 0.23 1
-0.0751543 0.00489365 0.22978 1
-0.0718183 0.00506662 0.228786 1
-0.069343 0.00504891 0.228 1
0.00946963 0.00477787 0.2293 1
-0.0745704 0.00846624 0.23 1
-0.0717877 0.00861785 0.229277 1
-0.0683192 0.00886545 0.228 1
-0.0659133 0.00957794 0.228 1
0.00815174 0.00953643 0.228667 1
-0.0743575 0.0118246 0.23 1
-0.071861 0.0120741 0.229714 1
-0.0681014 0.0124136 0.22815 1
-0.0653079 0.0128096 0.228 1
0.00693071 0.0123018 0.229333 1
0.00781396 0.0120289 0.229667 1
-0.0739462 0.014088 0.23 1
-0.0713978 0.0153458 0.2296 1
-0.0682781 0.015711 0.2287 1
-0.064779 0.0158185 0.228091 1
0.00819927 0.0170862 0.23 1
-0.0710077 0.0187984 0.229818 1
-0.0681208 0.0191897 0.229037 1
-0.0647639 0.0193473 0.228273 1
0.00838161 0.0188241 0.228889 1
-0.0707003 0.0210839 0.23 1
-0.0683024 0.0226168 0.2297 1
-0.0648247 0.0228529 0.228846 1
-0.0624952 0.0235425 0.228 1
0.0058784 0.0239668 0.2295 1
0.00745023 0.0233326 0.23 1
-0.0671216 0.0257478 0.23 1
-0.0649656 0.0262775 0.229488 1
-0.0614921 0.0264368 0.228122 1
-0.0594426 0.0270926 0.228 1
0.00605088 0.0257442 0.229 1
0.00745023 0.0253314 0.23 1
-0.0669551 0.0288293 0.23 1
-0.064835 0.0294893 0.229857 1
-0.0612982 0.0299726 0.22875 1
-0.0581279 0.030027 0.228105 1
0.00593408 0.0297264 0.22925 1
-0.0641254 0.0328687 0.23 1
-0.061284 0.0332316 0.229333 1
-0.0578885 0.0333419 0.2289 1
-0.0548441 0.033415 0.228 1
0.00562686 0.0330579 0.229111 1
-0.0637092 0.0353255 0.23 1
-0.0610396 0.0359406 0.23 1
-0.0580489 0.0368005 0.229333 1
-0.0547399 0.0367522 0.228 1
0.00419522 0.0367424 0.2295 1
-0.0577787 0.0401186 0.229634 1
-0.0543155 0.0404213 0.228317 1
0.00432463 0.0402169 0.22975 1
-0.0574821 0.0436039 0.229941 1
-0.0542008 0.0437283 0.229091 1
-0.0511286 0.0442817 0.228083 1
0.00317775 0.0441826 0.228 1
0.00462455 0.0440579 0.229571 1
-0.056843 0.0460693 0.23 1
-0.0543547 0.0469684 0.229857 1
-0.05066 0.0472742 0.228571 1
-0.0479098 0.0473789 0.228083 1
0.00318372 0.0472453 0.228429 1
0.00459836 0.0468581 0.2297 1
-0.053722 0.0505667 0.23 1
-0.0506875 0.0507117 0.229 1
-0.0472415 0.0507331 0.2282 1
-0.0447899 0.0518113 0.228 1
0.00318372 0.0507157 0.228429 1
-0.0532226 0.0528154 0.23 1
-0.0508155 0.0539158 0.229868 1
-0.0472136 0.0541536 0.228977 1
-0.0438142 0.0543311 0.228098 1
0.00293721 0.0542091 0.2285 1
0.00419522 0.0536968 0.2295 1
-0.0469734 0.0572873 0.229793 1
-0.0437241 0.0577183 0.228633 1
-0.0411649 0.0582433 0.228 1
0.00253341 0.0574769 0.229333 1
-0.0462315 0.0600612 0.23 1
-0.0437639 0.0610799 0.229526 1
-0.0403318 0.061199 0.228523 1
-0.0381566 0.0620157 0.228 1
0.0022069 0.0615603 0.23 1
-0.043181 0.0642109 0.23 1
-0.0403242 0.0646163 0.229178 1
-0.0369817 0.0650504 0.228061 1
-0.0341964 0.0661025 0.228 1
0.00153758 0.065197 0.229333 1
-0.0424862 0.0665574 0.23 1
-0.0401556 0.0678027 0.229909 1
-0.0368478 0.0682723 0.229159 1
-0.0333105 0.0685694 0.228143 1
-0.0305828 0.0695452 0.228 1
-3.98927e-05 0.0687032 0.228 1
0.00132893 0.0682621 0.2291 1
-0.0392404 0.0705551 0.23 1
-0.0368522 0.0713884 0.22959 1
-0.0332842 0.0718992 0.228596 1
-0.0300586 0.0718468 0.228 1
0.00120712 0.0714931 0.2298 1
-0.035828 0.0747859 0.23 1
-0.0333468 0.0751732 0.228952 1
-0.0302849 0.0755877 0.228077 1
-0.0275136 0.0768766 0.228 1
-4.00677e-05 0.0760933 0.229 1
0.00110156 0.0764983 0.2288 1
-0.0354951 0.0773011 0.23 1
-0.0332307 0.0783194 0.229923 1
-0.0296017 0.0786533 0.228886 1
-0.0270186 0.0786104 0.228 1
-4.00677e-05 0.0772116 0.229 1
0.001241 0.0775395 0.2285 1
-0.040364 0.0824232 0.23 1
-0.0367079 0.0827266 0.23 1
-0.0330772 0.0831016 0.228375 1
-0.0297412 0.0830687 0.228 1
-0.0262761 0.083564 0.228 1
-0.024296 0.0835641 0.228 1
-0.0433525 0.0864395 0.22972 1
-0.0404325 0.0857658 0.229836 1
-0.0366903 0.0860113 0.229556 1
-0.0337772 0.0854179 0.228324 1
-0.0293452 0.0847034 0.228 1
-0.0262761 0.0848024 0.228 1
-0.024296 0.0848024 0.228 1
-0.0468806 0.0895261 0.2298 1
-0.0440264 0.0884973 0.228556 1
-0.0401259 0.0883997 0.228455 1
-0.0371432 0.0881042 0.228273 1
-0.0953573 -0.0576951 0.231 1
-0.0943292 -0.0578708 0.231 1
-0.095583 -0.0556123 0.231 1
0.0163427 -0.0532013 0.232167 1
0.0156519 -0.0506719 0.23312 1
-0.0953617 -0.0467556 0.231 1
-0.0939188 -0.0463047 0.231 1
0.0152463 -0.0479723 0.232083 1
-0.0953322 -0.0435672 0.231 1
-0.0938276 -0.0435672 0.231 1
0.0152895 -0.0429059 0.2315 1
-0.0953322 -0.040054 0.231 1
-0.0937485 -0.0398427 0.231 1
0.0153555 -0.0410729 0.2325 1
-0.0954352 -0.0365195 0.23164 1
-0.0930108 -0.0364835 0.231 1
0.0150871 -0.0362331 0.23225 1
-0.0954931 -0.0331706 0.232 1
-0.0926895 -0.0330682 0.231286 1
-0.0905676 -0.0322748 0.231 1
0.0132503 -0.0325258 0.231 1
0.0149313 -0.0336528 0.233217 1
-0.0954931 -0.0296422 0.232 1
-0.0927661 -0.0295747 0.231476 1
-0.0905676 -0.0295145 0.231 1
0.0128796 -0.029813 0.233357 1
0.0144385 -0.0296436 0.234 1
-0.0954931 -0.0261139 0.232 1
-0.0928802 -0.0260866 0.231762 1
-0.0902113 -0.0260541 0.231 1
0.012871 -0.0265249 0.232364 1
0.0144385 -0.0271016 0.234 1
-0.0957828 -0.0225835 0.233 1
-0.0927028 -0.0226694 0.232196 1
-0.0896836 -0.0228578 0.231364 1
0.0133268 -0.0234559 0.232333 1
-0.0954569 -0.0195742 0.233917 1
-0.0926242 -0.0191921 0.232811 1
-0.089193 -0.0193369 0.231333 1
-0.0867226 -0.0185567 0.231 1
0.013365 -0.0178737 0.233 1
-0.0947921 -0.016171 0.234 1
-0.0924926 -0.0155747 0.232686 1
-0.0892718 -0.0156793 0.231652 1
-0.0862898 -0.0157865 0.231 1
0.0124062 -0.0149 0.234 1
-0.0926077 -0.0120951 0.233579 1
-0.08919 -0.0121854 0.232268 1
-0.0858228 -0.0124324 0.231158 1
-0.0837969 -0.0111958 0.231 1
0.0113415 -0.0112927 0.233 1
-0.0919531 -0.00880649 0.233591 1
-0.0890553 -0.00882483 0.23235 1
-0.0856681 -0.00894869 0.231309 1
-0.0836145 -0.00866359 0.231 1
0.0118109 -0.00898651 0.23225 1
-0.0915624 -0.00542198 0.234 1
-0.0892154 -0.00536819 0.233091 1
-0.0856368 -0.00545856 0.232 1
-0.0832498 -0.00537854 0.231 1
0.0102411 -0.0044204 0.231 1
0.0117813 -0.0050729 0.232778 1
-0.0914898 -0.00346101 0.234 1
-0.0890691 -0.00196683 0.233535 1
-0.0855782 -0.0019223 0.232429 1
-0.0827081 -0.0017115 0.23132 1
0.0101589 -0.00305176 0.232 1
0.0109621 -0.00306655 0.233 1
-0.088839 0.00171812 0.233875 1
-0.0855342 0.00161605 0.233 1
-0.0820827 0.00169071 0.232158 1
-0.0795966 0.00191585 0.231 1
0.0113415 0.00313473 0.233 1
-0.0884885 0.00490104 0.233818 1
-0.0855494 0.0051608 0.233041 1
-0.081961 0.0051414 0.23219 1
-0.0787745 0.00528829 0.231222 1
-0.0765247 0.00637005 0.231 1
0.0102411 0.00536629 0.231 1
0.0113415 0.00364095 0.233 1
-0.0881875 0.00772378 0.234 1
-0.0857902 0.00872994 0.233694 1
-0.0820121 0.00867832 0.232333 1
-0.0787103 0.0086487 0.231524 1
-0.0763575 0.00879582 0.231 1
0.00931798 0.00845011 0.233 1
-0.0853314 0.0122906 0.233829 1
-0.0822213 0.0122437 0.232928 1
-0.078824 0.0121877 0.231857 1
-0.0760933 0.0123223 0.231 1
0.00896325 0.0124235 0.231545 1
0.0105827 0.0124999 0.233 1
-0.0851723 0.0153719 0.234 1
-0.0823566 0.0158115 0.23331 1
-0.0788813 0.0158214 0.232478 1
-0.0752653 0.0156717 0.231233 1
-0.0730139 0.0164077 0.231 1
0.00901665 0.0155838 0.232129 1
0.0106281 0.0155532 0.234 1
-0.0821025 0.0193152 0.233879 1
-0.0789078 0.0193053 0.233042 1
-0.0754413 0.0193225 0.232419 1
-0.0727005 0.0194105 0.231053 1
0.0097672 0.0181051 0.2328 1
0.0106281 0.0184002 0.234 1
-0.0814982 0.0227216 0.234 1
-0.0787691 0.0227144 0.233097 1
-0.0753322 0.0228517 0.232735 1
-0.0718513 0.0228817 0.231429 1
-0.0697539 0.0239359 0.231 1
0.00818777 0.0229459 0.233714 1
-0.0812018 0.0250094 0.234 1
-0.0787847 0.0260528 0.233865 1
-0.0752406 0.0262803 0.233 1
-0.0717835 0.0262949 0.231881 1
-0.0687964 0.0262856 0.231 1
0.00728403 0.0260481 0.232667 1
-0.0780265 0.0280598 0.234 1
-0.0753749 0.0297942 0.23365 1
-0.0716375 0.0298654 0.232224 1
-0.0682346 0.0298847 0.231 1
-0.0659924 0.0312132 0.231 1
0.00622878 0.0304604 0.231 1
0.00726942 0.0303672 0.2322 1
-0.0748135 0.0332465 0.233926 1
-0.0715472 0.0332131 0.232488 1
-0.0681119 0.0332759 0.231381 1
-0.0657695 0.0334995 0.231 1
0.00622878 0.0342245 0.231 1
0.00769378 0.0330251 0.2328 1
-0.0738775 0.0363636 0.234 1
-0.0717292 0.0366499 0.233175 1
-0.0681154 0.0368107 0.231707 1
-0.064829 0.0369282 0.231116 1
-0.0618768 0.0374719 0.231 1
0.005764 0.0369608 0.232417 1
0.00732577 0.0354315 0.234 1
-0.0737081 0.0397529 0.234 1
-0.0718285 0.0401769 0.233875 1
-0.0683 0.0402072 0.232682 1
-0.0644372 0.0403154 0.231957 1
-0.061262 0.0403912 0.231432 1
-0.0592217 0.0415017 0.231 1
0.00581634 0.0401922 0.232923 1
-0.0707445 0.042888 0.234 1
-0.068173 0.0436914 0.233309 1
-0.064812 0.0437351 0.232822 1
-0.0611792 0.0439051 0.231762 1
-0.0592217 0.0437602 0.231 1
0.00474114 0.04365 0.23175 1
-0.0677094 0.0472687 0.233844 1
-0.0646583 0.047109 0.233 1
-0.0612174 0.0474232 0.2321 1
-0.0580153 0.0475718 0.231 1
-0.0554601 0.048779 0.231 1
0.00528226 0.0485454 0.2335 1
-0.0671035 0.0496667 0.234 1
-0.0644595 0.050681 0.233886 1
-0.0613856 0.0508298 0.232917 1
-0.057846 0.0506504 0.231659 1
-0.0554602 0.0507866 0.231 1
0.00436739 0.0507525 0.232 1
-0.0630391 0.0537339 0.234 1
-0.0611255 0.0541287 0.233765 1
-0.0578724 0.0540925 0.232947 1
-0.0543914 0.0543867 0.23125 1
-0.0518993 0.0555043 0.231 1
0.00424092 0.0542882 0.232 1
-0.0608375 0.0564454 0.234 1
-0.0578393 0.0574395 0.233857 1
-0.0543444 0.0577788 0.23241 1
-0.0508399 0.0577156 0.231488 1
-0.0482715 0.0584821 0.231 1
0.0031914 0.0580999 0.231571 1
0.00418707 0.0581428 0.233667 1
-0.0571118 0.0608939 0.234 1
-0.0541865 0.0613094 0.233356 1
-0.0507266 0.0611636 0.232286 1
-0.0475241 0.0614938 0.231353 1
-0.0451786 0.0625807 0.231 1
0.00317621 0.0616482 0.232077 1
0.00448678 0.0611674 0.233593 1
-0.054195 0.0642292 0.233833 1
-0.0508248 0.0648241 0.232878 1
-0.0473747 0.0646901 0.231766 1
-0.0445979 0.0652619 0.231 1
0.00238234 0.0646756 0.2324 1
0.0035154 0.0649187 0.234 1
-0.0528781 0.0674607 0.234 1
-0.0506511 0.068393 0.233268 1
-0.0473237 0.0681641 0.232182 1
-0.0437386 0.0683436 0.231333 1
-0.0411664 0.0694817 0.231 1
0.00222609 0.0696564 0.232 1
-0.050332 0.0717009 0.233733 1
-0.0471639 0.0717795 0.233 1
-0.0436911 0.0715948 0.23195 1
-0.040438 0.0720365 0.231056 1
-0.0379063 0.0731203 0.231 1
0.00223611 0.071817 0.231526 1
0.00351039 0.0726945 0.233667 1
-0.0528781 0.0766119 0.234 1
-0.0505561 0.0752226 0.233455 1
-0.0471165 0.0750644 0.233143 1
-0.0437256 0.0751427 0.2326 1
-0.0403184 0.0753346 0.231756 1
-0.0374141 0.0755275 0.231 1
-4.04177e-05 0.074626 0.231 1
0.00197629 0.0753706 0.232048 1
0.00350038 0.0747658 0.233 1
-0.0537573 0.0802187 0.2334 1
-0.0521462 0.0800812 0.233 1
-0.0463286 0.077297 0.233 1
-0.0435838 0.0775887 0.232444 1
-0.040396 0.0777129 0.2319 1
-0.0369033 0.0781391 0.231 1
0.0022165 0.0773863 0.231 1
-0.0538746 0.0822314 0.233129 1
-0.0509396 0.0822244 0.23202 1
-0.0473891 0.0822578 0.232 1
-0.0437543 0.0826138 0.231415 1
-0.0386587 0.0836598 0.231 1
-0.0375553 0.0832583 0.231 1
-0.0607529 0.0870341 0.234 1
-0.0574807 0.0868951 0.233048 1
-0.0543075 0.0858777 0.2325 1
-0.050915 0.0857862 0.232 1
-0.0473017 0.0858814 0.231849 1
-0.0443034 0.0852188 0.231461 1
-0.0386587 0.0849145 0.231 1
-0.0376556 0.0849145 0.231 1
-0.0665954 0.0903387 0.234 1
-0.064464 0.0892736 0.233743 1
-0.0611412 0.0891003 0.232538 1
-0.0577924 0.0892513 0.232017 1
-0.0543214 0.0893806 0.2324 1
-0.0507999 0.0892809 0.231345 1
-0.0480266 0.0886012 0.231143 1
-0.0708907 0.0917021 0.234 1
-0.0681513 0.0917368 0.234 1
-0.0647953 0.0915011 0.233647 1
-0.0617506 0.0913776 0.232333 1
-0.0572114 0.0913308 0.232 1
-0.0546615 0.0913614 0.232545 1
0.0170513 -0.0537672 0.235 1
0.0171964 -0.0516502 0.237 1
0.0166551 -0.0437611 0.23525 1
0.0179682 -0.0434114 0.237 1
0.0166349 -0.0414908 0.236333 1
0.0165974 -0.0362781 0.2358 1
0.0156126 -0.0331842 0.235364 1
0.0151073 -0.0297056 0.2365 1
0.0148647 -0.0259905 0.236143 1
0.0134797 -0.024154 0.235 1
-0.0968554 -0.0186015 0.235 1
-0.09664 -0.0155859 0.23525 1
0.0131955 -0.0154546 0.236 1
-0.098323 -0.0125165 0.237 1
-0.0964419 -0.012179 0.2357 1
-0.0941768 -0.0106238 0.235 1
0.0128857 -0.0119284 0.236 1
-0.098323 -0.00788218 0.237 1
-0.0965135 -0.0086611 0.236154 1
-0.0938622 -0.00834125 0.235053 1
-0.098323 -0.00659489 0.237 1
-0.0962693 -0.00513457 0.236829 1
-0.0933973 -0.00521814 0.235522 1
-0.098323 -0.00221809 0.237 1
-0.096266 -0.00175047 0.236865 1
-0.0928727 -0.0019356 0.235605 1
0.0102282 -0.00118683 0.2365 1
0.0110902 -0.00194839 0.23575 1
-0.098323 0.00215871 0.237 1
-0.096199 0.00169857 0.237 1
-0.0926282 0.00163408 0.2356 1
-0.0906052 0.00132358 0.235 1
0.0102498 0.000356496 0.237 1
0.0107644 0.000356496 0.237 1
-0.098323 0.00447584 0.237 1
-0.0961299 0.00502753 0.237 1
-0.0927974 0.00527368 0.236139 1
-0.0902898 0.00544728 0.235053 1
0.0114875 0.00445695 0.236 1
-0.0949783 0.00730788 0.237 1
-0.0928371 0.00884494 0.236786 1
-0.0896334 0.00900411 0.235379 1
0.00943795 0.0103535 0.236 1
-0.0924135 0.0121323 0.236938 1
-0.0890876 0.0123086 0.235487 1
-0.0872888 0.0123519 0.235 1
0.00943795 0.0108663 0.236 1
-0.0918394 0.0153406 0.237 1
-0.0891614 0.0157816 0.236032 1
-0.0865085 0.0164365 0.235 1
0.0102065 0.0167628 0.236 1
0.0107189 0.0167628 0.236 1
-0.0915126 0.019151 0.237 1
-0.089176 0.0191205 0.236619 1
-0.0856253 0.0192729 0.235333 1
-0.0837173 0.0202658 0.235 1
0.00947795 0.0201808 0.237 1
-0.0913763 0.0212107 0.237 1
-0.0888422 0.0225078 0.236941 1
-0.0857518 0.0225842 0.236053 1
-0.0832921 0.0227336 0.235 1
0.00946652 0.0227264 0.236714 1
-0.0875171 0.0263598 0.237 1
-0.0858296 0.0263153 0.2366 1
-0.08249 0.026441 0.235 1
-0.0798906 0.0276691 0.235 1
0.00817969 0.0258546 0.2352 1
-0.0875171 0.0289344 0.237 1
-0.0853716 0.0297594 0.236429 1
-0.0821841 0.0297539 0.235605 1
-0.0789597 0.0298865 0.235105 1
0.00789628 0.0292203 0.235833 1
-0.0853731 0.0325388 0.237 1
-0.0823909 0.0331558 0.236606 1
-0.0787617 0.0333046 0.235596 1
-0.0764041 0.0336258 0.235 1
0.008431 0.0332377 0.2365 1
-0.0816283 0.03662 0.237 1
-0.0787408 0.036779 0.236 1
-0.0756199 0.0369617 0.235061 1
0.00801126 0.036997 0.2362 1
-0.0813424 0.0397477 0.237 1
-0.0787094 0.0401223 0.235951 1
-0.0753475 0.0405321 0.235026 1
0.00776261 0.0398115 0.236 1
-0.0785372 0.043616 0.236618 1
-0.0752331 0.0437909 0.235707 1
-0.0720673 0.0440925 0.235 1
0.00633664 0.0432415 0.235 1
0.00738839 0.0421437 0.236 1
-0.0774832 0.0461842 0.237 1
-0.0750866 0.0470841 0.236647 1
-0.0718317 0.0470984 0.235737 1
-0.0696166 0.0476743 0.235 1
0.00639057 0.0461842 0.237 1
-0.0738444 0.0497518 0.237 1
-0.0716551 0.0506984 0.236441 1
-0.0685505 0.0509562 0.235324 1
-0.0657745 0.0520064 0.235 1
0.00532072 0.0511998 0.2352 1
-0.0710977 0.053994 0.23688 1
-0.068145 0.0543065 0.236079 1
-0.0649492 0.0543107 0.235105 1
-0.0627982 0.0554953 0.235 1
0.00534787 0.0540295 0.2364 1
-0.0702793 0.056225 0.237 1
-0.0680005 0.0574756 0.237 1
-0.0647221 0.0577986 0.235842 1
-0.0613866 0.0582353 0.235 1
-0.0589716 0.0593246 0.235 1
0.00429576 0.0575375 0.235 1
-0.0671919 0.0606018 0.237 1
-0.0646659 0.0611689 0.236645 1
-0.0610419 0.0612883 0.235316 1
-0.0587448 0.0616505 0.235 1
0.0053162 0.0600904 0.235 1
-0.06359 0.0642063 0.237 1
-0.0614866 0.0646846 0.236588 1
-0.0577801 0.0649211 0.23519 1
-0.0548048 0.0660471 0.235 1
0.00225487 0.0662173 0.235 1
0.00431404 0.0649609 0.236 1
-0.0610561 0.0679121 0.237 1
-0.0578482 0.0683011 0.236024 1
-0.0545074 0.068483 0.235353 1
0.0025559 0.0681388 0.23625 1
0.00355546 0.0678837 0.236667 1
-0.0602183 0.0715099 0.237 1
-0.0577738 0.0719217 0.236951 1
-0.0540607 0.0716479 0.235667 1
-0.0518285 0.0725994 0.235 1
0.00302021 0.0700466 0.235 1
0.00353043 0.0700466 0.235 1
-0.0597308 0.0737322 0.237 1
-0.0569566 0.0748068 0.237 1
-0.0540702 0.0750021 0.235632 1
-0.0518285 0.0736206 0.235 1
0.00429576 0.0754076 0.235 1
-0.0578087 0.0802564 0.2365 1
-0.0574843 0.0821779 0.236355 1
-0.0557229 0.0823988 0.235286 1
-0.0779977 0.0871201 0.237 1
-0.0710907 0.0867636 0.237 1
-0.0679166 0.0863264 0.236455 1
-0.0647614 0.0863149 0.236064 1
-0.0613641 0.0867066 0.236429 1
-0.057878 0.0856607 0.236 1
-0.0556552 0.0845979 0.235 1
-0.0810851 0.0904671 0.237 1
-0.0785965 0.0893832 0.23648 1
-0.075167 0.0894704 0.236884 1
-0.0716179 0.0893341 0.2365 1
-0.068385 0.0895572 0.235605 1
-0.0653957 0.0883808 0.235 1
-0.0625431 0.0879166 0.235 1
-0.0916336 0.0935566 0.237 1
-0.0898327 0.0935566 0.237 1
-0.0818258 0.0927717 0.236909 1
-0.07863 0.0923931 0.236111 1
-0.0754737 0.0923337 0.236344 1
-0.0726981 0.091787 0.2355 1
-0.0683086 0.0915927 0.235 1
0.0184101 -0.0539915 0.2394 1
0.0184306 -0.0519702 0.239667 1
0.0167223 -0.0474173 0.2398 1
0.0176746 -0.0460467 0.24 1
0.0180726 -0.0432454 0.239111 1
0.0161556 -0.0403728 0.239333 1
0.0181295 -0.0413691 0.2398 1
0.016893 -0.0335323 0.24 1
0.0157628 -0.0284184 0.238667 1
0.0157752 -0.0258452 0.238833 1
0.0137092 -0.0219688 0.239 1
0.0155691 -0.0232163 0.239933 1
0.0135737 -0.0191684 0.239667 1
0.0146596 -0.0196447 0.24075 1
0.0136948 -0.0154629 0.23875 1
0.014784 -0.0155173 0.2396 1
0.0136518 -0.0133449 0.238 1
0.014791 -0.0124009 0.239714 1
0.0131616 -0.0094855 0.2385 1
-0.0984794 -0.00481291 0.238 1
0.0126183 -0.00377872 0.238 1
-0.0984794 -0.00067618 0.238 1
0.0122677 -0.00150867 0.2392 1
-0.0984794 0.000358 0.238 1
0.0117309 0.000362513 0.241 1
-0.0984794 0.00630454 0.238 1
-0.0969293 0.00682163 0.238 1
0.0103363 0.00659066 0.239 1
0.0115363 0.0062066 0.2402 1
-0.0986743 0.00909699 0.238889 1
-0.0963718 0.00889451 0.238111 1
0.0103795 0.00818254 0.24 1
0.0113157 0.00793778 0.2405 1
-0.0986338 0.0123026 0.239 1
-0.0961392 0.0123336 0.238412 1
-0.0940872 0.0127682 0.238 1
-0.0986338 0.0156778 0.239 1
-0.0960989 0.015645 0.2385 1
-0.0936313 0.0159163 0.238 1
-0.0986732 0.0193209 0.239095 1
-0.0960989 0.0192722 0.2385 1
-0.0934051 0.0192318 0.238 1
0.0103219 0.020322 0.238667 1
0.0117913 0.0200668 0.24 1
-0.0989456 0.0228699 0.240304 1
-0.0961027 0.0227046 0.239156 1
-0.0928493 0.0227016 0.238176 1
-0.090384 0.0237994 0.238 1
0.0103672 0.0230142 0.239714 1
0.0110642 0.022673 0.239778 1
-0.0991103 0.0260629 0.241 1
-0.0964863 0.0262564 0.240762 1
-0.0929947 0.0262444 0.239526 1
-0.0896281 0.0261762 0.23825 1
0.00951901 0.0264608 0.2393 1
0.0109233 0.0259664 0.2405 1
-0.0965813 0.0296846 0.241 1
-0.0927881 0.0298052 0.239955 1
-0.0894126 0.0296805 0.238727 1
-0.0873697 0.0306078 0.238 1
0.00918366 0.0295605 0.24 1
-0.0955689 0.0325872 0.241 1
-0.0928814 0.0332749 0.240811 1
-0.0892261 0.0332958 0.239371 1
-0.0861025 0.0339162 0.238105 1
-0.0837525 0.0347445 0.238 1
-0.0920465 0.0361424 0.241 1
-0.0893186 0.0367475 0.240333 1
-0.0857162 0.0367388 0.238579 1
-0.0834941 0.0368128 0.238 1
0.00963791 0.0375387 0.241 1
-0.0890309 0.0403222 0.240676 1
-0.085859 0.0401791 0.239294 1
-0.0828913 0.0406479 0.238 1
0.00955793 0.0393042 0.239 1
-0.0890707 0.0438976 0.2408 1
-0.085582 0.0438094 0.2395 1
-0.0821883 0.0438576 0.238265 1
-0.0800062 0.0446985 0.238 1
0.00641754 0.0450863 0.238 1
0.00751361 0.044683 0.24 1
-0.0887352 0.0467333 0.240905 1
-0.0858794 0.0473576 0.240333 1
-0.0823087 0.0471054 0.239055 1
-0.078985 0.0475139 0.238314 1
-0.0765183 0.0484473 0.238 1
0.00643102 0.0472559 0.2385 1
0.00748857 0.047395 0.2392 1
-0.0856938 0.0509515 0.240895 1
-0.0823 0.0506304 0.240087 1
-0.0786137 0.0507717 0.238973 1
-0.0754405 0.0509368 0.238 1
-0.0734179 0.052067 0.238 1
0.00643776 0.0506711 0.23875 1
0.00770368 0.051132 0.2405 1
-0.0852941 0.0534339 0.241 1
-0.0822053 0.0540166 0.240929 1
-0.0788657 0.0542633 0.239537 1
-0.0753856 0.0542501 0.2385 1
-0.0727863 0.0547674 0.238 1
0.00643551 0.0542885 0.238667 1
0.00764834 0.0541615 0.240125 1
-0.0811128 0.0574685 0.241 1
-0.078638 0.0578515 0.240294 1
-0.0752849 0.0575517 0.239526 1
-0.0717605 0.0578773 0.2385 1
-0.069284 0.0586599 0.238 1
0.00590053 0.0577478 0.239538 1
-0.0783798 0.0606896 0.241 1
-0.0751579 0.0611729 0.240468 1
-0.0715657 0.0613214 0.239194 1
-0.068693 0.0612629 0.2381 1
-0.0661836 0.0626674 0.238 1
0.00540669 0.0600747 0.239 1
-0.0742248 0.0644293 0.240857 1
-0.0716666 0.0647362 0.239917 1
-0.0681838 0.0646589 0.238667 1
-0.065197 0.0650411 0.238036 1
0.00542931 0.0644975 0.24 1
-0.07382 0.0673843 0.241 1
-0.0718073 0.0681694 0.240649 1
-0.0684086 0.0682525 0.239452 1
-0.0647779 0.068287 0.238349 1
-0.062345 0.0691679 0.238 1
0.00307161 0.0696811 0.239 1
0.00432588 0.0687469 0.239923 1
-0.071141 0.0718727 0.240923 1
-0.0682006 0.0717813 0.239944 1
-0.0646835 0.0716334 0.2388 1
-0.0620497 0.0717165 0.238 1
0.0030684 0.0716836 0.23875 1
0.00407431 0.0714015 0.2399 1
-0.0708629 0.0745951 0.240857 1
-0.0681564 0.0747144 0.24 1
-0.0646653 0.0749957 0.239294 1
-0.0613814 0.0749173 0.238118 1
-0.0585359 0.075698 0.238 1
0.00308446 0.0736227 0.24 1
0.00360554 0.0736227 0.24 1
-0.0722503 0.0799509 0.241 1
-0.0641344 0.0804013 0.24 1
-0.0618784 0.080178 0.239333 1
-0.0581742 0.0771459 0.238 1
-0.0976278 0.083878 0.241 1
-0.081645 0.0829736 0.241 1
-0.0790525 0.0832671 0.241 1
-0.0748852 0.0828121 0.241 1
-0.0720625 0.0824414 0.241 1
-0.0678802 0.0826685 0.240793 1
-0.0649504 0.0823793 0.239956 1
-0.0614203 0.0822488 0.238683 1
-0.059466 0.0823168 0.238 1
-0.0964593 0.0859774 0.240846 1
-0.0931802 0.0867578 0.241 1
-0.0817408 0.0858687 0.240414 1
-0.0787188 0.0857973 0.239288 1
-0.0753684 0.0859816 0.2398 1
-0.0718288 0.0853898 0.239045 1
-0.0685567 0.0847374 0.239 1
-0.0645027 0.0846906 0.23828 1
-0.0614223 0.0850772 0.238286 1
-0.0590785 0.0849022 0.238 1
-0.0957489 0.0890189 0.241 1
-0.092657 0.0891141 0.241 1
-0.0892733 0.0894794 0.240889 1
-0.0855856 0.0900789 0.24029 1
-0.0824896 0.0890227 0.239026 1
-0.0786885 0.0880048 0.238 1
-0.0752264 0.0880048 0.238 1
-0.0951962 0.0914392 0.240429 1
-0.0926762 0.0920332 0.239419 1
-0.0892558 0.0924085 0.239115 1
-0.0858593 0.0928067 0.238551 1
-0.0830869 0.0920291 0.238067 1
0.0199046 -0.0563213 0.245 1
0.0199046 -0.0547244 0.245 1
0.017368 -0.0503191 0.243 1
0.0185 -0.0505251 0.244 1
0.0174037 -0.0483059 0.2435 1
0.0184484 -0.0480087 0.243333 1
0.017069 -0.039676 0.2425 1
0.018688 -0.0402869 0.243 1
0.0159829 -0.0330231 0.242 1
0.0167773 -0.0302944 0.243333 1
0.0182714 -0.0288478 0.2445 1
0.0170338 -0.025925 0.242 1
0.0167008 -0.0218618 0.242875 1
0.0183088 -0.0211896 0.245 1
0.0160771 -0.0196785 0.2434 1
0.0183088 -0.0206573 0.245 1
0.0159083 -0.0157475 0.243143 1
0.016115 -0.0118259 0.244 1
0.0134577 -0.00804924 0.243143 1
0.0149425 -0.00798594 0.244462 1
0.0134684 -0.00551884 0.242444 1
0.0152898 -0.005192 0.243486 1
0.0136373 -0.00174006 0.242333 1
0.01496 -0.00193579 0.242818 1
0.0127855 0.00175935 0.243 1
0.014811 0.00169455 0.244333 1
0.013092 0.00474084 0.243462 1
0.0146385 0.00414785 0.245 1
0.010466 0.00982809 0.242 1
0.0116609 0.00943821 0.2428 1
0.0113485 0.0121904 0.244 1
0.0117031 0.0157379 0.2448 1
0.0125876 0.0186119 0.243 1
0.0142609 0.0194516 0.244 1
0.0122778 0.0225457 0.2436 1
-0.100134 0.0277046 0.242 1
0.010466 0.0277046 0.242 1
0.012345 0.0263067 0.243857 1
-0.0996091 0.0298077 0.242 1
0.010466 0.0287562 0.242 1
0.0117227 0.0296545 0.243333 1
-0.0995944 0.0334086 0.242811 1
-0.0969666 0.0337511 0.242 1
0.0097019 0.0327819 0.2426 1
0.0113937 0.0325726 0.245 1
-0.0994932 0.0367943 0.243 1
-0.0959989 0.0368723 0.2423 1
-0.0932457 0.0377236 0.242 1
0.00972588 0.0367668 0.2432 1
-0.0996694 0.0402984 0.243429 1
-0.0961968 0.0403143 0.242526 1
-0.0927787 0.0403233 0.242 1
-0.0909398 0.041112 0.242 1
0.00918813 0.0404954 0.243 1
-0.101642 0.0442832 0.245 1
-0.099701 0.0439383 0.244382 1
-0.0961252 0.0435482 0.242788 1
-0.0927787 0.0437409 0.242 1
-0.0909398 0.0426894 0.242 1
0.0084312 0.0439476 0.243875 1
-0.0992986 0.0470026 0.244769 1
-0.0962199 0.0471344 0.243471 1
-0.0929714 0.0472571 0.2425 1
-0.0902042 0.0479997 0.242 1
0.00824238 0.0465601 0.243 1
-0.0989062 0.0501004 0.245 1
-0.0964594 0.0507813 0.244364 1
-0.0928904 0.0505985 0.243333 1
-0.0891982 0.0508757 0.242471 1
0.00855493 0.0509221 0.2429 1
-0.0956113 0.0536013 0.244941 1
-0.0927414 0.0542631 0.244558 1
-0.0892929 0.0542699 0.243233 1
-0.0857998 0.0550338 0.242 1
-0.0832687 0.0555184 0.242 1
0.00926418 0.054083 0.243333 1
-0.0924439 0.0574797 0.245 1
-0.0891158 0.0577169 0.243816 1
-0.0856884 0.0577797 0.242649 1
-0.0829444 0.0578177 0.24205 1
0.00759501 0.0580819 0.2426 1
-0.0910032 0.0607844 0.245 1
-0.0892119 0.0614828 0.244839 1
-0.0857849 0.061159 0.243343 1
-0.082461 0.0613185 0.242595 1
-0.0794856 0.0619329 0.242 1
0.00655775 0.0613968 0.2432 1
0.00765971 0.0615009 0.244667 1
-0.0881308 0.0643508 0.245 1
-0.0858215 0.064706 0.244333 1
-0.0822798 0.0648562 0.243432 1
-0.0787558 0.0646437 0.2425 1
-0.0759892 0.0652262 0.242 1
0.00660628 0.0637121 0.245 1
-0.0854582 0.0680753 0.245 1
-0.0822301 0.0680922 0.243788 1
-0.0786864 0.0682405 0.243 1
-0.0753267 0.0684412 0.242357 1
0.00578751 0.0690504 0.244125 1
-0.0844871 0.0704989 0.245 1
-0.0818938 0.071584 0.2445 1
-0.0786141 0.0718452 0.243694 1
-0.0751093 0.0717295 0.242821 1
-0.0728128 0.0721331 0.242 1
0.00574683 0.0718272 0.243154 1
0.00767014 0.0716965 0.245 1
-0.081211 0.0740374 0.244571 1
-0.0787122 0.0743196 0.244 1
-0.0751576 0.0745095 0.243143 1
-0.0728128 0.0744991 0.242 1
0.00545848 0.0752501 0.243429 1
0.00767014 0.074358 0.245 1
-0.084977 0.0796636 0.244714 1
-0.0821085 0.0794737 0.243615 1
-0.0788854 0.0795254 0.242833 1
-0.0753151 0.0795678 0.242125 1
-0.0707112 0.0800198 0.242 1
-0.0987575 0.0834824 0.244444 1
-0.0977852 0.0835587 0.244667 1
-0.0925199 0.0825227 0.244789 1
-0.0892083 0.0823175 0.244143 1
-0.0857462 0.0821209 0.243419 1
-0.0826047 0.0816052 0.242667 1
-0.0786488 0.0817363 0.242057 1
-0.0759176 0.0815493 0.242 1
-0.0707111 0.08186 0.242 1
-0.0693601 0.0818976 0.242 1
-0.0983082 0.0841614 0.243333 1
-0.0962496 0.0852952 0.243515 1
-0.0925392 0.0855724 0.243174 1
-0.0895049 0.0859998 0.243696 1
-0.0857806 0.0856658 0.24318 1
-0.0835839 0.0858034 0.242 1
-0.0886724 0.0881932 0.242727 1
-0.0862623 0.0884676 0.242769 1
0.0205421 -0.0539924 0.247333 1
0.0218341 -0.0545673 0.247778 1
0.0202097 -0.0509733 0.247 1
0.0214944 -0.0516228 0.248 1
0.0197381 -0.0478129 0.247333 1
0.0189945 -0.0388034 0.247 1
0.0187462 -0.0369656 0.24725 1
0.0167307 -0.0326921 0.246556 1
0.0176538 -0.0326321 0.247 1
0.0170483 -0.0284914 0.246 1
0.0182161 -0.0300827 0.247333 1
0.0170483 -0.0274225 0.246 1
0.0181663 -0.0274968 0.246667 1
0.0163132 -0.018411 0.247 1
0.0184583 -0.0189476 0.247 1
0.0171176 -0.0162644 0.247 1
0.0176538 -0.0162644 0.247 1
0.0159556 -0.0125974 0.247 1
0.0159901 -0.00876328 0.246769 1
0.0176777 -0.00795861 0.247333 1
0.0170483 -0.00684533 0.246 1
0.0175824 -0.00684533 0.246 1
0.0130955 0.00654294 0.247 1
0.0152406 0.00466469 0.247 1
0.0130955 0.00707959 0.247 1
0.0119742 0.0121284 0.246 1
0.0128739 0.015784 0.2472 1
0.0144946 0.0173458 0.248 1
0.0136141 0.0185047 0.246667 1
0.0149558 0.0191476 0.2476 1
0.0128167 0.0234019 0.246769 1
0.0150331 0.0211175 0.248 1
0.0139562 0.0251586 0.248 1
0.0144946 0.0251586 0.248 1
0.00983785 0.0348434 0.246 1
0.0109061 0.034309 0.246 1
0.00983785 0.0353779 0.246 1
0.010906 0.0367141 0.246 1
0.00987786 0.0416931 0.247 1
0.0109441 0.0403291 0.246857 1
0.00986452 0.0437791 0.246667 1
0.01098 0.0439595 0.247667 1
-0.101523 0.0474035 0.246 1
-0.100721 0.0484724 0.246 1
0.00943087 0.0470744 0.247286 1
-0.101523 0.0508776 0.246 1
-0.100236 0.0513149 0.246 1
0.00967935 0.0510611 0.2474 1
-0.101866 0.0545366 0.246833 1
-0.0998113 0.0544389 0.246389 1
-0.0969234 0.0549158 0.246 1
0.0109504 0.0540359 0.247 1
-0.102066 0.0581281 0.247909 1
-0.0997132 0.0578516 0.24725 1
-0.0962122 0.0577439 0.246429 1
-0.0933509 0.0590015 0.246 1
0.00884095 0.0574876 0.248 1
-0.10181 0.0601817 0.248 1
-0.099544 0.0612458 0.247945 1
-0.0961248 0.0610382 0.246969 1
-0.0930114 0.0613996 0.246226 1
-0.0908406 0.0626359 0.246 1
0.00879937 0.0615043 0.246833 1
-0.0993866 0.0639534 0.248 1
-0.096048 0.0645795 0.247968 1
-0.0927609 0.0647287 0.246844 1
-0.0898579 0.0650517 0.246 1
0.00663325 0.0655755 0.246 1
0.00824895 0.064613 0.2464 1
-0.095079 0.0669169 0.248 1
-0.0925115 0.0679565 0.247467 1
-0.0891359 0.0683766 0.246235 1
-0.0871019 0.0687824 0.246 1
0.00636656 0.0681464 0.247429 1
0.00776407 0.0674557 0.248 1
-0.0922399 0.0716193 0.248 1
-0.0892734 0.0716973 0.246833 1
-0.0859184 0.071935 0.246029 1
-0.0838972 0.0725237 0.246 1
0.00668718 0.0701498 0.248 1
0.00770145 0.0719891 0.246 1
-0.0923868 0.0739215 0.248 1
-0.0893329 0.0736234 0.247 1
-0.0856774 0.0740813 0.246091 1
-0.0833631 0.0741271 0.246 1
-0.0995453 0.0788497 0.246524 1
-0.0961139 0.0787588 0.246667 1
-0.0928435 0.0788928 0.246 1
-0.0892791 0.079241 0.246114 1
-0.0867458 0.0793233 0.246 1
-0.0991187 0.0816653 0.246286 1
-0.0963839 0.0821361 0.24641 1
-0.0930438 0.0810084 0.246 1
-0.0892383 0.080808 0.246 1
-0.0871019 0.080808 0.246 1
-0.0961434 0.0844729 0.246 1
0.022392 -0.0561588 0.249 1
0.0226719 -0.0540903 0.249909 1
0.0214819 -0.0511565 0.251 1
0.0200799 -0.046683 0.251538 1
0.0215675 -0.048349 0.252 1
0.019835 -0.0449728 0.252 1
0.0199261 -0.0406839 0.252 1
0.0198293 -0.0364027 0.250533 1
0.0211813 -0.0372865 0.250667 1
0.0195873 -0.03319 0.250485 1
0.021294 -0.0332926 0.252 1
0.020058 -0.029527 0.250222 1
0.0212095 -0.0296176 0.251 1
0.0194729 -0.026258 0.24968 1
0.0211926 -0.0265927 0.2508 1
0.0187571 -0.0231627 0.251 1
0.0172793 -0.0191252 0.249333 1
0.0182704 -0.0191114 0.249143 1
0.0172793 -0.0145213 0.249333 1
0.0184474 -0.0159311 0.249818 1
0.0170866 -0.0115045 0.2505 1
0.0178504 -0.0118343 0.24975 1
0.0166932 -0.00978902 0.251 1
0.0177968 -0.0101747 0.249 1
0.0174641 -0.00619103 0.252 1
0.0180112 -0.00619103 0.252 1
0.0166433 -0.00181097 0.252 1
0.0147267 0.00595203 0.2492 1
0.0133076 0.00909855 0.251 1
0.0143784 0.00918423 0.250667 1
0.0132546 0.0123227 0.25 1
0.0147141 0.0126868 0.25175 1
0.0132015 0.0155222 0.249 1
0.0149253 0.0157281 0.25 1
0.0153846 0.0192431 0.249333 1
0.0147431 0.0225236 0.250667 1
0.0142828 0.026342 0.249 1
0.0133076 0.0309162 0.251 1
0.012952 0.0332542 0.250143 1
0.0122663 0.038157 0.252 1
0.0121551 0.0402539 0.249714 1
0.0121528 0.0437698 0.249667 1
0.00995781 0.0485226 0.249 1
0.0116554 0.0472029 0.2506 1
0.00998448 0.0500079 0.249667 1
0.0111425 0.0497956 0.251333 1
0.0111056 0.0531656 0.2505 1
0.00999782 0.0568649 0.25 1
-0.102297 0.0618154 0.249 1
0.00964263 0.0612504 0.250167 1
-0.10222 0.0647523 0.249 1
-0.0997874 0.0658342 0.249 1
-0.0976249 0.0658342 0.249 1
0.0100512 0.0647254 0.251333 1
-0.102358 0.0682724 0.2496 1
-0.09974 0.0680907 0.249333 1
-0.0964915 0.0682372 0.249182 1
-0.0941109 0.0693507 0.249 1
0.00850233 0.0685765 0.249875 1
-0.10311 0.0716419 0.2515 1
-0.0997232 0.0714907 0.25075 1
-0.0962602 0.0717877 0.250056 1
-0.0937684 0.0722396 0.249167 1
0.00894117 0.0717424 0.25075 1
0.0108985 0.0726499 0.252 1
0.0086063 0.0739491 0.249 1
0.0227517 -0.0526635 0.253 1
0.0250475 -0.0548031 0.254 1
0.0219413 -0.0507334 0.2538 1
0.0205545 -0.0455177 0.253 1
0.0221334 -0.0476887 0.254333 1
0.0209389 -0.044651 0.254333 1
0.0209115 -0.0371439 0.254 1
0.021463 -0.0371439 0.254 1
0.0222 -0.0322925 0.2536 1
0.0222609 -0.0307564 0.253667 1
0.0200843 -0.0250032 0.254 1
0.0195724 -0.0228384 0.2545 1
0.0201238 -0.020077 0.2545 1
0.017808 -0.0128118 0.253 1
0.0166254 0.00581824 0.2545 1
0.0151583 0.00843919 0.253286 1
0.0161206 0.0122753 0.253333 1
0.0167095 0.0146723 0.253 1
0.014627 0.0244837 0.255 1
0.014627 0.0250377 0.255 1
0.0145695 0.0301821 0.254 1
0.0130904 0.0366935 0.254455 1
0.014627 0.0363952 0.255 1
0.0135196 0.0402734 0.255 1
0.0135196 0.0435975 0.255 1
0.0135197 0.0455366 0.255 1
0.0120819 0.0508534 0.253875 1
0.0121234 0.0531028 0.25475 1
0.00980492 0.0592305 0.254333 1
0.0112607 0.056671 0.254 1
0.00991408 0.0603352 0.2534 1
0.0112903 0.0612462 0.254667 1
0.0101178 0.0668918 0.253 1
0.00988206 0.0723988 0.254 1
0.00984315 0.0740376 0.253 1
0.0241331 -0.0535661 0.256 1
0.0253434 -0.0537732 0.257 1
0.0233669 -0.0510598 0.256733 1
0.0245446 -0.0508962 0.2574 1
0.0232036 -0.0470062 0.257727 1
0.02457 -0.0471956 0.257667 1
0.0226925 -0.043677 0.257794 1
0.0246971 -0.043671 0.259 1
0.0226026 -0.0404123 0.257733 1
0.0246971 -0.0415327 0.259 1
0.0225359 -0.0367186 0.2568 1
0.0223236 -0.0255983 0.258 1
0.0202425 -0.0235314 0.256 1
0.0220461 -0.0230421 0.258182 1
0.0202952 -0.0182936 0.256667 1
0.0198564 -0.0152972 0.257143 1
0.0196172 -0.0121088 0.258 1
0.01902 -0.00886811 0.25825 1
0.01816 -0.00465898 0.258 1
0.0169736 -0.000730163 0.257 1
0.0189727 -0.00169434 0.258143 1
0.0170491 0.00179385 0.258143 1
0.018877 0.00106425 0.2586 1
0.0171057 0.00404724 0.259 1
0.0185517 0.00581577 0.259 1
0.0162311 0.00857601 0.257 1
0.0182303 0.00742353 0.259 1
0.0169736 0.0216046 0.257 1
0.0146843 0.0279169 0.256 1
0.015861 0.030002 0.257 1
0.0154937 0.0328153 0.257875 1
0.015104 0.0373785 0.257714 1
0.0152734 0.0400228 0.257556 1
0.0152718 0.0438434 0.2584 1
0.0136027 0.0473489 0.258333 1
0.0140129 0.0482204 0.259 1
0.0136169 0.0511627 0.256833 1
0.012864 0.0543865 0.256667 1
0.0118596 0.0587156 0.2574 1
0.0123449 0.060358 0.2582 1
0.0100377 0.0659716 0.258 1
0.0105978 0.0659716 0.258 1
0.0100377 0.0693348 0.258 1
0.0105978 0.0693348 0.258 1
0.00999878 0.0712967 0.257 1
0.0108379 0.0725762 0.258 1
0.0256393 -0.0529908 0.26 1
0.024228 -0.0510138 0.26 1
0.0251688 -0.0514845 0.26 1
0.024228 -0.0442351 0.26 1
0.0254227 -0.0435924 0.260667 1
0.0240869 -0.0398572 0.26 1
0.0247925 -0.0399984 0.26 1
0.0237522 -0.0368075 0.261429 1
0.0251726 -0.0378564 0.2616 1
0.0240378 -0.0256922 0.261 1
0.0222522 -0.0213571 0.26 1
0.0222523 -0.0207922 0.26 1
0.0205588 -0.0165555 0.26 1
0.0205588 -0.0126013 0.26 1
0.021799 -0.0120982 0.261333 1
0.0205851 -0.00865675 0.260333 1
0.0217711 -0.00868038 0.261 1
0.0197972 -0.00528122 0.261111 1
0.0214889 -0.00562351 0.262 1
0.0205167 -0.00225274 0.260667 1
0.0210013 -0.0030213 0.262 1
0.0198402 0.0022472 0.260444 1
0.019628 0.00450042 0.26075 1
0.0188207 0.00807875 0.262 1
0.0169544 0.0117338 0.261 1
0.0179109 0.0126999 0.2605 1
0.0183007 0.0142309 0.26 1
0.0170194 0.0206019 0.262 1
0.0175882 0.0206019 0.262 1
0.016653 0.023287 0.260222 1
0.0175882 0.0211711 0.262 1
0.016125 0.0265098 0.261333 1
0.0164094 0.0287824 0.261333 1
0.0181102 0.0295384 0.261333 1
0.0156664 0.0334371 0.26 1
0.0160428 0.0371088 0.26 1
0.0149711 0.0468938 0.261 1
0.0135025 0.0495363 0.26 1
0.0148747 0.0507831 0.261429 1
0.0135544 0.0548305 0.261 1
0.0141211 0.0548305 0.261 1
0.0128251 0.0577837 0.26 1
0.014067 0.058857 0.26 1
0.0132016 0.0618467 0.261 1
0.013322 0.0632944 0.262 1
0.0117468 0.0689217 0.26175 1
0.0119598 0.0715146 0.261 1
0.0120912 0.0735441 0.26 1
0.026083 -0.0501694 0.2645 1
0.0262309 -0.0475676 0.266 1
0.0237187 -0.0352737 0.2644 1
0.0252611 -0.0361243 0.264364 1
0.0238764 -0.0344994 0.2655 1
0.0247871 -0.0345643 0.266 1
0.0242096 -0.0250285 0.266 1
0.0247871 -0.0250285 0.266 1
0.0221048 -0.0197505 0.265 1
0.0220214 -0.0150895 0.264 1
0.0233432 -0.01347 0.266 1
0.0231677 -0.007633 0.264 1
0.0221048 -0.0042074 0.265 1
0.0221048 0.00270162 0.265 1
0.0170844 0.0098238 0.263 1
0.0192008 0.0094966 0.264789 1
0.0213219 0.00964691 0.266 1
0.0170844 0.0109666 0.263 1
0.0194641 0.0122039 0.265069 1
0.0213219 0.0125365 0.266 1
0.0172143 0.0168075 0.265 1
0.0193756 0.0161854 0.265167 1
0.0213219 0.016293 0.266 1
0.0172143 0.0191105 0.265 1
0.0187063 0.0191646 0.26575 1
0.0213219 0.0180268 0.266 1
0.0170844 0.024109 0.263 1
0.0185492 0.0226864 0.264636 1
0.0171277 0.0261751 0.263667 1
0.0183307 0.0264874 0.265 1
0.0170844 0.0281088 0.263 1
0.0184298 0.0286597 0.263571 1
0.016413 0.0347866 0.266 1
0.0165239 0.03598 0.265 1
0.0177896 0.0355195 0.265 1
0.0172143 0.0389739 0.265 1
0.0177896 0.0389739 0.265 1
0.016413 0.0437445 0.266 1
0.0159994 0.0475366 0.263 1
0.0160488 0.0496283 0.2638 1
0.0137725 0.057732 0.2652 1
0.0143483 0.057732 0.2652 1
0.0138141 0.0596373 0.266 1
0.0144902 0.0616135 0.2636 1
0.012705 0.0652281 0.264154 1
0.0145526 0.0640462 0.264429 1
0.0122697 0.0681815 0.264714 1
0.01457 0.0695134 0.264 1
0.0133897 0.0704814 0.263333 1
0.01457 0.0700869 0.264 1
0.0264094 -0.0534193 0.2684 1
0.0265267 -0.0524874 0.269 1
0.0268188 -0.0390452 0.269 1
0.0264298 -0.0368884 0.2686 1
0.0244462 -0.0331497 0.2686 1
0.0252627 -0.0336281 0.268429 1
0.0236065 -0.0305708 0.269 1
0.0233858 -0.0190266 0.268333 1
0.0250666 -0.0182975 0.269 1
0.0235612 -0.0161229 0.268182 1
0.0249735 -0.0159004 0.268 1
0.0222716 -0.00307896 0.267 1
0.0209784 0.00858682 0.269 1
0.0215624 0.00858682 0.269 1
0.0208224 0.0108433 0.267 1
0.0221311 0.0122536 0.2674 1
0.0208224 0.0143239 0.267 1
0.0214021 0.0143239 0.267 1
0.0202806 0.0195825 0.2675 1
0.0214421 0.0195825 0.2675 1
0.0202193 0.0227828 0.2686 1
0.0215624 0.0226134 0.269 1
0.0201745 0.0259351 0.268 1
0.0215624 0.0261201 0.269 1
0.0174091 0.0376662 0.268 1
0.0179911 0.0376662 0.268 1
0.0173442 0.0404283 0.267 1
0.0179239 0.0404283 0.267 1
0.0164746 0.0427487 0.267 1
0.0165364 0.051934 0.268 1
0.0156169 0.0546529 0.2682 1
0.0153535 0.057104 0.267667 1
0.0148877 0.0618963 0.269 1
0.0134633 0.068346 0.2682 1
0.0277084 -0.0575049 0.272 1
0.0291768 -0.0570257 0.272222 1
0.0277695 -0.054373 0.2726 1
0.0294872 -0.054749 0.272667 1
0.0271179 -0.0506104 0.272 1
0.028299 -0.0521863 0.272 1
0.0259682 -0.0329436 0.271 1
0.0253001 -0.0307067 0.2715 1
0.0261356 -0.0266766 0.271 1
0.0248667 -0.0195388 0.27 1
0.025143 -0.0141211 0.273 1
0.025143 -0.013528 0.273 1
0.0226053 -0.000769936 0.271 1
0.0226053 0.021604 0.271 1
0.0203265 0.0287752 0.272 1
0.0178652 0.034493 0.2705 1
0.019208 0.0367016 0.2712 1
0.0196196 0.039353 0.272 1
0.0179737 0.0438677 0.272143 1
0.0184691 0.0469372 0.271667 1
0.0180303 0.050827 0.273 1
0.0166684 0.0546712 0.270667 1
0.0177836 0.053056 0.2715 1
0.0162397 0.0580068 0.2708 1
0.017669 0.0571413 0.272 1
0.0159868 0.0605212 0.27225 1
0.0134854 0.0692958 0.271 1
0.0147288 0.0682384 0.2722 1
0.0300515 -0.0533105 0.275067 1
0.0279121 -0.0513794 0.274 1
0.028507 -0.0513794 0.274 1
0.027217 -0.0445586 0.276 1
0.0290148 -0.0445587 0.276 1
0.0276147 -0.032925 0.274 1
0.0240454 -0.0293531 0.274 1
0.0261355 -0.029372 0.275111 1
0.0260283 -0.0264758 0.274 1
0.0252352 -0.0225071 0.274 1
0.0252352 -0.0207212 0.274 1
0.0240454 -0.0126846 0.274 1
0.024133 -0.00705482 0.275 1
0.024133 -0.00585986 0.275 1
0.0230223 -0.00198345 0.276 1
0.0229945 0.0198791 0.275667 1
0.0229389 0.0210266 0.275 1
0.0195086 0.0336922 0.274333 1
0.0205133 0.0361953 0.2745 1
0.0201042 0.0411418 0.274333 1
0.0193331 0.0439747 0.274667 1
0.0203417 0.0473849 0.2754 1
0.0189034 0.0508998 0.275214 1
0.0187742 0.0535658 0.2752 1
0.0172249 0.0581265 0.274333 1
0.0178314 0.0576643 0.2745 1
0.0163116 0.062324 0.274 1
0.0163712 0.0637463 0.275 1
0.0156216 0.0691514 0.2744 1
0.0158698 0.0710804 0.275143 1
0.0300465 -0.0508828 0.278625 1
0.0273156 -0.0477292 0.277 1
0.0296251 -0.0473651 0.2775 1
0.0273156 -0.0429146 0.277 1
0.0291467 -0.0429528 0.27725 1
0.0274143 -0.0412575 0.278 1
0.0293659 -0.0402395 0.279333 1
0.0278157 -0.0365566 0.279 1
0.0294011 -0.0366436 0.279667 1
0.0276163 -0.0327839 0.277 1
0.0296847 -0.0331356 0.278955 1
0.0276828 -0.0297459 0.277667 1
0.0294295 -0.0300087 0.278385 1
0.0278157 -0.0274641 0.279 1
0.0284215 -0.0274641 0.279 1
0.0268107 -0.0201177 0.278 1
0.0270035 -0.0156999 0.28 1
0.0241235 -0.0113726 0.278333 1
0.0257046 -0.0126352 0.279444 1
0.0241235 -0.00955994 0.278333 1
0.0260548 -0.00866793 0.279286 1
0.0242101 -0.0041308 0.279333 1
0.0251682 -0.00509899 0.2792 1
0.0242332 -0.00170688 0.2796 1
0.025395 -0.00151953 0.279538 1
0.0233382 0.000899025 0.2776 1
0.0248758 0.000421177 0.28 1
0.0232559 0.0158647 0.2788 1
0.0236547 0.0188282 0.278636 1
0.0247514 0.0194855 0.2786 1
0.0241812 0.0213325 0.279 1
0.024787 0.0213325 0.279 1
0.0206204 0.0308383 0.28 1
0.0217308 0.0298861 0.278667 1
0.0204976 0.0330721 0.278333 1
0.0217966 0.0337895 0.278833 1
0.0223586 0.0363102 0.277667 1
0.0220611 0.0401253 0.279 1
0.0204436 0.0441456 0.2776 1
0.0217018 0.0438475 0.278267 1
0.0204731 0.0460199 0.278 1
0.0210767 0.0460199 0.278 1
0.020085 0.0511912 0.279111 1
0.0188959 0.0548817 0.277 1
0.0190323 0.0573981 0.279 1
0.0173924 0.0615017 0.277 1
0.0179938 0.0615017 0.277 1
0.016791 0.0651127 0.277 1
0.0179315 0.0651736 0.278714 1
0.0168015 0.0682633 0.277167 1
0.0186743 0.0693127 0.278167 1
0.0173924 0.07083 0.277 1
0.0179938 0.07083 0.277 1
0.0297506 -0.0281653 0.283 1
0.0292591 -0.0268126 0.283 1
0.0271965 -0.0228579 0.282 1
0.0266786 -0.0118792 0.281375 1
0.0284209 -0.0121359 0.282 1
0.0267254 -0.00925595 0.281333 1
0.0285016 -0.00909732 0.2828 1
0.0265662 -0.00508551 0.2818 1
0.0284209 -0.00570268 0.282 1
0.0269717 -0.001721 0.2822 1
0.0243546 0.00164371 0.281 1
0.0255869 0.00192411 0.281889 1
0.0230664 0.0055783 0.2824 1
0.0252447 0.00575447 0.283 1
0.0233978 0.00858733 0.282 1
0.0255965 0.00861196 0.282824 1
0.0239748 0.0116017 0.281917 1
0.0255207 0.0116079 0.282083 1
0.0243546 0.0141592 0.281 1
0.0249647 0.0141592 0.281 1
0.0223774 0.0311687 0.283 1
0.0228576 0.0333397 0.282429 1
0.0255812 0.0342869 0.283 1
0.0235229 0.0377981 0.282 1
0.023495 0.0437857 0.282 1
0.0222527 0.0468389 0.2822 1
0.020694 0.0498743 0.281 1
0.0216872 0.049438 0.282 1
0.0193052 0.0606819 0.283 1
0.0196694 0.0650363 0.282333 1
0.0179486 0.0678845 0.281 1
0.0269153 -0.0253203 0.2842 1
0.0292734 -0.0252085 0.284333 1
0.0274215 -0.0225339 0.284333 1
0.0294245 -0.0228529 0.2858 1
0.0286225 -0.0149986 0.284 1
0.0273893 -0.00358351 0.284 1
0.0273893 -0.00296648 0.284 1
0.0273893 0.00166126 0.284 1
0.026422 0.00487273 0.2842 1
0.0236897 0.0269595 0.284 1
0.0237898 0.0298627 0.2852 1
0.0251861 0.0306739 0.287 1
0.0238565 0.0324311 0.286 1
0.0254783 0.0328863 0.286231 1
0.0234022 0.0410335 0.28425 1
0.0231148 0.0421509 0.2845 1
0.0223537 0.0478358 0.284 1
0.0224244 0.0506754 0.285364 1
0.0205128 0.0652809 0.287 1
0.0211359 0.0652809 0.287 1
0.01999 0.0679922 0.284 1
0.0219937 0.0675389 0.286 1
0.0292272 -0.0213011 0.29 1
0.0292272 -0.020671 0.29 1
0.0290256 -0.00738832 0.288 1
0.0290256 -0.0067626 0.288 1
0.0254494 0.0155578 0.29 1
0.0260962 0.0302379 0.2888 1
0.0265245 0.0329708 0.288 1
0.0254055 0.0369175 0.2895 1
0.0241068 0.0399921 0.289 1
0.023793 0.0484687 0.289 1
0.0234793 0.0505617 0.289 1
0.0205842 0.0558096 0.288 1
0.0221461 0.0548782 0.289091 1
0.0205842 0.0564354 0.288 1
0.0218348 0.0564354 0.288 1
0.0203658 0.0619353 0.289333 1
0.02132 0.0614478 0.2895 1
0.0199335 0.0638737 0.28875 1
0.0223008 0.0654456 0.288667 1
0.0227727 0.0670726 0.288 1
0.0306967 -0.021448 0.292 1
0.0278916 -0.0192594 0.2925 1
0.0298411 -0.0192541 0.292417 1
0.0294288 -0.0170071 0.292 1
0.0268929 0.0131275 0.292 1
0.0268295 0.0160458 0.292 1
0.0284778 0.0162995 0.292 1
0.0268486 0.0187036 0.292375 1
0.0285266 0.0188706 0.2925 1
0.0264388 0.0272701 0.294 1
0.0283538 0.0272701 0.294 1
0.0266801 0.0287286 0.292143 1
0.0285754 0.0284505 0.293 1
0.0255372 0.0396366 0.291 1
0.0241223 0.0481846 0.293 1
0.0208224 0.0583538 0.291333 1
0.0221901 0.0586208 0.292667 1
0.0207986 0.0598683 0.291 1
0.0229838 0.0613128 0.293 1
0.0250765 0.0625078 0.293 1
0.0208701 0.0651494 0.292 1
0.0230044 0.0647323 0.292727 1
0.0250765 0.0631444 0.293 1
0.0233831 0.066751 0.293 1
0.0271691 0.0206331 0.295 1
0.024287 0.0244786 0.295 1
0.0266661 0.023281 0.295211 1
0.0285145 0.0238908 0.295667 1
0.024287 0.0257605 0.295 1
0.0262085 0.0257605 0.295 1
0.0284502 0.0257605 0.295 1
0.02694 0.0414431 0.296 1
0.0264791 0.0432355 0.2966 1
0.0258202 0.0614629 0.296667 1
0.0265638 0.0449488 0.299 1
0.0263474 0.0466812 0.299 1
0.0257613 0.0521161 0.301 1
0.0240205 0.0548166 0.299667 1
0.0261873 0.0544587 0.300826 1
0.0240205 0.0577434 0.299667 1
0.0258336 0.0572618 0.300556 1
0.023887 0.0600136 0.298 1
0.024534 0.0600136 0.298 1
0.0259324 0.0504875 0.303 1
0.0265025 0.0588507 0.302 1
0.0265025 0.060491 0.302 1
