0.0319941 -0.0246819 0.248 1
0.0134177 -0.021449 0.248 1
0.0158407 -0.021449 0.248 1
0.0194857 -0.0219322 0.247684 1
0.0228308 -0.0219782 0.247889 1
0.026305 -0.021959 0.247667 1
0.0299919 -0.022201 0.247636 1
0.0331912 -0.0225637 0.247432 1
0.0365396 -0.0222656 0.247333 1
0.0397912 -0.0219821 0.247933 1
-0.0248119 -0.0179467 0.248 1
-0.0226581 -0.0179467 0.248 1
-0.0189428 -0.0183778 0.248 1
-0.0156583 -0.0184855 0.248 1
-0.0126071 -0.0181263 0.248 1
-0.0073124 -0.0179467 0.248 1
-0.00515862 -0.0182161 0.248 1
-0.00143438 -0.0183957 0.248 1
0.00192035 -0.018961 0.248 1
0.00534106 -0.0190243 0.248 1
0.00884096 -0.0184855 0.248 1
0.0124126 -0.0191501 0.248 1
0.0158124 -0.0192613 0.247571 1
0.0192641 -0.0192177 0.24702 1
0.0227574 -0.019224 0.247095 1
0.0262032 -0.0191937 0.246714 1
0.0297145 -0.0192123 0.246952 1
0.0332058 -0.019216 0.247 1
0.0366489 -0.0191949 0.246714 1
0.039901 -0.0191106 0.24741 1
-0.0291194 -0.0157915 0.248 1
-0.0257542 -0.0157915 0.248 1
-0.0226581 -0.0157914 0.248 1
-0.0191582 -0.0157915 0.248 1
-0.0156583 -0.0157914 0.248 1
-0.0127268 -0.0162704 0.248 1
-0.00767137 -0.0165099 0.248 1
-0.00515863 -0.0157914 0.248 1
-0.00165873 -0.0157915 0.248 1
0.00184117 -0.0157915 0.248 1
0.0049462 -0.0160788 0.248 1
0.00911019 -0.0165997 0.248 1
0.0124485 -0.0162225 0.248 1
0.0158369 -0.0157877 0.247945 1
0.0193226 -0.0157752 0.247762 1
0.0228298 -0.0157839 0.247889 1
0.0262792 -0.0157536 0.247429 1
0.0297671 -0.0157511 0.247389 1
0.0332369 -0.0157421 0.247238 1
0.0366586 -0.0157127 0.246778 1
0.0402566 -0.0157577 0.247476 1
-0.0159275 -0.0136362 0.248 1
-0.00408173 -0.0136362 0.248 1
-0.00165873 -0.0130974 0.248 1
0.00171879 -0.0131464 0.248 1
0.00372573 -0.0136362 0.248 1
0.0171869 -0.0136362 0.248 1
0.0182638 -0.0136362 0.248 1
0.0268789 -0.0136362 0.248 1
0.0298403 -0.0136362 0.248 1
0.0333402 -0.0136362 0.248 1
0.0368401 -0.0136362 0.248 1
0.0398016 -0.0136362 0.248 1
0.0133606 -0.0248062 0.252 1
0.0174641 -0.0248062 0.252 1
0.019379 -0.0248062 0.252 1
0.0226618 -0.0248062 0.252 1
0.0262452 -0.0248361 0.2512 1
0.0300645 -0.0254107 0.250933 1
0.0333955 -0.0256292 0.251111 1
0.0366032 -0.0252697 0.250909 1
0.0390757 -0.0253537 0.252 1
-0.0254361 -0.0214786 0.2515 1
-0.0226597 -0.0214358 0.251 1
-0.0194186 -0.0214643 0.251333 1
-0.0158477 -0.0214358 0.251 1
-0.0123128 -0.0214501 0.251167 1
-0.00848129 -0.0218729 0.251455 1
-0.00535727 -0.0223929 0.251 1
-0.00167879 -0.0219833 0.251 1
0.00185989 -0.0219459 0.250583 1
0.00509472 -0.0220256 0.250364 1
0.00882369 -0.0227738 0.250875 1
0.0121044 -0.0228145 0.250286 1
0.0156827 -0.0229619 0.249786 1
0.0190212 -0.0233551 0.249857 1
0.0227283 -0.0234962 0.249714 1
0.0261458 -0.0237268 0.25 1
0.029468 -0.0238426 0.249824 1
0.0338138 -0.0242891 0.2495 1
0.037285 -0.0239109 0.249462 1
0.0400982 -0.0234053 0.249846 1
0.0428832 -0.0216791 0.249875 1
-0.056995 -0.0182225 0.249143 1
-0.0554081 -0.0178199 0.25 1
-0.0495593 -0.0182362 0.252 1
-0.0473709 -0.0182361 0.252 1
-0.0434354 -0.018543 0.2517 1
-0.0400859 -0.0188864 0.250917 1
-0.0367314 -0.0192086 0.25035 1
-0.0331977 -0.019199 0.25095 1
-0.029679 -0.019216 0.250444 1
-0.0264372 -0.0192355 0.249882 1
-0.0227951 -0.0196826 0.2495 1
-0.0195637 -0.0199734 0.24975 1
-0.0157214 -0.020183 0.249 1
-0.0120022 -0.0195857 0.249417 1
-0.00884857 -0.0192448 0.249368 1
-0.00517942 -0.0197502 0.249 1
-0.00196576 -0.0199426 0.249 1
0.00049705 -0.020183 0.249 1
0.00617353 -0.0209945 0.249 1
0.0088766 -0.0204535 0.249 1
0.0115797 -0.0209945 0.249 1
0.0415839 -0.0199125 0.249 1
0.0432431 -0.019241 0.249 1
-0.0603682 -0.0146113 0.250875 1
-0.0576377 -0.015449 0.249676 1
-0.0542621 -0.0155972 0.249729 1
-0.0507723 -0.0157306 0.250318 1
-0.047245 -0.0156068 0.250255 1
-0.0437719 -0.0156602 0.25019 1
-0.0403632 -0.0155801 0.249535 1
-0.03679 -0.0156254 0.249125 1
-0.0333557 -0.0157584 0.249053 1
-0.0299464 -0.0158551 0.249 1
-0.0270744 -0.0158551 0.249 1
-0.0116368 -0.0153742 0.249 1
-0.00908989 -0.0155666 0.249 1
0.00635373 -0.0151338 0.249 1
0.00866035 -0.0152059 0.249 1
0.0121203 -0.0147732 0.249 1
0.0434761 -0.0158551 0.249 1
-0.0605071 -0.0124212 0.251842 1
-0.0577479 -0.0121384 0.251147 1
-0.0542644 -0.0121686 0.25055 1
-0.0507792 -0.0121267 0.250842 1
-0.0472567 -0.0122068 0.250615 1
-0.0437764 -0.0121031 0.250513 1
-0.0402166 -0.0121629 0.250293 1
-0.0367095 -0.0121043 0.250541 1
-0.0331685 -0.0123011 0.250295 1
-0.0297173 -0.0124489 0.250045 1
-0.0263077 -0.0123397 0.249837 1
-0.0227875 -0.0124094 0.249792 1
-0.0193025 -0.0123783 0.249857 1
-0.0156488 -0.0119107 0.249243 1
-0.0122407 -0.0123704 0.24969 1
-0.00872216 -0.0123769 0.249816 1
-0.00529917 -0.012208 0.249263 1
-0.00166649 -0.011267 0.249238 1
0.0019879 -0.0114117 0.24945 1
0.00525967 -0.0123666 0.249619 1
0.00870619 -0.0123228 0.249894 1
0.012162 -0.0123787 0.249857 1
0.0156003 -0.0123074 0.249574 1
0.0193097 -0.0121282 0.249333 1
0.0227013 -0.0123581 0.249428 1
0.0260919 -0.012039 0.249412 1
0.0297214 -0.011809 0.249257 1
0.0332844 -0.0118248 0.2496 1
0.036798 -0.0118222 0.249543 1
0.0403471 -0.0119241 0.249188 1
0.0432705 -0.0123554 0.249371 1
-0.0573286 -0.00996881 0.252 1
-0.0541582 -0.0097401 0.251762 1
-0.0506536 -0.00974981 0.252 1
-0.0473708 -0.00974981 0.252 1
-0.0435999 -0.00890941 0.251683 1
-0.0402831 -0.00906784 0.251625 1
-0.0368063 -0.00962015 0.251739 1
-0.0329131 -0.00939912 0.251792 1
-0.0299639 -0.0096007 0.2517 1
-0.0260582 -0.00951939 0.25172 1
-0.0227073 -0.00918412 0.251533 1
-0.0193239 -0.00913863 0.251687 1
-0.0157578 -0.0092188 0.251151 1
-0.0122398 -0.00905951 0.251406 1
-0.00877372 -0.00862841 0.251286 1
-0.00527327 -0.00869439 0.25085 1
-0.00174715 -0.00867304 0.250936 1
0.00186535 -0.00917229 0.251233 1
0.00514855 -0.00919164 0.251733 1
0.00884338 -0.00882556 0.251465 1
0.0122366 -0.00863189 0.251381 1
0.0157917 -0.00863572 0.25151 1
0.0193165 -0.00862447 0.251191 1
0.0227842 -0.00867977 0.251106 1
0.0262427 -0.00863091 0.251 1
0.029647 -0.00891005 0.250486 1
0.0332091 -0.00862103 0.251085 1
0.036805 -0.00881812 0.250718 1
0.0401785 -0.00865654 0.251045 1
0.0434762 -0.00911242 0.251259 1
-0.00797748 -0.00619103 0.252 1
-0.00508315 -0.00630437 0.251857 1
-0.00305331 -0.00619103 0.252 1
0.0117192 -0.00619103 0.252 1
0.0201997 -0.00619103 0.252 1
0.0226618 -0.00619103 0.252 1
0.0263755 -0.0062902 0.251875 1
0.0297351 -0.0064555 0.251667 1
0.033431 -0.00624392 0.251933 1
0.0367144 -0.00638939 0.25175 1
0.0396228 -0.00619103 0.252 1
-0.00805771 -0.0250524 0.2545 1
-0.00528891 -0.025036 0.254333 1
0.00216996 -0.0251016 0.255 1
0.00540903 -0.0252458 0.254857 1
0.0084573 -0.0253651 0.2543 1
0.0117879 -0.0249539 0.2535 1
0.0156615 -0.02554 0.253833 1
0.0193329 -0.0262096 0.255 1
0.0229316 -0.0262096 0.255 1
0.0262003 -0.0261582 0.2545 1
0.0289458 -0.0266944 0.254333 1
0.03352 -0.0272485 0.255 1
0.0367268 -0.0265806 0.2543 1
0.0403294 -0.0254543 0.253 1
-0.0401298 -0.0217489 0.254667 1
-0.0367174 -0.0216921 0.254 1
-0.0333444 -0.0216494 0.2535 1
-0.0297397 -0.0216311 0.253286 1
-0.0265657 -0.0225658 0.2545 1
-0.0221904 -0.0228855 0.255 1
-0.0190837 -0.0228107 0.254167 1
-0.0154651 -0.0231347 0.253667 1
-0.0122952 -0.0233775 0.253846 1
-0.00903219 -0.0234807 0.253444 1
-0.00418049 -0.0238994 0.254 1
-0.00169886 -0.0238995 0.254 1
0.00187862 -0.023821 0.253167 1
0.00517409 -0.0238054 0.253 1
0.00709665 -0.0238054 0.253 1
0.0428628 -0.0234395 0.255 1
-0.0536699 -0.0182421 0.253333 1
-0.050829 -0.0188323 0.253562 1
-0.0469604 -0.019871 0.254222 1
-0.0441622 -0.0202219 0.254 1
-0.0407256 -0.0205235 0.2532 1
-0.0549744 -0.017484 0.253 1
-0.0607421 -0.0108879 0.253 1
-0.0602799 -0.0087078 0.2536 1
-0.0578067 -0.008288 0.253375 1
-0.0541854 -0.00786945 0.253167 1
-0.0508144 -0.00783792 0.253538 1
-0.0473001 -0.00786704 0.253083 1
-0.0445377 -0.00731495 0.253 1
-0.0401433 -0.00731495 0.253 1
-0.0367206 -0.00782235 0.253 1
-0.0335516 -0.0076814 0.253 1
-0.0295797 -0.00782235 0.253 1
-0.0263558 -0.00775469 0.253 1
-0.0228402 -0.00731495 0.253 1
-0.0192698 -0.00731495 0.253 1
-0.0156993 -0.00731495 0.253 1
-0.0126782 -0.00731495 0.253 1
-4.4267e-05 -0.00731495 0.253 1
0.00187829 -0.00731495 0.253 1
0.00517409 -0.00731495 0.253 1
0.00764595 -0.00731495 0.253 1
0.0436251 -0.00731495 0.253 1
-0.0603918 -0.0057107 0.255 1
-0.0578444 -0.00570456 0.25475 1
-0.0543307 -0.00565675 0.254539 1
-0.0506426 -0.00561928 0.2545 1
-0.0472788 -0.00514376 0.254445 1
-0.0438583 -0.00513091 0.253833 1
-0.0402932 -0.00513363 0.253952 1
-0.0367655 -0.00514175 0.254333 1
-0.033355 -0.00508422 0.254368 1
-0.0297761 -0.00519641 0.2543 1
-0.0262518 -0.00513726 0.254111 1
-0.0226755 -0.00513941 0.254238 1
-0.0191158 -0.00514737 0.254611 1
-0.0158028 -0.00514849 0.254667 1
-0.0123575 -0.00507867 0.254105 1
-0.00894877 -0.00491606 0.253375 1
-0.00527303 -0.00457449 0.2535 1
-0.00155127 -0.00501168 0.253632 1
0.00188146 -0.0051249 0.2535 1
0.0051863 -0.00512578 0.253556 1
0.0087715 -0.00513012 0.25381 1
0.0124853 -0.00480667 0.253286 1
0.0156314 -0.00512152 0.253333 1
0.0190231 -0.0049383 0.253333 1
0.0227597 -0.00456787 0.253083 1
0.026243 -0.00461616 0.253462 1
0.0297896 -0.00453038 0.253385 1
0.0332315 -0.00457185 0.253333 1
0.0367589 -0.00456655 0.253 1
0.0405325 -0.00480667 0.253286 1
0.0438752 -0.00514351 0.254444 1
-0.0435056 -0.00294058 0.255 1
-0.0401838 -0.00294058 0.255 1
-0.0368619 -0.00294058 0.255 1
-0.0332632 -0.00294058 0.255 1
-0.0296646 -0.00294058 0.255 1
-0.0263427 -0.00294058 0.255 1
-0.022744 -0.00294058 0.255 1
-0.0194221 -0.00294058 0.255 1
-0.0113943 -0.00294058 0.255 1
-0.00862609 -0.00294058 0.255 1
-0.00502741 -0.00266357 0.255 1
-0.00170555 -0.00238656 0.255 1
0.00189046 -0.00238367 0.25475 1
0.00472868 -0.00252362 0.254875 1
0.0101978 -0.00294058 0.255 1
0.0126135 -0.00249275 0.2546 1
0.0157034 -0.00238079 0.2545 1
0.0194082 -0.00227037 0.254533 1
0.0228963 -0.00182829 0.254611 1
0.0262137 -0.00182829 0.254611 1
0.0294895 -0.0021045 0.254563 1
0.0334168 -0.0021234 0.2546 1
0.0366766 -0.00182629 0.254333 1
0.0398663 -0.00204982 0.2546 1
0.042955 -0.0027559 0.255 1
0.00276632 -0.0280276 0.259 1
0.00520308 -0.0280276 0.259 1
0.00923309 -0.0288716 0.259 1
0.0199173 -0.0288716 0.259 1
0.022729 -0.0288716 0.259 1
0.0255406 -0.0288717 0.259 1
0.0297581 -0.0288716 0.259 1
0.0337782 -0.0292574 0.257933 1
0.0362246 -0.0288396 0.2582 1
0.0394459 -0.0284799 0.258 1
-0.0394083 -0.0246513 0.259 1
-0.0367829 -0.0245878 0.258333 1
-0.0335038 -0.0246513 0.259 1
-0.0295474 -0.0251823 0.258667 1
-0.0264812 -0.0248028 0.258375 1
-0.0225684 -0.0248381 0.258429 1
-0.019434 -0.0254789 0.258833 1
-0.0160002 -0.0253805 0.257833 1
-0.0120488 -0.0257793 0.257727 1
-0.00902348 -0.0262902 0.2585 1
-0.00537501 -0.0265523 0.258333 1
-0.00171892 -0.025859 0.257 1
0.00189658 -0.0264937 0.257588 1
0.00524533 -0.026774 0.2574 1
0.00888281 -0.0271611 0.257 1
0.0122307 -0.0269757 0.257 1
0.0159193 -0.027639 0.258 1
0.0192055 -0.027532 0.257 1
0.0225535 -0.0275319 0.257 1
0.0261804 -0.0275319 0.257 1
0.030006 -0.0274605 0.256333 1
0.0324417 -0.0275021 0.2562 1
0.0370635 -0.0276558 0.2575 1
0.0401333 -0.027145 0.257733 1
0.0431822 -0.025505 0.258133 1
-0.0529042 -0.0215564 0.259 1
-0.0507393 -0.0214731 0.258 1
-0.0472381 -0.0221053 0.258 1
-0.0435898 -0.022459 0.25713 1
-0.0401059 -0.0233426 0.257923 1
-0.0367449 -0.0232906 0.2567 1
-0.0332886 -0.0233762 0.257333 1
-0.0296592 -0.0234479 0.256667 1
-0.0257064 -0.0237521 0.257625 1
-0.0228375 -0.0238205 0.257444 1
-0.0192839 -0.024166 0.256833 1
-0.0167192 -0.0240876 0.256 1
0.0416413 -0.0243657 0.256 1
0.0438646 -0.023889 0.256 1
-0.0571964 -0.0197452 0.258429 1
-0.054469 -0.0197248 0.2571 1
-0.051165 -0.0202656 0.2562 1
-0.0484007 -0.0204723 0.256 1
-0.0597949 -0.0040645 0.256 1
-0.0575716 -0.00406451 0.256 1
-0.0542367 -0.00406451 0.256 1
-0.0511797 -0.0040645 0.256 1
-0.0601841 -0.00185025 0.257667 1
-0.0578003 -0.00178993 0.257474 1
-0.0543169 -0.00190886 0.256765 1
-0.0508846 -0.00178817 0.2569 1
-0.0472106 -0.00190067 0.256526 1
-0.0437616 -0.00128494 0.2565 1
-0.040276 -0.00124226 0.256538 1
-0.036666 -0.00132761 0.256462 1
-0.0331158 -0.00128352 0.256 1
-0.029839 -0.00128494 0.2565 1
-0.0261982 -0.00128433 0.256286 1
-0.0225553 -0.00128352 0.256 1
-0.0191135 -0.00141187 0.256 1
-0.0158855 -0.00183972 0.256 1
-0.0124689 -0.00157798 0.256 1
-0.00867048 -0.00128447 0.256333 1
-0.00555238 -0.00117285 0.2562 1
-0.00171224 -0.00072732 0.256 1
0.00190056 -0.00072732 0.256 1
0.00563163 -0.00128437 0.2563 1
0.0085041 -0.00177613 0.256471 1
0.0118626 -0.00106189 0.2563 1
0.0157959 -0.000727321 0.256 1
0.0191308 -0.00072732 0.256 1
0.030525 -0.00072732 0.256 1
0.0327483 -0.000727321 0.256 1
0.0410855 -0.00072732 0.256 1
0.0438896 -0.0013774 0.256417 1
0.0455913 -0.00184066 0.256333 1
-0.0596521 0.000389589 0.259 1
-0.0575364 0.000901012 0.258909 1
-0.0542051 0.000951552 0.2585 1
-0.0508705 0.00151452 0.258667 1
-0.0473623 0.00157255 0.258474 1
-0.0436527 0.00145572 0.258 1
-0.0402516 0.00144725 0.258471 1
-0.0366493 0.00137286 0.258375 1
-0.0333261 0.00183127 0.257977 1
-0.0297841 0.00181708 0.25813 1
-0.0261585 0.00172683 0.257773 1
-0.0227184 0.00179114 0.257857 1
-0.0193603 0.00179114 0.257857 1
-0.0159313 0.00182696 0.257465 1
-0.0122842 0.00174904 0.256958 1
-0.00870461 0.00178637 0.257333 1
-0.00535772 0.00178926 0.257571 1
-0.00172084 0.00178883 0.257286 1
0.00191072 0.0017889 0.257333 1
0.00527518 0.00179121 0.257905 1
0.0086204 0.00156744 0.258622 1
0.0123128 0.00164169 0.257978 1
0.0158114 0.00182449 0.257 1
0.0192235 0.00178819 0.257238 1
0.022714 0.00171257 0.256913 1
0.0262715 0.00182167 0.256773 1
0.0297993 0.00182827 0.257326 1
0.0332578 0.00172365 0.257114 1
0.0367049 0.00177044 0.256727 1
0.0402448 0.0017886 0.257476 1
0.0434014 0.00140566 0.258462 1
-0.032916 0.00435418 0.259 1
-0.0295676 0.00404724 0.259 1
-0.0260179 0.00457479 0.259 1
-0.0232414 0.00446928 0.259 1
-0.0190942 0.00425826 0.259 1
-0.0157795 0.00460698 0.25881 1
-0.0121198 0.00460475 0.258667 1
-0.00875013 0.00460475 0.258667 1
-0.00570876 0.00452957 0.259 1
-0.00135742 0.00423481 0.259 1
0.00192283 0.00460996 0.259 1
0.00512107 0.00457479 0.259 1
0.00726495 0.00404724 0.259 1
0.0131132 0.00438487 0.259 1
0.0157301 0.00483129 0.25876 1
0.0188911 0.00438174 0.2588 1
0.0229171 0.0048629 0.258818 1
0.0259067 0.00503921 0.258769 1
0.0292469 0.00435418 0.259 1
0.0337036 0.0047324 0.258833 1
0.0367588 0.00516955 0.2588 1
0.0401272 0.00460648 0.258778 1
0.0424104 0.00404724 0.259 1
0.0204325 -0.0317676 0.262 1
0.022139 -0.0317676 0.262 1
-0.0151202 -0.0283522 0.262 1
-0.0122476 -0.0282801 0.261333 1
-0.00886289 -0.0283522 0.262 1
-0.00544435 -0.0283161 0.261667 1
-0.00226522 -0.028584 0.261273 1
0.00171012 -0.0289142 0.261455 1
0.00549427 -0.0290277 0.261667 1
0.00846733 -0.0291503 0.2615 1
0.0122628 -0.0296019 0.260909 1
0.0155921 -0.029209 0.26075 1
0.01931 -0.0300472 0.261294 1
0.022637 -0.0304594 0.260824 1
0.0266131 -0.0299752 0.26125 1
0.0295908 -0.0302876 0.262 1
0.0329844 -0.02969 0.260625 1
0.0371057 -0.0302593 0.26125 1
0.040421 -0.0292457 0.260667 1
0.0434705 -0.0286368 0.262 1
-0.0458376 -0.0252214 0.262 1
-0.0425194 -0.0253163 0.262 1
-0.0401833 -0.0254756 0.261231 1
-0.0365477 -0.0256594 0.260667 1
-0.0329935 -0.0258548 0.261 1
-0.0299486 -0.0266209 0.260571 1
-0.0265508 -0.0261314 0.261125 1
-0.0226476 -0.0261982 0.261 1
-0.0190063 -0.0267921 0.260667 1
-0.015457 -0.0269884 0.2605 1
-0.0126731 -0.0273168 0.2608 1
-0.00886289 -0.027783 0.262 1
-0.00544435 -0.0277476 0.261667 1
-0.00174565 -0.0276618 0.260857 1
0.00108351 -0.0275709 0.26 1
0.00475275 -0.0275709 0.26 1
0.0433887 -0.0274459 0.2615 1
-0.0575042 -0.0225583 0.261091 1
-0.0543463 -0.0224588 0.26075 1
-0.0507299 -0.0234105 0.260833 1
-0.047565 -0.0238296 0.261 1
-0.0442256 -0.0241212 0.260875 1
-0.0412539 -0.0241815 0.26 1
-0.0584712 -0.0205097 0.26 1
-0.0598824 0.00208576 0.26 1
-0.0581083 0.00248925 0.26 1
-0.0542374 0.00282011 0.26 1
-0.0505681 0.00349798 0.26 1
-0.0471811 0.00349798 0.26 1
-0.0437942 0.00349798 0.26 1
-0.0400543 0.00328615 0.26 1
-0.0374717 0.00315905 0.26 1
0.0089865 0.00349798 0.26 1
0.0112445 0.00349798 0.26 1
0.0442677 0.00293309 0.26 1
0.0459611 0.0023682 0.26 1
-0.0598294 0.00436202 0.261 1
-0.0576848 0.00494102 0.261556 1
-0.0541378 0.0048422 0.261333 1
-0.0507148 0.00537247 0.261152 1
-0.047379 0.00541592 0.261314 1
-0.0438089 0.00546906 0.261176 1
-0.0402551 0.00549494 0.26085 1
-0.0366324 0.00548921 0.260583 1
-0.0331849 0.005894 0.260231 1
-0.0297046 0.00576283 0.2602 1
-0.0264563 0.0061865 0.2602 1
-0.0226499 0.0060135 0.26028 1
-0.0193848 0.00583815 0.2602 1
-0.0155892 0.00633125 0.260333 1
-0.0121979 0.00633125 0.260333 1
-0.00880323 0.00632831 0.260222 1
-0.00520296 0.00606565 0.26 1
-0.00184231 0.0058129 0.260152 1
0.00193273 0.00633125 0.260333 1
0.00546451 0.00618915 0.2603 1
0.00876018 0.00552661 0.260457 1
0.0119356 0.00565782 0.260387 1
0.015704 0.00639355 0.260176 1
0.0196207 0.005894 0.260231 1
0.0225061 0.0064069 0.260143 1
0.0266553 0.00654838 0.26 1
0.0297735 0.00588993 0.260077 1
0.032889 0.00610598 0.260174 1
0.0369292 0.00688731 0.26 1
0.0403339 0.00632536 0.260111 1
0.0438698 0.00557208 0.260588 1
0.0461379 0.00549796 0.261 1
-0.0501039 0.00750952 0.262 1
-0.0483974 0.00750952 0.262 1
-0.0435622 0.00750952 0.262 1
-0.0401492 0.00750952 0.262 1
-0.0367133 0.00807398 0.261833 1
-0.0332807 0.0080692 0.261667 1
-0.029872 0.0080692 0.261667 1
-0.0261234 0.00831837 0.261364 1
-0.022661 0.00858436 0.261606 1
-0.0188753 0.00832968 0.261727 1
-0.0156616 0.00863374 0.261533 1
-0.0122535 0.00863374 0.261533 1
-0.00884062 0.00862758 0.261333 1
-0.00536823 0.00882751 0.261294 1
-0.00174766 0.00862785 0.261343 1
0.00194065 0.00862949 0.2614 1
0.00534588 0.00862949 0.2614 1
0.00866044 0.00857858 0.261714 1
0.0121687 0.0080692 0.261667 1
0.0157197 0.00852797 0.261276 1
0.0192046 0.00861485 0.2615 1
0.0228078 0.00893395 0.261105 1
0.0262826 0.00889323 0.260778 1
0.0297111 0.00890192 0.261056 1
0.0331375 0.00869669 0.261333 1
0.0367606 0.00860549 0.261188 1
0.0402854 0.00862567 0.261267 1
0.0438737 0.00869378 0.26175 1
0.0463148 0.00864799 0.262 1
-0.004881 0.0109249 0.262 1
0.0229922 0.0109249 0.262 1
0.0264053 0.0114128 0.262 1
0.0294933 0.0114128 0.262 1
0.0320937 0.0109249 0.262 1
0.00975843 -0.0319236 0.265667 1
0.0123005 -0.0319268 0.2645 1
0.0158073 -0.0319036 0.2655 1
0.0193198 -0.0323962 0.265143 1
0.0221199 -0.0328369 0.264714 1
0.0260167 -0.0323467 0.2644 1
0.0286718 -0.0324353 0.2656 1
0.0331612 -0.0325416 0.266 1
0.0366709 -0.0326143 0.26425 1
0.0395572 -0.0321313 0.265 1
-0.042206 -0.0282071 0.266 1
-0.0416284 -0.0282071 0.266 1
-0.0362141 -0.0284238 0.266 1
-0.0331934 -0.0284425 0.2655 1
-0.0294532 -0.0284604 0.263 1
-0.026225 -0.0283889 0.265 1
-0.0228045 -0.0295568 0.265364 1
-0.0193141 -0.029242 0.264889 1
-0.0160147 -0.0293862 0.264714 1
-0.0124165 -0.0295404 0.265 1
-0.00896438 -0.0295405 0.265 1
-0.00502038 -0.0298638 0.264444 1
-0.00127664 -0.0297751 0.264143 1
0.00196763 -0.0304207 0.265125 1
0.00520973 -0.0304956 0.264714 1
0.00882446 -0.0305375 0.263667 1
0.0117859 -0.0311111 0.263667 1
0.0159423 -0.0304603 0.263 1
0.0186547 -0.0308888 0.263 1
0.0239365 -0.0313174 0.263 1
0.0260181 -0.0314167 0.263833 1
0.0300778 -0.031309 0.264 1
0.033097 -0.0310553 0.2632 1
0.0382118 -0.0310317 0.263 1
0.0401899 -0.0308155 0.2636 1
0.0430572 -0.0304614 0.264 1
-0.0568157 -0.0252843 0.265091 1
-0.0538252 -0.0251552 0.265143 1
-0.0506398 -0.025491 0.2648 1
-0.0474203 -0.02604 0.2645 1
-0.0440327 -0.0261766 0.264095 1
-0.0408407 -0.0268072 0.264222 1
-0.0369245 -0.0270662 0.263333 1
-0.0337358 -0.0270319 0.263 1
-0.0294532 -0.027889 0.263 1
-0.0254561 -0.0270319 0.263 1
-0.0230931 -0.0275886 0.2634 1
-0.0192007 -0.0279243 0.263333 1
-0.0168909 -0.027889 0.263 1
-0.0567914 -0.02398 0.264 1
-0.0545316 -0.024058 0.2636 1
-0.0573376 0.00677631 0.263 1
-0.0544635 0.00662393 0.263 1
-0.0517227 0.00696678 0.263 1
-0.0465835 0.00696678 0.263 1
-0.0597703 0.00901892 0.2645 1
-0.0577508 0.00868456 0.264161 1
-0.0542531 0.00872278 0.2642 1
-0.0508208 0.00917768 0.263875 1
-0.047214 0.00907748 0.263706 1
-0.0438283 0.00927481 0.2636 1
-0.0403331 0.0092603 0.2632 1
-0.0368224 0.00986843 0.263368 1
-0.0332733 0.00982819 0.263111 1
-0.0296866 0.00980708 0.2633 1
-0.0263823 0.00991672 0.263286 1
-0.022601 0.0103952 0.263 1
-0.0195012 0.00990543 0.263 1
-0.0157489 0.0103952 0.263 1
-0.0123228 0.0103952 0.263 1
-0.00889671 0.0103952 0.263 1
-0.00661267 0.0103952 0.263 1
-0.00175905 0.0103952 0.263 1
0.00195253 0.0103952 0.263 1
0.0053786 0.0103952 0.263 1
0.00916156 0.0101809 0.263 1
0.0122308 0.0098238 0.263 1
0.0152999 0.0101809 0.263 1
0.0190829 0.0103952 0.263 1
0.0210815 0.0103952 0.263 1
0.0339292 0.0103952 0.263 1
0.0367843 0.0103952 0.263 1
0.0402104 0.0103952 0.263 1
0.0436365 0.0103952 0.263 1
0.046206 0.0103952 0.263 1
-0.0598205 0.0108028 0.266 1
-0.0575104 0.0108027 0.266 1
-0.0539009 0.0112362 0.266 1
-0.0505801 0.012026 0.265727 1
-0.0473539 0.0122212 0.2654 1
-0.0437498 0.0121942 0.265187 1
-0.0401784 0.0122129 0.2652 1
-0.036598 0.0124118 0.265 1
-0.0330735 0.0124716 0.264555 1
-0.0297016 0.0125022 0.265222 1
-0.0262317 0.0124948 0.265055 1
-0.022697 0.0124496 0.264111 1
-0.0192479 0.0124441 0.264 1
-0.0157888 0.0124291 0.263667 1
-0.0123588 0.0124341 0.263778 1
-0.00893054 0.0124441 0.264 1
-0.00555761 0.0126119 0.26375 1
-0.00176459 0.0124398 0.263905 1
0.00195817 0.0124366 0.263833 1
0.00539224 0.0124291 0.263667 1
0.00882916 0.0124316 0.263722 1
0.0122946 0.0124622 0.264361 1
0.0157409 0.0124649 0.264417 1
0.0191753 0.0124578 0.264278 1
0.0225199 0.0126596 0.263677 1
0.0260896 0.0129127 0.263231 1
0.0300413 0.0130182 0.2635 1
0.0333797 0.0125059 0.264156 1
0.0367597 0.0124859 0.264237 1
0.0402714 0.012472 0.263757 1
0.0437471 0.0124291 0.263667 1
0.0461211 0.0119835 0.263333 1
-0.0364307 0.0145593 0.266 1
-0.0332543 0.0145593 0.266 1
-0.0297891 0.0145593 0.266 1
-0.025862 0.014906 0.266 1
-0.0226613 0.0155691 0.265769 1
-0.0193694 0.0151189 0.265667 1
-0.0159085 0.0151189 0.265667 1
-0.0124477 0.0151189 0.265667 1
-0.00898692 0.0151189 0.265667 1
-0.00532467 0.0151497 0.2657 1
-0.00145886 0.0155982 0.26569 1
0.00197248 0.0156926 0.2656 1
0.00528944 0.0152652 0.2657 1
0.00879097 0.0153849 0.265727 1
0.0123631 0.0151281 0.265833 1
0.0160935 0.0155698 0.26588 1
0.0192258 0.0159368 0.265543 1
0.0227055 0.0156755 0.2653 1
0.0262379 0.0158317 0.265273 1
0.0295816 0.0159257 0.265343 1
0.032909 0.0154821 0.265708 1
0.0365878 0.015122 0.265722 1
0.0403071 0.0153366 0.265522 1
0.0434589 0.0153849 0.265727 1
0.0458898 0.0152418 0.2658 1
0.0172792 0.0180268 0.266 1
0.0190118 0.0180268 0.266 1
0.0270972 0.0180268 0.266 1
0.0294073 0.0180268 0.266 1
-0.0175683 -0.0323241 0.269 1
-0.0164002 -0.0323241 0.269 1
-0.0105205 -0.0322039 0.268 1
-0.00833743 -0.0324962 0.268 1
-0.00500739 -0.0323041 0.268833 1
-0.00150717 -0.0323241 0.269 1
0.00199173 -0.032264 0.2685 1
0.00547655 -0.0321839 0.267833 1
0.00900127 -0.0330973 0.267889 1
0.0124434 -0.0338989 0.267583 1
0.0156912 -0.033813 0.268444 1
0.0185953 -0.03341 0.268333 1
0.0237209 -0.033244 0.267 1
0.026602 -0.0337695 0.268154 1
0.030208 -0.0335719 0.268263 1
0.0334507 -0.033993 0.268333 1
0.0361843 -0.033824 0.267 1
0.0401041 -0.033647 0.268667 1
-0.0565673 -0.0283132 0.267 1
-0.0493984 -0.0285253 0.269 1
-0.0469264 -0.0293503 0.268333 1
-0.0438473 -0.0289159 0.267615 1
-0.0402504 -0.0291039 0.268368 1
-0.0371932 -0.029334 0.268375 1
-0.0333721 -0.0298484 0.268 1
-0.0300131 -0.0298749 0.268 1
-0.0260252 -0.0302521 0.267889 1
-0.0225755 -0.031078 0.268333 1
-0.0192486 -0.0310395 0.268 1
-0.0154464 -0.0310009 0.267667 1
-0.0122661 -0.0310395 0.268 1
-0.00874218 -0.0309236 0.267 1
-0.00584369 -0.0309236 0.267 1
-0.00149596 -0.0309236 0.267 1
-0.0565673 -0.027153 0.267 1
-0.0544943 -0.0265508 0.268091 1
-0.0504268 -0.0271097 0.268 1
-0.0475503 -0.0275141 0.267286 1
-0.0441037 -0.0277331 0.267 1
-0.0403357 -0.0277331 0.267 1
-0.0578347 0.0126083 0.2675 1
-0.0545615 0.0127825 0.267111 1
-0.0516398 0.0131638 0.267 1
-0.0596191 0.0144313 0.269 1
-0.057429 0.0148696 0.269 1
-0.0542441 0.0155678 0.268412 1
-0.0507969 0.0154513 0.267588 1
-0.0473801 0.0155146 0.2675 1
-0.0439233 0.0155242 0.267667 1
-0.0404283 0.015521 0.267611 1
-0.0370327 0.0159591 0.267462 1
-0.0334418 0.0160954 0.2675 1
-0.0299571 0.0160954 0.2675 1
-0.0266548 0.0161803 0.267 1
-0.0241042 0.0166444 0.267 1
-0.0194666 0.0166443 0.267 1
-0.0159883 0.0166443 0.267 1
-0.0125102 0.0166443 0.267 1
-0.00874218 0.0166443 0.267 1
-0.00497414 0.0166443 0.267 1
-0.0029452 0.0166444 0.267 1
0.00575026 0.0166443 0.267 1
0.00922843 0.0166444 0.267 1
0.0124168 0.0166443 0.267 1
0.0150254 0.0166444 0.267 1
0.0341554 0.0166443 0.267 1
0.0367641 0.0166443 0.267 1
0.0396626 0.0166444 0.267 1
0.0443002 0.0166444 0.267 1
0.0460392 0.0166444 0.267 1
-0.0533115 0.0177626 0.269 1
-0.0504414 0.0183971 0.269 1
-0.0473543 0.0182301 0.269 1
-0.043558 0.0179379 0.269 1
-0.0400538 0.0179379 0.269 1
-0.0366455 0.0185573 0.268727 1
-0.0331634 0.0186367 0.268692 1
-0.0297936 0.0190832 0.268647 1
-0.0263497 0.0190535 0.268222 1
-0.0229398 0.0189659 0.267941 1
-0.0192023 0.0188628 0.268278 1
-0.0154953 0.018489 0.2685 1
-0.0119159 0.0190103 0.268588 1
-0.00849454 0.0190609 0.268333 1
-0.00499411 0.0190424 0.268056 1
-0.00150155 0.0190345 0.267944 1
0.00198717 0.0190135 0.267667 1
0.00547799 0.0190261 0.267833 1
0.00897206 0.0190387 0.268 1
0.0124736 0.0190535 0.268222 1
0.0158506 0.0190854 0.267706 1
0.0195181 0.0194458 0.267462 1
0.0229039 0.0190096 0.267611 1
0.0262013 0.0192317 0.267467 1
0.0299538 0.0194342 0.267308 1
0.033356 0.0190054 0.267556 1
0.0369787 0.0190767 0.268556 1
0.0403327 0.0189821 0.268177 1
0.0435612 0.0189826 0.26825 1
0.0461399 0.0186126 0.2686 1
-0.00705554 0.0214446 0.269 1
-0.0050114 0.0214446 0.269 1
-0.00150717 0.0214445 0.269 1
0.00199707 0.0214446 0.269 1
0.00550131 0.0214446 0.269 1
0.00900554 0.0214446 0.269 1
0.0116337 0.0214445 0.269 1
0.016306 0.0214446 0.269 1
0.0194934 0.021418 0.268667 1
0.0230225 0.0214446 0.269 1
0.0267848 0.0218076 0.268667 1
0.0299752 0.0219892 0.2685 1
0.0332652 0.0218882 0.2687 1
0.0358713 0.0214446 0.269 1
-0.0047637 -0.0352919 0.2716 1
-0.00241499 -0.0354306 0.272667 1
0.00202677 -0.0354739 0.273 1
0.00450803 -0.0357778 0.2726 1
0.00898074 -0.0356725 0.2718 1
0.0126958 -0.0363636 0.273 1
0.0152231 -0.0359804 0.272333 1
0.0191454 -0.0353439 0.272 1
0.0220982 -0.0353439 0.272 1
0.0272116 -0.0353774 0.27 1
0.029723 -0.0355741 0.2715 1
0.0332345 -0.0355521 0.271333 1
0.0364631 -0.0355346 0.2712 1
0.0398147 -0.0356394 0.272 1
-0.0350185 -0.0322116 0.273 1
-0.0331929 -0.0321649 0.2726 1
-0.0297033 -0.032294 0.271812 1
-0.0264269 -0.0324125 0.2712 1
-0.0225938 -0.0329211 0.2715 1
-0.0192258 -0.0332537 0.2718 1
-0.0153908 -0.0334478 0.271778 1
-0.0122709 -0.033288 0.271636 1
-0.00886822 -0.0337109 0.27075 1
-0.00495713 -0.0339804 0.270824 1
-0.00169863 -0.034011 0.271733 1
0.00201427 -0.0340267 0.2715 1
0.00534009 -0.0340102 0.270778 1
0.00827103 -0.0344372 0.27125 1
0.0167215 -0.0346252 0.271 1
0.0191454 -0.034753 0.272 1
0.0220982 -0.034753 0.272 1
0.025143 -0.0348807 0.273 1
0.0427653 -0.0332799 0.272 1
-0.0563235 -0.028338 0.27 1
-0.0542319 -0.0286424 0.271286 1
-0.0511248 -0.0291467 0.271444 1
-0.047628 -0.0302934 0.27 1
-0.0441323 -0.0304764 0.27075 1
-0.0405005 -0.0309118 0.272 1
-0.0368213 -0.0307981 0.271 1
-0.033291 -0.0310925 0.271 1
-0.0297433 -0.0310734 0.270833 1
-0.0270129 -0.0309778 0.27 1
-0.0598407 0.0159514 0.27 1
-0.0580635 0.0164149 0.270235 1
-0.057769 0.0193378 0.271548 1
-0.0544714 0.0193983 0.2706 1
-0.0510055 0.0202056 0.2704 1
-0.0470117 0.0198856 0.27005 1
-0.0438009 0.0198021 0.2705 1
-0.0402531 0.0197895 0.270333 1
-0.0366854 0.020351 0.27 1
-0.0334613 0.020351 0.27 1
-0.0211508 0.020351 0.27 1
-0.0190991 0.020351 0.27 1
-0.0155818 0.020351 0.27 1
-0.0135301 0.020351 0.27 1
0.045091 0.020351 0.27 1
0.0462634 0.020351 0.27 1
-0.05747 0.021964 0.272857 1
-0.0542873 0.0220625 0.272588 1
-0.0506245 0.0221529 0.2723 1
-0.047113 0.0227783 0.27225 1
-0.0437902 0.0228899 0.272265 1
-0.0403711 0.0227727 0.271706 1
-0.0368666 0.0228111 0.271333 1
-0.0332845 0.0227796 0.270944 1
-0.0297299 0.0227599 0.270722 1
-0.0262304 0.0227845 0.271 1
-0.0227001 0.0227845 0.271 1
-0.0191662 0.0227796 0.270944 1
-0.0156203 0.022755 0.270667 1
-0.0120874 0.022741 0.2705 1
-0.00864468 0.0227977 0.270353 1
-0.00503935 0.0233283 0.2705 1
-0.00151557 0.0233283 0.2705 1
0.00200821 0.0233283 0.2705 1
0.00539733 0.023271 0.270455 1
0.00859095 0.0233535 0.270182 1
0.0121566 0.0230706 0.270429 1
0.0153444 0.0230706 0.270429 1
0.0190398 0.0233283 0.2705 1
0.0225636 0.0233283 0.2705 1
0.0258231 0.0234191 0.2702 1
0.0295564 0.0238707 0.27 1
0.033283 0.0237031 0.27 1
0.0368217 0.0229672 0.2704 1
0.0402325 0.0227697 0.270833 1
0.0437915 0.0227669 0.271286 1
0.0464986 0.022924 0.271737 1
-0.0462803 0.0250257 0.273 1
-0.043613 0.0250257 0.273 1
-0.0397603 0.0252234 0.273 1
-0.0363192 0.0257439 0.27275 1
-0.033335 0.0258108 0.272455 1
-0.0301436 0.0254519 0.272571 1
-0.026424 0.0253222 0.273 1
-0.022656 0.0254917 0.273 1
-0.0192823 0.0258767 0.272583 1
-0.0157261 0.025869 0.2725 1
-0.0121763 0.025869 0.2725 1
-0.0085334 0.0263719 0.272294 1
-0.00525031 0.0262085 0.272333 1
-0.00152678 0.025869 0.2725 1
0.00188801 0.0258108 0.272455 1
0.0052793 0.0261991 0.272615 1
0.00851543 0.0264143 0.272 1
0.0120745 0.0264457 0.272333 1
0.0156307 0.025869 0.2725 1
0.0193376 0.0263254 0.272625 1
0.022567 0.0261298 0.272571 1
0.0262525 0.0264354 0.272222 1
0.029788 0.0264246 0.272111 1
0.0332829 0.0263771 0.272057 1
0.036881 0.0261305 0.272133 1
0.0402581 0.0261232 0.272538 1
0.0433548 0.0259251 0.272952 1
0.0464811 0.0250257 0.273 1
0.00973216 0.0288811 0.273 1
0.0275139 0.0288811 0.273 1
0.0286994 0.0288811 0.273 1
0.0334411 0.0285845 0.273 1
-0.0291113 -0.0352641 0.276 1
-0.0258155 -0.035414 0.276 1
-0.0225197 -0.0355639 0.276 1
-0.0192239 -0.0355639 0.276 1
-0.0158809 -0.0354565 0.275167 1
-0.0123243 -0.0355424 0.275833 1
-0.00871866 -0.035478 0.275333 1
-0.0048071 -0.0361991 0.274 1
-0.00124102 -0.0362183 0.274889 1
0.00154261 -0.0364315 0.275 1
0.00561488 -0.0365633 0.2745 1
0.00799663 -0.0365634 0.2745 1
0.0109577 -0.0364968 0.274 1
0.0163116 -0.0364967 0.274 1
0.0192208 -0.0366028 0.275 1
0.0234071 -0.0359606 0.2749 1
0.026241 -0.0362986 0.2752 1
0.0297259 -0.0371307 0.274286 1
0.0332662 -0.037092 0.274 1
0.0366285 -0.0371823 0.274667 1
0.0402539 -0.0367512 0.275 1
0.0437673 -0.0361738 0.2755 1
-0.0533804 -0.0316661 0.276 1
-0.0511913 -0.0316087 0.2755 1
-0.04589 -0.0325656 0.276 1
-0.0437309 -0.0325184 0.2756 1
-0.0400738 -0.0325684 0.274571 1
-0.0369151 -0.0331125 0.275091 1
-0.0332063 -0.033663 0.275167 1
-0.0295225 -0.0341047 0.275 1
-0.0262233 -0.0341155 0.274 1
-0.0232489 -0.0341155 0.274 1
-0.0208693 -0.0341155 0.274 1
0.0439075 -0.0338055 0.2745 1
-0.054114 -0.0304305 0.275667 1
-0.0511913 -0.0310102 0.2755 1
-0.0574553 0.0236291 0.274 1
-0.0544809 0.0236291 0.274 1
-0.0512089 0.0236291 0.274 1
-0.057436 0.0261383 0.275333 1
-0.0542046 0.0260615 0.275576 1
-0.0506644 0.0262164 0.275412 1
-0.0473853 0.0262316 0.274385 1
-0.0438526 0.0266552 0.2745 1
-0.0404147 0.0267899 0.274571 1
-0.0371586 0.0271104 0.274583 1
-0.0331244 0.0275487 0.2745 1
-0.0295311 0.0269367 0.274333 1
-0.0261473 0.0269781 0.274375 1
-0.0230621 0.0269166 0.274133 1
-0.0193821 0.0274985 0.274 1
-0.0158127 0.0274985 0.274 1
-0.0122433 0.0274985 0.274 1
-0.0101612 0.0274985 0.274 1
-0.00421221 0.0274985 0.274 1
-0.00153518 0.0274985 0.274 1
0.00173674 0.0274985 0.274 1
0.00441378 0.0274985 0.274 1
0.0157167 0.0274985 0.274 1
0.0180964 0.0274985 0.274 1
0.0234504 0.0274985 0.274 1
0.0442718 0.0272008 0.274 1
0.0467365 0.0266552 0.2745 1
-0.0494854 0.0285987 0.276 1
-0.0470884 0.0285988 0.276 1
-0.0437926 0.0285988 0.276 1
-0.0404968 0.0285988 0.276 1
-0.0368799 0.0285817 0.275833 1
-0.0330881 0.0287659 0.275438 1
-0.0296747 0.0288644 0.275667 1
-0.0258714 0.0291432 0.275727 1
-0.022644 0.029511 0.275481 1
-0.0193559 0.0293447 0.275143 1
-0.0158819 0.0294149 0.2752 1
-0.0122969 0.0294149 0.2752 1
-0.00871074 0.0299056 0.275133 1
-0.00512253 0.029692 0.275 1
-0.0015409 0.0290767 0.275091 1
0.00181131 0.0295543 0.275259 1
0.00495323 0.029761 0.274824 1
0.00841567 0.0300947 0.274692 1
0.0121719 0.0299394 0.274533 1
0.0157614 0.0296684 0.274778 1
0.0192555 0.0298378 0.274625 1
0.0229331 0.0296948 0.274606 1
0.0261439 0.0300646 0.274423 1
0.0300214 0.0300394 0.27436 1
0.033122 0.0302231 0.274522 1
0.0366428 0.0296685 0.274778 1
0.0401883 0.0296435 0.274556 1
0.0438372 0.029692 0.275 1
0.0469498 0.0291725 0.27575 1
-0.00843762 0.0318968 0.276 1
-0.00604067 0.0318968 0.276 1
0.00264828 0.0318968 0.276 1
0.00504523 0.0318968 0.276 1
0.0091129 0.0322335 0.2758 1
0.0122267 0.0324708 0.275778 1
0.0153521 0.0322566 0.276 1
0.0194108 0.0324708 0.275778 1
0.0227122 0.0324811 0.275867 1
0.0259871 0.0321582 0.275667 1
0.029614 0.0321967 0.276 1
0.0332094 0.0321966 0.276 1
0.0368048 0.0321966 0.276 1
0.0404003 0.0321967 0.276 1
0.0427972 0.0321966 0.276 1
-0.0191878 -0.0390979 0.279833 1
-0.0159586 -0.0390102 0.279444 1
-0.0134066 -0.0387706 0.279667 1
-0.00734406 -0.0388168 0.28 1
-0.00612821 -0.0388168 0.28 1
-0.000931189 -0.0392516 0.279545 1
0.00142287 -0.0389785 0.279286 1
0.00545006 -0.0392195 0.279143 1
0.00876588 -0.0397293 0.28 1
0.0125411 -0.0398779 0.279437 1
0.0157382 -0.0399866 0.279667 1
0.0191812 -0.0395239 0.2794 1
0.0226943 -0.0396355 0.279333 1
0.026124 -0.039215 0.279429 1
0.0300337 -0.0395939 0.2785 1
0.0333063 -0.0397651 0.278375 1
0.0367221 -0.0398108 0.278667 1
0.0399847 -0.0396445 0.278444 1
0.042202 -0.0388416 0.278 1
-0.0429075 -0.0354709 0.28 1
-0.0403809 -0.0353865 0.279333 1
-0.0363682 -0.0361871 0.279143 1
-0.0333192 -0.0362029 0.2786 1
-0.0297472 -0.0369255 0.278077 1
-0.0263677 -0.0371952 0.279 1
-0.0227745 -0.0374823 0.279111 1
-0.0192767 -0.0374209 0.278375 1
-0.0159307 -0.0372422 0.277588 1
-0.0126175 -0.0372563 0.278333 1
-0.0087137 -0.0372227 0.278923 1
-0.00608979 -0.0373634 0.278222 1
-0.00126032 -0.038072 0.279 1
0.00176844 -0.038072 0.279 1
0.00508179 -0.0379356 0.278 1
0.00867197 -0.0381 0.277 1
0.0122804 -0.0381 0.277 1
0.0157522 -0.0380726 0.277 1
0.0191966 -0.0377991 0.277 1
0.0225044 -0.0374982 0.277 1
0.0258121 -0.0374982 0.277 1
0.0303227 -0.0384009 0.277 1
0.0333297 -0.0384009 0.277 1
0.0363368 -0.0384009 0.277 1
0.0399452 -0.0384009 0.277 1
0.0431073 -0.0376336 0.278 1
-0.0570914 -0.0323455 0.2798 1
-0.0545122 -0.0328276 0.2795 1
-0.0507181 -0.0329786 0.2795 1
-0.0474076 -0.0336317 0.279143 1
-0.0438622 -0.0340504 0.278333 1
-0.0406436 -0.0338873 0.277 1
-0.0365652 -0.0349156 0.278 1
-0.0331751 -0.0348402 0.2774 1
-0.031021 -0.03479 0.277 1
-0.0575688 -0.0306676 0.2785 1
-0.0556278 -0.030784 0.2775 1
-0.0543758 0.0273984 0.277 1
-0.0572103 0.0297351 0.2775 1
-0.0543592 0.0296957 0.277656 1
-0.0509365 0.0297172 0.277304 1
-0.0473159 0.030244 0.277333 1
-0.0437031 0.030244 0.277333 1
-0.0400903 0.030244 0.277333 1
-0.036671 0.0302862 0.277375 1
-0.0335421 0.0303886 0.277385 1
-0.0298182 0.0305078 0.277 1
-0.0264102 0.0308087 0.277 1
-0.0226013 0.0314106 0.277 1
-0.0192935 0.0314106 0.277 1
-0.0159858 0.0314106 0.277 1
-0.0123774 0.0314106 0.277 1
-0.0102724 0.0314106 0.277 1
-0.00425833 0.0314106 0.277 1
-0.00165222 0.0308087 0.277 1
0.00115435 0.0314106 0.277 1
0.0471621 0.0311097 0.277 1
-0.0573334 0.0328754 0.2792 1
-0.0543218 0.0328868 0.2793 1
-0.0506364 0.0330898 0.27925 1
-0.0472762 0.0331403 0.278875 1
-0.0438638 0.0330678 0.278629 1
-0.0403629 0.0331815 0.279222 1
-0.0368056 0.0329952 0.27925 1
-0.0331163 0.0332079 0.279086 1
-0.0296936 0.033114 0.278656 1
-0.0263826 0.0332444 0.278516 1
-0.0226992 0.0333621 0.2782 1
-0.019121 0.0333917 0.278103 1
-0.0157855 0.0332354 0.277538 1
-0.0123952 0.0332653 0.2774 1
-0.00884423 0.0335159 0.27748 1
-0.0050719 0.0334309 0.277667 1
-0.00152 0.0332236 0.278 1
0.00168116 0.0334052 0.277696 1
0.00507265 0.0335785 0.2775 1
0.0084368 0.0336619 0.2772 1
0.0122804 0.0341188 0.277 1
0.0161295 0.0336373 0.277 1
0.0191966 0.0341188 0.277 1
0.0225387 0.0341705 0.277417 1
0.0261442 0.0338593 0.277333 1
0.0298117 0.0339202 0.277833 1
0.0333698 0.0338593 0.277333 1
0.0368887 0.033819 0.277294 1
0.0401872 0.0339021 0.277375 1
0.0439175 0.0335491 0.277875 1
0.047133 0.0334101 0.2786 1
-0.0498986 0.0354008 0.28 1
-0.047163 0.0354008 0.28 1
-0.0438194 0.0354008 0.28 1
-0.0404758 0.0354008 0.28 1
-0.0380442 0.0354008 0.28 1
-0.0328171 0.0359042 0.279857 1
-0.0295151 0.0359881 0.279833 1
-0.0260791 0.0358985 0.28 1
-0.0226028 0.0362512 0.279727 1
-0.0191648 0.0359456 0.2795 1
-0.0157837 0.0365178 0.2796 1
-0.0123489 0.0361884 0.279454 1
-0.00884094 0.0362166 0.27925 1
-0.00520501 0.0362386 0.279417 1
-0.00147608 0.0367588 0.279294 1
0.00176844 0.0367927 0.279 1
0.00502747 0.0366956 0.278941 1
0.00872832 0.0364627 0.2788 1
0.0124365 0.036578 0.278812 1
0.0158016 0.0366876 0.278781 1
0.0191233 0.0368667 0.279029 1
0.0226446 0.0367827 0.279257 1
0.0263202 0.036515 0.2792 1
0.0298503 0.0364516 0.279214 1
0.0332295 0.0368028 0.279151 1
0.0365912 0.036784 0.278941 1
0.0401564 0.0364518 0.279214 1
0.043767 0.0359158 0.279563 1
0.0471447 0.0360375 0.279941 1
0.0136293 0.0390508 0.28 1
0.015757 0.0390508 0.28 1
0.0191006 0.0390508 0.28 1
0.0224441 0.0390508 0.28 1
0.0333867 0.0390508 0.28 1
0.0364263 0.0390508 0.28 1
0.00576934 -0.0421575 0.282 1
0.0088598 -0.042307 0.283 1
0.012196 -0.0421575 0.282 1
0.0152785 -0.0422173 0.2824 1
0.0198224 -0.0422697 0.281 1
0.0221995 -0.0423124 0.281286 1
0.0303625 -0.0425064 0.282571 1
0.0332086 -0.0428367 0.282688 1
0.0369894 -0.0421575 0.282 1
0.0389968 -0.042008 0.281 1
-0.0367928 -0.0393557 0.283 1
-0.0344579 -0.0386179 0.283 1
-0.0245399 -0.0394005 0.282 1
-0.0226396 -0.0392887 0.2812 1
-0.0192885 -0.0405298 0.281333 1
-0.0155103 -0.0405567 0.282429 1
-0.0121629 -0.0398346 0.282231 1
-0.00885872 -0.0396718 0.282077 1
-0.00540509 -0.039573 0.282636 1
-0.00171412 -0.040335 0.282714 1
0.00192587 -0.0407436 0.282333 1
0.00488372 -0.0408439 0.281667 1
0.00884102 -0.0412362 0.2824 1
0.0119221 -0.0413283 0.281714 1
0.0152785 -0.0416038 0.2824 1
0.0190671 -0.0409905 0.281 1
0.0225577 -0.0414564 0.2814 1
0.0265381 -0.0405538 0.2815 1
0.0292468 -0.0409918 0.281636 1
0.0333397 -0.0415694 0.282167 1
0.0369894 -0.0415449 0.282 1
0.0389968 -0.0413975 0.281 1
-0.0531982 -0.035851 0.283 1
-0.0506793 -0.0358088 0.282667 1
-0.047262 -0.035775 0.2824 1
-0.0438248 -0.0363385 0.282 1
-0.0399645 -0.0373764 0.28175 1
-0.037043 -0.0378019 0.2818 1
-0.0328857 -0.0380356 0.281222 1
-0.0116409 -0.0383449 0.281 1
-0.00920058 -0.0383449 0.281 1
-0.00370973 -0.0383449 0.281 1
-0.00309963 -0.0383449 0.281 1
-0.057192 -0.0346213 0.283 1
-0.0543405 -0.034307 0.281857 1
-0.0506869 -0.0343767 0.281 1
-0.0488566 -0.0343767 0.281 1
-0.0567879 0.0349167 0.281 1
-0.0540425 0.0349167 0.281 1
-0.0516021 0.0349167 0.281 1
-0.0363498 0.0349167 0.281 1
-0.0569229 0.0368364 0.281667 1
-0.0541831 0.0368451 0.281733 1
-0.0507003 0.0370442 0.2815 1
-0.0472688 0.0370589 0.281455 1
-0.0437486 0.0371205 0.2815 1
-0.0403301 0.0370669 0.2811 1
-0.0368909 0.0368546 0.281143 1
-0.0336043 0.0373588 0.281 1
-0.0296387 0.037664 0.281 1
-0.0263704 0.0373152 0.281 1
-0.0235377 0.037664 0.281 1
-0.0192671 0.037664 0.281 1
-0.014488 0.0377658 0.281 1
-0.012251 0.0379693 0.281 1
-0.00889553 0.0379693 0.281 1
-0.00523496 0.0379693 0.281 1
-0.00309963 0.0379693 0.281 1
0.0435725 0.037664 0.281 1
0.047233 0.037664 0.281 1
-0.057192 0.0391618 0.283 1
-0.0544271 0.0391618 0.283 1
-0.0507405 0.0391618 0.283 1
-0.0470538 0.0391618 0.283 1
-0.0434253 0.0396057 0.282875 1
-0.040138 0.0402536 0.282529 1
-0.0368101 0.039924 0.282583 1
-0.0333112 0.0396201 0.282273 1
-0.0297497 0.0402594 0.282056 1
-0.0261933 0.0403728 0.282353 1
-0.0228125 0.0401663 0.281937 1
-0.0193456 0.0396607 0.282167 1
-0.015509 0.0400984 0.282 1
-0.0123003 0.0402702 0.282133 1
-0.00905147 0.0398118 0.282231 1
-0.00525126 0.039314 0.281875 1
-0.00142091 0.0402744 0.28208 1
0.00178872 0.0405861 0.2822 1
0.00523345 0.0404607 0.282125 1
0.0088285 0.0402517 0.282 1
0.0122185 0.0402751 0.2816 1
0.015677 0.0408523 0.281546 1
0.0192029 0.0407901 0.2815 1
0.0229842 0.0406436 0.281462 1
0.0262159 0.0401551 0.281333 1
0.0295868 0.0401709 0.281444 1
0.0331381 0.0406436 0.281462 1
0.0369157 0.0405743 0.281417 1
0.0401919 0.0402732 0.281625 1
0.0436759 0.0402027 0.281667 1
0.0472816 0.0401538 0.281824 1
0.0491053 0.0416213 0.283 1
0.0128536 0.042851 0.283 1
0.0156186 0.042851 0.283 1
0.0193052 0.042851 0.283 1
0.0226846 0.0428509 0.283 1
0.026064 0.042851 0.283 1
0.0297506 0.042851 0.283 1
0.0319011 0.0428509 0.283 1
0.040196 0.042851 0.283 1
0.0438826 0.0431584 0.283 1
0.0463404 0.0428509 0.283 1
-0.00378894 -0.0422815 0.287 1
-0.0019151 -0.0421636 0.2862 1
0.00212111 -0.0427555 0.286 1
0.00397219 -0.042606 0.285 1
0.00891671 -0.0433808 0.284857 1
0.0113575 -0.0433821 0.284 1
0.0172759 -0.042606 0.285 1
0.0192385 -0.0433637 0.284556 1
0.0267931 -0.0430549 0.2855 1
0.0295888 -0.0439584 0.286 1
0.0332109 -0.0449827 0.286333 1
0.0366124 -0.0437182 0.2862 1
0.0397737 -0.0434569 0.2855 1
-0.0468217 -0.0392075 0.28675 1
-0.0436339 -0.039611 0.286 1
-0.0405199 -0.0397585 0.285667 1
-0.0364322 -0.0402106 0.284833 1
-0.03319 -0.0398662 0.285333 1
-0.029614 -0.0400525 0.286667 1
-0.0263953 -0.0398894 0.2855 1
-0.0225966 -0.040986 0.2845 1
-0.0121131 -0.0413676 0.285 1
-0.00912431 -0.0409563 0.285 1
-0.00460512 -0.0406009 0.2845 1
-0.00226299 -0.0411861 0.285571 1
0.00428158 -0.0419868 0.285 1
0.00889111 -0.0418395 0.284 1
0.0172759 -0.0419868 0.285 1
0.0178947 -0.0419868 0.285 1
0.0262027 -0.0419131 0.2845 1
0.0283142 -0.0418395 0.284 1
0.0403381 -0.0418395 0.284 1
0.0438044 -0.0406506 0.2865 1
-0.0568669 -0.0368524 0.286 1
-0.0543573 -0.036319 0.28425 1
-0.050648 -0.037238 0.2842 1
-0.0470902 -0.0373823 0.284286 1
-0.0441066 -0.0378477 0.2846 1
-0.0410541 -0.0381373 0.284 1
-0.0570023 0.0407486 0.2842 1
-0.0542668 0.0409361 0.284375 1
-0.0508815 0.0408494 0.284294 1
-0.0472755 0.0408914 0.284333 1
-0.0442749 0.0410809 0.284222 1
-0.041979 0.0414598 0.284 1
-0.0364295 0.0414598 0.284 1
-0.0333465 0.0414598 0.284 1
-0.0210143 0.0414598 0.284 1
-0.0191645 0.0414598 0.284 1
-0.0170064 0.0414598 0.284 1
-0.00868743 0.041489 0.2842 1
-0.00529789 0.0409831 0.284357 1
-0.00251612 0.0414598 0.284 1
-0.0567255 0.04315 0.286333 1
-0.05423 0.0434623 0.286077 1
-0.0507535 0.0436977 0.286241 1
-0.047339 0.0435938 0.286154 1
-0.0437747 0.0435552 0.28531 1
-0.0402202 0.0437949 0.285217 1
-0.036709 0.0434595 0.285111 1
-0.0332357 0.043545 0.285241 1
-0.0297832 0.0438206 0.2853 1
-0.0263295 0.0440538 0.2848 1
-0.0226243 0.0439609 0.284867 1
-0.0192455 0.0434961 0.2852 1
-0.0158373 0.0437967 0.285143 1
-0.0122035 0.0439959 0.285 1
-0.00872202 0.0435141 0.28532 1
-0.00536219 0.0436905 0.285719 1
-0.00159792 0.0437957 0.285133 1
0.0018052 0.0440538 0.2848 1
0.00520035 0.0440119 0.284533 1
0.00889737 0.0439597 0.2842 1
0.0120991 0.0442621 0.284263 1
0.0156922 0.044598 0.284333 1
0.0193962 0.044598 0.284333 1
0.0227915 0.044598 0.284333 1
0.0261868 0.044598 0.284333 1
0.0297957 0.0445554 0.284294 1
0.0333512 0.0441614 0.284667 1
0.0367416 0.0440539 0.2848 1
0.0402889 0.0445554 0.284294 1
0.0435231 0.0447522 0.284333 1
0.0473896 0.0442048 0.284565 1
0.0490049 0.04548 0.286 1
-0.0461611 0.0459508 0.287 1
-0.0436686 0.0459508 0.287 1
-0.0402415 0.0459508 0.287 1
-0.0368143 0.0459508 0.287 1
-0.0333872 0.0459508 0.287 1
-0.0296484 0.0461587 0.287 1
-0.0263034 0.0467867 0.286625 1
-0.0226909 0.0467781 0.286737 1
-0.0195746 0.0461587 0.287 1
-0.0160484 0.0466448 0.286909 1
-0.0123457 0.046612 0.28675 1
-0.00842772 0.0466437 0.287 1
-0.00540386 0.0472074 0.286938 1
-0.00174121 0.046685 0.286857 1
0.00192614 0.0473933 0.286783 1
0.00523261 0.0473902 0.286267 1
0.0087193 0.0473241 0.286154 1
0.012122 0.0474291 0.286241 1
0.0157952 0.0473795 0.2862 1
0.0192811 0.0473241 0.286154 1
0.0225835 0.0473782 0.286333 1
0.026371 0.0467787 0.286333 1
0.0298861 0.0473011 0.286217 1
0.0331705 0.0473452 0.286 1
0.0368313 0.0473379 0.286357 1
0.0402097 0.0474584 0.286259 1
0.0437264 0.0473463 0.286 1
0.0471029 0.0472212 0.286273 1
0.0490906 0.0471168 0.2865 1
0.0332867 0.0496921 0.287 1
0.0357792 0.0496922 0.287 1
0.0448144 0.0493804 0.287 1
0.0463722 0.0493804 0.287 1
0.00901634 -0.0455574 0.288 1
0.0273383 -0.0458738 0.29 1
0.0297496 -0.0457156 0.289 1
0.0369199 -0.0456523 0.2886 1
0.0402189 -0.0458422 0.2898 1
-0.0438103 -0.0420933 0.29 1
-0.0394028 -0.0420933 0.29 1
-0.0318472 -0.0420933 0.29 1
-0.0296435 -0.0420933 0.29 1
-0.0274398 -0.0420933 0.29 1
-0.0176195 -0.04289 0.289 1
-0.0154377 -0.043164 0.288429 1
-0.0122563 -0.0427911 0.288333 1
-0.00977626 -0.04289 0.289 1
-0.00443623 -0.042737 0.288667 1
-0.00162365 -0.0432788 0.2895 1
0.00234147 -0.0440797 0.2898 1
0.00529418 -0.0442222 0.2895 1
0.00901634 -0.0449317 0.288 1
0.0128568 -0.0442986 0.29 1
0.0160049 -0.0442986 0.29 1
0.0178938 -0.0442986 0.29 1
0.0238753 -0.0442986 0.29 1
0.0259359 -0.0443033 0.289 1
0.0297496 -0.0450877 0.289 1
0.0369199 -0.0450253 0.2886 1
0.0409735 -0.0444264 0.289222 1
0.0440094 -0.0434177 0.289375 1
-0.0509124 -0.0391497 0.2892 1
-0.0488231 -0.0389873 0.288 1
-0.043237 -0.0415203 0.289667 1
-0.040433 -0.0415488 0.2895 1
-0.0366914 -0.0415622 0.2885 1
-0.0332653 -0.0416001 0.2892 1
-0.0296435 -0.0414633 0.29 1
-0.0258582 -0.0416001 0.2892 1
-0.00536537 -0.0418031 0.288 1
0.044813 -0.0416342 0.289 1
-0.0563266 -0.0377358 0.288 1
-0.0549052 -0.0378341 0.28875 1
-0.0571603 0.0447552 0.288 1
-0.0553887 0.0451724 0.288 1
-0.0568743 0.0470826 0.289077 1
-0.0542405 0.047171 0.289143 1
-0.0508754 0.0472153 0.289 1
-0.0474561 0.0473832 0.2882 1
-0.0438441 0.0479323 0.288158 1
-0.0403307 0.0476878 0.288294 1
-0.0366723 0.0477312 0.288333 1
-0.0331745 0.0478521 0.288177 1
-0.029785 0.0479323 0.288158 1
-0.0263126 0.0486139 0.288 1
-0.0228735 0.0486139 0.288 1
-0.0191218 0.0481133 0.288 1
-0.0156827 0.0486139 0.288 1
-0.0119309 0.048301 0.288 1
-0.00932556 0.0481967 0.288 1
-0.00380214 0.0486139 0.288 1
-0.00161362 0.0486139 0.288 1
0.000574901 0.0486139 0.288 1
0.024336 0.0486139 0.288 1
0.0262119 0.0486139 0.288 1
0.0284003 0.0486139 0.288 1
0.0480971 0.0489267 0.288 1
0.0493476 0.0489267 0.288 1
-0.0491622 0.0495815 0.29 1
-0.0471915 0.050126 0.2895 1
-0.0437268 0.0501161 0.289444 1
-0.0403009 0.0498399 0.289667 1
-0.0366423 0.0503154 0.289615 1
-0.0331326 0.050747 0.289519 1
-0.0298434 0.0508184 0.2895 1
-0.0261147 0.0510283 0.289267 1
-0.0227037 0.0509564 0.289478 1
-0.0192154 0.0510519 0.2894 1
-0.0157651 0.0510732 0.28952 1
-0.0123116 0.0510874 0.2896 1
-0.0088333 0.0509676 0.28892 1
-0.00537808 0.0509291 0.2887 1
-0.0016181 0.0509472 0.2888 1
0.00182937 0.0509183 0.28864 1
0.00527828 0.0509351 0.288733 1
0.00867389 0.0508859 0.28875 1
0.0122291 0.0508965 0.288759 1
0.015874 0.0508718 0.288621 1
0.0192767 0.0508937 0.288231 1
0.022805 0.0508755 0.2884 1
0.0262665 0.050911 0.2886 1
0.0296984 0.0508874 0.288467 1
0.0333445 0.051446 0.288294 1
0.0369737 0.0510969 0.288364 1
0.040407 0.0509647 0.2889 1
0.0437173 0.0510061 0.288522 1
0.0472783 0.0510216 0.2888 1
0.0494125 0.0513274 0.289429 1
-0.0318472 0.0530469 0.29 1
-0.0296435 0.0530469 0.29 1
-0.0261806 0.0530469 0.29 1
-0.022875 0.0530469 0.29 1
-0.0192546 0.0530469 0.29 1
-0.0157916 0.0530469 0.29 1
-0.0123286 0.0530469 0.29 1
-0.00850208 0.0532908 0.289857 1
-0.00586938 0.0534737 0.28975 1
-0.0012313 0.0532832 0.29 1
0.00183618 0.0536282 0.289733 1
0.00493936 0.0535608 0.289857 1
0.00844932 0.0530469 0.29 1
0.0125419 0.0530469 0.29 1
0.0160971 0.0534263 0.289778 1
0.0191311 0.053616 0.289667 1
0.0227045 0.053569 0.289625 1
0.0261449 0.0536602 0.289706 1
0.0298225 0.053616 0.289667 1
0.0332624 0.0532705 0.2895 1
0.0367727 0.0533467 0.289917 1
0.0402458 0.0533619 0.29 1
0.0437088 0.0533619 0.29 1
0.0459125 0.0533619 0.29 1
-0.0156647 -0.0461086 0.2935 1
-0.0124533 -0.04603 0.293 1
-0.00164724 -0.0461871 0.294 1
0.0066509 -0.0461871 0.294 1
0.00862477 -0.0459253 0.292333 1
0.0107632 -0.04603 0.293 1
0.016197 -0.0461086 0.2935 1
0.019047 -0.0460614 0.2932 1
0.0229074 -0.0461478 0.29375 1
0.0262179 -0.0467991 0.293 1
0.0298264 -0.0472709 0.2928 1
0.0332912 -0.0472225 0.2925 1
0.0368453 -0.0473032 0.293 1
0.0403441 -0.0473032 0.293 1
0.043035 -0.0461871 0.294 1
-0.050625 -0.0425288 0.293 1
-0.0467011 -0.0424126 0.293667 1
-0.0408023 -0.0422385 0.291 1
-0.0363625 -0.0435431 0.2934 1
-0.033087 -0.0434243 0.2926 1
-0.0295299 -0.0433353 0.292 1
-0.0260989 -0.0434243 0.2926 1
-0.0228594 -0.0433056 0.2918 1
-0.0194385 -0.0440923 0.2928 1
-0.0165541 -0.044655 0.292333 1
-0.0123838 -0.0445023 0.291333 1
-0.00835618 -0.0440983 0.292 1
-0.00532993 -0.0442458 0.2925 1
-0.00163787 -0.0446296 0.292167 1
0.00121686 -0.0446041 0.292 1
0.0053377 -0.0446041 0.292 1
0.013944 -0.0447569 0.293 1
0.0145801 -0.0447569 0.293 1
0.023089 -0.0446041 0.292 1
0.0264849 -0.0453997 0.291 1
0.0440103 -0.0446041 0.292 1
-0.056792 -0.0401632 0.292 1
-0.0544207 -0.0399801 0.292643 1
-0.0507534 -0.0411303 0.292429 1
-0.0476906 -0.0409048 0.2914 1
-0.0408023 -0.0416063 0.291 1
-0.0567142 0.0508067 0.2916 1
-0.0543025 0.050882 0.291643 1
-0.0509044 0.0507575 0.29132 1
-0.047346 0.051875 0.291 1
-0.043464 0.0517952 0.291375 1
-0.0401942 0.051679 0.291167 1
-0.0379592 0.0516492 0.291 1
-0.0566041 0.0539791 0.293 1
-0.0542254 0.054214 0.293154 1
-0.0507769 0.0542771 0.292852 1
-0.0471919 0.0540077 0.292143 1
-0.0436246 0.0542071 0.292621 1
-0.0401339 0.0540921 0.2925 1
-0.0368124 0.0540342 0.29192 1
-0.0334506 0.0540661 0.291308 1
-0.0297942 0.0548507 0.291474 1
-0.0263159 0.0549057 0.2915 1
-0.022775 0.0546321 0.291435 1
-0.0193542 0.0549057 0.2915 1
-0.0158732 0.0549057 0.2915 1
-0.0123924 0.0549057 0.2915 1
-0.00883301 0.0549368 0.291 1
-0.00487008 0.0549923 0.291125 1
-0.00177706 0.0549545 0.291455 1
0.0018445 0.0554426 0.291 1
0.00564098 0.0551742 0.29125 1
0.00887817 0.0547284 0.291762 1
0.0122877 0.0546694 0.291783 1
0.0155411 0.0550876 0.291625 1
0.0192191 0.0554426 0.291 1
0.0226941 0.0554426 0.291 1
0.026169 0.0554426 0.291 1
0.0296948 0.0555385 0.2915 1
0.0332519 0.0552313 0.291353 1
0.0368239 0.0551006 0.291059 1
0.0403178 0.0552379 0.291375 1
0.043574 0.0551649 0.2912 1
0.0474014 0.0544553 0.2918 1
0.0498011 0.0544585 0.2925 1
-0.0539894 0.0566529 0.294 1
-0.0507977 0.056653 0.294 1
-0.047287 0.056653 0.294 1
-0.0437762 0.0566529 0.294 1
-0.0402655 0.056653 0.294 1
-0.0364746 0.0567529 0.293571 1
-0.0331875 0.0571954 0.2935 1
-0.0297016 0.0574522 0.293526 1
-0.0261871 0.0575335 0.2936 1
-0.0226602 0.0574812 0.293333 1
-0.0190499 0.0576468 0.293412 1
-0.0156636 0.057833 0.2935 1
-0.0121265 0.0576754 0.2927 1
-0.00862451 0.057636 0.2925 1
-0.00513299 0.0576555 0.2926 1
-0.00164234 0.0577179 0.292917 1
0.00190347 0.0578186 0.292083 1
0.00534685 0.057636 0.2925 1
0.00892978 0.0577525 0.293476 1
0.0122722 0.057674 0.293593 1
0.0158795 0.0578331 0.2935 1
0.0193744 0.0575332 0.292667 1
0.0227517 0.057762 0.292905 1
0.0262756 0.0576849 0.292957 1
0.0297613 0.05779 0.293048 1
0.0333958 0.0577749 0.29288 1
0.0367495 0.0579031 0.29224 1
0.0402615 0.0579342 0.2924 1
0.0436829 0.0578395 0.292478 1
0.0468655 0.0572711 0.2934 1
0.0497374 0.0566529 0.294 1
-0.011222 0.0595274 0.294 1
-0.00852366 0.0598177 0.294 1
-0.00515799 0.0598467 0.294 1
-0.00164724 0.0598468 0.294 1
0.00186054 0.0602759 0.2936 1
0.00537427 0.0598467 0.294 1
0.00782115 0.0597403 0.294 1
0.0197364 0.0595274 0.294 1
0.0226089 0.0595274 0.294 1
0.0261196 0.0595274 0.294 1
0.0296304 0.0595274 0.294 1
0.0331411 0.0595274 0.294 1
0.0366519 0.0604855 0.294 1
0.0401626 0.0604855 0.294 1
0.043418 0.0602939 0.294 1
0.0462267 0.0595274 0.294 1
0.0266853 -0.0495205 0.29675 1
0.0298319 -0.0493953 0.296 1
0.0332734 -0.0498996 0.296444 1
0.036628 -0.0494621 0.2964 1
0.0398483 -0.0494621 0.2964 1
-0.0364224 -0.0461765 0.296727 1
-0.0335932 -0.0458364 0.296375 1
-0.0296951 -0.0456597 0.2968 1
-0.0260484 -0.0459854 0.2964 1
-0.0226211 -0.0466584 0.297 1
-0.0193469 -0.0465328 0.2962 1
-0.0157676 -0.0470659 0.2955 1
-0.0122623 -0.0477876 0.296 1
-0.0087066 -0.0463966 0.295333 1
-0.00497337 -0.0466641 0.295667 1
-0.00166124 -0.0475478 0.2965 1
0.00166022 -0.0466641 0.295667 1
0.00475902 -0.0464228 0.2955 1
0.00897567 -0.0479489 0.297 1
0.0123057 -0.0472357 0.296111 1
0.0153721 -0.0474671 0.296 1
0.0192419 -0.0478198 0.2962 1
0.0226007 -0.0474671 0.296 1
0.0260993 -0.0484592 0.296167 1
0.0298319 -0.0487522 0.296 1
0.0333666 -0.0487522 0.296 1
0.036628 -0.0488181 0.2964 1
0.0398483 -0.0488181 0.2964 1
-0.0564747 -0.043432 0.297 1
-0.0540744 -0.0426715 0.2962 1
-0.0499768 -0.0435714 0.29575 1
-0.0475153 -0.0437458 0.296 1
-0.0437849 -0.0439586 0.2962 1
-0.0404586 -0.0438399 0.2954 1
-0.0372334 -0.0446189 0.296 1
-0.0331666 -0.0449189 0.296167 1
-0.0296951 -0.0450149 0.2968 1
-0.0260763 -0.04499 0.295429 1
-0.022789 -0.0450623 0.295 1
-0.0564147 -0.0412167 0.295 1
-0.0547067 -0.0412167 0.295 1
-0.0564984 0.0582199 0.296 1
-0.0543252 0.0583191 0.295368 1
-0.0507075 0.0585148 0.295333 1
-0.0471809 0.0585148 0.295333 1
-0.0436542 0.0585148 0.295333 1
-0.0403333 0.0585632 0.295375 1
-0.0370278 0.0585148 0.295333 1
-0.0333806 0.059129 0.2952 1
-0.0298344 0.0590889 0.295 1
-0.0263117 0.0590889 0.295 1
-0.022789 0.0590889 0.295 1
-0.0199068 0.0590889 0.295 1
0.0182023 0.0590889 0.295 1
0.0482743 0.0587444 0.2952 1
0.049963 0.0585148 0.295333 1
-0.0564747 0.0601348 0.297 1
-0.054157 0.0607126 0.296667 1
-0.0507156 0.0607585 0.296706 1
-0.0471857 0.0606638 0.296625 1
-0.0438513 0.0607126 0.296667 1
-0.0403087 0.0607126 0.296667 1
-0.0367661 0.0607126 0.296667 1
-0.0331225 0.0612577 0.296296 1
-0.0297035 0.0612031 0.296154 1
-0.0260761 0.0611637 0.29613 1
-0.022757 0.0611662 0.296071 1
-0.0193311 0.06122 0.296 1
-0.0158076 0.061262 0.2962 1
-0.0123452 0.061323 0.295957 1
-0.00880112 0.0617178 0.295632 1
-0.00518723 0.0617927 0.295667 1
-0.00165655 0.0617693 0.295556 1
0.00175689 0.0619621 0.295364 1
0.00520314 0.0617439 0.295625 1
0.00891122 0.0613818 0.29575 1
0.0121505 0.061178 0.2958 1
0.0156904 0.061206 0.295933 1
0.0191136 0.06131 0.295591 1
0.0227242 0.0614372 0.2955 1
0.0262529 0.0614372 0.2955 1
0.0297815 0.0614372 0.2955 1
0.033287 0.0613952 0.2953 1
0.0367766 0.0619731 0.295 1
0.0402992 0.0619731 0.295 1
0.0439809 0.0616369 0.295143 1
0.0473105 0.0613314 0.296 1
0.0501885 0.0607126 0.296667 1
-0.0113365 0.0636839 0.297 1
-0.00940203 0.0636839 0.297 1
-0.00392096 0.0636839 0.297 1
-0.00166404 0.0636838 0.297 1
0.00188253 0.0636838 0.297 1
0.00510669 0.0636838 0.297 1
0.00865326 0.0636839 0.297 1
0.0121998 0.0636838 0.297 1
0.0157464 0.0636839 0.297 1
0.019293 0.0636838 0.297 1
0.0228396 0.0636838 0.297 1
0.0263861 0.0636838 0.297 1
0.0296103 0.0636838 0.297 1
0.0333916 0.0641572 0.2968 1
0.0366238 0.0645135 0.29636 1
0.0401101 0.0642732 0.29644 1
0.0435882 0.0641621 0.296556 1
0.0463759 0.0636838 0.297 1
0.0367034 0.0665876 0.297 1
0.0386379 0.0665876 0.297 1
0.024781 -0.0528455 0.301 1
0.0302844 -0.0527577 0.3005 1
0.0332108 -0.0527402 0.3004 1
0.0367231 -0.052787 0.300667 1
0.0413079 -0.05267 0.3 1
-0.0192487 -0.0496816 0.299667 1
-0.0166618 -0.0497369 0.3 1
-0.011451 -0.0497369 0.3 1
-0.00884276 -0.0497369 0.3 1
-0.00506076 -0.050093 0.300833 1
-0.00190865 -0.0497579 0.299 1
0.00190749 -0.0498695 0.3008 1
0.00582898 -0.0499027 0.301 1
0.00870901 -0.0495711 0.299 1
0.012597 -0.0500869 0.299857 1
0.0157232 -0.0502251 0.299364 1
0.019286 -0.05039 0.299636 1
0.0227216 -0.0503411 0.2997 1
0.025792 -0.0505332 0.298471 1
0.0299453 -0.0512231 0.299429 1
0.0332793 -0.0512862 0.299231 1
0.0370782 -0.0512963 0.299333 1
0.0400433 -0.0513554 0.298667 1
0.0424686 -0.0495711 0.299 1
-0.0562551 -0.0466328 0.301 1
-0.0556016 -0.0466328 0.301 1
-0.0490664 -0.0459789 0.301 1
-0.0469815 -0.0458567 0.3002 1
-0.0435754 -0.04654 0.300231 1
-0.0403739 -0.0467324 0.299533 1
-0.036934 -0.0481064 0.300667 1
-0.0331358 -0.0469412 0.2988 1
-0.0299952 -0.0470983 0.2998 1
-0.0263702 -0.0476724 0.2993 1
-0.0228496 -0.0484333 0.3 1
-0.0191616 -0.0481642 0.298333 1
-0.0159315 -0.0481911 0.2985 1
-0.00878668 -0.0481104 0.298 1
-0.00555167 -0.0481104 0.298 1
0.00221717 -0.0481911 0.2985 1
0.00513677 -0.0482396 0.2988 1
0.00706489 -0.0481104 0.298 1
0.0445109 -0.0477844 0.2992 1
0.0455417 -0.0484333 0.3 1
-0.0542584 -0.0443741 0.299 1
-0.0519862 -0.0443741 0.299 1
-0.0428978 -0.0453486 0.299 1
-0.0401941 -0.0452272 0.2982 1
-0.0566649 0.0616322 0.298 1
-0.0544004 0.0626033 0.298 1
-0.0508419 0.0626034 0.298 1
-0.0472834 0.0626033 0.298 1
-0.0437248 0.0626033 0.298 1
-0.0401663 0.0626034 0.298 1
-0.0369313 0.0626033 0.298 1
-0.0349903 0.0626033 0.298 1
-0.0275498 0.0626033 0.298 1
0.0500906 0.0626033 0.298 1
-0.0561928 0.0647974 0.300667 1
-0.054065 0.0649516 0.300105 1
-0.050815 0.0649267 0.29975 1
-0.0473509 0.0649407 0.299545 1
-0.0437902 0.0648027 0.299455 1
-0.0403685 0.0648717 0.2995 1
-0.0368904 0.0648416 0.299091 1
-0.0332762 0.0645863 0.298454 1
-0.0297355 0.0648225 0.299 1
-0.0262207 0.0647637 0.299273 1
-0.0227353 0.0646551 0.2985 1
-0.0190428 0.0647664 0.298185 1
-0.0156648 0.0649436 0.298583 1
-0.0124718 0.064967 0.298444 1
-0.00866864 0.0652165 0.2984 1
-0.00530481 0.0648028 0.298474 1
-0.00167152 0.0655909 0.298333 1
0.00189098 0.0655909 0.298333 1
0.00512962 0.0655909 0.298333 1
0.00869211 0.0655909 0.298333 1
0.0122546 0.0655909 0.298333 1
0.0158171 0.0655909 0.298333 1
0.019362 0.0655317 0.298067 1
0.0226183 0.0655909 0.298333 1
0.0261807 0.0655909 0.298333 1
0.0297432 0.0655909 0.298333 1
0.0327724 0.0658202 0.2982 1
0.0403855 0.0661643 0.298 1
0.044025 0.0659215 0.298 1
0.0474593 0.0652805 0.298474 1
0.0503433 0.0648714 0.2995 1
-0.0539678 0.0668304 0.301 1
-0.0507002 0.0668304 0.301 1
-0.0471058 0.0668304 0.301 1
-0.0438383 0.0671574 0.301 1
-0.0402439 0.0673754 0.301 1
-0.0367608 0.0676302 0.300455 1
-0.0333265 0.0676998 0.3005 1
-0.0298907 0.0676505 0.300546 1
-0.0261933 0.0671574 0.301 1
-0.0226529 0.0675642 0.300625 1
-0.019338 0.0680833 0.300308 1
-0.0157153 0.0679602 0.299889 1
-0.0123766 0.068056 0.300131 1
-0.00868094 0.0681151 0.3002 1
-0.00532064 0.068005 0.300167 1
-0.00168085 0.0682395 0.3 1
0.00190155 0.0682395 0.3 1
0.00515827 0.0682395 0.3 1
0.00874067 0.0682395 0.3 1
0.0123231 0.0682395 0.3 1
0.0156701 0.0681822 0.299952 1
0.0192967 0.0682908 0.29948 1
0.0227055 0.0684462 0.29948 1
0.026184 0.0682475 0.299917 1
0.0298208 0.068297 0.300048 1
0.0331555 0.0683399 0.299231 1
0.0365852 0.0682598 0.298667 1
0.0403002 0.0681234 0.299263 1
0.0436725 0.0680354 0.299364 1
0.047362 0.0683602 0.300273 1
0.0505388 0.0674104 0.300667 1
-0.0190046 0.0701002 0.301 1
-0.0167174 0.0701002 0.301 1
-0.011816 0.0701002 0.301 1
-0.00854838 0.0701002 0.301 1
-0.0052808 0.0701002 0.301 1
-0.00168646 0.0701002 0.301 1
0.00190788 0.0701002 0.301 1
0.00517547 0.0701002 0.301 1
0.00876981 0.0701002 0.301 1
0.0123641 0.0701002 0.301 1
0.0156317 0.0701002 0.301 1
0.0195528 0.0705907 0.301 1
0.0228204 0.0710812 0.301 1
0.0258266 0.0706888 0.301 1
0.0296823 0.0701002 0.301 1
0.0332767 0.0707542 0.301 1
0.0365443 0.0704272 0.301 1
0.0401386 0.0704272 0.301 1
0.0437329 0.0704272 0.301 1
0.0460203 0.0704272 0.301 1
0.0127952 -0.0529547 0.3035 1
0.0156837 -0.0530211 0.302 1
0.0191569 -0.0529443 0.3025 1
0.0232676 -0.053033 0.303143 1
0.026341 -0.0529187 0.302667 1
0.0298028 -0.0540243 0.303333 1
0.0320712 -0.0546027 0.3035 1
0.0369604 -0.0539515 0.3028 1
0.0396808 -0.0540947 0.3025 1
-0.0431428 -0.0492468 0.303 1
-0.0399326 -0.0495578 0.302222 1
-0.0383349 -0.0494093 0.304 1
-0.0332002 -0.0491385 0.302333 1
-0.0292665 -0.0495067 0.302857 1
-0.0263674 -0.0502342 0.303 1
-0.0227492 -0.0504537 0.303 1
-0.0191309 -0.0515508 0.303 1
-0.0158638 -0.050829 0.3034 1
-0.0125223 -0.050438 0.30225 1
-0.00839174 -0.0516076 0.303333 1
-0.00564699 -0.0515509 0.303 1
-0.00136425 -0.0514148 0.3022 1
0.0019244 -0.0516189 0.3034 1
0.00493621 -0.0512489 0.303429 1
0.00881584 -0.0514942 0.302667 1
0.0117495 -0.0513807 0.302 1
0.0156837 -0.052365 0.302 1
0.0196178 -0.052365 0.302 1
0.0222405 -0.052365 0.302 1
0.0271582 -0.052365 0.302 1
0.0363379 -0.052365 0.302 1
0.0436946 -0.0508925 0.303 1
-0.0542167 -0.0465045 0.303 1
-0.0511224 -0.0463608 0.3035 1
-0.0465853 -0.0477582 0.304 1
-0.0441296 -0.0480948 0.303 1
-0.0401011 -0.0484922 0.3024 1
-0.0383349 -0.0487488 0.304 1
-0.0332002 -0.0484816 0.302333 1
-0.0295992 -0.0484923 0.3024 1
-0.056442 0.0663963 0.302 1
-0.0557863 0.0663963 0.302 1
-0.0565168 0.0684566 0.3024 1
-0.0542987 0.0687374 0.30248 1
-0.0507431 0.0687108 0.302556 1
-0.0472755 0.0687608 0.302778 1
-0.0437524 0.0691739 0.302667 1
-0.0403026 0.06916 0.302385 1
-0.0367966 0.0697231 0.3022 1
-0.0331651 0.069677 0.302 1
-0.0291841 0.0693958 0.302 1
-0.0262915 0.0690516 0.302133 1
-0.0231986 0.0692833 0.302 1
-0.0151337 0.069677 0.302 1
-0.0138223 0.069677 0.302 1
0.0507629 0.0693489 0.302 1
-0.0541756 0.0711292 0.304 1
-0.0507105 0.070964 0.304 1
-0.0469813 0.070931 0.304 1
-0.0436152 0.0711292 0.304 1
-0.040315 0.0711292 0.304 1
-0.0367696 0.0710321 0.303455 1
-0.0329208 0.0709685 0.302769 1
-0.0296567 0.0715551 0.303 1
-0.0262929 0.0717477 0.303182 1
-0.0227453 0.0718687 0.302933 1
-0.0190994 0.0720937 0.3025 1
-0.0157491 0.0719679 0.30287 1
-0.0122716 0.0720422 0.30256 1
-0.00859098 0.0720937 0.3025 1
-0.00530711 0.0720937 0.3025 1
-0.00169486 0.0720937 0.3025 1
0.00191739 0.0720937 0.3025 1
0.00520126 0.0720937 0.3025 1
0.00881351 0.0720937 0.3025 1
0.0124257 0.0720937 0.3025 1
0.0157096 0.0720937 0.3025 1
0.0190523 0.0722009 0.3024 1
0.0228962 0.0726296 0.302 1
0.0264995 0.0723752 0.3025 1
0.0296164 0.0720984 0.302714 1
0.0331074 0.0724085 0.302444 1
0.0367061 0.0723821 0.302333 1
0.0402144 0.072334 0.302294 1
0.0438094 0.0724331 0.302375 1
0.0473965 0.0719131 0.302333 1
0.0505622 0.0718277 0.30276 1
-0.0221642 0.0741013 0.304 1
-0.0193261 0.0742334 0.304 1
-0.0145738 0.0744316 0.304 1
-0.0122637 0.0744316 0.304 1
-0.00863358 0.0744316 0.304 1
-0.00533343 0.0744316 0.304 1
-0.00170327 0.0744316 0.304 1
0.0019269 0.0744316 0.304 1
0.00522705 0.0744316 0.304 1
0.0085272 0.0744316 0.304 1
0.0121573 0.0744316 0.304 1
0.0156409 0.0743949 0.304 1
0.0195713 0.0745561 0.303833 1
0.0227926 0.074729 0.303706 1
0.0263191 0.0746806 0.303667 1
0.0296414 0.0747456 0.303933 1
0.0332418 0.0746806 0.303667 1
0.037085 0.0750453 0.303737 1
0.0400144 0.0748844 0.303706 1
0.0437907 0.0746806 0.303667 1
0.0474169 0.0746806 0.303667 1
0.0503687 0.0743496 0.303857 1
0.0380628 -0.0564166 0.308 1
0.0387316 -0.0564166 0.308 1
-0.033824 -0.0527361 0.308 1
-0.0288878 -0.0533482 0.307667 1
-0.0260815 -0.0536352 0.3074 1
-0.0150509 -0.0525649 0.307 1
-0.00841282 -0.0537399 0.308 1
-0.00540361 -0.0537399 0.308 1
-0.00172074 -0.0535073 0.306667 1
0.00208935 -0.0540226 0.306222 1
0.00498377 -0.0538469 0.306429 1
0.00890596 -0.0539976 0.307286 1
0.0122936 -0.0545158 0.307333 1
0.0158702 -0.0546491 0.3056 1
0.0191869 -0.0546491 0.3056 1
0.0225945 -0.0548637 0.3068 1
0.0263018 -0.054959 0.307333 1
0.0287524 -0.0545418 0.305 1
0.03405 -0.0545418 0.305 1
0.0356064 -0.0548994 0.307 1
-0.0560434 -0.0502304 0.307 1
-0.055214 -0.0500619 0.307333 1
-0.0464424 -0.0503027 0.307667 1
-0.0438665 -0.0507501 0.306778 1
-0.0391736 -0.0510632 0.308 1
-0.0366675 -0.0508311 0.3066 1
-0.0333453 -0.0509265 0.306167 1
-0.0298632 -0.051064 0.305667 1
-0.0262662 -0.0520046 0.305667 1
-0.0229744 -0.0520613 0.306 1
-0.015051 -0.0518979 0.307 1
-0.0123444 -0.0520613 0.306 1
-0.00899308 -0.0518911 0.305 1
0.0447916 -0.0520613 0.306 1
0.0459696 -0.0505658 0.305 1
-0.0539003 -0.0481037 0.3062 1
-0.050711 -0.0482294 0.307 1
-0.0477254 -0.0482397 0.3058 1
-0.045083 -0.0489092 0.305 1
-0.0543539 0.0726885 0.305 1
-0.0504752 0.0724991 0.305 1
-0.0472903 0.0724676 0.305 1
-0.0437586 0.0726885 0.305 1
-0.0404476 0.0726885 0.305 1
-0.0368055 0.0726885 0.305 1
-0.0334117 0.0727713 0.305 1
-0.0560434 0.0768336 0.307 1
-0.054228 0.0752348 0.305815 1
-0.0507725 0.0752997 0.306482 1
-0.0473166 0.0754025 0.3066 1
-0.0439025 0.0752595 0.306583 1
-0.0401795 0.075018 0.306636 1
-0.0366784 0.0750941 0.3067 1
-0.0333265 0.0750448 0.3065 1
-0.0298583 0.0752693 0.305846 1
-0.0263335 0.07532 0.305846 1
-0.0227258 0.0758366 0.306 1
-0.0192715 0.0758591 0.305933 1
-0.015926 0.0756962 0.3059 1
-0.0120011 0.0761769 0.3057 1
-0.00867618 0.0761269 0.3055 1
-0.00535975 0.0761269 0.3055 1
-0.00171167 0.0761269 0.3055 1
0.00193641 0.0761269 0.3055 1
0.00525284 0.0761269 0.3055 1
0.00856927 0.0761269 0.3055 1
0.0120202 0.0762152 0.305286 1
0.0159835 0.0760251 0.305455 1
0.0188667 0.0762857 0.305 1
0.0227926 0.0766644 0.305 1
0.0264347 0.0766644 0.305 1
0.0297457 0.0766644 0.305 1
0.0330567 0.0766644 0.305 1
0.0360366 0.0766644 0.305 1
0.040672 0.0766644 0.305 1
0.0436519 0.0766644 0.305 1
0.047294 0.0766644 0.305 1
0.0510787 0.0758839 0.305286 1
-0.0560434 0.0775006 0.307 1
-0.0536762 0.0780589 0.307444 1
-0.0508211 0.0783381 0.307667 1
-0.0472512 0.0783873 0.307706 1
-0.0437745 0.0776552 0.307833 1
-0.0354958 0.0774184 0.308 1
-0.033203 0.0778008 0.308 1
-0.0302886 0.0780031 0.3074 1
-0.0261055 0.0783381 0.307667 1
-0.0227655 0.0783381 0.307667 1
-0.0196281 0.0782736 0.307615 1
-0.015203 0.0780031 0.3074 1
-0.0119112 0.0784702 0.307412 1
-0.00872446 0.0788881 0.3072 1
-0.00538957 0.0788881 0.3072 1
-0.00172119 0.0788881 0.3072 1
0.00194718 0.0788881 0.3072 1
0.00528207 0.0788881 0.3072 1
0.00860694 0.0788056 0.30688 1
0.0123621 0.0788579 0.306714 1
0.0159449 0.0788465 0.30704 1
0.0192447 0.0790403 0.3065 1
0.0225719 0.0790402 0.3065 1
0.026232 0.0790403 0.3065 1
0.0298519 0.0789367 0.3061 1
0.0331109 0.0787824 0.3055 1
0.036759 0.0787824 0.3055 1
0.0405137 0.0789887 0.3063 1
0.0438666 0.0790403 0.3065 1
0.0472096 0.0790664 0.3066 1
0.0506833 0.0786849 0.306905 1
0.0527175 0.0790065 0.307667 1
0.00964247 0.0814335 0.308 1
0.011983 0.0814335 0.308 1
0.0163296 0.0814335 0.308 1
0.0193388 0.0814335 0.308 1
0.0226824 0.0814335 0.308 1
0.026026 0.0814335 0.308 1
0.030005 0.0817915 0.307667 1
0.0333277 0.0819705 0.3075 1
0.0366552 0.0812749 0.3074 1
0.040069 0.0814335 0.308 1
0.0434126 0.0812662 0.308 1
0.0474248 0.0810989 0.308 1
0.0497653 0.0810989 0.308 1
-0.000729584 -0.0569051 0.310667 1
0.00196493 -0.056783 0.31 1
0.00533452 -0.0568196 0.3102 1
0.00737309 -0.0569661 0.311 1
0.0127482 -0.056844 0.310333 1
0.0157687 -0.0568135 0.310167 1
0.0188325 -0.0569051 0.310667 1
0.0262275 -0.0568562 0.3104 1
0.0294831 -0.0566364 0.3092 1
0.0339351 -0.0567829 0.31 1
0.0365672 -0.0566914 0.3095 1
0.0398636 -0.0565998 0.309 1
-0.0392176 -0.052912 0.311 1
-0.0369634 -0.0529777 0.3102 1
-0.0329275 -0.0529074 0.309 1
-0.0302646 -0.0539922 0.3106 1
-0.0229073 -0.0540191 0.3096 1
-0.0192872 -0.0542343 0.310833 1
-0.0155454 -0.0541237 0.3102 1
-0.0121623 -0.054054 0.3098 1
-0.00881927 -0.0552747 0.3106 1
-0.00568131 -0.0556148 0.311 1
-0.00174014 -0.0554359 0.31 1
0.00061682 -0.0552571 0.309 1
0.00598391 -0.0552571 0.309 1
0.00801454 -0.0553763 0.309667 1
0.0110156 -0.0552571 0.309 1
0.0436376 -0.0545579 0.3096 1
0.0463577 -0.0537063 0.30925 1
-0.0539949 -0.0506263 0.31 1
-0.0503017 -0.0505741 0.310125 1
-0.0478938 -0.0509348 0.30925 1
-0.0423199 -0.051229 0.309 1
-0.041649 -0.051229 0.309 1
-0.0363609 -0.0523487 0.309667 1
-0.0329275 -0.052236 0.309 1
-0.0309148 -0.052236 0.309 1
0.0465725 -0.052236 0.309 1
-0.0545055 0.0796776 0.309625 1
-0.0507059 0.0800195 0.309 1
-0.0470456 0.0800713 0.3092 1
-0.0435095 0.0794994 0.309385 1
-0.0403724 0.078469 0.3095 1
-0.0369353 0.0788009 0.309364 1
-0.0336793 0.0795173 0.309182 1
-0.0293957 0.0794795 0.309308 1
-0.0262538 0.0801231 0.3094 1
-0.0228642 0.0800195 0.309 1
-0.0189693 0.079962 0.30975 1
-0.0161158 0.0794596 0.309231 1
-0.0124654 0.0800195 0.309 1
-0.0540726 0.081551 0.311 1
-0.0502918 0.0817499 0.310286 1
-0.0473518 0.0819479 0.310222 1
-0.0438777 0.0817665 0.310533 1
-0.0402305 0.0808753 0.311 1
-0.036387 0.0816694 0.310714 1
-0.0328776 0.0821965 0.310333 1
-0.0297333 0.0824807 0.31068 1
-0.0263416 0.0824175 0.31044 1
-0.0231006 0.0818406 0.310059 1
-0.019036 0.0821247 0.310727 1
-0.0155634 0.0824491 0.31056 1
-0.012235 0.0824236 0.31025 1
-0.00880222 0.0826107 0.3099 1
-0.00542992 0.0825036 0.3095 1
-0.00173408 0.0825036 0.3095 1
0.00196176 0.0825036 0.3095 1
0.00532162 0.0825036 0.3095 1
0.0084334 0.0827051 0.309625 1
0.0120361 0.0831481 0.3094 1
0.0153763 0.0827049 0.309 1
0.0194016 0.0830406 0.309 1
0.022756 0.0830406 0.309 1
0.0261105 0.0830406 0.309 1
0.028794 0.0830406 0.309 1
0.036857 0.0830676 0.3091 1
0.0402641 0.0831755 0.3095 1
0.0437625 0.082912 0.309385 1
0.0471894 0.0827448 0.309294 1
0.0511136 0.082468 0.309905 1
0.0530047 0.0825261 0.31 1
-0.00140487 0.0849295 0.311 1
0.00225791 0.0852375 0.310714 1
0.00505404 0.0852375 0.310714 1
0.00872355 0.0849295 0.311 1
0.0120869 0.0848474 0.3107 1
0.0156323 0.0853948 0.310454 1
0.0193825 0.0856186 0.310565 1
0.0227901 0.0855027 0.310333 1
0.0261423 0.0851811 0.310375 1
0.0295658 0.0850124 0.310067 1
0.0331118 0.0851059 0.310562 1
0.0368097 0.085227 0.310706 1
0.0404159 0.0851766 0.310667 1
0.0437884 0.0851766 0.310667 1
0.0471609 0.0851766 0.310667 1
0.0501792 0.0848423 0.310857 1
0.052951 0.0845916 0.311 1
0.0265477 -0.0602829 0.3142 1
0.0298313 -0.0606081 0.313857 1
0.0324308 -0.0604364 0.315 1
-0.0359605 -0.0566722 0.315 1
-0.0332249 -0.0566722 0.315 1
-0.0297591 -0.0565822 0.3145 1
-0.0257927 -0.0565682 0.313 1
-0.0229103 -0.0567076 0.313571 1
-0.0191437 -0.0564923 0.314 1
-0.0157162 -0.0564203 0.3136 1
-0.012337 -0.0572247 0.314267 1
-0.00904153 -0.0574232 0.314 1
-0.00544657 -0.0572851 0.313667 1
-0.00209632 -0.057812 0.31375 1
0.00199452 -0.0589926 0.3146 1
0.00539168 -0.0588051 0.3136 1
0.00878439 -0.057642 0.3132 1
0.0118577 -0.0581063 0.3135 1
0.0194936 -0.0584124 0.313571 1
0.0228889 -0.0578687 0.313125 1
0.0261469 -0.0587863 0.3135 1
0.0297904 -0.0585801 0.3124 1
0.0334154 -0.0589926 0.3146 1
0.0368762 -0.0590676 0.315 1
0.0404796 -0.0587784 0.314667 1
0.043126 -0.057622 0.3142 1
0.046109 -0.0566722 0.315 1
-0.0541439 -0.0533702 0.313231 1
-0.050805 -0.0533799 0.31375 1
-0.047604 -0.0537646 0.314 1
-0.0436607 -0.0533884 0.3138 1
-0.0405323 -0.0543496 0.313714 1
-0.03664 -0.0548706 0.3135 1
-0.0332407 -0.0548807 0.312857 1
-0.0302444 -0.0554119 0.313667 1
-0.026191 -0.0555731 0.312667 1
-0.022508 -0.0557035 0.3134 1
-0.0191437 -0.0558101 0.314 1
-0.0157162 -0.055739 0.3136 1
-0.0122801 -0.0555968 0.3128 1
-0.0102156 -0.0554546 0.312 1
-0.00513508 -0.0554546 0.312 1
0.0444571 -0.0556324 0.313 1
0.046109 -0.0559878 0.315 1
-0.0532304 -0.0517263 0.312 1
-0.0518756 -0.0517263 0.312 1
-0.0542465 0.0831689 0.312 1
-0.0515369 0.083169 0.312 1
-0.0461177 0.083169 0.312 1
-0.0433234 0.0832537 0.312 1
-0.0400384 0.0828657 0.312133 1
-0.0370212 0.0832174 0.312 1
-0.0342632 0.0835079 0.312 1
-0.0224088 0.0835079 0.312 1
-0.0196992 0.0835079 0.312 1
-0.0540432 0.0855224 0.313444 1
-0.0508486 0.0856241 0.313474 1
-0.0473192 0.0857921 0.312815 1
-0.0437232 0.085792 0.313185 1
-0.0402164 0.0859599 0.31352 1
-0.0367809 0.0855458 0.31325 1
-0.0334421 0.0859906 0.312955 1
-0.0298403 0.0861538 0.31281 1
-0.0262587 0.0860418 0.312524 1
-0.0225859 0.0856191 0.31237 1
-0.0191266 0.0857318 0.312261 1
-0.0156492 0.0859637 0.3123 1
-0.0122674 0.0860191 0.3125 1
-0.00887498 0.0860191 0.3125 1
-0.00548256 0.0860191 0.3125 1
-0.00199382 0.0864835 0.312429 1
0.00130021 0.0865583 0.312 1
0.006042 0.0865583 0.312 1
0.0087516 0.0865583 0.312 1
0.0121386 0.0865583 0.312 1
0.0267027 0.0868972 0.312 1
0.029751 0.0868972 0.312 1
0.033138 0.0868972 0.312 1
0.036525 0.0868972 0.312 1
0.0402507 0.0868972 0.312 1
0.0439764 0.0868972 0.312 1
0.0473633 0.0868972 0.312 1
0.0509843 0.0863144 0.312154 1
0.0529941 0.0861195 0.31225 1
-0.0530583 0.088075 0.315 1
-0.0507992 0.0880818 0.314889 1
-0.046977 0.0889409 0.314615 1
-0.0437791 0.089008 0.314667 1
-0.0403632 0.089008 0.314667 1
-0.0369864 0.088075 0.315 1
-0.0328945 0.0889409 0.314615 1
-0.0295561 0.0889535 0.314625 1
-0.0260162 0.089008 0.314667 1
-0.0226003 0.089008 0.314667 1
-0.0190351 0.0890305 0.314176 1
-0.0157293 0.0891331 0.3139 1
-0.0124265 0.089011 0.314375 1
-0.00892705 0.0889137 0.314333 1
-0.00551472 0.0889137 0.314333 1
-0.00176038 0.0888198 0.314 1
0.00198619 0.0886498 0.3134 1
0.00539469 0.0890907 0.31375 1
0.00889145 0.0892259 0.313682 1
0.0121114 0.0892259 0.313682 1
0.0156874 0.0892357 0.313478 1
0.0191305 0.0892244 0.313111 1
0.0229627 0.0894147 0.313231 1
0.0264654 0.089275 0.3132 1
0.0298654 0.089275 0.3132 1
0.0332654 0.089275 0.3132 1
0.0366098 0.0892207 0.313208 1
0.0402391 0.0890311 0.313174 1
0.0437399 0.0892454 0.313185 1
0.0472728 0.089275 0.3132 1
0.050676 0.0892914 0.313458 1
0.053018 0.0894232 0.3142 1
-0.0181788 0.0911547 0.315 1
-0.0157851 0.0911547 0.315 1
-0.0137334 0.0911547 0.315 1
0.00541619 0.0911547 0.315 1
0.00912886 0.0917413 0.315 1
0.0124131 0.0919444 0.315 1
0.0155039 0.0920102 0.315 1
0.0190944 0.0921813 0.315 1
0.022514 0.0921813 0.315 1
0.0262755 0.0921813 0.315 1
0.030037 0.0921813 0.315 1
0.0334566 0.0921813 0.315 1
0.038244 0.0911547 0.315 1
0.0396118 0.0911547 0.315 1
0.0437153 0.0921813 0.315 1
0.0464509 0.0921813 0.315 1
0.0519222 0.0911547 0.315 1
0.0529481 0.0911547 0.315 1
-0.00661469 -0.0637756 0.318 1
-0.0180067 -0.0599756 0.318 1
-0.0159167 -0.0599002 0.3176 1
-0.0124753 -0.0606288 0.3178 1
-0.00879152 -0.0608798 0.31721 1
-0.00597268 -0.0609095 0.317353 1
-0.00211575 -0.0596361 0.3162 1
0.00304168 -0.0608201 0.317 1
0.00923599 -0.059787 0.317 1
0.0120893 -0.0597241 0.316667 1
0.0157246 -0.0595984 0.316 1
0.0191927 -0.0607433 0.3166 1
0.0226236 -0.0607124 0.317333 1
0.0254641 -0.0618692 0.317667 1
0.0293426 -0.0622629 0.317333 1
0.0336127 -0.0610696 0.3165 1
0.0363845 -0.0607561 0.316667 1
-0.053393 -0.0563433 0.317 1
-0.0427273 -0.0566877 0.317 1
-0.0399742 -0.0566877 0.317 1
-0.0365534 -0.0575525 0.3172 1
-0.0331754 -0.0576467 0.316857 1
-0.029744 -0.0582484 0.318 1
-0.026637 -0.0582483 0.318 1
-0.022353 -0.057882 0.316 1
-0.0191746 -0.0580761 0.316545 1
-0.0158624 -0.0583247 0.316533 1
-0.0124593 -0.0591728 0.3174 1
-0.00899272 -0.0590236 0.3166 1
-0.00555318 -0.0590236 0.3166 1
-0.00211575 -0.0589491 0.3162 1
0.00923599 -0.0590982 0.317 1
0.0120893 -0.0590361 0.316667 1
0.0157246 -0.0589118 0.316 1
0.0222424 -0.0589118 0.316 1
0.0443042 -0.0587665 0.318 1
0.0455125 -0.0582483 0.318 1
-0.0536256 -0.0551939 0.316333 1
-0.0517825 -0.0554266 0.317667 1
-0.045969 -0.0554847 0.318 1
-0.0436917 -0.055223 0.3165 1
-0.0542553 0.0894593 0.316667 1
-0.0508255 0.0897277 0.316 1
-0.0487672 0.0897277 0.316 1
-0.0439647 0.0907575 0.316 1
-0.0405342 0.0907575 0.316 1
-0.0367608 0.0897277 0.316 1
-0.033216 0.0904142 0.316 1
-0.0295569 0.0907575 0.316 1
-0.0261265 0.0907575 0.316 1
-0.0226961 0.0907575 0.316 1
-0.0199517 0.0907575 0.316 1
-0.0120617 0.0907575 0.316 1
-0.00897437 0.0907575 0.316 1
-0.00554396 0.0907575 0.316 1
-0.0017705 0.0907575 0.316 1
0.00200296 0.0907575 0.316 1
-0.0539089 0.0916773 0.318 1
-0.0505975 0.0921313 0.317444 1
-0.0473617 0.0922347 0.317474 1
-0.0437592 0.0927681 0.317 1
-0.0401118 0.0924442 0.316947 1
-0.0364916 0.0923676 0.317455 1
-0.0331624 0.0926999 0.317048 1
-0.0296246 0.0930296 0.31672 1
-0.0262519 0.0928267 0.316435 1
-0.0227679 0.0927682 0.317 1
-0.0193151 0.0929845 0.3168 1
-0.0158603 0.093309 0.3165 1
-0.0124316 0.0930226 0.316696 1
-0.00900278 0.0927682 0.317 1
-0.00546371 0.0928314 0.317048 1
-0.00170081 0.0927105 0.316956 1
0.0020093 0.0927682 0.317 1
0.00556038 0.0932758 0.316778 1
0.00861623 0.0934435 0.316375 1
0.0122942 0.093847 0.316 1
0.0157246 0.093847 0.316 1
0.0191551 0.093847 0.316 1
0.0226007 0.0939064 0.3162 1
0.0262141 0.0934017 0.316556 1
0.0294463 0.093847 0.316 1
0.0329196 0.0939658 0.3164 1
0.0368694 0.0933849 0.316545 1
0.0404876 0.0933089 0.3165 1
0.0439928 0.094144 0.317 1
0.0475662 0.0934428 0.316636 1
0.0508918 0.0931615 0.316389 1
0.0531582 0.093235 0.31625 1
-0.0456238 0.0947864 0.318 1
-0.0435525 0.0947864 0.318 1
-0.041136 0.0947864 0.318 1
-0.0356126 0.0947864 0.318 1
-0.0329836 0.0954242 0.318 1
-0.029744 0.0958228 0.318 1
-0.0265507 0.0955637 0.318 1
-0.0228397 0.0947864 0.318 1
-0.0190917 0.0953786 0.318 1
-0.0157053 0.096053 0.318 1
-0.012556 0.09635 0.318 1
-0.00942569 0.0950825 0.318 1
-0.00523384 0.0947864 0.318 1
-0.0010599 0.0953517 0.318 1
0.00201564 0.0954773 0.318 1
0.00529516 0.09565 0.318 1
0.00920685 0.0961315 0.317714 1
0.0123526 0.096363 0.3175 1
0.0156431 0.0962695 0.317444 1
0.019265 0.0957625 0.3178 1
0.0227284 0.0958227 0.318 1
0.0261805 0.0958228 0.318 1
0.0296041 0.0964233 0.3177 1
0.0328124 0.0959276 0.317583 1
0.0365369 0.0958228 0.318 1
0.0398356 0.0957844 0.318 1
0.0434412 0.0954773 0.318 1
0.0477462 0.0958431 0.318 1
0.0510115 0.0961922 0.31785 1
0.0533964 0.0960681 0.317667 1
0.0510359 0.0987591 0.318 1
-0.0181766 -0.0633311 0.321 1
-0.0167827 -0.0633311 0.321 1
-0.0129686 -0.0634298 0.3215 1
-0.00443614 -0.0640483 0.3204 1
-0.00144867 -0.0632522 0.3206 1
0.000640775 -0.0633311 0.321 1
0.0163197 -0.0633311 0.321 1
0.01847 -0.0635284 0.322 1
0.0233023 -0.0640619 0.321167 1
0.0260488 -0.0640518 0.321111 1
0.0337454 -0.0633311 0.321 1
0.0355983 -0.0635284 0.322 1
-0.0385074 -0.0617794 0.322 1
-0.0370075 -0.0607408 0.321125 1
-0.0335919 -0.0603427 0.3218 1
-0.0296001 -0.0608979 0.321444 1
-0.0266401 -0.0601062 0.320333 1
-0.0225412 -0.0608821 0.320333 1
-0.0195298 -0.0612521 0.320333 1
-0.0158882 -0.0618048 0.319471 1
-0.0129686 -0.0627312 0.3215 1
-0.00940588 -0.06259 0.319 1
-0.0044216 -0.0620052 0.3192 1
-0.00144359 -0.06168 0.319667 1
0.00123458 -0.0615725 0.320143 1
0.00551074 -0.0615108 0.3206 1
0.00898204 -0.061434 0.3202 1
0.0124498 -0.0613957 0.32 1
0.0160078 -0.0616397 0.319714 1
0.01847 -0.0628288 0.322 1
0.0233076 -0.0626824 0.32125 1
0.0265768 -0.0624385 0.32 1
0.0337454 -0.0626336 0.321 1
0.0372938 -0.0623645 0.321143 1
0.0398959 -0.0616713 0.320273 1
0.0438923 -0.0607591 0.320571 1
0.0466887 -0.0599061 0.321333 1
-0.0508601 -0.0569642 0.32 1
-0.0475061 -0.0572297 0.321 1
-0.0441841 -0.0582958 0.320429 1
-0.0402265 -0.0584315 0.319 1
-0.0378024 -0.0584315 0.319 1
-0.0249893 -0.0594711 0.319 1
-0.0229115 -0.0594711 0.319 1
-0.0197948 -0.0594711 0.319 1
0.0471336 -0.058981 0.322 1
-0.0502691 -0.0553127 0.319 1
-0.0474987 -0.0553127 0.319 1
-0.0533858 0.0933518 0.319 1
-0.0507886 0.0938716 0.319 1
-0.0474987 0.0943914 0.319 1
-0.0395339 0.0943914 0.319 1
-0.0374561 0.0943914 0.319 1
-0.0534214 0.0961706 0.320727 1
-0.0509343 0.0963308 0.320435 1
-0.0473972 0.0965296 0.320158 1
-0.0437623 0.096633 0.319533 1
-0.0402224 0.0965093 0.319889 1
-0.0369309 0.0963747 0.319445 1
-0.0334363 0.0972544 0.319091 1
-0.0298375 0.0975102 0.319 1
-0.0262146 0.0970412 0.319167 1
-0.0229354 0.0965722 0.319333 1
-0.0196229 0.0968608 0.319231 1
-0.0163319 0.0975102 0.319 1
-0.0111374 0.0975102 0.319 1
-0.00890086 0.0968506 0.319176 1
-0.00515296 0.0965195 0.319294 1
-0.00173784 0.0971142 0.319 1
0.00202198 0.0975103 0.319 1
0.00548496 0.0975103 0.319 1
0.00825535 0.0975102 0.319 1
0.0172591 0.0975102 0.319 1
0.0193369 0.0975102 0.319 1
0.0227999 0.0975102 0.319 1
0.0262629 0.0975102 0.319 1
0.0335351 0.0975102 0.319 1
0.0369486 0.0973617 0.319 1
0.0402407 0.0974158 0.319 1
0.0435778 0.0971637 0.319 1
0.0465791 0.0973947 0.319 1
0.0498112 0.0978568 0.319 1
-0.0535383 0.0998265 0.322 1
-0.0510914 0.0998264 0.322 1
-0.0478318 0.0993947 0.321571 1
-0.0437272 0.0990756 0.321833 1
-0.0399056 0.0991269 0.322 1
-0.0364318 0.0993373 0.321167 1
-0.0335638 0.0996817 0.320688 1
-0.0299922 0.100106 0.32065 1
-0.0264 0.0998867 0.320455 1
-0.0230121 0.0996799 0.3204 1
-0.0196266 0.0998117 0.320435 1
-0.0160418 0.0999336 0.3201 1
-0.012527 0.0996209 0.3191 1
-0.00861995 0.0996624 0.319852 1
-0.00491937 0.0995541 0.32 1
-0.00144551 0.0998707 0.3199 1
0.00202515 0.0997467 0.3195 1
0.00550431 0.0999332 0.3201 1
0.0089721 0.0998712 0.3199 1
0.0124583 0.099966 0.3202 1
0.0159071 0.0999255 0.320444 1
0.0194215 0.100028 0.3204 1
0.0228782 0.0999332 0.3201 1
0.0263366 0.0998708 0.3199 1
0.0298101 0.0998717 0.3199 1
0.0333407 0.100043 0.32045 1
0.0366902 0.0997164 0.32013 1
0.0402158 0.0998429 0.319087 1
0.0435778 0.099936 0.319 1
0.0470408 0.099936 0.319 1
0.0494649 0.099936 0.319 1
-0.0350119 0.101925 0.322 1
-0.0331143 0.102525 0.322 1
-0.0300246 0.101957 0.321 1
-0.0265399 0.101957 0.321 1
-0.0230552 0.101957 0.321 1
-0.0195705 0.101957 0.321 1
-0.0160766 0.101894 0.3208 1
-0.0125618 0.10164 0.32 1
-0.00874059 0.10164 0.32 1
-0.00491937 0.10164 0.32 1
-0.00144553 0.10164 0.32 1
0.00202832 0.10164 0.32 1
0.00551378 0.10183 0.3206 1
0.00900404 0.101957 0.321 1
0.0125208 0.102211 0.3218 1
0.0161153 0.10203 0.321857 1
0.0194581 0.101957 0.321 1
0.0228987 0.101767 0.3204 1
0.0263452 0.10164 0.32 1
0.0298763 0.10183 0.3206 1
0.0333969 0.101957 0.321 1
0.0368344 0.10183 0.3206 1
0.0391984 0.10164 0.32 1
-0.0219312 -0.0669447 0.325 1
-0.0198143 -0.0669447 0.325 1
-0.0165878 -0.0667387 0.324 1
0.00911625 -0.0669447 0.325 1
0.0119227 -0.0668623 0.3246 1
0.0151141 -0.0669447 0.325 1
0.0236468 -0.0668134 0.323 1
0.0255403 -0.0665327 0.323 1
-0.0388662 -0.0634141 0.325 1
-0.0368081 -0.0639437 0.325 1
-0.0325156 -0.0637672 0.325 1
-0.0297411 -0.0640573 0.324429 1
-0.0267295 -0.064332 0.325 1
-0.0222522 -0.0644583 0.324263 1
-0.0193618 -0.064629 0.323632 1
-0.0165879 -0.0653308 0.324 1
-0.0109264 -0.0633748 0.323 1
-0.00146049 -0.0648986 0.3236 1
0.00221213 -0.0643977 0.324222 1
0.00557738 -0.0643551 0.3244 1
0.00908172 -0.0644628 0.323783 1
0.0123108 -0.0645027 0.323522 1
0.0152558 -0.0651183 0.32425 1
0.0196064 -0.0638259 0.3235 1
0.0229455 -0.0648485 0.323 1
0.0258909 -0.0658309 0.323 1
0.0298872 -0.0650791 0.3245 1
0.0328723 -0.064944 0.325 1
0.0372001 -0.0645439 0.325 1
0.0402688 -0.0643415 0.324818 1
0.0435655 -0.0639373 0.324067 1
0.0458774 -0.0630239 0.323 1
-0.0491462 -0.0595151 0.323 1
-0.0474653 -0.0596072 0.3235 1
-0.0427471 -0.0609428 0.325 1
-0.0405063 -0.0614602 0.324 1
-0.0355811 -0.0621631 0.324 1
-0.0332016 -0.0623166 0.3248 1
-0.0310086 -0.0621631 0.324 1
-0.0260509 -0.0620864 0.3236 1
-0.0235495 -0.0619712 0.323 1
0.0413191 -0.0623221 0.323 1
0.043423 -0.0623221 0.323 1
0.0458774 -0.0616204 0.323 1
-0.0526526 -0.0588133 0.323 1
-0.0507046 -0.0583455 0.323 1
-0.0474653 -0.0589043 0.3235 1
-0.0466918 0.100838 0.323 1
-0.043536 0.100838 0.323 1
-0.0400296 0.100838 0.323 1
-0.0375751 0.100838 0.323 1
-0.0531786 0.102593 0.323 1
-0.0505488 0.102943 0.323 1
-0.0471287 0.103135 0.3236 1
-0.0436708 0.103262 0.324 1
-0.0401535 0.103262 0.324 1
-0.0367049 0.103093 0.323222 1
-0.0344193 0.103645 0.323 1
-0.0181058 -0.0671507 0.326 1
-0.00394992 -0.0671507 0.326 1
-0.00148026 -0.0670834 0.3274 1
0.00183108 -0.0671009 0.326333 1
0.00525143 -0.0671507 0.326 1
0.00737481 -0.0671507 0.326 1
0.0170339 -0.0679189 0.328 1
0.0189329 -0.0674438 0.328 1
0.0219808 -0.0674462 0.327429 1
0.027547 -0.0675048 0.326 1
0.0298504 -0.0673778 0.326857 1
0.0331514 -0.0675688 0.327167 1
0.0369738 -0.067919 0.328 1
0.0405089 -0.0678775 0.3278 1
0.0425408 -0.0677119 0.327 1
-0.0429281 -0.0637145 0.328 1
-0.0405673 -0.0638694 0.327333 1
-0.0358007 -0.0650258 0.326 1
-0.0335504 -0.064949 0.3265 1
-0.0312957 -0.0655805 0.327 1
-0.0256793 -0.0648133 0.326 1
-0.0237682 -0.0653799 0.326 1
-0.0181058 -0.0664424 0.326 1
-0.00394992 -0.0664424 0.326 1
0.00242024 -0.0664424 0.326 1
0.00525143 -0.0664424 0.326 1
0.00737481 -0.0664424 0.326 1
0.0194382 -0.0654802 0.3265 1
0.021743 -0.0655924 0.326 1
0.027547 -0.0657341 0.326 1
0.0282548 -0.0657341 0.326 1
0.0337291 -0.0660665 0.326143 1
0.0366939 -0.0657886 0.326 1
0.0402873 -0.0660882 0.326 1
0.0431185 -0.0660883 0.326 1
-0.0472905 -0.0609566 0.326333 1
-0.0443854 -0.0617835 0.3272 1
-0.0151954 -0.0669439 0.332 1
-0.0115332 -0.0672128 0.330286 1
-0.00877177 -0.0674254 0.330571 1
-0.00581809 -0.0679576 0.331667 1
0.0194919 -0.0689989 0.33 1
0.0214367 -0.0686916 0.33 1
-0.04689 -0.0638657 0.331 1
-0.0448378 -0.0640313 0.33 1
-0.0151954 -0.0662226 0.332 1
-0.0120267 -0.0659567 0.330667 1
-0.00902632 -0.0659234 0.3305 1
-0.055201 -0.0600914 0.332 1
-0.050689 -0.0612828 0.33 1
-0.0470595 -0.0626916 0.3305 1
-0.0152411 -0.0682308 0.333 1
-0.0129818 -0.0679595 0.333 1
-0.05003 -0.0644654 0.336 1
-0.0482819 -0.0648073 0.334 1
-0.0127106 -0.0664221 0.333 1
-0.0531057 -0.0639251 0.337 1
-0.0516422 -0.0639251 0.337 1
-0.0538373 -0.0624608 0.337 1
