0.0549042 -0.0177062 0.21 1
0.0582002 -0.0182756 0.209741 1
0.0607543 -0.0185711 0.209667 1
0.0448735 -0.0140562 0.21 1
0.0474568 -0.014675 0.209933 1
0.0508791 -0.015572 0.209476 1
0.0543745 -0.0156642 0.209036 1
0.0577103 -0.0158338 0.208321 1
0.0611355 -0.0157629 0.208792 1
0.0646338 -0.0154095 0.209588 1
0.0445696 -0.0130676 0.21 1
0.0473491 -0.0129247 0.209649 1
0.0508235 -0.0130432 0.209 1
0.0542401 -0.012813 0.208333 1
0.0578251 -0.0124698 0.207667 1
0.0611557 -0.0122502 0.208 1
0.064142 -0.0122487 0.208238 1
0.0590077 -0.00926549 0.21 1
0.0612863 -0.0090962 0.209309 1
0.064498 -0.00891684 0.209229 1
0.0628832 -0.00675608 0.21 1
0.0633392 -0.00675608 0.21 1
0.0586385 -0.0214099 0.2128 1
0.0608712 -0.0218324 0.212818 1
0.0448209 -0.0179592 0.213 1
0.0478111 -0.0182386 0.212786 1
0.0508703 -0.0187384 0.212194 1
0.0543377 -0.019237 0.212087 1
0.05746 -0.0197915 0.211765 1
0.0613788 -0.0198444 0.211444 1
0.0646543 -0.0185039 0.2126 1
0.0372299 -0.0149815 0.212923 1
0.0401822 -0.0152715 0.212318 1
0.0438083 -0.0156475 0.212019 1
0.0471133 -0.0165231 0.211775 1
0.0502985 -0.0171097 0.211083 1
0.0533332 -0.0173321 0.211 1
0.0646774 -0.0169627 0.211286 1
0.0376575 -0.0127998 0.212909 1
0.0401412 -0.0129567 0.212 1
0.0430715 -0.0128854 0.211 1
0.051989 -0.00893508 0.213 1
0.0545033 -0.00834216 0.212727 1
0.0574915 -0.00814443 0.211447 1
0.0606303 -0.00754139 0.211 1
0.064786 -0.00724668 0.211 1
0.0552233 -0.00647104 0.212909 1
0.0579492 -0.00581842 0.212475 1
0.0612078 -0.00544125 0.212214 1
0.064492 -0.00523492 0.212 1
0.0640128 -0.00315041 0.213 1
0.0551614 -0.0251985 0.216889 1
0.0576671 -0.025354 0.216696 1
0.0608507 -0.0252792 0.216706 1
0.0404801 -0.0211252 0.217 1
0.044374 -0.0215723 0.21675 1
0.0471533 -0.0221874 0.216529 1
0.050829 -0.0222121 0.2164 1
0.0543705 -0.0227492 0.215585 1
0.0576607 -0.022973 0.215021 1
0.0612433 -0.0235952 0.215391 1
0.064705 -0.0222553 0.216727 1
0.0669964 -0.0215642 0.216667 1
0.0244613 -0.017825 0.217 1
0.0266599 -0.017825 0.217 1
0.0300709 -0.0181529 0.216688 1
0.033276 -0.0182656 0.216625 1
0.0368444 -0.0187396 0.215949 1
0.0402584 -0.0191192 0.215811 1
0.0436842 -0.0192095 0.215212 1
0.047265 -0.019809 0.2146 1
0.0506066 -0.020434 0.2142 1
0.0533946 -0.0206007 0.214 1
0.0648458 -0.0201072 0.214364 1
0.0667903 -0.0205586 0.216 1
0.0206922 -0.0149962 0.217 1
0.022887 -0.0154844 0.216652 1
0.0263627 -0.015721 0.216319 1
0.0296905 -0.0158534 0.215204 1
0.0332632 -0.0157594 0.214518 1
0.0364088 -0.0162777 0.214172 1
0.0404315 -0.0170206 0.214 1
0.0424759 -0.0168811 0.214 1
0.0206922 -0.0131103 0.217 1
0.0229001 -0.0127972 0.216349 1
0.026346 -0.0127609 0.215083 1
0.0296752 -0.0129291 0.214235 1
0.0330988 -0.0127811 0.214 1
0.0360962 -0.0125535 0.214 1
0.0373167 -0.00826097 0.217 1
0.0400965 -0.00821283 0.216844 1
0.0436312 -0.0082746 0.215889 1
0.0471755 -0.00828928 0.21425 1
0.0506843 -0.00820212 0.214 1
0.0532619 -0.00774824 0.214 1
0.0373167 -0.00617306 0.217 1
0.0402376 -0.00634029 0.216964 1
0.0439035 -0.00564199 0.216461 1
0.0472847 -0.0052912 0.215547 1
0.0508425 -0.00527782 0.215 1
0.0542073 -0.00504378 0.214923 1
0.0573422 -0.00422935 0.21424 1
0.0612932 -0.00363015 0.214 1
0.0649328 -0.00363015 0.214 1
0.0476188 -0.00306665 0.2169 1
0.0508452 -0.00275416 0.216636 1
0.0545032 -0.00247362 0.21669 1
0.0578331 -0.00200379 0.215959 1
0.0613429 -0.0017472 0.215614 1
0.0647885 -0.00177396 0.21484 1
0.066765 -0.000924141 0.215667 1
0.0621525 0.000326412 0.217 1
0.0644989 0.000730309 0.216857 1
0.0670995 0.000326412 0.217 1
0.055011 -0.0284675 0.22 1
0.057662 -0.0286348 0.22 1
0.0606235 -0.028348 0.22 1
0.0441444 -0.0250022 0.22 1
0.047447 -0.0252999 0.219385 1
0.0507684 -0.0257851 0.219286 1
0.054007 -0.0263789 0.218739 1
0.0576174 -0.0271894 0.2185 1
0.0613183 -0.0267757 0.218682 1
0.06473 -0.0252725 0.21975 1
0.0675495 -0.0247632 0.22 1
0.0307702 -0.0216563 0.22 1
0.0331319 -0.0215235 0.22 1
0.0370068 -0.0218018 0.219273 1
0.0403347 -0.0229122 0.21907 1
0.0436112 -0.0230928 0.21865 1
0.0472929 -0.0238276 0.218 1
0.0508428 -0.0238276 0.218 1
0.0529727 -0.0238276 0.218 1
0.0655169 -0.0234841 0.218571 1
0.0672122 -0.0234841 0.218571 1
0.0166794 -0.0178324 0.22 1
0.0193764 -0.0182407 0.219533 1
0.0228511 -0.0188791 0.219235 1
0.0263759 -0.0191904 0.219105 1
0.029544 -0.0198924 0.218842 1
0.033296 -0.020054 0.2185 1
0.0364831 -0.020509 0.218467 1
0.0387734 -0.0207489 0.218 1
0.00987834 -0.0148308 0.219923 1
0.0124752 -0.0153426 0.219513 1
0.0158056 -0.0155474 0.218704 1
0.0191417 -0.0156519 0.21813 1
0.0223258 -0.0170782 0.218 1
0.0262306 -0.0174335 0.218 1
0.00268413 -0.0119054 0.22 1
0.00521569 -0.0120966 0.22 1
0.00871304 -0.0123854 0.219809 1
0.0123101 -0.0127423 0.218771 1
0.0158178 -0.0126971 0.218 1
0.0192345 -0.0126527 0.218 1
0.0212608 -0.0119867 0.218 1
0.0209782 -0.00827276 0.22 1
0.0229991 -0.00783154 0.22 1
0.0262324 -0.00779477 0.22 1
0.0297793 -0.00778592 0.21975 1
0.0334433 -0.00775049 0.21875 1
0.0356968 -0.00772391 0.218 1
0.0236053 -0.00636083 0.22 1
0.0264314 -0.00596251 0.22 1
0.029974 -0.00604217 0.22 1
0.0334344 -0.00532037 0.219319 1
0.0364307 -0.0047161 0.218447 1
0.0403185 -0.00460581 0.218212 1
0.0432698 -0.00393482 0.218 1
0.0343525 -0.00325394 0.22 1
0.0369204 -0.00281858 0.21965 1
0.0405575 -0.00244734 0.219645 1
0.043822 -0.00186389 0.219038 1
0.0472715 -0.00157105 0.219 1
0.0507356 -0.00109459 0.218562 1
0.0540589 -0.000935826 0.21825 1
0.0569959 -0.000619358 0.218 1
0.0453386 0.000330925 0.22 1
0.046055 0.000330925 0.22 1
0.0513093 0.000330925 0.22 1
0.05441 0.000649078 0.219667 1
0.0577792 0.00119776 0.219182 1
0.0611954 0.0017598 0.218962 1
0.0645331 0.00264662 0.218687 1
0.0673349 0.00232286 0.219091 1
0.0558897 -0.0317835 0.224 1
0.0580113 -0.0323078 0.223625 1
0.0611483 -0.0324658 0.223667 1
0.0637521 -0.0321079 0.224 1
0.0415427 -0.0283768 0.224 1
0.0439489 -0.0283609 0.223875 1
0.047619 -0.0285801 0.2233 1
0.0510389 -0.0292209 0.223 1
0.0543089 -0.029622 0.222314 1
0.0578032 -0.0303039 0.221857 1
0.0613058 -0.0301346 0.221865 1
0.0647319 -0.0296638 0.223118 1
0.067917 -0.0288432 0.223737 1
0.0303412 -0.0249621 0.223727 1
0.0333034 -0.025201 0.223696 1
0.0368911 -0.0258836 0.22315 1
0.0402107 -0.0262067 0.222435 1
0.0435898 -0.0265507 0.222118 1
0.0469925 -0.0268301 0.221455 1
0.0504789 -0.0276879 0.2216 1
0.0532218 -0.0277566 0.221 1
0.065095 -0.0269994 0.22156 1
0.0678661 -0.0265003 0.22188 1
0.0125935 -0.021301 0.2238 1
0.0161408 -0.0216833 0.223556 1
0.0193508 -0.0217381 0.223286 1
0.0227577 -0.0221588 0.222889 1
0.0263379 -0.0225047 0.222422 1
0.0295904 -0.0230235 0.222 1
0.03339 -0.0230852 0.221824 1
0.0367429 -0.0234563 0.221357 1
0.039067 -0.0241555 0.221 1
0.003122 -0.0181566 0.224 1
0.00559391 -0.0184243 0.2237 1
0.00875779 -0.0190192 0.22325 1
0.0122325 -0.0191289 0.222451 1
0.0156026 -0.0194079 0.221826 1
0.0190732 -0.020018 0.221522 1
0.022306 -0.0203452 0.221333 1
0.0258718 -0.0205543 0.221 1
-0.00840632 -0.0145669 0.223857 1
-0.00521897 -0.0153471 0.223419 1
-0.00167102 -0.0158472 0.222907 1
0.00189102 -0.0158553 0.222388 1
0.00525849 -0.0158141 0.221816 1
0.00842926 -0.0160003 0.221488 1
0.011717 -0.0169531 0.221 1
-0.0152372 -0.0121949 0.224 1
-0.0121976 -0.0123165 0.224 1
-0.00871683 -0.0123611 0.223409 1
-0.00535109 -0.0124689 0.222367 1
-0.00172069 -0.0124032 0.221196 1
0.00131808 -0.0126897 0.221 1
0.0052394 -0.0138321 0.221 1
0.00763852 -0.0138321 0.221 1
0.003122 -0.00842317 0.224 1
0.00530836 -0.00793381 0.223929 1
0.00865421 -0.0078832 0.2225 1
0.0121513 -0.00790444 0.2222 1
0.0157375 -0.00783319 0.222 1
0.01916 -0.00783258 0.221071 1
0.0213135 -0.00735005 0.221 1
0.00579686 -0.00647648 0.224 1
0.00894112 -0.00580561 0.2232 1
0.0120735 -0.0054798 0.223143 1
0.0157627 -0.00531545 0.222981 1
0.019247 -0.0052117 0.222082 1
0.0225338 -0.00505154 0.221622 1
0.0260203 -0.00440742 0.221393 1
0.0296718 -0.00456369 0.221207 1
0.0323152 -0.00395467 0.221 1
0.0164963 -0.00331311 0.224 1
0.0197794 -0.00291982 0.223733 1
0.0230004 -0.00255137 0.223667 1
0.0261685 -0.00235535 0.223083 1
0.029857 -0.00190735 0.222804 1
0.0332894 -0.00179437 0.221784 1
0.0366648 -0.00120539 0.221467 1
0.0399408 -0.000949168 0.221417 1
0.0421859 -0.000627881 0.221 1
0.0310864 0.000336941 0.224 1
0.033275 0.000336941 0.224 1
0.037029 0.000741624 0.223417 1
0.0404443 0.000965092 0.223235 1
0.0437549 0.00150866 0.222431 1
0.0473891 0.00175381 0.221917 1
0.0506973 0.00200794 0.222154 1
0.0541203 0.00246578 0.22179 1
0.0574923 0.0030213 0.221 1
0.0601793 0.00321336 0.221 1
0.0442176 0.00350032 0.224 1
0.0468924 0.00350032 0.224 1
0.0515126 0.00423033 0.224 1
0.0546064 0.0045774 0.223636 1
0.0576642 0.00513916 0.223 1
0.0612045 0.00513401 0.222652 1
0.0647851 0.00524395 0.222255 1
0.0677844 0.00536638 0.222229 1
0.0661028 0.0073937 0.224 1
0.0670754 0.0073937 0.224 1
0.0583632 -0.0354149 0.227 1
0.0610738 -0.0354149 0.227 1
0.0642774 -0.0354149 0.227 1
0.0442334 -0.0322715 0.226769 1
0.046772 -0.0322715 0.226769 1
0.0510827 -0.032311 0.226526 1
0.0543556 -0.0326783 0.225969 1
0.0575275 -0.0338469 0.225929 1
0.0613502 -0.0342761 0.22613 1
0.0650204 -0.0336472 0.225933 1
0.0678257 -0.0323837 0.2265 1
0.0305171 -0.028017 0.227 1
0.033743 -0.0286895 0.227 1
0.0369623 -0.0291536 0.226538 1
0.0403981 -0.0294412 0.226 1
0.0437484 -0.0302967 0.2256 1
0.0470889 -0.0304824 0.225806 1
0.050484 -0.0308463 0.225444 1
0.0536966 -0.0311921 0.225 1
0.0663979 -0.0309477 0.225 1
0.067972 -0.0305132 0.225 1
0.0164708 -0.0245647 0.227 1
0.0193868 -0.0251812 0.227 1
0.0228643 -0.0252906 0.226875 1
0.0265483 -0.0254339 0.22595 1
0.0296056 -0.0263647 0.226067 1
0.0331926 -0.0271128 0.225552 1
0.0359735 -0.0273832 0.225167 1
0.00566894 -0.0216266 0.2267 1
0.0087243 -0.0219576 0.226 1
0.012152 -0.0226711 0.226133 1
0.0155354 -0.0230992 0.225917 1
0.0192815 -0.0235811 0.2255 1
0.0227373 -0.0241708 0.225625 1
0.0253631 -0.0241039 0.225 1
-0.00767891 -0.01766 0.227 1
-0.00522364 -0.0183626 0.226185 1
-0.00161059 -0.018992 0.22582 1
0.00179259 -0.0193975 0.225895 1
0.00507521 -0.0198702 0.225364 1
0.0085706 -0.020743 0.225 1
0.010952 -0.0209263 0.225 1
-0.0219716 -0.0144543 0.227 1
-0.0192129 -0.0149108 0.226429 1
-0.0156677 -0.0153261 0.226 1
-0.0123065 -0.0153755 0.226 1
-0.00905669 -0.0159028 0.225786 1
-0.00586243 -0.0167627 0.225182 1
-0.00345893 -0.0170156 0.225 1
-0.0251172 -0.0119448 0.227 1
-0.022631 -0.0121914 0.226184 1
-0.0190986 -0.012132 0.225082 1
-0.0163613 -0.0118971 0.225 1
-0.0124963 -0.0106606 0.225 1
-0.0251751 -0.0102622 0.227 1
-0.0222908 -0.00985554 0.226733 1
-0.0189409 -0.00983328 0.225 1
-0.0155345 -0.00952696 0.225762 1
-0.0123046 -0.00895 0.226684 1
-0.0088844 -0.00801718 0.226286 1
-0.00541297 -0.00797193 0.225 1
-0.00174915 -0.00797193 0.225 1
0.00171112 -0.00789045 0.225 1
-0.0108824 -0.00656322 0.227 1
-0.00863767 -0.00574121 0.226647 1
-0.00543306 -0.00554511 0.225809 1
-0.00175692 -0.00554937 0.226 1
0.0019783 -0.00547032 0.225955 1
0.00522599 -0.00498326 0.225718 1
0.0083572 -0.00439026 0.225421 1
0.0121734 -0.00381674 0.225 1
0.0146159 -0.00381674 0.225 1
0.00316382 -0.00335748 0.227 1
0.00538165 -0.00335748 0.227 1
0.00919215 -0.00295196 0.2262 1
0.0122383 -0.00236057 0.2262 1
0.0157319 -0.0020518 0.2262 1
0.0191105 -0.00142397 0.2256 1
0.0226541 -0.000994769 0.225 1
0.0263401 -0.000639245 0.225 1
0.0285384 -0.000639245 0.225 1
0.0198478 0.000711159 0.226875 1
0.0226409 0.00111954 0.226579 1
0.0262693 0.000833893 0.2265 1
0.0298602 0.00127305 0.226158 1
0.0332474 0.0020865 0.225833 1
0.0364766 0.00227392 0.225593 1
0.0400044 0.00258983 0.2252 1
0.0427051 0.0030271 0.225 1
0.0332278 0.0035472 0.227 1
0.0370448 0.00401114 0.226789 1
0.0404879 0.00440088 0.226438 1
0.0437788 0.00508843 0.226136 1
0.0472867 0.00533241 0.226045 1
0.0505737 0.00573423 0.225844 1
0.0540433 0.0061544 0.2255 1
0.0573914 0.00678862 0.225444 1
0.0612685 0.00693786 0.225 1
0.0646881 0.00693786 0.225 1
0.0690846 0.00693786 0.225 1
0.0485061 0.00749272 0.227 1
0.050724 0.00749272 0.227 1
0.0545908 0.0078523 0.226688 1
0.0578106 0.00798985 0.226478 1
0.0613433 0.00847349 0.226081 1
0.0648617 0.0087647 0.2265 1
0.0682247 0.00869442 0.226355 1
0.0702828 0.00821546 0.2265 1
0.0471497 -0.0353832 0.23 1
0.0551944 -0.0355091 0.2292 1
0.0578825 -0.0364751 0.229 1
0.0613623 -0.0369729 0.229 1
0.0647317 -0.037023 0.229077 1
0.0671243 -0.035633 0.23 1
0.0368889 -0.0321152 0.229857 1
0.0404956 -0.0326061 0.229286 1
0.043407 -0.0334517 0.229 1
0.0475276 -0.0338881 0.228966 1
0.0506349 -0.0340253 0.229 1
0.054017 -0.034397 0.228429 1
0.0688331 -0.0341492 0.22925 1
0.0204337 -0.0286372 0.23 1
0.0231119 -0.0287698 0.229765 1
0.0264036 -0.0288635 0.22981 1
0.0300003 -0.0294192 0.229333 1
0.0331136 -0.0302573 0.229118 1
0.0363866 -0.030705 0.228444 1
0.0395619 -0.0308649 0.228 1
0.00590725 -0.0252103 0.229769 1
0.00893535 -0.025353 0.229667 1
0.0124089 -0.0258198 0.229371 1
0.0159516 -0.0262468 0.229077 1
0.019168 -0.0267984 0.228688 1
0.022781 -0.0269621 0.2285 1
0.026131 -0.0271103 0.228565 1
0.0289813 -0.0277057 0.2285 1
-0.00452521 -0.021844 0.2295 1
-0.00143532 -0.0221841 0.2294 1
0.00194871 -0.0225451 0.229 1
0.0052147 -0.0234091 0.228655 1
0.00888348 -0.0237175 0.228333 1
0.0123496 -0.0242078 0.228286 1
0.0148108 -0.0241775 0.228 1
-0.0215129 -0.0178934 0.23 1
-0.0186252 -0.0181543 0.2295 1
-0.0156638 -0.0183672 0.229667 1
-0.0121552 -0.0183412 0.229333 1
-0.00849378 -0.0189182 0.229035 1
-0.00530068 -0.0202095 0.2285 1
-0.00226749 -0.0204623 0.228 1
-0.0287537 -0.0146453 0.23 1
-0.0260904 -0.0150674 0.229385 1
-0.022766 -0.0159123 0.228909 1
-0.0193192 -0.0167633 0.22855 1
-0.0162648 -0.0171362 0.228778 1
-0.0124155 -0.0172425 0.228 1
-0.00944533 -0.0172425 0.228 1
-0.0359945 -0.0118969 0.23 1
-0.0332227 -0.0121333 0.22961 1
-0.029782 -0.0122795 0.228787 1
-0.0268481 -0.012451 0.228125 1
-0.0364287 -0.00931145 0.23 1
-0.0331949 -0.00918046 0.229756 1
-0.0297681 -0.00893316 0.229222 1
-0.0264061 -0.00874428 0.228565 1
-0.023038 -0.00835859 0.228529 1
-0.0191477 -0.00825456 0.229 1
-0.0160636 -0.00823969 0.228571 1
-0.013158 -0.00758286 0.228 1
-0.028504 -0.00664996 0.23 1
-0.0260072 -0.00664996 0.23 1
-0.0225117 -0.00615025 0.23 1
-0.0189443 -0.00591512 0.229933 1
-0.0156909 -0.00559321 0.229463 1
-0.0124207 -0.0053792 0.228705 1
-0.00955814 -0.00440168 0.228333 1
-0.00523763 -0.00386763 0.228 1
-0.00152496 -0.00386763 0.228 1
0.00144517 -0.00386763 0.228 1
-0.0140225 -0.00340185 0.23 1
-0.0116707 -0.00310054 0.2299 1
-0.00867667 -0.0028947 0.229476 1
-0.00498469 -0.00246421 0.229118 1
-0.00153299 -0.0023919 0.2292 1
0.00203437 -0.00200234 0.229122 1
0.00542906 -0.00164279 0.229 1
0.00872402 -0.00140832 0.228765 1
0.0123357 -0.000647769 0.228 1
0.0153058 -0.000647769 0.228 1
0.0101967 0.000345967 0.23 1
0.0127913 0.00107837 0.229667 1
0.0158887 0.00134348 0.229286 1
0.0190348 0.00193858 0.228484 1
0.0229055 0.00272762 0.228231 1
0.0262346 0.00257658 0.228333 1
0.0292335 0.00272762 0.228231 1
0.0201816 0.00380154 0.229571 1
0.0228777 0.0040856 0.229476 1
0.0263878 0.00408857 0.229667 1
0.0300551 0.00473082 0.229378 1
0.0332293 0.00531526 0.228714 1
0.0365073 0.00561826 0.228438 1
0.0397768 0.00599286 0.2281 1
0.0422845 0.00628732 0.228 1
0.0369127 0.00734189 0.23 1
0.0404419 0.00778843 0.229538 1
0.0438113 0.00790875 0.229 1
0.0472395 0.00846055 0.2288 1
0.0508274 0.00904561 0.2288 1
0.0541549 0.00927035 0.228862 1
0.0578561 0.00954165 0.228273 1
0.0609716 0.00987868 0.228 1
0.064808 0.0104979 0.228 1
0.0685482 0.0101677 0.228 1
0.0705008 0.00975484 0.228 1
0.0483981 0.01059 0.23 1
0.050895 0.01059 0.23 1
0.0545474 0.0106467 0.229875 1
0.0580103 0.0109531 0.22975 1
0.0613026 0.0113049 0.229448 1
0.0647505 0.0120492 0.2292 1
0.0681565 0.0119924 0.229273 1
0.0707155 0.011316 0.2295 1
0.0464455 -0.0385406 0.234 1
0.051018 -0.0385406 0.234 1
0.0538123 -0.0385406 0.234 1
0.0580786 -0.0396547 0.233071 1
0.0612502 -0.0400946 0.232667 1
0.0647196 -0.0398831 0.232368 1
0.0672873 -0.0396199 0.2325 1
0.0700699 -0.0385406 0.234 1
0.0375547 -0.0357444 0.234 1
0.0405729 -0.0361318 0.233214 1
0.0438045 -0.036596 0.232814 1
0.0472219 -0.0370295 0.232333 1
0.0506072 -0.0367506 0.232118 1
0.0541661 -0.0370494 0.232286 1
0.057008 -0.0376555 0.231167 1
0.0686362 -0.0368606 0.232083 1
0.0704652 -0.0370489 0.233 1
0.0232667 -0.0322519 0.233769 1
0.026519 -0.0326205 0.233259 1
0.0298987 -0.0329523 0.232718 1
0.03322 -0.0334696 0.23265 1
0.0365572 -0.0339117 0.232312 1
0.0398795 -0.0341252 0.231444 1
0.00300735 -0.0283726 0.234 1
0.00543938 -0.028747 0.233733 1
0.00856651 -0.0292911 0.2332 1
0.0120978 -0.029263 0.232971 1
0.015606 -0.0293932 0.232471 1
0.0189512 -0.0297633 0.232161 1
0.0225386 -0.0304795 0.232308 1
0.026077 -0.030563 0.231333 1
0.0290966 -0.030683 0.231077 1
-0.00816973 -0.025068 0.234 1
-0.00511673 -0.0250374 0.233714 1
-0.00145942 -0.0255844 0.233133 1
0.00187656 -0.0261376 0.232571 1
0.00506646 -0.0268195 0.232323 1
0.00883229 -0.0270448 0.231333 1
0.0120169 -0.027558 0.231429 1
0.0147549 -0.027507 0.231 1
-0.0218871 -0.021255 0.234 1
-0.0191606 -0.021708 0.233684 1
-0.0156688 -0.0223131 0.233405 1
-0.0121879 -0.0226956 0.233102 1
-0.00862302 -0.0228869 0.232476 1
-0.00538057 -0.0232732 0.231692 1
-0.00179983 -0.0237771 0.231333 1
0.00221649 -0.0244957 0.231 1
-0.0338262 -0.0179504 0.234 1
-0.0289592 -0.0179248 0.233667 1
-0.0261071 -0.0185714 0.233267 1
-0.0228455 -0.0192404 0.232703 1
-0.0193381 -0.0196555 0.231935 1
-0.0156313 -0.020033 0.231619 1
-0.0120947 -0.0200083 0.231333 1
-0.00906805 -0.0204806 0.231 1
-0.0353987 -0.0147089 0.231 1
-0.0331861 -0.0157944 0.2329 1
-0.0298409 -0.0158979 0.231941 1
-0.0263524 -0.0166182 0.231375 1
-0.0228603 -0.0174693 0.231 1
-0.0353987 -0.0137052 0.231 1
-0.0338941 -0.0137053 0.231 1
-0.0364018 -0.00768263 0.231 1
-0.0336433 -0.00768263 0.231 1
-0.0363175 -0.00578692 0.232933 1
-0.0332208 -0.00556411 0.2328 1
-0.0298524 -0.00529784 0.231881 1
-0.0261731 -0.0049306 0.231457 1
-0.0226422 -0.00442606 0.231333 1
-0.0194092 -0.00436435 0.231176 1
-0.0158388 -0.00391852 0.231 1
-0.0325561 -0.00346101 0.234 1
-0.0295798 -0.00298161 0.233812 1
-0.0264009 -0.00294486 0.233476 1
-0.0227467 -0.00233807 0.233243 1
-0.0192531 -0.0019225 0.232857 1
-0.0157134 -0.0018877 0.232375 1
-0.0122518 -0.00155778 0.231789 1
-0.00858506 -0.00115959 0.2315 1
-0.0052474 -0.000782118 0.231125 1
-0.00154503 -0.000656292 0.231 1
0.000962654 -0.000656293 0.231 1
-0.0151131 0.000521449 0.234 1
-0.0120562 0.00105047 0.233625 1
-0.0086516 0.00136626 0.233286 1
-0.00509955 0.00136583 0.233 1
-0.00148664 0.00148107 0.232356 1
0.00187678 0.00154885 0.232239 1
0.00521549 0.00162557 0.232234 1
0.00861399 0.00171056 0.232191 1
0.0116327 0.00241956 0.231381 1
0.0155072 0.00310782 0.231 1
0.0180149 0.00310782 0.231 1
-0.000548992 0.00365658 0.234 1
0.00205315 0.00384528 0.233875 1
0.00503709 0.00416275 0.233857 1
0.00905538 0.00400494 0.233769 1
0.0121873 0.00460809 0.232939 1
0.0156223 0.00515765 0.232714 1
0.0190591 0.00528286 0.232333 1
0.0225775 0.00588196 0.2315 1
0.0260958 0.00588196 0.2315 1
0.0290793 0.006126 0.23125 1
0.019773 0.00772378 0.234 1
0.0227725 0.00796201 0.2335 1
0.0263794 0.00841392 0.23335 1
0.029806 0.008453 0.233 1
0.0332896 0.00851127 0.232364 1
0.0366541 0.00912114 0.232368 1
0.0399846 0.00945732 0.2316 1
0.0436561 0.00964689 0.231333 1
0.0466024 0.0101342 0.231 1
0.0342524 0.0107742 0.234 1
0.0370139 0.0109175 0.2338 1
0.0404611 0.0114617 0.233407 1
0.0438052 0.0117529 0.2332 1
0.047176 0.0122478 0.232733 1
0.0505857 0.0124553 0.232209 1
0.0542666 0.0124908 0.232341 1
0.0577346 0.0126895 0.2318 1
0.061258 0.0132133 0.231773 1
0.0643537 0.0134866 0.231111 1
0.0681685 0.0136473 0.231 1
0.0710293 0.0131651 0.231333 1
0.0482237 0.014333 0.234 1
0.050764 0.014333 0.234 1
0.0546325 0.0144957 0.233889 1
0.0577942 0.014821 0.233667 1
0.0615532 0.0149815 0.233423 1
0.0649076 0.0154333 0.23278 1
0.0682395 0.0157754 0.232714 1
0.0714318 0.015989 0.233471 1
0.0475556 -0.0421242 0.237 1
0.0509002 -0.0421242 0.237 1
0.0542449 -0.0421242 0.237 1
0.0581334 -0.0430559 0.2366 1
0.0612383 -0.0432151 0.235733 1
0.0647322 -0.0429426 0.235833 1
0.0675206 -0.0428451 0.237 1
0.0313469 -0.0385198 0.237 1
0.0334051 -0.0385198 0.237 1
0.0367498 -0.0385198 0.237 1
0.0408854 -0.039446 0.236375 1
0.0439316 -0.0396677 0.235923 1
0.047221 -0.0403105 0.235833 1
0.0507457 -0.040431 0.235849 1
0.0541968 -0.0402821 0.235813 1
0.057282 -0.0411058 0.235455 1
0.0655222 -0.0415134 0.235 1
0.068865 -0.0402875 0.235714 1
0.0709995 -0.0399394 0.23625 1
0.0231654 -0.0356047 0.236875 1
0.0263481 -0.0362118 0.236414 1
0.029695 -0.0364036 0.236143 1
0.033236 -0.0367899 0.2358 1
0.0366766 -0.0370049 0.235867 1
0.0398118 -0.0376529 0.235333 1
0.0713898 -0.0381947 0.235 1
0.0057677 -0.0321079 0.2368 1
0.00869385 -0.032296 0.236667 1
0.0123905 -0.0324024 0.23624 1
0.015947 -0.0329146 0.236108 1
0.0193483 -0.032918 0.23595 1
0.0226064 -0.0338569 0.235833 1
0.0258802 -0.0342613 0.235333 1
0.0292966 -0.0346207 0.235 1
-0.00467253 -0.0287363 0.237 1
-0.00158354 -0.0289509 0.236643 1
0.00175236 -0.0295868 0.236143 1
0.00489681 -0.0303025 0.235615 1
0.00866936 -0.0311788 0.236 1
0.0122246 -0.0311033 0.235429 1
0.0155206 -0.0310467 0.235 1
-0.0213958 -0.024617 0.237 1
-0.0190086 -0.0250138 0.236571 1
-0.015729 -0.0257378 0.23625 1
-0.0122589 -0.0262537 0.23595 1
-0.00891493 -0.0266373 0.236063 1
-0.00515426 -0.0267648 0.2355 1
-0.00183093 -0.027256 0.235333 1
0.00174465 -0.0279833 0.235 1
-0.0291143 -0.02127 0.237 1
-0.0259992 -0.0222807 0.236482 1
-0.022724 -0.0227337 0.236226 1
-0.0193775 -0.023291 0.2353 1
-0.0161131 -0.024154 0.235 1
-0.0329624 -0.0192597 0.236 1
-0.0299119 -0.0193531 0.235765 1
-0.0265153 -0.0204623 0.2354 1
-0.0235113 -0.0208353 0.235 1
-0.0362668 -0.00398638 0.235 1
-0.034481 -0.00398638 0.235 1
-0.0359587 -0.00249122 0.236158 1
-0.033183 -0.00189471 0.235895 1
-0.0298125 -0.00128234 0.2356 1
-0.0262318 -0.00114027 0.235462 1
-0.023001 -0.000667657 0.235 1
-0.0296288 0.000356496 0.237 1
-0.025965 0.000665296 0.2369 1
-0.0226274 0.00138454 0.236421 1
-0.0192552 0.00138352 0.236 1
-0.0159829 0.00190021 0.235697 1
-0.0126026 0.00271509 0.235294 1
-0.00871486 0.00316163 0.235 1
-0.00514332 0.00316163 0.235 1
-0.00233711 0.00316163 0.235 1
-0.0151573 0.00391744 0.236571 1
-0.0123691 0.00421168 0.236571 1
-0.00852818 0.00448935 0.236111 1
-0.00516959 0.00471949 0.2362 1
-0.00149861 0.00508226 0.236105 1
0.00167371 0.00553798 0.235706 1
0.00507186 0.00598357 0.2355 1
0.00847684 0.00564012 0.235389 1
0.0120185 0.00635616 0.235125 1
0.00253135 0.00756534 0.237 1
0.0050977 0.00755622 0.236714 1
0.0087061 0.00756534 0.237 1
0.0125598 0.00792242 0.236455 1
0.0159738 0.00845157 0.235947 1
0.0191956 0.0092693 0.235688 1
0.0228712 0.0097867 0.2353 1
0.0257767 0.0101492 0.235222 1
0.0295517 0.0103096 0.235 1
0.032613 0.0103096 0.235 1
0.01974 0.010897 0.236667 1
0.0228244 0.0114119 0.236667 1
0.0263386 0.0116746 0.236185 1
0.0294441 0.0116638 0.235963 1
0.0332076 0.0119637 0.236152 1
0.0368072 0.0125623 0.235722 1
0.0401242 0.013227 0.235417 1
0.0438378 0.0136284 0.235 1
0.0458787 0.0136284 0.235 1
0.0370071 0.014388 0.237 1
0.0404987 0.0150324 0.236636 1
0.0438466 0.0152535 0.236429 1
0.0474269 0.0154809 0.235966 1
0.0507363 0.0157576 0.235692 1
0.0542404 0.0158393 0.235645 1
0.0576423 0.0164958 0.2355 1
0.0611866 0.0165347 0.2353 1
0.0642467 0.0172024 0.235 1
0.0550168 0.0176062 0.237 1
0.057785 0.0180511 0.23675 1
0.0613538 0.0181406 0.236636 1
0.0648928 0.0188492 0.236429 1
0.0684296 0.0192213 0.236 1
0.0716928 0.0193293 0.236 1
0.073541 0.0204383 0.237 1
0.0661487 -0.0493802 0.241 1
0.0478349 -0.0459768 0.241 1
0.0507128 -0.0459768 0.241 1
0.0548055 -0.0462953 0.240769 1
0.057805 -0.0467629 0.240036 1
0.0612571 -0.0473065 0.240143 1
0.0647444 -0.0470925 0.24 1
0.0676366 -0.0472756 0.240455 1
0.0334249 -0.0422864 0.240857 1
0.0370144 -0.0427935 0.240588 1
0.0402309 -0.0430758 0.240538 1
0.0439814 -0.0435018 0.240194 1
0.0472555 -0.0439706 0.239394 1
0.0507062 -0.0440405 0.239 1
0.0543272 -0.0439312 0.238865 1
0.0574866 -0.0444517 0.238435 1
0.0611678 -0.0450754 0.238 1
0.0649259 -0.0446524 0.238 1
0.0682814 -0.0446 0.239429 1
0.0718322 -0.0430616 0.239143 1
0.0208877 -0.0389081 0.241 1
0.0228692 -0.0395791 0.240591 1
0.0265139 -0.0399251 0.239839 1
0.0298374 -0.0399756 0.239353 1
0.0332822 -0.0404785 0.239152 1
0.0367182 -0.0403344 0.238765 1
0.039701 -0.0407512 0.238375 1
0.0435406 -0.0414414 0.2384 1
0.0459477 -0.0417848 0.238 1
0.0544738 -0.0417848 0.238 1
0.0694915 -0.0419604 0.239 1
0.0713783 -0.0417214 0.238375 1
0.00649843 -0.0357664 0.241 1
0.00914127 -0.0359767 0.2403 1
0.0123582 -0.036147 0.240308 1
0.0156737 -0.0361 0.239461 1
0.0191949 -0.036585 0.239476 1
0.0226326 -0.0371653 0.238794 1
0.0258593 -0.0378442 0.238231 1
0.0296706 -0.0381652 0.238 1
-0.00789088 -0.0321012 0.241 1
-0.00497489 -0.0323851 0.240273 1
-0.00160521 -0.0324818 0.239929 1
0.00186579 -0.0328753 0.23963 1
0.00497949 -0.0336757 0.239032 1
0.00875508 -0.0340769 0.238333 1
0.0122069 -0.0342349 0.238588 1
0.0146853 -0.0342871 0.238 1
-0.021757 -0.0281741 0.241 1
-0.0191443 -0.0286207 0.240625 1
-0.015397 -0.0295364 0.24 1
-0.0121671 -0.0298825 0.239526 1
-0.00879714 -0.0297466 0.2393 1
-0.00554059 -0.0301796 0.238538 1
-0.00159184 -0.0306674 0.238 1
0.00171525 -0.0311328 0.238 1
0.0035755 -0.031443 0.238 1
-0.0325882 -0.0251896 0.241 1
-0.029331 -0.025021 0.240889 1
-0.0259595 -0.0258737 0.240286 1
-0.0227308 -0.0260667 0.239613 1
-0.0193757 -0.0267351 0.238923 1
-0.0160164 -0.0274667 0.238429 1
-0.0139935 -0.0275648 0.238 1
-0.0325699 -0.022302 0.238692 1
-0.0299468 -0.0228295 0.238897 1
-0.0267751 -0.0238042 0.238429 1
-0.0232947 -0.0242038 0.238 1
-0.0354379 -0.00067618 0.238 1
-0.0346628 -0.00067618 0.238 1
-0.0355868 0.000359504 0.239 1
-0.0330854 0.00133556 0.239474 1
-0.0297024 0.00222567 0.238909 1
-0.0264933 0.00229155 0.238346 1
-0.0231338 0.00303113 0.238111 1
-0.0191608 0.003202 0.238 1
-0.0170939 0.003202 0.238 1
-0.0322219 0.00376596 0.241 1
-0.0295237 0.00422337 0.240706 1
-0.0260481 0.00467702 0.240115 1
-0.0226957 0.00510513 0.239537 1
-0.0191892 0.0048828 0.239405 1
-0.0158043 0.0056231 0.239333 1
-0.0122453 0.00607744 0.239167 1
-0.00912264 0.00619705 0.238364 1
-0.00520898 0.00656309 0.238 1
-0.00236694 0.00656308 0.238 1
-0.0120769 0.00784263 0.241 1
-0.0087943 0.00815671 0.240385 1
-0.00507627 0.00852879 0.239889 1
-0.0016038 0.00869216 0.239571 1
0.00161782 0.00887532 0.238933 1
0.00513647 0.00916884 0.2385 1
0.0087612 0.00916884 0.2385 1
0.0122234 0.00947653 0.238545 1
0.0153309 0.0101485 0.2384 1
0.0177856 0.0104413 0.238 1
-4.21673e-05 0.0108347 0.241 1
0.0017892 0.0108347 0.241 1
0.0051826 0.0108218 0.240714 1
0.00893507 0.011535 0.240562 1
0.012241 0.0113496 0.240333 1
0.0157999 0.0121693 0.239941 1
0.0191014 0.0124907 0.239189 1
0.0226329 0.012958 0.238783 1
0.025927 0.0131453 0.238267 1
0.030306 0.0131209 0.238357 1
0.0330674 0.0135601 0.238286 1
0.0350963 0.0135438 0.238 1
0.0169633 0.0142381 0.241 1
0.0196386 0.0143929 0.240667 1
0.0230164 0.0148416 0.240435 1
0.0264151 0.0155678 0.240047 1
0.0296236 0.0156306 0.240025 1
0.0333503 0.0153959 0.239744 1
0.0365513 0.0160559 0.239122 1
0.0400734 0.0165676 0.238545 1
0.0438331 0.0169127 0.238385 1
0.0467699 0.0169076 0.238364 1
0.0505983 0.0171634 0.238 1
0.0534403 0.0171634 0.238 1
0.0376316 0.0181652 0.241 1
0.0403102 0.0182895 0.240333 1
0.0438409 0.0183987 0.240619 1
0.0474766 0.0186366 0.239926 1
0.0507893 0.0188661 0.239886 1
0.0543441 0.0192557 0.239333 1
0.0576476 0.0199612 0.238667 1
0.0613193 0.0200506 0.2385 1
0.0645879 0.0205369 0.238143 1
0.0671338 0.0205245 0.238 1
0.0548988 0.0214377 0.241 1
0.0578647 0.0217657 0.240286 1
0.0615098 0.0220243 0.24025 1
0.0649046 0.0225106 0.240167 1
0.0682354 0.0227058 0.2397 1
0.0715516 0.0227721 0.2393 1
0.0737357 0.0239249 0.241 1
0.0611293 -0.0525952 0.245 1
0.0651188 -0.0533937 0.245 1
0.0693742 -0.0525952 0.245 1
0.0483629 -0.0496675 0.245 1
0.0507566 -0.0496675 0.245 1
0.054405 -0.0499251 0.244667 1
0.0576681 -0.0505651 0.244385 1
0.0612486 -0.0507489 0.243205 1
0.0646844 -0.0508487 0.243 1
0.068067 -0.0509038 0.24331 1
0.0705157 -0.0504458 0.2449 1
0.0340008 -0.0456753 0.245 1
0.0371234 -0.0463007 0.244556 1
0.0403016 -0.0469112 0.2445 1
0.0440136 -0.047003 0.243937 1
0.0470583 -0.0474246 0.243118 1
0.0508688 -0.0476804 0.243 1
0.054227 -0.047839 0.242583 1
0.0573854 -0.0484635 0.242154 1
0.0696267 -0.0471069 0.242571 1
0.071886 -0.0472987 0.244276 1
0.020497 -0.0430443 0.244667 1
0.0227291 -0.0430924 0.243929 1
0.026103 -0.0430545 0.243391 1
0.0297075 -0.0438709 0.243829 1
0.0332333 -0.0440361 0.243286 1
0.0365966 -0.0445704 0.242958 1
0.0404378 -0.0448796 0.242143 1
0.043042 -0.0448531 0.242 1
0.0713878 -0.0444011 0.242474 1
0.00571596 -0.0392613 0.244833 1
0.00897324 -0.039699 0.24425 1
0.0121667 -0.0400054 0.2445 1
0.0158443 -0.0399126 0.243929 1
0.0193452 -0.0403641 0.243447 1
0.022563 -0.041197 0.242143 1
0.0259283 -0.0415106 0.242 1
0.0299065 -0.0419613 0.242 1
-0.0112134 -0.0355616 0.245 1
-0.00881975 -0.0355616 0.245 1
-0.00486427 -0.035746 0.244273 1
-0.00163206 -0.0359268 0.243857 1
0.0019037 -0.0363905 0.243786 1
0.00515147 -0.0369644 0.24297 1
0.00843829 -0.0376916 0.2426 1
0.0120689 -0.0381077 0.242571 1
0.0157202 -0.038018 0.242 1
-0.0218231 -0.0317922 0.244667 1
-0.0189307 -0.0321949 0.244187 1
-0.0155731 -0.0330167 0.24396 1
-0.0120996 -0.033302 0.243105 1
-0.00890398 -0.0336278 0.242933 1
-0.0056238 -0.034093 0.2425 1
-0.0016186 -0.0343375 0.242 1
0.00100849 -0.0343375 0.242 1
-0.0297355 -0.0282798 0.24475 1
-0.0258998 -0.0293433 0.244182 1
-0.0226728 -0.0297627 0.2432 1
-0.0194125 -0.0303576 0.24275 1
-0.0164324 -0.0309793 0.242091 1
-0.0320406 -0.0268916 0.2436 1
-0.0298943 -0.0264383 0.243219 1
-0.0265579 -0.0275416 0.2428 1
-0.0234235 -0.0277652 0.242 1
-0.0352454 0.00246714 0.242 1
-0.0341945 0.00286148 0.242 1
-0.0332302 0.00537088 0.243 1
-0.029857 0.00610836 0.243357 1
-0.0265372 0.00633512 0.242444 1
-0.0229856 0.00667338 0.242 1
-0.0194828 0.00667338 0.242 1
-0.0330227 0.00782071 0.245 1
-0.0298311 0.00782071 0.245 1
-0.0258604 0.0081543 0.244333 1
-0.0225063 0.0085799 0.243812 1
-0.0191971 0.0089067 0.24405 1
-0.0157036 0.00875995 0.243 1
-0.0122889 0.00937332 0.242769 1
-0.00871175 0.00982809 0.242 1
-0.00634736 0.00982809 0.242 1
-0.0152029 0.0110145 0.245 1
-0.0119342 0.0113114 0.2445 1
-0.00877901 0.0114933 0.243833 1
-0.00525777 0.0119726 0.24385 1
-0.00169418 0.0123095 0.243106 1
0.00180256 0.0127641 0.2428 1
0.00522907 0.0127641 0.2428 1
0.00860759 0.0132998 0.242375 1
0.0122236 0.0132913 0.242316 1
0.0148946 0.0135461 0.242 1
-0.00128326 0.0146322 0.244667 1
0.00181642 0.014987 0.244667 1
0.00526928 0.014987 0.244667 1
0.00886478 0.0153602 0.244077 1
0.0122259 0.015605 0.244026 1
0.0157294 0.015756 0.243175 1
0.0193097 0.0159422 0.24275 1
0.0226689 0.0165405 0.242333 1
0.0251777 0.017189 0.242 1
0.0309574 0.017189 0.242 1
0.0327963 0.017189 0.242 1
0.0132554 0.0176682 0.245 1
0.0161396 0.0180145 0.244692 1
0.0193515 0.0185627 0.2445 1
0.0228604 0.0189676 0.24405 1
0.0263155 0.0193664 0.24355 1
0.0297137 0.01946 0.243368 1
0.0332855 0.0194277 0.243667 1
0.0366713 0.0195222 0.243057 1
0.0402881 0.0200301 0.242958 1
0.0438274 0.0201533 0.242526 1
0.0468762 0.0202087 0.242267 1
0.0509233 0.0206066 0.242 1
0.0530249 0.0206066 0.242 1
0.0345327 0.0216605 0.245 1
0.0363703 0.0215879 0.245 1
0.0406478 0.0218383 0.244706 1
0.0439444 0.0219736 0.244381 1
0.0472599 0.0224833 0.243868 1
0.0508314 0.0227377 0.24337 1
0.0541148 0.023025 0.243026 1
0.0576422 0.0235622 0.242643 1
0.061053 0.0236439 0.242583 1
0.0641108 0.024044 0.2422 1
0.0483629 0.0245881 0.245 1
0.0508098 0.0249075 0.245 1
0.0542142 0.0253866 0.245 1
0.0578345 0.0253422 0.244571 1
0.0615978 0.0257078 0.244364 1
0.0650387 0.0261146 0.244176 1
0.0681909 0.0260126 0.243353 1
0.0716604 0.0260512 0.243273 1
0.074053 0.0261412 0.243333 1
0.0669931 -0.0564721 0.248 1
0.0481475 -0.0527004 0.248 1
0.0509294 -0.0527902 0.248 1
0.0544697 -0.0534609 0.247778 1
0.0577901 -0.0536141 0.247368 1
0.0611652 -0.0536456 0.246737 1
0.0647439 -0.054797 0.247125 1
0.0681351 -0.0544492 0.246818 1
0.070493 -0.0540474 0.248 1
0.0739928 -0.0529698 0.248 1
0.0370786 -0.0494276 0.2478 1
0.0402858 -0.0499398 0.247667 1
0.043791 -0.0504136 0.247444 1
0.047059 -0.0508649 0.246929 1
0.0508311 -0.051399 0.24705 1
0.0541525 -0.0515569 0.246333 1
0.0577055 -0.0523361 0.246286 1
0.0603106 -0.0522754 0.246 1
0.0726213 -0.0506123 0.247 1
0.0739029 -0.0509325 0.24725 1
0.0171869 -0.0456958 0.248 1
0.0196005 -0.0461368 0.247667 1
0.0227484 -0.0463165 0.247 1
0.026557 -0.0465976 0.247222 1
0.0298049 -0.0467644 0.24692 1
0.0334232 -0.0472001 0.247077 1
0.0366537 -0.0477693 0.24668 1
0.0401774 -0.0487314 0.247 1
0.0432536 -0.0485736 0.2462 1
0.00603565 -0.0427519 0.2478 1
0.00882908 -0.0429446 0.247667 1
0.0124753 -0.0433026 0.247226 1
0.0158347 -0.0434588 0.247226 1
0.0189545 -0.0439203 0.246613 1
0.0226563 -0.04506 0.246 1
0.026128 -0.04506 0.246 1
-0.0108123 -0.0389606 0.248 1
-0.00865852 -0.0389606 0.248 1
-0.00488529 -0.0391907 0.24775 1
-0.00165538 -0.0394208 0.2475 1
0.00184621 -0.039621 0.247217 1
0.00507807 -0.0408038 0.246889 1
0.00847974 -0.0412003 0.246429 1
0.0122413 -0.041586 0.246 1
0.015713 -0.041586 0.246 1
0.0175824 -0.041586 0.246 1
-0.0154655 -0.0360549 0.247778 1
-0.0122993 -0.036711 0.246867 1
-0.00873074 -0.0371663 0.246538 1
-0.00549253 -0.0371749 0.246545 1
-0.00164535 -0.0375774 0.246 1
0.00177291 -0.0380584 0.246 1
0.00369568 -0.0383791 0.246 1
-0.0293887 -0.0320098 0.248 1
-0.0261112 -0.032441 0.247706 1
-0.0226571 -0.0334807 0.247379 1
-0.0194426 -0.0340521 0.247304 1
-0.0165569 -0.0345528 0.246667 1
-0.0315551 -0.0295603 0.246 1
-0.0298188 -0.0300052 0.246769 1
-0.0265766 -0.0308118 0.246308 1
-0.0240777 -0.031431 0.246 1
-0.032782 0.00938163 0.2468 1
-0.029787 0.00948988 0.246833 1
-0.0265641 0.00962395 0.246545 1
-0.0235436 0.00999054 0.246 1
-0.0280426 0.0111494 0.248 1
-0.026158 0.0111494 0.248 1
-0.0227476 0.0116102 0.247364 1
-0.0192644 0.0121244 0.24695 1
-0.016008 0.0124792 0.246857 1
-0.0126467 0.0128379 0.246546 1
-0.00885574 0.0131974 0.246 1
-0.00538407 0.0137318 0.246 1
-0.0118892 0.0143823 0.248 1
-0.00834637 0.0147425 0.247455 1
-0.00506747 0.0154554 0.247286 1
-0.0016524 0.0161046 0.246897 1
0.00182949 0.0167064 0.2465 1
0.00530517 0.0166947 0.246333 1
0.00834863 0.0168992 0.2462 1
0.0114402 0.0172059 0.246 1
-0.000581837 0.0178846 0.248 1
0.00217369 0.0180596 0.247625 1
0.00533388 0.0183994 0.247667 1
0.00881453 0.018908 0.247267 1
0.0122746 0.0191901 0.246973 1
0.0155679 0.0196154 0.246875 1
0.0189607 0.020191 0.246333 1
0.0221223 0.02068 0.246 1
0.0128793 0.0211175 0.248 1
0.0158292 0.0211033 0.247833 1
0.01935 0.0216629 0.247706 1
0.0230007 0.0223037 0.2474 1
0.0262342 0.0223761 0.247 1
0.0299422 0.0227131 0.246882 1
0.0330983 0.0228732 0.246912 1
0.0369315 0.023223 0.246815 1
0.0399763 0.0234599 0.24656 1
0.0436406 0.0236787 0.246316 1
0.0466909 0.024154 0.246 1
0.0371093 0.0248892 0.248 1
0.0404584 0.0253679 0.247684 1
0.0438639 0.0253574 0.247579 1
0.0471752 0.0259974 0.247313 1
0.0506387 0.0261944 0.246615 1
0.0541189 0.0269364 0.247 1
0.0577182 0.0268635 0.246333 1
0.0612336 0.0272233 0.246176 1
0.0643163 0.027628 0.246 1
0.0688563 0.0278953 0.246 1
0.0717939 0.0278953 0.246 1
0.0744644 0.0278953 0.246 1
0.0519166 0.0281221 0.248 1
0.0543074 0.0281059 0.247857 1
0.0580122 0.0285508 0.247588 1
0.061359 0.0288859 0.247737 1
0.0647872 0.029104 0.247421 1
0.0683335 0.0291227 0.247333 1
0.0718964 0.0291098 0.247 1
0.0746661 0.0290435 0.246667 1
0.0667058 -0.059573 0.252 1
0.0450941 -0.0562879 0.252 1
0.0472827 -0.0562879 0.252 1
0.050839 -0.0562879 0.252 1
0.0541795 -0.0560646 0.251 1
0.0584515 -0.0570638 0.2518 1
0.061264 -0.0568825 0.251 1
0.064827 -0.0572867 0.250533 1
0.0683453 -0.0576135 0.250154 1
0.0712118 -0.0569198 0.251167 1
0.0374343 -0.0532766 0.252 1
0.0405935 -0.0534819 0.251091 1
0.0437203 -0.0541807 0.250455 1
0.0470814 -0.0543901 0.250379 1
0.0507349 -0.054605 0.250593 1
0.0539567 -0.0549531 0.250125 1
0.0577631 -0.0555696 0.25 1
0.0610802 -0.0553791 0.249143 1
0.0632086 -0.0553473 0.249 1
0.0720697 -0.0543887 0.250421 1
0.0742294 -0.0544404 0.2508 1
0.0192166 -0.0495268 0.251429 1
0.0228304 -0.0494923 0.250857 1
0.0264671 -0.0502266 0.25125 1
0.029928 -0.0506137 0.251 1
0.0332728 -0.0509316 0.25095 1
0.0367049 -0.0510355 0.250063 1
0.0402848 -0.0516294 0.249333 1
0.043446 -0.0520112 0.249 1
0.0464495 -0.0523719 0.249 1
0.00323869 -0.0461591 0.252 1
0.00514179 -0.0460674 0.2515 1
0.00881764 -0.0465658 0.251462 1
0.0122088 -0.0464921 0.250833 1
0.0158443 -0.0471434 0.250333 1
0.0190979 -0.0478233 0.249857 1
0.0227184 -0.0481648 0.249619 1
0.0260468 -0.048151 0.249375 1
0.0299072 -0.0485418 0.249125 1
0.0321231 -0.0483145 0.249 1
-0.0109867 -0.0420527 0.252 1
-0.00825104 -0.0427827 0.252 1
-0.00522941 -0.0427606 0.251333 1
-0.0013525 -0.0430664 0.2512 1
0.00202366 -0.0435209 0.250667 1
0.00503967 -0.0440409 0.249538 1
0.0088766 -0.0445276 0.249 1
0.0110391 -0.0445276 0.249 1
0.015364 -0.045339 0.249 1
-0.0222029 -0.0387677 0.252 1
-0.0189885 -0.038973 0.252 1
-0.0156409 -0.039545 0.2515 1
-0.0123424 -0.0400091 0.250522 1
-0.00866674 -0.0408636 0.249926 1
-0.00540815 -0.0409483 0.2496 1
-0.00166542 -0.0412816 0.249 1
0.00157828 -0.0412816 0.249 1
-0.0291992 -0.0353418 0.251 1
-0.0256292 -0.0361637 0.251353 1
-0.0226718 -0.0366722 0.250452 1
-0.0193236 -0.0368534 0.250133 1
-0.0159629 -0.037697 0.2498 1
-0.013559 -0.0380357 0.249 1
-0.0294946 -0.0335737 0.249667 1
-0.0265468 -0.0341582 0.250062 1
-0.0238633 -0.0345655 0.249333 1
-0.032554 0.0122335 0.249917 1
-0.0298059 0.0123285 0.25 1
-0.0263878 0.0128788 0.250167 1
-0.0229881 0.0132432 0.249375 1
-0.0323248 0.0146142 0.252 1
-0.0298627 0.0146143 0.252 1
-0.0259804 0.0148447 0.251778 1
-0.0226612 0.015103 0.251 1
-0.0192774 0.0156984 0.250842 1
-0.0157155 0.0155467 0.2502 1
-0.0123654 0.0160092 0.250077 1
-0.00888499 0.0164196 0.249545 1
-0.00562111 0.0171191 0.2494 1
-0.00247634 0.0174157 0.249 1
-0.012081 0.0178992 0.252 1
-0.00858638 0.0183218 0.2514 1
-0.00505048 0.0190565 0.250846 1
-0.00167364 0.0193729 0.250286 1
0.00175901 0.019722 0.250036 1
0.00529172 0.0201389 0.24955 1
0.00861924 0.0206972 0.249429 1
0.0110391 0.0206616 0.249 1
-0.000591221 0.0214581 0.252 1
0.00186552 0.0214155 0.2515 1
0.00530927 0.0219124 0.251312 1
0.00876154 0.0223867 0.250667 1
0.0121045 0.0225775 0.250385 1
0.0157087 0.0229388 0.2502 1
0.0190773 0.023312 0.24985 1
0.0224397 0.0236871 0.249333 1
0.0261763 0.0241781 0.249 1
0.0286091 0.0241781 0.249 1
0.0340153 0.0244486 0.249 1
0.0353668 0.0244486 0.249 1
0.0158128 0.0247291 0.251857 1
0.019516 0.0252134 0.251563 1
0.0228144 0.0253684 0.250952 1
0.0262629 0.026076 0.251231 1
0.0297844 0.026162 0.250677 1
0.0332401 0.0262891 0.250576 1
0.0367545 0.0263448 0.249867 1
0.0402129 0.0271863 0.250238 1
0.0437603 0.0271873 0.24955 1
0.0471509 0.0277898 0.249857 1
0.0502338 0.0276945 0.249 1
0.0374343 0.028302 0.252 1
0.040283 0.0284623 0.251 1
0.044196 0.0291752 0.251389 1
0.0469543 0.0292026 0.250826 1
0.0507833 0.0294938 0.250793 1
0.0542812 0.0297894 0.250593 1
0.0575128 0.0302926 0.249926 1
0.0613072 0.0304737 0.249368 1
0.0650939 0.0307571 0.249538 1
0.0683444 0.0306699 0.249 1
0.0718584 0.0306699 0.249 1
0.0751021 0.0306699 0.249 1
0.0557632 0.0318607 0.252 1
0.0582186 0.0322056 0.251267 1
0.0615651 0.0323864 0.251111 1
0.0647991 0.0325712 0.251462 1
0.0683658 0.0325633 0.251071 1
0.0718642 0.0326298 0.250615 1
0.0747664 0.0329255 0.250857 1
0.0553197 -0.0600052 0.255 1
0.0578111 -0.0600051 0.255 1
0.0613488 -0.0604308 0.25475 1
0.0645528 -0.060511 0.254176 1
0.0687656 -0.0608009 0.254333 1
0.0707593 -0.0610384 0.254556 1
0.0348349 -0.056404 0.255 1
0.0367727 -0.056404 0.255 1
0.040706 -0.0567084 0.2545 1
0.0437224 -0.0571884 0.253562 1
0.0475283 -0.0578722 0.2539 1
0.0507405 -0.0580699 0.253615 1
0.0543084 -0.0579498 0.253461 1
0.0575746 -0.0583192 0.253556 1
0.0614012 -0.0586998 0.25325 1
0.0644348 -0.0591025 0.253111 1
0.0715523 -0.0584457 0.253444 1
0.0746287 -0.0570661 0.253833 1
0.0204402 -0.0525258 0.255 1
0.0265235 -0.0531542 0.254538 1
0.0298416 -0.0538431 0.254238 1
0.0332214 -0.054337 0.253963 1
0.0365636 -0.0547081 0.253846 1
0.0400262 -0.055223 0.253571 1
0.0422519 -0.0556867 0.253 1
0.0730128 -0.0559616 0.253 1
0.0746607 -0.0559616 0.253 1
0.00548664 -0.0491631 0.2548 1
0.00877911 -0.0490087 0.254 1
0.0125814 -0.0496914 0.254667 1
0.0156696 -0.0498365 0.254 1
0.0191577 -0.050808 0.253842 1
0.0228012 -0.0511277 0.253556 1
0.0261989 -0.0517752 0.253583 1
0.0290687 -0.0521138 0.253 1
-0.00751881 -0.0458775 0.255 1
-0.00484883 -0.046102 0.2544 1
-0.00119088 -0.0461504 0.254385 1
0.00177669 -0.0468905 0.253957 1
0.00526779 -0.0478071 0.253647 1
0.00840523 -0.0482313 0.253778 1
0.0126129 -0.0484989 0.2535 1
0.0145123 -0.0485409 0.253 1
-0.0183149 -0.0425534 0.255 1
-0.0157941 -0.0424699 0.2545 1
-0.0121559 -0.0430116 0.254235 1
-0.00871809 -0.0441854 0.254111 1
-0.00526956 -0.0444776 0.253333 1
-0.00213472 -0.0445994 0.2534 1
0.00105434 -0.044968 0.253 1
-0.0282804 -0.0389522 0.255 1
-0.0258248 -0.0391433 0.2548 1
-0.0227219 -0.0403747 0.2545 1
-0.0192093 -0.0405807 0.253815 1
-0.0159065 -0.0412473 0.253562 1
-0.0126891 -0.0417028 0.2532 1
-0.0291911 -0.0370422 0.2533 1
-0.0268824 -0.0372141 0.253462 1
-0.0239388 -0.0383719 0.253 1
-0.0319667 0.0163546 0.2535 1
-0.0297652 0.0163546 0.2535 1
-0.0264178 0.0164712 0.2536 1
-0.0228403 0.0168709 0.253 1
-0.0285573 0.0181124 0.255 1
-0.0263427 0.0181124 0.255 1
-0.022482 0.0182065 0.254375 1
-0.0190898 0.0186131 0.25425 1
-0.0156803 0.019083 0.254 1
-0.0123961 0.0195918 0.253643 1
-0.00903219 0.019838 0.253444 1
-0.00553728 0.0205813 0.253 1
-0.00251612 0.0209936 0.253 1
-0.0119479 0.0214365 0.255 1
-0.00861626 0.0214085 0.254667 1
-0.00539919 0.0220882 0.2542 1
-0.00169689 0.0223932 0.2539 1
0.00188481 0.0230098 0.254 1
0.00511722 0.0236432 0.253789 1
0.00838147 0.0241191 0.253111 1
0.012315 0.0242916 0.253 1
0.00580449 0.0252611 0.254857 1
0.00878435 0.0255116 0.254191 1
0.0123475 0.0254586 0.253667 1
0.0156924 0.0263551 0.254333 1
0.0190272 0.0269151 0.25388 1
0.0226191 0.0271221 0.253438 1
0.0263361 0.0276053 0.253143 1
0.0285194 0.0275897 0.253 1
0.0193329 0.0283618 0.255 1
0.0232207 0.0285001 0.254375 1
0.0260594 0.0286085 0.254154 1
0.0299739 0.0289972 0.254083 1
0.033254 0.0290223 0.2535 1
0.0367553 0.0296143 0.253846 1
0.0403268 0.0302172 0.253923 1
0.0433925 0.0303684 0.25325 1
0.0480196 0.0306129 0.253 1
0.0496674 0.0306129 0.253 1
0.0540619 0.0314375 0.253 1
0.0439111 0.0319212 0.254667 1
0.0470649 0.0323983 0.254455 1
0.0507742 0.0323516 0.254417 1
0.0544934 0.0329515 0.254231 1
0.0575584 0.0336333 0.253889 1
0.0611242 0.0341712 0.2537 1
0.0649918 0.0345774 0.253857 1
0.0683438 0.0344607 0.253 1
0.0716395 0.0344607 0.253 1
0.0763086 0.0344607 0.253 1
0.0589184 0.0350101 0.255 1
0.0615944 0.0355642 0.255 1
0.0647317 0.0358412 0.255 1
0.0685287 0.035801 0.254714 1
0.0721093 0.0361168 0.254333 1
0.0751964 0.0363513 0.254385 1
0.0773136 0.0363249 0.2545 1
0.0545005 -0.0634786 0.259 1
0.0577449 -0.0633385 0.258429 1
0.0615259 -0.0635892 0.258143 1
0.064653 -0.0635138 0.258 1
0.0683687 -0.0635841 0.258286 1
0.0711874 -0.0635959 0.258333 1
0.0328509 -0.0595396 0.259 1
0.0367872 -0.0603837 0.259 1
0.0399603 -0.0601827 0.259 1
0.0436399 -0.0602109 0.258429 1
0.0470331 -0.0607447 0.258143 1
0.0507716 -0.0610871 0.257214 1
0.0541415 -0.0614245 0.25708 1
0.0578832 -0.0619645 0.257381 1
0.0610342 -0.0621308 0.256625 1
0.0650998 -0.0621093 0.256444 1
0.0674867 -0.0619091 0.256 1
0.0728953 -0.0615078 0.258143 1
0.0751335 -0.0602438 0.2584 1
0.0207608 -0.0561633 0.259 1
0.0218855 -0.0561633 0.259 1
0.0266295 -0.056934 0.258667 1
0.0299218 -0.0573493 0.258 1
0.0333423 -0.0575357 0.257059 1
0.0368443 -0.0581817 0.256538 1
0.0401858 -0.0583557 0.257 1
0.0437211 -0.0590339 0.2568 1
0.0463657 -0.0591281 0.256 1
0.0730449 -0.05885 0.256 1
0.0748314 -0.0586116 0.256 1
0.00951426 -0.0530684 0.259 1
0.0124743 -0.0533241 0.2586 1
0.0156583 -0.0536948 0.258333 1
0.0192768 -0.0540718 0.257958 1
0.0227505 -0.0541893 0.257171 1
0.0259387 -0.0549686 0.256917 1
0.0291355 -0.0552347 0.256 1
-0.00537501 -0.0495642 0.258333 1
-0.00151752 -0.0497129 0.258375 1
0.00179251 -0.0501453 0.257809 1
0.00546255 -0.0508708 0.257684 1
0.00860525 -0.051002 0.257083 1
0.011883 -0.051148 0.2567 1
0.0159508 -0.0516008 0.25625 1
0.0188668 -0.0522164 0.2562 1
-0.0180398 -0.0463158 0.259 1
-0.0157905 -0.0463159 0.259 1
-0.0121056 -0.0461966 0.258333 1
-0.00871629 -0.047013 0.257667 1
-0.00556487 -0.0477092 0.2568 1
-0.00201965 -0.0477019 0.256545 1
0.00184498 -0.0485047 0.256 1
0.00384591 -0.0488384 0.256 1
-0.0284429 -0.0435022 0.259 1
-0.0261936 -0.0429396 0.259 1
-0.0225697 -0.0436842 0.258067 1
-0.0195093 -0.0440533 0.2576 1
-0.0159222 -0.0442125 0.256583 1
-0.0125007 -0.0445933 0.256375 1
-0.028867 -0.0403321 0.256714 1
-0.0264849 -0.0407201 0.257 1
-0.0239448 -0.0413297 0.256 1
-0.0299332 0.0195844 0.257176 1
-0.0261808 0.0199176 0.257385 1
-0.0227546 0.0199678 0.256818 1
-0.0192596 0.020448 0.2565 1
-0.017275 0.0204082 0.256 1
-0.0281617 0.0217727 0.259 1
-0.0261936 0.0217728 0.259 1
-0.0228196 0.0217728 0.259 1
-0.0191689 0.0223799 0.258417 1
-0.0158718 0.0228208 0.257421 1
-0.0123241 0.0231287 0.257071 1
-0.00867684 0.0232356 0.2565 1
-0.00532503 0.0237454 0.256 1
-0.00199014 0.0237454 0.256 1
-0.0143847 0.0251491 0.259 1
-0.0121354 0.0251491 0.259 1
-0.00851618 0.025541 0.2584 1
-0.00536663 0.0256147 0.258 1
-0.00172844 0.0256352 0.258214 1
0.00199252 0.0260513 0.257412 1
0.00502268 0.0265384 0.257 1
0.00857501 0.0271002 0.256167 1
0.0121831 0.0270826 0.256 1
0.0163517 0.0279169 0.256 1
0.00557279 0.0285033 0.2588 1
0.00877029 0.0289468 0.258182 1
0.0123429 0.0290673 0.2578 1
0.0157185 0.029736 0.257706 1
0.0192173 0.0300015 0.257167 1
0.0226326 0.0300809 0.256923 1
0.026318 0.0306412 0.257308 1
0.0294703 0.0307584 0.2565 1
0.0333041 0.0309759 0.256 1
0.0360832 0.030976 0.256 1
0.0191301 0.0318454 0.259 1
0.0221666 0.0316203 0.259 1
0.0275088 0.0324643 0.259 1
0.030018 0.0326588 0.258556 1
0.0332842 0.0329018 0.258 1
0.0367401 0.0328089 0.257615 1
0.0404469 0.0333294 0.257444 1
0.043662 0.0337719 0.257077 1
0.0471285 0.0341356 0.25675 1
0.0504925 0.0342411 0.2565 1
0.0538692 0.0343131 0.256 1
0.0583158 0.0345912 0.256 1
0.0440974 0.0358406 0.259 1
0.0470459 0.0357319 0.258214 1
0.0508748 0.0362749 0.258385 1
0.0542483 0.0365182 0.257806 1
0.0575731 0.0365362 0.257655 1
0.0610921 0.036964 0.2574 1
0.0646078 0.0374774 0.256714 1
0.0683168 0.0373888 0.2563 1
0.0717245 0.0377569 0.25625 1
0.0752681 0.0382065 0.256 1
0.0774914 0.0382065 0.256 1
0.0620919 0.0389356 0.259 1
0.0650304 0.0396264 0.258391 1
0.0682905 0.0399199 0.258187 1
0.0716535 0.0400107 0.258143 1
0.0752375 0.0402787 0.25771 1
0.0779117 0.0402372 0.258111 1
0.0753067 0.0423119 0.259 1
0.0619579 -0.0670601 0.262 1
0.0644349 -0.0669748 0.261667 1
0.0681392 -0.066987 0.261714 1
0.0716319 -0.0674977 0.261625 1
0.0736215 -0.0668041 0.261 1
0.0372133 -0.0630754 0.262 1
0.0400575 -0.0630754 0.262 1
0.0439683 -0.0632889 0.262 1
0.0474524 -0.0639293 0.262 1
0.0511633 -0.0639654 0.261111 1
0.0540379 -0.0647644 0.261429 1
0.0578044 -0.064864 0.26075 1
0.0611963 -0.0653004 0.260778 1
0.0645381 -0.0655594 0.260556 1
0.068219 -0.0655634 0.260571 1
0.071831 -0.0654327 0.260556 1
0.075136 -0.0643251 0.261571 1
0.0773166 -0.0639293 0.262 1
0.0278274 -0.0599447 0.262 1
0.0300132 -0.0604022 0.261231 1
0.0334377 -0.061079 0.260762 1
0.0366458 -0.0619448 0.260923 1
0.0403638 -0.0617489 0.261059 1
0.0436999 -0.0618538 0.261111 1
0.0471194 -0.0623514 0.260167 1
0.0490659 -0.0623115 0.26 1
0.0752459 -0.0620187 0.26025 1
0.00820236 -0.0562446 0.262 1
0.0130375 -0.0565293 0.262 1
0.0158438 -0.056679 0.261375 1
0.0191884 -0.0573518 0.261154 1
0.0227434 -0.0580427 0.260923 1
0.0260733 -0.0583562 0.260714 1
0.029421 -0.0590276 0.260286 1
0.0315665 -0.0592046 0.26 1
-0.004881 -0.0528292 0.262 1
-0.00175136 -0.0527428 0.261571 1
0.00196602 -0.0534395 0.261769 1
0.00554593 -0.0536994 0.261286 1
0.00857701 -0.0545027 0.261 1
0.0116868 -0.0549153 0.260417 1
0.0157605 -0.0551092 0.26 1
0.0194298 -0.0558153 0.26 1
-0.0156705 -0.0493509 0.261667 1
-0.0122559 -0.0498209 0.261571 1
-0.00871997 -0.0501529 0.2611 1
-0.00528271 -0.0513744 0.26075 1
-0.00192181 -0.0514414 0.260579 1
0.00221389 -0.0521159 0.260333 1
0.0044705 -0.0521435 0.26 1
-0.0259992 -0.0462119 0.262 1
-0.0225559 -0.0469459 0.261263 1
-0.0193949 -0.0472441 0.260727 1
-0.015603 -0.0480105 0.260556 1
-0.0121979 -0.047969 0.260333 1
-0.0093788 -0.0485649 0.2605 1
-0.0264081 -0.0447087 0.261111 1
-0.0238161 -0.045198 0.260667 1
-0.0316574 0.0218569 0.26 1
-0.0297157 0.0227762 0.2608 1
-0.0263283 0.0234222 0.261368 1
-0.0226039 0.0235329 0.260636 1
-0.019803 0.0238905 0.26 1
-0.0296256 0.0245865 0.262 1
-0.0262126 0.0245865 0.262 1
-0.0222875 0.0252696 0.262 1
-0.018817 0.0258181 0.2612 1
-0.015831 0.0259849 0.2606 1
-0.0122353 0.0267733 0.261111 1
-0.00909548 0.0272762 0.2605 1
-0.00540823 0.0275057 0.26 1
-0.00174467 0.0275662 0.260571 1
0.000519008 0.0275057 0.26 1
-0.0122759 0.0280019 0.262 1
-0.00829404 0.0288558 0.262 1
-0.00543452 0.0287824 0.261333 1
-0.00141036 0.0291643 0.2617 1
0.00210781 0.0296629 0.261067 1
0.00522607 0.0303085 0.260923 1
0.00851559 0.0307846 0.260429 1
0.011809 0.0308951 0.26 1
0.00678026 0.0322712 0.262 1
0.0087712 0.0322712 0.262 1
0.0123534 0.0323458 0.261286 1
0.0157271 0.0327088 0.260852 1
0.0193421 0.0334681 0.261 1
0.0228606 0.0332195 0.2605 1
0.0262658 0.0334634 0.26072 1
0.0294699 0.0341033 0.2605 1
0.03326 0.0345668 0.26 1
0.0369292 0.0345668 0.26 1
0.0391872 0.0345668 0.26 1
0.0272586 0.035402 0.262 1
0.0299527 0.0358849 0.261625 1
0.0333154 0.0359236 0.260857 1
0.0367606 0.0364114 0.261188 1
0.0403111 0.0367006 0.261172 1
0.0435653 0.037296 0.26087 1
0.0471505 0.0374399 0.260333 1
0.050404 0.0377841 0.260111 1
0.0414796 0.0388174 0.262 1
0.0440959 0.0389742 0.261778 1
0.047392 0.0393372 0.261667 1
0.0507302 0.039221 0.261125 1
0.0542065 0.0394664 0.260923 1
0.0579257 0.0398478 0.260813 1
0.0611836 0.040392 0.261125 1
0.0641597 0.0409011 0.260167 1
0.0685411 0.0419104 0.26 1
0.0719282 0.0419104 0.26 1
0.0744684 0.0419104 0.26 1
0.078307 0.0417974 0.26 1
0.0646942 0.0424478 0.261571 1
0.0681773 0.0432156 0.261364 1
0.0719178 0.0432623 0.261333 1
0.0754025 0.0435055 0.261278 1
0.0780538 0.0434108 0.261375 1
0.0623263 -0.0703956 0.266 1
0.0646811 -0.0701309 0.265 1
0.0685516 -0.0706967 0.2655 1
0.0718635 -0.0710839 0.265333 1
0.0754375 -0.0702368 0.2654 1
0.0770512 -0.0701309 0.265 1
0.0438454 -0.0672171 0.266 1
0.0472071 -0.0670726 0.265429 1
0.0509687 -0.0673422 0.2652 1
0.0540401 -0.0678826 0.265333 1
0.0579823 -0.0677056 0.265 1
0.0610554 -0.068218 0.264458 1
0.0645872 -0.0686396 0.2638 1
0.0683803 -0.068808 0.263636 1
0.0716456 -0.0693786 0.263857 1
0.075396 -0.0681878 0.2638 1
0.077305 -0.0682795 0.263154 1
0.0227658 -0.0634605 0.266 1
0.0262309 -0.0634605 0.266 1
0.0299056 -0.0641063 0.2658 1
0.0333198 -0.0643299 0.265235 1
0.0368412 -0.0648762 0.264909 1
0.0402313 -0.0650752 0.264154 1
0.0438009 -0.0649923 0.264 1
0.0471804 -0.0654817 0.263667 1
0.0503768 -0.0654169 0.263091 1
0.0541197 -0.0664248 0.264 1
0.0571841 -0.0663242 0.2636 1
0.0756132 -0.0658875 0.263 1
0.0773262 -0.0658875 0.263 1
0.00630625 -0.059993 0.266 1
0.00890511 -0.059993 0.266 1
0.0127126 -0.0601251 0.265625 1
0.0156349 -0.0604301 0.265062 1
0.0192266 -0.0612082 0.265 1
0.0225946 -0.0612657 0.264 1
0.0260337 -0.0612657 0.264 1
0.0295352 -0.0621623 0.2638 1
0.0325017 -0.0624591 0.263 1
-0.0035117 -0.0568144 0.266 1
-0.00137821 -0.0567825 0.265538 1
0.00210992 -0.0570231 0.26495 1
0.00541111 -0.0576675 0.2646 1
0.00889892 -0.0580392 0.264607 1
0.0120676 -0.058066 0.264125 1
0.0155318 -0.0584576 0.263313 1
0.0185119 -0.0590306 0.263 1
-0.015351 -0.0533469 0.266 1
-0.0124165 -0.0531462 0.265 1
-0.00872833 -0.0535676 0.2648 1
-0.00559822 -0.0547331 0.264846 1
-0.00176413 -0.0545939 0.263643 1
0.00175038 -0.0549572 0.263429 1
0.00535664 -0.0552286 0.263 1
0.00737715 -0.0558879 0.263 1
-0.0260352 -0.0498792 0.266 1
-0.022514 -0.0501396 0.265333 1
-0.0191257 -0.0504358 0.264571 1
-0.0158209 -0.0512591 0.264167 1
-0.0123579 -0.0514638 0.26375 1
-0.00948681 -0.0517005 0.2635 1
-0.00661267 -0.0524595 0.263 1
-0.0281322 -0.0477835 0.264 1
-0.0262739 -0.0478697 0.264182 1
-0.023488 -0.048235 0.263333 1
-0.0291018 0.0263096 0.265 1
-0.0260836 0.0263665 0.264461 1
-0.0228958 0.0268098 0.264 1
-0.0196755 0.0272574 0.2636 1
-0.0157489 0.0275374 0.263 1
-0.025169 0.0284294 0.266 1
-0.0223633 0.0287335 0.2656 1
-0.0193298 0.0289117 0.265111 1
-0.0156732 0.0293101 0.264692 1
-0.012311 0.0298316 0.264615 1
-0.00913936 0.0302512 0.264 1
-0.00547757 0.0304337 0.263333 1
-0.00221852 0.0305401 0.263267 1
0.00109601 0.0309658 0.263 1
-0.0113083 0.031897 0.266 1
-0.00852351 0.0321958 0.2656 1
-0.00531097 0.0324982 0.265 1
-0.00166821 0.0328711 0.264939 1
0.00192838 0.0332505 0.264531 1
0.0052987 0.0334559 0.264107 1
0.00884499 0.0339809 0.264222 1
0.0120723 0.0339158 0.263437 1
0.0153821 0.0344205 0.2632 1
0.0193684 0.0349657 0.263 1
0.022509 0.0349657 0.263 1
0.025364 0.0349657 0.263 1
0.00226356 0.0353645 0.266 1
0.00543564 0.0353424 0.265833 1
0.00908267 0.0353332 0.265143 1
0.0123434 0.0355758 0.265417 1
0.0160701 0.0359191 0.265111 1
0.0192573 0.0368045 0.264724 1
0.0226282 0.036878 0.2644 1
0.0260968 0.0368881 0.264067 1
0.0296413 0.0375725 0.26425 1
0.0330727 0.037537 0.263 1
0.0382118 0.0383941 0.263 1
0.0399249 0.0383941 0.263 1
0.0242096 0.039121 0.266 1
0.0262309 0.0391211 0.266 1
0.0296574 0.039072 0.265667 1
0.0334395 0.0394076 0.265091 1
0.0368726 0.0400045 0.264818 1
0.04027 0.04044 0.264548 1
0.0437734 0.0405235 0.263833 1
0.0472568 0.0411343 0.264083 1
0.0509317 0.0410442 0.263824 1
0.0542575 0.041582 0.263286 1
0.0570553 0.0415368 0.263 1
0.0435567 0.0425885 0.266 1
0.047266 0.0426491 0.265533 1
0.0504395 0.04291 0.26575 1
0.054406 0.0434688 0.265273 1
0.0578849 0.0436588 0.264533 1
0.0612027 0.0436882 0.2639 1
0.0648146 0.0443546 0.26387 1
0.0684052 0.0451078 0.263833 1
0.0717172 0.0449863 0.263273 1
0.0748339 0.0449656 0.263455 1
0.0788652 0.044887 0.263375 1
0.0585724 0.0457672 0.266 1
0.0612666 0.0456238 0.265167 1
0.065156 0.0461618 0.265545 1
0.0681176 0.0465122 0.265455 1
0.0718212 0.0467406 0.26545 1
0.075358 0.0471985 0.265038 1
0.0785346 0.0468896 0.26515 1
0.0806552 0.0465475 0.2655 1
0.0618611 -0.0735273 0.269 1
0.0644893 -0.0735273 0.269 1
0.0674095 -0.0735273 0.269 1
0.0729579 -0.0735273 0.269 1
0.0735419 -0.0735273 0.269 1
0.0434639 -0.0703129 0.269 1
0.0476941 -0.0703162 0.268889 1
0.0505757 -0.0703426 0.268 1
0.0542686 -0.0708973 0.269 1
0.0574808 -0.0708973 0.269 1
0.0610241 -0.071438 0.268 1
0.0645562 -0.0720012 0.267667 1
0.0681295 -0.0722426 0.2677 1
0.0716848 -0.0726759 0.267818 1
0.0756264 -0.0719255 0.268111 1
0.0773429 -0.0715303 0.267 1
0.0276948 -0.066514 0.269 1
0.030615 -0.0668062 0.269 1
0.0331798 -0.0668276 0.2685 1
0.0370786 -0.0680282 0.268381 1
0.0403297 -0.0681998 0.267583 1
0.0436538 -0.0686845 0.267857 1
0.0473505 -0.0687564 0.267231 1
0.0504269 -0.0691143 0.267429 1
0.0545656 -0.0696771 0.268 1
0.0577756 -0.0693828 0.267667 1
0.0104656 -0.0630073 0.269 1
0.0116337 -0.0630073 0.269 1
0.016598 -0.063884 0.269 1
0.0197537 -0.0639981 0.26825 1
0.0229069 -0.0647304 0.267667 1
0.0265797 -0.0649017 0.267857 1
0.0293038 -0.0652873 0.267455 1
0.0333704 -0.0659909 0.267667 1
0.0359386 -0.0661019 0.267333 1
-0.0035513 -0.0595007 0.269 1
-0.00238322 -0.0595007 0.269 1
0.00286885 -0.0603025 0.268667 1
0.00533539 -0.0608818 0.268 1
0.00908695 -0.0614025 0.268077 1
0.0124352 -0.0617634 0.267737 1
0.0159134 -0.0623266 0.267333 1
-0.0152321 -0.0565785 0.269 1
-0.0120199 -0.0565785 0.269 1
-0.00814889 -0.0569031 0.268273 1
-0.00498606 -0.0575259 0.267625 1
-0.00141795 -0.0585835 0.267857 1
0.00169488 -0.0589003 0.2676 1
-0.0254711 -0.0535827 0.268364 1
-0.0232987 -0.0533041 0.2684 1
-0.0192754 -0.0537513 0.268375 1
-0.0159068 -0.0548881 0.267947 1
-0.0123468 -0.0551364 0.267667 1
-0.00940205 -0.0552835 0.267444 1
-0.0260214 -0.0514728 0.267231 1
-0.0234225 -0.0517596 0.2675 1
-0.0200849 -0.0521947 0.2675 1
-0.0293215 0.0279562 0.267 1
-0.0270026 0.0279562 0.267 1
-0.0288845 0.0291465 0.2678 1
-0.0261655 0.0298953 0.268333 1
-0.0230984 0.0301273 0.267667 1
-0.0194923 0.0306048 0.267333 1
-0.0163748 0.0308567 0.267 1
-0.01309 0.0314368 0.267 1
-0.0216565 0.0319645 0.269 1
-0.0190175 0.0319447 0.268833 1
-0.0155563 0.0325801 0.268444 1
-0.0120992 0.0332115 0.2682 1
-0.00893617 0.0336597 0.2676 1
-0.00526399 0.0340473 0.267 1
-0.00120611 0.0349174 0.267 1
0.000532981 0.0349174 0.267 1
-0.00763958 0.0354711 0.269 1
-0.00479029 0.035544 0.268286 1
-0.00157973 0.0361594 0.268053 1
0.0019919 0.0367293 0.268222 1
0.00548074 0.0367962 0.268 1
0.00896523 0.0368624 0.267778 1
0.0124593 0.0373705 0.267944 1
0.0156276 0.0375154 0.267385 1
0.0179239 0.038108 0.267 1
0.0104656 0.0386856 0.269 1
0.0125011 0.0386616 0.268833 1
0.0160832 0.0392025 0.268533 1
0.0196043 0.04 0.268364 1
0.0227887 0.0400249 0.267818 1
0.0264162 0.0408551 0.267889 1
0.0298568 0.0407871 0.267444 1
0.0331335 0.0411566 0.267333 1
0.0356046 0.0415884 0.267 1
0.0265267 0.0421922 0.269 1
0.0299551 0.0420877 0.268333 1
0.0333586 0.0428105 0.26875 1
0.037162 0.0434084 0.2682 1
0.040342 0.0434384 0.267667 1
0.0439291 0.0444113 0.268278 1
0.0471501 0.0443601 0.26775 1
0.05077 0.0445723 0.2675 1
0.0536167 0.0446133 0.267 1
0.0567636 0.0453591 0.267 1
0.0475522 0.0459911 0.269 1
0.0504724 0.0459911 0.269 1
0.0542517 0.0461826 0.268412 1
0.0576609 0.047199 0.268131 1
0.061095 0.0475447 0.267615 1
0.0645028 0.0476133 0.2676 1
0.0684014 0.0481234 0.268 1
0.0715917 0.0483089 0.267273 1
0.0741545 0.0485497 0.267 1
0.0790819 0.0485497 0.267 1
0.0811238 0.0484404 0.268 1
0.0618611 0.0494977 0.269 1
0.0630292 0.0494977 0.269 1
0.0690965 0.0491598 0.26875 1
0.0720011 0.049809 0.268615 1
0.0754175 0.0504381 0.2684 1
0.0782878 0.050474 0.26875 1
0.0811318 0.0498173 0.26875 1
0.0698937 -0.0775863 0.273 1
0.0723461 -0.0779601 0.27275 1
0.0743392 -0.0775863 0.273 1
0.0435175 -0.0740275 0.273 1
0.0507649 -0.074351 0.273 1
0.0540527 -0.0741426 0.272333 1
0.0576006 -0.0748157 0.272391 1
0.0611624 -0.0756049 0.271896 1
0.0649122 -0.0758269 0.272 1
0.0683492 -0.0757105 0.271583 1
0.0715381 -0.0755634 0.270864 1
0.0748781 -0.075332 0.271842 1
0.0779405 -0.0745848 0.271667 1
0.0301812 -0.0704687 0.273 1
0.0337344 -0.0705298 0.272375 1
0.0371236 -0.0716229 0.2722 1
0.0402567 -0.0714266 0.271 1
0.0437159 -0.0718147 0.271167 1
0.0471058 -0.0721281 0.271476 1
0.0507181 -0.0723115 0.270895 1
0.0541399 -0.0723961 0.270857 1
0.0579979 -0.0726715 0.2706 1
0.0601423 -0.0729163 0.2702 1
0.0754213 -0.0733496 0.2705 1
0.0777683 -0.0733496 0.2705 1
0.0159558 -0.0672065 0.273 1
0.0194004 -0.0674977 0.272412 1
0.022665 -0.0677788 0.271722 1
0.0264363 -0.0679295 0.271765 1
0.0296733 -0.0686771 0.271714 1
0.0331749 -0.068734 0.270833 1
0.0358813 -0.0692692 0.2704 1
0.00232056 -0.0636011 0.2728 1
0.00546323 -0.0641451 0.272 1
0.0087448 -0.0646664 0.27144 1
0.0120285 -0.0650291 0.271333 1
0.0152637 -0.0651992 0.271222 1
0.0189149 -0.0655289 0.270636 1
0.022562 -0.0662971 0.2705 1
0.025746 -0.0661746 0.27 1
-0.00834066 -0.0600449 0.2728 1
-0.0049019 -0.0608304 0.271889 1
-0.00152021 -0.061455 0.271167 1
0.00171513 -0.0615365 0.270667 1
0.00531762 -0.0624699 0.270286 1
0.00874592 -0.062655 0.27 1
-0.0250537 -0.0564103 0.271 1
-0.0230793 -0.056742 0.273 1
-0.018768 -0.0569378 0.271727 1
-0.0156989 -0.0582087 0.272056 1
-0.0121623 -0.0584286 0.272167 1
-0.00900932 -0.0582532 0.270667 1
-0.00533146 -0.0591056 0.2704 1
-0.0250537 -0.0555272 0.271 1
-0.0223406 -0.0549314 0.270579 1
-0.0194366 -0.0554452 0.2706 1
-0.0286511 0.0307923 0.27025 1
-0.0275991 0.0309101 0.27 1
-0.0283593 0.0325772 0.271667 1
-0.0261365 0.0327118 0.27155 1
-0.0229389 0.033334 0.271208 1
-0.019031 0.033756 0.2707 1
-0.0158332 0.0343533 0.270714 1
-0.0129439 0.0344298 0.27 1
-0.0219786 0.0354055 0.273 1
-0.0195484 0.0354648 0.273 1
-0.0153641 0.0358754 0.272625 1
-0.0119917 0.036265 0.27165 1
-0.00881588 0.0369097 0.2715 1
-0.00522637 0.0372021 0.270688 1
-0.00130723 0.03782 0.270571 1
0.0018015 0.0382804 0.270857 1
0.00553036 0.0383136 0.2705 1
0.00874592 0.0382428 0.27 1
-0.00478956 0.0389643 0.273 1
-0.00141212 0.0390596 0.272231 1
0.00183598 0.039709 0.27225 1
0.00534575 0.039972 0.271955 1
0.00854593 0.0402501 0.271379 1
0.0120204 0.0404712 0.271167 1
0.0153757 0.0407704 0.270333 1
0.0185893 0.041533 0.2708 1
0.0225219 0.0417625 0.27 1
0.0245736 0.0417625 0.27 1
0.0126958 0.042523 0.273 1
0.0157529 0.0429792 0.272333 1
0.0193376 0.0437353 0.272154 1
0.0225938 0.0435858 0.27175 1
0.0261648 0.0440703 0.27192 1
0.0296464 0.0439523 0.270833 1
0.0330924 0.0444685 0.270294 1
0.0362073 0.0449121 0.270417 1
0.0401082 0.0452822 0.27 1
0.0421599 0.0452822 0.27 1
0.0303596 0.0462514 0.272833 1
0.0332441 0.0467053 0.272429 1
0.0369106 0.0468266 0.271789 1
0.0403675 0.0470543 0.27175 1
0.0438785 0.0471517 0.27137 1
0.0470225 0.0475765 0.271 1
0.0506835 0.0476992 0.270588 1
0.0540929 0.0481003 0.270737 1
0.0568152 0.0485086 0.27 1
0.0679532 0.0488019 0.27 1
0.0444066 0.0493441 0.273 1
0.0475632 0.0496713 0.272538 1
0.0506625 0.0499189 0.272706 1
0.0541455 0.0501628 0.272706 1
0.0577935 0.0506154 0.271857 1
0.0610298 0.0509891 0.271174 1
0.0648347 0.0509511 0.271577 1
0.0681498 0.0509498 0.271517 1
0.0714496 0.0513079 0.270667 1
0.07489 0.0517349 0.27 1
0.0793424 0.0515673 0.27 1
0.0808498 0.0514416 0.27 1
0.0601138 0.0529029 0.273 1
0.0698937 0.0531994 0.273 1
0.0721415 0.0533411 0.272857 1
0.0753122 0.0538438 0.271857 1
0.0785154 0.0542404 0.272 1
0.0811546 0.0538333 0.2726 1
0.0556808 -0.081737 0.276 1
0.0577782 -0.0814372 0.276 1
0.0613736 -0.0814372 0.276 1
0.0637705 -0.0808375 0.276 1
0.0724955 -0.0815979 0.275471 1
0.0754689 -0.0818113 0.275 1
0.0779288 -0.0809031 0.275 1
0.0482705 -0.0780744 0.275889 1
0.0506828 -0.0788351 0.275769 1
0.0542977 -0.078943 0.275741 1
0.0576763 -0.0787712 0.275194 1
0.061206 -0.0791244 0.27525 1
0.0646617 -0.0789303 0.2752 1
0.0683426 -0.078785 0.275111 1
0.0716085 -0.0794322 0.274733 1
0.0755105 -0.0789511 0.27428 1
0.0784208 -0.0785039 0.27479 1
0.0308124 -0.0736417 0.276 1
0.0326101 -0.0736417 0.276 1
0.0372128 -0.074561 0.275333 1
0.0402539 -0.0748708 0.275 1
0.0440722 -0.0749968 0.274917 1
0.0474312 -0.0754882 0.275077 1
0.0507959 -0.076079 0.274316 1
0.0543555 -0.0761319 0.274294 1
0.057686 -0.0767199 0.274143 1
0.0766936 -0.0763822 0.274 1
0.0784782 -0.0763823 0.274 1
0.0160335 -0.0704725 0.275625 1
0.0193791 -0.0707721 0.275333 1
0.0226746 -0.0707891 0.2754 1
0.0264524 -0.0710384 0.275333 1
0.029783 -0.0718779 0.275111 1
0.0333464 -0.0722595 0.274667 1
0.0356884 -0.072899 0.274333 1
0.00264828 -0.0670455 0.276 1
0.00551644 -0.0673081 0.2756 1
0.00871545 -0.0680314 0.274909 1
0.0121918 -0.0682985 0.275 1
0.0157291 -0.068794 0.274529 1
0.0188568 -0.0691532 0.27425 1
0.0228556 -0.0695362 0.274 1
0.0255326 -0.0692386 0.274 1
-0.00843237 -0.0634016 0.2758 1
-0.00483196 -0.0639189 0.275444 1
-0.00140507 -0.0646375 0.274909 1
0.00170152 -0.0652673 0.275 1
0.00454651 -0.0657998 0.2748 1
0.00738825 -0.0659644 0.274 1
-0.0210216 -0.0598497 0.276 1
-0.0189484 -0.0603008 0.275714 1
-0.0157394 -0.0610942 0.275091 1
-0.0122967 -0.0611651 0.275167 1
-0.00877793 -0.061788 0.274789 1
-0.00547539 -0.0624023 0.274333 1
-0.0245278 -0.0581392 0.275 1
-0.0226112 -0.0583171 0.275455 1
-0.0195193 -0.058633 0.274714 1
-0.0172999 -0.0591183 0.274 1
-0.0265207 0.0343446 0.274 1
-0.0260678 0.0363293 0.2755 1
-0.022602 0.0368618 0.275 1
-0.0193428 0.0374537 0.275364 1
-0.015996 0.0374884 0.274818 1
-0.0125695 0.0379994 0.2746 1
-0.0118268 0.0395686 0.275833 1
-0.00870648 0.039849 0.275 1
-0.00522037 0.0403361 0.274933 1
-0.00162792 0.0408239 0.274824 1
0.00174308 0.0416396 0.275 1
0.00441378 0.0414882 0.274 1
-0.00364372 0.0420909 0.276 1
-0.001846 0.0420909 0.276 1
0.00264828 0.0429903 0.276 1
0.00532897 0.0431734 0.27525 1
0.00868601 0.043602 0.274714 1
0.0119706 0.0440438 0.274909 1
0.0155369 0.0446184 0.274333 1
0.0180964 0.04506 0.274 1
0.023153 0.04506 0.274 1
0.00923988 0.0456888 0.276 1
0.0122361 0.0456888 0.276 1
0.0160129 0.0462332 0.275667 1
0.0193793 0.0470754 0.275333 1
0.0226671 0.0468755 0.275333 1
0.02653 0.0469161 0.2751 1
0.0295154 0.0476432 0.274778 1
0.0332299 0.0486076 0.2742 1
0.0362407 0.0485326 0.274 1
0.0407024 0.0489295 0.274 1
0.0427845 0.0489295 0.274 1
0.0301574 0.0491974 0.2755 1
0.0327906 0.0499565 0.275833 1
0.0369987 0.0495466 0.275222 1
0.0401926 0.0502578 0.2754 1
0.0439727 0.0508256 0.275048 1
0.0470823 0.051358 0.274778 1
0.0508456 0.0516398 0.274167 1
0.0540875 0.0516085 0.274 1
0.0505873 0.0531844 0.276 1
0.0541158 0.0531202 0.275667 1
0.0576328 0.0534583 0.274958 1
0.0616886 0.0541287 0.275 1
0.064674 0.054139 0.27475 1
0.0681918 0.0540893 0.2745 1
0.0719397 0.0549508 0.274933 1
0.0745288 0.0556399 0.2748 1
0.0802629 0.0554779 0.274 1
0.0814527 0.0554779 0.274 1
0.0724595 0.0564825 0.276 1
0.0754107 0.0571193 0.275263 1
0.0785284 0.0576204 0.275222 1
0.0815162 0.0568791 0.275333 1
0.0439241 -0.0812993 0.28 1
0.0470596 -0.0812228 0.278412 1
0.051059 -0.0817315 0.2771 1
0.0537953 -0.081803 0.277 1
0.0652378 -0.0817656 0.277 1
0.0683349 -0.0821824 0.2775 1
0.0712133 -0.0826015 0.277111 1
0.0300431 -0.0771423 0.28 1
0.0333867 -0.0780548 0.28 1
0.0366414 -0.077869 0.279333 1
0.0404932 -0.078433 0.279273 1
0.043815 -0.0788955 0.278667 1
0.0468515 -0.078809 0.2773 1
0.0507706 -0.0799268 0.277 1
0.0528755 -0.0799268 0.277 1
0.0166689 -0.0744048 0.28 1
0.0190537 -0.0742277 0.279333 1
0.0226668 -0.0741391 0.279 1
0.0266042 -0.0744432 0.279 1
0.0299777 -0.0753188 0.278364 1
0.0334242 -0.0756303 0.277792 1
0.0365021 -0.0759515 0.2775 1
0.0436904 -0.076644 0.277 1
0.00268666 -0.0704506 0.28 1
0.00510472 -0.0702829 0.279333 1
0.00886523 -0.0714517 0.278889 1
0.0124951 -0.0714238 0.27845 1
0.015713 -0.0722651 0.278105 1
0.0192096 -0.0724562 0.2772 1
0.0225044 -0.072404 0.277 1
0.0255563 -0.0725346 0.2775 1
0.0291199 -0.0733067 0.277 1
-0.0143351 -0.0668005 0.28 1
-0.0121996 -0.0667528 0.2798 1
-0.00854827 -0.0673294 0.279667 1
-0.00520864 -0.0675921 0.2795 1
-0.00142549 -0.0679799 0.278818 1
0.00166364 -0.0681923 0.278222 1
0.00474149 -0.0688979 0.278286 1
0.00746915 -0.0693948 0.277 1
-0.0225421 -0.0631505 0.28 1
-0.018808 -0.0640392 0.279385 1
-0.0156247 -0.0644332 0.278364 1
-0.0123686 -0.0644645 0.277965 1
-0.00880171 -0.0650512 0.277609 1
-0.0054721 -0.0655146 0.277555 1
-0.00305551 -0.0657839 0.277 1
-0.0250659 -0.0611804 0.278143 1
-0.0228527 -0.0614117 0.278542 1
-0.019534 -0.061925 0.278133 1
-0.0174893 -0.0621729 0.277 1
-0.0254794 -0.0589489 0.277 1
-0.022902 -0.0594648 0.277 1
-0.0256556 0.0380993 0.2775 1
-0.0232027 0.0380306 0.277 1
-0.0258027 0.0401407 0.2791 1
-0.0228271 0.0401723 0.278714 1
-0.0191193 0.0404045 0.278833 1
-0.0157254 0.04024 0.2777 1
-0.0126829 0.0409942 0.277882 1
-0.00878635 0.0417168 0.2775 1
-0.00546115 0.0416416 0.277 1
-0.015551 0.0423968 0.28 1
-0.0118524 0.0431154 0.279455 1
-0.00867335 0.0432691 0.27875 1
-0.00524387 0.0437515 0.278655 1
-0.00155979 0.0439337 0.278167 1
0.00153419 0.0439985 0.277625 1
0.00487073 0.0447313 0.2775 1
0.00746915 0.0452525 0.277 1
-0.00126484 0.0460467 0.28 1
0.00177478 0.0460468 0.28 1
0.00497901 0.0466882 0.2791 1
0.0086359 0.0475601 0.278846 1
0.0123388 0.0475883 0.278333 1
0.0156158 0.0477464 0.2775 1
0.019798 0.0488634 0.277 1
0.0231659 0.0481412 0.277 1
0.0257119 0.0482616 0.277 1
0.0285184 0.0488634 0.277 1
0.0130213 0.0496968 0.28 1
0.0161103 0.0499446 0.279111 1
0.0190323 0.0502965 0.278789 1
0.0226936 0.0500801 0.278522 1
0.0262185 0.0508024 0.278882 1
0.0296709 0.0509989 0.278 1
0.0334034 0.0516962 0.278357 1
0.0368028 0.0513643 0.2775 1
0.0402929 0.0521356 0.277333 1
0.0429523 0.0521735 0.277 1
0.0303471 0.0530427 0.28 1
0.0330221 0.052948 0.2795 1
0.0368459 0.0535065 0.279438 1
0.0402605 0.0537571 0.279059 1
0.0438539 0.0543541 0.278917 1
0.0473033 0.0541431 0.277833 1
0.0510011 0.0549465 0.277933 1
0.0542969 0.0550041 0.277611 1
0.058112 0.0554388 0.277444 1
0.0606938 0.0551826 0.277 1
0.0485848 0.0563885 0.28 1
0.0503471 0.0564225 0.279667 1
0.054297 0.0569295 0.279417 1
0.0579371 0.0569291 0.279667 1
0.0615598 0.0572215 0.279111 1
0.0646553 0.0573224 0.27832 1
0.0682034 0.0575107 0.277969 1
0.0716802 0.0577069 0.277917 1
0.074774 0.0586822 0.277286 1
0.0799301 0.0590361 0.277667 1
0.0818547 0.0584441 0.277125 1
0.0662145 0.0597344 0.28 1
0.0681781 0.0595922 0.279333 1
0.0720132 0.060084 0.2795 1
0.0750966 0.0606097 0.279125 1
0.0786908 0.0608075 0.279333 1
0.0820273 0.0602713 0.279231 1
0.0308959 -0.0813548 0.2828 1
0.0333781 -0.0815909 0.2825 1
0.0368773 -0.0816524 0.282353 1
0.0399396 -0.0820975 0.281926 1
0.0430641 -0.0824037 0.281 1
0.0473648 -0.0830254 0.282571 1
0.0193052 -0.0776615 0.283 1
0.0226846 -0.0776615 0.283 1
0.0260478 -0.0776157 0.282833 1
0.0298805 -0.0788225 0.2822 1
0.0330614 -0.0796404 0.281437 1
0.036782 -0.0796561 0.281455 1
0.0399279 -0.0801561 0.281429 1
0.00640206 -0.0736648 0.283 1
0.00946308 -0.0748071 0.282667 1
0.0125526 -0.0743182 0.282143 1
0.0153287 -0.0757264 0.2822 1
0.0191901 -0.0759816 0.281333 1
0.0228579 -0.0759816 0.281333 1
0.0259247 -0.0760266 0.2815 1
0.0289303 -0.0768073 0.281 1
-0.00742274 -0.070898 0.283 1
-0.00527002 -0.0708562 0.282833 1
-0.00127463 -0.071113 0.282222 1
0.00155654 -0.0713512 0.28175 1
0.00532661 -0.0719682 0.281857 1
0.00840235 -0.0730275 0.281333 1
0.0121864 -0.0733524 0.2818 1
-0.0237053 -0.0672088 0.283 1
-0.0184615 -0.0671296 0.282667 1
-0.0157346 -0.0678985 0.2822 1
-0.0122868 -0.0681484 0.2818 1
-0.00907561 -0.0689334 0.281875 1
-0.0052459 -0.069299 0.2815 1
-0.00309963 -0.0691759 0.281 1
-0.0227358 -0.0652269 0.2824 1
-0.0198002 -0.065387 0.281333 1
-0.0159116 -0.0664286 0.281 1
-0.0251968 0.0433901 0.2825 1
-0.0227434 0.0433901 0.2825 1
-0.019325 0.0432885 0.281833 1
-0.0155096 0.0441555 0.282 1
-0.0124399 0.0446654 0.281833 1
-0.00920798 0.0450222 0.2812 1
-0.0151032 0.0456178 0.283 1
-0.0132599 0.0456178 0.283 1
-0.00864637 0.0465073 0.2828 1
-0.00511702 0.0469492 0.282091 1
-0.00165984 0.0476795 0.281789 1
0.00178323 0.0477949 0.281333 1
0.00538345 0.0486266 0.2812 1
-0.00127835 0.0492722 0.2828 1
0.00198041 0.0498075 0.282615 1
0.00498918 0.0500219 0.282571 1
0.00907966 0.0505792 0.2822 1
0.0122811 0.0511179 0.281737 1
0.0153129 0.0518114 0.2819 1
0.0192013 0.0521036 0.2815 1
0.0228293 0.0520111 0.281 1
0.0128536 0.0529961 0.283 1
0.0155894 0.0529025 0.2825 1
0.0197141 0.0533168 0.28225 1
0.0228835 0.0533592 0.281667 1
0.0262709 0.0540225 0.281933 1
0.0295568 0.0542024 0.281875 1
0.0333677 0.0546616 0.281737 1
0.0366984 0.0552789 0.281429 1
0.040217 0.0553689 0.281 1
0.0312867 0.0560704 0.283 1
0.03313 0.0560704 0.283 1
0.0371238 0.0569928 0.283 1
0.0402255 0.056987 0.282385 1
0.0437401 0.057423 0.282083 1
0.047231 0.0574243 0.281818 1
0.0508087 0.0582552 0.281667 1
0.0541853 0.0585642 0.281818 1
0.0577055 0.0585255 0.2815 1
0.0603501 0.0584215 0.281 1
0.0649258 0.0593373 0.281 1
0.050027 0.0597596 0.283 1
0.0555569 0.0600671 0.283 1
0.0577074 0.0600671 0.283 1
0.0609415 0.0599255 0.282333 1
0.0644666 0.0606952 0.2822 1
0.0681965 0.0616759 0.281917 1
0.0714728 0.0618003 0.281556 1
0.0748975 0.0622719 0.2815 1
0.0786267 0.0626119 0.282 1
0.0826119 0.062043 0.2815 1
0.0842435 0.0618533 0.281333 1
0.0721467 0.0634487 0.283 1
0.0750402 0.0632993 0.282333 1
0.0790804 0.0635112 0.28225 1
0.0819853 0.0637978 0.2825 1
0.0844432 0.0632246 0.282 1
0.0160767 -0.0816955 0.2868 1
0.0191979 -0.0817304 0.286 1
0.0228158 -0.0821273 0.286115 1
0.0263107 -0.0820251 0.286276 1
0.0293731 -0.0819548 0.284563 1
0.0366384 -0.0834891 0.284 1
0.00929659 -0.077512 0.287 1
0.012595 -0.0784066 0.286176 1
0.0157374 -0.0788774 0.285167 1
0.0195963 -0.0796809 0.285 1
0.0226646 -0.0795106 0.284667 1
0.0263522 -0.0794772 0.284846 1
0.0287041 -0.0797817 0.2842 1
-0.00750143 -0.0744457 0.286 1
-0.00550607 -0.0742173 0.2856 1
-0.00141566 -0.0742703 0.2858 1
0.00169433 -0.0744591 0.285182 1
0.00539947 -0.0750455 0.285571 1
0.00769385 -0.0755135 0.285333 1
0.0121083 -0.0759271 0.284385 1
-0.0227147 -0.0704068 0.286 1
-0.0187228 -0.0705709 0.286667 1
-0.0156696 -0.0710649 0.286143 1
-0.0121302 -0.071174 0.285333 1
-0.00886238 -0.0721729 0.285333 1
-0.00529085 -0.0723825 0.284 1
-0.00251612 -0.0723825 0.284 1
0.00210843 -0.0733081 0.284 1
0.00457486 -0.0733081 0.284 1
-0.0220165 -0.0683051 0.285 1
-0.0194882 -0.0685351 0.284857 1
-0.0159115 -0.0694608 0.284667 1
-0.0120735 -0.0696059 0.284 1
-0.024801 0.045321 0.285 1
-0.0226353 0.045321 0.285 1
-0.0191789 0.0451938 0.2842 1
-0.0170064 0.045162 0.284 1
-0.024888 0.0464132 0.286 1
-0.0227158 0.0467239 0.286 1
-0.0191772 0.0472302 0.285783 1
-0.0159541 0.0474606 0.285538 1
-0.012116 0.0474904 0.285 1
-0.00870751 0.0480736 0.2848 1
-0.00535251 0.048494 0.284 1
-0.00313273 0.0488642 0.284 1
-0.0146935 0.0496921 0.287 1
-0.0122011 0.0496922 0.287 1
-0.00854761 0.0497846 0.286333 1
-0.00531512 0.0508004 0.285806 1
-0.00166124 0.0511793 0.2852 1
0.00159668 0.0515261 0.2845 1
0.00519147 0.0516408 0.284 1
0.00765789 0.0516408 0.284 1
-0.000673279 0.0533714 0.286667 1
0.00195196 0.0538429 0.286222 1
0.0052318 0.0539019 0.286167 1
0.00879963 0.053746 0.285636 1
0.0120508 0.0542676 0.285421 1
0.0157365 0.0546425 0.285167 1
0.0191687 0.0549809 0.284471 1
0.0226983 0.0552904 0.284125 1
0.025974 0.0556474 0.284429 1
0.0295474 0.0556515 0.284 1
0.0130353 0.0562394 0.287 1
0.0158101 0.0561414 0.2865 1
0.0192397 0.0566595 0.2866 1
0.0231317 0.0570477 0.286357 1
0.0265611 0.0576517 0.285875 1
0.0297139 0.0578301 0.2856 1
0.0331113 0.0581183 0.2855 1
0.0363935 0.0582225 0.2845 1
0.0401979 0.0584002 0.284 1
0.0477373 0.0593537 0.284 1
0.0345329 0.0602925 0.287 1
0.036938 0.0601524 0.286333 1
0.0403676 0.06079 0.2864 1
0.0437007 0.0606702 0.285833 1
0.0472359 0.0609478 0.285545 1
0.0508205 0.0613843 0.2854 1
0.0540357 0.0611713 0.2847 1
0.0579085 0.0619596 0.2852 1
0.06118 0.0619073 0.284389 1
0.0644974 0.0625488 0.2845 1
0.0665439 0.0624389 0.284 1
0.0522919 0.0634103 0.287 1
0.0541613 0.0634103 0.287 1
0.0575611 0.0636615 0.286727 1
0.0611239 0.0641348 0.286056 1
0.0648794 0.0643343 0.285682 1
0.0680057 0.0647915 0.285292 1
0.0716623 0.0650412 0.285095 1
0.0752389 0.0653626 0.284571 1
0.078706 0.0653314 0.2845 1
0.0826056 0.0656456 0.284714 1
0.0847271 0.065478 0.2846 1
0.0697393 0.0668398 0.287 1
0.0723241 0.0672492 0.28675 1
0.0752106 0.0676689 0.286909 1
0.0787745 0.0677751 0.287 1
0.0824887 0.0679393 0.286375 1
0.08502 0.0675389 0.286 1
0.00862037 -0.0808464 0.289889 1
0.0124845 -0.0818099 0.288722 1
0.014644 -0.0827878 0.288 1
-0.000949212 -0.0775328 0.289571 1
0.0017235 -0.0782121 0.289909 1
0.00561031 -0.0785698 0.28975 1
0.00856659 -0.079037 0.289 1
0.0113489 -0.0795472 0.2885 1
-0.0213843 -0.0739709 0.289 1
-0.0179953 -0.0739117 0.29 1
-0.0155086 -0.0742392 0.289125 1
-0.0121014 -0.0743834 0.288857 1
-0.00901739 -0.0750499 0.2888 1
-0.00442743 -0.0755921 0.288 1
-0.00177471 -0.0762147 0.288875 1
0.00196466 -0.0765253 0.288111 1
0.00463929 -0.0765307 0.288 1
-0.021668 -0.0719887 0.2886 1
-0.0194687 -0.071963 0.2885 1
-0.0161184 -0.0727566 0.288333 1
-0.0122436 -0.0730892 0.288 1
-0.0223468 0.0485776 0.28825 1
-0.020685 0.0486139 0.288 1
-0.0227465 0.0499487 0.289636 1
-0.0190525 0.0506266 0.289091 1
-0.0158285 0.0509426 0.288778 1
-0.0123003 0.0516684 0.289333 1
-0.00901182 0.0515612 0.288462 1
-0.0069286 0.0520553 0.288 1
-0.0148472 0.0530469 0.29 1
-0.0123286 0.0530469 0.29 1
-0.00836868 0.0537374 0.289538 1
-0.00545103 0.0544103 0.2892 1
-0.00193121 0.0545809 0.288667 1
0.00166916 0.0553403 0.288 1
0.00526459 0.0558096 0.288 1
0.00870369 0.0558096 0.288 1
0.0112049 0.0558096 0.288 1
-0.000680375 0.0565123 0.29 1
0.00199062 0.0568545 0.289333 1
0.00528393 0.0572824 0.289111 1
0.00872845 0.0572205 0.2888 1
0.0119938 0.0573722 0.288933 1
0.0158405 0.0577911 0.288933 1
0.0192202 0.0583699 0.28925 1
0.0223623 0.0586224 0.28875 1
0.0256155 0.0590065 0.288333 1
0.0200975 0.0599776 0.29 1
0.0228897 0.0598742 0.2895 1
0.0262511 0.0609401 0.289526 1
0.0297539 0.0613427 0.289 1
0.0330149 0.0613169 0.288556 1
0.036673 0.0621193 0.288412 1
0.039995 0.0626212 0.28875 1
0.0437794 0.0627797 0.2884 1
0.0462212 0.0626926 0.288 1
0.0339495 0.063443 0.29 1
0.0364666 0.063511 0.289286 1
0.0404208 0.0635382 0.289 1
0.0439015 0.0638972 0.2892 1
0.0473211 0.0638521 0.289 1
0.0506181 0.0645595 0.289091 1
0.0543456 0.0651806 0.289 1
0.0577673 0.0653866 0.288353 1
0.0612282 0.0661341 0.288 1
0.0640419 0.0661341 0.288 1
0.069357 0.0664469 0.288 1
0.0559867 0.0669084 0.29 1
0.0582061 0.0672258 0.289556 1
0.0611961 0.0676975 0.289333 1
0.0648954 0.0678497 0.289214 1
0.0681616 0.068013 0.289176 1
0.0716365 0.0687976 0.289 1
0.0752973 0.0692626 0.288 1
0.0787363 0.0692627 0.288 1
0.0815502 0.0692627 0.288 1
0.0853019 0.0692627 0.288 1
0.0719374 0.0703737 0.29 1
0.0751905 0.0710038 0.29 1
0.078908 0.0710089 0.289286 1
0.0821304 0.0715799 0.289545 1
0.0854319 0.0715115 0.2895 1
-0.0111839 -0.0807239 0.293 1
-0.00815132 -0.0813276 0.2938 1
-0.00514877 -0.0814716 0.2934 1
-0.0017605 -0.0813909 0.292231 1
0.00199172 -0.081964 0.292 1
0.00532479 -0.0818479 0.291333 1
0.00879436 -0.0823857 0.291 1
0.0106898 -0.0823857 0.291 1
-0.0211159 -0.0771669 0.294 1
-0.0188082 -0.0784444 0.294 1
-0.0159292 -0.0783626 0.2925 1
-0.0124849 -0.0787539 0.291941 1
-0.00863445 -0.0787804 0.292867 1
-0.00513035 -0.0786444 0.29236 1
-0.00183972 -0.0791683 0.291348 1
0.0018445 -0.0798568 0.291 1
0.00468762 -0.0798568 0.291 1
-0.0211159 -0.0765281 0.294 1
-0.0194333 -0.0754256 0.292087 1
-0.0160232 -0.0759924 0.291333 1
-0.0126238 -0.0761266 0.291 1
-0.0098439 -0.0763795 0.291 1
-0.0225001 0.0516936 0.29125 1
-0.0209005 0.0516492 0.291 1
-0.0222131 0.0537989 0.292857 1
-0.0192132 0.0538426 0.292167 1
-0.0159427 0.0542753 0.292238 1
-0.0121866 0.0547332 0.291737 1
-0.00943397 0.0550847 0.291333 1
-0.0188818 0.0563336 0.294 1
-0.0153615 0.0562953 0.2938 1
-0.0121096 0.0569781 0.293727 1
-0.0086407 0.0577349 0.293 1
-0.0051229 0.0575386 0.292 1
-0.00185291 0.0578113 0.291947 1
0.00150294 0.0585131 0.291545 1
0.00532407 0.0589875 0.291333 1
0.00879436 0.05892 0.291 1
0.0122693 0.05892 0.291 1
0.0144806 0.05892 0.291 1
-0.000817389 0.0598697 0.2938 1
0.00199854 0.0602454 0.293 1
0.00534235 0.0601437 0.292333 1
0.00884962 0.0602389 0.2928 1
0.0126815 0.0607514 0.293222 1
0.015934 0.0610442 0.292909 1
0.0190611 0.0613096 0.292208 1
0.0227559 0.0616191 0.2918 1
0.02558 0.0625045 0.2915 1
0.016864 0.0633599 0.294 1
0.0193826 0.0632522 0.2935 1
0.0230944 0.0638666 0.293615 1
0.0264643 0.0645494 0.293111 1
0.0296635 0.0647758 0.292909 1
0.0329156 0.0647279 0.292 1
0.0369883 0.0653044 0.291625 1
0.0403605 0.0654375 0.291687 1
0.0438531 0.0656589 0.291769 1
0.0473345 0.0655585 0.291 1
0.0340986 0.0668731 0.294 1
0.0362693 0.0669185 0.2935 1
0.0436734 0.0675119 0.294 1
0.0474651 0.0677336 0.293111 1
0.0508131 0.0679692 0.292444 1
0.0542801 0.0681172 0.29237 1
0.0574902 0.0689379 0.292 1
0.0609523 0.0693916 0.291167 1
0.0642674 0.0695506 0.2915 1
0.0679831 0.0697877 0.2915 1
0.0700794 0.069668 0.291 1
0.0516523 0.0703863 0.294 1
0.0542056 0.0703863 0.294 1
0.0579475 0.0709179 0.293556 1
0.0614426 0.0712117 0.293091 1
0.0647462 0.0716017 0.293053 1
0.0683412 0.0717451 0.29276 1
0.0717082 0.072126 0.292044 1
0.0752875 0.0726626 0.2916 1
0.0782929 0.0725131 0.291 1
0.0839791 0.0734615 0.291 1
0.0860852 0.0734615 0.291 1
0.0660146 0.0735801 0.294 1
0.0682486 0.0735801 0.294 1
0.0723977 0.0745382 0.294 1
0.0755057 0.0745034 0.293143 1
0.0788515 0.0749963 0.292808 1
0.0821487 0.0748783 0.2927 1
0.0859802 0.0748479 0.293333 1
0.0880365 0.075177 0.294 1
-0.0218283 0.0558843 0.295 1
-0.0194798 0.0558843 0.295 1
-0.0173448 0.0558843 0.295 1
-0.0216008 0.0569877 0.2954 1
-0.0193658 0.0574146 0.295769 1
-0.0155848 0.0580692 0.296158 1
-0.0124638 0.0586876 0.295667 1
-0.0113365 0.0601348 0.297 1
-0.00844194 0.0604363 0.295733 1
-0.00518723 0.0605087 0.295667 1
-0.00183906 0.0608857 0.295714 1
0.00175952 0.0621149 0.296091 1
0.00539719 0.0620431 0.295333 1
0.00891524 0.0619731 0.295 1
0.0114772 0.0619731 0.295 1
0.0149999 0.0629345 0.295 1
0.00510669 0.0636839 0.297 1
0.00862808 0.0635051 0.296167 1
0.0123203 0.0641383 0.296444 1
0.0156928 0.0646495 0.296 1
0.0193143 0.065139 0.295588 1
0.0224029 0.0656098 0.2955 1
0.0252478 0.0658187 0.295 1
0.0170361 0.0665876 0.297 1
0.0186482 0.0665876 0.297 1
0.0234844 0.0675554 0.297 1
0.0265724 0.0678973 0.296375 1
0.0297028 0.067956 0.296182 1
0.0328498 0.0681702 0.296118 1
0.0371419 0.0685347 0.296 1
0.0402469 0.0686534 0.295909 1
0.04387 0.0691013 0.295333 1
0.0468322 0.0692156 0.295 1
0.0499066 0.0699847 0.295 1
0.0437966 0.0707818 0.297 1
0.0474953 0.071116 0.296412 1
0.0507301 0.0717827 0.296067 1
0.0543458 0.0722777 0.295762 1
0.0572537 0.0723361 0.295538 1
0.061168 0.0726105 0.29525 1
0.0643175 0.0731894 0.295 1
0.051857 0.0736856 0.297 1
0.0534691 0.0736856 0.297 1
0.0612292 0.0740227 0.2968 1
0.0647645 0.0747705 0.296 1
0.068369 0.0756741 0.296238 1
0.0713829 0.0759465 0.29575 1
0.0748857 0.0760736 0.295 1
0.083212 0.0763941 0.295 1
0.0858916 0.0764977 0.2954 1
0.088314 0.076653 0.296 1
0.072814 0.0778799 0.297 1
0.0752905 0.077775 0.2966 1
0.0785787 0.0779777 0.296 1
0.0824403 0.0779779 0.295769 1
0.0856949 0.0779927 0.2962 1
0.088296 0.0782179 0.29675 1
-0.0214032 0.0590424 0.298 1
-0.0191387 0.0590424 0.298 1
-0.0165507 0.0590424 0.298 1
-0.0214751 0.0602149 0.299 1
-0.0190984 0.0609465 0.299682 1
-0.0158029 0.0612546 0.300059 1
-0.0124086 0.0615603 0.299533 1
-0.00928769 0.0622241 0.299111 1
-0.00524571 0.0624886 0.299 1
-0.0018506 0.0625906 0.298111 1
-0.0114892 0.0635606 0.301 1
-0.0083296 0.063784 0.3002 1
-0.0052691 0.0640737 0.300333 1
-0.00145933 0.0647453 0.300263 1
0.00189561 0.0648078 0.2992 1
0.00513677 0.0653682 0.2988 1
0.00888298 0.0654318 0.2982 1
0.0119005 0.0660454 0.298714 1
0.0151524 0.0661643 0.298 1
0.00288816 0.0671574 0.301 1
0.00517116 0.0671128 0.3008 1
0.00894255 0.067567 0.3002 1
0.0123249 0.0679282 0.300067 1
0.0158009 0.067992 0.299389 1
0.0194024 0.0686754 0.2992 1
0.0223698 0.0688735 0.298714 1
0.0252084 0.0691551 0.298333 1
0.034886 0.0694016 0.298 1
0.0365035 0.0694016 0.298 1
0.016612 0.0701002 0.301 1
0.017919 0.0701002 0.301 1
0.0228044 0.071034 0.3008 1
0.0263939 0.0709177 0.299714 1
0.0297877 0.0712132 0.3 1
0.0332866 0.0711318 0.3 1
0.0367171 0.0717114 0.29975 1
0.0400539 0.0720345 0.299273 1
0.0434508 0.0722341 0.298429 1
0.0465321 0.0723151 0.298 1
0.0500906 0.0732863 0.298 1
0.0411189 0.074351 0.301 1
0.0436158 0.0741534 0.3002 1
0.0471686 0.0747572 0.3 1
0.0505944 0.0753288 0.299474 1
0.0541129 0.0754259 0.298778 1
0.0579392 0.0751235 0.298526 1
0.0612596 0.0757636 0.298833 1
0.0645045 0.0762854 0.298333 1
0.0669127 0.0765235 0.298 1
0.0499413 0.0772939 0.301 1
0.054516 0.0776208 0.301 1
0.0577835 0.0776208 0.301 1
0.061295 0.0775177 0.3006 1
0.0646459 0.0782375 0.3001 1
0.0683433 0.0787248 0.299389 1
0.0715993 0.0793016 0.299111 1
0.0755363 0.0796659 0.2991 1
0.0789977 0.0800955 0.298444 1
0.0821172 0.0800844 0.298 1
0.0853523 0.0800844 0.298 1
0.0885599 0.0800284 0.299 1
0.0685666 0.0805637 0.301 1
0.0731412 0.0812177 0.301 1
0.075273 0.0810086 0.300571 1
0.0784032 0.0817668 0.300133 1
0.0823427 0.0819255 0.3 1
0.0860325 0.0825184 0.300375 1
0.0887884 0.0824173 0.300273 1
-0.0188826 0.0641491 0.303 1
-0.015863 0.0643982 0.3034 1
-0.0124377 0.0645517 0.302737 1
-0.00895031 0.065322 0.302545 1
-0.00529834 0.0660682 0.302 1
-0.00267559 0.0660682 0.302 1
-0.0106137 0.066836 0.304 1
-0.00861173 0.0666601 0.3032 1
-0.00533079 0.0677821 0.3038 1
-0.00136949 0.0680935 0.303222 1
0.00167386 0.0684281 0.303 1
0.00520555 0.0688748 0.3028 1
0.00848189 0.0690977 0.302333 1
0.0124286 0.0698154 0.3026 1
0.015028 0.069677 0.302 1
0.00588708 0.0704686 0.304 1
0.0085164 0.0705011 0.303667 1
0.0126678 0.0712832 0.303461 1
0.0155953 0.0713808 0.303231 1
0.0194558 0.0719676 0.302889 1
0.0226413 0.0728701 0.303 1
0.0260147 0.0729532 0.303 1
0.0295506 0.0731993 0.303 1
0.0331125 0.0730785 0.3025 1
0.0353543 0.0729577 0.302 1
0.0243679 0.0741013 0.304 1
0.026312 0.0740038 0.3036 1
0.0295506 0.0738576 0.303 1
0.0334224 0.0745834 0.303437 1
0.0370035 0.075214 0.303333 1
0.0398297 0.0756696 0.303 1
0.043597 0.0759941 0.302333 1
0.048468 0.0768945 0.302 1
0.0491237 0.0768945 0.302 1
0.0444988 0.0777339 0.304 1
0.0473128 0.0776101 0.303 1
0.0510279 0.0781511 0.3028 1
0.0540778 0.0792658 0.303 1
0.0578013 0.0794008 0.3028 1
0.0613877 0.0793658 0.302667 1
0.0649448 0.0802814 0.3024 1
0.0668273 0.0801752 0.302 1
0.0550593 0.0810365 0.304 1
0.0576994 0.0810365 0.304 1
0.0613296 0.0810365 0.304 1
0.064893 0.0814722 0.303273 1
0.068215 0.0822784 0.30325 1
0.0716373 0.0823985 0.302933 1
0.0753166 0.0827298 0.302429 1
0.0786297 0.0834559 0.302 1
0.082236 0.0834559 0.302 1
0.0848587 0.0834559 0.302 1
0.0755655 0.0850785 0.303889 1
0.0787511 0.0859007 0.303517 1
0.0823386 0.0857457 0.303308 1
0.0857677 0.0859327 0.303077 1
0.0888882 0.0857137 0.3024 1
-0.0123041 0.0663932 0.305 1
-0.018548 0.0674981 0.306667 1
-0.0157175 0.0678313 0.307 1
-0.0120277 0.0681641 0.3064 1
-0.0085676 0.0687101 0.305765 1
-0.00535929 0.0694661 0.3054 1
-0.00270217 0.0693751 0.305 1
-0.0107533 0.0703921 0.308 1
-0.00845216 0.0709004 0.307714 1
-0.00516608 0.0714258 0.307167 1
-0.00172098 0.0718329 0.307 1
0.00193978 0.0716225 0.3061 1
0.00508199 0.0719279 0.3058 1
0.00857711 0.0725482 0.3058 1
0.0116987 0.0728137 0.3058 1
0.0158589 0.0731156 0.3054 1
0.0181572 0.0730198 0.305 1
0.00295532 0.0740726 0.308 1
0.00514483 0.0740829 0.307889 1
0.00861135 0.0741656 0.307 1
0.0126703 0.0748082 0.307286 1
0.016043 0.0749053 0.306647 1
0.019151 0.075316 0.306882 1
0.0225392 0.0752712 0.306067 1
0.0263547 0.0758362 0.306 1
0.0298039 0.0758205 0.3056 1
0.0330185 0.0763429 0.305333 1
0.0360366 0.0766644 0.305 1
0.0230168 0.0774185 0.308 1
0.0259821 0.0774595 0.3075 1
0.0303494 0.0781628 0.307455 1
0.0331111 0.0782513 0.306923 1
0.0370633 0.0789756 0.307111 1
0.0403858 0.0791606 0.306727 1
0.0435515 0.0792707 0.306286 1
0.0470243 0.0794192 0.3054 1
0.0509022 0.0799636 0.3052 1
0.04475 0.0810989 0.308 1
0.0477668 0.0813695 0.307333 1
0.0504639 0.0817143 0.307167 1
0.0540396 0.082399 0.306333 1
0.057812 0.0830043 0.305538 1
0.0611615 0.0830013 0.305294 1
0.0644514 0.0832624 0.3055 1
0.0675642 0.0837137 0.305333 1
0.0550245 0.0846418 0.3075 1
0.0578865 0.0857511 0.307227 1
0.0612184 0.085769 0.30675 1
0.0646965 0.085792 0.307 1
0.0682028 0.0857121 0.306391 1
0.0718732 0.0853728 0.305333 1
0.0747754 0.0864386 0.305 1
0.0580857 0.0877337 0.3078 1
0.0751065 0.0875982 0.305 1
-0.0144781 0.0699493 0.309 1
-0.0124654 0.0699493 0.309 1
-0.0179191 0.0713018 0.3105 1
-0.0156694 0.0714016 0.310444 1
-0.012266 0.0715718 0.31 1
-0.0090673 0.0722179 0.3098 1
-0.0055399 0.0729369 0.309333 1
-0.00848219 0.0736619 0.3105 1
-0.00519453 0.0744212 0.3105 1
-0.00140035 0.075004 0.31 1
0.00171122 0.0753359 0.30975 1
0.00532591 0.0758517 0.3098 1
0.00866744 0.0756558 0.309 1
0.0115914 0.0763255 0.309444 1
0.0150409 0.0766628 0.309 1
0.00669786 0.077159 0.311 1
0.00872355 0.077159 0.311 1
0.0134501 0.0781725 0.311 1
0.0159278 0.078222 0.310429 1
0.0192682 0.0786114 0.309818 1
0.0225938 0.0790018 0.309833 1
0.0261105 0.0790125 0.309 1
0.029439 0.0795644 0.309364 1
0.0334902 0.0800195 0.309 1
0.0358384 0.0800195 0.309 1
0.0202024 0.0808754 0.311 1
0.0229033 0.0808753 0.311 1
0.0262795 0.0808754 0.311 1
0.0300317 0.0813778 0.310455 1
0.0333534 0.0816506 0.309941 1
0.0369911 0.0823596 0.310222 1
0.0403546 0.082353 0.3102 1
0.0436556 0.0826968 0.31 1
0.0467599 0.0828603 0.309385 1
0.050678 0.0835112 0.3095 1
0.0529459 0.0833763 0.309 1
0.044173 0.0845916 0.311 1
0.0470597 0.0843196 0.31 1
0.0510224 0.0850377 0.310312 1
0.0539258 0.0861639 0.3095 1
0.0563003 0.086733 0.309 1
0.0556294 0.0880757 0.309 1
0.0563003 0.0880757 0.309 1
-0.0115704 0.0733399 0.312 1
-0.0102156 0.0733399 0.312 1
-0.0157256 0.0747874 0.3138 1
-0.0124072 0.0752864 0.313682 1
-0.0089804 0.075577 0.313188 1
-0.00565555 0.0760448 0.312667 1
-0.00276419 0.0763903 0.312 1
-0.0123655 0.077467 0.315 1
-0.00893592 0.0773686 0.3146 1
-0.00551545 0.0777297 0.3144 1
-0.00154863 0.0786535 0.314438 1
0.00198646 0.0784702 0.313533 1
0.00529239 0.0784925 0.313429 1
0.0088923 0.0791117 0.313571 1
0.0121206 0.0792189 0.312625 1
0.0151926 0.0798115 0.312125 1
0.00916206 0.0807605 0.3145 1
0.0120712 0.0816583 0.314667 1
0.0156134 0.0822866 0.3138 1
0.0187035 0.082181 0.31275 1
0.0227109 0.0827555 0.313 1
0.0263965 0.0825969 0.3124 1
0.0295186 0.0830049 0.3124 1
0.033138 0.0835079 0.312 1
0.0358476 0.0835079 0.312 1
0.0170427 0.084653 0.315 1
0.0190689 0.0845455 0.3146 1
0.0226337 0.0854841 0.314556 1
0.0263675 0.085657 0.314643 1
0.0299077 0.08576 0.314333 1
0.033281 0.085573 0.31335 1
0.0365776 0.0857858 0.313471 1
0.0403477 0.085676 0.313417 1
0.0436043 0.0861885 0.3125 1
0.0473633 0.0862194 0.312 1
0.0503632 0.0866067 0.312 1
0.022514 0.0877328 0.315 1
0.0249077 0.0877328 0.315 1
0.0370281 0.088113 0.315 1
0.0400064 0.0880904 0.31475 1
0.0437746 0.0878558 0.313 1
0.0473633 0.0875751 0.312 1
0.0507503 0.0875751 0.312 1
-0.0157512 0.0777348 0.316286 1
-0.0124702 0.0795039 0.317667 1
-0.00901836 0.0794708 0.317533 1
-0.00573483 0.079509 0.317 1
-0.00348571 0.0794294 0.316 1
0.00611946 0.0804592 0.316 1
0.00749163 0.0804592 0.316 1
-0.00385298 0.0813139 0.318 1
-0.00143197 0.0810582 0.317 1
0.0020093 0.0810582 0.317 1
0.00561056 0.0817941 0.317077 1
0.00888552 0.0825909 0.3168 1
0.0122942 0.0835487 0.316 1
0.00960249 0.0848747 0.31775 1
0.0123533 0.0860285 0.31755 1
0.0155998 0.0858363 0.316556 1
0.0191663 0.0863495 0.3162 1
0.0134077 0.0882229 0.318 1
0.0158133 0.0881674 0.3178 1
0.0192157 0.0879455 0.317 1
-0.015293 0.0798369 0.319 1
-0.0151781 0.0818916 0.32025 1
-0.012355 0.0823455 0.320667 1
-0.00867797 0.0825488 0.320556 1
-0.00537646 0.082513 0.319667 1
-0.00144101 0.0829557 0.319 1
0.00202198 0.0829557 0.319 1
0.00493089 0.0831636 0.319 1
0.00756275 0.0839953 0.319 1
-0.0147377 0.0840856 0.322 1
-0.0119412 0.0840856 0.322 1
-0.00827089 0.0846103 0.322 1
-0.00464703 0.0854592 0.321714 1
-0.00145089 0.0855425 0.3209 1
0.00203148 0.0854359 0.3205 1
0.00554028 0.0856963 0.320409 1
0.00870952 0.0863692 0.319357 1
-0.00145456 0.0879334 0.322 1
0.00204099 0.0879334 0.322 1
0.00522555 0.0879266 0.321429 1
0.00828123 0.0877349 0.32 1
-0.0147349 0.0858529 0.324143 1
-0.0120277 0.086105 0.324333 1
-0.00863988 0.0862986 0.323444 1
-0.00566677 0.086803 0.323 1
-0.0141693 0.0876935 0.325 1
-0.011582 0.0881642 0.325 1
-0.00850992 0.0885888 0.3244 1
-0.00496943 0.0882611 0.3232 1
-0.0124435 0.0890258 0.326 1
