0.0540821 -0.0106555 0.206 1
0.0469579 -0.00915294 0.206 1
0.0507276 -0.00953657 0.206 1
0.0540821 -0.00998412 0.206 1
0.0100273 -0.00237552 0.206 1
0.0109217 -0.00237552 0.206 1
-0.00763941 0.00254769 0.206 1
-0.00545003 0.00204878 0.205889 1
-0.00737978 0.00476229 0.205 1
-0.00548775 0.00540969 0.2052 1
-0.00316684 0.00657578 0.206 1
-0.00505908 0.00788405 0.206 1
-0.00316684 0.00747091 0.206 1
0.0870481 -0.0215844 0.21 1
0.0888897 -0.0222749 0.209333 1
0.0658469 -0.0177062 0.21 1
0.0682688 -0.0181008 0.209739 1
0.0719489 -0.0184347 0.209333 1
0.0753019 -0.0185057 0.209105 1
0.0786822 -0.0187275 0.208694 1
0.082463 -0.0190092 0.208724 1
0.0857196 -0.0192723 0.20875 1
0.0891963 -0.0192704 0.208758 1
0.092163 -0.0189366 0.209125 1
0.048521 -0.0140562 0.21 1
0.0508008 -0.0140562 0.21 1
0.0542471 -0.0145393 0.21 1
0.0579026 -0.0150915 0.2098 1
0.0612533 -0.0155372 0.20965 1
0.0647968 -0.0156031 0.208963 1
0.0683066 -0.0158015 0.208305 1
0.0716904 -0.0157496 0.20788 1
0.0751549 -0.01573 0.208 1
0.0787375 -0.015777 0.208074 1
0.0824744 -0.0156005 0.208645 1
0.0856481 -0.0156074 0.208575 1
0.0891381 -0.015618 0.209552 1
0.0918039 -0.0162032 0.209952 1
0.0239002 -0.0108624 0.21 1
0.0248121 -0.0108624 0.21 1
0.0309673 -0.0108624 0.21 1
0.0334188 -0.0112549 0.20965 1
0.0368559 -0.011483 0.209593 1
0.0403441 -0.0118586 0.209289 1
0.043743 -0.0121301 0.208926 1
0.0472823 -0.0120587 0.208357 1
0.0507802 -0.0121585 0.208216 1
0.0542945 -0.012257 0.20805 1
0.0577217 -0.0123343 0.207833 1
0.0612063 -0.0123844 0.208 1
0.0647476 -0.0123895 0.208097 1
0.0683183 -0.0123477 0.208156 1
0.0717894 -0.0123056 0.208241 1
0.0751653 -0.0124139 0.208483 1
0.078674 -0.0124132 0.20925 1
0.0820229 -0.0128687 0.209938 1
0.0855859 -0.0132686 0.20968 1
0.0886439 -0.0132577 0.21 1
0.00885412 -0.00721234 0.21 1
0.0122737 -0.00721234 0.21 1
0.0158142 -0.00763693 0.209682 1
0.0194352 -0.00774577 0.209692 1
0.022954 -0.00854153 0.209389 1
0.0262654 -0.00860307 0.209071 1
0.0298675 -0.00862007 0.208593 1
0.0332117 -0.00877882 0.207869 1
0.0366907 -0.0086905 0.207698 1
0.0402414 -0.00881772 0.207726 1
0.0436846 -0.00910695 0.20725 1
0.0473785 -0.0102575 0.207 1
0.0507492 -0.0102575 0.207 1
0.0539574 -0.0084304 0.2088 1
0.0580019 -0.00852643 0.209302 1
0.0612485 -0.0087399 0.209542 1
0.0646269 -0.009059 0.20951 1
0.0681387 -0.00949714 0.20959 1
0.0717899 -0.0096784 0.209733 1
0.0752665 -0.0097457 0.209867 1
0.0782332 -0.00987382 0.21 1
-0.00824369 -0.00356229 0.21 1
-0.00501164 -0.00409247 0.209875 1
-0.00175376 -0.00410368 0.209846 1
0.00186643 -0.00442728 0.209667 1
0.00529588 -0.00483071 0.209385 1
0.00878425 -0.00512327 0.208375 1
0.0122441 -0.00516973 0.20814 1
0.0157567 -0.00515851 0.207758 1
0.0193629 -0.00582339 0.208333 1
0.0225894 -0.0055746 0.207717 1
0.0261992 -0.00580237 0.20721 1
0.029855 -0.00592975 0.207031 1
0.0334858 -0.00626274 0.207 1
0.0363285 -0.00601731 0.20725 1
0.0402634 -0.00462155 0.208412 1
0.0439792 -0.00422645 0.209 1
0.0474011 -0.00462874 0.209564 1
0.0502912 -0.00527996 0.21 1
0.0546141 -0.00609244 0.21 1
0.0574445 -0.00613688 0.21 1
0.0601476 -0.00675608 0.21 1
-0.00812125 -0.0018788 0.209097 1
-0.00524489 -0.00172802 0.208554 1
-0.00175596 -0.00186417 0.2086 1
0.00157684 -0.00238489 0.209 1
0.00518179 -0.00309125 0.209 1
0.00874545 -0.00306906 0.2075 1
0.0114242 -0.00306166 0.207 1
0.0154691 -0.00306166 0.207 1
0.0298619 -0.000694696 0.209 1
0.0331348 -0.00104868 0.209286 1
0.0366571 -0.00156908 0.20964 1
0.040177 -0.00172981 0.209286 1
0.0435754 -0.00186051 0.209522 1
0.0467373 -0.0024706 0.209957 1
0.0494329 -0.00310604 0.21 1
-0.0076765 0.000761107 0.207 1
-0.00520464 0.000491265 0.207 1
-0.00284515 0.000536238 0.207 1
0.0164753 0.00289237 0.209333 1
0.0192487 0.0025848 0.209 1
0.0228776 0.00228887 0.209667 1
0.026397 0.0014564 0.209917 1
0.0295987 0.00152039 0.209643 1
0.0329734 0.000589636 0.21 1
0.0366666 0.000315882 0.21 1
0.0403141 0.000315882 0.21 1
-0.00250807 0.0066077 0.207 1
0.0019958 0.00663962 0.208 1
0.00551984 0.00609995 0.208875 1
0.00881601 0.00576604 0.209083 1
0.0123202 0.00570166 0.209727 1
0.0155635 0.00508052 0.209963 1
0.0192944 0.00486827 0.2095 1
0.0224052 0.00463133 0.2098 1
-0.0048154 0.00963582 0.2075 1
-0.00156094 0.0089221 0.207484 1
0.00172041 0.00878653 0.208192 1
0.00512219 0.00862734 0.209385 1
0.00850271 0.00817723 0.20975 1
0.0115898 0.00761598 0.21 1
-0.00508726 0.0120661 0.209273 1
-0.0016948 0.0120956 0.209217 1
0.00172031 0.0114791 0.209714 1
0.0042947 0.0105816 0.21 1
0.088733 -0.0251083 0.2124 1
0.069331 -0.02143 0.213 1
0.0718745 -0.02143 0.213 1
0.0755836 -0.0215511 0.212667 1
0.0787152 -0.022216 0.212625 1
0.0822473 -0.0222206 0.21225 1
0.0859408 -0.022551 0.211714 1
0.0883928 -0.0241505 0.212 1
0.051989 -0.0179592 0.213 1
0.0543012 -0.0179592 0.213 1
0.0579052 -0.0183462 0.21265 1
0.0612168 -0.0189067 0.212357 1
0.0646819 -0.0192524 0.212111 1
0.0680628 -0.0198769 0.211778 1
0.0715211 -0.0200544 0.2115 1
0.0753226 -0.0203119 0.211 1
0.0787847 -0.0207118 0.211071 1
0.0815072 -0.0207703 0.211 1
0.0943343 -0.0177905 0.211 1
0.0947924 -0.0177905 0.211 1
0.0302536 -0.0144884 0.213 1
0.0332595 -0.0144884 0.213 1
0.0369537 -0.0148286 0.212769 1
0.0402016 -0.0152044 0.212048 1
0.0436822 -0.0156235 0.212302 1
0.0472621 -0.0156152 0.212214 1
0.050919 -0.0159071 0.211958 1
0.0541374 -0.0163091 0.211714 1
0.0574698 -0.0167533 0.211536 1
0.0611388 -0.0169934 0.211062 1
0.0643279 -0.0173321 0.211 1
0.0933728 -0.015414 0.211064 1
0.0949119 -0.0154527 0.211545 1
0.0133739 -0.0107862 0.213 1
0.0159003 -0.011172 0.212786 1
0.01922 -0.0112561 0.212533 1
0.0227559 -0.0120199 0.212091 1
0.0263932 -0.0122745 0.211955 1
0.0296201 -0.0124245 0.211943 1
0.0330934 -0.0128525 0.211444 1
0.0366935 -0.0130607 0.211286 1
0.0400479 -0.0134355 0.211 1
0.0476068 -0.0136647 0.211 1
0.0827559 -0.0112662 0.211167 1
0.0858069 -0.0114006 0.211316 1
0.0893607 -0.0117924 0.211848 1
0.0925592 -0.0125442 0.21205 1
0.0948888 -0.0129519 0.2125 1
-0.00743655 -0.00731537 0.213 1
-0.00496684 -0.00769529 0.212833 1
-0.00156658 -0.00818528 0.212474 1
0.00180926 -0.00822976 0.212686 1
0.00536554 -0.00858321 0.212154 1
0.00878973 -0.00885231 0.211955 1
0.012227 -0.008934 0.211956 1
0.0157088 -0.00925049 0.211471 1
0.0192224 -0.00931953 0.211214 1
0.0219525 -0.0101119 0.211 1
0.0267627 -0.0104557 0.211 1
0.0292823 -0.0104557 0.211 1
0.0531042 -0.00724668 0.211 1
0.0620373 -0.00724668 0.211 1
0.064786 -0.00724668 0.211 1
0.0682994 -0.00771329 0.211238 1
0.07168 -0.00797766 0.211552 1
0.0752477 -0.00798834 0.211719 1
0.078818 -0.00825603 0.211706 1
0.081866 -0.0092882 0.212187 1
0.0857674 -0.00961344 0.212667 1
0.0883842 -0.00981434 0.213 1
-0.00874794 -0.0052469 0.21193 1
-0.00548123 -0.00584324 0.211575 1
-0.00155756 -0.00591436 0.211211 1
0.00167862 -0.00623996 0.211304 1
0.00477327 -0.00655904 0.211 1
0.0515951 -0.00438825 0.211 1
0.0540204 -0.00456664 0.211 1
0.0578653 -0.00443973 0.211267 1
0.0612444 -0.0051682 0.211784 1
0.0646539 -0.00546446 0.21204 1
0.0678939 -0.00580639 0.212514 1
0.0714828 -0.0064367 0.212765 1
0.0753429 -0.0068526 0.213 1
0.0785801 -0.0068526 0.213 1
0.0450872 -0.00059947 0.211 1
0.0477126 -0.00121165 0.211333 1
0.0509612 -0.0016922 0.211979 1
0.0542455 -0.00178074 0.21224 1
0.0574851 -0.00239678 0.212538 1
0.060236 -0.00284189 0.213 1
0.0258464 0.00306796 0.211 1
0.0308857 0.00306795 0.211 1
0.0334224 0.00234029 0.2114 1
0.0368458 0.0021206 0.211864 1
0.0402371 0.00216406 0.212 1
0.0435929 0.00153684 0.2118 1
0.0469077 0.000997559 0.212533 1
0.0494454 0.000320395 0.213 1
0.0164551 0.00673539 0.211 1
0.0192038 0.00673539 0.211 1
0.0231297 0.00622059 0.211286 1
0.0261905 0.00517673 0.211717 1
0.0295333 0.00499503 0.212067 1
0.0329798 0.00435571 0.212818 1
0.0364967 0.00402258 0.213 1
0.0061476 0.0101736 0.211 1
0.00931054 0.00954207 0.21113 1
0.0124657 0.00908563 0.211786 1
0.0157829 0.00867477 0.21202 1
0.0191603 0.0087297 0.212174 1
0.022611 0.0081059 0.212571 1
0.0260658 0.00733913 0.213 1
0.028635 0.00703062 0.213 1
-0.00507616 0.013841 0.211 1
-0.00131965 0.01371 0.2111 1
0.00198451 0.0132328 0.21152 1
0.00525425 0.0122936 0.211929 1
0.00852071 0.0117573 0.21227 1
0.0117188 0.0110267 0.212929 1
0.0159945 0.0107328 0.213 1
0.0177673 0.0107328 0.213 1
-0.00476114 0.0152305 0.212111 1
-0.00185299 0.0151873 0.212265 1
0.00153866 0.0148234 0.212706 1
0.00435606 0.014435 0.213 1
0.0890074 -0.0281972 0.217 1
0.068984 -0.0251327 0.217 1
0.0715282 -0.0253212 0.217 1
0.0755905 -0.0253987 0.216583 1
0.0787834 -0.0256981 0.215895 1
0.0822647 -0.0259584 0.216 1
0.085782 -0.0259583 0.216 1
0.0881371 -0.0262012 0.215222 1
0.0442492 -0.0211252 0.217 1
0.0474112 -0.0215531 0.216773 1
0.0508884 -0.0215575 0.216818 1
0.0543346 -0.022022 0.216538 1
0.057662 -0.0222884 0.216533 1
0.0613232 -0.0225067 0.216045 1
0.0648489 -0.0226521 0.215792 1
0.0682132 -0.0229823 0.215314 1
0.071765 -0.0232575 0.215139 1
0.0751358 -0.0233434 0.214923 1
0.0784379 -0.0236693 0.214 1
0.0822014 -0.0238553 0.214 1
0.0852215 -0.0238553 0.214 1
0.0230479 -0.017825 0.217 1
0.0263459 -0.017825 0.217 1
0.0298308 -0.0182205 0.21665 1
0.0333552 -0.0186976 0.2168 1
0.0366425 -0.0185216 0.216344 1
0.0404173 -0.0187906 0.216071 1
0.0438309 -0.0190135 0.215302 1
0.0473689 -0.0191235 0.215167 1
0.0508234 -0.019131 0.215 1
0.0543659 -0.0197119 0.214546 1
0.0576597 -0.0199839 0.214412 1
0.0611306 -0.0206248 0.21425 1
0.00549792 -0.0144069 0.217 1
0.00867812 -0.0147604 0.217 1
0.0122939 -0.0151642 0.216538 1
0.0158066 -0.0155546 0.216091 1
0.0192708 -0.015588 0.215955 1
0.0227848 -0.0158765 0.215868 1
0.0262754 -0.0157627 0.215264 1
0.0295695 -0.0161272 0.214833 1
0.0332605 -0.01622 0.214769 1
0.0365107 -0.0164669 0.214643 1
0.0399795 -0.0168593 0.214143 1
-0.00781177 -0.0109887 0.217 1
-0.00501508 -0.0113605 0.216583 1
-0.00160849 -0.0118409 0.216043 1
0.00183808 -0.0118796 0.216 1
0.00538568 -0.0121394 0.215276 1
0.00883153 -0.0122921 0.215 1
0.0121951 -0.0124201 0.214724 1
0.0156808 -0.0130813 0.2142 1
0.0192895 -0.0131934 0.2145 1
0.0224969 -0.0136265 0.214 1
0.0252847 -0.0136265 0.214 1
0.0903324 -0.0106043 0.214 1
0.0931874 -0.0109928 0.214333 1
0.0949274 -0.0111722 0.2142 1
-0.0112793 -0.00909993 0.216222 1
-0.0087432 -0.00885751 0.215407 1
-0.00531033 -0.00929602 0.214625 1
-0.00184432 -0.0098036 0.214 1
0.00182106 -0.00990692 0.214 1
0.00391188 -0.00990693 0.214 1
0.0828003 -0.00779283 0.214267 1
0.0856303 -0.00811162 0.214241 1
0.0894444 -0.00855855 0.215081 1
0.0927408 -0.00915526 0.215914 1
0.0951807 -0.00911569 0.216818 1
-0.0109561 -0.00688477 0.214 1
-0.00909765 -0.00688477 0.214 1
0.0624548 -0.00363015 0.214 1
0.0647779 -0.00363015 0.214 1
0.0687513 -0.00427464 0.214143 1
0.0719362 -0.00479221 0.2146 1
0.0753875 -0.00504931 0.215204 1
0.0785803 -0.00521733 0.215136 1
0.0821766 -0.00555867 0.216 1
0.0857241 -0.00598736 0.216235 1
0.0889461 -0.00642861 0.216789 1
0.0580732 -0.000946911 0.214273 1
0.061534 -0.00152962 0.2148 1
0.0647415 -0.00180324 0.21496 1
0.0681881 -0.00179103 0.215638 1
0.0715015 -0.0020899 0.2165 1
0.074854 -0.00294972 0.216818 1
0.0779357 -0.00320957 0.217 1
0.044799 0.00311158 0.214 1
0.0478502 0.00254605 0.214462 1
0.0509814 0.00177961 0.214926 1
0.0543156 0.00166436 0.215286 1
0.0576102 0.00175585 0.21608 1
0.0609287 0.00111103 0.216556 1
0.0647437 0.000326412 0.217 1
0.0680417 0.000326412 0.217 1
0.0306279 0.0063662 0.214 1
0.0334521 0.00590845 0.214233 1
0.0367622 0.00568478 0.214543 1
0.0402667 0.00519942 0.214764 1
0.0438004 0.00518394 0.215543 1
0.0471824 0.00480919 0.216471 1
0.0505397 0.00437912 0.2169 1
0.053672 0.00409813 0.217 1
0.0155276 0.0103182 0.214 1
0.0197092 0.0103182 0.214 1
0.022874 0.00976271 0.214217 1
0.0263559 0.00904832 0.214787 1
0.029772 0.0086911 0.215583 1
0.0331636 0.00847299 0.216271 1
0.0366126 0.00803952 0.216333 1
0.0401038 0.00762311 0.216667 1
0.0435099 0.00715715 0.216833 1
0.00941788 0.0131958 0.214167 1
0.0124719 0.0125754 0.214524 1
0.015804 0.0123219 0.21487 1
0.0192963 0.0122618 0.2154 1
0.0227463 0.0123077 0.216059 1
0.0258543 0.0116545 0.216652 1
0.028466 0.0109344 0.217 1
-0.00468371 0.0170599 0.214 1
-0.00134748 0.0168281 0.214273 1
0.00197172 0.016465 0.214563 1
0.00546423 0.015942 0.215 1
0.00884137 0.0155449 0.215917 1
0.0120193 0.0151598 0.216529 1
0.0155238 0.0148554 0.216714 1
0.0181009 0.0144703 0.217 1
-0.00474031 0.0191455 0.216533 1
-0.00175056 0.0190622 0.216043 1
0.00164532 0.0185859 0.216417 1
0.00514457 0.018242 0.217 1
0.00826587 0.0177117 0.217 1
0.0690796 -0.0283601 0.219889 1
0.0717864 -0.0284259 0.219286 1
0.0752977 -0.0283544 0.219941 1
0.0791036 -0.0289553 0.219588 1
0.0821894 -0.0289783 0.2195 1
0.085788 -0.0294449 0.219171 1
0.0883149 -0.0293019 0.2182 1
0.0472492 -0.0250022 0.22 1
0.0505928 -0.0250022 0.22 1
0.0544322 -0.0252319 0.219727 1
0.0579461 -0.0257038 0.21945 1
0.0611724 -0.0257006 0.218927 1
0.0647071 -0.0261375 0.219094 1
0.0680016 -0.0264555 0.218643 1
0.0716647 -0.0269276 0.21829 1
0.0750468 -0.0269232 0.21844 1
0.0784014 -0.0274882 0.218412 1
0.0823146 -0.0279334 0.218625 1
0.0856311 -0.0278535 0.218 1
0.0882344 -0.0278535 0.218 1
0.0268792 -0.0219013 0.219714 1
0.029691 -0.0220603 0.219484 1
0.0333327 -0.0218533 0.219571 1
0.0367665 -0.0218381 0.219636 1
0.0402752 -0.0223496 0.219513 1
0.0439809 -0.0227111 0.219163 1
0.0471938 -0.0233494 0.2185 1
0.0508407 -0.0233734 0.218467 1
0.0540511 -0.023609 0.218364 1
0.0577058 -0.0238276 0.218 1
0.0600723 -0.0238276 0.218 1
0.006171 -0.0178324 0.22 1
0.00911944 -0.0180858 0.219909 1
0.0123524 -0.0182699 0.2195 1
0.0157947 -0.0187669 0.219235 1
0.0193642 -0.0190709 0.219268 1
0.0227585 -0.0196249 0.21907 1
0.026225 -0.0195761 0.218565 1
0.0296234 -0.0200146 0.218375 1
0.0329525 -0.0203052 0.218053 1
0.036971 -0.0203844 0.2184 1
0.0397979 -0.020443 0.218231 1
0.0425598 -0.0207489 0.218 1
-0.00839742 -0.0142475 0.22 1
-0.00507285 -0.0149692 0.219667 1
-0.00170444 -0.015152 0.219225 1
0.00192684 -0.0155849 0.219319 1
0.0050263 -0.0159881 0.218722 1
0.00873513 -0.0162829 0.218437 1
0.0120905 -0.0166046 0.218 1
0.0155338 -0.0171493 0.218 1
0.0193676 -0.0174335 0.218 1
0.0212608 -0.0174335 0.218 1
-0.0115076 -0.0119721 0.219273 1
-0.00885977 -0.0123905 0.218818 1
-0.00544062 -0.0129988 0.21828 1
-0.00202759 -0.0135086 0.2181 1
0.0018551 -0.0136444 0.218 1
0.0929996 -0.00737423 0.218167 1
0.0951685 -0.00755441 0.2186 1
0.0799514 -0.003698 0.218 1
0.0824955 -0.00387561 0.218 1
0.0856875 -0.00415628 0.218364 1
0.0893455 -0.00469771 0.218437 1
0.0925908 -0.00545182 0.219333 1
0.095294 -0.00581043 0.219857 1
0.0725362 -0.000777237 0.218 1
0.0754651 -0.00145704 0.218471 1
0.0787871 -0.00201266 0.219151 1
0.0820602 -0.0022433 0.21925 1
0.0857289 -0.00277103 0.219667 1
0.0887895 -0.00289052 0.219667 1
0.0911933 -0.00325394 0.22 1
0.0591257 0.00316974 0.218 1
0.0614449 0.00288556 0.218 1
0.0647322 0.00223003 0.21855 1
0.0681927 0.00223542 0.219 1
0.0714683 0.00137976 0.2192 1
0.0747189 0.000649245 0.219778 1
0.0453997 0.00672202 0.218 1
0.0477012 0.00634722 0.218133 1
0.05096 0.00590173 0.218286 1
0.0542837 0.00562906 0.218889 1
0.0575386 0.00486676 0.219059 1
0.0610974 0.00458583 0.219462 1
0.0644447 0.00415479 0.22 1
0.0347502 0.00980067 0.218 1
0.0370576 0.00968226 0.218 1
0.0402728 0.00934628 0.218429 1
0.0438189 0.00881506 0.218933 1
0.0470368 0.00835312 0.2192 1
0.0502971 0.0076974 0.219625 1
0.0536975 0.00726167 0.22 1
0.0265481 0.0130576 0.218333 1
0.0297874 0.0120542 0.219 1
0.0333725 0.0120151 0.219115 1
0.0366705 0.0115478 0.219412 1
0.0401116 0.0111897 0.219909 1
0.0103747 0.017142 0.218 1
0.0126548 0.0167736 0.218133 1
0.0159853 0.0164958 0.218259 1
0.0194846 0.0158984 0.218956 1
0.0227848 0.0155582 0.219 1
0.0259316 0.0152805 0.2196 1
0.028143 0.0146704 0.22 1
-0.00429794 0.0209311 0.218 1
-0.00172854 0.0207281 0.218 1
0.00212115 0.0200308 0.218222 1
0.00518013 0.0197934 0.2185 1
0.00885247 0.0193407 0.218681 1
0.0122584 0.0187563 0.219189 1
0.0156742 0.0181963 0.219286 1
0.0187403 0.0179276 0.219889 1
-0.00431108 0.0219461 0.218667 1
-0.00157006 0.0218924 0.219185 1
0.00169144 0.0214452 0.219625 1
0.00521569 0.0213622 0.22 1
0.00808161 0.0213622 0.22 1
0.0656164 -0.0317835 0.224 1
0.0682913 -0.0317835 0.224 1
0.0719817 -0.0323222 0.223737 1
0.0753196 -0.0328427 0.22375 1
0.0789744 -0.0324417 0.2235 1
0.082245 -0.0328845 0.2232 1
0.0857971 -0.0325653 0.222839 1
0.0881996 -0.0328625 0.222625 1
0.0481083 -0.0283767 0.224 1
0.0508949 -0.0284427 0.223667 1
0.0543666 -0.0290628 0.22329 1
0.0577973 -0.0293466 0.222667 1
0.0612074 -0.0297064 0.223 1
0.0646755 -0.0295956 0.222167 1
0.0681173 -0.0297615 0.221895 1
0.0717866 -0.0301566 0.221686 1
0.0752288 -0.0303002 0.221833 1
0.0785749 -0.0305182 0.221867 1
0.0822911 -0.0306595 0.221304 1
0.0856012 -0.0310581 0.2216 1
0.0884889 -0.0311177 0.221 1
0.0206302 -0.02497 0.224 1
0.0228187 -0.02497 0.224 1
0.026171 -0.0249223 0.223571 1
0.0299201 -0.0251051 0.223227 1
0.0332997 -0.0256547 0.223243 1
0.0366943 -0.0261676 0.223 1
0.0402263 -0.0262656 0.222955 1
0.0437985 -0.0263267 0.222739 1
0.0472659 -0.0265801 0.222188 1
0.0508168 -0.0266535 0.221533 1
0.0542352 -0.026858 0.2215 1
0.0573322 -0.0274122 0.221125 1
0.0616668 -0.0276126 0.221 1
-0.000525531 -0.02132 0.224 1
0.00190616 -0.02132 0.224 1
0.00571246 -0.0218581 0.223737 1
0.00868469 -0.0222186 0.223229 1
0.0121277 -0.0221857 0.223167 1
0.0158667 -0.0225468 0.222837 1
0.0192954 -0.0226449 0.222633 1
0.0226976 -0.0227722 0.221955 1
0.025899 -0.0231552 0.22175 1
0.0297594 -0.0237139 0.221357 1
0.0332816 -0.0234473 0.221304 1
0.0369696 -0.0236181 0.221154 1
0.0402666 -0.0241555 0.221 1
0.0429056 -0.0241555 0.221 1
-0.011225 -0.0181566 0.224 1
-0.00879327 -0.0181566 0.224 1
-0.0052004 -0.0188382 0.223235 1
-0.00166198 -0.0191287 0.222784 1
0.00189157 -0.0192294 0.222286 1
0.00513044 -0.0193821 0.222116 1
0.00845991 -0.0197283 0.221452 1
0.0122152 -0.0201052 0.221333 1
0.0153593 -0.0202924 0.221 1
0.0191543 -0.0205543 0.221 1
-0.0143862 -0.0171833 0.224 1
-0.01212 -0.0158668 0.222551 1
-0.00874732 -0.0160273 0.221977 1
-0.00558839 -0.0166318 0.221364 1
-0.00171805 -0.0169531 0.221 1
0.000441156 -0.0169531 0.221 1
-0.0124261 -0.0134563 0.221133 1
-0.010115 -0.0138321 0.221 1
0.093671 -0.00403698 0.221 1
0.0953501 -0.0042347 0.221333 1
0.0793723 -0.000627882 0.221 1
0.0822512 -0.000627881 0.221 1
0.0857831 -0.00115415 0.221727 1
0.0893742 -0.00132676 0.222278 1
0.0928441 -0.00191176 0.222318 1
0.0953376 -0.00236146 0.222333 1
0.0724148 0.0030213 0.221 1
0.0754413 0.00243287 0.221765 1
0.0788144 0.001555 0.222204 1
0.0821593 0.00152513 0.222391 1
0.0854149 0.00106535 0.223417 1
0.0889606 0.000336941 0.224 1
0.055621 0.00681452 0.221 1
0.058233 0.00643657 0.2212 1
0.0613108 0.00625319 0.221333 1
0.0648209 0.00577529 0.221763 1
0.0682104 0.00540076 0.221958 1
0.0715632 0.00524959 0.222537 1
0.0751029 0.00466378 0.223545 1
0.0784774 0.00382477 0.224 1
0.0819087 0.00350032 0.224 1
0.0479438 0.00974346 0.221 1
0.0509642 0.00931357 0.221875 1
0.0542897 0.00896189 0.222375 1
0.0576633 0.00858856 0.222725 1
0.0610127 0.00826285 0.223121 1
0.0644205 0.00775537 0.223615 1
0.0670754 0.0073937 0.224 1
0.0301903 0.0135367 0.221 1
0.0328293 0.0135367 0.221 1
0.0372525 0.0131382 0.221214 1
0.0404573 0.0128231 0.221556 1
0.0438169 0.0122064 0.222021 1
0.047147 0.0121026 0.222622 1
0.0504059 0.0114831 0.2235 1
0.053458 0.0108004 0.224 1
0.022753 0.0173779 0.221 1
0.0268009 0.0168506 0.221368 1
0.0299428 0.0156155 0.221845 1
0.0332888 0.0156687 0.222609 1
0.0366427 0.015457 0.222929 1
0.039992 0.0149212 0.223333 1
0.0435064 0.0145179 0.223625 1
0.0126972 0.0205299 0.221333 1
0.0158313 0.0200652 0.2215 1
0.0192494 0.0196123 0.221947 1
0.0226696 0.0191276 0.222429 1
0.0261172 0.0189443 0.22297 1
0.0294798 0.018263 0.223545 1
0.0318159 0.0178571 0.224 1
-0.00436366 0.0236563 0.221333 1
-0.00172095 0.0236787 0.221542 1
0.00197509 0.0232746 0.221849 1
0.00525837 0.0232257 0.2218 1
0.00876848 0.0230934 0.22218 1
0.0119081 0.022469 0.223056 1
0.0156158 0.022153 0.223467 1
0.0191983 0.0216127 0.223833 1
0.0225755 0.0210205 0.224 1
-0.00411642 0.0254811 0.222857 1
-0.00197696 0.0255576 0.223233 1
0.00190332 0.0253635 0.223667 1
0.00491039 0.0252514 0.223533 1
0.00871026 0.024898 0.223857 1
0.0689595 -0.0354149 0.227 1
0.0722974 -0.0357203 0.226769 1
0.075328 -0.0358289 0.22612 1
0.0788636 -0.036065 0.226429 1
0.0823306 -0.0360762 0.2265 1
0.0853688 -0.0363646 0.226909 1
0.0884271 -0.0356615 0.227 1
0.043824 -0.0319626 0.227 1
0.0467812 -0.0319626 0.227 1
0.0512168 -0.0319626 0.227 1
0.0543291 -0.0321561 0.226625 1
0.0578651 -0.032588 0.226462 1
0.0613605 -0.032716 0.225944 1
0.0646943 -0.0332556 0.22605 1
0.0683647 -0.0336876 0.225727 1
0.0715229 -0.0339554 0.225655 1
0.074703 -0.0344081 0.22525 1
0.0786943 -0.0341618 0.225238 1
0.0819682 -0.0344827 0.2251 1
0.0860748 -0.0345223 0.226 1
0.0880376 -0.0345223 0.226 1
0.02066 -0.0282636 0.227 1
0.0223576 -0.0281266 0.227 1
0.02641 -0.028017 0.227 1
0.0298271 -0.0284609 0.227 1
0.0334958 -0.0289682 0.226546 1
0.036924 -0.0293151 0.226062 1
0.0403507 -0.0295609 0.225913 1
0.0438274 -0.0298039 0.225572 1
0.0470553 -0.0300032 0.226128 1
0.0507595 -0.03026 0.225919 1
0.0539637 -0.0308768 0.225667 1
0.0573605 -0.0309477 0.225 1
-3.97178e-05 -0.0245647 0.227 1
0.00237973 -0.0248337 0.227 1
0.00566894 -0.025567 0.2267 1
0.00896202 -0.0260326 0.226167 1
0.0121626 -0.0261455 0.22615 1
0.0158366 -0.0260326 0.226167 1
0.0191116 -0.0262132 0.225905 1
0.0227262 -0.0266082 0.2255 1
0.0263055 -0.0265922 0.226 1
0.0297923 -0.0269572 0.225786 1
0.0331792 -0.0275257 0.225 1
0.0351333 -0.0275257 0.225 1
-0.0113753 -0.021359 0.227 1
-0.0087921 -0.0217997 0.226846 1
-0.00535101 -0.0221483 0.226355 1
-0.00180966 -0.0226105 0.226 1
0.00192148 -0.0229652 0.2258 1
0.00507915 -0.0234806 0.225267 1
0.00875379 -0.0241039 0.225 1
0.0121734 -0.0241039 0.225 1
0.0146159 -0.0241038 0.225 1
-0.0145467 -0.0188525 0.2265 1
-0.0124684 -0.0194617 0.225944 1
-0.00885216 -0.0197491 0.2255 1
-0.00567943 -0.020393 0.225 1
-0.00248191 -0.0209263 0.225 1
0.0954641 -0.000639246 0.225 1
0.0839842 0.0030271 0.225 1
0.0863073 0.00247034 0.225143 1
0.0891363 0.00205836 0.2258 1
0.0924685 0.0012025 0.226187 1
0.0954088 0.000778676 0.226222 1
0.0727485 0.00693786 0.225 1
0.0753663 0.00632488 0.225524 1
0.0787799 0.00548275 0.225917 1
0.0820433 0.00481952 0.225667 1
0.0856013 0.00423981 0.22613 1
0.0887318 0.00391449 0.226833 1
0.0576047 0.0103598 0.225 1
0.0616315 0.00993387 0.225118 1
0.0649734 0.00938721 0.225929 1
0.0684012 0.00878735 0.226077 1
0.0714869 0.00831122 0.226 1
0.07532 0.00773445 0.226857 1
0.0488115 0.0135373 0.225 1
0.0511349 0.0130582 0.225545 1
0.0541924 0.0123894 0.226077 1
0.0577148 0.0118916 0.2262 1
0.0609275 0.0115926 0.226217 1
0.063935 0.0113398 0.226818 1
0.03782 0.0169592 0.225 1
0.0405111 0.0166721 0.225667 1
0.0437887 0.0162884 0.225839 1
0.0470513 0.0153631 0.225933 1
0.0501766 0.0148745 0.22675 1
0.0243861 0.0206255 0.225 1
0.0266795 0.0204727 0.225111 1
0.0299636 0.0199541 0.225458 1
0.0332344 0.0192281 0.225781 1
0.0365504 0.0185397 0.226037 1
0.0398947 0.0181044 0.226818 1
0.0433312 0.0178497 0.227 1
0.0131504 0.023803 0.225 1
0.0155929 0.023803 0.225 1
0.0192745 0.0231901 0.225562 1
0.022739 0.022892 0.226023 1
0.0261875 0.0222311 0.226242 1
0.0291681 0.0216913 0.226643 1
0.0317492 0.0213021 0.227 1
-0.00394744 0.0277138 0.225 1
-0.00159016 0.0272728 0.22513 1
0.00191751 0.0270212 0.225333 1
0.00556852 0.0267896 0.225667 1
0.0087365 0.0263874 0.225828 1
0.0120736 0.0257303 0.226167 1
0.0154022 0.0252419 0.2265 1
0.0189351 0.025001 0.227 1
-0.00398253 0.0289465 0.227 1
-0.00147856 0.029105 0.226593 1
0.00192885 0.0286585 0.226667 1
0.00537642 0.0281712 0.226714 1
0.00735305 0.0282067 0.227 1
0.0716186 -0.0388812 0.23 1
0.0766122 -0.0391311 0.23 1
0.078983 -0.0392775 0.229556 1
0.082202 -0.0395578 0.229571 1
0.0852622 -0.0392009 0.229571 1
0.0556389 -0.035633 0.23 1
0.0579773 -0.0356999 0.229625 1
0.061317 -0.0359855 0.229267 1
0.0648291 -0.0364183 0.22895 1
0.0681356 -0.0367145 0.229111 1
0.071588 -0.0372277 0.228828 1
0.0749575 -0.0376788 0.228762 1
0.0784632 -0.0378208 0.228125 1
0.0821338 -0.0378001 0.228 1
0.0859345 -0.0375407 0.228143 1
0.0878266 -0.036314 0.228 1
0.0299216 -0.0321351 0.23 1
0.0334172 -0.0321351 0.23 1
0.037131 -0.0323651 0.2295 1
0.0403765 -0.0326727 0.228938 1
0.0436385 -0.03341 0.229133 1
0.0474049 -0.0332076 0.228471 1
0.0507824 -0.033507 0.228842 1
0.0543076 -0.0339577 0.228862 1
0.0575475 -0.0342559 0.228222 1
0.0608479 -0.0343325 0.228 1
0.00563625 -0.0287465 0.229875 1
0.00892254 -0.0290568 0.229357 1
0.0124023 -0.029039 0.229214 1
0.0158941 -0.0290568 0.229357 1
0.0192504 -0.0292909 0.228879 1
0.0230736 -0.0298976 0.228941 1
0.0262797 -0.0298457 0.228913 1
0.0295891 -0.0301361 0.228722 1
0.0330051 -0.0305311 0.228583 1
0.0363442 -0.030865 0.228 1
-0.0157702 -0.0248893 0.23 1
-0.0120154 -0.0248677 0.2298 1
-0.00860635 -0.025327 0.229636 1
-0.0048224 -0.0255235 0.2294 1
-0.0015769 -0.0258341 0.229235 1
0.00198165 -0.0264842 0.229188 1
0.00514768 -0.0271027 0.228545 1
0.00788047 -0.0273974 0.228 1
0.0138207 -0.0273974 0.228 1
0.0148108 -0.0273974 0.228 1
0.0261963 -0.0276451 0.228 1
-0.0150817 -0.0229721 0.229333 1
-0.0124716 -0.0228492 0.228795 1
-0.00900808 -0.0236435 0.228417 1
-0.00565539 -0.0238024 0.2282 1
-0.00177247 -0.0241775 0.228 1
-0.014643 -0.0204623 0.228 1
0.0932551 0.00277293 0.2282 1
0.0954814 0.00249899 0.228231 1
0.0799062 0.006535 0.228 1
0.0824901 0.00643129 0.228222 1
0.0858862 0.00598978 0.228762 1
0.0894146 0.00539402 0.229036 1
0.0925898 0.00452297 0.229148 1
0.0952312 0.0040157 0.229571 1
0.0662931 0.0104979 0.228 1
0.0677782 0.0104979 0.228 1
0.0722334 0.00975484 0.228 1
0.075241 0.00924114 0.228462 1
0.078818 0.00881813 0.229 1
0.0820223 0.00791421 0.22931 1
0.0854143 0.00746168 0.229833 1
0.0883473 0.00709204 0.23 1
0.0556501 0.0137178 0.228 1
0.0578777 0.0137178 0.228 1
0.0616599 0.0130279 0.228375 1
0.0648288 0.0125956 0.228583 1
0.0680234 0.0118756 0.229172 1
0.0716093 0.0112794 0.229538 1
0.0753638 0.0108399 0.23 1
0.0450072 0.017433 0.228 1
0.0475648 0.0169376 0.228 1
0.0511587 0.0161895 0.228545 1
0.054319 0.015771 0.229 1
0.0576357 0.015522 0.229267 1
0.0612168 0.0147014 0.229636 1
0.0642671 0.0140635 0.2296 1
0.0344467 0.0207354 0.228 1
0.0369119 0.0203745 0.228526 1
0.0404197 0.0196471 0.228897 1
0.0436508 0.0192792 0.228839 1
0.0470655 0.0185883 0.229308 1
0.0508643 0.0178247 0.229857 1
0.0262135 0.0241357 0.228143 1
0.0299945 0.0231897 0.228852 1
0.0332654 0.0224045 0.229071 1
0.0364944 0.0220022 0.229765 1
0.0404083 0.0210839 0.23 1
0.0426554 0.0210839 0.23 1
0.00911803 0.0278356 0.228 1
0.0128061 0.0275209 0.228231 1
0.0159506 0.0269174 0.22844 1
0.0193631 0.0265473 0.228929 1
0.0225766 0.0257108 0.228667 1
0.0259033 0.0253688 0.229462 1
0.0291726 0.0248317 0.23 1
-0.00376902 0.0306942 0.229 1
-0.00162865 0.0308536 0.2287 1
0.00185173 0.0305965 0.228692 1
0.0053318 0.0298319 0.228813 1
0.00896225 0.029512 0.229235 1
0.0122845 0.0291436 0.22924 1
0.0158266 0.028588 0.2298 1
-0.00378548 0.0320775 0.23 1
-0.00153834 0.0320775 0.23 1
0.00185734 0.0318776 0.23 1
0.00420436 0.0315778 0.23 1
0.082009 -0.0459124 0.234 1
0.0687997 -0.0420994 0.234 1
0.0718676 -0.0425687 0.234 1
0.0751611 -0.0427246 0.23325 1
0.0793263 -0.0432475 0.233333 1
0.0823232 -0.0437772 0.23345 1
0.0851144 -0.0434169 0.233857 1
0.0477157 -0.0385406 0.234 1
0.050764 -0.0385406 0.234 1
0.0546026 -0.0388795 0.234 1
0.0580355 -0.0394093 0.233875 1
0.0614397 -0.0397384 0.233188 1
0.0647552 -0.0400661 0.2328 1
0.0681373 -0.0400495 0.232341 1
0.0717025 -0.0403584 0.2323 1
0.0751031 -0.0405414 0.23205 1
0.0785352 -0.0409473 0.2316 1
0.0823122 -0.0413598 0.231286 1
0.0854041 -0.0408962 0.2315 1
0.0240914 -0.0357444 0.234 1
0.0263776 -0.0357444 0.234 1
0.029934 -0.0357444 0.234 1
0.033296 -0.0361314 0.233462 1
0.0367135 -0.0361764 0.2335 1
0.0403566 -0.0364307 0.232895 1
0.0437291 -0.0365486 0.232619 1
0.0472199 -0.0364119 0.232205 1
0.0506094 -0.0367141 0.232595 1
0.0541639 -0.0368724 0.232216 1
0.0577491 -0.0374898 0.232 1
0.061221 -0.0378423 0.231286 1
0.0634039 -0.0377956 0.231 1
0.0024993 -0.0321856 0.234 1
0.00530765 -0.0325053 0.233636 1
0.00854974 -0.0325254 0.232786 1
0.0121895 -0.0327554 0.232939 1
0.0156531 -0.0328338 0.233171 1
0.0192949 -0.0330911 0.232651 1
0.0226324 -0.0333794 0.232739 1
0.0261522 -0.0334256 0.232 1
0.0295774 -0.0338282 0.232 1
0.0331325 -0.0338546 0.2315 1
0.0364551 -0.0339507 0.231583 1
0.0398317 -0.0342823 0.231 1
-0.0157905 -0.0283726 0.234 1
-0.0118072 -0.0287308 0.2336 1
-0.00843145 -0.0290909 0.233407 1
-0.00495674 -0.029582 0.232884 1
-0.00155649 -0.0297378 0.232714 1
0.00183442 -0.0297664 0.232302 1
0.00524277 -0.0304526 0.231857 1
0.00898722 -0.0307692 0.231 1
0.0122472 -0.0307692 0.231 1
0.0155072 -0.0307692 0.231 1
0.0188393 -0.0309742 0.231125 1
0.0217764 -0.0310201 0.231 1
-0.0152659 -0.0266173 0.2327 1
-0.0121679 -0.0265686 0.231917 1
-0.00859467 -0.0270895 0.231714 1
-0.00535543 -0.0270852 0.231176 1
-0.00154503 -0.027507 0.231 1
0.000962654 -0.027507 0.231 1
-0.014585 -0.0244957 0.231 1
-0.0135819 -0.0244957 0.231 1
0.090236 0.00662099 0.231 1
0.093137 0.00616653 0.231308 1
0.0962555 0.00569375 0.23236 1
0.0980126 0.00670698 0.234 1
0.0826212 0.00960255 0.231143 1
0.0858981 0.00916461 0.231812 1
0.0892783 0.00874099 0.232459 1
0.0925814 0.00805084 0.233174 1
0.0960988 0.0072051 0.233667 1
0.0980126 0.00721538 0.234 1
0.0661623 0.0136473 0.231 1
0.0686791 0.0133843 0.231182 1
0.0715664 0.0131717 0.231444 1
0.0751072 0.0126596 0.231794 1
0.0786999 0.0121718 0.232195 1
0.0821195 0.011937 0.233 1
0.0856471 0.0112767 0.233875 1
0.0878516 0.0110284 0.234 1
0.0583885 0.0169096 0.231 1
0.0613595 0.0164862 0.231454 1
0.0648009 0.0159467 0.232243 1
0.068063 0.0156888 0.232902 1
0.0714865 0.015027 0.233273 1
0.0749765 0.0148244 0.233722 1
0.0781987 0.014333 0.234 1
0.0443455 0.0206737 0.231 1
0.0475604 0.020296 0.231267 1
0.0506372 0.0196888 0.23175 1
0.0542675 0.0193337 0.232298 1
0.0576894 0.0190504 0.232667 1
0.0614089 0.0186514 0.233462 1
0.0642273 0.018146 0.234 1
0.0335625 0.0239359 0.231 1
0.036904 0.0236086 0.231364 1
0.040256 0.0230343 0.232 1
0.0437917 0.0227446 0.232244 1
0.0471597 0.0225023 0.232829 1
0.050301 0.0220309 0.233556 1
0.0543203 0.0214506 0.234 1
0.0563525 0.0214506 0.234 1
0.0205226 0.0277 0.231 1
0.02303 0.0273987 0.231385 1
0.0263047 0.0269849 0.231808 1
0.0298285 0.0263654 0.231937 1
0.0332638 0.0261147 0.23295 1
0.0365725 0.025847 0.233133 1
0.040095 0.0254089 0.234 1
0.0433742 0.0250556 0.234 1
0.0464455 0.024501 0.234 1
0.00647955 0.0312132 0.231 1
0.00898722 0.0312132 0.231 1
0.012436 0.0309696 0.231857 1
0.0157309 0.0305091 0.232179 1
0.0191538 0.0295844 0.232639 1
0.0225098 0.0291416 0.23288 1
0.02605 0.0288719 0.233625 1
0.029934 0.028314 0.234 1
-0.00155629 0.0336805 0.232429 1
0.0019755 0.0334456 0.2322 1
0.00521971 0.0333211 0.232556 1
0.00839294 0.0330968 0.233056 1
0.0119103 0.0327241 0.233417 1
0.0155913 0.0323224 0.234 1
0.0182488 0.0316186 0.234 1
-4.09426e-05 0.0354315 0.234 1
0.0014832 0.0354315 0.234 1
0.0718653 -0.0456459 0.236571 1
0.0751499 -0.0461792 0.236667 1
0.0787964 -0.0461297 0.236615 1
0.0808008 -0.0462394 0.235667 1
0.0485847 -0.0421242 0.237 1
0.0509002 -0.0421242 0.237 1
0.0542449 -0.0421242 0.237 1
0.0583297 -0.0429402 0.236429 1
0.0613186 -0.043321 0.2365 1
0.0647548 -0.0430654 0.236238 1
0.0683812 -0.0435102 0.236035 1
0.0716226 -0.044164 0.235655 1
0.07524 -0.0444187 0.235368 1
0.0784859 -0.044533 0.235263 1
0.0849106 -0.0450874 0.235 1
0.020541 -0.0385198 0.237 1
0.0225993 -0.0385198 0.237 1
0.0267158 -0.0392063 0.237 1
0.0298032 -0.0392921 0.237 1
0.0335963 -0.0394105 0.236333 1
0.0368042 -0.0396782 0.236462 1
0.0402527 -0.0396609 0.236069 1
0.0437359 -0.039934 0.236121 1
0.0472716 -0.0401434 0.236118 1
0.0507457 -0.040431 0.235849 1
0.0541866 -0.0404704 0.235824 1
0.0576825 -0.041053 0.235286 1
0.0611853 -0.0415134 0.235 1
0.00304591 -0.0354303 0.237 1
0.00509646 -0.0353876 0.236714 1
0.00869385 -0.0358954 0.236667 1
0.0122743 -0.035852 0.236381 1
0.0160153 -0.0362239 0.236097 1
0.019375 -0.0365035 0.236125 1
0.0226001 -0.0368934 0.235897 1
0.0261019 -0.0374958 0.235593 1
0.0296145 -0.0375096 0.2355 1
0.0329487 -0.0378319 0.235125 1
0.0366948 -0.0379394 0.235 1
0.0392459 -0.0379394 0.235 1
0.0461338 -0.0381947 0.235 1
-0.0154784 -0.0318258 0.237 1
-0.0123776 -0.0317875 0.236714 1
-0.0087723 -0.0322765 0.236524 1
-0.0050106 -0.0330188 0.23603 1
-0.00157847 -0.033489 0.236 1
0.00159878 -0.033703 0.236067 1
0.00476991 -0.0341692 0.23575 1
0.00865099 -0.034439 0.2355 1
0.0118917 -0.0345323 0.235556 1
0.0157757 -0.0346207 0.235 1
0.0183268 -0.0346207 0.235 1
-0.0158291 -0.0300584 0.235727 1
-0.0125494 -0.0303398 0.235667 1
-0.00913831 -0.0306911 0.2354 1
-0.00616376 -0.0310467 0.235 1
0.0930776 0.00972347 0.235222 1
0.0963392 0.00900851 0.236214 1
0.09824 0.00911009 0.237 1
0.0800635 0.0138836 0.235 1
0.0825624 0.0137331 0.235333 1
0.0859058 0.0127893 0.235429 1
0.0892585 0.012105 0.235966 1
0.0924361 0.011617 0.236778 1
0.0946381 0.0111698 0.237 1
0.069604 0.0172024 0.235 1
0.0720249 0.0165944 0.235222 1
0.0751703 0.0164645 0.235389 1
0.078617 0.0158593 0.235875 1
0.0820632 0.0153499 0.236296 1
0.0855463 0.0145912 0.236923 1
0.0611853 0.0202658 0.235 1
0.0649844 0.019605 0.235538 1
0.0681372 0.0193377 0.236105 1
0.0715792 0.0184844 0.236545 1
0.0749109 0.0181005 0.236722 1
0.0781721 0.0176062 0.237 1
0.0484298 0.0240951 0.235 1
0.0511064 0.0235163 0.235444 1
0.0540769 0.022916 0.235889 1
0.0576611 0.022168 0.236 1
0.0609057 0.0217711 0.236556 1
0.0645362 0.0214681 0.237 1
0.037205 0.0274138 0.235 1
0.0404636 0.0269964 0.235462 1
0.0439115 0.0266293 0.235786 1
0.0474117 0.0259235 0.236241 1
0.0504179 0.0251807 0.236286 1
0.0529585 0.0248151 0.237 1
0.0201126 0.0312431 0.235 1
0.0231782 0.0308143 0.235375 1
0.0262953 0.0305215 0.235429 1
0.0296334 0.0300497 0.235643 1
0.0331587 0.0293838 0.235938 1
0.0364509 0.0290163 0.2364 1
0.0400944 0.0286769 0.237 1
0.0421527 0.0286769 0.237 1
0.00965307 0.0345618 0.235 1
0.012523 0.034433 0.235667 1
0.0159798 0.0338359 0.236043 1
0.0193343 0.0330984 0.23597 1
0.0226475 0.032627 0.2367 1
0.025925 0.0322192 0.236667 1
0.0290313 0.0317665 0.237 1
-0.00165775 0.0368447 0.2362 1
0.00185128 0.037156 0.236 1
0.00505328 0.0366383 0.235895 1
0.00855794 0.0362323 0.236154 1
0.0117844 0.0358555 0.2368 1
0.01591 0.0351134 0.237 1
0.0184828 0.0351134 0.237 1
0.0729508 -0.0493802 0.241 1
0.0753055 -0.0493802 0.241 1
0.0787065 -0.0493802 0.241 1
0.0452188 -0.0459768 0.241 1
0.0473117 -0.0459768 0.241 1
0.050561 -0.0458405 0.240286 1
0.0542485 -0.0458678 0.240429 1
0.0579239 -0.046349 0.240529 1
0.0608686 -0.0460808 0.239786 1
0.0647729 -0.0464538 0.239786 1
0.068173 -0.0471685 0.239944 1
0.0716499 -0.0474534 0.239394 1
0.0751994 -0.0479319 0.239 1
0.0786658 -0.0475214 0.2385 1
0.081516 -0.0478317 0.2385 1
0.019807 -0.0422413 0.2406 1
0.0227804 -0.0427429 0.240632 1
0.0261658 -0.0428087 0.2407 1
0.0296133 -0.0428441 0.240737 1
0.0333843 -0.0430203 0.240571 1
0.0368251 -0.0432123 0.240353 1
0.0403603 -0.0436283 0.240312 1
0.043856 -0.0437483 0.239784 1
0.0471825 -0.0438565 0.239231 1
0.0506759 -0.0440136 0.238857 1
0.0543132 -0.044019 0.238886 1
0.0574925 -0.0443068 0.238739 1
0.06135 -0.0450053 0.238625 1
0.0649259 -0.0446524 0.238 1
0.0678572 -0.0449391 0.238 1
0.0702342 -0.0454045 0.238 1
-0.00108866 -0.0389081 0.241 1
0.0017892 -0.0389081 0.241 1
0.00533272 -0.0392357 0.240714 1
0.00884079 -0.0396393 0.240667 1
0.0123661 -0.0399968 0.240207 1
0.0156514 -0.0401223 0.240235 1
0.0192078 -0.0401641 0.239308 1
0.0227709 -0.040371 0.2388 1
0.0261237 -0.0406041 0.239 1
0.0299143 -0.0409463 0.238609 1
0.0331103 -0.0411972 0.238583 1
0.0367561 -0.0416509 0.238714 1
0.0403248 -0.041589 0.238357 1
0.0439319 -0.041835 0.238286 1
0.0469811 -0.0417848 0.238 1
-0.0144315 -0.0357664 0.241 1
-0.0119554 -0.0362559 0.240454 1
-0.00891522 -0.0366166 0.240421 1
-0.00515107 -0.0365912 0.240235 1
-0.00159987 -0.0368008 0.2392 1
0.0017316 -0.0368428 0.239241 1
0.00524237 -0.0371819 0.238937 1
0.00878769 -0.0378448 0.239238 1
0.0123794 -0.0377092 0.238381 1
0.015345 -0.0379512 0.2386 1
0.0188191 -0.0381652 0.238 1
-0.0181668 -0.0331681 0.2395 1
-0.0157959 -0.0337586 0.239735 1
-0.0123278 -0.0335436 0.238562 1
-0.00883848 -0.0340769 0.238333 1
-0.00602505 -0.0343447 0.238143 1
-0.0181273 -0.031443 0.238 1
-0.0170939 -0.031443 0.238 1
0.0976211 0.0101827 0.238 1
0.0983962 0.0101827 0.238 1
0.0907313 0.0133714 0.238 1
0.0931663 0.0130546 0.2385 1
0.0965358 0.012409 0.239667 1
0.0987224 0.0122155 0.240143 1
0.0800521 0.0171634 0.238 1
0.0825504 0.0168676 0.2382 1
0.0859808 0.0163081 0.238846 1
0.0891728 0.0155954 0.239444 1
0.0924935 0.0154385 0.240235 1
0.0953192 0.0149068 0.2408 1
0.0720244 0.020199 0.238222 1
0.0753108 0.0199604 0.238846 1
0.0786112 0.0194095 0.239029 1
0.0820759 0.0190733 0.239686 1
0.085636 0.0185127 0.2404 1
0.0886482 0.0179034 0.241 1
0.0544738 0.0244027 0.238 1
0.0583493 0.0236271 0.238 1
0.0617338 0.023263 0.2385 1
0.0647996 0.0232002 0.238917 1
0.0681791 0.0227446 0.239556 1
0.0715193 0.0224371 0.24 1
0.0752171 0.0219541 0.240714 1
0.0786542 0.0213592 0.241 1
0.0815844 0.021045 0.241 1
0.0454309 0.0275052 0.238 1
0.0473404 0.027563 0.2385 1
0.0510303 0.0268208 0.238591 1
0.0543836 0.0262618 0.239636 1
0.0577571 0.0253741 0.239833 1
0.0611809 0.0254882 0.240538 1
0.0644912 0.0251818 0.240778 1
0.0340628 0.0308663 0.238 1
0.0370034 0.0306941 0.238444 1
0.040262 0.0303989 0.238692 1
0.0437377 0.0298457 0.239226 1
0.0472005 0.0291683 0.239964 1
0.0506668 0.0287851 0.240313 1
0.053256 0.0283363 0.240667 1
0.020111 0.0347445 0.238 1
0.0228073 0.034268 0.238278 1
0.0266545 0.0336706 0.238545 1
0.0300625 0.0332926 0.239067 1
0.0330597 0.0330324 0.239625 1
0.0363364 0.032641 0.2404 1
0.0402249 0.0322835 0.240857 1
0.0431257 0.0320408 0.241 1
0.00538406 0.0381056 0.238 1
0.00884906 0.037961 0.238067 1
0.0125397 0.0371785 0.238542 1
0.0157508 0.0370586 0.239355 1
0.0192242 0.0367688 0.239636 1
0.0225999 0.0362268 0.239958 1
0.025909 0.0357896 0.2405 1
0.0287364 0.0354443 0.241 1
-0.00108066 0.0403681 0.239133 1
0.00177506 0.0403552 0.239055 1
0.00516734 0.0404985 0.239905 1
0.00886246 0.0399064 0.239759 1
0.0120867 0.0393803 0.24025 1
0.0152862 0.0389685 0.240667 1
0.0180098 0.0388477 0.241 1
-0.00108866 0.0427748 0.241 1
0.00152757 0.0427748 0.241 1
0.0730978 -0.0525952 0.245 1
0.0752255 -0.0525952 0.245 1
0.0786831 -0.0525952 0.245 1
0.0821406 -0.0528613 0.245 1
0.0515545 -0.0496676 0.245 1
0.0542705 -0.0496892 0.244412 1
0.0574658 -0.0499998 0.2448 1
0.0611293 -0.0501998 0.245 1
0.0651177 -0.0504181 0.244333 1
0.0683313 -0.0505035 0.243692 1
0.0717372 -0.0505115 0.243286 1
0.0753496 -0.051211 0.2436 1
0.0787772 -0.0512943 0.243737 1
0.0820997 -0.0507154 0.243357 1
0.0845998 -0.0506488 0.244167 1
0.0197568 -0.045971 0.245 1
0.0230941 -0.0465028 0.244625 1
0.026252 -0.046677 0.244667 1
0.0298051 -0.0468793 0.244654 1
0.0332573 -0.0468412 0.244346 1
0.036817 -0.0468705 0.244286 1
0.040416 -0.0472176 0.2436 1
0.0436691 -0.0472224 0.243056 1
0.0472446 -0.0477497 0.243357 1
0.0508084 -0.0476237 0.242714 1
0.0543173 -0.0476293 0.242539 1
0.057603 -0.0480499 0.242524 1
0.0612153 -0.0481937 0.24256 1
0.0644094 -0.048389 0.242444 1
0.0666858 -0.0485336 0.242 1
0.0842873 -0.0485336 0.242 1
-0.00163866 -0.0427477 0.245 1
0.00181675 -0.0427186 0.244833 1
0.00538761 -0.043145 0.244461 1
0.00870952 -0.0431636 0.244333 1
0.0121973 -0.0436082 0.243886 1
0.015733 -0.0437991 0.243697 1
0.0191651 -0.043951 0.2433 1
0.0227513 -0.044804 0.2433 1
0.02629 -0.044804 0.2433 1
0.0298403 -0.044758 0.242905 1
0.0332753 -0.0446865 0.242368 1
0.0366003 -0.0447893 0.242188 1
0.0391013 -0.0448531 0.242 1
-0.0189265 -0.0387554 0.245 1
-0.0158363 -0.0392743 0.2445 1
-0.012232 -0.0399359 0.244071 1
-0.00876574 -0.0398418 0.2435 1
-0.00525448 -0.0403445 0.24365 1
-0.00178972 -0.0405874 0.242813 1
0.00180033 -0.040732 0.2425 1
0.00500548 -0.0408338 0.242583 1
0.00889871 -0.0412213 0.242286 1
0.0122524 -0.0416458 0.242 1
0.0157202 -0.0419613 0.242 1
0.0180846 -0.0419613 0.242 1
-0.0189683 -0.0368044 0.243625 1
-0.015783 -0.0369744 0.242733 1
-0.0126663 -0.0377944 0.24225 1
-0.0073982 -0.038018 0.242 1
-0.00634736 -0.038018 0.242 1
-0.0192201 -0.0346004 0.242 1
0.0905924 0.0174519 0.242 1
0.0927466 0.0171364 0.242 1
0.09653 0.0160249 0.242455 1
0.0987332 0.0158189 0.243125 1
0.0834992 0.0206066 0.242 1
0.0857398 0.0201802 0.242286 1
0.0893833 0.0196126 0.243333 1
0.0928617 0.0187013 0.2435 1
0.0961074 0.0182454 0.24425 1
0.0991625 0.0179344 0.245 1
0.0722027 0.0240242 0.242 1
0.0753196 0.0235366 0.24265 1
0.0790625 0.0229036 0.243069 1
0.0822864 0.0227556 0.243464 1
0.0852676 0.0221829 0.244222 1
0.0882578 0.0216604 0.245 1
0.0551266 0.0279675 0.242 1
0.057875 0.0272395 0.242 1
0.061212 0.0271975 0.242167 1
0.0650406 0.0268679 0.242636 1
0.0683036 0.0260697 0.242935 1
0.0717258 0.0261172 0.244172 1
0.0749458 0.0254411 0.244667 1
0.0786831 0.0248543 0.245 1
0.0813427 0.0248543 0.245 1
0.0451437 0.0311222 0.242 1
0.0476723 0.0308453 0.2423 1
0.0508379 0.0305514 0.242429 1
0.0543267 0.0300416 0.242909 1
0.057728 0.0295151 0.2436 1
0.0610113 0.0292684 0.244062 1
0.0644444 0.0286931 0.244385 1
0.0677101 0.0282853 0.24475 1
0.0343726 0.0345398 0.242 1
0.037099 0.0342671 0.2423 1
0.0401507 0.0339957 0.242667 1
0.043911 0.0334596 0.243259 1
0.0471023 0.033159 0.24375 1
0.0505723 0.0329128 0.244241 1
0.0537041 0.0323741 0.2445 1
0.057459 0.0317209 0.245 1
0.0595335 0.031508 0.245 1
0.0196608 0.0384831 0.242 1
0.0233388 0.0376945 0.242 1
0.0264524 0.0374132 0.242444 1
0.0299489 0.0370377 0.243353 1
0.0333175 0.036933 0.243895 1
0.0365321 0.0368773 0.243941 1
0.0401843 0.0362131 0.24456 1
0.0434654 0.0353978 0.24475 1
0.0465012 0.0352341 0.245 1
0.00888977 0.0416378 0.242 1
0.0124854 0.0411986 0.242313 1
0.0158656 0.0407632 0.242758 1
0.0192463 0.0403569 0.243654 1
0.0227449 0.0396097 0.244071 1
0.0260329 0.0395881 0.2446 1
0.0284155 0.0392263 0.245 1
-0.000972472 0.0442285 0.242231 1
0.00193213 0.0442182 0.24245 1
0.00515789 0.0438872 0.243152 1
0.00875134 0.0435069 0.243806 1
0.0120994 0.0435858 0.244156 1
0.015714 0.0430985 0.244474 1
0.0183088 0.0426863 0.245 1
-0.000572922 0.0467935 0.2442 1
0.00171892 0.046746 0.24425 1
0.00444969 0.0462645 0.244727 1
0.0470706 -0.0527004 0.248 1
0.0508397 -0.0527004 0.248 1
0.0551472 -0.0529698 0.248 1
0.0574526 -0.0529971 0.2475 1
0.0613394 -0.0529698 0.248 1
0.0652107 -0.053377 0.247273 1
0.0684712 -0.0538853 0.247111 1
0.071779 -0.0541665 0.247226 1
0.0751727 -0.0543694 0.247455 1
0.0789254 -0.0541924 0.247429 1
0.0819745 -0.0542679 0.246737 1
0.0231098 -0.0497369 0.248 1
0.026742 -0.0498453 0.247733 1
0.0297985 -0.0497456 0.246842 1
0.0332456 -0.0497717 0.2467 1
0.0367352 -0.049703 0.246632 1
0.0401789 -0.0506145 0.247241 1
0.0437249 -0.0504751 0.246538 1
0.0471689 -0.0507713 0.246733 1
0.0506335 -0.050878 0.246692 1
0.0540878 -0.0514487 0.246706 1
0.0577518 -0.051699 0.246222 1
0.0613788 -0.0514736 0.246 1
0.0644576 -0.0520034 0.246462 1
0.0683222 -0.0522754 0.246 1
0.0715268 -0.0522754 0.246 1
-0.00408173 -0.0456958 0.248 1
-0.00165873 -0.0456958 0.248 1
0.00224146 -0.0460231 0.247583 1
0.00521915 -0.0463378 0.2474 1
0.00883053 -0.0464415 0.247667 1
0.0125226 -0.0467967 0.247167 1
0.0157498 -0.0467753 0.246583 1
0.0191182 -0.0476358 0.246875 1
0.0224507 -0.0480413 0.246667 1
0.0261503 -0.048309 0.246214 1
0.02957 -0.0484153 0.246 1
0.0333384 -0.0485341 0.246 1
0.0368101 -0.0485341 0.246 1
0.0389465 -0.0485341 0.246 1
-0.0180813 -0.0424629 0.248 1
-0.0159076 -0.0424058 0.247667 1
-0.0120877 -0.0428577 0.247529 1
-0.00847293 -0.0431049 0.247167 1
-0.00512935 -0.0436914 0.247037 1
-0.0016536 -0.0444478 0.247048 1
0.0018289 -0.0443291 0.246389 1
0.00519217 -0.0449118 0.246067 1
0.00876965 -0.0450601 0.246 1
0.010906 -0.0450601 0.246 1
-0.021312 -0.0411158 0.248 1
-0.018981 -0.0404806 0.246769 1
-0.0158352 -0.0411454 0.246556 1
-0.0123713 -0.0417309 0.246857 1
-0.00885575 -0.041586 0.246 1
-0.00698638 -0.041586 0.246 1
0.0929755 0.0205499 0.246222 1
0.0964209 0.0199463 0.246833 1
0.0992998 0.0194007 0.247231 1
0.0862772 0.0236091 0.246286 1
0.0894906 0.0231211 0.246933 1
0.092732 0.022232 0.2475 1
0.095492 0.0213585 0.247667 1
0.0696575 0.0278953 0.246 1
0.0707256 0.0278953 0.246 1
0.0755122 0.0267618 0.246222 1
0.078762 0.0266601 0.246917 1
0.0821549 0.0263886 0.247077 1
0.0854994 0.0252691 0.247571 1
0.0877232 0.0251586 0.248 1
0.0622497 0.0308509 0.246429 1
0.0651267 0.0304327 0.246864 1
0.0682497 0.029857 0.247077 1
0.0718779 0.0288764 0.2473 1
0.075339 0.0283915 0.248 1
0.0482932 0.0348434 0.246 1
0.0509494 0.0346784 0.24625 1
0.0543102 0.0338551 0.246579 1
0.0578824 0.033268 0.247143 1
0.0610287 0.0326272 0.247316 1
0.0647966 0.0318724 0.247833 1
0.0669931 0.0318938 0.248 1
0.0381453 0.0380503 0.246 1
0.040809 0.0378224 0.2466 1
0.0438773 0.0371257 0.246815 1
0.0472491 0.0366975 0.24696 1
0.0505491 0.0358637 0.247077 1
0.0538012 0.0355308 0.248 1
0.020787 0.0415244 0.246 1
0.0226563 0.0415243 0.246 1
0.0264734 0.0413618 0.246444 1
0.0297625 0.0405362 0.246714 1
0.0332433 0.0401311 0.247286 1
0.0367261 0.0399421 0.247083 1
0.0398297 0.0391974 0.247333 1
0.0435707 0.0388984 0.248 1
0.0138436 0.0447311 0.246 1
0.0157246 0.0447615 0.246167 1
0.0194779 0.0440561 0.247 1
0.0227945 0.0433918 0.2475 1
0.0260906 0.0433453 0.24775 1
0.0295711 0.0425354 0.248 1
-0.000579434 0.0488718 0.246667 1
0.00216414 0.0486136 0.246375 1
0.00568973 0.0474564 0.24663 1
0.0086629 0.0468086 0.247286 1
0.0121898 0.0465696 0.247462 1
0.0158105 0.0460794 0.2475 1
0.0177253 0.045903 0.248 1
-0.000581036 0.0501246 0.247556 1
0.001838 0.0501134 0.2475 1
0.00470335 0.0496076 0.247909 1
0.0812047 -0.0598467 0.252 1
0.0472827 -0.0562879 0.252 1
0.050839 -0.0562879 0.252 1
0.0543953 -0.0562879 0.252 1
0.0578927 -0.0566615 0.251571 1
0.0613139 -0.0568343 0.251737 1
0.0647634 -0.0568936 0.2515 1
0.0683361 -0.0574331 0.251148 1
0.0719675 -0.0573926 0.250321 1
0.0750994 -0.0576208 0.250483 1
0.0788487 -0.0572061 0.250762 1
0.0811621 -0.0574356 0.250467 1
0.023756 -0.0532767 0.252 1
0.0264933 -0.0534995 0.2515 1
0.0298199 -0.0536031 0.251154 1
0.033334 -0.0536711 0.251077 1
0.0369634 -0.0536755 0.250929 1
0.0402066 -0.0542344 0.251 1
0.0437031 -0.0543699 0.250636 1
0.0471758 -0.0544583 0.2505 1
0.0507921 -0.0544116 0.250594 1
0.0541298 -0.054507 0.250385 1
0.0578464 -0.0547457 0.249727 1
0.0612003 -0.0547326 0.249632 1
0.064577 -0.0549722 0.249636 1
0.0675869 -0.0553918 0.2492 1
0.076066 -0.0557295 0.2495 1
0.0786605 -0.0558412 0.25 1
0.0810489 -0.0556178 0.249 1
-0.00545739 -0.0494593 0.2518 1
-0.00212006 -0.0500638 0.251533 1
0.0022775 -0.0500298 0.2515 1
0.00514085 -0.0501448 0.251389 1
0.00868695 -0.0501338 0.251333 1
0.0123966 -0.0505338 0.251231 1
0.0157484 -0.0505799 0.250829 1
0.01933 -0.0509506 0.250357 1
0.0225696 -0.0513543 0.25036 1
0.0259749 -0.0513378 0.249667 1
0.0296903 -0.0515604 0.249 1
0.0332044 -0.0515604 0.249 1
0.0367184 -0.0515604 0.249 1
0.0413136 -0.0523719 0.249 1
0.0437464 -0.0523719 0.249 1
0.0472604 -0.0523719 0.249 1
0.0496932 -0.0523719 0.249 1
-0.015152 -0.04625 0.2515 1
-0.0122056 -0.0466628 0.251077 1
-0.00883138 -0.0471376 0.251 1
-0.00520219 -0.0473463 0.250067 1
-0.00167077 -0.0476578 0.2498 1
0.00165221 -0.0478834 0.249917 1
0.00528839 -0.0480852 0.24935 1
0.00878975 -0.0481444 0.249368 1
0.011717 -0.0483775 0.2496 1
0.0156343 -0.048585 0.249 1
0.0177968 -0.048585 0.249 1
-0.0216989 -0.0432902 0.2506 1
-0.0193342 -0.043673 0.250286 1
-0.0157628 -0.0441015 0.249643 1
-0.0124229 -0.0444496 0.249429 1
-0.00891869 -0.0446628 0.249 1
-0.00572004 -0.045339 0.249 1
0.097808 0.0206616 0.249 1
0.0994299 0.0206616 0.249 1
0.0931277 0.0238795 0.249333 1
0.0964717 0.0229387 0.250208 1
0.0994585 0.0224642 0.250536 1
0.083752 0.027424 0.249 1
0.0858879 0.0269921 0.249444 1
0.0892395 0.0264891 0.250276 1
0.0927937 0.0258475 0.250846 1
0.0960632 0.0251548 0.251636 1
0.0984393 0.0247431 0.252 1
0.0688851 0.0314814 0.249 1
0.0719418 0.0305505 0.249286 1
0.075338 0.0303341 0.250273 1
0.0786915 0.0297573 0.250389 1
0.0820926 0.0297356 0.250722 1
0.0856675 0.0291508 0.251444 1
0.0893569 0.0283567 0.252 1
0.0913266 0.0280282 0.252 1
0.0575715 0.0347506 0.249167 1
0.0614067 0.0341752 0.249273 1
0.0648659 0.0334171 0.249615 1
0.0684949 0.0334163 0.250538 1
0.071547 0.0327258 0.251182 1
0.0743656 0.0321345 0.252 1
0.0484392 0.0380495 0.2495 1
0.051065 0.0375628 0.249647 1
0.0545387 0.0371613 0.249962 1
0.0577103 0.036646 0.250633 1
0.0614631 0.0359899 0.251333 1
0.0644866 0.0355157 0.251571 1
0.0669793 0.0354195 0.252 1
0.0332044 0.0417602 0.249 1
0.0371294 0.0416358 0.249333 1
0.0404253 0.0406913 0.249444 1
0.0437063 0.0403875 0.250391 1
0.0470299 0.0397448 0.2506 1
0.0503146 0.0391985 0.2513 1
0.0542164 0.0388494 0.251167 1
0.0565839 0.0389783 0.252 1
0.0226623 0.0450062 0.249 1
0.0265549 0.0448711 0.249375 1
0.0299457 0.0441811 0.249679 1
0.0332339 0.0435892 0.250276 1
0.0368116 0.0434217 0.25096 1
0.0399942 0.0427031 0.251364 1
0.0426321 0.0422634 0.252 1
0.00941721 0.0485226 0.249 1
0.0121542 0.0486525 0.249667 1
0.015561 0.0479399 0.249696 1
0.0192857 0.0474328 0.250172 1
0.0226159 0.0469356 0.250371 1
0.0260992 0.0464679 0.250579 1
0.0292085 0.046164 0.25125 1
0.0330573 0.0455484 0.252 1
-0.000449117 0.0517377 0.2495 1
0.00185869 0.0520292 0.25025 1
0.0054787 0.0509046 0.249619 1
0.00859653 0.0507459 0.250897 1
0.012093 0.0502581 0.25125 1
0.0154947 0.0496901 0.251545 1
0.0188319 0.0493809 0.252 1
-4.3917e-05 0.0530023 0.251 1
0.00186344 0.0530023 0.251 1
0.005 0.0529467 0.251889 1
0.0591952 -0.0600052 0.255 1
0.0613401 -0.0603333 0.254714 1
0.0645323 -0.0606437 0.254625 1
0.0682864 -0.0605198 0.254833 1
0.071766 -0.0604235 0.254429 1
0.0752818 -0.0603613 0.254167 1
0.0789472 -0.0604235 0.254429 1
0.080703 -0.0600842 0.253 1
0.0233557 -0.0566922 0.2548 1
0.0262191 -0.0568843 0.254667 1
0.0294084 -0.0569719 0.25475 1
0.033174 -0.057235 0.255 1
0.0369942 -0.0574279 0.254625 1
0.0400966 -0.0575393 0.254077 1
0.0436687 -0.0572813 0.253842 1
0.0473227 -0.0579817 0.25404 1
0.0507071 -0.0581353 0.254083 1
0.0543196 -0.058165 0.254214 1
0.0574181 -0.0583624 0.253875 1
0.0611916 -0.0586961 0.253333 1
0.0647674 -0.0587528 0.2533 1
0.0682597 -0.059427 0.253714 1
0.0708156 -0.0589848 0.253 1
0.0787804 -0.0589849 0.253 1
-0.00751881 -0.0525258 0.255 1
-0.00493513 -0.0530798 0.255 1
-0.00170555 -0.0533568 0.255 1
0.00189313 -0.0533568 0.255 1
0.005215 -0.0533569 0.255 1
0.00895995 -0.0533038 0.25425 1
0.0123799 -0.0534944 0.254333 1
0.0156966 -0.0535063 0.254389 1
0.0193987 -0.0539805 0.25412 1
0.022644 -0.0545901 0.253692 1
0.0257778 -0.0550347 0.253429 1
0.0299931 -0.0556644 0.2534 1
0.0331885 -0.0556868 0.253 1
0.0364843 -0.0556867 0.253 1
-0.0177612 -0.0492017 0.255 1
-0.0154854 -0.0496199 0.254818 1
-0.011886 -0.0501481 0.254333 1
-0.00851102 -0.0505115 0.254077 1
-0.00517867 -0.0513624 0.253727 1
-0.00136727 -0.0516526 0.2537 1
0.00160859 -0.0516091 0.253667 1
0.0051766 -0.0518732 0.253167 1
0.00874456 -0.051839 0.253 1
0.0112165 -0.051839 0.253 1
-0.0217406 -0.0466682 0.254067 1
-0.0191283 -0.0469937 0.253815 1
-0.0159502 -0.0477586 0.253526 1
-0.0126782 -0.048541 0.253 1
-0.0220163 -0.044968 0.253 1
-0.020643 -0.044968 0.253 1
0.100203 0.0242916 0.253 1
0.0930623 0.0275897 0.253 1
0.0964079 0.0268021 0.253474 1
0.0998142 0.0260656 0.254 1
0.0839988 0.0311626 0.253 1
0.0860527 0.0307809 0.25325 1
0.0894671 0.0298877 0.254048 1
0.0926018 0.0290108 0.254 1
0.0956539 0.0285516 0.254571 1
0.0721889 0.0344607 0.253 1
0.0753507 0.0334864 0.253615 1
0.0786378 0.0329513 0.25364 1
0.0822327 0.032986 0.254333 1
0.0856111 0.0325113 0.254643 1
0.0885383 0.031686 0.255 1
0.0612029 0.0377588 0.253 1
0.0650122 0.0373405 0.253545 1
0.0683593 0.036727 0.254083 1
0.0713733 0.0361864 0.2545 1
0.0749187 0.0355088 0.255 1
0.0774655 0.0350101 0.255 1
0.0444491 0.0418814 0.253 1
0.0479646 0.0412218 0.253 1
0.0510357 0.0407125 0.253889 1
0.0542745 0.0406694 0.254 1
0.0579696 0.0402655 0.254 1
0.0608987 0.0398002 0.254546 1
0.0647317 0.0391653 0.255 1
0.0345617 0.0451795 0.253 1
0.0365092 0.0452092 0.253167 1
0.0402303 0.0442939 0.253294 1
0.0435584 0.0437416 0.254217 1
0.046815 0.042625 0.254455 1
0.0263711 0.0484493 0.254 1
0.0299837 0.0475857 0.253778 1
0.0333915 0.0472583 0.25412 1
0.0365129 0.0466285 0.25415 1
0.0400274 0.0460413 0.254727 1
0.0101178 0.0520505 0.253 1
0.0123354 0.0518575 0.2534 1
0.0158099 0.0512915 0.254 1
0.0193743 0.0507733 0.253957 1
0.0227489 0.0501449 0.2542 1
0.0262206 0.0493502 0.254667 1
-4.43836e-05 0.0546691 0.253667 1
0.00188324 0.0546691 0.253667 1
0.00526405 0.0545327 0.253842 1
0.00855294 0.0538387 0.254083 1
0.0122109 0.053224 0.254667 1
0.0149038 0.0527389 0.255 1
-4.46169e-05 0.0560631 0.255 1
0.00189313 0.0560631 0.255 1
0.00493817 0.0560631 0.255 1
0.0510862 -0.0634296 0.2588 1
0.0546467 -0.0637362 0.258462 1
0.0571802 -0.0638499 0.258636 1
0.0613038 -0.0635923 0.258444 1
0.0646957 -0.0635548 0.258167 1
0.0684815 -0.0636896 0.258714 1
0.0721453 -0.0638567 0.25825 1
0.0749843 -0.0638875 0.258375 1
0.0791654 -0.0636984 0.25875 1
0.0811776 -0.0635138 0.258 1
0.0198236 -0.059821 0.259 1
0.0226549 -0.0601894 0.258167 1
0.0260199 -0.0601894 0.258167 1
0.0296905 -0.0602505 0.258429 1
0.0333487 -0.0608298 0.2585 1
0.0368934 -0.060713 0.257778 1
0.0401826 -0.0613149 0.258435 1
0.044072 -0.0609055 0.258143 1
0.0472466 -0.0612228 0.257786 1
0.0508574 -0.0613211 0.257097 1
0.0542613 -0.0613131 0.256839 1
0.0576119 -0.0612277 0.256793 1
0.060862 -0.0620491 0.257 1
0.0650162 -0.0622626 0.257 1
0.0685482 -0.0621164 0.256857 1
0.0719332 -0.0619091 0.256 1
0.0753676 -0.0619897 0.256333 1
0.0790124 -0.0622315 0.257333 1
0.0811042 -0.0619091 0.256 1
-0.00538743 -0.0561633 0.259 1
-0.000607644 -0.0570074 0.259 1
0.00219927 -0.0572603 0.258444 1
0.00515784 -0.0573989 0.258455 1
0.00892962 -0.0572358 0.258333 1
0.0122667 -0.0573016 0.257786 1
0.015939 -0.057423 0.258333 1
0.0193225 -0.0575002 0.257333 1
0.0224476 -0.0580958 0.256538 1
0.0264265 -0.0587244 0.256667 1
0.0297672 -0.0587244 0.256667 1
0.0333041 -0.0585719 0.256 1
0.0363611 -0.0585719 0.256 1
0.0402518 -0.0594062 0.256 1
0.0435867 -0.0591281 0.256 1
0.0458099 -0.0591281 0.256 1
-0.0183209 -0.0530684 0.259 1
-0.0158418 -0.0536538 0.258524 1
-0.0121848 -0.053643 0.257842 1
-0.00874786 -0.0542387 0.257667 1
-0.00556487 -0.0544044 0.2568 1
-0.00172115 -0.0552436 0.257333 1
0.00190337 -0.0550646 0.2565 1
0.00524226 -0.0550289 0.256333 1
0.00850232 -0.0550783 0.256412 1
0.0121831 -0.0552347 0.256 1
0.0157959 -0.0552347 0.256 1
0.0182971 -0.0552347 0.256 1
-0.0227974 -0.0507067 0.258 1
-0.0193677 -0.0508066 0.25731 1
-0.0160381 -0.0512482 0.256524 1
-0.0126194 -0.0517688 0.256412 1
-0.00921575 -0.0521756 0.256 1
-0.0221848 -0.0482822 0.256 1
-0.0194983 -0.0488384 0.256 1
0.0997239 0.0279169 0.256 1
0.0902751 0.031254 0.256 1
0.0929001 0.030797 0.256462 1
0.0961052 0.0302402 0.257048 1
0.099173 0.0294333 0.257375 1
0.0791588 0.0345912 0.256 1
0.0819379 0.0345912 0.256 1
0.0857136 0.0341605 0.256615 1
0.0891264 0.0333979 0.2575 1
0.0925097 0.0329508 0.258286 1
0.095553 0.0322906 0.258571 1
0.0691541 0.0382065 0.256 1
0.0722116 0.0375854 0.2565 1
0.0755825 0.0371467 0.256833 1
0.078875 0.036748 0.257387 1
0.0822902 0.0365178 0.2578 1
0.0854649 0.0364384 0.258381 1
0.0879591 0.0355593 0.259 1
0.0617474 0.0413861 0.2564 1
0.0646013 0.040965 0.2569 1
0.0683849 0.0404079 0.257481 1
0.0717834 0.0397909 0.258077 1
0.0754586 0.0394315 0.258556 1
0.0786207 0.0389055 0.2588 1
0.0446983 0.0448809 0.256 1
0.0473389 0.0442898 0.2566 1
0.0508473 0.0434812 0.257583 1
0.0543246 0.0435799 0.258167 1
0.057692 0.0435299 0.257615 1
0.0610213 0.0434053 0.2578 1
0.064981 0.0429041 0.25875 1
0.0678401 0.0422139 0.2584 1
0.0371948 0.0482181 0.256 1
0.0405374 0.0479 0.257 1
0.0437745 0.0470374 0.257571 1
0.0468591 0.0466054 0.258286 1
0.0169076 0.0523896 0.256 1
0.0191308 0.0523896 0.256 1
0.0230084 0.051732 0.256286 1
0.0263105 0.0512426 0.257 1
0.0298712 0.0507537 0.257556 1
0.033213 0.0507318 0.257444 1
0.0365985 0.0502129 0.257667 1
0.0395936 0.0500577 0.258538 1
0.0435351 0.0490645 0.259 1
0.00662498 0.0557267 0.256 1
0.00877903 0.0555506 0.256286 1
0.0125145 0.0547406 0.256444 1
0.0159673 0.0544505 0.257259 1
0.0191592 0.0543634 0.257714 1
0.0225838 0.0536475 0.258095 1
0.0258027 0.0532437 0.2588 1
-4.49669e-05 0.0579009 0.257 1
0.00190798 0.0579009 0.257 1
0.00532497 0.05798 0.2576 1
0.00848967 0.0575589 0.25792 1
0.0118115 0.0566657 0.258286 1
0.0148564 0.0566611 0.259 1
-4.53168e-05 0.0600374 0.259 1
0.00164167 0.0600375 0.259 1
0.0576916 -0.0670601 0.262 1
0.0611046 -0.0670601 0.262 1
0.0645177 -0.0670601 0.262 1
0.0682151 -0.0670601 0.262 1
0.071866 -0.0670174 0.261833 1
0.0755022 -0.0671136 0.261375 1
0.0788009 -0.0674148 0.261846 1
0.0225694 -0.0633633 0.261923 1
0.0265259 -0.0633639 0.261909 1
0.0295331 -0.0633899 0.261286 1
0.0335563 -0.0637974 0.26175 1
0.0370226 -0.0640196 0.261333 1
0.0402519 -0.0643562 0.261417 1
0.0438713 -0.0636853 0.261 1
0.0474326 -0.0642471 0.261182 1
0.050852 -0.064821 0.261 1
0.0539533 -0.0655489 0.260889 1
0.0579987 -0.0655555 0.260895 1
0.0611316 -0.0654855 0.260905 1
0.0645657 -0.0655876 0.260667 1
0.0682443 -0.0655876 0.260667 1
0.0715789 -0.0656985 0.260786 1
0.0755399 -0.065626 0.2605 1
0.0788784 -0.0654169 0.26087 1
0.0809601 -0.0651359 0.26 1
-0.000614682 -0.0599446 0.262 1
0.00173587 -0.0599838 0.261286 1
0.00552825 -0.0606767 0.261625 1
0.00875356 -0.0606832 0.2615 1
0.0122707 -0.060663 0.2608 1
0.0154446 -0.0609763 0.261037 1
0.0190494 -0.0613993 0.260963 1
0.0229451 -0.0618669 0.260231 1
0.0261025 -0.0618303 0.260077 1
0.0297075 -0.0620667 0.260294 1
0.03272 -0.0625627 0.26075 1
0.0360108 -0.0624458 0.260167 1
0.0417274 -0.0623115 0.26 1
0.0434209 -0.0623115 0.26 1
-0.015689 -0.0565293 0.262 1
-0.0122291 -0.0563135 0.261 1
-0.00891832 -0.0571977 0.261421 1
-0.00520237 -0.057903 0.261 1
-0.00205114 -0.0580689 0.260545 1
0.00160056 -0.0588459 0.260455 1
0.0056854 -0.0591635 0.26075 1
0.00829437 -0.0588758 0.260417 1
0.0120912 -0.0592046 0.26 1
0.0157605 -0.0592046 0.26 1
0.0180185 -0.0592046 0.26 1
-0.0252625 -0.0540452 0.261 1
-0.0225724 -0.0541181 0.26096 1
-0.019372 -0.0544457 0.260923 1
-0.0155907 -0.0553212 0.260333 1
-0.0121823 -0.0552504 0.26 1
0.100576 0.0306126 0.26 1
0.101564 0.0303301 0.26 1
0.0933791 0.0342844 0.26 1
0.0967071 0.0338023 0.261111 1
0.0997072 0.032825 0.261455 1
0.102062 0.0328404 0.262 1
0.0866051 0.0376737 0.26 1
0.0894404 0.0364033 0.260636 1
0.0926757 0.0358934 0.261429 1
0.0954058 0.0356297 0.262 1
0.0699524 0.0419104 0.26 1
0.0721298 0.0416683 0.26 1
0.0750329 0.0410631 0.26 1
0.0786747 0.0405873 0.26075 1
0.0820591 0.0393774 0.2608 1
0.0851743 0.0391985 0.2615 1
0.0878402 0.0388174 0.262 1
0.0510416 0.0452997 0.26 1
0.0544286 0.0452997 0.26 1
0.0578157 0.0452997 0.26 1
0.0614721 0.0451074 0.260286 1
0.0647155 0.0445379 0.2605 1
0.0684596 0.0440529 0.261044 1
0.071706 0.0432302 0.260941 1
0.0748657 0.042527 0.261385 1
0.0778854 0.0422328 0.262 1
0.0451144 0.048689 0.26 1
0.0476177 0.0480226 0.260154 1
0.0507597 0.0471524 0.260867 1
0.0542257 0.0472134 0.2612 1
0.0574436 0.0470602 0.261077 1
0.0607203 0.0466343 0.261385 1
0.0645177 0.0459328 0.262 1
0.0369292 0.0520784 0.26 1
0.04078 0.0515588 0.260938 1
0.0438176 0.0507601 0.261044 1
0.0472216 0.0499444 0.261176 1
0.0500122 0.0493482 0.262 1
0.020841 0.0554677 0.26 1
0.0232367 0.0554158 0.26075 1
0.0263841 0.0549473 0.261053 1
0.0296576 0.054178 0.260583 1
0.0329992 0.0542512 0.261182 1
0.0366938 0.0534139 0.261 1
0.0400326 0.0531093 0.261833 1
0.009551 0.0591394 0.26 1
0.0121913 0.0584717 0.260353 1
0.0158089 0.0580394 0.260818 1
0.0189412 0.057498 0.260842 1
0.0222581 0.0566758 0.2614 1
0.0261209 0.0564636 0.262 1
0.00240776 0.0614075 0.260833 1
0.00533861 0.0610699 0.261 1
0.00854491 0.0607299 0.261286 1
0.0118312 0.0602616 0.261636 1
0.0150285 0.059879 0.262 1
0.0587866 -0.0703074 0.265667 1
0.0612289 -0.0701309 0.265 1
0.0652407 -0.0705835 0.2654 1
0.0683046 -0.0708853 0.265667 1
0.0712863 -0.0706365 0.2656 1
0.0753651 -0.070492 0.265429 1
0.0777235 -0.0710838 0.265333 1
0.022425 -0.0667771 0.2654 1
0.0262309 -0.0672171 0.266 1
0.0296961 -0.0672171 0.266 1
0.0331612 -0.0672171 0.266 1
0.036754 -0.0672065 0.265143 1
0.0401821 -0.0679147 0.265333 1
0.0436386 -0.0679147 0.265333 1
0.0472532 -0.0679091 0.2652 1
0.0507476 -0.0678934 0.26435 1
0.0541999 -0.0682505 0.2644 1
0.0579837 -0.0686309 0.264176 1
0.0613016 -0.0686338 0.263667 1
0.0647363 -0.0686338 0.263667 1
0.0682586 -0.0687202 0.264 1
0.0718179 -0.0688358 0.264444 1
0.0752585 -0.0687826 0.263714 1
0.078285 -0.0691107 0.263667 1
-0.00524428 -0.0634605 0.266 1
-0.00149033 -0.0634207 0.265833 1
0.00196737 -0.0632219 0.265 1
0.00597409 -0.0641695 0.265857 1
0.00917035 -0.0645514 0.265333 1
0.0123238 -0.0646635 0.265 1
0.0157759 -0.0646635 0.265 1
0.0192024 -0.0645821 0.264667 1
0.0226121 -0.0653338 0.264222 1
0.0261838 -0.0651266 0.2635 1
0.0299044 -0.0652305 0.263684 1
0.0332749 -0.0652524 0.26375 1
0.0366389 -0.0656372 0.2636 1
0.0403633 -0.0664248 0.264 1
0.0436918 -0.0656857 0.263333 1
0.0467131 -0.0659813 0.2636 1
0.0502031 -0.0661732 0.263 1
-0.0185274 -0.059993 0.266 1
-0.0154371 -0.0602269 0.2655 1
-0.0124123 -0.0603188 0.264889 1
-0.00905171 -0.0610362 0.265143 1
-0.00543887 -0.0614376 0.264581 1
-0.00195125 -0.0614502 0.264179 1
0.00195748 -0.0617596 0.263667 1
0.00528767 -0.0624804 0.263923 1
0.00881979 -0.0625779 0.2635 1
0.0119453 -0.0624591 0.263 1
0.0167989 -0.0624591 0.263 1
-0.0251697 -0.0566385 0.2645 1
-0.0226356 -0.0576811 0.264909 1
-0.0191797 -0.0577769 0.26437 1
-0.0158067 -0.0583837 0.263944 1
-0.0123384 -0.058248 0.263333 1
-0.00862921 -0.0589995 0.2635 1
-0.00661267 -0.0590306 0.263 1
-0.0250763 -0.0555645 0.2635 1
-0.0234575 -0.0556022 0.263 1
0.0998001 0.0346136 0.263429 1
0.101981 0.0345251 0.264 1
0.0898885 0.0381084 0.263 1
0.0931271 0.0375083 0.2636 1
0.096284 0.0371294 0.264263 1
0.0997568 0.0363699 0.2651 1
0.102175 0.0364114 0.265667 1
0.0801813 0.0418226 0.263 1
0.0823759 0.04135 0.263222 1
0.0860125 0.0406883 0.263667 1
0.0894481 0.0403759 0.264583 1
0.092414 0.0394252 0.265125 1
0.095534 0.0391211 0.266 1
0.0716956 0.0448674 0.263143 1
0.0754234 0.0443722 0.264 1
0.0788138 0.0439122 0.264481 1
0.082416 0.0433582 0.265211 1
0.0856094 0.0427278 0.265667 1
0.0880262 0.0425885 0.266 1
0.0590538 0.0483937 0.263 1
0.0615606 0.048146 0.263429 1
0.0646563 0.0478022 0.264111 1
0.0680752 0.0471169 0.2645 1
0.0718543 0.0467029 0.265263 1
0.0752277 0.0459984 0.265667 1
0.0470625 0.0518222 0.263 1
0.0508232 0.050934 0.263571 1
0.0543626 0.0506009 0.264067 1
0.0577937 0.0507664 0.264607 1
0.0609488 0.050362 0.265167 1
0.0641262 0.0495444 0.2658 1
0.0347858 0.0552506 0.263 1
0.0368085 0.0552856 0.263167 1
0.0402954 0.0548098 0.264389 1
0.043704 0.0539775 0.26437 1
0.0472086 0.0538 0.264545 1
0.0504877 0.0537913 0.265667 1
0.0539742 0.0528695 0.26575 1
0.0202249 0.058679 0.263 1
0.0228238 0.058445 0.264 1
0.0262828 0.0580102 0.2645 1
0.0298383 0.0576781 0.264 1
0.0332659 0.057477 0.264538 1
0.036446 0.0574194 0.265389 1
0.0400338 0.0565165 0.266 1
0.0426904 0.0561698 0.266 1
0.00223803 0.0629646 0.263 1
0.00452209 0.0629646 0.263 1
0.00909018 0.0621075 0.263 1
0.0125485 0.061884 0.263667 1
0.015831 0.0614197 0.264333 1
0.0191126 0.060877 0.264615 1
0.0221476 0.0603905 0.2655 1
0.0262309 0.0596373 0.266 1
0.028541 0.0596373 0.266 1
0.0325837 0.0596373 0.266 1
0.002348 0.064694 0.264611 1
0.00541143 0.0645054 0.264625 1
0.00887848 0.0643489 0.265167 1
0.0121455 0.0640338 0.265571 1
0.0164129 0.0631049 0.266 1
0.0181456 0.0631049 0.266 1
0.0604011 -0.0735273 0.269 1
0.0644893 -0.0735273 0.269 1
0.0688175 -0.0743486 0.2688 1
0.0710083 -0.0745453 0.268455 1
0.0750994 -0.0737221 0.269 1
0.0770462 -0.0741117 0.269 1
0.0271108 -0.0703129 0.269 1
0.0302431 -0.0703188 0.2688 1
0.0335352 -0.0703129 0.269 1
0.0372781 -0.0708638 0.268615 1
0.0402572 -0.0709725 0.268313 1
0.0435952 -0.0710874 0.268611 1
0.0476615 -0.070772 0.2683 1
0.0506077 -0.0706609 0.267917 1
0.0544767 -0.0710527 0.268111 1
0.057432 -0.071352 0.267909 1
0.0611963 -0.0721013 0.2675 1
0.0645836 -0.0721604 0.267778 1
0.0681093 -0.0727359 0.267167 1
0.0719261 -0.0723946 0.267333 1
0.0753841 -0.0722771 0.267909 1
0.0772462 -0.0725939 0.267 1
-0.0105598 -0.066514 0.269 1
-0.00851564 -0.066514 0.269 1
-0.0050114 -0.066514 0.269 1
-0.00150717 -0.066514 0.269 1
0.00199707 -0.066514 0.269 1
0.00598801 -0.0670984 0.269 1
0.00927836 -0.0676411 0.268444 1
0.0124741 -0.0677872 0.26825 1
0.0159559 -0.0677239 0.268 1
0.019356 -0.067454 0.267842 1
0.0230253 -0.0685761 0.268158 1
0.026361 -0.0687156 0.267333 1
0.0296574 -0.0687913 0.267143 1
0.0332858 -0.0686299 0.267 1
0.0367137 -0.0690067 0.267333 1
0.0402665 -0.0695434 0.267167 1
0.0438578 -0.0697169 0.267833 1
0.047345 -0.0697169 0.267833 1
0.0500971 -0.0695 0.267 1
-0.0178603 -0.0630073 0.269 1
-0.0151556 -0.0637338 0.268778 1
-0.0119248 -0.0644019 0.268429 1
-0.00870954 -0.0644739 0.2678 1
-0.00499898 -0.0651839 0.268333 1
-0.00150341 -0.065157 0.268222 1
0.00198717 -0.0650227 0.267667 1
0.00525015 -0.0654476 0.267588 1
0.00806905 -0.0657295 0.267 1
-0.0257448 -0.059939 0.269 1
-0.0227493 -0.0607594 0.2681 1
-0.019419 -0.0610391 0.267818 1
-0.0158923 -0.0619207 0.267667 1
-0.0125102 -0.0622489 0.267 1
-0.0259804 -0.0583633 0.2678 1
-0.024394 -0.0587683 0.267 1
0.0998832 0.0380585 0.267333 1
0.102071 0.0379595 0.268 1
0.0930886 0.0412211 0.267077 1
0.0966199 0.0405341 0.26779 1
0.0996571 0.0396557 0.268214 1
0.102138 0.0393071 0.26875 1
0.0824707 0.0450283 0.267333 1
0.0859007 0.0443467 0.267615 1
0.0892864 0.0437809 0.267818 1
0.0925418 0.0435205 0.268706 1
0.0956312 0.0425644 0.268889 1
0.069517 0.0485497 0.267 1
0.071439 0.0485397 0.267091 1
0.0752899 0.0477875 0.2676 1
0.0786101 0.0471031 0.267909 1
0.0819064 0.0465382 0.2685 1
0.0856805 0.0456309 0.2686 1
0.0884349 0.0456989 0.269 1
0.0616911 0.0520303 0.267 1
0.0648752 0.0509464 0.2677 1
0.0680599 0.0503064 0.268111 1
0.0718765 0.049952 0.268727 1
0.0745525 0.0495342 0.268667 1
0.0773382 0.0492055 0.269 1
0.04459 0.0558009 0.267 1
0.0471986 0.0558009 0.267 1
0.0511601 0.0551305 0.2675 1
0.054402 0.0543075 0.268214 1
0.0576796 0.0536225 0.268154 1
0.0610957 0.0534295 0.2682 1
0.0639234 0.0529391 0.268667 1
0.0344452 0.0592814 0.267 1
0.0371982 0.0587743 0.267333 1
0.0404235 0.0580924 0.2682 1
0.0439315 0.0572123 0.267786 1
0.0470324 0.0568204 0.2677 1
0.0501335 0.056605 0.26875 1
0.0199529 0.062762 0.267 1
0.0230282 0.0618599 0.267556 1
0.0264281 0.0615436 0.268 1
0.029851 0.0614956 0.267957 1
0.0334116 0.0609599 0.268 1
0.0369256 0.0600262 0.268167 1
0.0390836 0.0597255 0.269 1
0.00140253 0.0662426 0.267 1
0.00632995 0.0662426 0.267 1
0.00895695 0.0663667 0.2675 1
0.0124647 0.0657059 0.267538 1
0.0158668 0.0647552 0.26779 1
0.0195917 0.0642352 0.268 1
0.0226061 0.0635427 0.268667 1
0.00228058 0.0673641 0.268 1
0.00548086 0.0673642 0.268 1
0.00870792 0.0675652 0.2688 1
0.0133858 0.0667388 0.269 1
0.0722646 -0.0775863 0.273 1
0.0749527 -0.0777453 0.272 1
0.00202414 -0.0738919 0.2725 1
0.00499039 -0.0740275 0.273 1
0.00807255 -0.0743834 0.273 1
0.0109177 -0.0740275 0.273 1
0.0272175 -0.0740275 0.273 1
0.0298848 -0.0740275 0.273 1
0.0338535 -0.0742478 0.2725 1
0.0369975 -0.0749172 0.273 1
0.0402711 -0.0746159 0.272 1
0.0437022 -0.0750119 0.272571 1
0.0475154 -0.0743262 0.272909 1
0.0509325 -0.0746351 0.2724 1
0.0541497 -0.0748935 0.271833 1
0.0577298 -0.0754617 0.271812 1
0.0611762 -0.0755895 0.27136 1
0.0648928 -0.0758035 0.271917 1
0.0680623 -0.0759364 0.271222 1
0.0725712 -0.0760328 0.271444 1
0.0749725 -0.0754901 0.2709 1
-0.010599 -0.0702809 0.27 1
-0.00826002 -0.0705345 0.270222 1
-0.00476107 -0.0710562 0.271467 1
-0.00152397 -0.0713925 0.272 1
0.00187709 -0.0715814 0.272064 1
0.00507186 -0.0719451 0.272706 1
0.00845726 -0.0720065 0.2725 1
0.0119914 -0.0719449 0.272538 1
0.0156064 -0.0717119 0.272083 1
0.0191752 -0.071799 0.272417 1
0.0226804 -0.071668 0.271917 1
0.026038 -0.071881 0.271286 1
0.0297388 -0.0724869 0.271667 1
0.0332016 -0.0723237 0.271056 1
0.0364377 -0.0726135 0.2706 1
0.0402058 -0.0731008 0.270667 1
0.0436808 -0.0730107 0.270333 1
0.0468826 -0.0722399 0.270429 1
0.0508156 -0.0724639 0.270231 1
0.0538207 -0.072887 0.270417 1
0.0576945 -0.073214 0.27 1
0.0597463 -0.073214 0.27 1
-0.0221934 -0.0669603 0.272 1
-0.0192634 -0.0676348 0.272333 1
-0.0155936 -0.0680951 0.271643 1
-0.0120911 -0.0681756 0.270567 1
-0.00854817 -0.0685297 0.270033 1
-0.00509002 -0.0686131 0.270517 1
-0.00151557 -0.0683553 0.2705 1
0.00200821 -0.0683553 0.2705 1
0.00540066 -0.0684433 0.270636 1
0.00852483 -0.0692696 0.2704 1
0.0119982 -0.0698664 0.270667 1
0.0154874 -0.0696943 0.27 1
0.0192391 -0.0694597 0.27 1
0.0210563 -0.069401 0.27 1
-0.0260423 -0.0644995 0.270923 1
-0.022694 -0.0646388 0.270933 1
-0.0192738 -0.0648077 0.271286 1
-0.0157285 -0.0653576 0.2705 1
-0.0126998 -0.0659582 0.270143 1
-0.0263597 -0.0617232 0.270461 1
-0.0226164 -0.062655 0.27 1
-0.0196853 -0.062655 0.27 1
0.100277 0.0412102 0.270222 1
0.102793 0.0409835 0.270667 1
0.0905223 0.0452822 0.27 1
0.0932463 0.0448842 0.27025 1
0.0967129 0.0441467 0.271125 1
0.0996175 0.0435011 0.271789 1
0.102628 0.0428706 0.272375 1
0.0790912 0.0488019 0.27 1
0.0824186 0.0479623 0.2705 1
0.0857201 0.0476007 0.2715 1
0.089258 0.0475615 0.271923 1
0.0929226 0.0467052 0.271875 1
0.0958571 0.0460256 0.272667 1
0.0661946 0.0523215 0.27 1
0.0686371 0.0517349 0.27 1
0.0716306 0.0515559 0.2706 1
0.0753578 0.0511057 0.2707 1
0.0787087 0.0508862 0.271571 1
0.0819924 0.0499639 0.272333 1
0.0841191 0.0496406 0.273 1
0.0532979 0.0558412 0.27 1
0.0579876 0.0549613 0.27 1
0.0612505 0.0549952 0.270167 1
0.0649819 0.0544596 0.270762 1
0.0683295 0.0539843 0.271769 1
0.0718811 0.0533322 0.272667 1
0.0752282 0.0531995 0.273 1
0.0773028 0.0531995 0.273 1
0.0434161 0.0588581 0.27 1
0.0472024 0.0585532 0.270333 1
0.0508825 0.058104 0.270667 1
0.0543018 0.057837 0.271806 1
0.0576859 0.0572155 0.272091 1
0.0610747 0.0565504 0.272 1
0.0641462 0.0566543 0.2725 1
0.0339956 0.0623709 0.270333 1
0.0370504 0.062112 0.271214 1
0.0403597 0.0615403 0.271956 1
0.0438698 0.0606645 0.271952 1
0.0472205 0.0602971 0.272143 1
0.0506302 0.0603171 0.273 1
0.0157805 0.0664003 0.27 1
0.0193129 0.0658624 0.2702 1
0.0229092 0.0652719 0.270722 1
0.0260255 0.0646424 0.271125 1
0.0297331 0.0644369 0.271611 1
0.0330246 0.0640368 0.272 1
0.0358121 0.0638759 0.273 1
0.00288381 0.0690401 0.27 1
0.00552176 0.0690401 0.27 1
0.00876018 0.0691424 0.2704 1
0.011952 0.06867 0.271 1
0.0155865 0.0680852 0.271476 1
0.0188653 0.067638 0.272222 1
0.0224277 0.0672864 0.2724 1
0.0263284 0.0665449 0.273 1
0.00278449 0.0711559 0.2718 1
0.00510749 0.071404 0.272091 1
0.00828547 0.0712599 0.2722 1
0.0114511 0.0708155 0.273 1
0.0147703 0.0701037 0.273 1
0.075156 -0.0808375 0.276 1
0.0172668 -0.0778559 0.275 1
0.0193565 -0.077856 0.275 1
0.0231027 -0.0780698 0.275625 1
0.0262228 -0.0784534 0.275 1
0.0298132 -0.07866 0.275818 1
0.0331887 -0.0789913 0.275833 1
0.0362843 -0.0783068 0.275533 1
0.0402503 -0.077541 0.275909 1
0.0438363 -0.0775572 0.275 1
0.0474061 -0.0775414 0.275889 1
0.0509358 -0.078061 0.275571 1
0.0543333 -0.078334 0.2751 1
0.0577604 -0.0790509 0.275154 1
0.0613066 -0.0791336 0.275091 1
0.0644944 -0.0788516 0.275111 1
0.0682561 -0.0784541 0.275 1
0.0715164 -0.0791241 0.2756 1
0.0744282 -0.0791217 0.274667 1
0.00917294 -0.0751916 0.274 1
0.0125512 -0.0751855 0.274308 1
0.0157449 -0.0753303 0.2745 1
0.0193219 -0.0753303 0.2745 1
0.0229494 -0.0752992 0.274706 1
0.0261956 -0.0755593 0.274714 1
0.0297505 -0.0759263 0.2745 1
0.0330039 -0.0759896 0.2743 1
0.0364029 -0.0763552 0.274 1
0.0403416 -0.0762096 0.274143 1
0.0437725 -0.0764906 0.2746 1
0.0471447 -0.0758772 0.274077 1
0.050451 -0.0764906 0.2746 1
0.0543849 -0.0766799 0.274 1
0.100786 0.04506 0.274 1
0.102945 0.0449258 0.275 1
0.0926616 0.0486184 0.274111 1
0.0966002 0.0477183 0.274882 1
0.0997223 0.0468987 0.275 1
0.103195 0.0462332 0.275667 1
0.0802629 0.0519061 0.274 1
0.0825115 0.0515513 0.274222 1
0.0857682 0.0508642 0.275091 1
0.0889948 0.0503496 0.27525 1
0.0927835 0.049989 0.275364 1
0.0957248 0.0496666 0.275889 1
0.0692573 0.0554779 0.274 1
0.0720091 0.0550218 0.274462 1
0.0752515 0.0550618 0.274889 1
0.0789112 0.0544967 0.2752 1
0.0822253 0.0533835 0.275294 1
0.0847438 0.0528846 0.276 1
0.0576999 0.0590928 0.2742 1
0.061268 0.0586398 0.274687 1
0.0647102 0.0583502 0.274824 1
0.06798 0.0573623 0.275 1
0.0711122 0.0568987 0.275636 1
0.075156 0.0564825 0.276 1
0.077553 0.0564825 0.276 1
0.0415947 0.0626216 0.274 1
0.0438106 0.062812 0.274833 1
0.0473082 0.0619874 0.274231 1
0.0511613 0.0617194 0.274714 1
0.0541856 0.0613286 0.275167 1
0.0574699 0.0604611 0.275 1
0.0613374 0.0600441 0.275833 1
0.0640701 0.0600804 0.276 1
0.0279121 0.0661934 0.274 1
0.0299943 0.0661934 0.274 1
0.0337172 0.0659039 0.274444 1
0.0369112 0.065036 0.274556 1
0.040088 0.0647371 0.275263 1
0.0434537 0.0639935 0.275417 1
0.0474758 0.0634081 0.275571 1
0.0499881 0.0633785 0.276 1
0.0166091 0.0697652 0.274 1
0.0198386 0.0689998 0.274 1
0.0231051 0.0688099 0.274429 1
0.0263134 0.0684686 0.275048 1
0.0297179 0.0676585 0.275111 1
0.0329002 0.0677172 0.275538 1
0.0353067 0.0669764 0.276 1
0.00619846 0.0733371 0.274 1
0.00976784 0.0724441 0.274 1
0.0124263 0.0722058 0.2749 1
0.015654 0.0717658 0.275143 1
0.0192807 0.0706637 0.275538 1
0.0227227 0.0705743 0.276 1
0.00264828 0.0747719 0.276 1
0.00492631 0.0747068 0.275455 1
0.00862122 0.073993 0.275333 1
0.0513204 -0.0847466 0.28 1
0.0543695 -0.0844431 0.2785 1
0.0575933 -0.0847453 0.278 1
0.0614399 -0.0855277 0.279476 1
0.0646947 -0.0856591 0.28 1
0.0683423 -0.0856591 0.28 1
0.0716858 -0.0850508 0.28 1
0.0736812 -0.0842917 0.2795 1
0.0369834 -0.0812284 0.277333 1
0.0400729 -0.081391 0.277889 1
0.0436716 -0.0820898 0.278428 1
0.0471796 -0.0821287 0.279212 1
0.0506573 -0.0823341 0.279033 1
0.0542229 -0.0821654 0.27803 1
0.057751 -0.0825137 0.2776 1
0.0612725 -0.0826035 0.278435 1
0.0648831 -0.0824102 0.27888 1
0.0682908 -0.0822655 0.2788 1
0.0718497 -0.0821913 0.27869 1
0.0741179 -0.0820552 0.277917 1
0.0374795 -0.0793851 0.277 1
0.0401687 -0.0794347 0.27725 1
0.0436061 -0.0794211 0.277333 1
0.0472913 -0.0791156 0.277077 1
0.0503955 -0.0795956 0.277417 1
0.0540783 -0.0799268 0.277 1
0.0661065 -0.0799268 0.277 1
0.0681685 -0.0797548 0.277 1
0.0988833 0.0488634 0.277 1
0.103093 0.0479607 0.277 1
0.0865544 0.0524744 0.277 1
0.0898192 0.0517006 0.277 1
0.0926362 0.0516089 0.2772 1
0.0962862 0.0512593 0.27775 1
0.0997426 0.0507507 0.2785 1
0.103146 0.0502333 0.279222 1
0.0824049 0.0552224 0.2772 1
0.0860396 0.0545566 0.27787 1
0.089249 0.0539651 0.278619 1
0.092337 0.0537606 0.279333 1
0.0961685 0.0533192 0.28 1
0.0691136 0.0587935 0.277 1
0.072054 0.0583557 0.277571 1
0.0753536 0.0581907 0.27825 1
0.078904 0.057854 0.27855 1
0.0820615 0.0573704 0.279 1
0.0856078 0.0568546 0.2796 1
0.0890116 0.0560844 0.28 1
0.0558826 0.0624045 0.277 1
0.058058 0.062279 0.277333 1
0.0613847 0.0618083 0.278571 1
0.0650635 0.0611726 0.278429 1
0.0679972 0.0609706 0.279 1
0.0718113 0.0603871 0.2795 1
0.0747423 0.060084 0.2795 1
0.0786769 0.0597344 0.28 1
0.041148 0.0660154 0.277 1
0.0438073 0.065593 0.277333 1
0.0471537 0.0651889 0.277471 1
0.0509265 0.0651601 0.27835 1
0.0542689 0.0646885 0.278818 1
0.0575396 0.0641133 0.2792 1
0.0604686 0.0636132 0.279667 1
0.0297213 0.0696263 0.277 1
0.0334448 0.0691748 0.277273 1
0.036726 0.0682545 0.2779 1
0.0401863 0.0682304 0.278667 1
0.0437923 0.0679994 0.279167 1
0.0472904 0.0675311 0.279533 1
0.0502659 0.0671729 0.279625 1
0.0168119 0.0730242 0.277333 1
0.01943 0.0725631 0.277692 1
0.0225856 0.0722937 0.278 1
0.0262399 0.0717778 0.278333 1
0.0298277 0.0719642 0.279273 1
0.0331536 0.0713395 0.279067 1
0.0369481 0.0703907 0.2798 1
0.00266747 0.0768237 0.278 1
0.00508179 0.0768237 0.278 1
0.00851417 0.0758911 0.277429 1
0.0123239 0.0753041 0.277958 1
0.0158515 0.0753541 0.27887 1
0.0187921 0.074691 0.279231 1
0.0227481 0.0740305 0.28 1
0.00266747 0.0774277 0.278 1
0.00510616 0.0784074 0.279333 1
0.00860992 0.0780699 0.279333 1
0.0115015 0.0776805 0.28 1
0.0496734 -0.0850492 0.281 1
0.0716368 -0.0868808 0.281 1
0.102752 0.0520111 0.281 1
0.0908547 0.0556742 0.281 1
0.0929987 0.055435 0.281333 1
0.0960762 0.0548519 0.282 1
0.0998378 0.0540789 0.282 1
0.102907 0.0531285 0.281889 1
0.0822092 0.0592035 0.281333 1
0.0858038 0.0586644 0.282 1
0.0890821 0.0578134 0.282286 1
0.0920081 0.0569256 0.282667 1
0.0954952 0.0560704 0.283 1
0.0695015 0.0620845 0.281 1
0.0716802 0.0621214 0.281167 1
0.0756788 0.0615191 0.281667 1
0.0785012 0.0612389 0.282375 1
0.0821865 0.0603041 0.282667 1
0.0859116 0.0597174 0.2828 1
0.0579518 0.0657945 0.2812 1
0.061333 0.064823 0.281714 1
0.0648648 0.0639778 0.2818 1
0.0682988 0.0638109 0.282333 1
0.0716347 0.0635512 0.283 1
0.0450977 0.0694107 0.281 1
0.0473187 0.0695342 0.2815 1
0.0506434 0.0688708 0.281533 1
0.0541361 0.0678214 0.282 1
0.0575864 0.0673024 0.2824 1
0.0610868 0.066523 0.283 1
0.0333078 0.0730623 0.28125 1
0.0365997 0.072372 0.282 1
0.0401931 0.0715535 0.282 1
0.0435089 0.0710588 0.282 1
0.0472295 0.0710842 0.2828 1
0.0515631 0.0702122 0.283 1
0.0196714 0.0761198 0.2812 1
0.0227581 0.0760152 0.282 1
0.0262601 0.0751204 0.2818 1
0.0295446 0.0752144 0.282364 1
0.033098 0.0744283 0.2822 1
0.0365094 0.0739014 0.283 1
0.00514127 0.0801897 0.281333 1
0.00929866 0.0798424 0.2814 1
0.0126373 0.0788972 0.281625 1
0.0156568 0.0786676 0.282059 1
0.0191359 0.0781358 0.2823 1
0.0223774 0.0775905 0.283 1
0.00578762 0.0815871 0.283 1
0.00763093 0.0815871 0.283 1
0.0110103 0.0806648 0.283 1
0.0976825 0.0556515 0.284 1
0.100053 0.0557691 0.2846 1
0.102924 0.054726 0.284 1
0.0884334 0.0593537 0.284 1
0.0929289 0.058105 0.284143 1
0.0963025 0.0579852 0.2853 1
0.099599 0.0572206 0.285667 1
0.102835 0.0568355 0.286333 1
0.0794926 0.0621304 0.284 1
0.0826475 0.0619653 0.284857 1
0.0857635 0.0615803 0.285375 1
0.0893955 0.0608474 0.2855 1
0.0924283 0.0606469 0.286143 1
0.0949757 0.0602925 0.287 1
0.0625359 0.0661411 0.284 1
0.0648794 0.065712 0.284429 1
0.0683219 0.0656717 0.284636 1
0.0718186 0.065351 0.285357 1
0.0751573 0.0646051 0.285381 1
0.0784264 0.0643898 0.286111 1
0.0814846 0.0639594 0.286667 1
0.086252 0.0630985 0.287 1
0.0881213 0.0630985 0.287 1
0.0523619 0.0698433 0.284 1
0.0535951 0.0698433 0.284 1
0.057538 0.0689779 0.284364 1
0.061108 0.0683483 0.285333 1
0.0648734 0.0674626 0.286273 1
0.0680178 0.0676689 0.286909 1
0.0717123 0.0666457 0.286167 1
0.0747242 0.0668398 0.287 1
0.0440377 0.0726199 0.284 1
0.0469745 0.0727114 0.2846 1
0.0507958 0.0718553 0.284938 1
0.0539373 0.0713974 0.2856 1
0.057165 0.0706023 0.286 1
0.0603231 0.0704991 0.286667 1
0.0313973 0.0763221 0.284 1
0.0334136 0.0761917 0.284455 1
0.0368082 0.0754188 0.285177 1
0.0401447 0.074725 0.285588 1
0.043329 0.0745226 0.285714 1
0.0474608 0.0741321 0.286667 1
0.0491763 0.0740106 0.287 1
0.01999 0.0797158 0.284 1
0.0229184 0.0791289 0.284937 1
0.0261105 0.0783051 0.284952 1
0.0297434 0.0783779 0.285867 1
0.0332101 0.0777788 0.286333 1
0.00489687 0.0830204 0.28475 1
0.00897291 0.0825843 0.284667 1
0.0122279 0.0821751 0.285437 1
0.0158538 0.0818857 0.286044 1
0.0190614 0.0817635 0.286 1
0.022094 0.0812784 0.286714 1
0.0254977 0.0805579 0.287 1
0.00524631 0.0852345 0.287 1
0.00839254 0.0847077 0.286571 1
0.010836 0.0841523 0.2865 1
0.0996837 0.0589383 0.288 1
0.103652 0.0584708 0.288538 1
0.105413 0.0593475 0.29 1
0.0899916 0.0626926 0.288 1
0.0933659 0.0623964 0.288556 1
0.0963141 0.0613877 0.288333 1
0.0994752 0.0608075 0.289111 1
0.102997 0.0598535 0.2894 1
0.105413 0.0599776 0.29 1
0.0765478 0.0664469 0.288 1
0.0799869 0.0655084 0.288 1
0.0824322 0.0652483 0.288429 1
0.0856578 0.0651543 0.2892 1
0.0893624 0.0642806 0.289077 1
0.092366 0.063871 0.289286 1
0.095714 0.063462 0.2898 1
0.0647436 0.0693428 0.288333 1
0.0686161 0.0692545 0.288833 1
0.0717308 0.0684162 0.288571 1
0.0755062 0.0680909 0.289 1
0.0784632 0.0673132 0.2893 1
0.081172 0.0672234 0.29 1
0.0548888 0.0730049 0.2882 1
0.0580133 0.0722299 0.2886 1
0.0616799 0.0716216 0.288857 1
0.0647135 0.0709059 0.2896 1
0.0670052 0.0710038 0.29 1
0.0714127 0.0700587 0.29 1
0.041315 0.0766355 0.288667 1
0.0441858 0.07638 0.288714 1
0.0471734 0.0759674 0.288647 1
0.0507739 0.0751559 0.289 1
0.0541514 0.0745345 0.289364 1
0.0578365 0.0737882 0.2898 1
0.0271497 0.0802128 0.288 1
0.029721 0.0803985 0.288667 1
0.0333036 0.079289 0.288364 1
0.0367268 0.0785592 0.28925 1
0.040277 0.0780429 0.289375 1
0.0432678 0.0780134 0.289545 1
0.0471401 0.077566 0.2898 1
0.012768 0.0839671 0.288 1
0.0205842 0.0830285 0.288 1
0.0229889 0.0827755 0.28875 1
0.0260507 0.0823298 0.28925 1
0.0292717 0.0815534 0.2892 1
0.0326902 0.0810849 0.29 1
0.00656042 0.0870705 0.29 1
0.00907223 0.086231 0.288909 1
0.0123529 0.0856681 0.28925 1
0.015636 0.0845727 0.289 1
0.019099 0.0846214 0.289167 1
0.0213568 0.0848653 0.29 1
0.00656042 0.0877006 0.29 1
0.00876413 0.0877006 0.29 1
0.100522 0.0624688 0.291333 1
0.103375 0.0617785 0.291556 1
0.105731 0.0614078 0.2914 1
0.0890957 0.0659199 0.2912 1
0.0929713 0.0654303 0.291615 1
0.0964035 0.064981 0.291824 1
0.0998897 0.064759 0.292778 1
0.103013 0.0639153 0.29325 1
0.105549 0.0631444 0.293 1
0.0732385 0.069668 0.291 1
0.0751339 0.069668 0.291 1
0.0789087 0.0691156 0.291333 1
0.0826991 0.0683636 0.2915 1
0.0859998 0.0684399 0.2925 1
0.0894026 0.0682493 0.29304 1
0.0924023 0.067389 0.293 1
0.0964687 0.066912 0.293571 1
0.0609183 0.0734615 0.291 1
0.0647091 0.0725131 0.291 1
0.068366 0.0722854 0.291778 1
0.0718512 0.071985 0.292333 1
0.075131 0.0714194 0.292467 1
0.0788087 0.0714942 0.293444 1
0.082181 0.0706095 0.2936 1
0.0842066 0.0707057 0.294 1
0.0523889 0.0763066 0.291 1
0.0543602 0.0764115 0.2914 1
0.0576947 0.0756877 0.292267 1
0.0612619 0.0752827 0.292571 1
0.0647814 0.0748859 0.293053 1
0.0682031 0.0744875 0.2938 1
0.0713338 0.0742188 0.294 1
0.0743126 0.0735801 0.294 1
0.0375415 0.0801 0.291 1
0.0405234 0.0800581 0.292 1
0.0443287 0.0794411 0.291636 1
0.0472328 0.0792656 0.292 1
0.0507724 0.0786354 0.2926 1
0.0541332 0.0782641 0.2936 1
0.0574329 0.0776111 0.293714 1
0.0605888 0.0774126 0.294 1
0.0268008 0.0835773 0.291 1
0.0299055 0.0829378 0.29125 1
0.0335361 0.0825613 0.291875 1
0.0365726 0.0822887 0.293 1
0.0401918 0.0815133 0.292667 1
0.0433117 0.0816647 0.293385 1
0.0470253 0.0809401 0.293667 1
0.0116375 0.0873708 0.291 1
0.0157442 0.0864224 0.291 1
0.019231 0.0864719 0.291167 1
0.022832 0.0861204 0.29225 1
0.0262641 0.0853468 0.292571 1
0.0294664 0.0851452 0.293286 1
0.0321295 0.0846142 0.2935 1
0.00582973 0.0894453 0.292875 1
0.00881911 0.0895142 0.2918 1
0.0123356 0.0891077 0.292545 1
0.0155943 0.0887406 0.293286 1
0.0190332 0.0882896 0.293 1
0.0221833 0.0882715 0.294 1
0.00600127 0.0913098 0.2935 1
0.00887495 0.0920004 0.293667 1
0.0111191 0.0914653 0.294 1
0.103778 0.0653506 0.2952 1
0.105986 0.0652396 0.296 1
0.0932019 0.0691174 0.2954 1
0.0961628 0.0688245 0.295714 1
0.099815 0.0679265 0.2958 1
0.103006 0.0674796 0.296667 1
0.106023 0.0665876 0.297 1
0.0758464 0.0731894 0.295 1
0.0786741 0.0734375 0.296 1
0.0821037 0.0723624 0.295111 1
0.0857534 0.0718215 0.295667 1
0.0890468 0.071904 0.2963 1
0.0925689 0.0707644 0.29625 1
0.0963504 0.0704592 0.297 1
0.0683917 0.0761965 0.295364 1
0.0719827 0.0757453 0.295857 1
0.0753857 0.0749695 0.296333 1
0.0786741 0.0740806 0.296 1
0.0825994 0.0740163 0.296889 1
0.0541954 0.0798974 0.295429 1
0.0578108 0.0791191 0.295818 1
0.0615908 0.0785168 0.29575 1
0.0645815 0.0779864 0.296 1
0.0679778 0.0778799 0.297 1
0.0377373 0.0834443 0.295 1
0.0402992 0.0834443 0.295 1
0.0441793 0.0830343 0.29525 1
0.0476669 0.0824557 0.295667 1
0.0504308 0.0818254 0.295929 1
0.0540122 0.0812771 0.296444 1
0.0572744 0.0806929 0.296667 1
0.0258882 0.0872899 0.295 1
0.0307273 0.086426 0.295333 1
0.0334416 0.08603 0.295857 1
0.0368677 0.0850909 0.295923 1
0.0402645 0.0851709 0.296412 1
0.0438659 0.0842627 0.296 1
0.0463759 0.0843326 0.297 1
0.0166011 0.090174 0.295 1
0.0191631 0.090174 0.295 1
0.0228974 0.0898392 0.295889 1
0.0262061 0.0887351 0.296 1
0.0295912 0.0881449 0.2968 1
0.00595098 0.0930866 0.295273 1
0.00860471 0.0938051 0.295333 1
0.0122793 0.0927983 0.2958 1
0.0154259 0.0921258 0.29625 1
0.019293 0.0920759 0.297 1
0.0224097 0.0917533 0.297 1
0.00575152 0.0953024 0.297 1
0.00865326 0.0953023 0.297 1
0.103884 0.069097 0.2992 1
0.106886 0.0685627 0.299769 1
0.0929893 0.0723464 0.298231 1
0.0964883 0.0722566 0.299286 1
0.0996749 0.0711455 0.299462 1
0.102706 0.0709631 0.3005 1
0.107124 0.0701002 0.301 1
0.0751525 0.0766776 0.2986 1
0.0788722 0.075757 0.298167 1
0.0820475 0.0757992 0.298333 1
0.0856478 0.0751177 0.298765 1
0.0891062 0.0751625 0.299632 1
0.092611 0.0746546 0.300182 1
0.0947072 0.074678 0.301 1
0.0591486 0.0804082 0.298 1
0.0614131 0.0804082 0.298 1
0.0651658 0.0796312 0.298 1
0.0684363 0.0794878 0.299 1
0.0716803 0.0789459 0.299235 1
0.0750332 0.0784808 0.29975 1
0.0787047 0.0780465 0.300316 1
0.0825659 0.0779063 0.300417 1
0.0858142 0.0772297 0.30075 1
0.0890434 0.0772939 0.301 1
0.0517081 0.0833217 0.298 1
0.0546781 0.0831115 0.298571 1
0.0579155 0.0824755 0.299 1
0.0611433 0.0823334 0.2995 1
0.0647237 0.0819401 0.300118 1
0.0678386 0.0814543 0.300667 1
0.0724877 0.0805637 0.301 1
0.0741214 0.0805637 0.301 1
0.034886 0.0868827 0.298 1
0.0369268 0.0871159 0.2988 1
0.0401965 0.0871742 0.299 1
0.0438361 0.0864486 0.298733 1
0.0476156 0.0858298 0.299 1
0.0507028 0.0857528 0.2997 1
0.054072 0.085694 0.300158 1
0.0575893 0.0847987 0.300556 1
0.0607244 0.0844875 0.301 1
0.0266367 0.0902818 0.298 1
0.0297616 0.089947 0.2985 1
0.0330734 0.089309 0.299158 1
0.0366403 0.0887707 0.3 1
0.0397131 0.0882719 0.299571 1
0.0435594 0.0880588 0.2998 1
0.0466737 0.0880843 0.301 1
0.0162456 0.0939074 0.298571 1
0.0194108 0.0936078 0.2988 1
0.0230527 0.0932592 0.298571 1
0.0261886 0.0926646 0.299333 1
0.0293957 0.0925602 0.300667 1
0.0331133 0.0915176 0.301 1
0.00641789 0.0969182 0.298 1
0.0086824 0.0969181 0.298 1
0.0123388 0.0964711 0.298857 1
0.0155637 0.096489 0.29968 1
0.0191842 0.0957202 0.300333 1
0.022425 0.0956583 0.2998 1
0.0264676 0.0949622 0.299909 1
0.0286067 0.0949614 0.3 1
0.00643943 0.0985426 0.299 1
0.00860334 0.0989757 0.299 1
0.0123079 0.0987404 0.2996 1
0.0142771 0.0988722 0.3 1
0.100599 0.0731993 0.303 1
0.104107 0.0722129 0.303 1
0.106762 0.0711656 0.30275 1
0.0887928 0.0768945 0.302 1
0.0928362 0.0764571 0.302 1
0.0963233 0.0755045 0.303 1
0.0993652 0.0744139 0.30325 1
0.0763347 0.0801752 0.302 1
0.0789107 0.0799877 0.302 1
0.082236 0.0798472 0.302 1
0.0859844 0.0793232 0.3025 1
0.088928 0.0786195 0.302143 1
0.0929248 0.0782293 0.302545 1
0.0955521 0.0780024 0.303333 1
0.0661716 0.0831278 0.302 1
0.0684168 0.0827728 0.3025 1
0.0717492 0.0825253 0.3034 1
0.0754593 0.0822795 0.30319 1
0.07889 0.0820865 0.303 1
0.0821793 0.0814282 0.303 1
0.0848108 0.0814281 0.303 1
0.055462 0.087174 0.302 1
0.0578602 0.0866442 0.30225 1
0.0615057 0.0860654 0.303158 1
0.0645728 0.0855195 0.303733 1
0.0682049 0.0846141 0.304 1
0.07057 0.0843388 0.304 1
0.0367398 0.0908536 0.3026 1
0.0404253 0.0901174 0.302333 1
0.0438187 0.0901895 0.302438 1
0.0474487 0.0900873 0.302882 1
0.0506733 0.0888663 0.302687 1
0.0537819 0.0887995 0.302727 1
0.0580396 0.0880274 0.302571 1
0.060141 0.0880112 0.303 1
0.0305022 0.0936917 0.302 1
0.0333621 0.0931349 0.302471 1
0.0368186 0.0926968 0.30325 1
0.039978 0.0924596 0.303917 1
0.0431788 0.0922646 0.304 1
0.0301088 0.0946103 0.302 1
0.032511 0.0949236 0.303 1
0.107335 0.07294 0.305857 1
0.108903 0.0729267 0.306 1
0.0979524 0.0766644 0.305 1
0.100029 0.0761751 0.305091 1
0.103205 0.0752629 0.306316 1
0.106473 0.075092 0.307375 1
0.0979524 0.0779897 0.305 1
0.0999734 0.0780778 0.305778 1
0.103227 0.0776016 0.307111 1
0.0648423 0.0869356 0.305 1
0.0684844 0.0859416 0.305 1
0.0724577 0.0846162 0.305 1
0.0744443 0.0846162 0.305 1
0.0648423 0.0875982 0.305 1
0.107959 0.0763271 0.309 1
0.108629 0.0763271 0.309 1
0.106617 0.0776698 0.309 1
