0.0814014 -0.00731679 0.22 1
0.0692212 -0.00373193 0.22 1
0.0719279 -0.00389126 0.22 1
0.0754284 -0.00452575 0.219622 1
0.0789786 -0.0050637 0.219468 1
0.0820951 -0.00517472 0.2194 1
0.0855879 -0.00465978 0.22 1
0.0878497 -0.00492688 0.22 1
0.0443833 -0.00062504 0.22 1
0.0465327 -0.00062504 0.22 1
0.0513093 -0.00062504 0.22 1
0.0543609 -0.000731258 0.22 1
0.0577575 -0.00110302 0.22 1
0.0611967 -0.00119862 0.22 1
0.0646095 -0.00158029 0.21975 1
0.068277 -0.00164114 0.219347 1
0.071722 -0.00181772 0.21951 1
0.0752206 -0.00190503 0.219193 1
0.0788423 -0.00182361 0.219425 1
0.08201 -0.00218181 0.219457 1
0.0852961 -0.00248182 0.22 1
0.030736 0.00292569 0.22 1
0.0331367 0.0028512 0.22 1
0.0367408 0.00319882 0.22 1
0.0405758 0.00223928 0.219727 1
0.0437341 0.00175706 0.219143 1
0.0472047 0.00182073 0.2192 1
0.0507368 0.00174141 0.219345 1
0.0542101 0.00176916 0.218935 1
0.057774 0.00169011 0.218733 1
0.0612989 0.00175685 0.219 1
0.0646907 0.00175996 0.219214 1
0.0682098 0.00171409 0.219226 1
0.0715566 0.00163337 0.219636 1
0.0747541 0.000729243 0.22 1
0.0773413 0.000330925 0.22 1
0.00449921 0.00678369 0.22 1
0.0133358 0.0064252 0.22 1
0.0157241 0.0063057 0.22 1
0.0194983 0.00550062 0.219708 1
0.0227137 0.00543656 0.219333 1
0.0262297 0.00571769 0.219324 1
0.0297075 0.00532962 0.219214 1
0.0333308 0.00537583 0.218846 1
0.036826 0.00525845 0.218528 1
0.0402907 0.0053125 0.218531 1
0.0436578 0.00532009 0.218755 1
0.0472593 0.00508663 0.219149 1
0.0507193 0.00513594 0.219349 1
0.0543095 0.00486984 0.219235 1
0.0572872 0.00442835 0.2193 1
0.0611011 0.00415478 0.22 1
0.0642059 0.00415478 0.22 1
-0.00839742 0.00989059 0.22 1
-0.00512306 0.0091569 0.219941 1
-0.00170769 0.00891962 0.219667 1
0.00187061 0.0089239 0.219762 1
0.00515105 0.00878523 0.219913 1
0.0087981 0.00893461 0.22 1
0.012517 0.00868424 0.22 1
0.0156631 0.00864477 0.22 1
0.0192113 0.00817787 0.21895 1
0.0227412 0.00856618 0.218 1
0.0262158 0.00864747 0.218127 1
0.0297113 0.00831084 0.2187 1
0.0333459 0.00813161 0.218684 1
0.0367294 0.00777579 0.218087 1
0.040023 0.00763452 0.218588 1
0.043706 0.00722866 0.219 1
0.0486821 0.00726167 0.22 1
0.0491598 0.00726167 0.22 1
-0.0119149 0.0126915 0.219778 1
-0.00872458 0.0122856 0.219 1
-0.00537837 0.0120434 0.21884 1
-0.00213836 0.0111937 0.219 1
0.000912647 0.0107972 0.219 1
0.00566747 0.0107972 0.219 1
0.00709391 0.0107972 0.219 1
0.023864 0.010748 0.218 1
0.0253431 0.0107726 0.2185 1
-0.0120884 0.0156843 0.2185 1
-0.00921789 0.0153721 0.218 1
-0.00642784 0.014537 0.218 1
-0.0115517 0.0192375 0.21925 1
-0.010175 0.0188585 0.2192 1
0.0814224 -0.0108565 0.224 1
0.0585645 -0.00744982 0.224 1
0.0611271 -0.00789906 0.224 1
0.0646437 -0.00744982 0.224 1
0.0684603 -0.00810081 0.223714 1
0.0717916 -0.00816438 0.223543 1
0.0753643 -0.00843233 0.223104 1
0.0787896 -0.00860954 0.222648 1
0.0821807 -0.00864212 0.221957 1
0.0853929 -0.00859964 0.222556 1
0.0337613 -0.00379978 0.224 1
0.0372467 -0.003962 0.224 1
0.0403268 -0.00428645 0.224 1
0.0437483 -0.00425817 0.223636 1
0.0473599 -0.0047118 0.223686 1
0.0508295 -0.00480501 0.223595 1
0.0543283 -0.00473416 0.223361 1
0.0578308 -0.00516406 0.223184 1
0.0612042 -0.00525391 0.2225 1
0.0648934 -0.00520936 0.222472 1
0.0682068 -0.00531833 0.221776 1
0.0717183 -0.00544421 0.221546 1
0.0749181 -0.00613309 0.221182 1
0.0776929 -0.00638974 0.221 1
0.0861165 -0.00617634 0.221 1
0.0884889 -0.00374889 0.221 1
0.0164963 -0.000636404 0.224 1
0.0196628 -0.000989832 0.223818 1
0.0227677 -0.00112166 0.2235 1
0.0263238 -0.00130434 0.223563 1
0.0297027 -0.00156432 0.223304 1
0.0333193 -0.00184764 0.223 1
0.0367341 -0.00184612 0.222857 1
0.0402338 -0.00179014 0.222679 1
0.0435323 -0.00212294 0.221864 1
0.0474127 -0.002049 0.221651 1
0.0506808 -0.0020942 0.221698 1
0.0542972 -0.00234428 0.221694 1
0.0577864 -0.0027722 0.221304 1
0.0611796 -0.00283881 0.22115 1
0.0647376 -0.00326873 0.221 1
0.0676166 -0.00326873 0.221 1
0.082731 -0.000627882 0.221 1
0.0861116 -0.000977085 0.221 1
0.0891229 -0.00175897 0.2215 1
-0.00149821 0.00301364 0.224 1
0.00229523 0.0026243 0.224 1
0.00492145 0.0026243 0.224 1
0.00895397 0.00271235 0.223652 1
0.0122209 0.00223025 0.223174 1
0.0157382 0.00173718 0.222839 1
0.0192432 0.00177756 0.222036 1
0.022664 0.00182576 0.221828 1
0.0262294 0.00177787 0.222 1
0.0295384 0.00145506 0.221667 1
0.0334739 0.00107992 0.221389 1
0.0368028 0.00129324 0.221333 1
0.0397474 0.000682043 0.221273 1
0.0728946 0.00321336 0.221 1
0.0755263 0.00238662 0.2214 1
0.0788748 0.00190827 0.221926 1
0.0822815 0.00152493 0.222255 1
0.0856998 0.00154651 0.222572 1
0.088877 0.00146424 0.222634 1
-0.0143862 0.00690703 0.224 1
-0.0117802 0.00633864 0.223842 1
-0.00863401 0.00559903 0.223372 1
-0.00535918 0.00541266 0.222755 1
-0.00170547 0.00519845 0.222825 1
0.00189141 0.00516084 0.222339 1
0.00532349 0.00502744 0.222212 1
0.00857954 0.00528305 0.221981 1
0.0120142 0.00520066 0.221333 1
0.0157955 0.00465383 0.221 1
0.0180747 0.00441375 0.221 1
0.0241925 0.00417367 0.221 1
0.0261118 0.00417367 0.221 1
0.0512827 0.00687619 0.223 1
0.0538684 0.00647561 0.221687 1
0.0579086 0.0060601 0.221769 1
0.0611808 0.00586594 0.221842 1
0.0648345 0.00576626 0.222111 1
0.0682144 0.00543683 0.2222 1
0.0716856 0.00521532 0.222585 1
0.0751591 0.00479584 0.223067 1
0.0785826 0.0044713 0.223875 1
0.0826382 0.00350032 0.224 1
0.0855563 0.00350032 0.224 1
0.0884743 0.00350032 0.224 1
-0.0143311 0.00881891 0.223143 1
-0.0121074 0.00878415 0.222306 1
-0.00877135 0.00836063 0.221433 1
-0.00570453 0.0076832 0.221133 1
-0.00171805 0.00729468 0.221 1
0.00188063 0.00729468 0.221 1
0.00619905 0.00729468 0.221 1
0.00859817 0.00729468 0.221 1
0.0112372 0.00729468 0.221 1
0.0408731 0.0100254 0.223 1
0.043768 0.00991501 0.22325 1
0.0471523 0.00952932 0.223467 1
0.0508598 0.00890461 0.223681 1
0.0543016 0.00831399 0.22325 1
0.0576472 0.00834166 0.223273 1
0.061228 0.00784625 0.223636 1
0.0644182 0.00754859 0.223778 1
0.0670754 0.0073937 0.224 1
-0.0143163 0.0112488 0.221667 1
-0.0126874 0.0112269 0.221222 1
0.0226149 0.0135979 0.222 1
0.026556 0.0131723 0.222 1
0.0299211 0.0130229 0.223652 1
0.0332594 0.0127417 0.2239 1
0.0367587 0.0121339 0.223391 1
0.0402586 0.0119981 0.223619 1
0.0435691 0.0118549 0.224 1
0.0468703 0.0113977 0.224 1
0.0495673 0.0110437 0.224 1
0.00309413 0.0174566 0.222 1
0.00526311 0.0174566 0.222 1
0.00878929 0.0169996 0.222 1
0.0122345 0.0166685 0.22275 1
0.0158229 0.01603 0.222105 1
0.0192498 0.0157756 0.222095 1
0.0226485 0.0155517 0.222327 1
0.0261044 0.0155984 0.22298 1
0.0291517 0.0147958 0.2237 1
0.0332749 0.0142071 0.224 1
0.036193 0.0142071 0.224 1
-0.00843559 0.020499 0.221 1
-0.0051232 0.0201294 0.221333 1
-0.00153675 0.0199053 0.222263 1
0.00194876 0.0195959 0.2225 1
0.00525644 0.0193134 0.222622 1
0.00860898 0.0193782 0.222596 1
0.0120066 0.0187199 0.22325 1
0.0157316 0.018304 0.2235 1
0.0190802 0.0181093 0.2235 1
0.0225755 0.0178571 0.224 1
-0.0115653 0.0226846 0.222061 1
-0.00873185 0.0228117 0.222449 1
-0.00541128 0.0226696 0.222682 1
-0.00217945 0.0220829 0.22325 1
0.00141982 0.0217506 0.224 1
0.00595897 0.0212639 0.224 1
0.00828934 0.021568 0.224 1
-0.011225 0.0249139 0.224 1
-0.00879327 0.0249139 0.224 1
-0.00660475 0.0249139 0.224 1
0.0819707 -0.0142077 0.227 1
0.0847307 -0.0142077 0.227 1
0.0522025 -0.0107553 0.227 1
0.0541739 -0.0107553 0.227 1
0.0585571 -0.0107458 0.2268 1
0.0610787 -0.0110291 0.226533 1
0.0648288 -0.0110089 0.2268 1
0.0683581 -0.0114778 0.226643 1
0.0717582 -0.0114709 0.2265 1
0.0753389 -0.011858 0.226182 1
0.0787957 -0.0119384 0.226 1
0.0823784 -0.0122763 0.226023 1
0.0851051 -0.0122003 0.225963 1
0.0381562 -0.0075496 0.227 1
0.0403741 -0.0075496 0.227 1
0.0440568 -0.00790224 0.226818 1
0.0473369 -0.00821319 0.226562 1
0.0507314 -0.00850095 0.226149 1
0.0543179 -0.00876234 0.226429 1
0.057688 -0.00888304 0.226 1
0.0612755 -0.00949544 0.225259 1
0.0649826 -0.00921636 0.225514 1
0.0679231 -0.00964303 0.2252 1
0.0717715 -0.0099273 0.225 1
0.0744582 -0.0099273 0.225 1
0.0100638 -0.00385067 0.227 1
0.0118873 -0.00424522 0.227 1
0.0157315 -0.00385067 0.227 1
0.0191608 -0.00433982 0.226762 1
0.0226844 -0.00431528 0.226636 1
0.0264402 -0.00482478 0.226343 1
0.0295492 -0.00507696 0.226317 1
0.0331295 -0.00552732 0.226125 1
0.0367615 -0.00555516 0.226 1
0.0402316 -0.00599745 0.225467 1
0.0438863 -0.00606263 0.225467 1
0.0471628 -0.00638318 0.225 1
0.0507656 -0.0065054 0.225 1
0.0541851 -0.0065054 0.225 1
0.0563834 -0.0065054 0.225 1
-0.00767891 -0.000644927 0.227 1
-0.00546108 -0.000644927 0.227 1
-0.0017647 -0.000644928 0.227 1
0.00204328 -0.00109974 0.226846 1
0.00537904 -0.00113771 0.226857 1
0.00903855 -0.00156506 0.226684 1
0.0122212 -0.00187087 0.225898 1
0.0154973 -0.00210881 0.225683 1
0.0189946 -0.00251517 0.225548 1
0.0228684 -0.00286665 0.225364 1
0.0260726 -0.00289917 0.225176 1
0.0297597 -0.0033279 0.225 1
0.031958 -0.0033279 0.225 1
-0.0150717 0.003054 0.227 1
-0.0121036 0.00204838 0.226636 1
-0.0088765 0.00156541 0.226102 1
-0.00543117 0.00156291 0.225735 1
-0.0017882 0.00135226 0.225449 1
0.00174576 0.00108671 0.225412 1
0.00551641 0.00108671 0.225412 1
0.00866833 0.000925561 0.225333 1
0.0119291 0.000338445 0.225 1
-0.0150056 0.00500168 0.226 1
-0.0124821 0.00464439 0.225324 1
-0.00928347 0.00385437 0.225 1
-0.00541297 0.00351594 0.225 1
-0.00345893 0.00351594 0.225 1
0.0720965 0.00694557 0.22525 1
0.0754201 0.00653078 0.225687 1
0.0787603 0.00599235 0.226136 1
0.0823869 0.00498857 0.225823 1
0.0857904 0.00459921 0.225727 1
0.0888984 0.00456417 0.225588 1
0.0541851 0.0101154 0.225 1
0.0576096 0.0101178 0.225461 1
0.0612755 0.00966788 0.225929 1
0.0648602 0.00917674 0.226091 1
0.0681803 0.0085386 0.226111 1
0.0714635 0.00801818 0.2265 1
0.0748737 0.00773932 0.227 1
0.03782 0.0137817 0.225 1
0.0402626 0.0137817 0.225 1
0.0442928 0.0134151 0.225 1
0.0474699 0.0130601 0.22568 1
0.0507854 0.0122138 0.225906 1
0.0542579 0.0115161 0.226667 1
0.0576213 0.0114484 0.2267 1
0.0610738 0.0109451 0.227 1
0.0635381 0.0109451 0.227 1
0.0300372 0.0163131 0.225444 1
0.0331624 0.0160554 0.226 1
0.0368659 0.0154905 0.226133 1
0.0402352 0.0152717 0.226143 1
0.0434236 0.0147855 0.225824 1
0.0462883 0.014644 0.227 1
0.0125185 0.0204931 0.225333 1
0.0156231 0.020176 0.225429 1
0.0193339 0.0197665 0.225692 1
0.0228984 0.0193991 0.226067 1
0.0261302 0.0186733 0.226 1
0.0291245 0.018344 0.226571 1
-0.00130324 0.0234486 0.2255 1
0.00207772 0.0232488 0.226125 1
0.00528585 0.0229838 0.22605 1
0.00878805 0.0228516 0.225929 1
0.0120449 0.0219202 0.22624 1
0.0154219 0.0217097 0.226706 1
0.0184422 0.0213021 0.227 1
-0.0113252 0.0263661 0.226 1
-0.00886026 0.0263321 0.225714 1
-0.00546987 0.0258209 0.226062 1
-0.00266165 0.0251104 0.2265 1
0.0553892 -0.0143954 0.23 1
0.0578861 -0.0143954 0.23 1
0.0613816 -0.0143954 0.23 1
0.0648772 -0.0143954 0.23 1
0.0684306 -0.0149469 0.2295 1
0.071826 -0.0156654 0.229163 1
0.0752342 -0.015855 0.229388 1
0.0786281 -0.0157926 0.228902 1
0.0822731 -0.0158517 0.228837 1
0.0847449 -0.0159427 0.228667 1
0.0372271 -0.0110588 0.229889 1
0.0403497 -0.0113814 0.229667 1
0.0438322 -0.0118787 0.229629 1
0.0473729 -0.0119253 0.229237 1
0.0508171 -0.0123541 0.22916 1
0.0543279 -0.0125293 0.22895 1
0.0577353 -0.0124621 0.228761 1
0.0613006 -0.0128617 0.228824 1
0.0648208 -0.012842 0.228757 1
0.068141 -0.0132121 0.22825 1
0.0717383 -0.0132795 0.228 1
0.0747535 -0.0135047 0.228 1
0.0786687 -0.0137749 0.228 1
0.0824639 -0.0137749 0.228 1
0.00969736 -0.00764938 0.23 1
0.0116948 -0.00764938 0.23 1
0.0166885 -0.00764938 0.23 1
0.019435 -0.00764938 0.23 1
0.0229305 -0.00764938 0.23 1
0.0265129 -0.00838744 0.229235 1
0.0297915 -0.00861409 0.229 1
0.0332719 -0.00861409 0.229 1
0.036647 -0.00890574 0.228745 1
0.0401623 -0.00934246 0.2286 1
0.0433889 -0.00948707 0.228379 1
0.0469477 -0.00986381 0.22805 1
0.0506999 -0.0103074 0.228 1
0.0568877 -0.0103074 0.228 1
-0.0107766 -0.00390156 0.23 1
-0.00838892 -0.00450446 0.229696 1
-0.00502076 -0.0048895 0.2294 1
-0.00174336 -0.0047418 0.229759 1
0.00215458 -0.0045964 0.22972 1
0.00552029 -0.00498465 0.229432 1
0.00885155 -0.00544094 0.228915 1
0.0125533 -0.00585586 0.228765 1
0.0158559 -0.00562377 0.22881 1
0.0193082 -0.00611122 0.2285 1
0.022781 -0.00611123 0.2285 1
0.0257013 -0.00634445 0.228 1
0.030404 -0.00659213 0.228 1
-0.0145218 -0.000653451 0.23 1
-0.0118246 -0.00163484 0.229438 1
-0.00893341 -0.00197239 0.228442 1
-0.00519713 -0.00235879 0.22818 1
-0.00152759 -0.00238779 0.228486 1
0.00181382 -0.00277472 0.228391 1
0.00541326 -0.00288184 0.228333 1
0.00810842 -0.00296832 0.228091 1
-0.0156945 0.00133647 0.228889 1
-0.0129255 0.000591016 0.22825 1
0.0799062 0.006535 0.228 1
0.0821338 0.006535 0.228 1
0.0860448 0.00610972 0.228412 1
0.0889893 0.00605238 0.228444 1
0.0655506 0.0104979 0.228 1
0.0687682 0.0098374 0.228 1
0.0720437 0.00944363 0.228444 1
0.0753553 0.00923945 0.229214 1
0.0786274 0.00845401 0.229188 1
0.0820874 0.00802054 0.229212 1
0.0856078 0.00752026 0.229588 1
0.0893346 0.00707148 0.229333 1
0.0514424 0.0137178 0.228 1
0.0544754 0.0130424 0.228263 1
0.0577966 0.0129944 0.228333 1
0.0612681 0.0124382 0.228677 1
0.0648976 0.012162 0.229133 1
0.0682605 0.0113475 0.229478 1
0.0715676 0.010832 0.229833 1
0.0365918 0.0171853 0.228 1
0.0397961 0.0171011 0.2282 1
0.043909 0.0164054 0.228727 1
0.047311 0.0157658 0.228933 1
0.0506829 0.0152566 0.229455 1
0.0540298 0.0145257 0.229615 1
0.0579018 0.0144592 0.229533 1
0.0608302 0.0140757 0.2298 1
0.020256 0.0209005 0.228 1
0.0227311 0.0209005 0.228 1
0.0264556 0.0204705 0.228375 1
0.0300571 0.0196849 0.228692 1
0.0331142 0.0190286 0.229118 1
0.0364353 0.0185571 0.229316 1
0.0406653 0.0178967 0.229909 1
0.0426554 0.0178358 0.23 1
0.00961305 0.0241204 0.228 1
0.0125735 0.0237693 0.228583 1
0.0159269 0.0233882 0.228786 1
0.0194661 0.0226374 0.229226 1
0.0226208 0.0222763 0.229111 1
0.02611 0.0218978 0.229688 1
0.0291726 0.0213338 0.23 1
-0.0114254 0.0278356 0.228 1
-0.0089503 0.0278356 0.228 1
-0.0048906 0.0274459 0.228286 1
-0.0014369 0.0263834 0.228813 1
0.00194856 0.0257128 0.228929 1
0.00543122 0.0257289 0.229071 1
0.0087381 0.0253875 0.229375 1
0.0124439 0.0253315 0.23 1
0.0159394 0.0248317 0.23 1
-0.0110547 0.0289013 0.229143 1
-0.00865436 0.0289478 0.228952 1
-0.00524811 0.0288546 0.2296 1
-0.00278675 0.0283296 0.23 1
0.0693078 -0.0215092 0.234 1
0.071594 -0.0215092 0.234 1
0.0753113 -0.0216574 0.2334 1
0.0788497 -0.0214786 0.233667 1
0.0825453 -0.0217352 0.234 1
0.0413651 -0.0179504 0.234 1
0.0435341 -0.0179308 0.234 1
0.0472076 -0.0176962 0.234 1
0.0511704 -0.0181029 0.234 1
0.0542645 -0.0181866 0.233762 1
0.0579016 -0.018646 0.233727 1
0.0613355 -0.0186396 0.233417 1
0.064944 -0.0188358 0.233231 1
0.0681953 -0.0191747 0.23302 1
0.0717201 -0.0194029 0.232545 1
0.0751167 -0.0192953 0.231809 1
0.0786732 -0.0193037 0.231905 1
0.0822984 -0.0193275 0.23219 1
0.0843988 -0.0191017 0.2315 1
0.0167247 -0.0141374 0.234 1
0.0194254 -0.014619 0.234 1
0.02316 -0.0143069 0.234 1
0.0263555 -0.0146343 0.233809 1
0.0299151 -0.0146372 0.233857 1
0.0333102 -0.0150704 0.233394 1
0.0367262 -0.015108 0.233257 1
0.04044 -0.0155408 0.23313 1
0.043872 -0.0158146 0.232476 1
0.047389 -0.0157854 0.232775 1
0.0507041 -0.0158034 0.232366 1
0.0541625 -0.0158801 0.23219 1
0.0577346 -0.0160211 0.2318 1
0.0613038 -0.0160494 0.231806 1
0.0648093 -0.0160024 0.231543 1
0.068207 -0.0164602 0.2312 1
0.0709269 -0.0172184 0.231 1
0.0824623 -0.0172184 0.231 1
-0.00435936 -0.0108328 0.234 1
-0.00156176 -0.0113214 0.233571 1
0.00148321 -0.0111717 0.234 1
0.00503955 -0.0108328 0.234 1
0.008781 -0.0109541 0.233875 1
0.0121263 -0.011318 0.2335 1
0.0158358 -0.0118865 0.23345 1
0.0191671 -0.0122973 0.232809 1
0.0227329 -0.0123122 0.233095 1
0.0261991 -0.0122772 0.232429 1
0.0297326 -0.0122781 0.232429 1
0.0331725 -0.0122428 0.231786 1
0.0366313 -0.0124446 0.231639 1
0.0401979 -0.0130139 0.231273 1
0.0434051 -0.0135798 0.231 1
0.047104 -0.0137053 0.231 1
0.0543763 -0.0139562 0.231 1
-0.0142663 -0.00701981 0.234 1
-0.0119606 -0.0074891 0.234 1
-0.00856249 -0.0083789 0.2336 1
-0.00509422 -0.00875135 0.232667 1
-0.00155016 -0.00872545 0.232 1
0.00182155 -0.00870269 0.232789 1
0.00517462 -0.00874818 0.232571 1
0.00854271 -0.00894345 0.231833 1
0.0123035 -0.00905117 0.231733 1
0.0154331 -0.0089264 0.23173 1
0.0190387 -0.00945066 0.231257 1
0.0225813 -0.00946265 0.231543 1
0.0256342 -0.009869 0.231158 1
0.0295502 -0.010443 0.231 1
0.033061 -0.010443 0.231 1
0.0350671 -0.010443 0.231 1
-0.0179995 -0.00445868 0.233 1
-0.0154949 -0.00481651 0.233643 1
-0.0121639 -0.00535619 0.232619 1
-0.00869988 -0.00622894 0.231461 1
-0.00505578 -0.00667887 0.231 1
-0.0012441 -0.00637774 0.231 1
0.00175923 -0.00627027 0.231333 1
0.00522571 -0.00667887 0.231 1
-0.0179479 -0.00293231 0.232333 1
-0.0157705 -0.0020943 0.231628 1
-0.0129867 -0.00280413 0.231385 1
0.079453 0.00988324 0.231 1
0.0820208 0.00989037 0.231167 1
0.0858157 0.00934875 0.231929 1
0.088956 0.00857465 0.232545 1
0.0626516 0.0136473 0.231 1
0.0646986 0.0136557 0.231143 1
0.0684664 0.0131874 0.231722 1
0.0716475 0.0127029 0.232033 1
0.0750839 0.0119921 0.23219 1
0.0787742 0.0120474 0.233 1
0.0821274 0.0116648 0.233133 1
0.0857469 0.011019 0.2338 1
0.0483578 0.0169096 0.231 1
0.0509411 0.0168298 0.231625 1
0.0543963 0.0162357 0.231867 1
0.0575591 0.0162306 0.232235 1
0.0613128 0.0159635 0.232415 1
0.0647625 0.01524 0.232774 1
0.0682507 0.0147964 0.233278 1
0.0711473 0.0146197 0.2337 1
0.0738802 0.014333 0.234 1
0.034064 0.0204228 0.231 1
0.0370154 0.0202394 0.23205 1
0.0402632 0.0197534 0.232294 1
0.0439255 0.019145 0.232294 1
0.0470883 0.0188908 0.232824 1
0.0507806 0.0186577 0.233538 1
0.0542556 0.0181238 0.233714 1
0.0566065 0.018146 0.234 1
0.0192687 0.0241868 0.231 1
0.02303 0.0238796 0.231385 1
0.0262758 0.0235367 0.231792 1
0.0297754 0.0227914 0.2321 1
0.0332389 0.0223164 0.232879 1
0.0363916 0.0221087 0.233524 1
0.040349 0.0214506 0.234 1
-4.04177e-05 0.027449 0.231 1
0.00196573 0.0274491 0.231 1
0.00522571 0.0274491 0.231 1
0.00886217 0.0270772 0.231769 1
0.0121851 0.027149 0.232385 1
0.0156181 0.0264892 0.232187 1
0.0192135 0.025928 0.232823 1
0.0225177 0.0257638 0.233035 1
0.0259319 0.0251589 0.233417 1
0.0294259 0.024501 0.234 1
-0.0108547 0.0308014 0.231667 1
-0.00859124 0.0308014 0.231667 1
-0.00498276 0.0305158 0.232048 1
-0.00142082 0.0297404 0.232368 1
0.00169605 0.0294373 0.232812 1
0.00493151 0.029195 0.233273 1
0.00858695 0.0287872 0.233714 1
0.0111361 0.0288224 0.234 1
0.0159626 0.0280598 0.234 1
-0.010964 0.0323811 0.234 1
-0.0089318 0.0323811 0.234 1
-0.00449782 0.0318857 0.233889 1
0.0694245 -0.0248744 0.237 1
0.07174 -0.0248745 0.237 1
0.0750847 -0.0248745 0.237 1
0.0775546 -0.024823 0.237 1
0.083575 -0.024617 0.237 1
0.0416381 -0.0210126 0.237 1
0.0436964 -0.0210126 0.237 1
0.047579 -0.0215743 0.237 1
0.0509002 -0.0217849 0.237 1
0.0542449 -0.0217849 0.237 1
0.0579153 -0.0220899 0.236583 1
0.0613186 -0.0222539 0.2365 1
0.0649518 -0.0223413 0.236333 1
0.0681354 -0.022799 0.23575 1
0.0717968 -0.0231831 0.2355 1
0.0750715 -0.0233361 0.235636 1
0.0786207 -0.0231555 0.235615 1
0.0820762 -0.02322 0.236083 1
0.0169391 -0.0181805 0.237 1
0.0192546 -0.0181805 0.237 1
0.0228628 -0.0183923 0.236778 1
0.0260495 -0.0186322 0.236692 1
0.0300857 -0.0184741 0.2368 1
0.033433 -0.019132 0.23665 1
0.0366598 -0.0188313 0.236533 1
0.0402085 -0.019117 0.236 1
0.0438202 -0.0195904 0.235926 1
0.0473639 -0.0195155 0.235585 1
0.0505647 -0.0198524 0.235438 1
0.0541572 -0.0201132 0.2355 1
0.0573836 -0.0203725 0.235222 1
0.0611853 -0.02058 0.235 1
0.0642467 -0.02058 0.235 1
-0.00492981 -0.0143186 0.237 1
-0.00158415 -0.0142927 0.236571 1
0.00175422 -0.0142683 0.236167 1
0.00510416 -0.0143186 0.237 1
0.00883187 -0.0149324 0.236783 1
0.0124164 -0.0155063 0.236564 1
0.0157633 -0.0158873 0.235826 1
0.0192836 -0.016427 0.235467 1
0.0227881 -0.0160077 0.235316 1
0.0261574 -0.0165736 0.235539 1
0.0296051 -0.0165264 0.235429 1
0.0329319 -0.0168783 0.235 1
0.0366948 -0.017006 0.235 1
0.0392459 -0.017006 0.235 1
-0.0152617 -0.0113405 0.236625 1
-0.0123648 -0.0114635 0.2365 1
-0.00862962 -0.0118608 0.236316 1
-0.00527738 -0.01242 0.23585 1
-0.0015759 -0.0132072 0.235524 1
0.00193945 -0.0128791 0.235375 1
0.00507832 -0.0127114 0.2358 1
0.00856252 -0.0127484 0.235636 1
0.012216 -0.0131905 0.235238 1
0.0147553 -0.0133043 0.235 1
-0.0187047 -0.00772171 0.2368 1
-0.0156859 -0.00849114 0.23565 1
-0.0124665 -0.00907707 0.235 1
-0.00896997 -0.00985794 0.235 1
-0.0181797 -0.00603794 0.235333 1
-0.016415 -0.00610558 0.235143 1
0.0903639 0.00955447 0.23525 1
0.0914171 0.00938786 0.235333 1
0.0757266 0.0138836 0.235 1
0.0787731 0.0139258 0.235714 1
0.0825342 0.0134021 0.2355 1
0.085712 0.0126514 0.2358 1
0.0887783 0.0115142 0.236125 1
0.0646746 0.017182 0.235111 1
0.068163 0.0165086 0.235632 1
0.0718784 0.0159399 0.235741 1
0.0752789 0.0153662 0.236 1
0.078881 0.0149755 0.236526 1
0.0826301 0.0143574 0.2365 1
0.0846041 0.0142592 0.237 1
0.0484298 0.0202658 0.235 1
0.0509066 0.0203377 0.235833 1
0.0542838 0.0198409 0.235538 1
0.0578449 0.0193772 0.235813 1
0.061368 0.0187883 0.236154 1
0.0650868 0.0183015 0.236769 1
0.0682324 0.0175637 0.236429 1
0.0709682 0.0176062 0.237 1
0.0310823 0.0240951 0.235 1
0.033165 0.0241244 0.235286 1
0.0371507 0.0235276 0.235556 1
0.0402369 0.0229931 0.236214 1
0.0436324 0.0222814 0.235889 1
0.0472942 0.0219669 0.236385 1
0.0508404 0.0214423 0.236714 1
0.0539876 0.0214681 0.237 1
0.0173064 0.0276691 0.235 1
0.0193962 0.0277364 0.235571 1
0.023268 0.027383 0.235727 1
0.0261757 0.0269168 0.236174 1
0.0294712 0.0257997 0.235957 1
0.0333123 0.0252599 0.236333 1
0.0364121 0.0252265 0.236714 1
0.038808 0.0248151 0.237 1
0.00250998 0.0309878 0.235 1
0.00535556 0.0308195 0.235444 1
0.00866885 0.0303456 0.235952 1
0.0123671 0.0298346 0.2358 1
0.0158005 0.0293693 0.236 1
0.0189972 0.0287119 0.236071 1
0.0210556 0.0286769 0.237 1
-0.00855598 0.0335379 0.235875 1
-0.00574374 0.0331454 0.235933 1
-0.00157402 0.0323174 0.235381 1
0.00160064 0.0323269 0.2362 1
0.00407503 0.0322814 0.237 1
0.0087061 0.031509 0.237 1
0.0107644 0.031509 0.237 1
0.061701 -0.0286977 0.241 1
0.0647198 -0.0289192 0.241 1
0.0682416 -0.0284359 0.241 1
0.0719495 -0.0285715 0.240667 1
0.0752899 -0.0286888 0.2407 1
0.0786161 -0.0286652 0.240722 1
0.0818025 -0.0285668 0.241 1
0.026905 -0.0247707 0.241 1
0.0297829 -0.0247707 0.241 1
0.0330651 -0.0247469 0.241 1
0.0365852 -0.0245089 0.241 1
0.0402479 -0.0251372 0.241 1
0.0439106 -0.0252943 0.241 1
0.0477251 -0.0255153 0.240889 1
0.0508391 -0.0262301 0.2405 1
0.0541604 -0.0262401 0.240048 1
0.0577912 -0.0262141 0.2403 1
0.0611837 -0.0262352 0.24 1
0.0647313 -0.0262297 0.239952 1
0.0680371 -0.0262291 0.239 1
0.0716975 -0.0265957 0.238571 1
0.0752901 -0.0266068 0.238846 1
0.078874 -0.0263151 0.239129 1
0.0822332 -0.0262448 0.239842 1
0.00904926 -0.0217599 0.241 1
0.0122325 -0.0221152 0.240583 1
0.0153231 -0.0219163 0.2407 1
0.0195908 -0.0218983 0.2405 1
0.0229874 -0.0223496 0.240118 1
0.0262383 -0.0225561 0.2397 1
0.0297607 -0.02253 0.239429 1
0.0332526 -0.0225475 0.23905 1
0.0366963 -0.0224414 0.239103 1
0.040305 -0.0227237 0.239298 1
0.0438049 -0.0230104 0.239 1
0.0470862 -0.023254 0.239 1
0.0507046 -0.0234785 0.2385 1
0.0542472 -0.0234425 0.238143 1
0.0575948 -0.0236652 0.2383 1
0.0614497 -0.0239453 0.238 1
0.0648085 -0.0239453 0.238 1
0.0828941 -0.0242038 0.238 1
-0.0149547 -0.017702 0.241 1
-0.0120769 -0.017702 0.241 1
-0.00828077 -0.0180886 0.240917 1
-0.00517234 -0.0186767 0.240667 1
-0.00160968 -0.0182011 0.240667 1
0.00198249 -0.0185281 0.240667 1
0.00531553 -0.0190207 0.240093 1
0.00872889 -0.0192545 0.239478 1
0.0123383 -0.0193308 0.2391 1
0.0155593 -0.0195633 0.239059 1
0.0191176 -0.0198512 0.2385 1
0.0225021 -0.0199161 0.23825 1
0.0265056 -0.0201963 0.238 1
0.0296694 -0.0199651 0.238182 1
0.0319959 -0.0203256 0.238 1
0.0374216 -0.0203256 0.238 1
0.0394368 -0.0203773 0.238 1
-0.0182705 -0.0146265 0.240857 1
-0.0155198 -0.0156857 0.240216 1
-0.0122286 -0.0158286 0.239811 1
-0.00883986 -0.0157347 0.23939 1
-0.00527064 -0.015945 0.238833 1
-0.00159719 -0.0159861 0.2388 1
0.00177287 -0.0159861 0.2388 1
0.00513338 -0.0159583 0.2384 1
0.00874892 -0.0166249 0.238182 1
0.0118432 -0.017223 0.238 1
-0.0187886 -0.0122268 0.240258 1
-0.016054 -0.0129451 0.238741 1
-0.0123811 -0.0133365 0.2383 1
-0.00929587 -0.0135799 0.238 1
-0.00675918 -0.013862 0.238 1
-0.0186921 -0.00949101 0.2386 1
-0.0170939 -0.0094667 0.238 1
0.0894206 0.0130217 0.238571 1
0.091917 0.0125591 0.239444 1
0.0728178 0.0171634 0.238 1
0.0758424 0.0167876 0.238167 1
0.0788626 0.0166869 0.239 1
0.0822722 0.0162426 0.239129 1
0.0856648 0.0156083 0.23948 1
0.0888489 0.0147647 0.240429 1
0.0910029 0.0144999 0.241 1
0.0593828 0.0205246 0.238 1
0.0613215 0.0205676 0.2385 1
0.0647996 0.0200858 0.238917 1
0.0682531 0.0193711 0.239064 1
0.0717559 0.0190518 0.239517 1
0.0750041 0.0187423 0.239846 1
0.0782786 0.0183048 0.240636 1
0.0821077 0.0179034 0.241 1
0.0842007 0.0179034 0.241 1
0.0407803 0.0244027 0.238 1
0.0441678 0.024058 0.238 1
0.0472395 0.0236271 0.238 1
0.050705 0.0231596 0.2385 1
0.0543945 0.0231435 0.2394 1
0.0576524 0.0225209 0.2394 1
0.0609866 0.0220243 0.24025 1
0.0640557 0.0218304 0.241 1
0.0685032 0.021045 0.241 1
0.0703346 0.021045 0.241 1
0.0276036 0.0275052 0.238 1
0.0303588 0.0271559 0.238333 1
0.033255 0.0271026 0.239 1
0.0369222 0.0269413 0.2394 1
0.0402827 0.026317 0.239656 1
0.0437859 0.0261416 0.239829 1
0.047257 0.0253511 0.24 1
0.0505039 0.0251951 0.240625 1
0.0528058 0.0249721 0.241 1
0.0131351 0.0311249 0.238 1
0.0159923 0.0310479 0.239 1
0.0193094 0.0305233 0.238913 1
0.0228249 0.0297081 0.239193 1
0.0264666 0.0293806 0.239571 1
0.0296043 0.0291174 0.240083 1
0.0326828 0.0286191 0.2404 1
0.0365852 0.0283755 0.241 1
0.0392014 0.0283755 0.241 1
-0.00882612 0.0347445 0.238 1
-0.00493781 0.0343121 0.238308 1
-0.00159184 0.0339689 0.238 1
0.00193189 0.033966 0.239067 1
0.00538149 0.0336174 0.239862 1
0.00859889 0.0333078 0.239965 1
0.0121492 0.0326983 0.240143 1
0.0156104 0.0322069 0.240286 1
0.0187947 0.0322153 0.241 1
0.0224575 0.0315172 0.241 1
-0.0105071 0.0364915 0.241 1
-0.00851552 0.0363379 0.23976 1
-0.00527588 0.0361256 0.24016 1
-0.00160522 0.0352972 0.24 1
0.00152717 0.0354148 0.2408 1
0.0722999 -0.0350293 0.245 1
0.0746936 -0.0350293 0.245 1
0.0510226 -0.0321016 0.245 1
0.0542142 -0.0321016 0.245 1
0.0578617 -0.0322537 0.245 1
0.0611934 -0.0326542 0.244171 1
0.0648525 -0.0328127 0.244212 1
0.0682987 -0.0327765 0.244187 1
0.0717714 -0.0330126 0.244158 1
0.0751197 -0.0329003 0.244027 1
0.0786206 -0.032727 0.244615 1
0.0817584 -0.0323306 0.244429 1
0.00926593 -0.0283756 0.245 1
0.0119256 -0.0283756 0.245 1
0.016979 -0.0283756 0.245 1
0.0191067 -0.0283756 0.245 1
0.0231494 -0.0286949 0.245 1
0.0260218 -0.0287304 0.245 1
0.0295458 -0.0281759 0.245 1
0.0335353 -0.028309 0.245 1
0.0364727 -0.0287669 0.245 1
0.0403243 -0.029398 0.244643 1
0.0439045 -0.0295722 0.243875 1
0.0471948 -0.0299121 0.24405 1
0.0507197 -0.0296939 0.243091 1
0.0542985 -0.0297305 0.243 1
0.0578041 -0.0297249 0.242952 1
0.0609018 -0.0301298 0.242308 1
0.0646423 -0.0306844 0.242214 1
0.0682086 -0.0301603 0.24248 1
0.0714409 -0.0302495 0.24252 1
0.0751959 -0.0304367 0.242333 1
0.07892 -0.0304566 0.2427 1
0.0815891 -0.0301292 0.242571 1
-4.28672e-05 -0.0251819 0.245 1
0.00200887 -0.0253339 0.245 1
0.00543648 -0.025888 0.24475 1
0.00871025 -0.0261764 0.244333 1
0.0121557 -0.0261715 0.244286 1
0.0157671 -0.0260837 0.24395 1
0.019191 -0.0261919 0.243947 1
0.0226693 -0.0260648 0.243286 1
0.0260609 -0.0262527 0.243188 1
0.0297998 -0.0265933 0.243286 1
0.033401 -0.0265893 0.243615 1
0.0368354 -0.0264727 0.243103 1
0.0401735 -0.0269469 0.242667 1
0.0437292 -0.0270433 0.242231 1
0.0470264 -0.0270642 0.242 1
0.0496097 -0.0275024 0.242 1
-0.0178626 -0.0211896 0.245 1
-0.0152845 -0.0214744 0.2446 1
-0.0121233 -0.0218113 0.244696 1
-0.00866664 -0.0225129 0.244417 1
-0.00537792 -0.0229204 0.244023 1
-0.00163197 -0.0229567 0.243952 1
0.00180721 -0.0229129 0.2435 1
0.00522896 -0.0228533 0.242857 1
0.00864489 -0.0233453 0.2425 1
0.0120689 -0.0238782 0.242571 1
0.0160428 -0.0234932 0.242545 1
0.0191395 -0.0234753 0.242364 1
0.0220252 -0.0238219 0.242 1
-0.0212679 -0.019015 0.2444 1
-0.0191863 -0.0191342 0.244118 1
-0.0158276 -0.0192564 0.243029 1
-0.0121671 -0.0194189 0.2428 1
-0.0089325 -0.0196018 0.242625 1
-0.0054035 -0.0205151 0.242067 1
-0.0016186 -0.0201414 0.242 1
0.00153391 -0.0203167 0.242 1
0.00416101 -0.0206672 0.242 1
-0.0211337 -0.0157303 0.242857 1
-0.0194704 -0.0159481 0.242412 1
-0.0170659 -0.0169342 0.242 1
0.0862577 0.0170575 0.242 1
0.089378 0.0163114 0.242625 1
0.0919158 0.0158031 0.243111 1
0.0722027 0.0206066 0.242 1
0.0757122 0.0203585 0.242455 1
0.0791471 0.0198059 0.243087 1
0.08223 0.0194397 0.24316 1
0.0856578 0.0189266 0.243727 1
0.0889829 0.0182567 0.244556 1
0.0919814 0.0179344 0.245 1
0.0588045 0.0240242 0.242 1
0.0616013 0.0237398 0.242667 1
0.06489 0.0232431 0.243074 1
0.0681315 0.0226388 0.243333 1
0.0714877 0.022303 0.24375 1
0.0750977 0.0217774 0.243632 1
0.0783164 0.0217298 0.244778 1
0.0808108 0.0213943 0.245 1
0.041203 0.0279675 0.242 1
0.0438301 0.0279675 0.242 1
0.0472852 0.0272013 0.2422 1
0.0508939 0.0269088 0.243 1
0.0543588 0.0263461 0.243412 1
0.0575627 0.0257472 0.243818 1
0.0613132 0.025352 0.244667 1
0.0645489 0.0250444 0.245 1
0.0672465 0.0245881 0.245 1
0.0241269 0.0311222 0.242 1
0.026245 0.0311406 0.242143 1
0.0303059 0.0307358 0.2425 1
0.0334395 0.0301696 0.242783 1
0.036767 0.0298923 0.243 1
0.040457 0.0298828 0.243733 1
0.0436488 0.0297134 0.243821 1
0.0469282 0.028877 0.2439 1
0.0504503 0.028557 0.2448 1
0.0099406 0.0345398 0.242 1
0.0125158 0.0344507 0.242429 1
0.0156268 0.0339654 0.242583 1
0.0195374 0.0335512 0.242917 1
0.0227777 0.0332722 0.243655 1
0.0262233 0.032917 0.243839 1
0.0297348 0.0325005 0.24425 1
0.0331426 0.0320046 0.244727 1
0.0355966 0.0317741 0.245 1
-0.0105507 0.0376945 0.242 1
-0.00949988 0.0376945 0.242 1
-0.0050393 0.0377464 0.242333 1
-0.00162356 0.0373022 0.242857 1
0.00190797 0.037238 0.243231 1
0.00524528 0.036878 0.243524 1
0.00853173 0.036581 0.243571 1
0.0120352 0.0364221 0.244308 1
0.0158907 0.0357786 0.244625 1
0.0188688 0.0353618 0.2445 1
0.0215003 0.0352341 0.245 1
-0.0105943 0.0389061 0.243 1
-0.00865958 0.0395356 0.243909 1
-0.00534562 0.0396443 0.244286 1
-0.00163866 0.0392263 0.245 1
0.001021 0.0392263 0.245 1
0.0745313 -0.0386912 0.248 1
0.0481475 -0.0357277 0.248 1
0.0508397 -0.0357277 0.248 1
0.0543396 -0.0357277 0.248 1
0.0580951 -0.0357569 0.247769 1
0.0613875 -0.0359222 0.247476 1
0.0649775 -0.035909 0.2472 1
0.0685893 -0.0361485 0.24696 1
0.0717236 -0.036549 0.246867 1
0.0752984 -0.0366377 0.246857 1
0.0785778 -0.0360529 0.247556 1
0.0808735 -0.0351723 0.246 1
0.0115332 -0.0319559 0.248 1
0.0226482 -0.0317635 0.248 1
0.0261916 -0.031851 0.2476 1
0.0298265 -0.0322112 0.247889 1
0.0332954 -0.0321828 0.247667 1
0.0369206 -0.0325382 0.247522 1
0.0402587 -0.0329681 0.2475 1
0.0439897 -0.0331258 0.247333 1
0.0471801 -0.0334588 0.24675 1
0.0504939 -0.0336426 0.2464 1
0.0541426 -0.0339525 0.246539 1
0.0576338 -0.0339471 0.2465 1
0.0611319 -0.0345197 0.2463 1
0.0648505 -0.0346378 0.246 1
0.0683222 -0.0346378 0.246 1
0.0707256 -0.0346378 0.246 1
0.0766007 -0.0346378 0.246 1
0.0793565 -0.0344016 0.2466 1
0.0813008 -0.0339965 0.246 1
-0.00515863 -0.028723 0.248 1
-0.00165873 -0.028723 0.248 1
0.00210683 -0.0290437 0.247667 1
0.00550366 -0.0295365 0.247278 1
0.00864637 -0.0299719 0.246857 1
0.0123751 -0.0300543 0.246533 1
0.0156868 -0.0297252 0.246824 1
0.0192288 -0.030166 0.246571 1
0.0224884 -0.0302641 0.2465 1
0.026519 -0.0303898 0.24665 1
0.0298485 -0.0298982 0.24671 1
0.0331184 -0.0299752 0.246355 1
0.0369583 -0.0304823 0.246217 1
0.0402818 -0.0311637 0.246 1
0.0429523 -0.0311638 0.246 1
-0.0186197 -0.0246819 0.248 1
-0.0155674 -0.0253405 0.247727 1
-0.0121862 -0.0259025 0.247467 1
-0.00870754 -0.0265276 0.2471 1
-0.00523512 -0.0264015 0.246947 1
-0.00173247 -0.0265116 0.24695 1
0.00170781 -0.0269873 0.246455 1
0.00476389 -0.0274225 0.246 1
-0.0217454 -0.0229355 0.247636 1
-0.0192487 -0.0226452 0.247086 1
-0.0159987 -0.0230542 0.246538 1
-0.0123371 -0.0236017 0.246182 1
-0.0096569 -0.0242156 0.246 1
-0.0214072 -0.0207416 0.246 1
-0.0198049 -0.0207416 0.246 1
0.0827429 0.0209472 0.246 1
0.0860366 0.0204127 0.246 1
0.0895146 0.0199601 0.247 1
0.0920519 0.0194493 0.247333 1
0.0691234 0.024154 0.246 1
0.0723962 0.0238922 0.2466 1
0.0752017 0.023685 0.246667 1
0.0786869 0.0229814 0.246684 1
0.082166 0.0223487 0.247 1
0.0854934 0.021569 0.247 1
0.0882617 0.0211175 0.248 1
0.0578478 0.0273831 0.2462 1
0.0612223 0.0269478 0.246842 1
0.0648589 0.0262726 0.246762 1
0.0682096 0.0257608 0.247182 1
0.0715586 0.0252431 0.2475 1
0.0750697 0.0248892 0.248 1
0.0453557 0.0308349 0.246 1
0.0476852 0.030693 0.247 1
0.0505813 0.0299942 0.246889 1
0.0541753 0.0293816 0.24725 1
0.0574386 0.028676 0.2472 1
0.0613394 0.0281221 0.248 1
0.0634932 0.0281221 0.248 1
0.0231904 0.0348434 0.246 1
0.0261906 0.0349244 0.246571 1
0.0296412 0.0340879 0.246333 1
0.0333033 0.0336938 0.247 1
0.037105 0.0326658 0.2469 1
0.040016 0.0324071 0.247111 1
0.0436935 0.0320551 0.247167 1
0.0457245 0.0321632 0.248 1
0.00930376 0.0380503 0.246 1
0.0126262 0.037958 0.246556 1
0.0156916 0.0376197 0.246882 1
0.0193993 0.0369292 0.247154 1
0.0228711 0.0361079 0.246875 1
0.025962 0.0360564 0.247412 1
0.0293019 0.0353961 0.248 1
-0.0084244 0.0416258 0.247 1
-0.00538878 0.0415726 0.246286 1
-0.00176614 0.0409607 0.24687 1
0.00194743 0.040422 0.246952 1
0.0051029 0.0400489 0.247333 1
0.00893992 0.0393461 0.247 1
0.0118116 0.039064 0.247182 1
0.0155598 0.038867 0.2478 1
-0.00854314 0.0428241 0.248 1
-0.00515863 0.0429396 0.248 1
-0.00112028 0.0421313 0.248 1
0.0010335 0.0421313 0.248 1
0.0795633 -0.0420527 0.252 1
0.0412643 -0.0387677 0.252 1
0.0439965 -0.0392056 0.251706 1
0.0472201 -0.0392639 0.251667 1
0.0502983 -0.0393398 0.251615 1
0.0544229 -0.0389958 0.251545 1
0.0578672 -0.0393978 0.251524 1
0.0614016 -0.040027 0.251111 1
0.0648029 -0.0402649 0.251187 1
0.0681659 -0.0401317 0.251259 1
0.072066 -0.0399627 0.250704 1
0.0751758 -0.0402556 0.250536 1
0.0786582 -0.0402763 0.251267 1
0.0807743 -0.039289 0.250667 1
0.00652147 -0.0357565 0.252 1
0.00870999 -0.0357565 0.252 1
0.0120709 -0.0355609 0.252 1
0.0163122 -0.0358292 0.251769 1
0.0191843 -0.0359519 0.251688 1
0.0229132 -0.0359326 0.251765 1
0.0264089 -0.036443 0.251567 1
0.0297367 -0.036423 0.251161 1
0.0332776 -0.0365009 0.251235 1
0.0368948 -0.0363681 0.250879 1
0.040371 -0.0364853 0.250353 1
0.0436542 -0.0365967 0.249947 1
0.0469761 -0.0370298 0.249923 1
0.0507375 -0.0375144 0.249538 1
0.0540727 -0.0373853 0.249667 1
0.0577201 -0.037341 0.249625 1
0.0613072 -0.0378503 0.249368 1
0.0648271 -0.0377843 0.2493 1
0.0680575 -0.0379452 0.249467 1
0.0719394 -0.0383501 0.249286 1
0.0756428 -0.0383062 0.249 1
0.0790061 -0.0378667 0.249667 1
0.0809732 -0.0373152 0.2496 1
-0.0180994 -0.0316501 0.252 1
-0.0156373 -0.0316501 0.252 1
-0.0120071 -0.0318397 0.251875 1
-0.00866604 -0.0324335 0.251609 1
-0.00523143 -0.0329544 0.2515 1
-0.00168214 -0.0329544 0.2515 1
0.00196772 -0.0330253 0.251077 1
0.00522178 -0.0333163 0.250526 1
0.00872368 -0.0333638 0.25005 1
0.0123374 -0.0336509 0.250286 1
0.0156969 -0.0333029 0.25 1
0.019228 -0.0333065 0.250028 1
0.0227519 -0.0335815 0.250171 1
0.0262757 -0.0336541 0.249852 1
0.0295954 -0.0339146 0.249391 1
0.0332488 -0.0340245 0.249333 1
0.0363243 -0.0341235 0.249267 1
0.0402324 -0.0345193 0.249 1
0.0432058 -0.0345193 0.249 1
-0.02275 -0.0283651 0.252 1
-0.0191331 -0.0294537 0.251448 1
-0.015787 -0.0295449 0.250659 1
-0.0123155 -0.0295871 0.2504 1
-0.00864361 -0.0298174 0.249649 1
-0.00518982 -0.0305241 0.2495 1
-0.00166876 -0.0305241 0.2495 1
0.00157851 -0.030656 0.249111 1
0.00428137 -0.0310028 0.249 1
-0.0222071 -0.0264119 0.250615 1
-0.0193473 -0.0263643 0.249563 1
-0.0159061 -0.0269971 0.249211 1
-0.0124777 -0.0274864 0.249 1
-0.0219385 -0.0242405 0.249 1
-0.0203167 -0.0242405 0.249 1
0.0926722 0.0206616 0.249 1
0.079319 0.0243404 0.249 1
0.0821544 0.0238919 0.2494 1
0.0858829 0.023339 0.24985 1
0.0894841 0.0225677 0.250731 1
0.0924483 0.022506 0.251174 1
0.0651007 0.0276945 0.249 1
0.0686619 0.0273629 0.249667 1
0.0720523 0.026792 0.25015 1
0.0753242 0.0265535 0.250857 1
0.0787818 0.0260358 0.25125 1
0.0820623 0.0254036 0.251 1
0.0853528 0.0248625 0.251125 1
0.0880438 0.0247431 0.252 1
0.0515853 0.0312109 0.249 1
0.0545064 0.0310647 0.25 1
0.0579094 0.0301864 0.249571 1
0.0611837 0.0299462 0.250357 1
0.0646343 0.0293115 0.25055 1
0.068131 0.0287587 0.2512 1
0.0727242 0.0280282 0.252 1
0.0749127 0.0280282 0.252 1
0.0367834 0.0345162 0.249429 1
0.0405238 0.0340803 0.2498 1
0.0435925 0.0337369 0.249667 1
0.0472187 0.0331701 0.250333 1
0.050794 0.0331618 0.251154 1
0.0542281 0.0324303 0.2511 1
0.0572091 0.0322282 0.251364 1
0.0604138 0.0318607 0.252 1
0.0229489 0.037728 0.249167 1
0.0264753 0.0376996 0.25 1
0.0297474 0.0371014 0.250538 1
0.0332846 0.036369 0.250692 1
0.0364683 0.036098 0.251 1
0.0404106 0.0357749 0.2518 1
0.0432998 0.0355553 0.251571 1
0.0461884 0.0351458 0.252 1
0.00265952 0.0417602 0.249 1
0.00567203 0.0414741 0.249444 1
0.00888993 0.0410035 0.249333 1
0.0123861 0.0406804 0.25 1
0.0157248 0.0404862 0.250429 1
0.0192653 0.0395648 0.2505 1
0.0224606 0.0391475 0.250923 1
0.0259446 0.0392521 0.252 1
-0.00846168 0.0446645 0.250111 1
-0.00533018 0.0445323 0.24975 1
-0.00167422 0.043931 0.250571 1
0.00185151 0.0437858 0.25092 1
0.0050561 0.0431116 0.251118 1
0.00868685 0.0424165 0.251286 1
0.011172 0.0425371 0.252 1
-0.00849078 0.045913 0.251 1
-0.00541654 0.0462174 0.251667 1
-0.00305331 0.0458222 0.252 1
0.0268071 -0.0425534 0.255 1
0.0295753 -0.0425534 0.255 1
0.0367727 -0.0425534 0.255 1
0.0445237 -0.0425534 0.255 1
0.0473473 -0.0426642 0.255 1
0.0506138 -0.0428304 0.255 1
0.0542124 -0.0428304 0.255 1
0.0580113 -0.0431437 0.254667 1
0.0612935 -0.0435285 0.254118 1
0.0647528 -0.0437692 0.254 1
0.0683374 -0.0437689 0.254 1
0.0717875 -0.0433927 0.2545 1
0.0752073 -0.0432225 0.253759 1
0.078346 -0.0435567 0.253957 1
0.0090905 -0.0389522 0.255 1
0.0124124 -0.0389522 0.255 1
0.0157342 -0.0389522 0.255 1
0.0195405 -0.0390907 0.255 1
0.0230573 -0.0396891 0.254643 1
0.0263625 -0.0403114 0.253973 1
0.0297418 -0.040466 0.254056 1
0.0332705 -0.0401128 0.254444 1
0.0367205 -0.0403801 0.254257 1
0.0400861 -0.0402574 0.254133 1
0.043498 -0.040936 0.253864 1
0.047262 -0.0412239 0.2538 1
0.0509122 -0.0411509 0.253667 1
0.0543084 -0.0408786 0.253461 1
0.0575238 -0.0412053 0.253333 1
0.0606536 -0.0413951 0.253 1
0.0694423 -0.0413951 0.253 1
0.0710903 -0.0413951 0.253 1
-0.0153621 -0.0354434 0.255 1
-0.0120303 -0.0357819 0.254778 1
-0.00861154 -0.0358435 0.254556 1
-0.00509888 -0.036088 0.254 1
-0.0016132 -0.036487 0.254263 1
0.00179578 -0.0364485 0.254267 1
0.00519612 -0.0368814 0.254077 1
0.00877026 -0.0373856 0.253762 1
0.0124086 -0.037136 0.253696 1
0.0154149 -0.0371669 0.2534 1
0.0193873 -0.0374099 0.253 1
0.0225556 -0.0373903 0.253 1
0.0258228 -0.0380721 0.253 1
0.0298927 -0.0383719 0.253 1
0.0331885 -0.0383719 0.253 1
0.0367589 -0.0383719 0.253 1
0.0397801 -0.0383719 0.253 1
-0.0222021 -0.0328368 0.254524 1
-0.0191869 -0.0333413 0.253824 1
-0.015749 -0.0335326 0.2538 1
-0.0124662 -0.0336125 0.25369 1
-0.00908241 -0.0340429 0.25325 1
-0.00526263 -0.0345241 0.253 1
-0.00169217 -0.0345241 0.253 1
0.00160364 -0.0345241 0.253 1
-0.0228893 -0.0301916 0.253533 1
-0.0203684 -0.0308137 0.253 1
0.0897665 0.0242916 0.253 1
0.0928786 0.0243876 0.254 1
0.0768579 0.0275897 0.253 1
0.0789895 0.0276624 0.253667 1
0.0825081 0.0271494 0.253615 1
0.0856943 0.0264517 0.254 1
0.089338 0.0255738 0.254125 1
0.0924856 0.0251718 0.25425 1
0.0623014 0.0314375 0.253 1
0.0651448 0.0308649 0.253375 1
0.0683045 0.030375 0.253875 1
0.0717204 0.02955 0.253727 1
0.0749736 0.029415 0.254263 1
0.0786528 0.028797 0.25425 1
0.0823203 0.0283173 0.2546 1
0.0841092 0.0283618 0.255 1
0.0480196 0.0347355 0.253 1
0.0508344 0.0347813 0.253333 1
0.0543155 0.0342316 0.253333 1
0.0579084 0.0335142 0.253733 1
0.0608396 0.0330297 0.254091 1
0.0642966 0.0321349 0.2546 1
0.0677767 0.031686 0.255 1
0.0312659 0.0380336 0.253 1
0.0332557 0.0381088 0.2535 1
0.0371845 0.0376376 0.2535 1
0.0403229 0.0376495 0.254111 1
0.04382 0.0372637 0.254053 1
0.0470975 0.0364177 0.254091 1
0.0506873 0.0360407 0.254445 1
0.0540569 0.0355637 0.254556 1
0.0189035 0.0415762 0.253273 1
0.0227436 0.0408325 0.253533 1
0.0264104 0.0404874 0.253857 1
0.0294842 0.0398145 0.254067 1
0.0327344 0.0392651 0.254357 1
0.0366534 0.0387612 0.254167 1
0.0400945 0.0388883 0.255 1
0.0425859 0.0388883 0.255 1
0.00325154 0.0449046 0.253 1
0.00529067 0.0447961 0.253462 1
0.00862546 0.0441515 0.253737 1
0.0125639 0.0434694 0.2536 1
0.0156835 0.0434569 0.254167 1
0.0192165 0.0427619 0.2545 1
0.022378 0.0422125 0.255 1
-0.00802496 0.0477483 0.2535 1
-0.00505868 0.0479154 0.2538 1
-0.00146908 0.0468314 0.254 1
0.00176212 0.0467225 0.254182 1
0.0046966 0.046197 0.254714 1
0.00826004 0.0455366 0.255 1
0.0620919 -0.0494107 0.259 1
0.0649036 -0.0494107 0.259 1
0.0687462 -0.0495983 0.259 1
0.070808 -0.0496921 0.259 1
0.0263841 -0.0463159 0.259 1
0.0297581 -0.0463159 0.259 1
0.0334132 -0.0463159 0.259 1
0.0367384 -0.0462562 0.258667 1
0.0397524 -0.0464146 0.258429 1
0.0440228 -0.0463694 0.258692 1
0.0473858 -0.0469167 0.258429 1
0.0505918 -0.0468474 0.258185 1
0.0543935 -0.0464644 0.2581 1
0.0578052 -0.0469675 0.258129 1
0.0612493 -0.0472382 0.257657 1
0.064725 -0.0474312 0.2574 1
0.0682594 -0.0473737 0.257364 1
0.0718828 -0.0472995 0.257788 1
0.0754001 -0.0468972 0.257862 1
0.0779994 -0.0470574 0.2575 1
-0.0048251 -0.0420954 0.259 1
-0.0013949 -0.0426019 0.259 1
0.00209153 -0.0427707 0.259 1
0.00518866 -0.0428746 0.259 1
0.00893273 -0.0432226 0.258444 1
0.0123651 -0.043492 0.258267 1
0.0157923 -0.0435294 0.258385 1
0.0193176 -0.0434193 0.2585 1
0.0227972 -0.0437167 0.257667 1
0.0260812 -0.0440862 0.257062 1
0.0297693 -0.044227 0.256667 1
0.0332719 -0.0435687 0.2564 1
0.036854 -0.0440067 0.256467 1
0.0403749 -0.043689 0.256778 1
0.0435665 -0.0439277 0.256867 1
0.0472568 -0.0441233 0.256643 1
0.0507826 -0.0444828 0.256368 1
0.0542176 -0.0444473 0.256333 1
0.0574051 -0.0445703 0.2564 1
0.060539 -0.044945 0.256 1
0.0722111 -0.044945 0.256 1
0.0752681 -0.044945 0.256 1
-0.0214138 -0.0387191 0.259 1
-0.0190059 -0.0391038 0.25875 1
-0.0156248 -0.0396901 0.258667 1
-0.0120822 -0.0399463 0.257833 1
-0.00874449 -0.0400496 0.2585 1
-0.00528754 -0.0401729 0.258 1
-0.00163501 -0.0402957 0.257421 1
0.00183345 -0.0402693 0.257121 1
0.00529747 -0.0403552 0.257114 1
0.00848321 -0.0407442 0.256615 1
0.0122069 -0.0408543 0.2565 1
0.0158268 -0.0408543 0.2565 1
0.0191682 -0.0408543 0.2565 1
0.0221878 -0.0413297 0.256 1
-0.0253395 -0.0358904 0.258889 1
-0.0226582 -0.0364419 0.257885 1
-0.0192937 -0.036743 0.256967 1
-0.0159961 -0.037042 0.25688 1
-0.0124318 -0.0376373 0.256417 1
-0.00868247 -0.0378134 0.256667 1
-0.00570396 -0.0379494 0.256333 1
-0.00254596 -0.0382707 0.256 1
0.00217847 -0.0382707 0.256 1
0.00384591 -0.0379926 0.256 1
-0.0251708 -0.033698 0.257167 1
-0.0230647 -0.0341658 0.2565 1
0.0852728 0.0279169 0.256 1
0.089281 0.0271179 0.256333 1
0.0929375 0.0267011 0.2566 1
0.0697099 0.031254 0.256 1
0.0717686 0.0313028 0.2564 1
0.0756023 0.0309183 0.256667 1
0.0783925 0.0307788 0.257 1
0.0821318 0.0300343 0.257077 1
0.0857852 0.0295931 0.257538 1
0.0888331 0.0286028 0.258 1
0.0927388 0.0285253 0.259 1
0.0949881 0.0285253 0.259 1
0.0587086 0.0346588 0.2565 1
0.0615 0.0343926 0.257 1
0.0647482 0.0337748 0.257273 1
0.0683015 0.0332848 0.257461 1
0.0717134 0.0327579 0.257684 1
0.0754261 0.0326767 0.258444 1
0.0786663 0.0320064 0.258333 1
0.0444204 0.0384846 0.256 1
0.0483111 0.0376503 0.256 1
0.0508141 0.0377187 0.256636 1
0.0543695 0.0372783 0.25745 1
0.0575287 0.0363249 0.257571 1
0.060669 0.0358898 0.258333 1
0.0643412 0.0355593 0.259 1
0.0241331 0.0418218 0.256 1
0.0263564 0.0418218 0.256 1
0.0299145 0.0413201 0.256333 1
0.0335754 0.0407234 0.256667 1
0.03671 0.0405113 0.2565 1
0.0402215 0.040683 0.257583 1
0.043677 0.0405242 0.25792 1
0.0471431 0.0394852 0.257857 1
0.0505063 0.0389083 0.258286 1
0.053657 0.0389356 0.259 1
0.00995987 0.045159 0.256 1
0.0121831 0.045159 0.256 1
0.0158385 0.0452766 0.256667 1
0.0192974 0.0443937 0.256769 1
0.0227505 0.0439659 0.257769 1
0.0260633 0.0435781 0.257769 1
0.0300598 0.0431919 0.2582 1
0.0330686 0.0427924 0.2585 1
0.0367872 0.0425933 0.259 1
0.0390365 0.0425932 0.259 1
-0.00171226 0.0485233 0.256143 1
0.00225512 0.0484534 0.256875 1
0.005446 0.0475312 0.256947 1
0.00856814 0.0473184 0.257739 1
0.0122466 0.0465138 0.257333 1
0.0159208 0.0466343 0.258 1
0.0187968 0.0462024 0.2585 1
-0.00813576 0.0506421 0.257 1
-0.00535132 0.0507078 0.257333 1
-0.00171887 0.049859 0.257286 1
0.00174234 0.050023 0.258313 1
0.00513893 0.0493558 0.258889 1
0.0639489 -0.0528292 0.262 1
0.0690684 -0.0528292 0.262 1
0.0718226 -0.052762 0.261667 1
0.0236017 -0.0496578 0.262 1
0.026377 -0.0499307 0.261722 1
0.0293775 -0.0494858 0.26125 1
0.0332154 -0.0496516 0.2615 1
0.0366332 -0.0496827 0.261917 1
0.0400575 -0.0496984 0.262 1
0.0437302 -0.0496713 0.261857 1
0.0474659 -0.0500952 0.261364 1
0.0507207 -0.0501254 0.26125 1
0.0538978 -0.0496985 0.261143 1
0.0577687 -0.0500906 0.261071 1
0.0610831 -0.0508727 0.2611 1
0.0644574 -0.0511169 0.26095 1
0.0683359 -0.0509268 0.2608 1
0.0720527 -0.051063 0.260636 1
0.0753114 -0.0504314 0.261037 1
0.0776374 -0.0506756 0.261167 1
-0.00544984 -0.0459984 0.262 1
-0.00137312 -0.0461687 0.261889 1
0.00194263 -0.0465092 0.261667 1
0.00535134 -0.0465092 0.261667 1
0.00875788 -0.0464994 0.261611 1
0.0122101 -0.0465609 0.260947 1
0.0156626 -0.0469951 0.2612 1
0.0191812 -0.046975 0.261188 1
0.0227742 -0.0474438 0.260938 1
0.0261072 -0.0478492 0.26045 1
0.0296287 -0.047969 0.260333 1
0.0332134 -0.0479346 0.2603 1
0.0368849 -0.048015 0.260421 1
0.0407147 -0.0480459 0.26075 1
0.0434759 -0.0478745 0.260333 1
0.0462434 -0.0481893 0.26 1
0.0521706 -0.0481893 0.26 1
0.0544286 -0.0481893 0.26 1
0.0755974 -0.0484717 0.26 1
-0.0193158 -0.0423228 0.2618 1
-0.0156439 -0.0430251 0.261222 1
-0.0122135 -0.0429334 0.260667 1
-0.00883582 -0.0435902 0.2612 1
-0.0054944 -0.0439756 0.26075 1
-0.00197902 -0.0442761 0.260862 1
0.00193273 -0.0445753 0.260333 1
0.00532407 -0.0445753 0.260333 1
0.00829437 -0.044731 0.260417 1
0.011809 -0.0450824 0.26 1
0.0160427 -0.0450824 0.26 1
0.0194298 -0.0450824 0.26 1
0.0214055 -0.0450824 0.26 1
-0.0253765 -0.0395163 0.261909 1
-0.0225325 -0.0400663 0.260913 1
-0.0193036 -0.0406704 0.2605 1
-0.0160337 -0.0413862 0.2602 1
-0.0121822 -0.0416931 0.26 1
-0.00879523 -0.0416931 0.26 1
-0.00653723 -0.0416931 0.26 1
-0.025381 -0.0375985 0.260143 1
-0.0235259 -0.0380827 0.260143 1
0.0874519 0.0308951 0.26 1
0.0897132 0.0304589 0.260556 1
0.0929273 0.0305632 0.261545 1
0.0947695 0.0305062 0.2615 1
0.0722104 0.0342843 0.26 1
0.0752646 0.0343899 0.2608 1
0.0788111 0.0338896 0.2613 1
0.0822469 0.0326543 0.260909 1
0.0854477 0.0326767 0.261091 1
0.0886934 0.0322712 0.262 1
0.0590586 0.0377462 0.2605 1
0.0615496 0.0373768 0.260875 1
0.0645984 0.0370213 0.261182 1
0.0681958 0.0360958 0.260833 1
0.0717311 0.0355958 0.261333 1
0.074188 0.0356866 0.262 1
0.0451144 0.041628 0.26 1
0.047419 0.0412438 0.26025 1
0.050835 0.04059 0.260667 1
0.0547288 0.0397421 0.260857 1
0.0574254 0.0394919 0.261222 1
0.059967 0.039102 0.262 1
0.0270505 0.0450173 0.26 1
0.0295908 0.0450173 0.26 1
0.0334462 0.0446177 0.260526 1
0.0368152 0.0442608 0.2612 1
0.040467 0.0434136 0.26075 1
0.0434663 0.0428722 0.261125 1
0.0473635 0.0424363 0.2615 1
0.0494434 0.0425174 0.262 1
0.0101155 0.0484065 0.26 1
0.0120912 0.0484066 0.26 1
0.0154891 0.0484376 0.260167 1
0.0195144 0.0477242 0.260722 1
0.0227846 0.0468578 0.261091 1
0.0263045 0.0463245 0.261 1
0.0298003 0.0464724 0.261833 1
0.0327032 0.04638 0.262 1
0.0357912 0.0456482 0.262 1
-0.00173902 0.0518244 0.260143 1
0.00214006 0.0518337 0.261 1
0.00522437 0.0510896 0.261 1
0.0085409 0.0499168 0.261143 1
0.0121843 0.0499174 0.262 1
0.014744 0.0499174 0.262 1
0.0195792 0.0490636 0.262 1
-0.00769571 0.0531292 0.261 1
-0.00542904 0.0531293 0.261 1
-0.00260563 0.0533328 0.262 1
0.0478881 -0.0565254 0.266 1
0.050487 -0.0565254 0.266 1
0.0533746 -0.0565254 0.266 1
0.0617488 -0.0568144 0.266 1
0.0649251 -0.0568144 0.266 1
0.0683903 -0.0568144 0.266 1
0.0718555 -0.0568144 0.266 1
0.0167017 -0.0533469 0.266 1
0.0193006 -0.0533468 0.266 1
0.0229051 -0.0534134 0.265714 1
0.0261821 -0.0535357 0.2655 1
0.0296588 -0.0535693 0.265667 1
0.0332007 -0.0535004 0.265474 1
0.0366309 -0.0540528 0.2652 1
0.0400044 -0.0540081 0.265286 1
0.0438762 -0.0539471 0.26575 1
0.0471835 -0.0542995 0.2652 1
0.0507187 -0.0545467 0.2648 1
0.054295 -0.0543747 0.265151 1
0.0577745 -0.0544222 0.265156 1
0.0611509 -0.0544252 0.264387 1
0.0646855 -0.0545099 0.263929 1
0.0682476 -0.054581 0.264103 1
0.0716847 -0.0545592 0.263727 1
0.0753437 -0.0545477 0.264355 1
0.0773262 -0.0530309 0.263 1
-0.0147734 -0.0490124 0.266 1
-0.0124633 -0.0490124 0.266 1
-0.00876719 -0.0497059 0.266 1
-0.00536795 -0.0504151 0.265538 1
-0.0019477 -0.0500948 0.2653 1
0.00225861 -0.0501396 0.265333 1
0.00542076 -0.0502853 0.265083 1
0.00888603 -0.0503478 0.265417 1
0.0124957 -0.0506156 0.265 1
0.0157224 -0.0506759 0.264111 1
0.0191555 -0.0506543 0.264 1
0.022418 -0.0509536 0.263857 1
0.0259665 -0.0516678 0.263333 1
0.0298988 -0.0512297 0.263696 1
0.0333212 -0.0514719 0.263789 1
0.0368309 -0.0513825 0.263333 1
0.0402701 -0.0513934 0.263389 1
0.0437471 -0.0514482 0.263667 1
0.0469311 -0.0517634 0.263333 1
0.0507741 -0.0521738 0.263 1
0.0545375 -0.0514374 0.26325 1
0.0579963 -0.0521497 0.263273 1
0.0627654 -0.0524595 0.263 1
0.065906 -0.0524595 0.263 1
0.0673335 -0.0524595 0.263 1
0.0753277 -0.0524595 0.263 1
0.0773262 -0.0524595 0.263 1
-0.0248802 -0.0455449 0.266 1
-0.0228107 -0.0462673 0.266 1
-0.0193708 -0.0463536 0.265667 1
-0.0157949 -0.0469659 0.265231 1
-0.0124071 -0.0470675 0.2648 1
-0.0088676 -0.0471496 0.264118 1
-0.00548104 -0.0476941 0.2635 1
-0.00189443 -0.0477451 0.263538 1
0.00195461 -0.0482655 0.2635 1
0.0053786 -0.0481739 0.263 1
0.00880468 -0.0481739 0.263 1
0.0119453 -0.0481739 0.263 1
-0.0257524 -0.0434521 0.265882 1
-0.0226408 -0.0437256 0.264235 1
-0.0192243 -0.0442875 0.263667 1
-0.0157703 -0.0448022 0.263333 1
-0.0123228 -0.0447455 0.263 1
-0.0258799 -0.041537 0.2644 1
-0.023743 -0.0413171 0.263 1
0.0804668 0.03468 0.263 1
0.0824143 0.034649 0.2632 1
0.085843 0.0344205 0.2632 1
0.0895036 0.0336447 0.263947 1
0.0929084 0.0332305 0.2651 1
0.0945291 0.0325175 0.264 1
0.065906 0.0381084 0.263 1
0.06819 0.0381084 0.263 1
0.0718753 0.0373371 0.2636 1
0.0753781 0.0370817 0.264364 1
0.0787031 0.0366384 0.26475 1
0.0822608 0.0363832 0.2652 1
0.0859211 0.0359518 0.265 1
0.0886883 0.035777 0.265545 1
0.0524872 0.0415369 0.263 1
0.0542002 0.0415368 0.263 1
0.0579325 0.0413696 0.26375 1
0.0614402 0.0404591 0.26408 1
0.064811 0.04013 0.26464 1
0.0683107 0.0402073 0.265182 1
0.0717506 0.0393402 0.265294 1
0.0752277 0.0387834 0.265667 1
0.0376408 0.045251 0.263 1
0.0405355 0.0451509 0.26325 1
0.0438375 0.0444301 0.263706 1
0.0471818 0.0442215 0.263667 1
0.0507285 0.0436845 0.2644 1
0.0540652 0.0431925 0.265143 1
0.0579948 0.0431665 0.266 1
0.0611884 0.0425019 0.265714 1
0.0634813 0.0422996 0.266 1
0.0225675 0.0488028 0.263667 1
0.0260539 0.0479526 0.263125 1
0.0299321 0.0478223 0.263 1
0.0336439 0.0475987 0.264125 1
0.0364896 0.0470679 0.264714 1
0.0402285 0.0464588 0.265 1
0.0437213 0.0460707 0.26525 1
0.0474204 0.0455951 0.265 1
0.0499095 0.0457672 0.266 1
0.00624375 0.0521739 0.263333 1
0.0088396 0.0515243 0.263385 1
0.0122773 0.0514456 0.264 1
0.016003 0.0510647 0.264 1
0.0192139 0.0510271 0.264792 1
0.0226816 0.0502026 0.265 1
0.0260126 0.0498172 0.26525 1
0.0292967 0.0491936 0.265 1
0.0331211 0.049173 0.265667 1
-0.007794 0.055245 0.264333 1
-0.00551913 0.0552304 0.264588 1
-0.00144718 0.0544519 0.264313 1
0.00195962 0.0539941 0.263833 1
0.00541305 0.0538771 0.264667 1
0.00887163 0.0530804 0.265 1
0.0123634 0.052958 0.265833 1
0.0143916 0.0529912 0.266 1
-0.00408922 0.0561698 0.266 1
-0.00235665 0.0561698 0.266 1
0.0440479 -0.0595007 0.269 1
0.0469264 -0.0600016 0.269 1
0.050706 -0.0598513 0.269 1
0.0539766 -0.0597929 0.269 1
0.0574808 -0.0597929 0.269 1
0.0609949 -0.0598044 0.268833 1
0.0648001 -0.0605493 0.268625 1
0.0674956 -0.0603507 0.268444 1
0.0713159 -0.0598312 0.268444 1
0.0746946 -0.060712 0.268667 1
0.0139699 -0.0565785 0.269 1
0.01543 -0.0565785 0.269 1
0.023292 -0.0571101 0.26875 1
0.0264774 -0.0573494 0.2685 1
0.0297304 -0.0572114 0.2684 1
0.033694 -0.0572114 0.2684 1
0.0369003 -0.057243 0.268 1
0.0403431 -0.0571718 0.267667 1
0.0438374 -0.0573902 0.267714 1
0.0471221 -0.0579665 0.267667 1
0.0506702 -0.05804 0.267368 1
0.0544503 -0.0578293 0.267572 1
0.0576436 -0.0575971 0.267462 1
0.0611092 -0.0581485 0.267556 1
0.0646702 -0.0585519 0.267333 1
0.0680572 -0.0585091 0.267294 1
0.0717424 -0.0585348 0.267412 1
0.0751919 -0.058009 0.267407 1
0.077053 -0.0567379 0.267 1
-0.0150842 -0.0533957 0.268667 1
-0.0120115 -0.0530389 0.268833 1
-0.00813997 -0.053217 0.268625 1
-0.00500032 -0.0535357 0.268389 1
-0.00168689 -0.0535334 0.268563 1
0.00243139 -0.0534115 0.2685 1
0.00562869 -0.0536337 0.26815 1
0.00897876 -0.0540816 0.2682 1
0.0124175 -0.0542134 0.267929 1
0.0157214 -0.0547903 0.26775 1
0.0194215 -0.0551364 0.267667 1
0.0227431 -0.0551608 0.267438 1
0.0263296 -0.0552876 0.267 1
0.0298077 -0.0552876 0.267 1
0.0332859 -0.0552877 0.267 1
0.0416915 -0.0552877 0.267 1
0.0428509 -0.0552876 0.267 1
-0.0257136 -0.0495038 0.268667 1
-0.0226986 -0.0500882 0.268667 1
-0.0189203 -0.0504219 0.2685 1
-0.0156485 -0.0508739 0.267742 1
-0.0121965 -0.0510852 0.267767 1
-0.00896352 -0.051363 0.26755 1
-0.00497815 -0.0521296 0.267167 1
-0.00106307 -0.0517434 0.267417 1
0.00155116 -0.0517596 0.2675 1
0.00546291 -0.0521296 0.267167 1
0.00893859 -0.0520971 0.267 1
0.0115472 -0.0520971 0.267 1
-0.0283936 -0.0473383 0.268889 1
-0.0262803 -0.0472529 0.268072 1
-0.0231246 -0.047964 0.2674 1
-0.0194909 -0.0480972 0.267333 1
-0.016568 -0.0486166 0.267 1
-0.0285584 -0.045305 0.268 1
-0.0268757 -0.0448056 0.267333 1
0.0929947 0.0349174 0.267 1
0.0953135 0.0343373 0.267 1
0.0785023 0.038398 0.267 1
0.0831399 0.0375278 0.267 1
0.0854587 0.0375278 0.267 1
0.0893946 0.0373363 0.268 1
0.0928581 0.0360517 0.268 1
0.0950107 0.0362592 0.268333 1
0.0651693 0.0418785 0.267 1
0.0674881 0.0418785 0.267 1
0.0718904 0.0410391 0.2672 1
0.0752493 0.0405508 0.2678 1
0.0788698 0.0396717 0.26825 1
0.0820586 0.0388619 0.2682 1
0.0852227 0.0389778 0.269 1
0.0512565 0.0453591 0.267 1
0.0544865 0.0445223 0.2672 1
0.057849 0.0446556 0.268 1
0.0613603 0.0440844 0.267667 1
0.0645394 0.0434196 0.268 1
0.068191 0.043149 0.2684 1
0.0714861 0.042478 0.268455 1
0.0738339 0.0424845 0.269 1
0.0371505 0.0482596 0.267 1
0.0402423 0.0479695 0.267 1
0.0439887 0.0476692 0.26775 1
0.0470834 0.0475691 0.268 1
0.0509508 0.046694 0.268 1
0.0536188 0.0459341 0.268667 1
0.0229098 0.0518694 0.267667 1
0.0268332 0.0515785 0.268167 1
0.0300349 0.0511594 0.268091 1
0.0331196 0.0507705 0.268 1
0.0367951 0.049768 0.268429 1
0.0402517 0.0494978 0.269 1
0.0420038 0.0494977 0.269 1
-0.000626414 0.0558009 0.267 1
0.00169238 0.0558009 0.267 1
0.00633858 0.0552897 0.267333 1
0.00915397 0.0550036 0.2682 1
0.0121112 0.0545329 0.26825 1
0.0157033 0.0535058 0.2677 1
0.0194713 0.0531645 0.268333 1
0.0218544 0.0530044 0.269 1
-0.00759152 0.0573226 0.267333 1
-0.00499277 0.0574656 0.268 1
-0.00132747 0.0573344 0.2682 1
0.00190594 0.0571357 0.268294 1
0.00519897 0.056385 0.2684 1
0.0414429 -0.0633511 0.273 1
0.0437664 -0.0632848 0.272714 1
0.0477274 -0.06368 0.2725 1
0.0506302 -0.0642409 0.273 1
0.0540202 -0.0640447 0.272167 1
0.0575314 -0.0640055 0.272 1
0.0612992 -0.0642408 0.273 1
0.065032 -0.0644197 0.2725 1
0.0680643 -0.0644325 0.272421 1
0.0716059 -0.0638118 0.2726 1
0.0743621 -0.06371 0.272 1
-4.77663e-05 -0.0600889 0.273 1
0.00173041 -0.0600889 0.273 1
0.00499039 -0.0600889 0.273 1
0.00736129 -0.0600889 0.273 1
0.0123995 -0.0603855 0.273 1
0.0156307 -0.060572 0.2725 1
0.0191806 -0.060572 0.2725 1
0.0227442 -0.0612413 0.272069 1
0.0261748 -0.0612137 0.2714 1
0.0297797 -0.0613564 0.272033 1
0.0333304 -0.0613711 0.2721 1
0.0367622 -0.0611832 0.271267 1
0.0402865 -0.0611679 0.2712 1
0.0437207 -0.0613383 0.271154 1
0.0471906 -0.0615941 0.270895 1
0.0507538 -0.0618905 0.2705 1
0.0542776 -0.0618905 0.2705 1
0.0578014 -0.0618905 0.2705 1
0.0613251 -0.0618905 0.2705 1
0.064621 -0.062293 0.270429 1
0.0684461 -0.061928 0.270588 1
0.0717912 -0.0616888 0.270632 1
0.0740887 -0.0625926 0.271 1
-0.0184113 -0.0564958 0.272833 1
-0.01572 -0.0571932 0.272389 1
-0.0122639 -0.0570775 0.272529 1
-0.00849128 -0.0575483 0.272455 1
-0.00500175 -0.0574893 0.27164 1
-0.00152285 -0.0577601 0.2718 1
0.00201558 -0.0577097 0.271567 1
0.00538379 -0.0575788 0.271259 1
0.008607 -0.0577761 0.271571 1
0.0120198 -0.0576193 0.271133 1
0.0156007 -0.0580366 0.270632 1
0.0190398 -0.0577766 0.2705 1
0.0222921 -0.058453 0.270353 1
0.0260391 -0.0591353 0.27 1
0.029965 -0.0589974 0.270375 1
0.0326846 -0.0587866 0.270417 1
0.0365909 -0.0591353 0.27 1
0.0401082 -0.0591353 0.27 1
0.042453 -0.0591353 0.27 1
-0.0293876 -0.0526747 0.273 1
-0.0258313 -0.0535644 0.273 1
-0.0228258 -0.0540594 0.2725 1
-0.0191099 -0.0540373 0.271321 1
-0.0158023 -0.054774 0.270667 1
-0.0121422 -0.0547672 0.270545 1
-0.00869541 -0.0548821 0.270455 1
-0.00503003 -0.0553223 0.27 1
-0.00130343 -0.055184 0.270143 1
0.00171278 -0.0549995 0.270333 1
0.00522866 -0.0553223 0.27 1
-0.0288167 -0.0507849 0.271333 1
-0.0263853 -0.0511284 0.270857 1
-0.0226736 -0.0519305 0.270667 1
-0.0199784 -0.0518026 0.27 1
0.0927811 0.0380338 0.2706 1
0.0951234 0.0379428 0.271 1
0.078564 0.0414999 0.2702 1
0.0819635 0.0408541 0.270667 1
0.0858348 0.0405955 0.271556 1
0.089154 0.0396647 0.271187 1
0.0924749 0.0392151 0.272 1
0.0950844 0.0392608 0.273 1
0.0650712 0.0450222 0.2702 1
0.0684991 0.0451555 0.271 1
0.071715 0.0442612 0.270923 1
0.0752567 0.0436185 0.2715 1
0.0781978 0.0433649 0.272429 1
0.0818633 0.0426984 0.2726 1
0.0850081 0.0422265 0.273 1
0.050724 0.0485684 0.270333 1
0.0543451 0.0474473 0.271 1
0.0576129 0.046924 0.271 1
0.0612389 0.046996 0.271417 1
0.0645246 0.0468674 0.272143 1
0.0683298 0.046618 0.272667 1
0.0718375 0.0457014 0.2725 1
0.0338613 0.0520079 0.2702 1
0.0371683 0.051486 0.271 1
0.0401589 0.0513218 0.271533 1
0.0438679 0.0505501 0.2715 1
0.0471719 0.050193 0.271857 1
0.0505385 0.0501418 0.2725 1
0.0540884 0.0492537 0.2725 1
0.0125563 0.0555479 0.27 1
0.0160031 0.0550664 0.2708 1
0.019096 0.0549284 0.271278 1
0.0227543 0.0544255 0.271286 1
0.0261854 0.0540891 0.2715 1
0.0296307 0.0541168 0.271909 1
0.033387 0.0534518 0.271615 1
0.0364934 0.0529315 0.272 1
0.0396648 0.0529029 0.273 1
-0.00766798 0.0590676 0.27 1
-0.00503004 0.0590676 0.27 1
-0.00180665 0.0590424 0.270333 1
0.00237805 0.0587448 0.270875 1
0.00545708 0.0582449 0.271059 1
0.00863316 0.0576722 0.271455 1
0.0117635 0.0574379 0.272 1
0.0152804 0.0568224 0.272286 1
0.0192049 0.0564272 0.272833 1
0.021883 0.0564617 0.273 1
-0.00716046 0.0609102 0.273 1
-0.0050713 0.0607243 0.272167 1
-0.00134636 0.0604956 0.271933 1
0.00183678 0.0604254 0.272313 1
0.00528375 0.0599765 0.2728 1
0.00264828 -0.0670455 0.276 1
0.00444599 -0.0670455 0.276 1
0.0406999 -0.0673454 0.276 1
0.0439957 -0.0673454 0.276 1
0.0472915 -0.0673454 0.276 1
0.0505873 -0.0673454 0.276 1
0.0543112 -0.0674121 0.275571 1
0.0576735 -0.067823 0.2755 1
0.0612624 -0.067823 0.2755 1
0.0647415 -0.0675542 0.275368 1
0.0677559 -0.0673373 0.275556 1
0.0715606 -0.0670455 0.276 1
0.073897 -0.0667216 0.274667 1
-0.0120143 -0.0633557 0.2756 1
-0.00917002 -0.0638474 0.276 1
-0.00390053 -0.0643043 0.276 1
-0.00154614 -0.0646084 0.275833 1
0.0018117 -0.0646161 0.275296 1
0.00496987 -0.0647906 0.275706 1
0.00844905 -0.0644555 0.275769 1
0.0120757 -0.0640648 0.27575 1
0.0158315 -0.0643471 0.276 1
0.0194143 -0.0643082 0.275833 1
0.0230658 -0.0646367 0.274909 1
0.0261949 -0.0646424 0.2747 1
0.0296909 -0.0647213 0.275231 1
0.0331907 -0.064703 0.274727 1
0.0367177 -0.0647465 0.274654 1
0.0401714 -0.0650044 0.274793 1
0.0437566 -0.0651913 0.2745 1
0.0470637 -0.0654296 0.274667 1
0.0509067 -0.0657866 0.2745 1
0.054385 -0.0656668 0.274 1
0.0579544 -0.0656668 0.274 1
0.0612263 -0.0656668 0.274 1
0.0642008 -0.0656668 0.274 1
0.0691582 -0.0655675 0.274 1
0.0717959 -0.0658937 0.275231 1
0.0739653 -0.0655229 0.274286 1
-0.024617 -0.0598497 0.276 1
-0.0223324 -0.0604119 0.276 1
-0.0192756 -0.0603829 0.2755 1
-0.0158275 -0.06096 0.27425 1
-0.0122373 -0.0613925 0.275035 1
-0.00877323 -0.0615008 0.275517 1
-0.00503366 -0.0614176 0.275556 1
-0.00164753 -0.0614508 0.274821 1
0.00173886 -0.0618732 0.274333 1
0.00501476 -0.0618732 0.274333 1
0.00876831 -0.0613919 0.274231 1
0.0120093 -0.0620774 0.27425 1
0.0157168 -0.0626903 0.274 1
0.0192861 -0.0626903 0.274 1
0.0213683 -0.0626903 0.274 1
-0.0255851 -0.0573416 0.275864 1
-0.0227302 -0.0578589 0.275185 1
-0.0195294 -0.0580196 0.274667 1
-0.0159271 -0.0590497 0.274 1
-0.0120648 -0.0589398 0.274 1
-0.00904575 -0.0591928 0.274 1
-0.005402 -0.059416 0.274 1
-0.02919 -0.0542575 0.274625 1
-0.0264705 -0.0548531 0.2745 1
-0.0223565 -0.0558442 0.274 1
-0.0205719 -0.0558442 0.274 1
0.0874017 0.0417859 0.274 1
0.0895738 0.0416384 0.2745 1
0.0926825 0.0407943 0.274667 1
0.0954825 0.0404446 0.275 1
0.0740165 0.0453577 0.274 1
0.07917 0.0445188 0.274333 1
0.0826451 0.0438803 0.274909 1
0.0857156 0.0436066 0.275467 1
0.0889385 0.0429903 0.276 1
0.0925339 0.0420909 0.276 1
0.0558722 0.0489295 0.274 1
0.0579544 0.0489295 0.274 1
0.0612263 0.0489295 0.274 1
0.0650506 0.0481641 0.274 1
0.0681934 0.0481242 0.2745 1
0.071714 0.0473227 0.274786 1
0.0752485 0.046282 0.275636 1
0.0777028 0.0458387 0.276 1
0.0475437 0.0516085 0.274 1
0.0509393 0.0515355 0.274667 1
0.0540115 0.0510694 0.275053 1
0.0577913 0.0503246 0.275111 1
0.0611247 0.0503655 0.275333 1
0.0649786 0.0495156 0.275455 1
0.0676656 0.0495865 0.276 1
0.0314815 0.0551803 0.274 1
0.0333161 0.0552608 0.2744 1
0.0367037 0.0548356 0.27525 1
0.0405017 0.0538886 0.2752 1
0.0438381 0.0529917 0.275 1
0.0472915 0.0531844 0.276 1
0.0127423 0.058752 0.274 1
0.0160727 0.0586688 0.275 1
0.0191433 0.0579429 0.275 1
0.0230974 0.0573513 0.275125 1
0.025809 0.0569486 0.275143 1
0.0295439 0.0566451 0.275333 1
0.0320109 0.0567823 0.276 1
-0.00718669 0.062324 0.274 1
-0.00510455 0.0623239 0.274 1
-0.00153635 0.0624376 0.2745 1
0.00152158 0.0625333 0.27525 1
0.00486083 0.0615168 0.275143 1
0.00830299 0.0604066 0.27475 1
0.0116368 0.0603802 0.276 1
-0.00721291 0.0637463 0.275 1
-0.0051378 0.0639395 0.275833 1
-0.00304448 0.0639782 0.276 1
0.00264828 0.0630786 0.276 1
0.00384675 0.0630786 0.276 1
0.0640868 -0.0741006 0.28 1
0.0157007 -0.070199 0.279 1
0.0190668 -0.070721 0.28 1
0.0229579 -0.0705933 0.2796 1
0.0266569 -0.0710826 0.279211 1
0.0298847 -0.0712618 0.279818 1
0.0332432 -0.0719082 0.27975 1
0.0365921 -0.0714184 0.28 1
0.0403291 -0.0712789 0.279667 1
0.0438015 -0.07117 0.279454 1
0.0470361 -0.0709154 0.279833 1
0.0505314 -0.0705021 0.279 1
0.0545184 -0.0708694 0.27925 1
0.0578198 -0.0713226 0.278778 1
0.0613241 -0.0718011 0.279 1
0.064642 -0.0718073 0.278818 1
0.0679174 -0.0715398 0.2795 1
0.0717034 -0.0709266 0.279625 1
0.0735096 -0.0713631 0.28 1
0.00626632 -0.0669876 0.277 1
0.00867197 -0.0675894 0.277 1
0.0124661 -0.0679183 0.277286 1
0.0156652 -0.0682247 0.27836 1
0.0190648 -0.068496 0.279467 1
0.0226269 -0.0682681 0.278533 1
0.0261344 -0.0681324 0.277742 1
0.0298426 -0.0681707 0.278133 1
0.0333378 -0.0680644 0.277964 1
0.0367396 -0.0682501 0.278107 1
0.0398975 -0.068763 0.277571 1
0.0436076 -0.0688758 0.277333 1
0.0473324 -0.0690414 0.278 1
0.0509539 -0.0690414 0.278 1
0.0541165 -0.0688427 0.2772 1
0.0578039 -0.0698396 0.277571 1
0.0612952 -0.0696958 0.277 1
0.0648436 -0.069455 0.277 1
0.0684239 -0.0690061 0.27725 1
0.0719955 -0.0687813 0.2778 1
0.0739248 -0.068793 0.277 1
-0.00771643 -0.0642793 0.277 1
-0.00568668 -0.0641289 0.277 1
0.00987479 -0.0657839 0.277 1
0.0122804 -0.0657839 0.277 1
0.0158889 -0.0657839 0.277 1
0.0191966 -0.0657839 0.277 1
0.0213016 -0.0657839 0.277 1
-0.0262097 -0.0600666 0.277 1
-0.029629 -0.0578778 0.27804 1
-0.0269885 -0.0585251 0.277154 1
-0.0298182 -0.0558538 0.277 1
0.094072 0.0416416 0.277 1
0.0958762 0.0416416 0.277 1
0.0824049 0.0452852 0.2772 1
0.0860872 0.0451113 0.277714 1
0.0893689 0.0442026 0.277333 1
0.0928863 0.0438283 0.278364 1
0.0956109 0.0437459 0.278667 1
0.0725717 0.0484121 0.277 1
0.0758931 0.0479425 0.278 1
0.0790514 0.0475373 0.278619 1
0.0820837 0.0468443 0.2785 1
0.0854778 0.0467852 0.279231 1
0.0890613 0.0459152 0.2792 1
0.0917473 0.0460467 0.28 1
0.0555818 0.0521735 0.277 1
0.0575192 0.0521248 0.277429 1
0.0612147 0.0520598 0.278 1
0.0646567 0.0513585 0.277875 1
0.0685708 0.0506458 0.278333 1
0.0716396 0.0503256 0.279143 1
0.0750294 0.0496968 0.28 1
0.038141 0.0554835 0.277 1
0.0404211 0.0557239 0.2782 1
0.0436294 0.0549257 0.277923 1
0.0470653 0.0548172 0.2782 1
0.050651 0.054176 0.278 1
0.0541659 0.0543704 0.279 1
0.057793 0.0535682 0.279077 1
0.06092 0.0534709 0.27925 1
0.063858 0.0528533 0.279 1
0.0194973 0.0590944 0.277 1
0.02256 0.0592367 0.277667 1
0.0263713 0.0584149 0.2772 1
0.0297943 0.0583318 0.277667 1
0.0335101 0.0581835 0.279125 1
0.0365336 0.0577154 0.2792 1
0.0402475 0.0569364 0.2791 1
0.0439112 0.056414 0.27975 1
0.046761 0.0563885 0.28 1
0.0050635 0.0627054 0.277 1
0.00927338 0.0618027 0.277 1
0.0126265 0.0617249 0.278 1
0.0158358 0.0614695 0.278455 1
0.0190265 0.0609848 0.278444 1
0.0226854 0.0607835 0.279222 1
0.0265257 0.0598417 0.2788 1
0.0297392 0.0600386 0.28 1
0.031563 0.0600386 0.28 1
-0.00726537 0.0654136 0.277 1
-0.00516813 0.0655316 0.2775 1
-0.00142043 0.0651241 0.278091 1
0.00153863 0.0650429 0.278625 1
0.00510007 0.0641982 0.279 1
0.00873458 0.0634612 0.279 1
0.0118055 0.0636887 0.28 1
-0.00490405 0.0672425 0.2796 1
-0.0030886 0.0673387 0.28 1
0.0556667 -0.0770807 0.282 1
0.0578773 -0.0771718 0.282333 1
0.0613655 -0.0776462 0.282 1
0.064483 -0.07781 0.282563 1
0.0675384 -0.077354 0.283 1
0.0371665 -0.0737548 0.281 1
0.0405498 -0.0742543 0.281 1
0.0435725 -0.0743653 0.281 1
0.047367 -0.0749483 0.28172 1
0.0508053 -0.0749898 0.2822 1
0.0542737 -0.0751047 0.2824 1
0.0578232 -0.0752607 0.282067 1
0.061232 -0.0750769 0.28163 1
0.0648005 -0.0753548 0.281885 1
0.0683752 -0.0753302 0.2826 1
0.0713861 -0.0748177 0.282125 1
0.0203889 -0.0713127 0.281 1
0.0216091 -0.0713127 0.281 1
0.0370309 -0.0727372 0.281 1
0.040217 -0.0731442 0.281 1
0.0435725 -0.0731442 0.281 1
0.0474345 -0.0725881 0.281062 1
0.0508569 -0.0725744 0.281294 1
0.0540123 -0.0727139 0.281357 1
0.057503 -0.0730424 0.281 1
0.0688914 -0.0728389 0.281 1
0.0713318 -0.0728389 0.281 1
0.0826185 0.0486533 0.281 1
0.0858982 0.0483244 0.28175 1
0.0889808 0.0476985 0.281667 1
0.0928861 0.0472763 0.282143 1
0.0951254 0.0462113 0.281 1
0.0690556 0.0521345 0.281667 1
0.0719998 0.0518669 0.2822 1
0.075476 0.051013 0.281667 1
0.0787907 0.0507387 0.282091 1
0.0821117 0.0501228 0.2824 1
0.0861274 0.0492199 0.2825 1
0.088122 0.049307 0.283 1
0.0576916 0.0554511 0.281417 1
0.0615194 0.0550888 0.282167 1
0.0646448 0.0541378 0.282 1
0.0680511 0.0534485 0.282385 1
0.071225 0.0529961 0.283 1
0.0374715 0.059032 0.281 1
0.0401547 0.0584902 0.281727 1
0.043623 0.0581035 0.282077 1
0.0477897 0.0578143 0.2825 1
0.0507675 0.0574062 0.282 1
0.0540876 0.057229 0.282429 1
0.0569394 0.056839 0.283 1
0.0197788 0.0623898 0.281 1
0.0226214 0.0626563 0.2822 1
0.0259593 0.0618215 0.281615 1
0.0296639 0.0617293 0.282167 1
0.0333544 0.0611467 0.2823 1
0.0367399 0.0605532 0.2824 1
0.0396485 0.060044 0.2826 1
0.0423465 0.0597596 0.283 1
0.00269625 0.0660529 0.281 1
0.00544624 0.0656538 0.28125 1
0.00881806 0.0652917 0.281667 1
0.0126262 0.064987 0.281857 1
0.0155585 0.0643297 0.281917 1
0.0190535 0.0639142 0.282333 1
0.0226214 0.0632694 0.2822 1
0.0251423 0.0634487 0.283 1
-0.00493914 0.0689471 0.2816 1
-0.00158 0.0684341 0.282 1
0.00194212 0.0677071 0.282167 1
0.00496068 0.0672242 0.2825 1
0.00763093 0.0668304 0.283 1
0.0683937 -0.0782444 0.284 1
0.0705518 -0.0773188 0.284 1
0.0899749 0.0488642 0.284 1
0.0918247 0.0488642 0.284 1
0.0958327 0.0479386 0.284 1
0.0823405 0.0516863 0.28425 1
0.0857114 0.0512416 0.2852 1
0.0894596 0.0504389 0.285385 1
0.0927186 0.0502458 0.286 1
0.0949552 0.049519 0.286 1
0.0653106 0.055343 0.284 1
0.0682452 0.0552673 0.284667 1
0.0718771 0.0542753 0.284947 1
0.0751048 0.0536634 0.2849 1
0.0787868 0.0538553 0.285917 1
0.0819072 0.053725 0.286333 1
0.0843826 0.0534334 0.287 1
0.0434211 0.0593537 0.284 1
0.0472867 0.0586339 0.285 1
0.0548213 0.0584901 0.2846 1
0.057714 0.0582611 0.285615 1
0.0611171 0.0576057 0.285789 1
0.0647274 0.0568759 0.2855 1
0.0684462 0.0571349 0.2868 1
0.0714602 0.0561219 0.2864 1
0.0366829 0.0622033 0.284333 1
0.0404028 0.0618863 0.285 1
0.0437742 0.0609712 0.2855 1
0.047236 0.060572 0.285857 1
0.0507293 0.060407 0.285875 1
0.053644 0.0600688 0.286143 1
0.0566537 0.0599807 0.287 1
0.0160059 0.0659253 0.2844 1
0.0194962 0.0656073 0.284769 1
0.0227345 0.0651903 0.285062 1
0.026469 0.0645094 0.285105 1
0.029715 0.0643445 0.2856 1
0.0328983 0.0642649 0.2858 1
0.0366124 0.0638553 0.2862 1
0.0390817 0.0639714 0.287 1
0.0426335 0.0630985 0.287 1
-4.9691e-05 0.0695347 0.284 1
0.00159954 0.0694916 0.284667 1
0.00555749 0.0688715 0.284714 1
0.00890154 0.0683281 0.285273 1
0.0121689 0.0680454 0.285273 1
0.0156792 0.0676654 0.286231 1
0.0191201 0.0676453 0.286889 1
0.0226558 0.0667234 0.2865 1
0.0248746 0.0668398 0.287 1
-0.00465405 0.0711174 0.285571 1
-0.00206977 0.0714448 0.286083 1
0.0019508 0.0706813 0.286 1
0.00522338 0.0702531 0.285667 1
0.00836191 0.0705811 0.287 1
0.0894292 0.0520915 0.2882 1
0.0933508 0.0519679 0.289 1
0.0963347 0.0507502 0.2884 1
0.0981204 0.0498652 0.288 1
0.074672 0.0558096 0.288 1
0.0828729 0.054919 0.28825 1
0.0858284 0.0546394 0.28925 1
0.0893407 0.0535423 0.289267 1
0.0929437 0.0529372 0.2894 1
0.095024 0.0530469 0.29 1
0.0646673 0.0586254 0.288 1
0.0682496 0.0587475 0.2886 1
0.0715885 0.0578757 0.288714 1
0.0752294 0.0571825 0.289286 1
0.078696 0.0563173 0.289 1
0.0819049 0.0563661 0.28925 1
0.0443453 0.0626926 0.288 1
0.0475243 0.0627895 0.288857 1
0.0507739 0.0625963 0.289 1
0.0541433 0.0617434 0.288571 1
0.0579734 0.0610133 0.289143 1
0.061199 0.0601541 0.289333 1
0.0648015 0.0602927 0.29 1
0.0673201 0.0602927 0.29 1
0.0265245 0.0664469 0.288 1
0.0346533 0.0655084 0.288 1
0.0367749 0.0655998 0.288556 1
0.0405027 0.0647908 0.2887 1
0.0441071 0.0639314 0.289 1
0.0459125 0.064073 0.29 1
0.0544126 0.0631279 0.29 1
0.0157338 0.0693509 0.288222 1
0.0191215 0.0692116 0.289091 1
0.0224173 0.0683118 0.288909 1
0.0258078 0.0680132 0.289333 1
0.0297539 0.0669915 0.289 1
0.0330279 0.0670287 0.2895 1
0.0352088 0.0669084 0.29 1
-0.00536537 0.0723912 0.288 1
-0.000675681 0.0723912 0.288 1
0.00183526 0.0726929 0.2892 1
0.00478003 0.0720788 0.289 1
0.00909647 0.0714681 0.289143 1
0.0120492 0.0707375 0.288615 1
0.0152404 0.0709588 0.29 1
0.0200975 0.0700587 0.29 1
0.0213568 0.0700587 0.29 1
-0.00445818 0.0741541 0.29 1
-0.00193964 0.0741542 0.29 1
0.0890986 0.0555343 0.291667 1
0.0929962 0.0547203 0.2922 1
0.096681 0.0539215 0.292211 1
0.0985516 0.0545505 0.293 1
0.0726067 0.05892 0.291 1
0.0754459 0.0591629 0.2922 1
0.0786741 0.0583696 0.291588 1
0.0823192 0.0582443 0.291706 1
0.0857559 0.0576858 0.29275 1
0.0892945 0.0570809 0.293364 1
0.0929543 0.0562186 0.2934 1
0.095058 0.0563336 0.294 1
0.0555479 0.0627134 0.291 1
0.0571773 0.0627673 0.29125 1
0.0614047 0.0619348 0.2918 1
0.0648358 0.0621895 0.293 1
0.0685338 0.0617673 0.2925 1
0.0717037 0.0610606 0.292474 1
0.0749422 0.0603873 0.293 1
0.078831 0.0599615 0.293 1
0.0816936 0.0599615 0.293 1
0.0416482 0.0658746 0.291 1
0.0436642 0.0657387 0.2918 1
0.0474337 0.065278 0.292 1
0.050576 0.0650096 0.292118 1
0.0542468 0.0646261 0.2925 1
0.0575053 0.0640129 0.2926 1
0.0611863 0.063636 0.2938 1
0.0230506 0.0697877 0.2915 1
0.0265288 0.0693135 0.2915 1
0.0297482 0.0689567 0.292 1
0.0333889 0.0686728 0.292444 1
0.0369362 0.0682844 0.293 1
0.0399453 0.0671444 0.2924 1
0.0430351 0.0675119 0.294 1
0.0516523 0.0665537 0.294 1
0.052929 0.0665537 0.294 1
0.00595123 0.0731454 0.291 1
0.00882457 0.0730795 0.292 1
0.0121419 0.0726215 0.29175 1
0.0162227 0.0722519 0.2925 1
0.0191534 0.0720184 0.293 1
0.0229755 0.0710839 0.292778 1
0.0259818 0.0709452 0.293667 1
0.0299101 0.0702905 0.2936 1
0.0318645 0.0703863 0.294 1
-0.00386815 0.0761944 0.293 1
-0.00141439 0.0759395 0.292714 1
0.00161572 0.0752719 0.2925 1
0.00536353 0.0750065 0.293333 1
0.00866536 0.0746142 0.293231 1
0.0126979 0.0738937 0.293556 1
0.0969826 0.0558843 0.295 1
0.0891587 0.058888 0.2956 1
0.0928127 0.0583263 0.296 1
0.0966692 0.0574346 0.296143 1
0.0986073 0.0578763 0.297 1
0.0729642 0.0626141 0.295 1
0.0755893 0.0620071 0.295667 1
0.0787286 0.0613322 0.295 1
0.082157 0.0612825 0.295182 1
0.0854112 0.0607519 0.296333 1
0.0876452 0.0604574 0.297 1
0.0547102 0.0661392 0.295 1
0.0579767 0.065573 0.295333 1
0.0609619 0.0653545 0.2958 1
0.0644257 0.0642193 0.2955 1
0.0683916 0.0641125 0.296 1
0.0717269 0.0642208 0.2965 1
0.0757158 0.0633612 0.297 1
0.0335741 0.0699847 0.295 1
0.0403552 0.0691169 0.2954 1
0.0439661 0.0686164 0.296 1
0.0473776 0.0677874 0.2952 1
0.0507184 0.0679712 0.296 1
0.0539284 0.0674904 0.296 1
0.0582008 0.0669626 0.296875 1
0.0227128 0.0729513 0.295333 1
0.0264385 0.0724994 0.295667 1
0.0296196 0.0719748 0.2958 1
0.0331086 0.0714452 0.296 1
0.0366054 0.0705912 0.2962 1
0.0389603 0.0707818 0.297 1
-0.00485528 0.0763941 0.295 1
0.00283058 0.0763941 0.295 1
0.00508392 0.0765494 0.2956 1
0.00902929 0.076445 0.296125 1
0.0120015 0.0758527 0.295769 1
0.0158394 0.0751057 0.296 1
0.0190138 0.0746173 0.296 1
0.0221948 0.0746535 0.297 1
0.0276758 0.0736856 0.297 1
0.0289655 0.0736856 0.297 1
-0.0046184 0.0778221 0.29525 1
-0.00181825 0.0785173 0.29575 1
0.00203526 0.0780565 0.295833 1
0.00466415 0.0777843 0.296222 1
0.00864032 0.0774267 0.2965 1
0.011555 0.0775573 0.297 1
0.0965466 0.0591613 0.2986 1
0.0989468 0.0592405 0.299 1
0.0788822 0.0629271 0.298 1
0.0821172 0.0629271 0.298 1
0.0866124 0.0621638 0.299 1
0.0892722 0.0614079 0.299 1
0.0924104 0.0612038 0.2997 1
0.0964566 0.0604307 0.299889 1
0.0983007 0.0604163 0.3 1
0.0649717 0.0658406 0.298 1
0.0679296 0.0658848 0.2982 1
0.0712396 0.0660498 0.299111 1
0.0750105 0.0650384 0.299231 1
0.0788009 0.0645108 0.299333 1
0.0819899 0.0644551 0.299538 1
0.0850432 0.0638551 0.300333 1
0.0445911 0.0694016 0.298 1
0.0471791 0.0694016 0.298 1
0.0504488 0.0694482 0.2982 1
0.0544701 0.06902 0.298636 1
0.0577259 0.06866 0.299 1
0.0613975 0.0681261 0.2995 1
0.064758 0.0675861 0.3 1
0.0682398 0.0678114 0.301 1
0.0712627 0.0675708 0.3008 1
0.0743665 0.0667564 0.300667 1
0.0306805 0.0732863 0.298 1
0.0336998 0.0726388 0.298 1
0.0369025 0.0724607 0.2986 1
0.0404901 0.0721632 0.299375 1
0.0435574 0.0712863 0.2992 1
0.0472477 0.0711831 0.299882 1
0.050764 0.0711888 0.300067 1
0.053611 0.0707658 0.299857 1
0.0568033 0.0704272 0.301 1
0.0196814 0.0761997 0.298 1
0.0227795 0.0761672 0.298909 1
0.02615 0.0754589 0.299059 1
0.0297491 0.0754372 0.299625 1
0.0331254 0.0747984 0.3 1
0.0365209 0.0743016 0.3008 1
-0.00458116 0.0800845 0.298 1
-0.00134615 0.0800845 0.298 1
0.00188887 0.0800844 0.298 1
0.00539278 0.0793386 0.2986 1
0.00870759 0.0790099 0.298833 1
0.0125602 0.078684 0.299 1
0.0155703 0.0786163 0.2998 1
0.0191849 0.0781015 0.300333 1
0.0222816 0.0780273 0.3008 1
0.0260373 0.0771398 0.3004 1
0.0290288 0.0772939 0.301 1
-0.00461191 0.0819255 0.3 1
-0.00168085 0.0819255 0.3 1
0.00190155 0.0819255 0.3 1
0.00490483 0.0813827 0.3004 1
0.00876981 0.0808907 0.301 1
0.0110571 0.0808907 0.301 1
0.0940384 0.0621314 0.302 1
0.096397 0.0621725 0.3022 1
0.0986281 0.0621314 0.302 1
0.0763347 0.0663963 0.302 1
0.0776462 0.0663963 0.302 1
0.0834951 0.0659578 0.303 1
0.0861003 0.0653289 0.303571 1
0.0896977 0.0637948 0.303 1
0.093011 0.0638639 0.304 1
0.0956511 0.0638638 0.304 1
0.0649904 0.0694867 0.3026 1
0.0682961 0.0695115 0.303667 1
0.0723474 0.0686918 0.302909 1
0.0753719 0.0679314 0.302667 1
0.0785865 0.0672973 0.3031 1
0.0821793 0.0666161 0.303 1
0.0844306 0.066836 0.304 1
0.044206 0.0729577 0.302 1
0.0473128 0.0731993 0.303 1
0.0506021 0.0731993 0.303 1
0.0544389 0.072542 0.303 1
0.0581747 0.071905 0.303286 1
0.0609816 0.0714823 0.303 1
0.0639003 0.0710512 0.303667 1
0.0689199 0.0701384 0.304 1
0.0715601 0.0701384 0.304 1
0.0310923 0.0768945 0.302 1
0.0346986 0.0759103 0.302 1
0.0367888 0.0761617 0.303 1
0.0398134 0.0749829 0.302667 1
0.0434746 0.074517 0.303 1
0.0473128 0.0738576 0.303 1
0.0506021 0.0738576 0.303 1
0.0537392 0.0741013 0.304 1
0.019334 0.0800234 0.302667 1
0.0232183 0.0791392 0.3028 1
0.0262449 0.0787429 0.3028 1
0.0296353 0.0786501 0.3032 1
0.0335654 0.0776317 0.3036 1
0.0355884 0.0777339 0.304 1
-0.00398697 0.0834559 0.302 1
-0.00169206 0.0834559 0.302 1
0.00191422 0.0834559 0.302 1
0.00544741 0.0828551 0.3025 1
0.00851167 0.082854 0.3034 1
0.0120964 0.0820405 0.303067 1
0.0157577 0.0815357 0.3034 1
0.0227179 0.0807062 0.304 1
-0.00398697 0.084112 0.302 1
-0.00169846 0.0849965 0.303143 1
0.00191422 0.084112 0.302 1
0.0051124 0.0843561 0.303667 1
0.0860328 0.0663932 0.305 1
0.0895208 0.0655278 0.3056 1
0.0927029 0.0656672 0.30625 1
0.096484 0.0653091 0.306125 1
0.0988235 0.0652434 0.306333 1
0.0751065 0.0697065 0.305 1
0.0784997 0.0693709 0.305909 1
0.0820892 0.068592 0.305933 1
0.08594 0.0680709 0.306833 1
0.0887897 0.0673079 0.307667 1
0.0628557 0.0726885 0.305 1
0.0650948 0.0724055 0.305667 1
0.0680436 0.0720313 0.306429 1
0.0717464 0.0713113 0.3062 1
0.0752657 0.0711641 0.307 1
0.0786769 0.071259 0.307889 1
0.0820392 0.070255 0.3074 1
0.040672 0.0766644 0.305 1
0.0441536 0.0762636 0.305857 1
0.0468697 0.0754749 0.305182 1
0.0507709 0.0755861 0.306 1
0.0544601 0.0753704 0.3062 1
0.0573638 0.07491 0.306625 1
0.0611498 0.0743535 0.3064 1
0.0636012 0.0741656 0.307 1
0.0244481 0.080309 0.305 1
0.0257725 0.080309 0.305 1
0.0310701 0.079315 0.305 1
0.0331013 0.079419 0.3054 1
0.0369966 0.0791295 0.306556 1
0.0402738 0.0785011 0.307 1
0.0432351 0.078094 0.307182 1
0.0475568 0.0774276 0.307889 1
0.0507684 0.0774185 0.308 1
0.0527746 0.0774184 0.308 1
0.0133231 0.0833572 0.305 1
0.0158819 0.0835094 0.3058 1
0.0192058 0.0825323 0.305867 1
0.022582 0.0825512 0.306643 1
0.0263132 0.0819516 0.306765 1
0.0295583 0.08126 0.3065 1
0.033361 0.0813806 0.3078 1
-0.00402657 0.0859416 0.305 1
-0.00170887 0.0859416 0.305 1
0.00193324 0.0859416 0.305 1
0.00548899 0.0860964 0.306333 1
0.00860661 0.0857844 0.3068 1
0.012299 0.0853099 0.3075 1
0.0153265 0.0854486 0.308 1
0.0192895 0.0842254 0.3072 1
0.0220137 0.0844448 0.308 1
-0.00405298 0.0875056 0.307 1
-0.00172007 0.0875056 0.307 1
0.00195185 0.0877337 0.3078 1
0.0851484 0.0699493 0.309 1
0.0892896 0.068763 0.3094 1
0.0923035 0.0681732 0.309857 1
0.096529 0.0678184 0.31 1
0.099237 0.0675996 0.309 1
0.0693826 0.0733061 0.309 1
0.0718798 0.0730077 0.309 1
0.0749635 0.0729592 0.309111 1
0.0792694 0.0725821 0.31 1
0.0821258 0.0720622 0.31 1
0.085648 0.0711306 0.31 1
0.088738 0.07074 0.311 1
0.0586484 0.0763271 0.309 1
0.0607729 0.0761033 0.309 1
0.0648851 0.0757703 0.310091 1
0.0682328 0.0746979 0.31025 1
0.0711821 0.074794 0.311 1
0.0766742 0.0735433 0.31 1
0.0787963 0.0736382 0.3104 1
0.0813106 0.0737805 0.311 1
0.040226 0.0800713 0.3092 1
0.0441175 0.0792657 0.3092 1
0.0470003 0.079166 0.3096 1
0.050556 0.0794728 0.3108 1
0.0543505 0.078259 0.31 1
0.0579787 0.0777846 0.3108 1
0.060491 0.0776095 0.311 1
0.0298003 0.0830406 0.309 1
0.0329476 0.0833631 0.3102 1
0.0364775 0.0824079 0.310067 1
0.0398795 0.0814025 0.31 1
0.0439703 0.0808839 0.310889 1
0.011752 0.0870451 0.309429 1
0.016177 0.0865973 0.310111 1
0.0191293 0.0861306 0.309615 1
0.0231181 0.0856198 0.31 1
0.0262127 0.084711 0.3102 1
0.0289804 0.0849294 0.311 1
-0.00407938 0.0890827 0.309 1
-0.0017341 0.0895163 0.309625 1
0.00196877 0.0894864 0.3104 1
0.00488054 0.0888112 0.31 1
0.00870802 0.0884747 0.3104 1
0.012075 0.0880706 0.3104 1
0.0148006 0.0879701 0.311 1
-0.00174249 0.0913486 0.311 1
0.0930878 0.0696117 0.312 1
0.095048 0.0697168 0.314 1
0.100138 0.0699388 0.315 1
0.0829268 0.0733399 0.312 1
0.0864267 0.0724361 0.312 1
0.0893868 0.0724828 0.313667 1
0.0925543 0.0720493 0.3145 1
0.095048 0.070399 0.314 1
0.100138 0.0706232 0.315 1
0.0684955 0.0765372 0.3126 1
0.0720113 0.0761366 0.313143 1
0.0751895 0.0755987 0.31275 1
0.0786783 0.0755684 0.313 1
0.0822626 0.075216 0.3136 1
0.085458 0.0743399 0.313833 1
0.0885115 0.0743873 0.315 1
0.054025 0.0800638 0.312667 1
0.0579641 0.0795338 0.313556 1
0.0616634 0.0789103 0.31325 1
0.0647706 0.0788931 0.313556 1
0.0679654 0.0785556 0.314333 1
0.0722097 0.0772211 0.314 1
0.0752775 0.0772211 0.314 1
0.0789368 0.077467 0.315 1
0.0376018 0.0836417 0.3125 1
0.0408974 0.0826746 0.312143 1
0.0438636 0.0826708 0.313 1
0.0472597 0.0816041 0.312692 1
0.0506739 0.0820851 0.314333 1
0.0540943 0.0816821 0.314286 1
0.0570515 0.0812311 0.315 1
0.0261343 0.0866111 0.312714 1
0.0302775 0.0859824 0.312778 1
0.0331251 0.085997 0.313846 1
0.0369712 0.0850511 0.313625 1
0.0399817 0.0844746 0.314333 1
0.0433733 0.0843109 0.315 1
-5.45901e-05 0.0909644 0.312 1
0.00130021 0.0909644 0.312 1
0.006042 0.0899476 0.312 1
0.00877491 0.0901783 0.3128 1
0.0122093 0.0901317 0.313818 1
0.0156725 0.0895484 0.313727 1
0.0192915 0.088663 0.313077 1
0.0224955 0.0887672 0.314 1
0.0264764 0.0880955 0.314667 1
-0.00129033 0.0928366 0.312909 1
0.00210663 0.092544 0.313294 1
0.00510989 0.0923215 0.314143 1
0.00883575 0.0921813 0.315 1
0.0132811 0.0911547 0.315 1
0.0153329 0.0911547 0.315 1
-0.00142294 0.0949188 0.315 1
0.00131271 0.0949188 0.315 1
0.0939382 0.072907 0.316 1
0.0965079 0.0719384 0.316353 1
0.0994056 0.0715323 0.31675 1
0.0861171 0.0760567 0.31625 1
0.0895783 0.0758194 0.317167 1
0.0923834 0.0750386 0.317091 1
0.0957031 0.0744165 0.317556 1
0.0684597 0.0800977 0.3162 1
0.0715034 0.0791837 0.316636 1
0.0749643 0.0789919 0.317 1
0.0784559 0.0790418 0.3172 1
0.0817948 0.0778419 0.3168 1
0.085064 0.07781 0.318 1
0.0452262 0.083892 0.316 1
0.0472845 0.083892 0.316 1
0.0551744 0.0828621 0.316 1
0.0580529 0.082732 0.317 1
0.0611233 0.0816437 0.3166 1
0.0646405 0.0817468 0.317 1
0.0680248 0.0817467 0.317444 1
0.0709845 0.0808835 0.317667 1
0.034935 0.0869814 0.316 1
0.0364609 0.0869584 0.316333 1
0.0404361 0.0862247 0.317 1
0.0438861 0.0858551 0.317333 1
0.0468313 0.0855457 0.317231 1
0.0508754 0.0845018 0.317 1
0.0540159 0.0845684 0.31725 1
0.0170968 0.0907575 0.316 1
0.0191551 0.0907575 0.316 1
0.0239576 0.0897277 0.316 1
0.0261169 0.0900684 0.3172 1
0.0292037 0.0889092 0.316571 1
0.0330038 0.0886901 0.3172 1
0.0362135 0.0883196 0.3176 1
0.0396439 0.0878774 0.318 1
0.00612664 0.093946 0.316333 1
0.00864157 0.0941319 0.31725 1
0.0121911 0.0927277 0.316545 1
0.0159229 0.0928059 0.317455 1
0.0192359 0.0925208 0.317333 1
0.0223491 0.0915332 0.3175 1
-0.00143197 0.096899 0.317 1
0.00230427 0.0965066 0.317 1
0.00511558 0.0956721 0.3175 1
0.00995551 0.0947864 0.318 1
0.0109912 0.0947864 0.318 1
0.0932455 0.0764912 0.3195 1
0.0967342 0.0759386 0.3198 1
0.0998338 0.0747569 0.3195 1
0.101756 0.0739457 0.319 1
0.08245 0.0795734 0.319333 1
0.0858482 0.0794655 0.320077 1
0.0889542 0.0788788 0.3205 1
0.0929353 0.0782964 0.321 1
0.0958881 0.0778975 0.321 1
0.0999166 0.0774395 0.322 1
0.0615853 0.0836487 0.319 1
0.0650483 0.0836487 0.319 1
0.0689566 0.0832168 0.32 1
0.0721065 0.0822949 0.3202 1
0.0752133 0.0820832 0.321 1
0.078698 0.0820832 0.321 1
0.0821336 0.0813328 0.3208 1
0.084536 0.0816371 0.322 1
0.0890803 0.0805877 0.322 1
0.0415 0.0874607 0.319 1
0.0428852 0.0874607 0.319 1
0.048426 0.0864211 0.319 1
0.0505038 0.086421 0.319 1
0.0540696 0.0865836 0.3196 1
0.0575515 0.085909 0.320353 1
0.0611308 0.0856393 0.320909 1
0.0646114 0.0858346 0.322 1
0.0684866 0.0843903 0.3205 1
0.0709033 0.0844354 0.322 1
0.0304185 0.0905795 0.319 1
0.0330638 0.0906313 0.32 1
0.0369983 0.0895772 0.31975 1
0.0404248 0.0895056 0.320455 1
0.0439584 0.0892091 0.320882 1
0.0473357 0.0883578 0.321 1
0.0508204 0.0883577 0.321 1
0.0544079 0.0885229 0.3216 1
0.058669 0.0875836 0.322 1
0.0600672 0.0875836 0.322 1
0.0127572 0.0943914 0.319 1
0.0230802 0.0933159 0.319667 1
0.0261422 0.0925825 0.320333 1
0.0299694 0.0927152 0.3216 1
0.0331635 0.0918459 0.321 1
0.0371396 0.0914386 0.321889 1
0.00589609 0.0971278 0.319857 1
0.00881799 0.09669 0.320077 1
0.0125605 0.0962145 0.320286 1
0.0158125 0.0959208 0.320889 1
0.0194231 0.0951537 0.3204 1
0.0219656 0.0956289 0.322 1
-0.00118304 0.0996521 0.31975 1
0.00194758 0.0998757 0.32075 1
0.00530558 0.0991151 0.321 1
0.00932062 0.0984457 0.321571 1
0.0111294 0.0984273 0.322 1
-0.00075545 0.102275 0.322 1
0.00204099 0.101715 0.322 1
0.0904088 0.0801362 0.323 1
0.0920016 0.0803016 0.323667 1
0.0967204 0.0790835 0.323 1
0.0994059 0.0792672 0.32375 1
0.0824727 0.0834231 0.3235 1
0.0860451 0.0825678 0.324 1
0.0892174 0.0821117 0.324333 1
0.0932258 0.0809937 0.324429 1
0.0962608 0.0809855 0.325 1
0.100142 0.0806324 0.325 1
0.0616563 0.0871538 0.323 1
0.0638924 0.0873337 0.323667 1
0.0680108 0.0861545 0.3232 1
0.0718862 0.0859881 0.324333 1
0.0753069 0.0850648 0.3244 1
0.0787795 0.0850123 0.3242 1
0.0817955 0.0852221 0.325 1
0.0853236 0.0841629 0.325 1
0.04728 0.0903118 0.323 1
0.0505919 0.0905914 0.324 1
0.0541092 0.0905914 0.324 1
0.0577032 0.0898433 0.323555 1
0.0611198 0.0894976 0.324263 1
0.0646947 0.0883572 0.324556 1
0.0269428 0.0941715 0.323 1
0.0298401 0.094463 0.324 1
0.033605 0.0931189 0.323 1
0.0365246 0.0934071 0.324 1
0.0402097 0.0928154 0.324111 1
0.0435713 0.0927338 0.3241 1
0.0463027 0.0925653 0.32475 1
0.0553346 0.0922832 0.325 1
0.0578043 0.0922832 0.325 1
0.0607444 0.0919302 0.325 1
0.0174755 0.0973295 0.323 1
0.0195794 0.0973295 0.323 1
0.0229317 0.0969385 0.3238 1
0.0261539 0.0963233 0.324333 1
0.0292827 0.0956179 0.324333 1
0.0327547 0.0951076 0.325 1
0.0426334 0.0951077 0.325 1
0.00595447 0.100888 0.323 1
0.00889831 0.100379 0.323 1
0.0125812 0.099551 0.323375 1
0.0155869 0.0998897 0.324222 1
0.0186768 0.0996605 0.324714 1
0.0226995 0.0991678 0.325 1
0.0256984 0.0982851 0.325 1
-5.66897e-05 0.103966 0.324 1
0.00215204 0.103574 0.323714 1
0.00556234 0.1024 0.3235 1
0.00908043 0.102182 0.3237 1
0.0122538 0.101854 0.324 1
0.0147158 0.101854 0.324 1
0.0892358 0.0838163 0.3264 1
0.092339 0.0830165 0.3266 1
0.0961697 0.0832346 0.3283 1
0.0990833 0.0823988 0.327333 1
0.0749693 0.0869009 0.326 1
0.0785082 0.0869009 0.326 1
0.0822562 0.0864029 0.326125 1
0.0856354 0.0858375 0.326571 1
0.0890108 0.085004 0.326875 1
0.0922534 0.0850289 0.328 1
0.0962582 0.0843813 0.3286 1
0.0992313 0.084484 0.329 1
0.0629367 0.0907965 0.326 1
0.0652174 0.0898521 0.326 1
0.0683499 0.0891634 0.3265 1
0.0712462 0.0889519 0.326375 1
0.0751086 0.08848 0.3266 1
0.0787491 0.0882332 0.327 1
0.047955 0.0935115 0.326 1
0.0509563 0.093017 0.326333 1
0.0536879 0.0929046 0.32625 1
0.0629367 0.0915047 0.326 1
0.065029 0.0914408 0.326857 1
0.0666796 0.0914302 0.327 1
0.027547 0.0978793 0.326 1
0.0297347 0.0971066 0.326 1
0.0335301 0.0968283 0.326833 1
0.0368047 0.096257 0.3265 1
0.0400674 0.0960428 0.326375 1
0.0445341 0.0954003 0.326 1
0.0466574 0.0954003 0.326 1
0.0510604 0.0946272 0.327 1
0.0535453 0.0946272 0.327 1
0.0197612 0.101066 0.326 1
0.0211768 0.101066 0.326 1
0.0259741 0.0995319 0.326 1
0.0300276 0.0985574 0.326571 1
0.0333112 0.0985348 0.327 1
