0.0104228 -0.000684703 0.241 1
0.0123731 -0.00116071 0.241 1
0.0156553 -0.00120831 0.241 1
-0.011335 0.00276842 0.2408 1
-0.00875009 0.00273815 0.240368 1
-0.00516094 0.00223271 0.240151 1
-0.0014542 0.00191887 0.240317 1
0.00178343 0.00166394 0.240286 1
0.00517941 0.00166563 0.240469 1
0.00895769 0.00154936 0.241 1
0.0121535 0.00100695 0.241 1
0.0149576 0.000537048 0.241 1
-0.0147803 0.00594767 0.241 1
-0.0121122 0.00548626 0.239944 1
-0.00884753 0.00528039 0.238551 1
-0.00521345 0.00527413 0.238224 1
-0.00159655 0.00528835 0.238837 1
0.00177588 0.00529644 0.239143 1
0.00475013 0.00523502 0.240135 1
-0.0143716 0.00766111 0.24 1
-0.0121682 0.00883508 0.23865 1
-0.00886269 0.00886302 0.238125 1
-0.00523881 0.00868726 0.239476 1
-0.00160927 0.00872919 0.240667 1
0.00157014 0.00829592 0.24075 1
0.00414381 0.00769302 0.241 1
-0.0116964 0.0123907 0.23964 1
-0.00889201 0.0121666 0.23982 1
-0.0055884 0.0113844 0.240692 1
-0.00292003 0.0108347 0.241 1
-0.0115536 0.0142381 0.241 1
-0.00946062 0.0142381 0.241 1
0.0379902 -0.0105436 0.245 1
0.0406969 -0.0110133 0.245 1
0.0438415 -0.0110759 0.245 1
0.0473958 -0.0115598 0.245 1
0.0498701 -0.0120814 0.245 1
0.0193726 -0.0073498 0.245 1
0.0232845 -0.00770678 0.244615 1
0.026252 -0.0078721 0.244667 1
0.0297861 -0.00835158 0.244545 1
0.0332852 -0.00834553 0.244364 1
0.0367997 -0.00853827 0.244471 1
0.0403612 -0.00867595 0.244857 1
0.0436785 -0.00884367 0.245 1
0.046808 -0.00964278 0.245 1
0.0496927 -0.0100113 0.245 1
0.00261679 -0.00388986 0.245 1
0.00526477 -0.00388079 0.244429 1
0.0087214 -0.00441687 0.244667 1
0.0121418 -0.00493713 0.244 1
0.0158367 -0.00493287 0.24381 1
0.0193882 -0.00511708 0.243174 1
0.0227656 -0.00524702 0.2428 1
0.026331 -0.0051519 0.24325 1
0.0297549 -0.00522083 0.243256 1
0.0333322 -0.0051993 0.244 1
0.0368048 -0.00520232 0.244191 1
0.0401281 -0.00559049 0.244838 1
0.0428309 -0.00649812 0.245 1
-0.0112134 -0.000696067 0.245 1
-0.00862541 -0.000847747 0.244857 1
-0.00534654 -0.00122551 0.244214 1
-0.00171526 -0.00164386 0.243895 1
0.00180353 -0.00175063 0.243167 1
0.00522416 -0.00174473 0.242524 1
0.00874545 -0.00174548 0.242632 1
0.011922 -0.00266211 0.24225 1
0.0157202 -0.00279067 0.242 1
0.0193981 -0.00173911 0.242 1
0.0228189 -0.00173927 0.242056 1
0.026183 -0.00180171 0.243105 1
0.0295558 -0.00195299 0.24425 1
0.0332029 -0.00229296 0.245 1
0.0359512 -0.00264783 0.245 1
-0.0157062 0.0023487 0.244538 1
-0.0124308 0.00135066 0.243316 1
-0.00872975 0.000890551 0.2425 1
-0.00550339 0.000496027 0.242375 1
-0.00240672 0.000364017 0.242 1
0.00885886 0.0017094 0.242 1
0.0124797 0.00276501 0.242188 1
0.0159917 0.00205579 0.242676 1
0.0193059 0.00162984 0.243091 1
0.0227274 0.00171547 0.243522 1
0.025985 0.00120415 0.244643 1
0.0281495 0.000368529 0.245 1
-0.0153068 0.00424882 0.243 1
-0.0134405 0.00430737 0.242 1
0.00652539 0.00562182 0.242 1
0.00888327 0.00551084 0.242973 1
0.0121085 0.00539055 0.243319 1
0.0156154 0.00507078 0.244222 1
0.0185261 0.00443458 0.244857 1
0.0225642 0.00382847 0.245 1
0.00223661 0.0096596 0.242167 1
0.00540937 0.0089882 0.242944 1
0.00857538 0.00872721 0.24425 1
0.0119956 0.00800281 0.245 1
0.0150792 0.00725039 0.245 1
-0.00792362 0.0137714 0.242 1
-0.00493644 0.0130547 0.242261 1
-0.00150578 0.0123517 0.242756 1
0.00177806 0.0122425 0.243659 1
0.00494283 0.0115701 0.244615 1
0.00767015 0.0110145 0.245 1
-0.0114078 0.0157903 0.243211 1
-0.008699 0.0158405 0.243636 1
-0.00538555 0.0155274 0.244083 1
-0.00184666 0.0151884 0.24448 1
0.00124868 0.0146941 0.244857 1
-0.0110007 0.0179876 0.245 1
-0.00915221 0.0178678 0.245 1
-0.00695798 0.0176682 0.245 1
0.0616086 -0.0176773 0.248 1
0.0648393 -0.0176773 0.248 1
0.0683392 -0.0176773 0.248 1
0.0443784 -0.0147138 0.248 1
0.0472303 -0.0152187 0.247429 1
0.0508479 -0.0153556 0.246733 1
0.054198 -0.0155048 0.246909 1
0.0578468 -0.0154544 0.246886 1
0.0613471 -0.015726 0.246944 1
0.0647605 -0.0157727 0.247695 1
0.0680858 -0.0160133 0.248 1
0.023379 -0.0106727 0.248 1
0.0266253 -0.0111355 0.247706 1
0.0298295 -0.0111436 0.247105 1
0.0335034 -0.011574 0.247071 1
0.036915 -0.0120338 0.247189 1
0.040107 -0.0128553 0.247188 1
0.0438292 -0.0130153 0.246429 1
0.0470343 -0.0133735 0.246 1
0.0514018 -0.0124038 0.246 1
0.0541606 -0.0121598 0.246163 1
0.0577295 -0.0122473 0.246521 1
0.0613014 -0.0125279 0.247286 1
0.0647134 -0.0131182 0.247739 1
0.0670469 -0.0135823 0.248 1
0.00561028 -0.0074398 0.248 1
0.00882908 -0.00796861 0.247667 1
0.0123077 -0.00795861 0.247333 1
0.0159837 -0.00828652 0.247083 1
0.01922 -0.00871309 0.247172 1
0.0226448 -0.00906018 0.246833 1
0.026173 -0.00953519 0.246429 1
0.0295497 -0.00988763 0.246333 1
0.0333384 -0.0100522 0.246 1
0.036276 -0.0100522 0.246 1
0.0450352 -0.00770048 0.246 1
0.0474656 -0.00825456 0.246208 1
0.0506466 -0.00861733 0.246697 1
0.0541732 -0.00887541 0.247615 1
0.0572518 -0.00950933 0.247786 1
0.0597241 -0.0101339 0.248 1
-0.0108123 -0.00393749 0.248 1
-0.00835331 -0.00432358 0.247636 1
-0.0050095 -0.00486743 0.24725 1
-0.00182104 -0.0046669 0.247313 1
0.00175636 -0.00515009 0.247 1
0.00536197 -0.00576488 0.246765 1
0.00878154 -0.00632013 0.246333 1
0.0122413 -0.00684533 0.246 1
0.015713 -0.00684533 0.246 1
0.0175824 -0.00684533 0.246 1
0.0408158 -0.00390573 0.246 1
0.0438249 -0.00502242 0.246571 1
0.0471392 -0.00542723 0.247548 1
0.0503644 -0.00625592 0.247812 1
0.0535319 -0.00690098 0.248 1
-0.0151199 -0.000920118 0.248 1
-0.012313 -0.00184929 0.247133 1
-0.00899399 -0.00235615 0.246455 1
-0.00538407 -0.0028368 0.246 1
-0.000844197 -0.0028368 0.246 1
0.0306678 -0.000698909 0.246 1
0.0333384 -0.000698908 0.246 1
0.0370334 -0.00146305 0.246214 1
0.0402287 -0.00183697 0.247118 1
0.0438399 -0.00285986 0.248 1
-0.0158323 0.000638021 0.2465 1
0.0268136 0.00274447 0.2464 1
0.0297694 0.00156277 0.247086 1
0.033149 0.00133669 0.247632 1
0.0365225 0.000731752 0.247667 1
0.0387247 0.000373042 0.248 1
0.0170483 0.00651645 0.246 1
0.0195707 0.0056152 0.24637 1
0.0227242 0.00546563 0.246733 1
0.025849 0.00490523 0.247379 1
0.0284942 0.00387535 0.248 1
0.00983785 0.00999054 0.246 1
0.0124902 0.00956542 0.2465 1
0.0158196 0.00890462 0.24703 1
0.0190621 0.00793082 0.247482 1
0.0225203 0.007566 0.247857 1
0.0249943 0.00710825 0.248 1
0.00316158 0.0139991 0.246 1
0.00571277 0.0130056 0.246235 1
0.00893101 0.0123012 0.24675 1
0.0118474 0.0115714 0.2478 1
-0.00511702 0.0172059 0.246 1
-0.0013325 0.0167548 0.246294 1
0.00192876 0.0161543 0.246821 1
0.00518195 0.0152035 0.247394 1
0.00830251 0.0143823 0.248 1
-0.0113769 0.0195299 0.246769 1
-0.00860799 0.0194946 0.246581 1
-0.00529823 0.0190432 0.246889 1
-0.00186933 0.0186009 0.24748 1
0.00126398 0.0181052 0.247857 1
-0.0113507 0.0216563 0.248 1
-0.00865167 0.0216401 0.24781 1
-0.00569707 0.0211175 0.248 1
0.0765541 -0.0245325 0.252 1
0.0790944 -0.0250018 0.252 1
0.0809312 -0.0253537 0.252 1
0.0584988 -0.0212475 0.252 1
0.0612345 -0.0212475 0.252 1
0.064915 -0.0211993 0.251429 1
0.0688571 -0.0216293 0.251333 1
0.071714 -0.0223919 0.251 1
0.0752698 -0.0224783 0.250552 1
0.0787133 -0.0225161 0.250634 1
0.0818238 -0.0224859 0.250353 1
0.0843598 -0.0210788 0.25 1
0.0444258 -0.0184066 0.251833 1
0.0472063 -0.0186403 0.25108 1
0.0508747 -0.0189938 0.251129 1
0.0542756 -0.0189611 0.251161 1
0.0577845 -0.019088 0.250658 1
0.0612422 -0.0194353 0.250361 1
0.0648443 -0.0194262 0.249879 1
0.0683286 -0.0194673 0.249576 1
0.0719311 -0.0193752 0.249044 1
0.075203 -0.0192761 0.249333 1
0.0787264 -0.0191467 0.24995 1
0.0823013 -0.0192508 0.250457 1
0.0851798 -0.019085 0.25113 1
0.0174641 -0.0141299 0.252 1
0.019379 -0.0141299 0.252 1
0.0229078 -0.0141139 0.251714 1
0.0267437 -0.0145671 0.251429 1
0.0297128 -0.0145698 0.250632 1
0.0335018 -0.0154501 0.251032 1
0.0368934 -0.0159155 0.25075 1
0.0403106 -0.015962 0.250611 1
0.043546 -0.0161922 0.250235 1
0.0470161 -0.0169468 0.249143 1
0.0502338 -0.0169371 0.249 1
0.0545064 -0.0172767 0.25 1
0.0578024 -0.0172076 0.249 1
0.0599649 -0.0172076 0.249 1
0.0693716 -0.0148273 0.249 1
0.0718371 -0.0155634 0.249368 1
0.0752759 -0.0156753 0.250476 1
0.0787106 -0.0157372 0.250884 1
0.0818658 -0.0162826 0.25144 1
0.0849955 -0.0171803 0.252 1
-0.00113832 -0.0108362 0.2518 1
0.00165181 -0.011169 0.2519 1
0.00514933 -0.0108376 0.251833 1
0.00912623 -0.011257 0.2514 1
0.0122339 -0.0113637 0.251333 1
0.0159751 -0.0118394 0.250906 1
0.0192637 -0.0121443 0.2505 1
0.0226928 -0.0122768 0.25029 1
0.0260646 -0.0126767 0.249818 1
0.0297301 -0.0128977 0.249333 1
0.0330682 -0.0132151 0.2492 1
0.0359074 -0.0136912 0.249 1
0.0615867 -0.0107157 0.249 1
0.0649045 -0.0113463 0.249286 1
0.0685646 -0.0122399 0.249886 1
0.0715997 -0.0123587 0.250966 1
0.0749815 -0.0127965 0.251727 1
0.0771012 -0.0133086 0.252 1
-0.0115338 -0.00728604 0.252 1
-0.00870301 -0.00801317 0.2516 1
-0.00522051 -0.00862107 0.250933 1
-0.00160672 -0.00880841 0.25045 1
0.00185967 -0.00887772 0.250472 1
0.00519281 -0.00904657 0.250364 1
0.00863416 -0.00966785 0.249857 1
0.0121365 -0.00964737 0.249333 1
0.0152177 -0.00975284 0.249267 1
0.0191483 -0.0101747 0.249 1
0.0215811 -0.0101747 0.249 1
0.0553696 -0.0074698 0.249 1
0.0582004 -0.00836843 0.2492 1
0.0613882 -0.00859987 0.250513 1
0.0648029 -0.00918765 0.251187 1
0.0680403 -0.00963695 0.25175 1
0.0708092 -0.0102973 0.252 1
-0.0175523 -0.004001 0.252 1
-0.0153745 -0.00463013 0.251417 1
-0.0123614 -0.00513154 0.250471 1
-0.00890297 -0.00607127 0.249615 1
-0.00561695 -0.00660978 0.2492 1
-0.00134781 -0.00645474 0.249118 1
0.00151071 -0.00672594 0.249 1
0.00374075 -0.00692881 0.249 1
0.0483416 -0.00395336 0.249 1
0.0510974 -0.00470487 0.249154 1
0.0543462 -0.00514891 0.249789 1
0.0576713 -0.00542794 0.250842 1
0.0601487 -0.00611563 0.25175 1
-0.0185554 -0.002079 0.25075 1
-0.0160709 -0.00215967 0.249933 1
-0.013559 -0.00287138 0.249 1
0.0415839 -0.000707432 0.249 1
0.0438196 -0.0012496 0.249417 1
0.0472378 -0.00179323 0.249833 1
0.0507894 -0.00174379 0.250895 1
0.0540509 -0.00253714 0.251667 1
0.0563103 -0.00290598 0.252 1
0.030231 0.00334999 0.249 1
0.0335422 0.00314712 0.249 1
0.036873 0.00247755 0.249583 1
0.0402896 0.00172755 0.250684 1
0.0436664 0.00116004 0.251429 1
0.0472049 0.00092594 0.251583 1
0.0501095 0.000561562 0.252 1
0.0270146 0.0061968 0.24925 1
0.0297357 0.00527103 0.249865 1
0.033266 0.00534262 0.250564 1
0.0366185 0.0048947 0.251308 1
0.0396228 0.00393786 0.252 1
0.0172562 0.0101123 0.249 1
0.0194278 0.00975619 0.249111 1
0.0228952 0.00939586 0.249688 1
0.0263629 0.00888771 0.25025 1
0.0294572 0.00829542 0.251286 1
0.0333308 0.0072229 0.252 1
0.0124039 0.0131012 0.24925 1
0.015674 0.0123085 0.249619 1
0.0192782 0.0123606 0.250667 1
0.0225825 0.0121277 0.2515 1
0.025671 0.0115482 0.252 1
0.0286803 0.0105079 0.252 1
0.00320013 0.0174157 0.249 1
0.00571522 0.016967 0.249214 1
0.00898724 0.0159338 0.249724 1
0.0122088 0.0156355 0.250778 1
0.0157067 0.0156217 0.25145 1
0.0188913 0.0150176 0.251875 1
-0.00409819 0.0206616 0.249 1
-0.00134874 0.0202087 0.249294 1
0.00199567 0.0196467 0.249828 1
0.00505544 0.0193242 0.250758 1
0.00841599 0.0185003 0.25168 1
0.011172 0.0178993 0.252 1
-0.0109286 0.0235244 0.250667 1
-0.0087166 0.0234257 0.249619 1
-0.00512788 0.022806 0.249875 1
-0.00184862 0.022505 0.250914 1
0.00169753 0.0219284 0.2515 1
0.00433295 0.0214581 0.252 1
-0.0109867 0.0252906 0.252 1
-0.00877686 0.0252245 0.251333 1
-0.00554432 0.0251703 0.251571 1
-0.0030533 0.0247431 0.252 1
0.0791264 -0.0281487 0.255 1
0.0696226 -0.0247921 0.254667 1
0.0721295 -0.025258 0.254125 1
0.0753053 -0.0252674 0.2536 1
0.0786304 -0.0264666 0.25387 1
0.0472919 -0.0215004 0.255 1
0.0509762 -0.0218126 0.254154 1
0.0541716 -0.0219649 0.253952 1
0.0579096 -0.02251 0.25412 1
0.0612208 -0.0228119 0.253692 1
0.0647642 -0.0227061 0.253461 1
0.0682682 -0.0231451 0.253739 1
0.0713659 -0.0238979 0.25325 1
0.0749354 -0.0240802 0.253 1
0.0268312 -0.0178498 0.254857 1
0.0296342 -0.0181216 0.254632 1
0.0333399 -0.0186473 0.254546 1
0.0367653 -0.0188867 0.253923 1
0.0402119 -0.0189349 0.254 1
0.0435323 -0.0197858 0.254067 1
0.0473676 -0.0205047 0.253929 1
0.0503345 -0.0206354 0.253444 1
0.0543366 -0.0207821 0.253 1
0.0570831 -0.0207821 0.253 1
-4.46169e-05 -0.0142981 0.255 1
0.00189313 -0.0142981 0.255 1
0.005215 -0.0142981 0.255 1
0.00881368 -0.0142981 0.255 1
0.0123785 -0.0142607 0.254333 1
0.0158951 -0.0150677 0.254364 1
0.0192672 -0.0156323 0.254143 1
0.0228184 -0.0156079 0.25375 1
0.0261197 -0.0160503 0.2536 1
0.0298346 -0.0164383 0.253368 1
0.0327976 -0.0168081 0.253167 1
0.0829787 -0.0149319 0.253 1
0.0859262 -0.0154681 0.253933 1
-0.0108407 -0.0109739 0.255 1
-0.00817728 -0.0112977 0.2548 1
-0.0052895 -0.0114938 0.254222 1
-0.00173477 -0.0122631 0.253903 1
0.00196965 -0.012712 0.253923 1
0.00519046 -0.0125787 0.2538 1
0.00853034 -0.0128279 0.253889 1
0.0123362 -0.0131106 0.253444 1
0.0151829 -0.0133173 0.2532 1
0.0724635 -0.0108879 0.253 1
0.0753369 -0.0113382 0.253429 1
0.078905 -0.0122318 0.253765 1
0.0821221 -0.0125631 0.254357 1
0.0857701 -0.0133088 0.255 1
-0.0177612 -0.00737278 0.255 1
-0.0155579 -0.00800191 0.254417 1
-0.0123821 -0.00881895 0.253882 1
-0.00877567 -0.00967905 0.2537 1
-0.00527101 -0.0103518 0.253333 1
-0.00306542 -0.0103382 0.253 1
0.065048 -0.00731495 0.253 1
0.0685919 -0.00802808 0.253455 1
0.0716722 -0.00875743 0.254091 1
0.0752451 -0.00971514 0.2547 1
0.0782959 -0.0104199 0.255 1
-0.0210831 -0.00515668 0.255 1
-0.0188802 -0.00505356 0.254 1
-0.0161684 -0.00603646 0.253167 1
0.0592803 -0.00401687 0.253 1
0.061524 -0.00495665 0.253538 1
0.0646301 -0.00520936 0.254471 1
0.0679876 -0.00598158 0.25475 1
0.070545 -0.00626473 0.255 1
0.0548031 -0.00113177 0.25325 1
0.0578085 -0.00167539 0.253933 1
0.0608165 -0.00249275 0.2546 1
0.0633475 -0.00294058 0.255 1
0.0414279 0.0034038 0.253 1
0.0439889 0.00293649 0.253286 1
0.0471689 0.00283067 0.2533 1
0.0508897 0.00221442 0.253714 1
0.0541002 0.00126863 0.254467 1
0.0567039 0.000383572 0.255 1
0.0373859 0.00633837 0.253111 1
0.0404004 0.00551507 0.253656 1
0.043633 0.005021 0.254407 1
0.0472301 0.00453355 0.254667 1
0.050132 0.00431402 0.2548 1
0.0307166 0.0095877 0.253 1
0.033214 0.0088836 0.253552 1
0.0366201 0.00837504 0.254296 1
0.0396408 0.00771724 0.25475 1
0.0420323 0.00730888 0.255 1
0.0235757 0.0135729 0.253 1
0.0264634 0.0128404 0.253538 1
0.0296511 0.0121088 0.254118 1
0.032547 0.0112802 0.254818 1
0.0196675 0.0164012 0.253455 1
0.0226949 0.0156274 0.2542 1
0.0257758 0.0149632 0.254833 1
0.00599805 0.0209936 0.253 1
0.00917402 0.0199776 0.253235 1
0.0124899 0.0192658 0.25375 1
0.0155347 0.0190098 0.254 1
0.0190045 0.0184895 0.254636 1
0.0215475 0.0181124 0.255 1
-0.000829008 0.0240698 0.253143 1
0.00202073 0.023657 0.25355 1
0.0051952 0.02301 0.254 1
0.00864253 0.0222661 0.254394 1
0.0124124 0.0214365 0.255 1
-0.0109142 0.027232 0.2535 1
-0.00876084 0.0270453 0.2533 1
-0.00507494 0.026859 0.253636 1
-0.00182049 0.0258071 0.254261 1
0.00147686 0.0254287 0.25475 1
0.00438453 0.0250377 0.255 1
-0.0107982 0.0282506 0.254 1
-0.00861482 0.0288788 0.254667 1
-0.00574212 0.028672 0.2548 1
0.0694022 -0.028309 0.259 1
0.071549 -0.0283556 0.258727 1
0.0758623 -0.0289816 0.258467 1
0.0783495 -0.0291914 0.257667 1
0.05197 -0.0249326 0.259 1
0.0543487 -0.0248639 0.258286 1
0.0577756 -0.0256274 0.258 1
0.0613189 -0.0256123 0.257333 1
0.0648004 -0.0261916 0.257687 1
0.0683686 -0.0262467 0.257394 1
0.0717879 -0.0268568 0.256762 1
0.0753658 -0.02725 0.256684 1
0.0776073 -0.0273908 0.2562 1
0.0263386 -0.0212398 0.258571 1
0.0303037 -0.0214244 0.25825 1
0.0335163 -0.022147 0.257963 1
0.036756 -0.0222282 0.257187 1
0.0403258 -0.0223036 0.25725 1
0.0437419 -0.0228189 0.257531 1
0.0472446 -0.0229967 0.257259 1
0.0505433 -0.0232804 0.2569 1
0.0541815 -0.0235467 0.256167 1
0.0574179 -0.0239803 0.256333 1
0.0613727 -0.0243657 0.256 1
0.0647076 -0.0243657 0.256 1
0.0677646 -0.0243657 0.256 1
0.00557796 -0.0178987 0.259 1
0.00867077 -0.0178987 0.259 1
0.0125532 -0.0180556 0.258556 1
0.0159571 -0.0186664 0.25825 1
0.0192803 -0.0189537 0.258 1
0.0226864 -0.0189036 0.257806 1
0.0260595 -0.0194469 0.257118 1
0.0298084 -0.019995 0.257 1
0.032918 -0.0200642 0.256467 1
0.0369169 -0.0204723 0.256 1
0.0402518 -0.0204723 0.256 1
0.0421971 -0.0204723 0.256 1
-0.00830564 -0.0148488 0.2588 1
-0.00537867 -0.0150602 0.258556 1
-0.00152958 -0.0153604 0.257769 1
0.00191327 -0.0158596 0.257833 1
0.00530831 -0.016063 0.257207 1
0.00862873 -0.0161336 0.257733 1
0.0122296 -0.0160878 0.257 1
0.0155129 -0.0166967 0.256571 1
0.0191308 -0.0171352 0.256 1
0.0227436 -0.0171352 0.256 1
0.0249669 -0.0171352 0.256 1
-0.0188281 -0.011476 0.258667 1
-0.0159572 -0.0121193 0.257771 1
-0.0123254 -0.0122205 0.257484 1
-0.00887358 -0.0128783 0.257231 1
-0.00534266 -0.013283 0.256778 1
-0.00199418 -0.013816 0.256333 1
0.083339 -0.0110967 0.25625 1
0.0859572 -0.0115628 0.256769 1
0.0879073 -0.0114071 0.257 1
-0.0217181 -0.00905162 0.2586 1
-0.0194106 -0.00862852 0.257412 1
-0.0160983 -0.00965004 0.256133 1
-0.0128285 -0.0104608 0.256 1
0.0730449 -0.00740169 0.256 1
0.0755286 -0.00792047 0.256455 1
0.0788355 -0.00860468 0.256903 1
0.0820278 -0.00891472 0.257833 1
0.0848662 -0.00936417 0.259 1
-0.0212484 -0.00631387 0.257 1
-0.0200809 -0.00629749 0.256333 1
0.0660972 -0.0040645 0.256 1
0.0685143 -0.00451105 0.2561 1
0.0718287 -0.00502243 0.256923 1
0.0751133 -0.00544685 0.258333 1
0.0786055 -0.0060755 0.25875 1
0.0812111 -0.006363 0.259 1
0.0615265 -0.00104555 0.256143 1
0.064812 -0.00170343 0.256687 1
0.0681299 -0.00199981 0.2578 1
0.071492 -0.00266351 0.258857 1
0.0546358 0.0030315 0.256333 1
0.0579142 0.00186951 0.256909 1
0.0610862 0.00143675 0.258 1
0.0645793 0.000839159 0.2586 1
0.0671529 0.000389589 0.259 1
0.0441822 0.00654298 0.256 1
0.0471622 0.00620396 0.25625 1
0.0509405 0.00580969 0.257 1
0.0539239 0.00517071 0.257692 1
0.0571759 0.00441717 0.258667 1
0.0349715 0.0101185 0.256 1
0.0373196 0.00992479 0.256375 1
0.0405198 0.00922928 0.256375 1
0.0437375 0.00876023 0.256882 1
0.0471409 0.00871331 0.257912 1
0.0504469 0.0080982 0.258556 1
0.0530947 0.00742353 0.259 1
0.0305655 0.0134732 0.256333 1
0.033552 0.0125042 0.256783 1
0.036641 0.0120674 0.257735 1
0.0402674 0.0118737 0.258219 1
0.0434584 0.011643 0.258632 1
0.0463468 0.0107998 0.259 1
0.0235773 0.017071 0.256 1
0.0264921 0.0165179 0.256692 1
0.0298085 0.0157333 0.257343 1
0.0328467 0.0150653 0.2583 1
0.0362248 0.0141761 0.259 1
0.0169076 0.0204082 0.256 1
0.0194285 0.02015 0.25625 1
0.0227056 0.0195218 0.257125 1
0.0258879 0.0193269 0.25825 1
0.0289949 0.0185974 0.259 1
0.00940406 0.0237454 0.256 1
0.012327 0.0232605 0.256308 1
0.0158865 0.0227641 0.257444 1
0.0192942 0.0222647 0.258167 1
0.022729 0.0217728 0.259 1
-0.00148065 0.0272217 0.256 1
0.00218319 0.0267706 0.256556 1
0.00542473 0.026304 0.257067 1
0.00862218 0.0261252 0.2575 1
0.0117847 0.0257486 0.258417 1
0.0145752 0.025149 0.259 1
-0.00869095 0.0308057 0.256889 1
-0.00525594 0.030327 0.257167 1
-0.00173817 0.0295472 0.257947 1
0.00191912 0.029033 0.2585 1
0.00509382 0.0286704 0.258857 1
0.00726495 0.0285253 0.259 1
-0.00875013 0.0327043 0.258667 1
-0.00552227 0.0325037 0.25875 1
-0.00313813 0.0319017 0.259 1
0.0764633 -0.0317676 0.262 1
0.0776611 -0.0321036 0.26125 1
0.0585448 -0.0286368 0.262 1
0.0612214 -0.0285587 0.261286 1
0.0650107 -0.0288258 0.261125 1
0.0682373 -0.0296641 0.261 1
0.0719204 -0.0302308 0.261 1
0.0749778 -0.0303932 0.260737 1
0.0777787 -0.0307521 0.260286 1
0.030956 -0.0249368 0.262 1
0.0334239 -0.0253715 0.261294 1
0.0368303 -0.0254085 0.2607 1
0.0405716 -0.0252743 0.260857 1
0.0437297 -0.0257449 0.261077 1
0.0472116 -0.0256608 0.260667 1
0.0505425 -0.0257457 0.261 1
0.0543532 -0.0267333 0.261 1
0.0576899 -0.0273634 0.260714 1
0.0612026 -0.0272884 0.26 1
0.0631784 -0.0272884 0.26 1
0.0130375 -0.0215214 0.262 1
0.0160082 -0.0219278 0.26175 1
0.0192196 -0.0220072 0.261 1
0.0230863 -0.0224512 0.261077 1
0.026287 -0.0228441 0.260833 1
0.0297483 -0.0229337 0.260615 1
0.0327768 -0.0238191 0.260308 1
0.0369292 -0.0241815 0.26 1
0.0403162 -0.0241815 0.26 1
-0.0077252 -0.0178214 0.262 1
-0.00544984 -0.0178214 0.262 1
-0.0014854 -0.0183486 0.261667 1
0.00208167 -0.0187723 0.26135 1
0.00529025 -0.0194319 0.26144 1
0.00875446 -0.0194929 0.2615 1
0.0121279 -0.0196749 0.26104 1
0.0153415 -0.0203172 0.260687 1
0.0191571 -0.0208036 0.260143 1
0.0228167 -0.0207922 0.26 1
-0.0188005 -0.0146769 0.26175 1
-0.0156291 -0.0149202 0.261 1
-0.012222 -0.0149103 0.260833 1
-0.00905659 -0.0161665 0.261 1
-0.00541662 -0.0165768 0.260333 1
-0.00204469 -0.0169072 0.260385 1
0.00193059 -0.0174141 0.260167 1
0.003906 -0.0174029 0.26 1
-0.0221695 -0.0119935 0.261273 1
-0.0199057 -0.0125351 0.260286 1
0.0835004 -0.00751734 0.26 1
0.0860652 -0.008474 0.2605 1
0.0880889 -0.00831052 0.261333 1
0.0761619 -0.00412802 0.26 1
0.0790864 -0.0045099 0.260333 1
0.082311 -0.00509753 0.260769 1
0.0851064 -0.00594177 0.261714 1
0.0696701 -0.000738685 0.26 1
0.0721459 -0.00124207 0.260444 1
0.0751266 -0.00204978 0.261231 1
0.0783802 -0.0027338 0.26175 1
0.0810141 -0.0030213 0.262 1
0.0614849 0.00307431 0.26 1
0.0648635 0.00249216 0.260286 1
0.0683569 0.00169143 0.261143 1
0.071671 0.000556524 0.261857 1
0.0739036 0.000394101 0.262 1
0.0552251 0.0064069 0.260143 1
0.0578501 0.00584735 0.260652 1
0.0610988 0.0048866 0.261167 1
0.0644192 0.00437292 0.2616 1
0.0667931 0.00380951 0.262 1
0.0482192 0.0102766 0.26 1
0.0510555 0.00961572 0.26025 1
0.0541116 0.00890645 0.261192 1
0.0570377 0.00796744 0.261727 1
0.0380583 0.013666 0.26 1
0.0403162 0.013666 0.26 1
0.0440978 0.0132043 0.260429 1
0.047246 0.0122958 0.260857 1
0.0503759 0.0113762 0.261143 1
0.0534253 0.0109249 0.262 1
0.0338312 0.0162713 0.260357 1
0.0368558 0.0156636 0.261185 1
0.039969 0.0152209 0.261091 1
0.0434431 0.0148535 0.261625 1
0.0463148 0.0143403 0.262 1
0.0273327 0.0204446 0.26 1
0.0301577 0.0196716 0.260556 1
0.0327786 0.0186369 0.261273 1
0.0352223 0.0177557 0.262 1
0.0194298 0.0241164 0.26 1
0.0227787 0.023541 0.260727 1
0.0262907 0.0224974 0.260857 1
0.0294145 0.0216004 0.261286 1
0.0125865 0.0273703 0.2605 1
0.0157679 0.0263328 0.260846 1
0.0189813 0.0259708 0.2616 1
0.0222101 0.0252269 0.262 1
0.0252676 0.0245865 0.262 1
-4.54917e-05 0.0308951 0.26 1
0.00193026 0.030895 0.26 1
0.00546004 0.0304567 0.260636 1
0.00873809 0.0295035 0.261 1
0.0118854 0.0291986 0.261667 1
0.0151233 0.0282865 0.262 1
-0.00823073 0.0342844 0.26 1
-0.0051301 0.0340349 0.26025 1
-0.00159528 0.0333904 0.260895 1
0.00177051 0.033099 0.261333 1
0.00488161 0.0324404 0.261833 1
-0.0082884 0.0359487 0.261833 1
-0.00532055 0.0356607 0.262 1
-0.00317447 0.0356866 0.262 1
0.0545297 -0.0316747 0.266 1
0.058326 -0.03195 0.2654 1
0.0614022 -0.0322951 0.26575 1
0.0649066 -0.032581 0.265533 1
0.0682475 -0.0329661 0.264667 1
0.0716431 -0.033207 0.264367 1
0.0750946 -0.0332488 0.2644 1
0.0772395 -0.0336797 0.264333 1
0.0337387 -0.0284961 0.266 1
0.0362832 -0.0281833 0.265 1
0.0399056 -0.0289351 0.265857 1
0.0439261 -0.029258 0.265333 1
0.0471022 -0.0295237 0.264833 1
0.0507457 -0.0296032 0.265154 1
0.0542819 -0.0296859 0.264187 1
0.0575957 -0.0299119 0.263769 1
0.0612481 -0.0303592 0.2636 1
0.0646147 -0.0306613 0.263667 1
0.067048 -0.0310317 0.263 1
0.0103489 -0.0250285 0.266 1
0.0123703 -0.0250285 0.266 1
0.0159984 -0.0251265 0.265286 1
0.0192336 -0.0255202 0.265083 1
0.0226726 -0.0255042 0.264917 1
0.0262137 -0.0261905 0.264667 1
0.0296731 -0.0263943 0.2646 1
0.0330536 -0.0269918 0.264 1
0.0366806 -0.0270248 0.263182 1
0.0402164 -0.0271697 0.263667 1
0.0437178 -0.0276558 0.2635 1
0.0470625 -0.0276033 0.263 1
0.0508283 -0.0276333 0.263286 1
0.0530582 -0.0276033 0.263 1
-0.00408922 -0.021561 0.266 1
-0.00148918 -0.0215205 0.2655 1
0.00209792 -0.0220123 0.265091 1
0.00549538 -0.0225326 0.264588 1
0.00884319 -0.0225639 0.264167 1
0.0121018 -0.0227721 0.263933 1
0.0154038 -0.0232724 0.263556 1
0.0190829 -0.0236035 0.263 1
0.0216525 -0.0236035 0.263 1
0.0265061 -0.0244606 0.263 1
0.0293611 -0.0244606 0.263 1
-0.0193708 -0.0180708 0.265667 1
-0.0158886 -0.018626 0.265333 1
-0.0124328 -0.018626 0.265333 1
-0.00895409 -0.0191594 0.264714 1
-0.00549563 -0.0196924 0.264167 1
-0.00207696 -0.0198152 0.263727 1
0.00166702 -0.020175 0.263 1
-0.0250743 -0.0157224 0.265 1
-0.0227457 -0.0157056 0.264667 1
-0.019478 -0.0163523 0.264 1
-0.0157489 -0.0167466 0.263 1
-0.0123228 -0.0167466 0.263 1
-0.023172 -0.0133181 0.263 1
0.0862796 -0.00475896 0.26375 1
0.0886804 -0.00523635 0.264273 1
0.0761842 -0.000747207 0.263 1
0.0790155 -0.00120519 0.2633 1
0.0825444 -0.00174079 0.2638 1
0.0855747 -0.0021357 0.2652 1
0.0888925 -0.00306743 0.266 1
0.0718998 0.00222614 0.2632 1
0.0753093 0.00162034 0.263733 1
0.0785958 0.00162252 0.26475 1
0.0817127 0.00116921 0.2655 1
0.084561 0.000400118 0.266 1
0.0593393 0.00696678 0.263 1
0.0616753 0.00649926 0.263 1
0.0648057 0.00618679 0.263556 1
0.068455 0.00506047 0.2638 1
0.0717837 0.00493419 0.264937 1
0.0752074 0.00443977 0.2656 1
0.0782082 0.00386766 0.266 1
0.055485 0.00996665 0.263 1
0.0579152 0.00949204 0.263571 1
0.0610075 0.00886931 0.264161 1
0.0646262 0.00832179 0.265167 1
0.0678671 0.00752326 0.265833 1
0.0479191 0.0138237 0.263 1
0.0510518 0.0130158 0.2634 1
0.0543677 0.012692 0.264367 1
0.0576672 0.0120843 0.265308 1
0.0612626 0.0111683 0.265857 1
0.0370698 0.0172521 0.263 1
0.0406777 0.01684 0.26325 1
0.0439051 0.0165861 0.26375 1
0.0473006 0.0159834 0.264125 1
0.0506521 0.0156138 0.265 1
0.0539632 0.0150942 0.265875 1
0.0339035 0.0200009 0.263308 1
0.0367979 0.0193475 0.264151 1
0.040188 0.0192188 0.264969 1
0.043841 0.0185216 0.265312 1
0.0466103 0.0183895 0.265667 1
0.0270771 0.024109 0.263 1
0.0301475 0.02329 0.263571 1
0.0331768 0.0226668 0.264667 1
0.0362576 0.0219666 0.265714 1
0.0389365 0.0214944 0.266 1
0.0170844 0.0275374 0.263 1
0.0194495 0.0273362 0.263125 1
0.0227816 0.0266779 0.263667 1
0.0261431 0.0262093 0.264452 1
0.0295446 0.0256571 0.265316 1
0.0320062 0.0249619 0.266 1
0.00909796 0.0309894 0.2632 1
0.0126953 0.030625 0.26375 1
0.0158777 0.0299626 0.264207 1
0.0190502 0.0294306 0.264586 1
0.0225334 0.0289041 0.265375 1
0.0253646 0.0284294 0.266 1
0.00280905 0.03468 0.263 1
0.00562499 0.0338784 0.263895 1
0.00882393 0.0330827 0.264625 1
0.0121137 0.0327298 0.265125 1
0.0153882 0.0323005 0.26575 1
0.0178568 0.031897 0.266 1
-0.00778417 0.0376797 0.264 1
-0.00556237 0.0373113 0.263842 1
-0.00158387 0.0370015 0.264484 1
0.00175119 0.0367279 0.264875 1
0.00514059 0.035866 0.265429 1
0.00803882 0.0353645 0.266 1
-0.00781366 0.0389739 0.265 1
-0.00551772 0.039023 0.265333 1
0.0615691 -0.0355386 0.269 1
0.0649862 -0.035704 0.268778 1
0.0682945 -0.0361536 0.26835 1
0.0715672 -0.0363042 0.268167 1
0.0747492 -0.0362763 0.268444 1
0.0773382 -0.0358308 0.269 1
0.0414197 -0.0320319 0.269 1
0.0436611 -0.0319638 0.268429 1
0.0472586 -0.0325054 0.268375 1
0.0506802 -0.0325374 0.2681 1
0.0541588 -0.0333637 0.268037 1
0.0576191 -0.0333658 0.267545 1
0.0613975 -0.0342016 0.26825 1
0.0646343 -0.0342267 0.267632 1
0.0681513 -0.0347375 0.267333 1
0.0198103 -0.0288175 0.269 1
0.0230073 -0.0287996 0.268833 1
0.0266057 -0.0292904 0.268455 1
0.0299464 -0.0293216 0.26825 1
0.032814 -0.0294164 0.267692 1
0.036946 -0.0299001 0.26787 1
0.0404719 -0.0305333 0.268077 1
0.0433836 -0.0308276 0.267667 1
0.0472561 -0.0312527 0.267333 1
0.0506768 -0.0312137 0.267 1
0.0527057 -0.0312137 0.267 1
0.00228652 -0.025292 0.2688 1
0.00562289 -0.0257908 0.268455 1
0.0089717 -0.0259949 0.268 1
0.0124822 -0.0270067 0.268417 1
0.015811 -0.0269998 0.267818 1
0.0194078 -0.0274944 0.2675 1
0.0228513 -0.0274431 0.267 1
0.0248803 -0.0274431 0.267 1
-0.0175683 -0.0218042 0.269 1
-0.0155241 -0.0218041 0.269 1
-0.0120199 -0.0218041 0.269 1
-0.00820372 -0.0221398 0.268333 1
-0.00510631 -0.0226479 0.2679 1
-0.00150376 -0.023486 0.268167 1
0.00177698 -0.0238352 0.267429 1
0.00401116 -0.0239624 0.267 1
-0.0256674 -0.0184769 0.2682 1
-0.0226775 -0.0193327 0.268125 1
-0.0192435 -0.0199714 0.267917 1
-0.0157111 -0.0204972 0.2672 1
-0.0125102 -0.0204819 0.267 1
-0.0101914 -0.0204819 0.267 1
-0.0252635 -0.0170012 0.267 1
0.0869079 -0.0011453 0.267 1
0.0893116 -0.00128879 0.267727 1
0.083073 0.00243451 0.26725 1
0.0856295 0.00166446 0.267833 1
0.088727 0.000638407 0.269 1
0.0751192 0.00621034 0.267333 1
0.0787966 0.00545127 0.268 1
0.0818306 0.00477668 0.26825 1
0.0843467 0.00391128 0.269 1
0.0654591 0.00968317 0.267 1
0.0683063 0.00918768 0.267556 1
0.0715381 0.00855984 0.268059 1
0.0746485 0.00806119 0.268778 1
0.0770462 0.00741793 0.269 1
0.0590824 0.0131638 0.267 1
0.0613433 0.0127466 0.267375 1
0.0645316 0.0117934 0.268182 1
0.0671175 0.0109246 0.269 1
0.0543611 0.0164726 0.267462 1
0.0576073 0.0150701 0.267714 1
0.0607827 0.0146616 0.26875 1
0.040822 0.0209951 0.267 1
0.0437205 0.020125 0.267 1
0.0473334 0.0195974 0.267471 1
0.0503818 0.0184875 0.267857 1
0.0536835 0.01817 0.268769 1
0.0338655 0.0244756 0.267 1
0.0370894 0.0233375 0.26725 1
0.0401089 0.0227265 0.267857 1
0.0433986 0.0217236 0.268375 1
0.0469681 0.0211523 0.269 1
0.0271991 0.0279562 0.267 1
0.0299607 0.0271836 0.267182 1
0.0334016 0.026308 0.267923 1
0.0366432 0.0251971 0.2685 1
0.0393756 0.024659 0.269 1
0.0198562 0.0311467 0.267 1
0.0230964 0.03045 0.267429 1
0.0263355 0.0297496 0.267696 1
0.0297832 0.0286788 0.268333 1
0.0323671 0.0281656 0.269 1
0.00980813 0.0349174 0.267 1
0.0127066 0.0343373 0.267 1
0.0161523 0.0336956 0.267588 1
0.0193806 0.0328243 0.2679 1
0.0226325 0.0319262 0.268455 1
0.0250666 0.0316723 0.269 1
0.0027384 0.0380783 0.2672 1
0.00584995 0.0374168 0.268 1
0.00903281 0.0367219 0.268227 1
0.0124609 0.0359446 0.268294 1
0.0153805 0.0354107 0.268857 1
-0.0075988 0.0408043 0.267556 1
-0.00484173 0.0406884 0.26775 1
-0.00155806 0.0400276 0.2678 1
0.00179305 0.0397848 0.268316 1
0.00512984 0.0388508 0.268625 1
0.00754545 0.0386856 0.269 1
-0.00763667 0.0427592 0.268889 1
-0.00536822 0.0423526 0.268625 1
-0.00296726 0.0421922 0.269 1
0.0660409 -0.0390327 0.273 1
0.0683819 -0.0394401 0.271714 1
0.0717468 -0.03999 0.271286 1
0.074283 -0.0395343 0.271 1
0.0447029 -0.0357704 0.273 1
0.0470738 -0.0357705 0.273 1
0.0509525 -0.0360211 0.2722 1
0.0542801 -0.0366916 0.2715 1
0.0577818 -0.0367355 0.271333 1
0.0611789 -0.0371235 0.271714 1
0.0647096 -0.0374066 0.271478 1
0.0678817 -0.0377453 0.2705 1
0.0717636 -0.0380171 0.27 1
0.075574 -0.0375771 0.27 1
0.0121031 -0.0319151 0.273 1
0.0156594 -0.0319151 0.273 1
0.0191909 -0.0318761 0.272667 1
0.0227058 -0.0324166 0.272222 1
0.0262833 -0.032627 0.271609 1
0.0297666 -0.0326772 0.271917 1
0.0333485 -0.0327163 0.27225 1
0.0369936 -0.0330019 0.271667 1
0.0402311 -0.033277 0.271412 1
0.0438266 -0.0337748 0.27125 1
0.0471072 -0.0341632 0.271 1
0.0507366 -0.0342568 0.270417 1
-0.00478956 -0.0283563 0.273 1
-0.0011563 -0.0285138 0.272375 1
0.00202109 -0.0288856 0.272389 1
0.00544026 -0.0293181 0.272042 1
0.00855397 -0.0294405 0.271655 1
0.0120499 -0.0300054 0.2718 1
0.0155747 -0.0299768 0.271533 1
0.018867 -0.0302485 0.271091 1
0.0225585 -0.0304421 0.270444 1
0.0255886 -0.0306487 0.2702 1
0.0295564 -0.0309778 0.27 1
0.0333668 -0.0308311 0.27 1
0.0351254 -0.0306845 0.27 1
-0.0184222 -0.0247975 0.273 1
-0.0153491 -0.0249632 0.272375 1
-0.0121837 -0.0253604 0.272667 1
-0.0083897 -0.0256689 0.272 1
-0.00505814 -0.0261393 0.2715 1
-0.00151835 -0.0263749 0.2709 1
0.00186099 -0.0267804 0.27055 1
0.00516748 -0.0273017 0.270625 1
0.00874592 -0.0274581 0.27 1
-0.0283941 -0.0211609 0.272 1
-0.0260316 -0.0219114 0.272333 1
-0.0227906 -0.0225279 0.27136 1
-0.0191978 -0.0228018 0.27124 1
-0.0156441 -0.0234443 0.271056 1
-0.0120944 -0.0234109 0.270667 1
-0.00900368 -0.0235428 0.2705 1
-0.00532314 -0.0239384 0.27 1
-0.0283941 -0.0205699 0.272 1
-0.0262466 -0.0200004 0.271143 1
-0.0240819 -0.0204187 0.27 1
0.0872982 0.0027526 0.27 1
0.0893341 0.00223569 0.270444 1
0.0827112 0.00628003 0.270333 1
0.0857176 0.00529787 0.270846 1
0.0891075 0.00460592 0.272273 1
0.075738 0.00929952 0.270286 1
0.0787637 0.00854729 0.270964 1
0.0820374 0.00814629 0.2718 1
0.0855986 0.00767193 0.272833 1
0.0650832 0.0134709 0.27025 1
0.0685412 0.0123514 0.271037 1
0.0716677 0.0121484 0.271375 1
0.0750958 0.0118371 0.27192 1
0.0778992 0.0111727 0.272667 1
0.0582071 0.0167854 0.2702 1
0.0615709 0.0162869 0.270905 1
0.0648114 0.0156145 0.271828 1
0.0679144 0.0150826 0.272667 1
0.0713755 0.0143493 0.273 1
0.0486083 0.0206443 0.27 1
0.0511783 0.0202362 0.270417 1
0.0543833 0.01982 0.270947 1
0.0575683 0.0190363 0.271815 1
0.0608275 0.018357 0.272455 1
0.0639665 0.0179081 0.273 1
0.0414296 0.0239983 0.270333 1
0.043986 0.0235235 0.270789 1
0.0472503 0.0229705 0.271214 1
0.0505099 0.022446 0.271958 1
0.0537463 0.0219164 0.272545 1
0.056261 0.0214669 0.273 1
0.0346671 0.0277863 0.271 1
0.0369715 0.0271356 0.270375 1
0.0402761 0.0263956 0.270875 1
0.0434905 0.0260882 0.272208 1
0.0466928 0.0254109 0.272889 1
0.0272116 0.0312034 0.27 1
0.0298307 0.0306008 0.270765 1
0.0333892 0.0297424 0.271269 1
0.0366514 0.0294509 0.272083 1
0.0401988 0.0291357 0.2726 1
0.042332 0.0285845 0.273 1
0.0193164 0.0346086 0.27025 1
0.0226477 0.0338578 0.270667 1
0.0262625 0.0332242 0.271429 1
0.0295064 0.032417 0.272231 1
0.0325521 0.0318466 0.273 1
0.00903902 0.0382428 0.27 1
0.0123241 0.0378007 0.270429 1
0.0157809 0.0370311 0.271 1
0.0191416 0.0367471 0.271933 1
0.0225937 0.0360237 0.272625 1
0.025143 0.0354054 0.273 1
-0.00121966 0.0417625 0.27 1
0.00235593 0.0413663 0.270545 1
0.00537471 0.0404789 0.270778 1
0.00858699 0.0403219 0.271571 1
0.0120548 0.0396927 0.271889 1
0.0153354 0.0391895 0.2725 1
-0.00769638 0.0445667 0.271 1
-0.00490937 0.0439882 0.270727 1
-0.0014692 0.0437765 0.27131 1
0.00172519 0.043578 0.272087 1
0.00486123 0.0428397 0.272857 1
0.00736128 0.042523 0.273 1
-0.00713423 0.046504 0.272 1
-0.00520948 0.0465286 0.272455 1
-0.00241866 0.0460819 0.273 1
0.0693787 -0.0427081 0.275667 1
0.0717053 -0.0426667 0.2754 1
0.0451941 -0.038862 0.276 1
0.0472915 -0.038862 0.276 1
0.0513242 -0.03919 0.275385 1
0.0546008 -0.0398216 0.274824 1
0.057723 -0.0402847 0.275091 1
0.0611203 -0.0400947 0.2754 1
0.0648238 -0.0401137 0.275053 1
0.0679949 -0.0411752 0.274571 1
0.0701497 -0.0412593 0.274 1
0.0239212 -0.0355639 0.276 1
0.0259391 -0.0351576 0.275167 1
0.0295067 -0.0351363 0.275 1
0.0331554 -0.0358069 0.275556 1
0.0367713 -0.0362834 0.275 1
0.0402288 -0.0366096 0.274833 1
0.0436854 -0.0368393 0.274727 1
0.0473813 -0.0375318 0.275294 1
0.0503697 -0.0376689 0.274692 1
0.0528977 -0.037985 0.274 1
0.00264828 -0.0319659 0.276 1
0.00503159 -0.0318887 0.275333 1
0.00849489 -0.0326516 0.2752 1
0.0121984 -0.0336648 0.275167 1
0.0154889 -0.033375 0.27525 1
0.0196551 -0.033345 0.275 1
0.0229097 -0.0341985 0.274667 1
0.0258629 -0.0342566 0.274333 1
0.0295067 -0.0345388 0.275 1
0.0330475 -0.0344969 0.274667 1
0.0359433 -0.0344132 0.274 1
-0.01443 -0.0283681 0.276 1
-0.0122941 -0.0286395 0.275727 1
-0.00871903 -0.0292037 0.275389 1
-0.00506085 -0.0299568 0.27513 1
-0.00167444 -0.0300735 0.274636 1
0.00173925 -0.0306106 0.2746 1
0.00381888 -0.0305438 0.274 1
0.00917294 -0.0314367 0.274 1
-0.0255987 -0.0253935 0.2756 1
-0.0227091 -0.0255463 0.274667 1
-0.0193335 -0.0261039 0.275143 1
-0.0160017 -0.0265198 0.274909 1
-0.0120798 -0.0271839 0.274333 1
-0.00912883 -0.0274438 0.27425 1
-0.00659179 -0.0278649 0.274 1
-0.0283055 -0.0228048 0.274 1
-0.0263488 -0.0238578 0.274857 1
-0.022654 -0.024293 0.274 1
-0.0202744 -0.024293 0.274 1
0.0894838 0.00636521 0.274 1
0.0799654 0.0102347 0.274 1
0.0827786 0.0098187 0.274455 1
0.0858566 0.0093809 0.275125 1
0.0885286 0.00812551 0.2751 1
0.0731242 0.0138065 0.274 1
0.0756131 0.0135896 0.274125 1
0.0789258 0.0125229 0.274684 1
0.08196 0.0116684 0.275588 1
0.0849415 0.0108958 0.275667 1
0.0656879 0.0173784 0.274 1
0.0685677 0.016645 0.274333 1
0.0718004 0.0158248 0.27487 1
0.0750139 0.0153308 0.27515 1
0.0777057 0.0150979 0.275833 1
0.0584005 0.0205037 0.274 1
0.0616096 0.0197589 0.274571 1
0.0648801 0.0194362 0.275231 1
0.0679483 0.0188969 0.275389 1
0.0703622 0.0178051 0.276 1
0.0520054 0.0236291 0.274 1
0.0545838 0.0232041 0.27425 1
0.0577632 0.0226738 0.275333 1
0.0613009 0.0213771 0.275667 1
0.0448667 0.0272009 0.274 1
0.047554 0.0267643 0.2744 1
0.0507549 0.0259545 0.275067 1
0.0541505 0.0251856 0.275833 1
0.037728 0.0307728 0.274 1
0.0401577 0.0308102 0.274333 1
0.0438375 0.0296913 0.275 1
0.0469866 0.0289118 0.275714 1
0.0490892 0.0285988 0.276 1
0.0301709 0.0339294 0.27425 1
0.0333971 0.0336539 0.275077 1
0.0367166 0.0327185 0.275333 1
0.0403529 0.0321578 0.275667 1
0.0231958 0.0376879 0.2745 1
0.0263038 0.0368032 0.275044 1
0.029345 0.0360738 0.275533 1
0.0121474 0.0414882 0.274 1
0.0158754 0.0409931 0.274444 1
0.0192711 0.039975 0.275077 1
0.0226911 0.0393354 0.2756 1
0.0245205 0.0393924 0.276 1
0.00262909 0.04506 0.274 1
0.00535644 0.0443222 0.274429 1
0.00869806 0.0437292 0.274667 1
0.0119795 0.0434078 0.2756 1
0.0155918 0.0428105 0.276 1
0.0182284 0.0420909 0.276 1
-0.00718669 0.0486319 0.274 1
-0.00499116 0.0484394 0.274077 1
-0.00131437 0.0474763 0.274625 1
0.00168795 0.0471142 0.275143 1
0.00503914 0.0462332 0.275667 1
0.00804142 0.0456888 0.276 1
-0.00489673 0.0505578 0.275526 1
-0.0019936 0.0496918 0.27575 1
0.000550946 0.0492867 0.276 1
0.0507125 -0.0427711 0.28 1
0.0541641 -0.0426183 0.279 1
0.0574561 -0.042438 0.278 1
0.0612877 -0.0429991 0.2793 1
0.0647195 -0.0427792 0.278313 1
0.0682495 -0.0436246 0.278111 1
0.0718811 -0.0443412 0.2784 1
0.0735881 -0.0442775 0.278 1
0.0273075 -0.039121 0.28 1
0.0297392 -0.039121 0.28 1
0.0329834 -0.0390046 0.279167 1
0.0367368 -0.0395344 0.279 1
0.0400617 -0.0396784 0.278714 1
0.0438216 -0.0401281 0.278429 1
0.0471273 -0.0407405 0.278583 1
0.050525 -0.0408064 0.277909 1
0.0537776 -0.0411092 0.277 1
0.0621201 -0.0415595 0.278 1
0.064641 -0.041435 0.277167 1
0.00207874 -0.0351668 0.28 1
0.00531562 -0.0357333 0.279667 1
0.00898314 -0.0364629 0.2792 1
0.012355 -0.0365144 0.278667 1
0.0157068 -0.0365717 0.2791 1
0.0191739 -0.0364758 0.2793 1
0.022748 -0.0366493 0.278636 1
0.0262219 -0.037054 0.278167 1
0.02981 -0.0370092 0.277833 1
0.0334085 -0.0375885 0.277667 1
0.0357354 -0.0374982 0.277 1
0.0408473 -0.0384009 0.277 1
0.043253 -0.0384009 0.277 1
-0.015551 -0.0315167 0.28 1
-0.0115995 -0.0324292 0.28 1
-0.00854001 -0.0327576 0.279333 1
-0.0051977 -0.0329218 0.279 1
-0.00155943 -0.0328235 0.278167 1
0.00164435 -0.0332751 0.2784 1
0.00519476 -0.033781 0.2776 1
0.00868095 -0.0345306 0.277333 1
0.0164903 -0.0344891 0.277 1
0.0188959 -0.0344891 0.277 1
-0.0258405 -0.0287278 0.2795 1
-0.0227924 -0.029319 0.279333 1
-0.0192433 -0.0293011 0.278636 1
-0.0159164 -0.029554 0.278231 1
-0.012422 -0.0303874 0.278 1
-0.00878635 -0.0309339 0.2775 1
-0.00666396 -0.0308781 0.277 1
-0.0289315 -0.0263376 0.278444 1
-0.0264267 -0.0268516 0.278222 1
-0.0226013 -0.0272672 0.277 1
-0.0201957 -0.0272672 0.277 1
0.0868551 0.0103467 0.277 1
0.0898587 0.00935604 0.277687 1
0.0915305 0.00918316 0.278111 1
0.0796382 0.0139577 0.277 1
0.0824046 0.0132544 0.2774 1
0.0859115 0.0123201 0.277917 1
0.0890407 0.0119704 0.279267 1
0.0920513 0.0110671 0.28 1
0.0760297 0.0166659 0.277 1
0.0791733 0.0160028 0.277875 1
0.0821311 0.0155048 0.279083 1
0.0854151 0.0146072 0.279833 1
0.0690849 0.0203616 0.277571 1
0.0719035 0.0191282 0.277769 1
0.0750587 0.0191366 0.279143 1
0.0781317 0.0184364 0.2795 1
0.0591903 0.0238878 0.277 1
0.0614059 0.0233291 0.2775 1
0.0647045 0.0227577 0.277867 1
0.0680293 0.0226831 0.279071 1
0.070863 0.0219979 0.27975 1
0.0522741 0.0274987 0.277 1
0.0544142 0.0268911 0.277421 1
0.057783 0.0260941 0.27804 1
0.0610744 0.0260517 0.279364 1
0.0640868 0.0253631 0.28 1
0.0450572 0.0311096 0.277 1
0.0473772 0.0305903 0.2772 1
0.050821 0.0296707 0.2776 1
0.054096 0.029417 0.279333 1
0.0573164 0.028571 0.279727 1
0.0598314 0.0281007 0.28 1
0.0366648 0.0344445 0.2772 1
0.0402429 0.0339482 0.27775 1
0.0437985 0.033323 0.27848 1
0.0473508 0.032952 0.278957 1
0.0503172 0.0322241 0.279231 1
0.0528402 0.0317507 0.28 1
0.0273156 0.0380306 0.277 1
0.0300809 0.0375344 0.277143 1
0.033349 0.0368651 0.277586 1
0.0367158 0.0366281 0.278571 1
0.0399299 0.0360449 0.279222 1
0.0431135 0.0354008 0.28 1
0.019798 0.0416416 0.277 1
0.0227343 0.0411521 0.2775 1
0.0263161 0.0403189 0.277923 1
0.0297675 0.0399787 0.278428 1
0.0329036 0.0397276 0.279333 1
0.0358184 0.0390508 0.28 1
0.00987479 0.0452525 0.277 1
0.0127801 0.0449568 0.2774 1
0.0162193 0.0441289 0.2775 1
0.0193783 0.0437861 0.278478 1
0.0224605 0.0435743 0.27925 1
0.0266208 0.0424271 0.2798 1
0.0294352 0.0423967 0.28 1
0.00205647 0.0488634 0.277 1
0.00507105 0.0480184 0.277333 1
0.00879472 0.0474023 0.277923 1
0.01237 0.0474004 0.279 1
0.0155906 0.0464961 0.279444 1
0.018784 0.0460139 0.2798 1
-0.00365692 0.0515717 0.277 1
-0.00125206 0.0512325 0.277333 1
0.00181347 0.0509193 0.278083 1
0.00492762 0.0503871 0.279 1
0.00815796 0.0496968 0.28 1
-0.00488605 0.0536673 0.2785 1
-0.00156286 0.0537961 0.279167 1
0.0015718 0.0535179 0.279833 1
0.0626229 -0.0463036 0.283 1
0.0647734 -0.0463036 0.283 1
0.0678456 -0.0463036 0.283 1
0.0721467 -0.0463036 0.283 1
0.0312867 -0.042307 0.283 1
0.0334372 -0.042307 0.283 1
0.0367633 -0.0422472 0.2826 1
0.0405731 -0.0425563 0.2822 1
0.043574 -0.0428476 0.282 1
0.0473724 -0.0436652 0.281833 1
0.0507686 -0.0443019 0.282 1
0.0542281 -0.0443664 0.281571 1
0.0576187 -0.0445715 0.282 1
0.0611437 -0.0448919 0.281857 1
0.0649258 -0.0447554 0.281 1
0.0676712 -0.0447554 0.281 1
0.0749923 -0.0435343 0.281 1
0.00578762 -0.0389253 0.283 1
0.0091924 -0.0396805 0.282429 1
0.0122012 -0.039597 0.282143 1
0.0157126 -0.0394547 0.282182 1
0.0193052 -0.0395402 0.283 1
0.0230832 -0.0397428 0.28225 1
0.025859 -0.0402028 0.281889 1
0.0297717 -0.0407079 0.282077 1
0.0332922 -0.0409012 0.281778 1
0.0363556 -0.0413042 0.282143 1
0.0400052 -0.0414957 0.281667 1
0.0429625 -0.0413975 0.281 1
-0.0123382 -0.0355436 0.283 1
-0.00875563 -0.0360729 0.282625 1
-0.00526053 -0.0360817 0.282389 1
-0.00158248 -0.0360817 0.282389 1
0.00195086 -0.0366125 0.282067 1
0.00483964 -0.0371905 0.2815 1
0.00832077 -0.0380332 0.2814 1
0.0124577 -0.0383449 0.281 1
0.0158254 -0.0383722 0.2812 1
0.0189583 -0.0380468 0.2815 1
0.0219142 -0.0380397 0.281 1
-0.0254665 -0.0320697 0.282571 1
-0.0227568 -0.0324318 0.282667 1
-0.0193443 -0.0323685 0.282111 1
-0.0156813 -0.0333144 0.282333 1
-0.0124855 -0.0338656 0.281947 1
-0.00936983 -0.0342857 0.2815 1
-0.00523716 -0.0347025 0.281167 1
-0.00157624 -0.0347025 0.281167 1
0.000560927 -0.0346819 0.281 1
-0.0318871 -0.0289848 0.282 1
-0.0294499 -0.0294056 0.282111 1
-0.0262968 -0.0302868 0.281529 1
-0.0227031 -0.0311292 0.282 1
-0.0192671 -0.0310188 0.281 1
-0.0302488 -0.027661 0.281 1
0.0902447 0.0128364 0.281 1
0.0920872 0.0127471 0.281571 1
0.0832286 0.0169066 0.281 1
0.0858596 0.0165008 0.281875 1
0.0888543 0.0152628 0.2822 1
0.0924231 0.0145674 0.283 1
0.0765176 0.0205697 0.281 1
0.0791448 0.0198672 0.281471 1
0.0823009 0.0188061 0.282 1
0.085357 0.0185026 0.283 1
0.0691964 0.0239275 0.281 1
0.0723021 0.0230531 0.281706 1
0.0752108 0.0225665 0.282143 1
0.0782693 0.0220714 0.282818 1
0.0618754 0.0275905 0.281 1
0.0650458 0.0266713 0.281667 1
0.0682977 0.0259623 0.2822 1
0.0713742 0.0251031 0.282778 1
0.0736828 0.0247126 0.283 1
0.0549083 0.0308236 0.28125 1
0.0578706 0.0303534 0.2817 1
0.0612003 0.0293017 0.282111 1
0.0641751 0.0289351 0.2828 1
0.0447927 0.0349167 0.281 1
0.046623 0.0349167 0.281 1
0.0509455 0.0337143 0.281154 1
0.0541484 0.0330153 0.282316 1
0.0572999 0.0320342 0.2825 1
0.0405952 0.0377311 0.2815 1
0.04363 0.0369484 0.282091 1
0.0473867 0.0361113 0.282111 1
0.0502635 0.0356685 0.2826 1
0.0337701 0.0411971 0.2815 1
0.0366731 0.0403588 0.2819 1
0.0398189 0.0394001 0.2825 1
0.0237874 0.0450704 0.2815 1
0.026132 0.0443119 0.281588 1
0.0297096 0.0440145 0.281842 1
0.0328283 0.0432169 0.282375 1
0.0159297 0.0484192 0.281091 1
0.0193739 0.0477129 0.28175 1
0.0223292 0.0469364 0.282375 1
0.0260026 0.0459867 0.283 1
0.0294434 0.0456178 0.283 1
0.00574672 0.0520111 0.281 1
0.00904584 0.0512733 0.281818 1
0.0123431 0.0505285 0.281545 1
0.0155348 0.0505153 0.282471 1
0.0188281 0.0497246 0.28275 1
0.0214557 0.049307 0.283 1
-0.00492991 0.0556742 0.281 1
-0.00157557 0.0557732 0.2815 1
0.00183771 0.0550622 0.281273 1
0.00505018 0.0539527 0.281833 1
0.00836286 0.0533276 0.2828 1
-0.00461391 0.0570063 0.282091 1
-0.00177385 0.0571491 0.282438 1
0.00205533 0.0564238 0.282571 1
0.00394432 0.0563779 0.283 1
0.0619503 -0.0494523 0.287 1
0.0647543 -0.0494523 0.287 1
0.0681815 -0.0494523 0.287 1
0.071297 -0.0494523 0.287 1
0.0379601 -0.0463345 0.287 1
0.040141 -0.0463345 0.287 1
0.0437515 -0.0462 0.286167 1
0.047524 -0.0464041 0.2855 1
0.050753 -0.0467084 0.28508 1
0.0541519 -0.0470989 0.28564 1
0.0576798 -0.0474044 0.285917 1
0.0610197 -0.047293 0.284909 1
0.0646124 -0.0478693 0.285 1
0.0685802 -0.0477169 0.285143 1
0.0714028 -0.0473435 0.284625 1
0.0741534 -0.0467945 0.286 1
0.00929659 -0.0425933 0.287 1
0.0121006 -0.0425933 0.287 1
0.0158101 -0.042519 0.2865 1
0.0191994 -0.0424448 0.286 1
0.0227902 -0.0431829 0.28625 1
0.0265583 -0.0437422 0.285833 1
0.0297219 -0.0439524 0.28568 1
0.0331328 -0.0442587 0.285667 1
0.0368305 -0.0442333 0.2855 1
0.0400017 -0.0441898 0.284778 1
0.0434959 -0.0446947 0.2845 1
0.0455792 -0.0446161 0.284 1
-0.0153167 -0.0385402 0.287 1
-0.00876865 -0.039448 0.2868 1
-0.00532811 -0.0393379 0.286 1
-0.00138067 -0.0395357 0.286143 1
0.00181109 -0.0399469 0.2859 1
0.00508739 -0.0403929 0.2851 1
0.008422 -0.0409684 0.2848 1
0.01261 -0.0412526 0.285429 1
0.0156997 -0.040986 0.2845 1
0.0193734 -0.040914 0.284 1
0.0225506 -0.0413431 0.2844 1
0.0261853 -0.0418886 0.284333 1
0.0295474 -0.0418395 0.284 1
-0.0262039 -0.0357093 0.2868 1
-0.0227147 -0.0356097 0.286 1
-0.0191767 -0.0361916 0.286222 1
-0.0157568 -0.0363645 0.285286 1
-0.0121238 -0.0373664 0.285167 1
-0.00871276 -0.037962 0.285 1
-0.00530948 -0.037962 0.285 1
-0.00159564 -0.0378954 0.2845 1
0.00118352 -0.0378288 0.284 1
-0.0320663 -0.0328532 0.286333 1
-0.0296489 -0.0332263 0.285714 1
-0.0265218 -0.0335793 0.284696 1
-0.0226353 -0.0342467 0.285 1
-0.0191789 -0.0341506 0.2842 1
-0.0320151 -0.0309424 0.2845 1
-0.030339 -0.0308652 0.284182 1
-0.027797 -0.0313499 0.284 1
0.0899154 0.0168523 0.2842 1
0.0926041 0.0165001 0.2845 1
0.0822673 0.0204807 0.284 1
0.0858436 0.0199656 0.284769 1
0.0890689 0.0193463 0.28544 1
0.0921609 0.0184501 0.286 1
0.0754847 0.0241829 0.284 1
0.0791111 0.023435 0.2844 1
0.0821907 0.0227118 0.285462 1
0.0854925 0.02207 0.286235 1
0.0885678 0.021556 0.286571 1
0.0685619 0.0276905 0.284375 1
0.0717924 0.0267494 0.2846 1
0.0751885 0.0261799 0.285308 1
0.0784816 0.0260506 0.286095 1
0.0817485 0.0250182 0.2865 1
0.0622276 0.0306617 0.284 1
0.0650891 0.0303708 0.284571 1
0.0682444 0.0298641 0.285654 1
0.0716592 0.0290138 0.286177 1
0.0744126 0.0284914 0.287 1
0.0548934 0.0344043 0.284333 1
0.0578911 0.0336662 0.284727 1
0.0612056 0.0328433 0.285636 1
0.0643589 0.0325249 0.286429 1
0.0669353 0.0322328 0.287 1
0.0449626 0.0380661 0.284 1
0.0469962 0.0380502 0.284091 1
0.0510913 0.0370988 0.284933 1
0.0542544 0.0365759 0.286238 1
0.0578605 0.035949 0.2868 1
0.0600809 0.0350387 0.287 1
0.0378716 0.0414598 0.284 1
0.0404698 0.0410605 0.284727 1
0.0437567 0.0405019 0.285464 1
0.0471426 0.0403296 0.286 1
0.0500686 0.0396216 0.286313 1
0.052915 0.03878 0.287 1
0.0313973 0.045162 0.284 1
0.0337374 0.0448566 0.284667 1
0.0367533 0.0436067 0.285083 1
0.0400101 0.0434979 0.286381 1
0.0434719 0.0427366 0.286875 1
0.0466838 0.0425213 0.287 1
0.0233068 0.0482006 0.284333 1
0.0263725 0.0475158 0.284818 1
0.029755 0.0474402 0.285143 1
0.0330536 0.047273 0.28616 1
0.0364023 0.0459508 0.287 1
0.0165987 0.0516409 0.284 1
0.0195709 0.0512912 0.284625 1
0.0227992 0.0508866 0.285852 1
0.0260912 0.0500501 0.286667 1
0.0292364 0.0496921 0.287 1
0.00642469 0.055343 0.284 1
0.00896534 0.0548576 0.284588 1
0.0122594 0.0540626 0.285115 1
0.0157125 0.0538949 0.2858 1
0.0190263 0.0535482 0.2865 1
0.0211359 0.0534334 0.287 1
-0.00438131 0.0589435 0.285 1
-0.00121003 0.0586604 0.28475 1
0.00180352 0.0582162 0.284467 1
0.00540817 0.0579282 0.285385 1
0.00851312 0.0571681 0.286071 1
0.0117066 0.0564488 0.286875 1
0.0142816 0.0562394 0.287 1
-0.00440437 0.060811 0.2865 1
-0.00160522 0.060811 0.2865 1
0.00160936 0.0603953 0.2865 1
0.069209 -0.0528045 0.29 1
0.0704682 -0.0528045 0.29 1
0.0377273 -0.0493391 0.29 1
0.0402458 -0.0493392 0.29 1
0.0437088 -0.0493391 0.29 1
0.0471842 -0.0493508 0.2897 1
0.0506182 -0.0498418 0.289091 1
0.0542249 -0.0497968 0.289 1
0.0580947 -0.0499523 0.288857 1
0.0609959 -0.0507619 0.289125 1
0.0648918 -0.0510527 0.289 1
0.0685685 -0.0509562 0.289176 1
0.0706571 -0.051112 0.288571 1
0.0191531 -0.0458738 0.29 1
0.0231264 -0.046031 0.2895 1
0.0259433 -0.046502 0.2892 1
0.0300255 -0.0471938 0.2892 1
0.0333128 -0.0471402 0.288455 1
0.0366053 -0.0473463 0.2886 1
0.0403033 -0.047775 0.288167 1
0.04372 -0.0477474 0.288 1
0.0469426 -0.0479689 0.2882 1
0.0505982 -0.048686 0.288 1
-0.00760635 -0.0420933 0.29 1
-0.00524357 -0.0423112 0.289875 1
-0.00139515 -0.0426872 0.289143 1
0.00183202 -0.0429059 0.2891 1
0.0055958 -0.0431959 0.288938 1
0.00846994 -0.0438101 0.289143 1
0.0121934 -0.0436758 0.2892 1
0.0159288 -0.0440949 0.288667 1
0.0192659 -0.044462 0.28875 1
0.0223349 -0.044681 0.2888 1
0.0255866 -0.0449317 0.288 1
-0.0220118 -0.0388087 0.289 1
-0.0187232 -0.0392919 0.289083 1
-0.0157338 -0.0399308 0.288933 1
-0.0122861 -0.0403806 0.289 1
-0.0088298 -0.040978 0.2888 1
-0.00524614 -0.0409478 0.288077 1
-0.00181112 -0.0412709 0.288375 1
0.00182588 -0.0418321 0.2882 1
0.004014 -0.0418031 0.288 1
-0.0322658 -0.0355164 0.2898 1
-0.0293651 -0.036269 0.289154 1
-0.0259182 -0.0374802 0.288833 1
-0.0228046 -0.0374251 0.288294 1
-0.0195387 -0.0378636 0.288375 1
-0.0169333 -0.0380487 0.288 1
-0.0326786 -0.0344135 0.289 1
-0.0310024 -0.0346073 0.288 1
0.0927843 0.0202138 0.288308 1
0.0859272 0.0235849 0.288 1
0.0895022 0.0231188 0.289111 1
0.0925592 0.0220044 0.289273 1
0.0796743 0.0273392 0.288 1
0.0824046 0.0266635 0.2888 1
0.0855936 0.0255105 0.289333 1
0.0719949 0.0308473 0.288091 1
0.0754792 0.0297634 0.288524 1
0.0783486 0.0293066 0.288875 1
0.0808572 0.0287893 0.29 1
0.0618535 0.0345351 0.288 1
0.0652303 0.0341158 0.288417 1
0.0685526 0.0333927 0.288682 1
0.0716201 0.0329435 0.2894 1
0.0747196 0.0320083 0.289667 1
0.0547586 0.0383559 0.2885 1
0.0573868 0.0375511 0.288333 1
0.0612414 0.0366436 0.288957 1
0.0645136 0.0358063 0.289417 1
0.0682065 0.0353745 0.28975 1
0.051442 0.0407862 0.288444 1
0.0541558 0.0400976 0.2893 1
0.0576854 0.0393204 0.289833 1
0.0597645 0.0388703 0.29 1
0.0412188 0.0448595 0.288 1
0.0438934 0.0443379 0.288222 1
0.0472956 0.043945 0.288833 1
0.0506484 0.0430681 0.289625 1
0.0346533 0.0486139 0.288 1
0.0370166 0.0475652 0.28875 1
0.0402918 0.046858 0.289091 1
0.0435098 0.0467226 0.289571 1
0.024336 0.0520553 0.288 1
0.0266497 0.0516783 0.288222 1
0.0299357 0.0512432 0.288545 1
0.0330665 0.0505975 0.289 1
0.0361669 0.0497649 0.2896 1
0.0152692 0.0558096 0.288 1
0.0196463 0.054871 0.288 1
0.0228854 0.0542612 0.288476 1
0.0259965 0.0538727 0.289263 1
0.0293128 0.0533518 0.2896 1
0.00916915 0.058787 0.288571 1
0.0121951 0.0580882 0.288842 1
0.0157569 0.057258 0.289176 1
0.0191161 0.0563986 0.289417 1
0.0219864 0.0565123 0.29 1
-0.00380214 0.0626926 0.288 1
-0.00161365 0.0627289 0.288167 1
0.00188347 0.0620694 0.288273 1
0.00528431 0.061342 0.289 1
0.00855729 0.0604638 0.289538 1
0.0112827 0.0599776 0.29 1
-0.00381974 0.0642415 0.289333 1
-0.00161861 0.0641546 0.288944 1
0.0016919 0.0640466 0.289769 1
0.00404188 0.0634429 0.29 1
0.0685678 -0.0560879 0.294 1
0.0340986 -0.0528941 0.294 1
0.0353753 -0.0528941 0.294 1
0.0401626 -0.0528941 0.294 1
0.0436734 -0.0528941 0.294 1
0.0471842 -0.0532135 0.294 1
0.0509176 -0.0535388 0.293444 1
0.0542786 -0.0536955 0.293455 1
0.0577717 -0.0538281 0.293546 1
0.0611728 -0.0535967 0.292909 1
0.0646365 -0.0540485 0.293118 1
0.0679635 -0.0539602 0.2925 1
0.0133532 -0.0490615 0.294 1
0.0159065 -0.0490615 0.294 1
0.0190981 -0.0490615 0.294 1
0.023178 -0.0498342 0.293714 1
0.0264643 -0.0502943 0.293111 1
0.0296635 -0.0505305 0.292909 1
0.0332901 -0.0504517 0.292077 1
0.0363177 -0.0506138 0.291889 1
0.0401935 -0.0513326 0.292588 1
0.0436858 -0.0514384 0.29275 1
0.047224 -0.0513156 0.292278 1
0.0508661 -0.0514649 0.291333 1
0.0542843 -0.051406 0.291 1
0.0574433 -0.051406 0.291 1
0.0643932 -0.0523543 0.291 1
0.0678681 -0.0523543 0.291 1
-0.00132808 -0.0461871 0.294 1
0.00185758 -0.0460614 0.2932 1
0.0056141 -0.0465724 0.2932 1
0.00873111 -0.0467803 0.292647 1
0.0124533 -0.0468782 0.29264 1
0.0158274 -0.047233 0.29255 1
0.0192301 -0.0475185 0.292588 1
0.0225617 -0.0479128 0.292316 1
0.0261831 -0.0482724 0.291167 1
0.0286962 -0.0482448 0.291 1
-0.0186782 -0.0423894 0.2938 1
-0.0153624 -0.0433714 0.293118 1
-0.0122078 -0.0437448 0.292923 1
-0.00872592 -0.0438745 0.292857 1
-0.00524728 -0.044237 0.292647 1
-0.00173042 -0.0443342 0.292059 1
0.001847 -0.044543 0.2916 1
0.00468762 -0.0444514 0.291 1
0.00942617 -0.0453997 0.291 1
0.0122693 -0.0453997 0.291 1
0.0157442 -0.0453997 0.291 1
-0.0322322 -0.0387754 0.2935 1
-0.0294254 -0.0396801 0.293267 1
-0.0261255 -0.0402885 0.2929 1
-0.0227937 -0.0404184 0.292263 1
-0.0194798 -0.0407249 0.292091 1
-0.0161118 -0.0416438 0.292 1
-0.0328483 -0.0370447 0.292833 1
-0.0298626 -0.0378003 0.291444 1
-0.0275344 -0.0381289 0.291 1
0.0931956 0.0236608 0.2915 1
0.0948825 0.0232393 0.2915 1
0.0858696 0.0272524 0.29125 1
0.0893122 0.0262181 0.292 1
0.0925462 0.0258647 0.293177 1
0.0953771 0.0253538 0.294 1
0.0793251 0.0308457 0.291143 1
0.0826024 0.0299519 0.291818 1
0.08587 0.0297554 0.293143 1
0.0887531 0.0286114 0.293556 1
0.0912281 0.0282282 0.294 1
0.0720802 0.0342626 0.291 1
0.075565 0.0335598 0.29175 1
0.0787684 0.0329205 0.292429 1
0.0821208 0.0323034 0.293714 1
0.0649402 0.0374342 0.291429 1
0.0682107 0.03727 0.292143 1
0.0719072 0.0363224 0.292739 1
0.0750365 0.0355137 0.2935 1
0.0775042 0.0352546 0.294 1
0.0549161 0.0415334 0.291 1
0.0580164 0.0411305 0.2915 1
0.0612762 0.0403093 0.29192 1
0.0646132 0.039785 0.29325 1
0.0672912 0.0390871 0.294 1
0.0485981 0.0450107 0.291 1
0.0512153 0.0446064 0.291111 1
0.0542721 0.04391 0.292261 1
0.0573798 0.0434886 0.293214 1
0.061086 0.0426828 0.293833 1
0.0384892 0.0488041 0.291 1
0.0404414 0.0488712 0.2914 1
0.0438556 0.0481759 0.2915 1
0.0471961 0.0472437 0.2919 1
0.0507091 0.0469213 0.292762 1
0.0533174 0.0466735 0.2935 1
0.0346984 0.0516492 0.291 1
0.0370073 0.0512118 0.291267 1
0.0401665 0.0506827 0.292546 1
0.043921 0.0498582 0.293167 1
0.0464937 0.0492513 0.293667 1
0.0268008 0.0554426 0.291 1
0.0300445 0.0547126 0.291545 1
0.0332509 0.0540782 0.292154 1
0.0362331 0.0540343 0.293533 1
0.0393115 0.0529269 0.294 1
0.0160888 0.0590212 0.2915 1
0.0192862 0.0584891 0.292 1
0.0229069 0.0581006 0.292294 1
0.0260216 0.0575008 0.292889 1
0.0295975 0.0568017 0.293667 1
0.0318645 0.0566529 0.294 1
0.00902115 0.0622938 0.2915 1
0.0124704 0.0612984 0.29184 1
0.0157683 0.0611168 0.292957 1
0.01887 0.0606471 0.29375 1
0.0221833 0.0601661 0.294 1
0.0251621 0.0595274 0.294 1
-0.00384175 0.0658746 0.291 1
-0.00163043 0.0658746 0.291 1
0.002269 0.0655537 0.291444 1
0.00545835 0.0648364 0.292273 1
0.00872039 0.0647157 0.293222 1
0.0122732 0.063912 0.2936 1
0.0152682 0.0633599 0.294 1
-0.00386287 0.0681474 0.2926 1
-0.0016394 0.0681628 0.292667 1
0.00167683 0.0681015 0.29319 1
0.00494407 0.0669034 0.293667 1
0.0489553 -0.0563376 0.297 1
0.0506043 -0.0563705 0.29675 1
0.054253 -0.0564694 0.296 1
0.0577877 -0.0564694 0.296 1
0.0613223 -0.0564694 0.296 1
0.0653079 -0.0570841 0.296455 1
0.0674018 -0.057092 0.295889 1
0.0238068 -0.0531112 0.297 1
0.0263315 -0.0530039 0.2964 1
0.0296762 -0.0529452 0.295909 1
0.0334776 -0.0540396 0.296455 1
0.0369073 -0.0540224 0.296429 1
0.0401362 -0.0542491 0.296167 1
0.0433737 -0.0540807 0.296 1
0.0472359 -0.0543361 0.296048 1
0.0503923 -0.0550102 0.2955 1
0.054253 -0.0558263 0.296 1
0.0577877 -0.0558263 0.296 1
0.0613223 -0.0558263 0.296 1
0.0648122 -0.0557886 0.2958 1
0.0671998 -0.0556377 0.295 1
-0.000696798 -0.0495622 0.297 1
0.00188253 -0.0495622 0.297 1
0.00546288 -0.0497195 0.296286 1
0.00863515 -0.0501054 0.296389 1
0.0120194 -0.0501773 0.296231 1
0.0157111 -0.0510619 0.296333 1
0.0192536 -0.0510733 0.2964 1
0.0224156 -0.0511607 0.295667 1
0.0252477 -0.0514717 0.295 1
0.0313324 -0.0524331 0.295 1
0.0326134 -0.0524331 0.295 1
0.0374171 -0.0524331 0.295 1
-0.0181073 -0.0456905 0.297 1
-0.0155049 -0.0462667 0.296556 1
-0.0122623 -0.0465013 0.296 1
-0.00872772 -0.0465014 0.296 1
-0.00519176 -0.0471305 0.2959 1
-0.00167644 -0.047798 0.295941 1
0.00187408 -0.0480563 0.295667 1
0.00465486 -0.0482517 0.295556 1
0.00859894 -0.0486149 0.295167 1
0.0114772 -0.0485875 0.295 1
-0.0290375 -0.0427387 0.296667 1
-0.0260878 -0.0433024 0.2961 1
-0.0227127 -0.0432162 0.295909 1
-0.0194806 -0.0436022 0.295667 1
-0.0161604 -0.0447381 0.295444 1
-0.0360408 -0.0391056 0.296 1
-0.0331497 -0.040078 0.296231 1
-0.0301959 -0.0410163 0.2954 1
-0.0357359 -0.038026 0.2956 1
-0.0342772 -0.037974 0.2952 1
0.0936182 0.0274097 0.2955 1
0.0954891 0.0270736 0.295333 1
0.0895804 0.0302699 0.295692 1
0.092611 0.0292012 0.296385 1
0.0958437 0.028885 0.297 1
0.0794595 0.0347728 0.295333 1
0.0825696 0.0340422 0.296143 1
0.08564 0.032912 0.296235 1
0.0887634 0.0321372 0.296667 1
0.0754281 0.0371538 0.295353 1
0.0785976 0.0367877 0.296353 1
0.0816267 0.0359369 0.297 1
0.0652224 0.0415894 0.295571 1
0.0684449 0.0403136 0.295824 1
0.0719032 0.0396622 0.2959 1
0.0747725 0.0395495 0.296667 1
0.0582233 0.0449517 0.2956 1
0.0613637 0.0442645 0.295789 1
0.0645619 0.0436351 0.296444 1
0.0676554 0.0420671 0.297 1
0.0486256 0.048834 0.295 1
0.0505471 0.048834 0.295 1
0.0546979 0.0477138 0.295429 1
0.0576673 0.0468334 0.296421 1
0.0608098 0.0461932 0.296857 1
0.063464 0.0459387 0.297 1
0.0415802 0.0520387 0.295 1
0.0438822 0.0517242 0.2954 1
0.0474254 0.0511718 0.296 1
0.0505775 0.0504865 0.296059 1
0.0536267 0.050035 0.2968 1
0.0374668 0.0549793 0.295111 1
0.0404794 0.0543471 0.296095 1
0.0435578 0.0535446 0.296833 1
0.02688 0.0591557 0.295333 1
0.029899 0.0585677 0.2956 1
0.0334846 0.0577111 0.295778 1
0.0364576 0.0573953 0.2964 1
0.0395405 0.0565126 0.296857 1
0.0169214 0.0629345 0.295 1
0.0194834 0.0619731 0.295 1
0.0230043 0.0616284 0.2958 1
0.0262256 0.0611276 0.296471 1
0.0292 0.0603246 0.296571 1
0.0101962 0.0658187 0.295 1
0.0121177 0.0658187 0.295 1
0.0156053 0.0649952 0.295762 1
0.0190466 0.0637917 0.2965 1
0.0215499 0.0636839 0.297 1
0.00283058 0.0696642 0.295 1
0.00541925 0.0684889 0.295526 1
0.00869877 0.0681281 0.29613 1
0.0119654 0.0676569 0.2965 1
0.0151476 0.0671407 0.297 1
-0.00109613 0.0717006 0.296125 1
0.00163676 0.0717608 0.296375 1
0.0046737 0.0708367 0.296778 1
0.00704118 0.0704592 0.297 1
0.0509216 -0.0600392 0.301 1
0.0543641 -0.059873 0.300167 1
0.0579172 -0.0598397 0.3 1
0.061174 -0.0598397 0.3 1
0.064754 -0.0604922 0.3 1
0.0231472 -0.0564423 0.301 1
0.0260577 -0.0564885 0.300667 1
0.0302474 -0.0565016 0.300571 1
0.0329319 -0.0564747 0.300429 1
0.0366661 -0.056455 0.299333 1
0.0401649 -0.0569542 0.300091 1
0.0440312 -0.0570664 0.299857 1
0.047266 -0.0575584 0.299682 1
0.0508708 -0.0583732 0.299353 1
0.0543216 -0.0583466 0.298813 1
0.057873 -0.0582238 0.298588 1
0.0613334 -0.0582774 0.298667 1
0.0643061 -0.0584393 0.298667 1
0.0669127 -0.059117 0.298 1
-0.000706183 -0.0528455 0.301 1
0.00190195 -0.0527051 0.3002 1
0.00500976 -0.0536338 0.300833 1
0.00876981 -0.0538265 0.301 1
0.0123464 -0.053755 0.3006 1
0.0159967 -0.054024 0.299667 1
0.0192677 -0.0542453 0.299364 1
0.0224254 -0.0542825 0.299 1
0.0264158 -0.054927 0.2988 1
0.0296057 -0.0548951 0.298462 1
0.0327479 -0.0551343 0.298714 1
0.0366661 -0.0558046 0.299333 1
0.0401414 -0.0556679 0.2986 1
0.0439441 -0.0553403 0.298 1
-0.0150676 -0.0498474 0.300667 1
-0.0124281 -0.0497369 0.3 1
-0.00859101 -0.0502932 0.3002 1
-0.00525732 -0.0503232 0.2996 1
-0.00181503 -0.0506891 0.299286 1
0.00189349 -0.0511738 0.298867 1
0.00509419 -0.051416 0.298625 1
0.00871154 -0.0521696 0.299 1
0.0122482 -0.05203 0.2982 1
-0.0287521 -0.0466854 0.300429 1
-0.0261682 -0.0466573 0.299312 1
-0.0227988 -0.0467012 0.299333 1
-0.0191365 -0.0473514 0.299667 1
-0.0159039 -0.0478788 0.298857 1
-0.0123452 -0.0481104 0.298 1
-0.00878668 -0.0481104 0.298 1
-0.0359061 -0.0427669 0.30025 1
-0.0332083 -0.043246 0.299857 1
-0.0300956 -0.0441034 0.299067 1
-0.0266719 -0.0449731 0.298125 1
-0.0226972 -0.0451969 0.298 1
-0.0197857 -0.0451969 0.298 1
-0.0362277 -0.0408127 0.2986 1
-0.033644 -0.0412659 0.29825 1
0.0934688 0.0306508 0.2983 1
0.0953789 0.030692 0.298429 1
0.0869698 0.0341156 0.298 1
0.08959 0.033673 0.298375 1
0.0928486 0.0332725 0.299409 1
0.0954182 0.033227 0.300077 1
0.0798527 0.0380003 0.298 1
0.0823657 0.0374067 0.29875 1
0.0857046 0.0365027 0.299417 1
0.0892719 0.0363373 0.3003 1
0.0918899 0.0356878 0.300333 1
0.0695007 0.0415613 0.298 1
0.0717652 0.0415613 0.298 1
0.0757979 0.0408468 0.298364 1
0.0787802 0.0403833 0.29925 1
0.0822735 0.0398494 0.300429 1
0.0853402 0.0390368 0.301 1
0.0654569 0.0449604 0.298 1
0.0684039 0.0438782 0.299 1
0.0716651 0.0436546 0.299185 1
0.0750309 0.0437499 0.300095 1
0.0780561 0.0431939 0.3008 1
0.0585016 0.0483594 0.298 1
0.0612667 0.0478264 0.298588 1
0.064922 0.0472824 0.299263 1
0.0681146 0.0466909 0.300733 1
0.0711806 0.0462305 0.301 1
0.0513846 0.0519204 0.298 1
0.0549069 0.0512303 0.298615 1
0.057733 0.050766 0.299478 1
0.0610816 0.0503379 0.3004 1
0.0641914 0.0496341 0.300545 1
0.066606 0.0491733 0.301 1
0.0440327 0.0553037 0.298286 1
0.0472906 0.0543153 0.2987 1
0.0508446 0.0542059 0.299583 1
0.0540687 0.0537866 0.300118 1
0.0573939 0.0530383 0.300667 1
0.037474 0.0587187 0.298 1
0.0403272 0.0583173 0.298889 1
0.0434767 0.0577998 0.299636 1
0.0471652 0.0570407 0.300857 1
0.0270112 0.0625804 0.2982 1
0.0300101 0.06189 0.299 1
0.0332162 0.0611508 0.299148 1
0.0366536 0.0611181 0.299857 1
0.0399419 0.0609051 0.300571 1
0.0431883 0.0602907 0.301 1
0.0174169 0.0661643 0.298 1
0.0194284 0.0654984 0.298182 1
0.0229222 0.0649531 0.299125 1
0.0262606 0.0648624 0.300043 1
0.0295813 0.0639415 0.300273 1
0.0332767 0.0635606 0.301 1
0.0352372 0.0635606 0.301 1
0.0125644 0.0690778 0.298 1
0.0160461 0.0686685 0.299105 1
0.0194019 0.068059 0.300095 1
0.0224574 0.0670459 0.3005 1
-0.00231665 0.0729626 0.298 1
0.00285937 0.0729626 0.298 1
0.00527932 0.0723652 0.298308 1
0.00877597 0.0716362 0.299111 1
0.0123283 0.0715222 0.3001 1
0.0149458 0.0709237 0.300333 1
0.0185726 0.0701002 0.301 1
-0.00135366 0.0749825 0.2996 1
0.00190186 0.0750495 0.299867 1
0.00499883 0.0746563 0.30025 1
0.00821227 0.0740101 0.3005 1
0.0593495 -0.0632795 0.304 1
0.0600095 -0.0632795 0.304 1
0.0645017 -0.0631546 0.3034 1
0.026678 -0.0599771 0.304 1
0.0293182 -0.0599771 0.304 1
0.0441389 -0.0602677 0.3038 1
0.0475492 -0.0605913 0.302938 1
0.0503557 -0.0611731 0.302833 1
0.0542203 -0.0614256 0.303 1
0.0578024 -0.0613498 0.302182 1
0.0611582 -0.0613303 0.302154 1
0.0645017 -0.0624954 0.3034 1
0.00225691 -0.0560142 0.304 1
0.00522705 -0.0560142 0.304 1
0.0085272 -0.0560142 0.304 1
0.0108373 -0.0560142 0.304 1
0.0157551 -0.0568924 0.3034 1
0.0194942 -0.0570773 0.302625 1
0.022512 -0.0579739 0.303143 1
0.0263302 -0.0583622 0.302714 1
0.0294573 -0.0584171 0.303 1
0.0331688 -0.058134 0.303 1
0.036864 -0.0583898 0.302857 1
0.0403594 -0.0587277 0.302667 1
0.0435504 -0.0585983 0.302 1
-0.0145738 -0.0530419 0.304 1
-0.0122637 -0.0530419 0.304 1
-0.00862352 -0.0529722 0.3036 1
-0.00519748 -0.0531534 0.303091 1
-0.00189679 -0.0540231 0.3032 1
0.00201242 -0.0544161 0.302714 1
0.00522705 -0.0553537 0.304 1
0.00869443 -0.0545239 0.302769 1
0.0123699 -0.0553981 0.3028 1
0.0147002 -0.0553176 0.302 1
-0.0290633 -0.0493551 0.303667 1
-0.0263964 -0.0499615 0.303333 1
-0.0227664 -0.049943 0.303222 1
-0.018951 -0.0505099 0.302933 1
-0.0161236 -0.0511759 0.303 1
-0.0121907 -0.0514091 0.302167 1
-0.00988815 -0.0513807 0.302 1
-0.00398697 -0.052365 0.302 1
-0.00267559 -0.052365 0.302 1
-0.0356948 -0.0464371 0.304 1
-0.0329686 -0.0463149 0.3032 1
-0.0301119 -0.0474256 0.303 1
-0.0262803 -0.0484281 0.302 1
-0.0226741 -0.0484281 0.302 1
-0.0203792 -0.0484281 0.302 1
-0.0388025 -0.0442374 0.3025 1
-0.0370933 -0.04442 0.302625 1
-0.0338207 -0.0448193 0.302 1
0.096661 0.0345735 0.302 1
0.0891806 0.0382076 0.3022 1
0.0930676 0.037026 0.3025 1
0.0962818 0.0367909 0.303444 1
0.0828917 0.0411349 0.302 1
0.085939 0.0407021 0.303111 1
0.0890163 0.0398199 0.303133 1
0.0915307 0.0397347 0.303833 1
0.0766626 0.0450718 0.302 1
0.0789965 0.0444749 0.3024 1
0.081854 0.0431812 0.302941 1
0.0847607 0.0427283 0.304 1
0.0688516 0.0482287 0.30225 1
0.0718226 0.0475706 0.3025 1
0.0753219 0.0472284 0.3032 1
0.0785745 0.0467264 0.303687 1
0.0811305 0.0457005 0.304 1
0.0619097 0.0516331 0.302 1
0.064856 0.0514042 0.302857 1
0.0681468 0.0506175 0.303333 1
0.0717023 0.0493888 0.303667 1
0.0546971 0.05557 0.302 1
0.0578979 0.0544982 0.302875 1
0.0609826 0.0537038 0.3035 1
0.0636397 0.0532961 0.304 1
0.0451896 0.0591787 0.302 1
0.0474979 0.0586855 0.3025 1
0.0507114 0.0577612 0.302778 1
0.0536854 0.0575288 0.303429 1
0.0570869 0.0565367 0.303667 1
0.0409277 0.0621314 0.302 1
0.0443161 0.0617142 0.302882 1
0.0471429 0.0604821 0.3036 1
0.0494491 0.0599009 0.304 1
0.0298644 0.0656559 0.302077 1
0.0333542 0.0653015 0.302812 1
0.0368125 0.0646018 0.302952 1
0.0398508 0.0641212 0.303429 1
0.0428488 0.0638638 0.304 1
0.0206014 0.069677 0.302 1
0.0230069 0.0688609 0.302375 1
0.0262711 0.068286 0.3031 1
0.0294483 0.0675931 0.303444 1
0.033261 0.0667994 0.303833 1
0.0362485 0.066836 0.304 1
0.0159804 0.0723234 0.302286 1
0.0192396 0.0719658 0.303091 1
0.0227539 0.071036 0.3036 1
0.0250279 0.0704686 0.304 1
-0.00136422 0.0768945 0.302 1
0.00191422 0.0768945 0.302 1
0.00585553 0.0759941 0.302333 1
0.00892127 0.0756109 0.302882 1
0.0121041 0.0748902 0.303105 1
0.0156303 0.0743405 0.303778 1
-0.00100913 0.0783711 0.303091 1
0.00192267 0.0785535 0.303333 1
0.00493497 0.0779653 0.303429 1
0.00720714 0.0777339 0.304 1
0.0236854 -0.063443 0.308 1
0.0246885 -0.063443 0.308 1
0.0476896 -0.0639771 0.307133 1
0.0507575 -0.0644886 0.3066 1
0.054263 -0.0644878 0.306412 1
0.0578097 -0.0644322 0.306333 1
0.0614089 -0.0644695 0.306286 1
0.0637511 -0.0648869 0.306125 1
0.015984 -0.0603925 0.3078 1
0.0194379 -0.0608739 0.307222 1
0.0227992 -0.0608311 0.306208 1
0.0260326 -0.061578 0.306421 1
0.0299285 -0.061656 0.3065 1
0.0332483 -0.0611914 0.30676 1
0.0366687 -0.0613439 0.306833 1
0.0403034 -0.0614498 0.306091 1
0.0436209 -0.0618805 0.306333 1
0.0467652 -0.0620889 0.305571 1
0.0509361 -0.062825 0.305 1
0.0542471 -0.062825 0.305 1
0.0575581 -0.062825 0.305 1
0.0618624 -0.062825 0.305 1
-0.029143 -0.0564166 0.308 1
-0.0259108 -0.0566397 0.308 1
-0.0233475 -0.0568627 0.308 1
-0.0151 -0.0564166 0.308 1
-0.0120908 -0.0564166 0.308 1
-0.00895187 -0.0565168 0.307333 1
-0.00539776 -0.057359 0.307667 1
-0.00172176 -0.057235 0.307 1
0.00201587 -0.0580589 0.306895 1
0.00527863 -0.0582366 0.307 1
0.00861135 -0.0582366 0.307 1
0.0122559 -0.0581414 0.3065 1
0.0158801 -0.0586712 0.3058 1
0.0184883 -0.0585178 0.305 1
-0.0391736 -0.0527361 0.308 1
-0.037279 -0.0531822 0.308 1
-0.0341583 -0.0527361 0.308 1
-0.0293169 -0.0539372 0.307909 1
-0.0260828 -0.0543039 0.3074 1
-0.0227532 -0.0543218 0.3075 1
-0.0193782 -0.0542163 0.3069 1
-0.0159431 -0.0542254 0.3062 1
-0.0120122 -0.0547206 0.306 1
-0.00859609 -0.0550065 0.306 1
-0.00556822 -0.0550641 0.305769 1
-0.00171628 -0.0557179 0.306 1
0.000608836 -0.0555358 0.305 1
-0.0397106 -0.0505082 0.307556 1
-0.0367854 -0.050664 0.3076 1
-0.0335112 -0.050514 0.307391 1
-0.0301097 -0.050866 0.3066 1
-0.025897 -0.0519252 0.3052 1
-0.0225991 -0.0519592 0.3054 1
-0.0199194 -0.0518911 0.305 1
-0.0394916 -0.0477758 0.3058 1
-0.0370314 -0.0474968 0.3055 1
-0.0331634 -0.0479152 0.305 1
0.0896749 0.0415436 0.305 1
0.0933674 0.0402288 0.305786 1
0.0962172 0.039628 0.305905 1
0.0830414 0.0448202 0.3052 1
0.0857721 0.0442774 0.305684 1
0.0891767 0.0437753 0.3067 1
0.0923749 0.0430857 0.307214 1
0.0949036 0.0422868 0.308 1
0.0794983 0.0482228 0.305333 1
0.0824002 0.0474238 0.306381 1
0.0856432 0.0467394 0.307273 1
0.0892195 0.0459672 0.308 1
0.0688155 0.052146 0.305 1
0.0719434 0.0511746 0.305625 1
0.0751703 0.0507482 0.306364 1
0.0783512 0.0503503 0.306611 1
0.0814418 0.0499282 0.307667 1
0.0615815 0.0553394 0.30525 1
0.0652235 0.054412 0.305625 1
0.0683044 0.054298 0.306333 1
0.0713651 0.0539941 0.307429 1
0.0751765 0.0529936 0.308 1
0.05497 0.0588369 0.305333 1
0.0578954 0.0583753 0.306 1
0.061269 0.0576922 0.307 1
0.0644052 0.0569513 0.307429 1
0.0674863 0.056674 0.308 1
0.0479214 0.0618618 0.3052 1
0.0508625 0.0610797 0.305667 1
0.0543054 0.0612002 0.3072 1
0.0580874 0.0606497 0.3078 1
0.0611335 0.0596853 0.308 1
0.0380232 0.0663932 0.305 1
0.0410031 0.0653992 0.305 1
0.0441123 0.0652804 0.306214 1
0.0471533 0.0647175 0.3071 1
0.0505743 0.0638332 0.307833 1
0.0527746 0.0633658 0.308 1
0.0300163 0.069268 0.3055 1
0.0330417 0.0686056 0.305625 1
0.0367387 0.0685559 0.306471 1
0.0402242 0.0679626 0.307238 1
0.0437123 0.0673261 0.30775 1
0.0204749 0.0730198 0.305 1
0.0229201 0.0726312 0.305222 1
0.0263181 0.0718916 0.306091 1
0.0296965 0.0716458 0.307429 1
0.0330706 0.070903 0.3076 1
0.036679 0.0703007 0.3076 1
0.0387316 0.0703921 0.308 1
0.0126536 0.0766374 0.305333 1
0.0160179 0.0761836 0.306091 1
0.0193174 0.0752485 0.306313 1
0.0223449 0.0749559 0.306813 1
0.0254554 0.0743669 0.307833 1
-0.000715567 0.080309 0.305 1
0.00193324 0.080309 0.305 1
0.00590644 0.079315 0.305 1
0.00872231 0.0788993 0.305667 1
0.012155 0.0788847 0.306955 1
0.0156026 0.0781629 0.307455 1
0.0190045 0.0774184 0.308 1
-0.000719672 0.0824384 0.30675 1
0.00194433 0.0824384 0.30675 1
0.00504395 0.0819113 0.3069 1
0.00863465 0.0813806 0.3078 1
-0.000722605 0.0844448 0.308 1
0.00195225 0.0844448 0.308 1
0.00429275 0.0844448 0.308 1
0.0478868 -0.0671015 0.311 1
0.050622 -0.0669359 0.310091 1
0.0542974 -0.0680273 0.310412 1
0.0576909 -0.0677655 0.310167 1
0.0613686 -0.067716 0.3102 1
0.0630092 -0.0673414 0.309 1
-0.00849477 -0.063723 0.311 1
-0.00579385 -0.063723 0.311 1
0.0164887 -0.0637231 0.311 1
0.0192801 -0.0636749 0.310385 1
0.0225965 -0.0643287 0.31025 1
0.0265621 -0.064468 0.31 1
0.0296995 -0.0647103 0.309545 1
0.0332627 -0.0648665 0.31 1
0.0368117 -0.0649853 0.310273 1
0.0400434 -0.0646467 0.30975 1
0.0439469 -0.0646985 0.31 1
0.0464601 -0.0651856 0.3096 1
0.052275 -0.0663343 0.309 1
0.0542877 -0.0663343 0.309 1
0.0576421 -0.0663343 0.309 1
0.0612202 -0.0663343 0.309 1
0.0630092 -0.0663343 0.309 1
-0.0221933 -0.0596208 0.309 1
-0.0187762 -0.0599457 0.309375 1
-0.015547 -0.0605396 0.310267 1
-0.0122688 -0.0611467 0.310905 1
-0.00882398 -0.0612958 0.31068 1
-0.00544062 -0.0611861 0.31012 1
-0.00190871 -0.0607549 0.3105 1
0.00184274 -0.0607503 0.310091 1
0.00533021 -0.060824 0.31 1
0.0086955 -0.060824 0.31 1
0.0120636 -0.0615189 0.3101 1
0.0154926 -0.0618647 0.309429 1
0.0180598 -0.0619705 0.309 1
0.0220852 -0.0629776 0.309 1
-0.0220713 -0.057973 0.309 1
-0.0194345 -0.0576658 0.309038 1
-0.0160164 -0.0580076 0.309429 1
-0.012172 -0.0584799 0.310067 1
-0.00878722 -0.0583544 0.3094 1
-0.00542115 -0.0589495 0.309 1
-0.00173387 -0.0590131 0.309333 1
0.00061682 -0.0589495 0.309 1
-0.0362819 -0.0539144 0.309 1
-0.0330672 -0.0543899 0.309 1
-0.0309148 -0.0545858 0.309 1
-0.0325921 -0.052236 0.309 1
0.0968889 0.0417527 0.309 1
0.093199 0.0447737 0.309 1
0.0963358 0.0439544 0.309917 1
0.0983705 0.0443176 0.3105 1
0.086243 0.0482009 0.309143 1
0.0893052 0.0478692 0.309786 1
0.0925253 0.0469071 0.310176 1
0.0954904 0.0464149 0.311 1
0.0788868 0.0521586 0.309 1
0.0826664 0.0510952 0.309333 1
0.0856851 0.0501728 0.310133 1
0.0893422 0.0494159 0.31075 1
0.0911014 0.0494556 0.311 1
0.0725312 0.0551093 0.309143 1
0.0750989 0.0545276 0.309692 1
0.078873 0.0539935 0.310375 1
0.0818551 0.0530864 0.3105 1
0.0651402 0.0587107 0.309273 1
0.0685013 0.058062 0.309375 1
0.0716908 0.0574934 0.310615 1
0.0748163 0.0561523 0.310667 1
0.0576803 0.0622691 0.3092 1
0.0612623 0.0617656 0.309941 1
0.0645235 0.0607551 0.310286 1
0.0679591 0.0599769 0.310667 1
0.0485852 0.0659212 0.309 1
0.0513341 0.065487 0.3098 1
0.0544476 0.0647087 0.3101 1
0.0578668 0.0638184 0.3102 1
0.0600409 0.0636451 0.311 1
0.0398636 0.0699493 0.309 1
0.0434991 0.0690537 0.309667 1
0.0471345 0.067788 0.309857 1
0.050523 0.0670725 0.3106 1
0.0304712 0.0729704 0.309 1
0.0337559 0.072373 0.3096 1
0.0367755 0.0721816 0.310154 1
0.040233 0.070946 0.31 1
0.0431602 0.0704021 0.311 1
0.0237623 0.0763271 0.309 1
0.026426 0.0758404 0.30975 1
0.029143 0.0749718 0.310333 1
0.0320189 0.0741184 0.311 1
0.0133636 0.0800195 0.309 1
0.0162697 0.0797203 0.3094 1
0.0196689 0.0789592 0.309667 1
0.0225954 0.0784908 0.31025 1
0.0257393 0.0779698 0.311 1
0.0283052 0.077159 0.311 1
0.00665479 0.0830406 0.309 1
0.00867997 0.0831481 0.3094 1
0.0121202 0.0825193 0.309857 1
0.0153992 0.0816431 0.310429 1
0.0191896 0.0808753 0.311 1
-5.42984e-05 0.0864338 0.310333 1
0.00196308 0.0862858 0.3098 1
0.00542637 0.0854274 0.31 1
0.00804042 0.0848384 0.310667 1
-5.44151e-05 0.0879701 0.311 1
0.00197127 0.0879701 0.311 1
0.0481607 -0.0707021 0.315 1
0.0507872 -0.0705525 0.314333 1
0.0543726 -0.0710469 0.314 1
0.0579847 -0.0716154 0.3145 1
0.0606686 -0.0708199 0.3125 1
-5.5115e-05 -0.0672802 0.315 1
0.0022246 -0.0672802 0.315 1
0.00557401 -0.0675171 0.315 1
0.00883575 -0.0676224 0.315 1
0.0112294 -0.066938 0.315 1
0.0190814 -0.0668955 0.3148 1
0.0229657 -0.0672742 0.314167 1
0.0265416 -0.068229 0.314111 1
0.0298645 -0.0682588 0.3132 1
0.0333298 -0.06839 0.3138 1
0.0367591 -0.0684332 0.314 1
0.0401678 -0.0684332 0.314 1
0.0437492 -0.0683513 0.313909 1
0.0470421 -0.0686086 0.31325 1
0.050782 -0.068717 0.3122 1
0.0543109 -0.0699132 0.313 1
0.0578927 -0.0695919 0.312429 1
0.0605726 -0.0693509 0.312 1
-0.00411899 -0.0646058 0.312 1
-0.001641 -0.0647319 0.313519 1
0.00192645 -0.0649889 0.314238 1
0.00539318 -0.0649585 0.3137 1
0.00881073 -0.0650422 0.3141 1
0.0122164 -0.0650221 0.314 1
0.0153451 -0.0650886 0.3135 1
0.0189858 -0.0655352 0.3132 1
0.0227336 -0.0659031 0.313333 1
0.0260253 -0.0659615 0.312 1
0.0416055 -0.0659615 0.312 1
0.0429603 -0.0659615 0.312 1
-0.0119091 -0.0625722 0.312 1
-0.00170071 -0.0625125 0.312429 1
0.00212836 -0.0625568 0.312111 1
0.0053646 -0.0625723 0.312 1
0.0087516 -0.0625723 0.312 1
0.093291 0.04853 0.312 1
0.0965154 0.0475765 0.312286 1
0.0987438 0.0473575 0.31275 1
0.0860677 0.0520427 0.312333 1
0.0889441 0.0512103 0.312571 1
0.09288 0.0508753 0.3137 1
0.096352 0.0500228 0.314231 1
0.0990073 0.0500394 0.314667 1
0.0764915 0.0557154 0.312 1
0.0786257 0.0557868 0.3124 1
0.0826195 0.0546887 0.312818 1
0.0859634 0.0543008 0.314267 1
0.0893876 0.0534359 0.314909 1
0.0728077 0.0587791 0.312667 1
0.0751671 0.0579025 0.313067 1
0.078392 0.0578145 0.314188 1
0.0820405 0.056876 0.314667 1
0.085092 0.0562511 0.315 1
0.0646896 0.0625441 0.31225 1
0.0683801 0.0618506 0.313176 1
0.0715414 0.061358 0.313889 1
0.0743602 0.0604278 0.314857 1
0.0580026 0.0657028 0.31275 1
0.0612315 0.0650566 0.313143 1
0.0644484 0.0643381 0.314143 1
0.0676522 0.0641215 0.315 1
0.0720977 0.063095 0.315 1
0.0453312 0.0699506 0.312 1
0.0480407 0.0692727 0.312 1
0.0509881 0.0688327 0.312857 1
0.0543693 0.0682834 0.313524 1
0.0579436 0.0677287 0.314267 1
0.061319 0.066902 0.314667 1
0.040339 0.0725757 0.312077 1
0.0440536 0.0720834 0.313118 1
0.0471994 0.0714843 0.313824 1
0.0502164 0.0712921 0.314714 1
0.0526062 0.0709654 0.315 1
0.0304531 0.0762823 0.31225 1
0.0334584 0.0753557 0.312625 1
0.0366548 0.0753006 0.3131 1
0.0400302 0.0752985 0.314177 1
0.0431982 0.0743969 0.314556 1
0.045767 0.0740451 0.315 1
0.0239931 0.0797796 0.312 1
0.0266128 0.0794186 0.3128 1
0.0298682 0.0787792 0.313647 1
0.0332579 0.0783078 0.314556 1
0.0361922 0.0778092 0.315 1
0.0159349 0.0833321 0.312429 1
0.019145 0.0824627 0.312385 1
0.0227771 0.082313 0.3139 1
0.0260825 0.0819532 0.314545 1
0.0293228 0.0808033 0.314667 1
0.0067194 0.0865583 0.312 1
0.00905856 0.0863295 0.312571 1
0.0120713 0.0860901 0.313167 1
0.0154965 0.0855217 0.313824 1
0.0189382 0.0847862 0.314455 1
0.0214882 0.084653 0.315 1
-5.494e-05 0.089843 0.314 1
0.00199029 0.0898431 0.314 1
0.00526656 0.0887642 0.313235 1
0.00869298 0.0886478 0.314273 1
0.0119133 0.0884172 0.315 1
0.014649 0.0877328 0.315 1
-5.5115e-05 0.0911547 0.315 1
0.00199662 0.0911547 0.315 1
0.00439032 0.0911547 0.315 1
0.0285071 -0.073906 0.317 1
0.0509383 -0.0736544 0.3174 1
0.0548531 -0.0741253 0.317444 1
0.0575949 -0.07483 0.318 1
0.0137096 -0.0701179 0.317 1
0.0160331 -0.0709598 0.317923 1
0.0192637 -0.0709858 0.3178 1
0.0226344 -0.0716664 0.3175 1
0.0260649 -0.0717499 0.3166 1
0.0295501 -0.0718635 0.3171 1
0.032768 -0.0714187 0.317167 1
0.0369307 -0.0713805 0.317143 1
0.0402703 -0.0719541 0.3175 1
0.0439928 -0.071151 0.317 1
0.0469912 -0.0720962 0.317111 1
0.0507943 -0.0724142 0.3165 1
0.0539951 -0.0725292 0.316625 1
0.0572327 -0.0729862 0.316 1
0.00165992 -0.0674938 0.316 1
0.0125682 -0.0684072 0.316167 1
0.0157721 -0.0683867 0.31695 1
0.0192105 -0.0687264 0.316933 1
0.0223392 -0.0689545 0.3164 1
0.0253298 -0.0695534 0.316 1
0.0963395 0.051967 0.316 1
0.0990839 0.051967 0.316 1
0.0867343 0.0557431 0.316 1
0.0895797 0.0552304 0.3166 1
0.092786 0.0541561 0.31675 1
0.0959816 0.0540002 0.317571 1
0.099711 0.0536777 0.318 1
0.0802165 0.0588327 0.316 1
0.0824822 0.0587069 0.3168 1
0.0856319 0.0576424 0.317 1
0.0885919 0.0570132 0.317333 1
0.0914258 0.0564414 0.318 1
0.0733557 0.0626087 0.316 1
0.0756458 0.0614545 0.316308 1
0.078608 0.0609878 0.316889 1
0.0817599 0.0605868 0.318 1
0.0845215 0.0595504 0.318 1
0.0654657 0.0656982 0.316 1
0.0685418 0.0654841 0.316857 1
0.071583 0.0650263 0.317067 1
0.0750564 0.0641562 0.317385 1
0.0779625 0.0633504 0.318 1
0.0576864 0.0696062 0.3166 1
0.0612448 0.0689238 0.316909 1
0.0644801 0.0675846 0.317333 1
0.0514559 0.0726403 0.316333 1
0.0542183 0.0720075 0.317 1
0.0576301 0.0711231 0.317462 1
0.0606389 0.0705309 0.317667 1
0.0414528 0.0763398 0.316 1
0.0442122 0.0758662 0.3166 1
0.0473844 0.0750789 0.3169 1
0.0506121 0.0742878 0.3175 1
0.0308185 0.0804592 0.316 1
0.0332884 0.0800473 0.316 1
0.0373216 0.0791088 0.316286 1
0.0402509 0.0786921 0.317 1
0.0431099 0.0780382 0.3176 1
0.0458577 0.0775139 0.318 1
0.0261588 0.083522 0.316333 1
0.0295913 0.0825972 0.316625 1
0.0330314 0.0820443 0.317111 1
0.0364923 0.0812116 0.3176 1
0.0386082 0.0813138 0.318 1
0.0160677 0.0873247 0.316 1
0.0194981 0.0862949 0.316 1
0.0229064 0.0860184 0.316875 1
0.0260847 0.0853555 0.317429 1
0.0295967 0.0843167 0.3176 1
0.031704 0.0844229 0.318 1
0.00611946 0.0907575 0.316 1
0.00886381 0.0902083 0.316 1
0.0126938 0.0896906 0.316636 1
0.0158978 0.0889111 0.317167 1
0.0191189 0.0881658 0.317455 1
0.0216928 0.0882229 0.318 1
0.0023559 0.0932095 0.317333 1
0.00545143 0.0927183 0.317067 1
0.00871709 0.0920608 0.317333 1
0.0113364 0.0916774 0.318 1
0.00236085 0.0947864 0.318 1
0.00443213 0.0947864 0.318 1
0.0381563 -0.0773863 0.32 1
0.0399797 -0.0773062 0.320286 1
0.0429389 -0.0775202 0.322 1
0.0488814 -0.0775202 0.322 1
0.0502796 -0.0775202 0.322 1
0.0554183 -0.0778918 0.3218 1
0.0568128 -0.0776992 0.321 1
0.0304185 -0.0743722 0.319 1
0.0334601 -0.0752502 0.320111 1
0.0367316 -0.0752307 0.3197 1
0.0402035 -0.0752307 0.3197 1
0.0435734 -0.075333 0.320875 1
0.0475742 -0.0751719 0.320929 1
0.050605 -0.0757369 0.321214 1
0.0537348 -0.0757701 0.319533 1
0.0569736 -0.076423 0.320333 1
0.0335351 -0.0729861 0.319 1
0.0363055 -0.0729861 0.319 1
0.0435778 -0.0729861 0.319 1
0.0970098 0.0552904 0.319333 1
0.0992959 0.0554059 0.32 1
0.0866099 0.0591063 0.319333 1
0.0895211 0.0584287 0.319417 1
0.0928611 0.0578715 0.319941 1
0.0960219 0.0575729 0.321 1
0.0802855 0.0621634 0.319 1
0.0826512 0.0618313 0.319667 1
0.0858254 0.0614748 0.320632 1
0.0891957 0.0610882 0.321313 1
0.0923033 0.0604191 0.321571 1
0.0730132 0.0659754 0.319 1
0.0757473 0.0656978 0.319333 1
0.0787396 0.0651827 0.320077 1
0.0821139 0.0646363 0.321333 1
0.0857595 0.0636226 0.322 1
0.0883811 0.0630979 0.322 1
0.065117 0.0691664 0.319333 1
0.0681387 0.0686466 0.319778 1
0.0716718 0.0683596 0.320421 1
0.0751675 0.0678824 0.3208 1
0.0786821 0.0673308 0.3215 1
0.055352 0.0729061 0.319 1
0.0575031 0.0729975 0.3194 1
0.0610666 0.0720407 0.319667 1
0.0646053 0.0715431 0.321 1
0.0684148 0.071099 0.3218 1
0.0726512 0.0700938 0.322 1
0.0740494 0.0700938 0.322 1
0.0509309 0.0761441 0.3195 1
0.0541115 0.0753952 0.31985 1
0.0576041 0.0749016 0.320611 1
0.0611891 0.0744409 0.321545 1
0.0415 0.0798369 0.319 1
0.0441318 0.0795417 0.319667 1
0.0474868 0.0785857 0.32025 1
0.0505591 0.0784211 0.321 1
0.0543189 0.0780225 0.322 1
0.0572707 0.0770897 0.322 1
0.0328426 0.0839953 0.319 1
0.0366757 0.0830077 0.3192 1
0.0403456 0.0823872 0.320467 1
0.0434714 0.0816066 0.321 1
0.0464346 0.0809375 0.322 1
0.0264068 0.0870893 0.319333 1
0.0297204 0.0862956 0.32 1
0.0335497 0.08562 0.320375 1
0.0366 0.0853082 0.321143 1
0.0399095 0.0847852 0.322 1
0.0159004 0.090721 0.3195 1
0.0195519 0.0902078 0.32 1
0.0230419 0.0895346 0.3198 1
0.0262297 0.0889551 0.320538 1
0.029872 0.0882335 0.3215 1
0.0321027 0.0879334 0.322 1
0.00617756 0.0943914 0.319 1
0.00950201 0.0935598 0.319 1
0.0127071 0.093087 0.319875 1
0.0159641 0.0924159 0.3208 1
0.0194948 0.0923667 0.3216 1
0.0227065 0.0920169 0.3216 1
0.0251116 0.0914314 0.322 1
0.00237235 0.096623 0.3195 1
0.00550301 0.0963771 0.320067 1
0.00906264 0.095928 0.320474 1
0.0122889 0.0958126 0.321833 1
0.0149745 0.0945795 0.322 1
0.0023872 0.0993232 0.3215 1
0.00579523 0.0984381 0.32175 1
0.00833299 0.0984273 0.322 1
0.0509437 -0.0808174 0.324 1
0.0444219 -0.078436 0.32325 1
0.047002 -0.0782338 0.3235 1
0.0508431 -0.0790073 0.324 1
0.0533128 -0.0788276 0.3245 1
0.0448255 -0.0763574 0.323 1
0.0462281 -0.0763574 0.323 1
0.0974217 0.0587324 0.323 1
0.0997566 0.058167 0.32375 1
0.101553 0.059096 0.325 1
0.0900582 0.0625921 0.323 1
0.0931057 0.062158 0.323727 1
0.0957301 0.0607928 0.324 1
0.0983777 0.0605083 0.325 1
0.0858629 0.0653 0.323375 1
0.0892778 0.0650175 0.323636 1
0.0923316 0.0639591 0.324 1
0.0756819 0.0696097 0.323 1
0.0788926 0.0689994 0.323429 1
0.0824608 0.0681917 0.324222 1
0.0859247 0.0674862 0.3246 1
0.0888518 0.0675694 0.325 1
0.0680108 0.0728127 0.3232 1
0.0717966 0.0720888 0.324 1
0.0754292 0.0713931 0.324231 1
0.0788307 0.0706815 0.3247 1
0.0810899 0.0703938 0.325 1
0.0588512 0.0766274 0.323 1
0.0613764 0.07619 0.323375 1
0.0647515 0.0751069 0.323667 1
0.068027 0.0749683 0.324714 1
0.0716816 0.0739243 0.325 1
0.0518383 0.0797853 0.323 1
0.0540766 0.0799829 0.3238 1
0.0576149 0.0788205 0.323933 1
0.0609198 0.0779928 0.3243 1
0.0641549 0.0774549 0.325 1
0.0438822 0.0834553 0.323429 1
0.0472038 0.0824419 0.3236 1
0.0503134 0.0818796 0.324143 1
0.0535706 0.0816915 0.325 1
0.0574515 0.0806324 0.325 1
0.0374913 0.0868704 0.32325 1
0.0402089 0.0864163 0.323818 1
0.0433625 0.0852989 0.324154 1
0.0466272 0.0845343 0.3248 1
0.0276441 0.0903118 0.323 1
0.0298401 0.0902399 0.324 1
0.0331676 0.0891578 0.324 1
0.0358566 0.0885713 0.324333 1
0.0167742 0.0941715 0.323 1
0.0192742 0.0943901 0.32375 1
0.0227138 0.0936949 0.323429 1
0.0260716 0.092805 0.324 1
0.0292931 0.0919474 0.32475 1
0.032049 0.091224 0.325 1
0.0125803 0.0974299 0.323333 1
0.0156372 0.0962423 0.323667 1
0.0188528 0.0960444 0.324583 1
0.0227968 0.0951331 0.324571 1
0.00555374 0.100136 0.323 1
0.00919609 0.0998753 0.323667 1
0.0118154 0.0997641 0.324833 1
0.0145848 0.0988147 0.325 1
0.00310885 0.101854 0.324 1
0.00557524 0.101917 0.3242 1
0.00841062 0.102169 0.325 1
0.0523198 -0.0809622 0.326 1
0.0544432 -0.0809622 0.326 1
0.0555049 -0.0795457 0.326 1
0.0972648 0.062111 0.326 1
0.100237 0.061747 0.327286 1
0.102149 0.0619549 0.327667 1
0.0933942 0.0654853 0.326429 1
0.0965725 0.0644838 0.32725 1
0.0998245 0.0643202 0.3286 1
0.102446 0.0641122 0.329 1
0.0859401 0.0691939 0.326 1
0.089343 0.0690803 0.3268 1
0.0924938 0.0683048 0.327733 1
0.0953026 0.0669714 0.329 1
0.0754398 0.0732015 0.3265 1
0.0793787 0.0721743 0.326667 1
0.0824003 0.0716402 0.327 1
0.0854311 0.0717854 0.328125 1
0.0884277 0.071188 0.328667 1
0.068953 0.0762766 0.326 1
0.0716719 0.0757032 0.326833 1
0.0750074 0.0751029 0.327714 1
0.0786729 0.0741699 0.328167 1
0.0817308 0.0741194 0.329 1
0.0593978 0.0801722 0.326 1
0.0618329 0.0794368 0.32625 1
0.0653115 0.0787994 0.326667 1
0.0683806 0.0786453 0.327857 1
0.0714189 0.0779724 0.328667 1
0.0738733 0.077336 0.329 1
0.0516655 0.0834447 0.326333 1
0.0546282 0.082998 0.326727 1
0.0578305 0.0825365 0.327143 1
0.0612985 0.0818931 0.328308 1
0.0646095 0.0809058 0.3285 1
0.0670874 0.08091 0.329 1
0.0440032 0.0867238 0.326 1
0.0476402 0.0860073 0.327083 1
0.0506399 0.0858624 0.328214 1
0.0544141 0.0849933 0.328667 1
0.0563728 0.0848414 0.329 1
0.0335632 0.0907965 0.326 1
0.0372977 0.0897995 0.326667 1
0.0404666 0.0895671 0.327812 1
0.043605 0.0890102 0.328333 1
0.0465475 0.0884156 0.328556 1
0.0492297 0.088058 0.329 1
0.027547 0.0939838 0.326 1
0.0300092 0.0934478 0.3266 1
0.0334976 0.0930027 0.327667 1
0.0364092 0.0922556 0.32825 1
0.0165761 0.0978793 0.326 1
0.0192304 0.0973481 0.326 1
0.0226214 0.0969356 0.3264 1
0.0261555 0.0964102 0.327211 1
0.0298953 0.095909 0.328467 1
0.0331578 0.095206 0.329 1
0.0125499 0.101057 0.3262 1
0.0157655 0.0999445 0.326692 1
0.019112 0.0995188 0.32775 1
0.02276 0.0989566 0.3284 1
0.0258004 0.098923 0.329 1
0.0285148 0.0980652 0.329 1
0.00313284 0.10406 0.3265 1
0.00525948 0.10406 0.3265 1
0.00859362 0.103958 0.327091 1
0.0120458 0.103285 0.327867 1
0.0154786 0.102643 0.328692 1
0.00293145 0.106398 0.3278 1
0.00488846 0.106671 0.328176 1
0.0082185 0.106157 0.3286 1
0.0106571 0.105213 0.329 1
0.00279967 0.108787 0.329 1
0.00422829 0.108787 0.329 1
0.100249 0.065741 0.33 1
0.102399 0.065741 0.33 1
0.0930846 0.0696843 0.33 1
0.0968402 0.0683388 0.331 1
0.0996052 0.0675249 0.330833 1
0.10253 0.0671987 0.331 1
0.0873528 0.0725522 0.33 1
0.0898622 0.0721657 0.330571 1
0.0927677 0.0713237 0.331429 1
0.0950904 0.0701067 0.332 1
0.0755309 0.0768541 0.33 1
0.0790633 0.075826 0.330429 1
0.0827201 0.075071 0.330714 1
0.0852255 0.0749038 0.3312 1
0.0882426 0.074074 0.332 1
0.0683661 0.0804389 0.33 1
0.0725809 0.0794851 0.33125 1
0.0751972 0.0787866 0.331545 1
0.0781353 0.0776655 0.331714 1
0.0616224 0.083391 0.330333 1
0.0649369 0.0829818 0.331083 1
0.0683083 0.0821031 0.331167 1
0.0712324 0.0812055 0.331667 1
0.054495 0.0866906 0.3306 1
0.0579475 0.0861809 0.331 1
0.0609436 0.0855673 0.331235 1
0.0643767 0.0848058 0.331857 1
0.0440058 0.0904766 0.33 1
0.0475704 0.0898062 0.3305 1
0.0508637 0.0888514 0.331 1
0.054364 0.0885003 0.332 1
0.0375574 0.0937029 0.33 1
0.0399171 0.0929386 0.330625 1
0.0439206 0.0923213 0.331286 1
0.0473494 0.0914137 0.331667 1
0.0300655 0.0977449 0.330333 1
0.0331159 0.0968533 0.330556 1
0.0363528 0.0960377 0.33125 1
0.0406684 0.0946315 0.332 1
0.0207202 0.100873 0.33 1
0.0226191 0.100859 0.33025 1
0.0268034 0.100112 0.3308 1
0.0296692 0.0997971 0.331462 1
0.03296 0.0988667 0.331909 1
0.0135554 0.104816 0.33 1
0.0163187 0.104208 0.3308 1
0.0192447 0.102925 0.331 1
0.0227198 0.102579 0.33175 1
0.0262134 0.101691 0.3315 1
0.0284144 0.101845 0.332 1
0.00603234 0.108401 0.33 1
0.0088087 0.107594 0.33 1
0.0122461 0.107074 0.331263 1
0.0152478 0.106274 0.33175 1
0.00555773 0.11025 0.330167 1
0.00856364 0.110063 0.3309 1
0.0115841 0.109788 0.331667 1
0.00605061 0.112325 0.331 1
0.00748793 0.112325 0.331 1
0.100226 0.069337 0.3335 1
0.102245 0.0688708 0.333 1
0.0934878 0.0727064 0.334 1
0.0965189 0.0713707 0.3342 1
0.0997 0.0714392 0.335385 1
0.102496 0.0703762 0.335 1
0.082363 0.0768293 0.333 1
0.0865563 0.0759611 0.333 1
0.0897411 0.0754891 0.334 1
0.0925412 0.0750852 0.335167 1
0.0762175 0.0800849 0.333 1
0.0792041 0.0793255 0.334091 1
0.082233 0.0788141 0.334313 1
0.0858906 0.0784509 0.334647 1
0.0888756 0.077993 0.3352 1
0.0911295 0.0778864 0.336 1
0.0719041 0.0829039 0.333667 1
0.0749276 0.0823243 0.3345 1
0.0781888 0.081537 0.33525 1
0.081646 0.0811715 0.336 1
0.0621192 0.0869581 0.333 1
0.0649843 0.086463 0.3336 1
0.0682811 0.0857002 0.334474 1
0.0716919 0.0850598 0.3355 1
0.0744725 0.0848215 0.336 1
0.0519973 0.0902139 0.333 1
0.0542326 0.0903222 0.3334 1
0.0576415 0.0893995 0.3335 1
0.0613306 0.0892045 0.334125 1
0.0643324 0.0890312 0.334571 1
0.0668563 0.0882083 0.335 1
0.0418753 0.094193 0.333 1
0.043782 0.0944052 0.33375 1
0.0470923 0.0935826 0.333636 1
0.0507352 0.0927185 0.3342 1
0.0542592 0.0928277 0.33525 1
0.058048 0.0922132 0.3358 1
0.0607391 0.0918652 0.335545 1
0.0637731 0.0913916 0.336 1
0.0378989 0.0974488 0.333 1
0.0403005 0.0964755 0.333769 1
0.0435279 0.0964253 0.334938 1
0.047405 0.0961625 0.335412 1
0.0499124 0.0954066 0.336 1
0.0303075 0.101428 0.333 1
0.0333716 0.100497 0.333111 1
0.0368924 0.0998293 0.3337 1
0.0401425 0.0996182 0.335125 1
0.0426174 0.0986917 0.336 1
0.0209085 0.104322 0.333 1
0.0231122 0.104117 0.3335 1
0.0259955 0.103703 0.333333 1
0.0297695 0.103582 0.333722 1
0.0331545 0.103039 0.334 1
0.0366195 0.102577 0.334818 1
0.0162176 0.10727 0.333167 1
0.0193132 0.106656 0.333818 1
0.0226432 0.106814 0.334889 1
0.0258303 0.106072 0.334333 1
0.0285855 0.105724 0.334 1
0.0136786 0.109748 0.333 1
0.0155686 0.109379 0.3332 1
0.0191584 0.108989 0.334 1
0.0961567 0.073359 0.337 1
0.102742 0.0722608 0.337 1
0.0940836 0.0755556 0.337 1
0.0964714 0.0752675 0.338286 1
0.0995481 0.0742259 0.338167 1
0.103352 0.0741627 0.339 1
0.0900271 0.0796613 0.337333 1
0.0929061 0.0788695 0.338364 1
0.0952553 0.077477 0.339 1
0.0767672 0.0836096 0.337 1
0.0790789 0.0831845 0.3375 1
0.0823354 0.0824713 0.337833 1
0.0855256 0.0818338 0.337555 1
0.0887433 0.0820218 0.338429 1
0.0915752 0.081528 0.339 1
0.0720113 0.0869044 0.337 1
0.0758252 0.0858791 0.337545 1
0.0784276 0.0854676 0.338556 1
0.0820069 0.084474 0.339 1
0.0654262 0.0909314 0.337 1
0.0683894 0.0894501 0.337625 1
0.0716238 0.0895314 0.338625 1
0.0749177 0.0891927 0.338864 1
0.0772228 0.0885249 0.339 1
0.0555486 0.0938601 0.337 1
0.0577436 0.0938601 0.337 1
0.0618898 0.093372 0.337 1
0.0647991 0.0929188 0.337 1
0.0682706 0.0924124 0.3384 1
0.0705986 0.0925758 0.339 1
0.0510366 0.0966669 0.337 1
0.054247 0.0964999 0.337571 1
0.0576381 0.09592 0.337737 1
0.0611011 0.0953463 0.337546 1
0.0646945 0.0945923 0.337 1
0.0412809 0.101182 0.337 1
0.0440015 0.0998938 0.3371 1
0.0473997 0.0994021 0.337444 1
0.050517 0.0990886 0.3376 1
0.0531449 0.0989119 0.338 1
0.0412809 0.101914 0.337 1
0.0427442 0.101914 0.337 1
0.0970127 0.0769669 0.34 1
0.100434 0.0759332 0.340333 1
0.103221 0.0760819 0.341 1
0.105072 0.0760819 0.341 1
0.0940599 0.0799217 0.34 1
0.0965831 0.0791389 0.340714 1
0.099812 0.0785353 0.342 1
0.103335 0.0779276 0.3426 1
0.105688 0.0780186 0.343 1
0.090369 0.0832459 0.34 1
0.0931626 0.0825526 0.340769 1
0.0962674 0.082235 0.341938 1
0.0990534 0.0820496 0.343 1
0.0796652 0.0867547 0.34 1
0.0821012 0.0864223 0.34 1
0.0856965 0.0855887 0.3405 1
0.0890564 0.0856199 0.340625 1
0.0925191 0.0852488 0.341538 1
0.0959039 0.0848003 0.3421 1
0.098241 0.084353 0.343 1
0.0767124 0.0902635 0.34 1
0.0791541 0.0888997 0.34 1
0.0826576 0.0879731 0.340667 1
0.0858224 0.0879359 0.341 1
0.0880435 0.0879359 0.341 1
0.0722833 0.0921103 0.34 1
0.0747439 0.0917409 0.34 1
0.0774506 0.0910022 0.34 1
0.103382 0.0797409 0.344 1
0.105623 0.0797409 0.344 1
0.100395 0.0826058 0.344 1
0.103129 0.0820792 0.3444 1
0.105623 0.0812356 0.344 1
0.0996476 0.0845989 0.344 1
