-0.0105071 0.00664581 0.241 1
-0.00848451 0.00649227 0.240857 1
-0.0052637 0.00610841 0.2405 1
-0.0014204 0.00581545 0.239882 1
0.00178249 0.005574 0.240056 1
0.00518108 0.00558649 0.240524 1
0.00754492 0.0061222 0.241 1
-0.0119251 0.00924908 0.24025 1
-0.00884292 0.00896139 0.239348 1
-0.00522732 0.0086608 0.23881 1
-0.00159838 0.00867952 0.239286 1
0.00170866 0.00865722 0.240353 1
0.00488439 0.00835484 0.240643 1
-0.0118075 0.0120909 0.239083 1
-0.00884116 0.0122827 0.239419 1
-0.00525892 0.0121102 0.240306 1
-0.0017459 0.011906 0.240714 1
0.00048108 0.0113583 0.241 1
-0.0110841 0.0148124 0.24075 1
-0.00876008 0.0147155 0.240684 1
-0.00558243 0.0147001 0.241 1
-0.00292003 0.0142381 0.241 1
0.0204365 -0.00388986 0.245 1
0.022816 -0.00388759 0.244857 1
0.0264822 -0.00423414 0.244333 1
0.0296846 -0.00441422 0.2445 1
0.0331584 -0.00441687 0.244667 1
0.0368377 -0.00477702 0.245 1
0.039966 -0.00525863 0.245 1
0.00979785 -0.000696067 0.245 1
0.012169 -0.00122715 0.244571 1
0.0159322 -0.0015053 0.243823 1
0.0192476 -0.00175235 0.24345 1
0.0227323 -0.00180241 0.2431 1
0.0263418 -0.00174684 0.243048 1
0.0298766 -0.00175171 0.243889 1
0.0330537 -0.00181821 0.244471 1
0.0359512 -0.00264783 0.245 1
-0.0114427 0.00285698 0.244727 1
-0.00866123 0.00262168 0.24425 1
-0.00534468 0.00222212 0.2442 1
-0.00147603 0.00194596 0.243756 1
0.00180935 0.00168601 0.243714 1
0.00524876 0.00168601 0.243714 1
0.00872746 0.001723 0.243628 1
0.0121048 0.001648 0.242625 1
0.0157226 0.00167853 0.242041 1
0.0193129 0.00161253 0.242217 1
0.0227626 0.00175603 0.242756 1
0.0260339 0.00152183 0.243892 1
0.0294147 0.000687759 0.2449 1
-0.014907 0.00541267 0.2445 1
-0.0122138 0.00540053 0.243467 1
-0.0088259 0.00478589 0.242536 1
-0.00530382 0.00431258 0.242333 1
-0.00204159 0.00420638 0.242267 1
0.00179662 0.00378159 0.242 1
0.00521184 0.00378159 0.242 1
0.00908021 0.00513054 0.242051 1
0.0122701 0.00544243 0.242954 1
0.0156984 0.00529358 0.243065 1
0.0191959 0.00510671 0.2442 1
0.0226693 0.0048326 0.244303 1
0.0252567 0.00414472 0.2448 1
-0.0144913 0.00772495 0.242 1
-0.0131087 0.00808756 0.242333 1
0.00311017 0.00982809 0.242 1
0.00581232 0.00952764 0.242 1
0.00866465 0.00881471 0.243 1
0.0119925 0.00853013 0.244312 1
0.015448 0.0081048 0.244684 1
0.0182708 0.00725039 0.245 1
-0.000792966 0.0135542 0.242143 1
0.00193994 0.0123045 0.2425 1
0.00519179 0.0122112 0.243617 1
0.00836301 0.011701 0.2445 1
-0.0110914 0.0164236 0.242333 1
-0.00872375 0.0164236 0.242333 1
-0.00509249 0.0162096 0.24228 1
-0.00155849 0.0157513 0.2431 1
0.00174247 0.0156414 0.244303 1
0.00433419 0.015125 0.244923 1
-0.0108578 0.0183453 0.243857 1
-0.00872183 0.0191311 0.2441 1
-0.0054977 0.0189398 0.244122 1
-0.00206156 0.0180748 0.244733 1
0.001021 0.0176682 0.245 1
0.0416861 -0.0106727 0.248 1
0.0438399 -0.0106727 0.248 1
0.0476221 -0.0111405 0.247824 1
0.0507946 -0.0112019 0.247778 1
0.0545265 -0.0117517 0.247667 1
0.0577234 -0.0122654 0.2475 1
0.0610009 -0.0124893 0.248 1
0.0634932 -0.0125585 0.248 1
0.0268563 -0.0074338 0.2478 1
0.0299635 -0.00793369 0.247625 1
0.0332954 -0.00796861 0.247667 1
0.0369218 -0.00805317 0.247095 1
0.0403045 -0.00860636 0.247056 1
0.0437389 -0.00867845 0.246615 1
0.0472776 -0.00881504 0.247026 1
0.0506637 -0.00875618 0.247139 1
0.0542311 -0.00880737 0.247683 1
0.0574655 -0.00924661 0.247864 1
0.0597241 -0.0101339 0.248 1
0.00937941 -0.00393749 0.248 1
0.0125362 -0.00437724 0.247417 1
0.015803 -0.00446704 0.247417 1
0.0192031 -0.00505718 0.247 1
0.0227024 -0.00552143 0.2465 1
0.026056 -0.00589192 0.24663 1
0.0298227 -0.00629248 0.2463 1
0.0332896 -0.00634924 0.246368 1
0.0363281 -0.00647745 0.246077 1
0.0405869 -0.00516556 0.246 1
0.04358 -0.00528404 0.246279 1
0.0472424 -0.00523458 0.247313 1
0.0505223 -0.00556663 0.247844 1
0.0537627 -0.00643914 0.248 1
-0.00785085 -0.000704591 0.248 1
-0.00515314 -0.000703644 0.247667 1
-0.00133098 -0.00102589 0.2473 1
0.00193555 -0.00136369 0.246923 1
0.00531953 -0.00177794 0.247 1
0.00865733 -0.00190813 0.246625 1
0.0122413 -0.00283679 0.246 1
0.0149118 -0.00283679 0.246 1
0.0346737 -0.000698909 0.246 1
0.0369391 -0.00144016 0.246308 1
0.0402746 -0.00171992 0.2471 1
0.0435547 -0.00242419 0.2476 1
0.0470706 -0.00285986 0.248 1
-0.0155647 0.00258143 0.247444 1
-0.0124001 0.00149349 0.247125 1
-0.00883506 0.000816429 0.246667 1
-0.00511702 0.000370034 0.246 1
-0.0024465 0.000370033 0.246 1
0.0274098 0.00298894 0.246 1
0.0299945 0.00237051 0.246538 1
0.0333161 0.0017858 0.246756 1
0.0364632 0.00129172 0.247517 1
0.0392631 0.000373042 0.248 1
-0.0152971 0.00385191 0.2465 1
-0.0136626 0.0038441 0.246 1
0.0205199 0.00651645 0.246 1
0.0226563 0.00651645 0.246 1
0.0264107 0.00538254 0.246667 1
0.0296094 0.00474675 0.24775 1
0.0329813 0.00405496 0.248 1
0.035494 0.00387535 0.248 1
0.0127754 0.00999054 0.246 1
0.0160024 0.00964774 0.246333 1
0.0193886 0.00891503 0.246809 1
0.0226312 0.00854941 0.246947 1
0.0255473 0.00787308 0.247556 1
0.00663325 0.0139991 0.246 1
0.00923889 0.0130218 0.246286 1
0.0122981 0.0121842 0.247095 1
0.0156583 0.0119965 0.247667 1
0.0191387 0.0112841 0.248 1
0.00262747 0.0172059 0.246 1
0.00573653 0.0162163 0.246621 1
0.00873685 0.0151954 0.247385 1
0.0109948 0.0143823 0.248 1
-0.0107251 0.02068 0.246 1
-0.010191 0.02068 0.246 1
-0.00458292 0.02068 0.246 1
-0.00141049 0.0196298 0.246593 1
0.00183439 0.019156 0.247 1
0.00468848 0.01843 0.2476 1
-0.0107469 0.0223297 0.2465 1
-0.00862292 0.0229133 0.247 1
-0.00537468 0.0227289 0.247059 1
-0.0022801 0.0218369 0.247789 1
0.0010335 0.0211175 0.248 1
0.0825725 -0.0212475 0.252 1
0.0842139 -0.0212475 0.252 1
0.0626023 -0.0179624 0.252 1
0.0647908 -0.0179624 0.252 1
0.0683472 -0.0179624 0.252 1
0.0722417 -0.0183552 0.25175 1
0.0754586 -0.0187846 0.251593 1
0.0787201 -0.0190675 0.251437 1
0.0821834 -0.0193585 0.251906 1
0.0842139 -0.0201525 0.252 1
0.0440711 -0.0143062 0.251889 1
0.0473501 -0.0147353 0.25119 1
0.050609 -0.0151018 0.251133 1
0.0542631 -0.0152709 0.251172 1
0.0579225 -0.0154464 0.250423 1
0.0612915 -0.0158025 0.2505 1
0.0648123 -0.0159463 0.250487 1
0.0684403 -0.0157476 0.250568 1
0.0716637 -0.0157764 0.250658 1
0.0751604 -0.0157098 0.251 1
0.0787856 -0.0157253 0.251262 1
0.0815798 -0.0167357 0.251923 1
0.0270388 -0.0108448 0.252 1
0.0297736 -0.0113266 0.251158 1
0.0333075 -0.0113847 0.2512 1
0.0369997 -0.0117416 0.251185 1
0.0401985 -0.0119361 0.250485 1
0.0437121 -0.0123765 0.25003 1
0.0469795 -0.012697 0.24964 1
0.0507541 -0.0128688 0.2493 1
0.0540606 -0.0133593 0.2492 1
0.0620072 -0.0116174 0.249 1
0.0648803 -0.0123964 0.249143 1
0.0683487 -0.012172 0.250108 1
0.0716896 -0.0121737 0.251032 1
0.0750127 -0.0126853 0.2516 1
0.0780131 -0.0131261 0.252 1
0.00597434 -0.00728604 0.252 1
0.00847535 -0.00732666 0.251833 1
0.0126748 -0.0078703 0.2514 1
0.0159315 -0.00821039 0.251478 1
0.0192885 -0.00861785 0.250833 1
0.0227007 -0.00855773 0.250515 1
0.0262338 -0.0090042 0.250687 1
0.0295348 -0.00943809 0.24952 1
0.0332488 -0.00964737 0.249333 1
0.036602 -0.00967728 0.249368 1
0.0399933 -0.0101829 0.2492 1
0.0582471 -0.00806087 0.249167 1
0.0613856 -0.00871808 0.250081 1
0.0646841 -0.00884706 0.251056 1
0.0682119 -0.00924393 0.251571 1
0.0710828 -0.00988669 0.252 1
-0.0109867 -0.004001 0.252 1
-0.00848823 -0.00439341 0.251636 1
-0.00523143 -0.00454057 0.2515 1
-0.00168214 -0.00454057 0.2515 1
0.0020269 -0.00486238 0.251133 1
0.00521476 -0.00500524 0.250158 1
0.00862419 -0.00548914 0.25 1
0.0119768 -0.00617049 0.250091 1
0.0156893 -0.00641175 0.249905 1
0.0188194 -0.00672942 0.249125 1
0.0226623 -0.00692881 0.249 1
0.0250951 -0.00692881 0.249 1
0.0519637 -0.00438616 0.249 1
0.0545681 -0.0047359 0.249571 1
0.0577656 -0.00539861 0.2503 1
0.0609354 -0.00556168 0.251667 1
-0.0175523 -0.000715956 0.252 1
-0.0153378 -0.0010797 0.251556 1
-0.0122121 -0.00174084 0.250706 1
-0.00892043 -0.00205425 0.25 1
-0.00518982 -0.00233616 0.2495 1
-0.00196456 -0.00248528 0.249636 1
0.00157868 -0.00287369 0.2492 1
0.044287 -0.000977927 0.249 1
0.0473553 -0.00124984 0.2495 1
0.0506177 -0.00179147 0.249556 1
0.0540318 -0.00202095 0.251067 1
0.0571849 -0.00272156 0.251833 1
-0.0183 0.000377555 0.251 1
-0.0158969 0.000875747 0.249769 1
-0.013559 0.000374547 0.249 1
0.0377099 0.00268726 0.249231 1
0.0404808 0.00196027 0.249694 1
0.0437275 0.00161646 0.250795 1
0.0471851 0.00141349 0.250947 1
0.0504933 0.00101658 0.251417 1
0.0530275 0.000379059 0.252 1
0.0302179 0.0062275 0.249231 1
0.0333443 0.00558019 0.249321 1
0.0367794 0.00531529 0.250457 1
0.0401999 0.00502419 0.2515 1
0.0426861 0.00440492 0.251857 1
0.0240139 0.0101123 0.249 1
0.026555 0.00939779 0.249167 1
0.0295446 0.00868127 0.250098 1
0.0330979 0.00837362 0.251206 1
0.0364211 0.00754567 0.2518 1
0.0167155 0.0133583 0.249 1
0.019293 0.0128811 0.249273 1
0.0227691 0.0123357 0.250158 1
0.0262913 0.0124379 0.251053 1
0.0296543 0.0116446 0.251818 1
0.0319631 0.0105079 0.252 1
0.00919123 0.016962 0.249143 1
0.0122099 0.0157959 0.249529 1
0.0156795 0.0155684 0.249714 1
0.0192054 0.0155701 0.250765 1
0.0221918 0.0147871 0.251833 1
0.00265952 0.0206616 0.249 1
0.00557871 0.01974 0.249583 1
0.0087828 0.0194852 0.250436 1
0.0120941 0.0190072 0.25125 1
0.0157913 0.0184113 0.2515 1
0.0184037 0.0181553 0.25175 1
-0.00409819 0.0241781 0.249 1
-0.00115126 0.0231267 0.249696 1
0.00193288 0.0227942 0.250242 1
0.00499687 0.0224808 0.251172 1
0.00870228 0.0219853 0.251762 1
0.011172 0.0214581 0.252 1
-0.00830712 0.0262011 0.249867 1
-0.00527479 0.0263202 0.250375 1
-0.00206022 0.0254403 0.251348 1
0.00187053 0.0247267 0.251833 1
0.00378582 0.0247431 0.252 1
-0.0077951 0.0285757 0.252 1
-0.00551539 0.0284388 0.252 1
0.0816178 -0.0248246 0.255 1
0.0722058 -0.0215004 0.255 1
0.0753784 -0.0219569 0.2545 1
0.0790758 -0.0224539 0.254067 1
0.0818168 -0.0226455 0.253333 1
0.0450773 -0.0176222 0.255 1
0.0476598 -0.017927 0.2546 1
0.0505153 -0.01805 0.254588 1
0.054308 -0.0179099 0.254846 1
0.0579981 -0.0181183 0.254176 1
0.0613856 -0.0189689 0.254304 1
0.0647418 -0.0195695 0.254539 1
0.0683561 -0.0194918 0.254071 1
0.0716445 -0.0197822 0.253667 1
0.0747703 -0.0204006 0.253375 1
0.0787804 -0.0207821 0.253 1
0.0827903 -0.0194629 0.253 1
0.0856742 -0.0188307 0.253 1
0.0878439 -0.0180337 0.253 1
0.0276376 -0.0142981 0.255 1
0.0297509 -0.01425 0.254143 1
0.0336984 -0.0144638 0.25425 1
0.0369497 -0.0151235 0.25432 1
0.0401904 -0.0153419 0.254187 1
0.0437617 -0.0157702 0.254143 1
0.0470029 -0.0164144 0.253444 1
0.0511178 -0.0166771 0.253636 1
0.0544574 -0.0169726 0.253571 1
0.057397 -0.0167773 0.253 1
0.0609282 -0.017484 0.253 1
0.082821 -0.0154704 0.25316 1
0.085865 -0.0158798 0.253762 1
0.0878848 -0.0161842 0.253571 1
0.0090905 -0.0109739 0.255 1
0.0124124 -0.0109739 0.255 1
0.0161516 -0.0112891 0.2546 1
0.0194521 -0.0119404 0.254226 1
0.0226341 -0.0118296 0.254 1
0.0263544 -0.0121383 0.254072 1
0.0296728 -0.013112 0.253476 1
0.0332322 -0.0131046 0.253333 1
0.0362844 -0.0132682 0.253231 1
0.0403293 -0.0136363 0.253 1
0.0730128 -0.0108879 0.253 1
0.0753099 -0.0111378 0.253 1
0.0790479 -0.0117848 0.2534 1
0.0820426 -0.0125938 0.254167 1
0.0845244 -0.01319 0.255 1
-0.00807245 -0.00737278 0.255 1
-0.00507029 -0.00779865 0.2544 1
-0.0017022 -0.00791234 0.2545 1
0.00188728 -0.00790717 0.254333 1
0.00511607 -0.00860741 0.254 1
0.00881984 -0.0092364 0.253765 1
0.0121909 -0.00940189 0.253923 1
0.0156505 -0.00981504 0.253667 1
0.0191813 -0.0103382 0.253 1
0.0227517 -0.0103382 0.253 1
0.0252236 -0.0103382 0.253 1
0.0658719 -0.00731495 0.253 1
0.0686571 -0.00748439 0.253429 1
0.0719221 -0.00834969 0.253889 1
0.0751845 -0.0092305 0.25425 1
0.0784455 -0.00993337 0.254714 1
0.0810641 -0.0104199 0.255 1
-0.0149741 -0.00404334 0.254667 1
-0.0121477 -0.00506382 0.254214 1
-0.00903219 -0.00586006 0.253444 1
-0.00526263 -0.00621559 0.253 1
-0.00169217 -0.00621559 0.253 1
0.00105434 -0.00621559 0.253 1
0.0621641 -0.00429171 0.253 1
0.0647762 -0.00506575 0.253765 1
0.0680573 -0.00546274 0.254572 1
0.070545 -0.00626473 0.255 1
-0.0185894 -0.00216093 0.2542 1
-0.0160166 -0.00255875 0.253667 1
-0.0137768 -0.00291752 0.253 1
0.0554352 -0.000718796 0.253 1
0.0581151 -0.00141942 0.253364 1
0.0611412 -0.0018222 0.253882 1
0.0644914 -0.00256867 0.254778 1
0.0447237 0.0034038 0.253 1
0.0471956 0.0034038 0.253 1
0.0510799 0.00269682 0.253353 1
0.0542774 0.00177994 0.253971 1
0.0574787 0.000660208 0.25475 1
0.0600257 0.000383572 0.255 1
0.0403293 0.00670188 0.253 1
0.0439354 0.00561341 0.253429 1
0.0471984 0.00504267 0.254161 1
0.050228 0.00448312 0.254231 1
0.0531052 0.00398473 0.255 1
0.0337719 0.0100098 0.25325 1
0.0369066 0.0090495 0.253577 1
0.0402382 0.00844476 0.254161 1
0.0434084 0.00795962 0.25475 1
0.0302275 0.0133249 0.2535 1
0.0331765 0.0119808 0.254167 1
0.0363222 0.0110381 0.25475 1
0.0387104 0.010633 0.255 1
0.0208292 0.0168709 0.253 1
0.0230119 0.0162515 0.253333 1
0.0262411 0.015772 0.253895 1
0.0292609 0.015384 0.254667 1
0.0315131 0.0147882 0.255 1
0.013139 0.0205813 0.253 1
0.0156109 0.020169 0.253 1
0.0196266 0.0194045 0.253533 1
0.0226722 0.0187347 0.254667 1
0.025423 0.0181124 0.255 1
0.00576633 0.0240698 0.253143 1
0.00875608 0.023774 0.253333 1
0.012361 0.0229122 0.253933 1
0.0157034 0.0219485 0.2545 1
0.0184672 0.0213945 0.2545 1
-0.00123118 0.0270103 0.253526 1
0.00183796 0.0265481 0.253897 1
0.00524773 0.0261115 0.254276 1
0.00833176 0.0256323 0.254526 1
0.0113051 0.0250377 0.255 1
-0.00815437 0.0300251 0.25325 1
-0.00510701 0.0299988 0.253692 1
-0.00234069 0.0290607 0.254474 1
0.00161631 0.0283618 0.255 1
-0.0080619 0.0321986 0.254667 1
-0.00529585 0.0316446 0.254667 1
0.0730573 -0.0249326 0.259 1
0.0751386 -0.0248776 0.258429 1
0.0788128 -0.0255805 0.258 1
0.0808522 -0.0259044 0.25675 1
0.0466279 -0.021275 0.259 1
0.0542193 -0.0215563 0.259 1
0.0578416 -0.0215445 0.258857 1
0.0614401 -0.0219918 0.258091 1
0.0646364 -0.022498 0.257526 1
0.0682847 -0.022503 0.25755 1
0.0716718 -0.0228859 0.257312 1
0.0749961 -0.0234383 0.2565 1
0.0783862 -0.0239452 0.256364 1
0.0808263 -0.0243657 0.256 1
0.0303204 -0.0178987 0.259 1
0.0333688 -0.0178757 0.258667 1
0.0367998 -0.0183881 0.258368 1
0.0402989 -0.018387 0.25755 1
0.0437211 -0.0190298 0.257806 1
0.047094 -0.0194761 0.257222 1
0.0507787 -0.019892 0.257381 1
0.0541745 -0.0197475 0.256846 1
0.0574782 -0.0197316 0.256545 1
0.0605854 -0.02021 0.2562 1
0.0100766 -0.0145224 0.259 1
0.0120447 -0.0145224 0.259 1
0.0161879 -0.0148089 0.258636 1
0.019271 -0.0150213 0.257889 1
0.0226588 -0.0156016 0.2582 1
0.026201 -0.0156049 0.257706 1
0.0298795 -0.016063 0.257207 1
0.0332681 -0.0161015 0.256938 1
0.0364807 -0.0167965 0.256692 1
0.0403287 -0.0171686 0.2565 1
0.0433088 -0.0171352 0.256 1
-0.00763675 -0.0108648 0.259 1
-0.00509695 -0.0111251 0.2585 1
-0.00161209 -0.0114854 0.257733 1
0.00191541 -0.0119467 0.258 1
0.00522492 -0.0121607 0.257742 1
0.00862118 -0.0124818 0.2575 1
0.0122003 -0.0127258 0.257412 1
0.0156243 -0.0129068 0.257074 1
0.018731 -0.0134966 0.2566 1
0.0232044 -0.0134078 0.2565 1
0.0256163 -0.0136029 0.25625 1
0.0833274 -0.0112951 0.256 1
0.0860505 -0.011956 0.256862 1
0.088026 -0.0118575 0.257615 1
-0.0180398 -0.00748843 0.259 1
-0.0154658 -0.0077321 0.258778 1
-0.011923 -0.00825803 0.257857 1
-0.00886345 -0.00887902 0.257286 1
-0.00561442 -0.00936718 0.2565 1
-0.00171224 -0.00962648 0.256 1
0.00190056 -0.00962648 0.256 1
0.00503694 -0.0102224 0.256 1
0.0071808 -0.0104608 0.256 1
0.075318 -0.00740651 0.256167 1
0.0788968 -0.00812575 0.256545 1
0.0822576 -0.00870573 0.257333 1
0.0852543 -0.00908545 0.258714 1
-0.0214138 -0.006363 0.259 1
-0.0191784 -0.00528589 0.25775 1
-0.0161112 -0.00542144 0.256933 1
-0.0135369 -0.00601734 0.25625 1
0.0691541 -0.0040645 0.256 1
0.0720341 -0.00510569 0.2565 1
0.0753445 -0.00514672 0.257882 1
0.0788093 -0.005788 0.2585 1
0.0817734 -0.006363 0.259 1
0.0650709 -0.00109907 0.256333 1
0.068309 -0.00184473 0.257 1
0.0714744 -0.00193353 0.258214 1
0.074182 -0.0029867 0.259 1
0.0550532 0.00344865 0.256333 1
0.0581099 0.00245524 0.256625 1
0.0613972 0.00191524 0.2572 1
0.0646449 0.00135224 0.258286 1
0.0680008 0.00083946 0.2588 1
0.0474774 0.00678135 0.256 1
0.0510531 0.0059458 0.256476 1
0.0543333 0.00543807 0.257655 1
0.0575245 0.00504486 0.258375 1
0.0605978 0.00442065 0.258889 1
0.0405297 0.0101185 0.256 1
0.0439723 0.00945595 0.256444 1
0.0472544 0.00877554 0.257306 1
0.0505847 0.00856367 0.258179 1
0.0533419 0.00770011 0.258833 1
0.0343045 0.013122 0.256 1
0.0370587 0.0125774 0.2565 1
0.0403583 0.012156 0.257029 1
0.0436373 0.0121593 0.257937 1
0.0465667 0.0116057 0.258833 1
0.0494396 0.0107998 0.259 1
0.0301928 0.0166622 0.256125 1
0.033265 0.0158061 0.257206 1
0.0366735 0.0152565 0.2582 1
0.0401095 0.0147206 0.258667 1
0.0430852 0.0145137 0.259 1
0.0234847 0.0202228 0.256 1
0.0265723 0.0195552 0.256467 1
0.0298017 0.019356 0.257647 1
0.0328824 0.018326 0.2588 1
0.0158179 0.0237763 0.256333 1
0.0193442 0.0230164 0.256714 1
0.0224688 0.0226398 0.257625 1
0.0260365 0.0222795 0.258333 1
0.0289146 0.0217727 0.259 1
0.0032901 0.0279169 0.256 1
0.00495754 0.0279169 0.256 1
0.00904 0.0269148 0.256167 1
0.0123339 0.0262105 0.257059 1
0.0156599 0.0259841 0.258333 1
0.0190562 0.0254062 0.25875 1
-0.00118158 0.0304204 0.256304 1
0.00195272 0.0301922 0.256871 1
0.00526425 0.0297466 0.257375 1
0.00847184 0.0293221 0.258067 1
0.0115365 0.0289061 0.258625 1
-0.00759743 0.0342581 0.257667 1
-0.00534803 0.0336302 0.257133 1
-0.00176517 0.0334253 0.257976 1
0.00170985 0.0330506 0.258625 1
0.00491203 0.0321206 0.258909 1
-0.00510627 0.0355593 0.259 1
-0.00201347 0.0355593 0.259 1
0.0794084 -0.0285712 0.2614 1
0.0809882 -0.0285275 0.261 1
0.0625267 -0.0252214 0.262 1
0.0646239 -0.0251527 0.261286 1
0.0682257 -0.02579 0.261539 1
0.0715911 -0.0256772 0.260833 1
0.0752558 -0.0268079 0.261231 1
0.0785771 -0.0272522 0.261 1
0.0806779 -0.0272884 0.26 1
0.0369289 -0.0215214 0.262 1
0.0402521 -0.0214745 0.261429 1
0.0438761 -0.0220185 0.261529 1
0.0475834 -0.0222435 0.261316 1
0.050793 -0.0222351 0.260846 1
0.0544248 -0.0232656 0.261333 1
0.0576565 -0.0233958 0.261154 1
0.0608865 -0.0237093 0.260667 1
0.0631784 -0.0238991 0.26 1
0.0170194 -0.0178214 0.262 1
0.0189227 -0.0179076 0.2616 1
0.0232797 -0.0185643 0.261571 1
0.0265197 -0.01887 0.261091 1
0.0296615 -0.0193756 0.261385 1
0.0332555 -0.0194126 0.261 1
0.0367942 -0.0202503 0.261053 1
0.0402926 -0.0202991 0.260526 1
0.0438138 -0.0208455 0.260667 1
0.0459611 -0.0207922 0.26 1
-0.00431215 -0.014406 0.262 1
-0.00175136 -0.0143824 0.261571 1
0.00206917 -0.0148885 0.261364 1
0.00533554 -0.0149153 0.260917 1
0.00881498 -0.0153171 0.260857 1
0.0121567 -0.0160791 0.261417 1
0.0153873 -0.0160825 0.260636 1
0.0193602 -0.0167658 0.260333 1
0.0229045 -0.0174698 0.261 1
0.0262038 -0.0174029 0.26 1
0.0284618 -0.0174029 0.26 1
-0.0179644 -0.0109906 0.262 1
-0.015689 -0.0109906 0.262 1
-0.0119564 -0.0112438 0.26125 1
-0.00904896 -0.0116216 0.2608 1
-0.00565154 -0.0127548 0.2608 1
-0.00202124 -0.0131662 0.26 1
-0.0213366 -0.00812995 0.2615 1
-0.0190193 -0.00867749 0.260857 1
-0.0158199 -0.00934002 0.2604 1
-0.0127468 -0.00977687 0.26 1
0.0864987 -0.00817119 0.260286 1
0.0887461 -0.00857753 0.261091 1
0.0789844 -0.00412802 0.26 1
0.0823615 -0.00485457 0.260455 1
0.0854342 -0.00574379 0.2616 1
0.0886934 -0.0064367 0.262 1
0.0730572 -0.000738685 0.26 1
0.0754493 -0.00169685 0.260539 1
0.078522 -0.00195316 0.261467 1
0.0813933 -0.00264181 0.262 1
0.064966 0.00293309 0.26 1
0.0684334 0.00236947 0.260125 1
0.0716786 0.00152729 0.2608 1
0.0750129 0.000849035 0.2617 1
0.077601 0.000394101 0.262 1
0.0555576 0.00688731 0.26 1
0.0583126 0.00655367 0.2602 1
0.0614781 0.00586382 0.26064 1
0.0646438 0.00476702 0.26136 1
0.0679143 0.00425762 0.2615 1
0.0710593 0.00380951 0.262 1
0.0515121 0.00999417 0.26 1
0.0544854 0.00908382 0.260464 1
0.0577369 0.00877635 0.261152 1
0.0607265 0.00817704 0.261818 1
0.0630956 0.00750952 0.262 1
0.0476739 0.0128727 0.260444 1
0.0506848 0.0122115 0.261067 1
0.0540364 0.0114456 0.261687 1
0.0568383 0.0109249 0.262 1
0.036978 0.0170772 0.260333 1
0.0403679 0.0165123 0.260333 1
0.0439941 0.0160457 0.261167 1
0.047148 0.0151379 0.261455 1
0.0497278 0.0143403 0.262 1
0.0336775 0.0195165 0.260524 1
0.0366145 0.0188636 0.261259 1
0.0400349 0.018264 0.261625 1
0.0434705 0.0177557 0.262 1
0.0239457 0.0241164 0.26 1
0.0262037 0.0241164 0.26 1
0.0297804 0.0232033 0.260833 1
0.0328534 0.0218261 0.2615 1
0.0352223 0.0211711 0.262 1
0.0166072 0.0275058 0.26 1
0.0196863 0.0270962 0.2604 1
0.0228251 0.0260288 0.261077 1
0.0261383 0.0258569 0.2616 1
0.0292901 0.0250744 0.262 1
0.009551 0.030895 0.26 1
0.0125206 0.0304129 0.2607 1
0.0154728 0.0298488 0.261294 1
0.0184866 0.0292414 0.261625 1
0.0218545 0.0280019 0.262 1
0.002777 0.0342844 0.26 1
0.00556575 0.0337019 0.260583 1
0.00863723 0.0328767 0.261231 1
0.0117034 0.0324404 0.261833 1
-0.00771046 0.0367559 0.2615 1
-0.00550879 0.0369472 0.261263 1
-0.00159988 0.0368834 0.261261 1
0.0017139 0.03594 0.260895 1
0.00449988 0.0356412 0.261667 1
0.0579948 -0.0282071 0.266 1
0.06146 -0.0282071 0.266 1
0.0652216 -0.0286607 0.265818 1
0.0685356 -0.0293986 0.265444 1
0.0718224 -0.0295318 0.265308 1
0.0753241 -0.0295426 0.265 1
0.0785071 -0.0297729 0.264273 1
0.0366264 -0.0250285 0.266 1
0.0401871 -0.0249702 0.265615 1
0.0442485 -0.0250212 0.2653 1
0.0470951 -0.0252555 0.265333 1
0.0506545 -0.0253192 0.265368 1
0.0543232 -0.0260874 0.265 1
0.0577785 -0.0262671 0.264437 1
0.0612154 -0.026389 0.2645 1
0.064846 -0.0269488 0.264 1
0.0684493 -0.0277083 0.264 1
0.0716161 -0.0276033 0.263 1
0.0736146 -0.0276033 0.263 1
0.0195893 -0.021561 0.266 1
0.0227213 -0.0215205 0.2655 1
0.0262711 -0.0220123 0.265091 1
0.0298443 -0.0223249 0.26475 1
0.0332758 -0.0226036 0.264632 1
0.0366973 -0.023052 0.264143 1
0.0402868 -0.0230769 0.2635 1
0.0435625 -0.0235111 0.263786 1
0.0467237 -0.023506 0.2635 1
0.0511974 -0.0240666 0.263556 1
0.0536292 -0.0241749 0.263 1
-0.000624067 -0.0180934 0.266 1
0.00197266 -0.0180821 0.265833 1
0.00555771 -0.0185756 0.265364 1
0.00886839 -0.0185973 0.264917 1
0.0124055 -0.0186929 0.264385 1
0.015663 -0.0192145 0.264529 1
0.0191545 -0.01968 0.264 1
0.0222805 -0.0198452 0.263667 1
0.0256682 -0.0201903 0.2632 1
-0.0182386 -0.0146259 0.266 1
-0.0158872 -0.0145892 0.265333 1
-0.0124633 -0.0146259 0.266 1
-0.008741 -0.0150442 0.2652 1
-0.00564568 -0.01584 0.2645 1
-0.00176746 -0.0162428 0.264071 1
0.00175496 -0.0166379 0.263857 1
0.00538111 -0.0167572 0.263167 1
0.00794816 -0.0167466 0.263 1
-0.0220057 -0.0115017 0.265 1
-0.0192693 -0.0122373 0.264286 1
-0.0157788 -0.0127721 0.2635 1
-0.0125793 -0.0128914 0.2636 1
-0.00890944 -0.013335 0.263333 1
-0.0221138 -0.00992731 0.264 1
-0.020317 -0.0098897 0.263 1
0.0861769 -0.00440421 0.263 1
0.0888003 -0.00481759 0.263444 1
0.0801813 -0.000747207 0.263 1
0.0827627 -0.00154875 0.2634 1
0.0858485 -0.00189953 0.264625 1
0.0888718 -0.00229174 0.265556 1
0.0752876 0.00251943 0.263143 1
0.078837 0.00161917 0.263533 1
0.0822822 0.00162389 0.264937 1
0.0847701 0.000977665 0.26575 1
0.0654289 0.00650649 0.263273 1
0.0686062 0.00583558 0.2635 1
0.0718919 0.00524778 0.263769 1
0.0750157 0.0048269 0.264846 1
0.0783771 0.00432128 0.2654 1
0.0810958 0.00386766 0.266 1
0.0584828 0.0103952 0.263 1
0.0615634 0.00947545 0.2636 1
0.0647245 0.00890997 0.264483 1
0.0681188 0.00805531 0.265454 1
0.0715138 0.00732969 0.2658 1
0.0516306 0.0138237 0.263 1
0.0544505 0.0130965 0.263235 1
0.0577606 0.0126805 0.264133 1
0.0610621 0.011897 0.265182 1
0.0644602 0.0108852 0.265667 1
0.045064 0.0172521 0.263 1
0.0475658 0.0168509 0.263417 1
0.0508594 0.0159942 0.263719 1
0.0541971 0.0158361 0.264871 1
0.0574818 0.0147918 0.265556 1
0.0374168 0.0204469 0.263143 1
0.0404693 0.0200243 0.26375 1
0.0437362 0.0195075 0.264214 1
0.0468985 0.0188674 0.264864 1
0.0505498 0.0183174 0.265636 1
0.0336555 0.0234015 0.263353 1
0.036702 0.0228322 0.264194 1
0.0398579 0.0225555 0.26537 1
0.0428893 0.0217094 0.2658 1
0.0233655 0.0275374 0.263 1
0.0266307 0.027205 0.2631 1
0.0300264 0.0265344 0.26392 1
0.0330261 0.0261284 0.265 1
0.0360524 0.0252711 0.2656 1
0.0170844 0.0309658 0.263 1
0.0196869 0.0303628 0.263429 1
0.0226895 0.0298032 0.264182 1
0.0259437 0.0293631 0.264536 1
0.0291816 0.0287822 0.26525 1
0.00896762 0.0346628 0.263111 1
0.0125722 0.0337609 0.2635 1
0.0157655 0.0333291 0.264032 1
0.0189283 0.0329502 0.264821 1
0.0220292 0.0320933 0.265571 1
-0.00489963 0.0383941 0.263 1
-0.00175905 0.0383941 0.263 1
0.00219259 0.0375608 0.263167 1
0.00562002 0.0370715 0.26425 1
0.008721 0.036679 0.26496 1
0.0120599 0.0359719 0.2655 1
0.0143916 0.0356535 0.266 1
-0.00779892 0.0394762 0.2645 1
-0.00557484 0.0402316 0.2645 1
-0.00176749 0.0403289 0.264429 1
0.00184063 0.0399699 0.265207 1
0.00495618 0.0392892 0.265833 1
-0.00524428 0.0425886 0.266 1
-0.00293417 0.0425885 0.266 1
0.0659494 -0.0320319 0.269 1
0.0681956 -0.0325055 0.268647 1
0.0716031 -0.0325766 0.268667 1
0.0749289 -0.0324439 0.268533 1
0.0777982 -0.0322632 0.268143 1
0.0472601 -0.0285253 0.269 1
0.0507365 -0.0285101 0.268857 1
0.0545512 -0.0289725 0.268063 1
0.0576511 -0.0298702 0.268037 1
0.0611465 -0.029793 0.267727 1
0.0645623 -0.0301256 0.268304 1
0.0677583 -0.030812 0.267533 1
0.0718139 -0.0313306 0.268 1
0.0752573 -0.0313111 0.267833 1
0.0782124 -0.0312137 0.267 1
0.0244826 -0.0253108 0.269 1
0.0264758 -0.0252638 0.2685 1
0.029989 -0.0256377 0.268333 1
0.0334091 -0.0258005 0.268 1
0.0370916 -0.0268121 0.268158 1
0.0402115 -0.0266375 0.268 1
0.0434429 -0.0265142 0.267727 1
0.0472573 -0.0272036 0.267824 1
0.0506988 -0.0272546 0.267684 1
0.0538675 -0.0275545 0.267375 1
0.0561839 -0.0277331 0.267 1
0.00579333 -0.0218041 0.269 1
0.00899906 -0.0217906 0.268833 1
0.0127708 -0.0221398 0.268333 1
0.016125 -0.0226514 0.267933 1
0.0193446 -0.023351 0.268154 1
0.0229008 -0.0234347 0.267583 1
0.0261358 -0.0238095 0.267143 1
0.0289381 -0.0239625 0.267 1
-0.00748701 -0.0185727 0.26875 1
-0.00499368 -0.0188136 0.268 1
-0.0015844 -0.0195732 0.268143 1
0.00198874 -0.0199781 0.268 1
0.0052672 -0.0203709 0.267714 1
0.00893859 -0.0204819 0.267 1
0.0121269 -0.0204819 0.267 1
-0.0222406 -0.0150246 0.269 1
-0.0192596 -0.0158151 0.268167 1
-0.015622 -0.0164399 0.268 1
-0.0121318 -0.0165704 0.268546 1
-0.00917651 -0.0167062 0.267571 1
-0.0245767 -0.013622 0.269 1
-0.0231185 -0.0130491 0.267889 1
-0.020626 -0.0135207 0.267 1
0.0898518 -0.000761414 0.268 1
0.0861933 0.00191293 0.2673 1
0.0889858 0.00125445 0.268818 1
0.0910631 0.00040463 0.269 1
0.0761835 0.00620259 0.267 1
0.0788367 0.00604681 0.267429 1
0.0822832 0.0052238 0.267714 1
0.0853903 0.00433998 0.268375 1
0.0875589 0.00391128 0.269 1
0.0686475 0.00968317 0.267 1
0.0716799 0.00912122 0.2675 1
0.0750441 0.00834739 0.268035 1
0.0784582 0.00760815 0.268833 1
0.0808424 0.00741794 0.269 1
0.06202 0.0131722 0.267167 1
0.0648094 0.0123493 0.26755 1
0.0679985 0.0115021 0.268182 1
0.0713726 0.0108829 0.269 1
0.074126 0.0106324 0.269 1
0.0556042 0.0169344 0.267 1
0.0578959 0.0163052 0.267375 1
0.0609573 0.0152673 0.268261 1
0.0636629 0.0146325 0.268857 1
0.047578 0.0204532 0.2675 1
0.0507264 0.019854 0.267706 1
0.0541843 0.0190578 0.26812 1
0.0572993 0.0180756 0.268273 1
0.059817 0.0176457 0.269 1
0.0409905 0.0239211 0.267286 1
0.0438399 0.0229581 0.2679 1
0.0470147 0.0221722 0.2686 1
0.0502108 0.0213803 0.268714 1
0.0528085 0.0211523 0.269 1
0.0340588 0.0277628 0.267 1
0.0371226 0.0266931 0.2677 1
0.0401891 0.0260484 0.26825 1
0.0427559 0.025423 0.268833 1
0.0267171 0.0312047 0.267143 1
0.0301918 0.0302755 0.267833 1
0.0332045 0.0294226 0.2682 1
0.0365455 0.0284953 0.2688 1
0.0393756 0.0281656 0.269 1
0.0203367 0.0342728 0.267143 1
0.023085 0.0335236 0.267864 1
0.0262913 0.0328275 0.268632 1
0.0298072 0.031739 0.268857 1
0.00980813 0.038108 0.267 1
0.0127369 0.0375476 0.267615 1
0.0159538 0.0366995 0.2678 1
0.0194145 0.0364501 0.268435 1
0.0223853 0.0354107 0.268857 1
0.0027384 0.0415614 0.2672 1
0.00580113 0.0407173 0.267833 1
0.00879613 0.0400695 0.268391 1
0.0124 0.0392317 0.268733 1
0.015138 0.0386856 0.269 1
-0.00701182 0.0442548 0.267333 1
-0.00498035 0.0442548 0.267333 1
-0.00144603 0.0437571 0.267704 1
0.00192993 0.0434343 0.268348 1
0.00505898 0.0425913 0.26875 1
0.00754545 0.0421922 0.269 1
-0.00702931 0.045529 0.268 1
-0.0048219 0.0461831 0.268625 1
-0.00213134 0.0459251 0.268857 1
0.06849 -0.0356581 0.272143 1
0.0718886 -0.0359725 0.272 1
0.0751134 -0.0359235 0.272187 1
0.0770306 -0.035214 0.271 1
0.0506301 -0.0322116 0.273 1
0.0540202 -0.0321133 0.272167 1
0.057772 -0.0325585 0.27175 1
0.0611615 -0.0325768 0.271083 1
0.0649028 -0.0331848 0.271235 1
0.0681439 -0.0340908 0.270429 1
0.0716793 -0.0342007 0.270182 1
0.0754059 -0.0341132 0.270667 1
0.0775067 -0.033819 0.2702 1
0.0233648 -0.0283563 0.273 1
0.0267448 -0.0286498 0.2724 1
0.0298118 -0.0288802 0.272333 1
0.0333382 -0.0288625 0.272167 1
0.0366316 -0.0288787 0.271462 1
0.0403796 -0.0291232 0.271833 1
0.0439059 -0.0293106 0.271214 1
0.0471756 -0.0301992 0.271643 1
0.0508236 -0.0301972 0.270875 1
0.0539332 -0.0304195 0.27025 1
0.00498285 -0.0247672 0.272667 1
0.00887201 -0.025267 0.272571 1
0.0120627 -0.0253092 0.272111 1
0.0155007 -0.0259483 0.271714 1
0.019075 -0.02609 0.271 1
0.0227013 -0.0263149 0.271143 1
0.0261239 -0.0269611 0.270889 1
0.0296033 -0.0269989 0.270429 1
0.0331749 -0.0275429 0.270833 1
0.0357116 -0.0274581 0.27 1
-0.0154586 -0.0212387 0.273 1
-0.0121986 -0.0212387 0.273 1
-0.0080288 -0.0218605 0.272286 1
-0.00505917 -0.0223044 0.2715 1
-0.00157946 -0.0225341 0.27144 1
0.00201189 -0.0225704 0.271167 1
0.00522322 -0.0233188 0.2713 1
0.00865949 -0.0234549 0.27075 1
0.0116541 -0.0234736 0.270429 1
0.0149011 -0.0239384 0.27 1
-0.0255044 -0.0176583 0.272667 1
-0.0225432 -0.0183968 0.272235 1
-0.0192301 -0.0190823 0.271833 1
-0.015624 -0.0193228 0.271621 1
-0.0121398 -0.0193666 0.271667 1
-0.00894494 -0.0195129 0.270727 1
-0.00503404 -0.0204313 0.270167 1
-0.0029783 -0.0204187 0.27 1
-0.025267 -0.0161236 0.271273 1
-0.0228932 -0.0162832 0.270526 1
-0.0199784 -0.0171923 0.27 1
0.0903758 0.00245929 0.27 1
0.0914016 0.00216598 0.27 1
0.0860041 0.00594039 0.270143 1
0.0893701 0.00527794 0.271067 1
0.091446 0.00452915 0.271 1
0.0764533 0.00979198 0.27 1
0.0788257 0.00922733 0.2706 1
0.082234 0.00867935 0.271077 1
0.0855319 0.00810436 0.271842 1
0.0885645 0.00752824 0.273 1
0.0659015 0.013605 0.27 1
0.06875 0.0131776 0.27025 1
0.0718613 0.0125032 0.270458 1
0.0751227 0.0123816 0.271069 1
0.0783466 0.0118673 0.272318 1
0.0814518 0.0107905 0.273 1
0.0621489 0.0167006 0.27025 1
0.065084 0.0159442 0.27104 1
0.0682282 0.0157069 0.27175 1
0.0716631 0.0152224 0.272429 1
0.0749614 0.0148806 0.272692 1
0.0770064 0.0143493 0.273 1
0.054866 0.0206826 0.2705 1
0.0580419 0.0198184 0.270905 1
0.0612479 0.0192076 0.27188 1
0.0648452 0.0185087 0.272588 1
0.0674819 0.0181937 0.272833 1
0.045091 0.024164 0.27 1
0.0476268 0.0237464 0.27025 1
0.0507287 0.0230506 0.27068 1
0.0540275 0.022798 0.271815 1
0.0572782 0.0219087 0.272455 1
0.0604101 0.0214669 0.273 1
0.0409875 0.0276837 0.27 1
0.0441181 0.0266632 0.270727 1
0.0472759 0.0263654 0.271853 1
0.050553 0.0261024 0.272652 1
0.0532974 0.0250257 0.273 1
0.0337557 0.0310015 0.270429 1
0.0368688 0.0303028 0.270826 1
0.0402394 0.0296207 0.27096 1
0.0433874 0.0296148 0.272261 1
0.0470738 0.0285845 0.273 1
0.0265476 0.0344226 0.2704 1
0.0297936 0.0335638 0.271182 1
0.0332515 0.0331742 0.271889 1
0.0366394 0.0324539 0.272538 1
0.0402575 0.0318466 0.273 1
0.0166598 0.0382428 0.27 1
0.0190295 0.03829 0.270333 1
0.0226987 0.037129 0.270818 1
0.0260078 0.036528 0.271958 1
0.0294712 0.0356362 0.272909 1
0.00903902 0.0417625 0.27 1
0.0118463 0.0411791 0.2705 1
0.0156318 0.0403222 0.270923 1
0.0191416 0.040292 0.271933 1
0.0226043 0.0394608 0.272556 1
-4.72414e-05 0.0452822 0.27 1
0.00237488 0.0451251 0.270375 1
0.00558399 0.0441272 0.270529 1
0.00869079 0.0438109 0.271077 1
0.0119681 0.0434294 0.272167 1
0.0153498 0.0427807 0.27275 1
-0.00474278 0.0482755 0.270333 1
-0.00139416 0.0475533 0.270958 1
0.00191233 0.0472608 0.271607 1
0.00483823 0.0468644 0.272368 1
0.00795401 0.0460819 0.273 1
-0.00476793 0.0503091 0.2718 1
-0.00159761 0.0501676 0.272714 1
0.00113768 0.0496407 0.273 1
0.0514861 -0.0352641 0.276 1
0.0541827 -0.0352641 0.276 1
0.0575688 -0.0351363 0.275 1
0.0616297 -0.0354961 0.275 1
0.0647921 -0.0360391 0.275176 1
0.0677317 -0.0368929 0.274727 1
0.0712899 -0.037788 0.275231 1
0.0746924 -0.03788 0.2754 1
0.0368048 -0.0316661 0.276 1
0.0405519 -0.0322275 0.275667 1
0.0442145 -0.0328065 0.2755 1
0.0474172 -0.0330466 0.275 1
0.0510726 -0.0338306 0.275067 1
0.0543175 -0.0339016 0.274667 1
0.0572934 -0.0342842 0.27475 1
0.0610015 -0.0344551 0.274333 1
0.0636059 -0.0344132 0.274 1
0.0062437 -0.0283681 0.276 1
0.00864065 -0.028368 0.276 1
0.0124203 -0.0288331 0.275667 1
0.0157992 -0.0292098 0.275444 1
0.0193477 -0.0291507 0.274889 1
0.0229265 -0.0297522 0.2752 1
0.0259139 -0.0301678 0.2749 1
0.0295067 -0.0306552 0.275 1
0.0329534 -0.030628 0.275 1
0.0368233 -0.0304552 0.2748 1
0.040477 -0.0310465 0.2745 1
0.043082 -0.031139 0.274 1
-0.00843237 -0.0250518 0.2758 1
-0.00494468 -0.0255811 0.275438 1
-0.00154263 -0.0255986 0.275222 1
0.00193198 -0.0258879 0.274947 1
0.0050255 -0.0264743 0.275 1
0.00830407 -0.0267481 0.27475 1
0.0123078 -0.0272205 0.27425 1
0.0157344 -0.0278988 0.274333 1
0.0192861 -0.0278649 0.274 1
0.0216658 -0.0278649 0.274 1
-0.0221267 -0.0218459 0.275667 1
-0.0192798 -0.0219706 0.275188 1
-0.0158131 -0.0227837 0.27513 1
-0.0122847 -0.022883 0.274917 1
-0.00902298 -0.0233349 0.274714 1
-0.00511549 -0.0243373 0.2745 1
-0.00153518 -0.024293 0.274 1
0.00173674 -0.024293 0.274 1
-0.0258888 -0.019215 0.274667 1
-0.0230896 -0.0200024 0.274467 1
-0.0193947 -0.0207338 0.274167 1
-0.0172999 -0.0207212 0.274 1
0.0835349 0.0102347 0.274 1
0.0862631 0.00969666 0.274308 1
0.0894808 0.00871708 0.275111 1
0.0915945 0.00799633 0.2748 1
0.0795151 0.0133852 0.2745 1
0.0821777 0.0123727 0.27487 1
0.0853631 0.0113703 0.275273 1
0.0883393 0.010909 0.276 1
0.0695548 0.0173784 0.274 1
0.0721493 0.0169477 0.27425 1
0.0751977 0.0163943 0.274385 1
0.0784241 0.0154473 0.275375 1
0.081448 0.014507 0.276 1
0.0621186 0.0209502 0.274 1
0.0644982 0.0200572 0.274 1
0.0684109 0.019496 0.274684 1
0.0715077 0.018938 0.27545 1
0.0755589 0.0178311 0.275889 1
0.0558722 0.0236291 0.274 1
0.0581565 0.0232041 0.27425 1
0.0614128 0.0230585 0.275167 1
0.0646639 0.0222146 0.275429 1
0.0676656 0.0214029 0.276 1
0.0520054 0.0272009 0.274 1
0.0543854 0.0263817 0.27475 1
0.0575184 0.025818 0.275571 1
0.0601751 0.0250008 0.276 1
0.0448667 0.0307728 0.274 1
0.0473325 0.0302336 0.2745 1
0.0507066 0.0295109 0.2748 1
0.0534849 0.0290578 0.2758 1
0.03687 0.0340782 0.27425 1
0.0402553 0.0338739 0.275 1
0.0435983 0.0325589 0.275 1
0.0469918 0.0321966 0.276 1
0.0273172 0.0379164 0.274 1
0.030038 0.0372574 0.2744 1
0.033037 0.0367917 0.275067 1
0.0364396 0.0360295 0.2755 1
0.0231749 0.0412284 0.27425 1
0.0261499 0.04005 0.275044 1
0.0292886 0.0396566 0.27575 1
0.0127423 0.04506 0.274 1
0.0160901 0.0443455 0.274571 1
0.0192603 0.0435362 0.274923 1
0.0224433 0.0432885 0.275714 1
0.0257189 0.0420909 0.276 1
0.00572707 0.0481314 0.2742 1
0.00881547 0.04758 0.274636 1
0.0119618 0.0469329 0.2752 1
0.0154733 0.0461555 0.275714 1
0.0182284 0.0456888 0.276 1
-0.00421221 0.0519061 0.274 1
-0.00116339 0.0517065 0.274125 1
0.00192628 0.0510473 0.274263 1
0.00483358 0.050549 0.27525 1
0.00863166 0.0492272 0.275667 1
-0.00422977 0.0533132 0.275111 1
-0.00153894 0.0532589 0.274833 1
0.00174731 0.0534204 0.275667 1
0.00384675 0.0528846 0.276 1
0.0522323 -0.039121 0.28 1
0.0543268 -0.0390977 0.279833 1
0.0578004 -0.0389813 0.279 1
0.0614349 -0.0389813 0.279 1
0.0650285 -0.0392937 0.279059 1
0.0681771 -0.0395042 0.279231 1
0.0717327 -0.0395874 0.279 1
0.0747615 -0.039993 0.279 1
0.0242679 -0.0351668 0.28 1
0.0257877 -0.0351668 0.28 1
0.0382501 -0.0354709 0.28 1
0.0405318 -0.0355905 0.279571 1
0.043829 -0.0362251 0.279263 1
0.047217 -0.0361438 0.278437 1
0.0505689 -0.0369119 0.278586 1
0.0541911 -0.0369754 0.277583 1
0.0577904 -0.0369641 0.2775 1
0.0611266 -0.037098 0.2776 1
0.064718 -0.0375659 0.2775 1
0.0690133 -0.0382003 0.277 1
0.00268666 -0.0315167 0.28 1
0.00451043 -0.0315167 0.28 1
0.00998173 -0.0324292 0.28 1
0.0123972 -0.0323907 0.279667 1
0.0157007 -0.0323134 0.279 1
0.0193509 -0.0327447 0.279222 1
0.0227037 -0.0329491 0.27872 1
0.026213 -0.0331147 0.278067 1
0.0297324 -0.0330549 0.278107 1
0.0333029 -0.0332022 0.2788 1
0.0368444 -0.0334777 0.278583 1
0.0399017 -0.0336781 0.27775 1
0.0435062 -0.0342301 0.277333 1
0.0472456 -0.0348528 0.2775 1
0.0498685 -0.03479 0.277 1
-0.00795198 -0.0287792 0.28 1
-0.00499263 -0.028909 0.279571 1
-0.00156539 -0.0293015 0.279167 1
0.00184729 -0.029365 0.278455 1
0.00500079 -0.0297719 0.278286 1
0.00870328 -0.0303878 0.278 1
0.0120664 -0.0304636 0.2776 1
0.0158889 -0.0308781 0.277 1
0.0191966 -0.0308782 0.277 1
0.0216023 -0.0308782 0.277 1
0.0348332 -0.0311791 0.277 1
-0.0216302 -0.0251292 0.28 1
-0.0189014 -0.025544 0.2792 1
-0.0155365 -0.0259359 0.278833 1
-0.0123438 -0.0261126 0.278235 1
-0.00891981 -0.0266315 0.278077 1
-0.0053912 -0.0271796 0.277857 1
-0.00155383 -0.0272836 0.277167 1
0.00115435 -0.0272672 0.277 1
-0.0286603 -0.0221478 0.2792 1
-0.0261085 -0.0224153 0.278545 1
-0.0229415 -0.0232764 0.2782 1
-0.0193227 -0.0236905 0.2774 1
-0.0174893 -0.0236563 0.277 1
-0.0265105 -0.0204967 0.277 1
0.0903133 0.00989536 0.277 1
0.0919792 0.00982005 0.2774 1
0.0832467 0.0139577 0.277 1
0.0860314 0.0127658 0.27725 1
0.0894367 0.0123729 0.278227 1
0.0923944 0.0122509 0.2792 1
0.0795292 0.016706 0.277667 1
0.0822306 0.0159968 0.278182 1
0.0856665 0.0154182 0.279286 1
0.0887663 0.0146461 0.2798 1
0.0724213 0.0202768 0.277 1
0.0753728 0.0197405 0.2779 1
0.0784573 0.0190847 0.278727 1
0.0819628 0.0180502 0.2798 1
0.0655051 0.0238878 0.277 1
0.0686594 0.0230698 0.278 1
0.0717069 0.0223569 0.2789 1
0.0748391 0.022228 0.279667 1
0.0585889 0.0274987 0.277 1
0.061498 0.0264747 0.27748 1
0.0647641 0.0260616 0.278407 1
0.0678479 0.0258458 0.279571 1
0.0522741 0.0311096 0.277 1
0.0546083 0.0301042 0.277353 1
0.0577192 0.0297718 0.278333 1
0.0610512 0.0292972 0.279118 1
0.0642979 0.0284951 0.279889 1
0.0442213 0.0341795 0.277143 1
0.0473587 0.0337118 0.277684 1
0.0507087 0.0332937 0.278185 1
0.0542425 0.0328244 0.279316 1
0.0572688 0.0319629 0.279571 1
0.0345325 0.0380306 0.277 1
0.0372237 0.0375068 0.277231 1
0.0402945 0.0369835 0.27816 1
0.0437718 0.036433 0.278741 1
0.0472572 0.0359244 0.279333 1
0.0503379 0.0353502 0.2796 1
0.0273156 0.0416416 0.277 1
0.0301588 0.0412536 0.277857 1
0.0334055 0.0400833 0.277833 1
0.0366552 0.0401203 0.27896 1
0.0396912 0.0394979 0.279636 1
0.019798 0.0452525 0.277 1
0.0228513 0.0447405 0.277556 1
0.0263227 0.0438286 0.278231 1
0.0295742 0.0434756 0.2793 1
0.0327788 0.0426401 0.28 1
0.0125811 0.0484121 0.277 1
0.016205 0.0477031 0.27725 1
0.0193489 0.0473422 0.278043 1
0.0223558 0.0468902 0.279238 1
0.0251797 0.0460467 0.28 1
0.00586539 0.0518726 0.277 1
0.00870472 0.0511553 0.278 1
0.0124293 0.0508553 0.278625 1
0.0156962 0.050109 0.2789 1
0.0185835 0.04987 0.279833 1
-0.00425833 0.0551826 0.277 1
-0.00155199 0.0551826 0.277 1
0.0017596 0.0552623 0.2774 1
0.00517379 0.0543895 0.278214 1
0.00845518 0.0536034 0.27975 1
-0.0042942 0.0571654 0.279333 1
-0.00156506 0.0571654 0.279333 1
0.00162961 0.0570509 0.279231 1
0.00487518 0.0568144 0.28 1
0.0555569 -0.042307 0.283 1
0.0577074 -0.042307 0.283 1
0.0606069 -0.0421874 0.2822 1
0.0687673 -0.0429219 0.283 1
0.0718917 -0.0424639 0.282 1
0.0743408 -0.0424639 0.282 1
0.0377383 -0.0386179 0.283 1
0.0395816 -0.0386179 0.283 1
0.0444971 -0.0395402 0.283 1
0.0475118 -0.0394936 0.282667 1
0.0507673 -0.0400144 0.282 1
0.0542281 -0.0406958 0.281571 1
0.0576349 -0.0408378 0.281588 1
0.0611455 -0.0408443 0.281389 1
0.0647521 -0.0410889 0.281571 1
0.0682813 -0.0410923 0.281 1
0.0716368 -0.0410923 0.281 1
0.0740772 -0.0410923 0.281 1
0.0159258 -0.0355436 0.283 1
0.0192695 -0.0354808 0.2825 1
0.0230448 -0.0360826 0.2824 1
0.0267774 -0.0363513 0.2821 1
0.0296637 -0.0363603 0.282167 1
0.0333478 -0.0363709 0.28225 1
0.0368721 -0.0364741 0.281667 1
0.0403117 -0.0373833 0.281667 1
0.0436744 -0.0381299 0.281667 1
0.047233 -0.0380396 0.281 1
-0.00742274 -0.0318544 0.283 1
-0.00526453 -0.0317982 0.2825 1
-0.0011965 -0.0319584 0.281875 1
0.00164712 -0.0324763 0.282231 1
0.00546104 -0.0329683 0.282 1
0.00857733 -0.0333738 0.2818 1
0.0124859 -0.0338462 0.281667 1
0.0158508 -0.0341536 0.281667 1
0.0187615 -0.0343166 0.28175 1
0.0225711 -0.0347559 0.2816 1
-0.021862 -0.0281653 0.283 1
-0.0188861 -0.0284944 0.2826 1
-0.015682 -0.029019 0.282333 1
-0.012304 -0.0296202 0.2822 1
-0.0091309 -0.0298562 0.281842 1
-0.00543971 -0.0305219 0.281687 1
-0.00157883 -0.031074 0.2815 1
0.00117102 -0.0310188 0.281 1
-0.0283136 -0.0253984 0.283 1
-0.026133 -0.0255734 0.282667 1
-0.0229614 -0.026119 0.2818 1
-0.0198109 -0.0270673 0.2818 1
-0.0162167 -0.027661 0.281 1
-0.0288258 -0.0240833 0.282 1
-0.0269259 -0.0240263 0.281333 1
0.0868891 0.0169066 0.281 1
0.0897495 0.0162874 0.282 1
0.0926979 0.015161 0.281545 1
0.0801781 0.0199592 0.281 1
0.0821756 0.0199638 0.281737 1
0.0854197 0.0189764 0.282143 1
0.0883258 0.0182351 0.282667 1
0.0722469 0.0239275 0.281 1
0.0757599 0.0235488 0.281333 1
0.0785464 0.022595 0.282 1
0.0821483 0.0218433 0.283 1
0.0847426 0.0210235 0.283 1
0.0688512 0.027249 0.281667 1
0.0716188 0.025816 0.281909 1
0.0749923 0.0252867 0.282533 1
0.0778927 0.0246835 0.282667 1
0.0616627 0.030859 0.281111 1
0.0648586 0.0303057 0.281905 1
0.0679025 0.0291262 0.282467 1
0.0524189 0.0349167 0.281 1
0.0547372 0.0341841 0.281 1
0.0577982 0.0335121 0.281444 1
0.0610123 0.0327991 0.282235 1
0.0640832 0.0323382 0.282857 1
0.0472905 0.0377087 0.281333 1
0.0508485 0.0371077 0.281952 1
0.0541603 0.0359956 0.282412 1
0.0574002 0.0354727 0.283 1
0.0383867 0.0413271 0.281 1
0.0405609 0.0410623 0.281571 1
0.043763 0.040283 0.282222 1
0.0469519 0.0394736 0.282714 1
0.0491053 0.0391618 0.283 1
0.0304924 0.0450435 0.281333 1
0.0333874 0.0442315 0.2818 1
0.0367006 0.0433291 0.2821 1
0.0398544 0.0431205 0.28275 1
0.0235786 0.0481382 0.2812 1
0.0264222 0.0474152 0.281667 1
0.0294698 0.0470393 0.282217 1
0.0329764 0.046079 0.283 1
0.0158254 0.0520481 0.2812 1
0.019499 0.0513832 0.281882 1
0.0226598 0.050505 0.2823 1
0.0256846 0.0497784 0.282818 1
0.0282145 0.049307 0.283 1
0.00915091 0.0551792 0.281143 1
0.0123431 0.0541987 0.281545 1
0.0154686 0.0536118 0.282133 1
0.0186751 0.0529493 0.28275 1
-0.00372293 0.0589358 0.282 1
-0.00158 0.0589358 0.282 1
0.00204711 0.0587016 0.281714 1
0.00532599 0.0582075 0.281857 1
0.00852858 0.0571369 0.282187 1
0.0113175 0.0563779 0.283 1
-0.00373173 0.0603041 0.282667 1
-0.00158374 0.0603041 0.282667 1
0.00145576 0.0601667 0.282545 1
0.00455875 0.0597596 0.283 1
0.0725433 -0.0460228 0.287 1
0.0454376 -0.0425932 0.287 1
0.0472397 -0.0425339 0.2866 1
0.050841 -0.0431314 0.286059 1
0.0542111 -0.0433989 0.285625 1
0.057981 -0.0437339 0.285429 1
0.0614781 -0.0438976 0.285778 1
0.0648136 -0.0436354 0.285273 1
0.067808 -0.0439484 0.285 1
0.0722219 -0.0443991 0.284857 1
0.0739431 -0.0439991 0.284 1
0.0161509 -0.0385402 0.287 1
0.0186434 -0.0385402 0.287 1
0.0225713 -0.0389255 0.286778 1
0.0267221 -0.0396007 0.286286 1
0.0297616 -0.039659 0.286067 1
0.0333653 -0.0398952 0.285727 1
0.0367524 -0.0403011 0.285571 1
0.0403261 -0.0403718 0.284909 1
0.0434377 -0.0407675 0.285125 1
0.0472021 -0.040986 0.2845 1
0.0506764 -0.0416382 0.284429 1
0.0539034 -0.0418395 0.284 1
-5.02159e-05 -0.0357342 0.287 1
0.00181531 -0.0356844 0.2866 1
0.00547641 -0.0361085 0.286 1
0.00878825 -0.0360848 0.285273 1
0.0121603 -0.0361743 0.285091 1
0.0156772 -0.0369076 0.285526 1
0.0194529 -0.0371872 0.285421 1
0.0224577 -0.0376656 0.285091 1
0.0259512 -0.0377453 0.284615 1
0.0296515 -0.0382716 0.285 1
0.032976 -0.0381821 0.284333 1
0.0360218 -0.0381373 0.284 1
-0.0190554 -0.0319929 0.287 1
-0.0155866 -0.0322211 0.28625 1
-0.0121727 -0.0328532 0.286333 1
-0.00861237 -0.03329 0.2858 1
-0.00531696 -0.0336687 0.285333 1
-0.00173744 -0.0336858 0.285 1
0.00180263 -0.0341987 0.2846 1
0.00457486 -0.0341266 0.284 1
-0.032141 -0.0285634 0.287 1
-0.0296484 -0.0285634 0.287 1
-0.0260218 -0.0293114 0.286412 1
-0.0227868 -0.0298044 0.285593 1
-0.0194469 -0.030042 0.28475 1
-0.0157732 -0.0304244 0.284 1
-0.012116 -0.0314603 0.285 1
-0.00899049 -0.0313499 0.284 1
-0.032141 -0.0279398 0.287 1
-0.0298287 -0.0266858 0.2855 1
-0.0264144 -0.0270887 0.2846 1
-0.023509 -0.0276802 0.284333 1
0.0927496 0.017087 0.284 1
0.0865836 0.0204807 0.284 1
0.0892651 0.0195833 0.284632 1
0.0927576 0.0192322 0.286273 1
0.0946641 0.0197617 0.287 1
0.0800256 0.0237415 0.28425 1
0.0822959 0.0234195 0.284412 1
0.0857432 0.022866 0.285308 1
0.0891312 0.0223422 0.286381 1
0.0918601 0.0213206 0.287 1
0.0722988 0.0275766 0.284 1
0.0751596 0.0273435 0.284375 1
0.0786642 0.0262922 0.284955 1
0.0819276 0.0259388 0.286158 1
0.0850108 0.0253446 0.286667 1
0.0690328 0.0304797 0.2846 1
0.0718015 0.0299031 0.285083 1
0.0751024 0.0298357 0.286167 1
0.0780606 0.0290819 0.286667 1
0.0613027 0.0343639 0.284 1
0.0648608 0.0339904 0.285 1
0.068087 0.0330089 0.285833 1
0.071297 0.0322327 0.287 1
0.0543446 0.0377334 0.284333 1
0.0576677 0.03706 0.284765 1
0.0611224 0.0366422 0.285917 1
0.0643589 0.0362587 0.286429 1
0.0673507 0.0356623 0.287 1
0.0478115 0.0409948 0.284273 1
0.0508376 0.0404813 0.285217 1
0.0542115 0.0400331 0.286 1
0.0574146 0.0391913 0.286273 1
0.0600809 0.03878 0.287 1
0.0366384 0.045162 0.284 1
0.0406643 0.0446658 0.284462 1
0.0437411 0.0440663 0.28488 1
0.0471948 0.0435509 0.28556 1
0.0502872 0.0429636 0.286545 1
0.052915 0.0425213 0.287 1
0.0303696 0.0485557 0.284 1
0.0334109 0.0474277 0.284222 1
0.0367219 0.0471977 0.2855 1
0.0401259 0.0469455 0.286235 1
0.0436224 0.0463116 0.286444 1
0.0460607 0.0459509 0.287 1
0.023998 0.0516408 0.284 1
0.0264752 0.0512497 0.284111 1
0.0297123 0.0509623 0.285083 1
0.0330305 0.0506308 0.286125 1
0.0357792 0.0496921 0.287 1
0.0162168 0.0552348 0.2845 1
0.0194732 0.0543972 0.284809 1
0.022829 0.0541716 0.285692 1
0.0262121 0.0538957 0.286 1
0.0291189 0.0535139 0.286714 1
0.00642469 0.0593537 0.284 1
0.00915202 0.0586956 0.2844 1
0.0125032 0.0578842 0.285 1
0.0153902 0.0576835 0.286 1
0.0191291 0.0563493 0.2865 1
0.021759 0.0562394 0.287 1
-0.00374933 0.0621304 0.284 1
-0.00159124 0.0621668 0.284167 1
0.00206892 0.061934 0.284714 1
0.00521468 0.0615794 0.28525 1
0.00864401 0.0609542 0.286 1
0.0115752 0.0604653 0.286833 1
-0.00376253 0.0635876 0.285 1
-0.00145889 0.0643362 0.285818 1
0.00158391 0.0644178 0.286625 1
0.0048309 0.063722 0.287 1
0.00773879 0.0630985 0.287 1
0.0484311 -0.0458738 0.29 1
0.0505459 -0.0457947 0.2895 1
0.0542249 -0.0457156 0.289 1
0.0578622 -0.045912 0.28875 1
0.061127 -0.0460296 0.289 1
0.0648918 -0.0460295 0.289 1
0.0683429 -0.0460296 0.289 1
0.0714819 -0.0465336 0.289 1
0.0238753 -0.0420933 0.29 1
0.0251346 -0.0420933 0.29 1
0.0304865 -0.0430385 0.29 1
0.0332496 -0.0429494 0.2894 1
0.0368801 -0.0430701 0.289 1
0.040265 -0.0434494 0.288909 1
0.0437139 -0.0435909 0.289091 1
0.0473564 -0.0441833 0.288769 1
0.0501916 -0.0446966 0.2889 1
0.0542249 -0.0450877 0.289 1
0.0571637 -0.0449317 0.288 1
0.00215298 -0.038943 0.29 1
0.00579667 -0.0392673 0.2896 1
0.00874398 -0.0394836 0.289333 1
0.012175 -0.0394071 0.288778 1
0.0159251 -0.0398048 0.288933 1
0.0193079 -0.0401573 0.289375 1
0.0228806 -0.0403759 0.288462 1
0.0260063 -0.0411654 0.288923 1
0.0296838 -0.0415382 0.288333 1
0.0327774 -0.0414902 0.288 1
-0.0176805 -0.0351626 0.29 1
-0.0157916 -0.0351626 0.29 1
-0.0119914 -0.0355745 0.2895 1
-0.00864154 -0.0362555 0.2895 1
-0.005386 -0.0366236 0.289083 1
-0.00176183 -0.0366701 0.289 1
0.00192084 -0.037509 0.289 1
0.00477811 -0.037779 0.2888 1
0.00870369 -0.0380487 0.288 1
0.0121428 -0.0380487 0.288 1
0.0143313 -0.0380487 0.288 1
-0.0286991 -0.0323273 0.29 1
-0.0261218 -0.032253 0.289333 1
-0.0226392 -0.0328459 0.289 1
-0.0192887 -0.0333601 0.288933 1
-0.0160733 -0.0338907 0.288909 1
-0.0119532 -0.0345104 0.2885 1
-0.00974243 -0.0346073 0.288 1
-0.0321621 -0.0302271 0.29 1
-0.0297041 -0.0302669 0.288909 1
-0.0266726 -0.0309065 0.2885 1
0.0937433 0.0207692 0.288 1
0.0949939 0.0207692 0.288 1
0.0903042 0.023585 0.288 1
0.0930368 0.0228569 0.288762 1
0.0951544 0.0228927 0.289333 1
0.0831134 0.0273392 0.288 1
0.0861066 0.0266454 0.2886 1
0.0888913 0.0259385 0.2891 1
0.091561 0.0250088 0.29 1
0.0768605 0.0310936 0.288 1
0.0790408 0.0303236 0.288231 1
0.0818264 0.0293766 0.289222 1
0.0852646 0.0287892 0.29 1
0.0696696 0.0345351 0.288 1
0.0720301 0.0337193 0.288375 1
0.0749582 0.0332893 0.288739 1
0.0783838 0.0325756 0.289583 1
0.0808572 0.0316246 0.29 1
0.0619258 0.0383337 0.288333 1
0.0651383 0.0378379 0.288455 1
0.068582 0.0366571 0.288688 1
0.0714468 0.0359735 0.2895 1
0.0736164 0.035405 0.29 1
0.0579522 0.040768 0.288143 1
0.0612323 0.0402514 0.28905 1
0.06412 0.0392033 0.2892 1
0.0673201 0.0385553 0.29 1
0.0511119 0.0444291 0.28825 1
0.0542703 0.0434779 0.288636 1
0.0573592 0.0426739 0.2893 1
0.0597645 0.0423357 0.29 1
0.0404708 0.0485977 0.288111 1
0.0439947 0.0478137 0.288538 1
0.0471809 0.047004 0.288778 1
0.0503519 0.0465006 0.289778 1
0.0346533 0.0520553 0.288 1
0.0370706 0.0510716 0.2888 1
0.0402179 0.0501109 0.289417 1
0.0432143 0.0493915 0.2895 1
0.0265245 0.0558096 0.288 1
0.0301365 0.0545813 0.288667 1
0.0334298 0.0540395 0.289353 1
0.0357311 0.0537405 0.289857 1
0.0170826 0.0585628 0.288 1
0.0194649 0.0581832 0.288389 1
0.0227596 0.0579342 0.288833 1
0.0259349 0.0576148 0.289556 1
0.0288878 0.0566213 0.28975 1
0.00932898 0.0626926 0.288 1
0.0123956 0.0618897 0.288533 1
0.0157977 0.0611286 0.288957 1
0.0188526 0.0607196 0.289647 1
0.0226161 0.0599776 0.29 1
-0.00130097 0.0664469 0.288 1
0.00209347 0.0659106 0.288 1
0.0055302 0.0651897 0.2888 1
0.00862788 0.0646503 0.289176 1
0.0121845 0.0636781 0.289636 1
0.0144308 0.0634429 0.29 1
-0.00130399 0.0678558 0.288667 1
0.00194531 0.0678557 0.289294 1
0.00467151 0.0672234 0.29 1
0.0516523 -0.0490615 0.294 1
0.0535673 -0.0490615 0.294 1
0.0583547 -0.0493809 0.294 1
0.0612271 -0.0493809 0.294 1
0.0647379 -0.0493809 0.294 1
0.0679839 -0.0493747 0.293333 1
0.0715153 -0.0495312 0.293 1
0.0299283 -0.0461557 0.2938 1
0.0333464 -0.04603 0.293 1
0.0371548 -0.0464399 0.293286 1
0.0403204 -0.0466419 0.292833 1
0.0437681 -0.046588 0.2925 1
0.0470758 -0.0468618 0.292444 1
0.0509204 -0.0474622 0.292615 1
0.0541831 -0.0474875 0.292167 1
0.0574494 -0.0475197 0.291769 1
0.0609866 -0.0476671 0.291333 1
0.0647091 -0.0476125 0.291 1
0.0684607 -0.047853 0.2915 1
0.0711899 -0.0480399 0.291667 1
-0.00132808 -0.0420352 0.294 1
0.0012252 -0.0420352 0.294 1
0.0066509 -0.0426739 0.294 1
0.00886558 -0.0425868 0.2934 1
0.0123536 -0.0425288 0.293 1
0.0160651 -0.0431631 0.293308 1
0.0193278 -0.0431177 0.292667 1
0.0228911 -0.0433321 0.2925 1
0.0263176 -0.0440726 0.292667 1
0.0294459 -0.0441992 0.291714 1
0.0331369 -0.0444768 0.291167 1
0.0365938 -0.0444513 0.291 1
0.0470186 -0.0453997 0.291 1
-0.0147328 -0.0391608 0.294 1
-0.0121642 -0.0391075 0.2936 1
-0.00838479 -0.0395386 0.293 1
-0.00520255 -0.0396732 0.292684 1
-0.00157055 -0.0402198 0.292696 1
0.00188969 -0.0406372 0.292611 1
0.00508412 -0.0409262 0.292 1
0.00880515 -0.0413469 0.2914 1
0.0122848 -0.0413378 0.291333 1
0.0155473 -0.0414764 0.29175 1
0.0192397 -0.0416539 0.291333 1
0.0223782 -0.0416063 0.291 1
-0.0319674 -0.0353283 0.294 1
-0.0296775 -0.0356146 0.293727 1
-0.0261693 -0.0362136 0.2934 1
-0.022738 -0.0362162 0.293118 1
-0.0192572 -0.0367926 0.29292 1
-0.0157527 -0.0371082 0.292455 1
-0.0125045 -0.0370206 0.291667 1
-0.00921209 -0.0374967 0.291 1
-0.00384175 -0.0384451 0.291 1
-0.00163043 -0.0384451 0.291 1
0.000580889 -0.0384451 0.291 1
-0.035159 -0.0340507 0.294 1
-0.0331433 -0.0333112 0.2931 1
-0.0298529 -0.0335762 0.292053 1
-0.0262096 -0.0340242 0.291353 1
-0.0228594 -0.0347469 0.2918 1
-0.0196369 -0.0346516 0.291 1
-0.0332207 -0.0311743 0.291 1
0.0902972 0.0272026 0.291 1
0.0931127 0.0262992 0.291809 1
0.0954957 0.0260322 0.291857 1
0.083298 0.0305747 0.291143 1
0.085996 0.0303572 0.291812 1
0.0891183 0.0299684 0.292857 1
0.0920517 0.0287209 0.293429 1
0.0763975 0.0348948 0.291 1
0.0789257 0.0340914 0.2917 1
0.0824135 0.0331932 0.293 1
0.0860638 0.0323581 0.2938 1
0.0883556 0.0323801 0.294 1
0.0694476 0.038056 0.291 1
0.072141 0.0376153 0.291667 1
0.0753076 0.0370067 0.292455 1
0.0784523 0.0364408 0.29325 1
0.0815614 0.0352146 0.293667 1
0.0620084 0.0419454 0.291667 1
0.0648484 0.0407918 0.291625 1
0.0684492 0.0404035 0.293 1
0.0716383 0.0397957 0.293118 1
0.0748694 0.0393419 0.293857 1
0.0555479 0.0450107 0.291 1
0.0577481 0.0444743 0.291308 1
0.0612487 0.0440272 0.292692 1
0.0645209 0.0432928 0.293429 1
0.0480927 0.0485512 0.291 1
0.0508233 0.0481784 0.291857 1
0.0541738 0.0471645 0.29225 1
0.0575235 0.0469304 0.293556 1
0.0406819 0.0518818 0.292111 1
0.0439177 0.0511013 0.291947 1
0.0472625 0.0506455 0.2925 1
0.050588 0.0506098 0.293706 1
0.0538152 0.049557 0.293857 1
0.0309075 0.0557588 0.291 1
0.0331387 0.0557907 0.291167 1
0.0370441 0.0546168 0.291437 1
0.0401547 0.0542338 0.293 1
0.0432206 0.0537725 0.293714 1
0.0462267 0.0528204 0.294 1
0.0274326 0.0586038 0.291 1
0.0300504 0.0582401 0.292059 1
0.0330928 0.057738 0.292269 1
0.0367846 0.0575844 0.293238 1
0.0392051 0.0572917 0.294 1
0.0197575 0.0622223 0.291167 1
0.0226842 0.0617139 0.291875 1
0.0260517 0.0608591 0.292333 1
0.0295975 0.0606299 0.293667 1
0.0329816 0.0600064 0.294 1
0.0360136 0.0595274 0.294 1
0.00942617 0.0658746 0.291 1
0.0124947 0.065423 0.291625 1
0.0158627 0.064655 0.291947 1
0.0192135 0.0646995 0.293091 1
0.0226263 0.0638048 0.2934 1
0.0251621 0.0633599 0.294 1
-0.00131453 0.069668 0.291 1
0.00185044 0.0698595 0.2918 1
0.00547046 0.0686756 0.291556 1
0.00881011 0.0681588 0.292524 1
0.0121663 0.0676195 0.29325 1
0.015717 0.0668861 0.293857 1
-0.00132055 0.071259 0.292333 1
0.00185749 0.0713887 0.292867 1
0.00522526 0.0712018 0.293556 1
0.0299327 -0.0495622 0.297 1
0.0331569 -0.0495622 0.297 1
0.0366779 -0.0495288 0.2968 1
0.040091 -0.0493675 0.295833 1
0.0439917 -0.0499722 0.296143 1
0.0473436 -0.0501472 0.296412 1
0.0506091 -0.0501773 0.296231 1
0.0545736 -0.0503616 0.296 1
0.0573293 -0.0507041 0.296125 1
0.0613223 -0.0510031 0.296 1
0.0648569 -0.0510031 0.296 1
0.0685522 -0.0506826 0.296 1
0.0712835 -0.0510031 0.296 1
0.0096205 -0.0456905 0.297 1
0.0121998 -0.0456905 0.297 1
0.0157096 -0.045588 0.296333 1
0.0182641 -0.0455367 0.296 1
0.0231455 -0.046627 0.2968 1
0.0264492 -0.0470919 0.296111 1
0.0296305 -0.0478243 0.295778 1
0.0332175 -0.0481101 0.29575 1
0.0363444 -0.0481099 0.295692 1
0.040091 -0.0487248 0.295833 1
0.0438219 -0.0485875 0.295 1
0.0473446 -0.0485875 0.295 1
0.0499066 -0.0485875 0.295 1
-0.0142383 -0.0424641 0.297 1
-0.0123038 -0.0424641 0.297 1
-0.00873899 -0.0423688 0.296333 1
-0.00504629 -0.0428777 0.296077 1
-0.00165766 -0.0432863 0.296 1
0.00187434 -0.0435792 0.2958 1
0.00500045 -0.0436756 0.296143 1
0.00881044 -0.0440928 0.2958 1
0.0121451 -0.0442021 0.295667 1
0.0151695 -0.0444787 0.2958 1
0.0194187 -0.0450202 0.29525 1
0.0223655 -0.0450623 0.295 1
-0.0258452 -0.0392377 0.297 1
-0.0224454 -0.0394653 0.296556 1
-0.019083 -0.0398939 0.295875 1
-0.0159752 -0.0405834 0.295957 1
-0.0122546 -0.0410085 0.2958 1
-0.00923507 -0.0412653 0.2958 1
-0.00517553 -0.0415372 0.295 1
-0.00325406 -0.0415372 0.295 1
-0.0355177 -0.0353661 0.297 1
-0.0331608 -0.0359029 0.2961 1
-0.0297816 -0.0371881 0.295692 1
-0.0261798 -0.0379907 0.295111 1
-0.022789 -0.0380121 0.295 1
0.0908979 0.030888 0.295 1
0.0931354 0.0300876 0.295846 1
0.0957052 0.0295348 0.296571 1
0.0835323 0.0347335 0.295 1
0.0857653 0.0340805 0.295286 1
0.0893306 0.0336844 0.295842 1
0.0922707 0.0325668 0.296667 1
0.0800096 0.0376178 0.295 1
0.0822135 0.0368659 0.2959 1
0.08528 0.0361225 0.2964 1
0.0886124 0.0356143 0.297 1
0.0720034 0.0414633 0.295 1
0.0752685 0.0409263 0.295923 1
0.0783239 0.0397944 0.296176 1
0.0811968 0.0391633 0.297 1
0.0653618 0.0445649 0.295375 1
0.0682963 0.0437635 0.29613 1
0.0716054 0.0433416 0.296571 1
0.075117 0.0426202 0.297 1
0.0773279 0.0420671 0.297 1
0.058043 0.0486303 0.295429 1
0.0611274 0.0473777 0.295429 1
0.0646344 0.047093 0.296318 1
0.0673974 0.0463259 0.297 1
0.051828 0.0517182 0.295 1
0.0545294 0.0512077 0.29575 1
0.0573279 0.0508334 0.296421 1
0.0606509 0.0495187 0.2968 1
0.0442207 0.0549007 0.295167 1
0.0474712 0.0541751 0.295789 1
0.05052 0.0537086 0.29625 1
0.0537915 0.0533594 0.297 1
0.0380576 0.0590889 0.295 1
0.0408164 0.0580517 0.295471 1
0.043535 0.0575338 0.296368 1
0.0460872 0.0566124 0.2968 1
0.0268489 0.0629345 0.295 1
0.029896 0.0620987 0.295182 1
0.0334846 0.0615668 0.295778 1
0.036624 0.0613376 0.2961 1
0.0397961 0.0605517 0.296455 1
0.0425069 0.0601348 0.297 1
0.0229139 0.0655339 0.295571 1
0.0263029 0.064707 0.296067 1
0.0294398 0.0638306 0.296455 1
0.0101962 0.0696642 0.295 1
0.0118886 0.0696429 0.29525 1
0.0157039 0.068593 0.295824 1
0.0192417 0.0680188 0.2962 1
0.0225526 0.0672709 0.2966 1
0.0254189 0.0665876 0.297 1
-0.000692104 0.0731894 0.295 1
0.00186985 0.0731894 0.295 1
0.00572084 0.0728327 0.2955 1
0.00894352 0.071807 0.2959 1
0.0121422 0.071405 0.296714 1
0.0147467 0.0703011 0.296333 1
-0.000694509 0.0744859 0.296333 1
0.00188043 0.074553 0.2966 1
0.00459083 0.0744599 0.297 1
0.00768602 0.0736856 0.297 1
0.0296823 -0.0528455 0.301 1
0.0332767 -0.0528455 0.301 1
0.036768 -0.0526992 0.300167 1
0.0403309 -0.05267 0.3 1
0.0438253 -0.0532482 0.3005 1
0.0470005 -0.0537175 0.301 1
0.0509526 -0.0530911 0.300333 1
0.0542622 -0.053837 0.3002 1
0.0577314 -0.0539052 0.299611 1
0.0612537 -0.0538551 0.299333 1
0.0645613 -0.0539033 0.2996 1
0.0681211 -0.0540239 0.300059 1
0.0706354 -0.0536786 0.2998 1
0.0238006 -0.0499027 0.301 1
0.0264806 -0.0502249 0.299476 1
0.029623 -0.0511669 0.299667 1
0.0331293 -0.0513108 0.299667 1
0.0366047 -0.0511681 0.298833 1
0.0401517 -0.0511395 0.298667 1
0.0435612 -0.0517281 0.298857 1
0.0473374 -0.0521696 0.299 1
0.0505775 -0.0518385 0.298429 1
0.053966 -0.0519847 0.298556 1
0.057886 -0.0523481 0.298167 1
0.0614131 -0.0523188 0.298 1
0.0646482 -0.0523188 0.298 1
0.0680194 -0.0524242 0.2986 1
0.0707077 -0.0524944 0.299 1
-0.00756811 -0.0459789 0.301 1
-0.00527157 -0.0458872 0.3004 1
-0.00148592 -0.0464448 0.3002 1
0.00190366 -0.0468573 0.300333 1
0.0051597 -0.0468261 0.300133 1
0.0087507 -0.0470567 0.299647 1
0.0123231 -0.0477837 0.3 1
0.0156996 -0.0475509 0.298909 1
0.0192512 -0.0476979 0.299091 1
0.0224524 -0.048056 0.299 1
0.0248575 -0.0481104 0.298 1
-0.0261933 -0.0423821 0.301 1
-0.0228657 -0.0422695 0.3002 1
-0.0190493 -0.0428942 0.3 1
-0.0157508 -0.0439164 0.299947 1
-0.0124143 -0.0441482 0.299667 1
-0.00882599 -0.0440998 0.299333 1
-0.00551734 -0.0444492 0.298571 1
-0.00150878 -0.0448491 0.298375 1
0.00189521 -0.0453486 0.299 1
0.00513677 -0.0453183 0.2988 1
0.0077119 -0.0451969 0.298 1
-0.0333168 -0.0393606 0.3004 1
-0.0297834 -0.0399486 0.299455 1
-0.0262886 -0.0406763 0.299471 1
-0.0229061 -0.0410635 0.299182 1
-0.0195929 -0.0413584 0.298333 1
-0.0362374 -0.0373411 0.299143 1
-0.033536 -0.0374085 0.298214 1
0.0960278 0.0312021 0.298 1
0.0935674 0.0336205 0.2982 1
0.0962611 0.0333664 0.299182 1
0.0859381 0.037685 0.298429 1
0.0893562 0.0370326 0.298889 1
0.0928024 0.0362992 0.299842 1
0.0966044 0.0357432 0.3008 1
0.0794532 0.0412007 0.2982 1
0.0825139 0.0407545 0.299316 1
0.0855877 0.0403478 0.300294 1
0.0888351 0.0393209 0.300667 1
0.0914396 0.0387098 0.301 1
0.0695007 0.045446 0.298 1
0.0720078 0.0447176 0.298 1
0.0754219 0.0441901 0.298571 1
0.0787316 0.0438473 0.299565 1
0.0817947 0.0430381 0.300778 1
0.084251 0.0426336 0.301 1
0.0659422 0.0483594 0.298 1
0.0683342 0.0476925 0.298471 1
0.0717617 0.0470737 0.299391 1
0.075128 0.0469206 0.300273 1
0.0777158 0.0466664 0.301 1
0.0589869 0.0514348 0.298 1
0.0615775 0.0510416 0.298632 1
0.0647794 0.0508316 0.2992 1
0.0682111 0.0506005 0.30015 1
0.0714132 0.0496638 0.300727 1
0.0741214 0.0491733 0.301 1
0.0481496 0.0558051 0.298 1
0.0511901 0.0554359 0.298333 1
0.0544732 0.0548371 0.298692 1
0.0579011 0.0543054 0.299455 1
0.0612297 0.0536208 0.300267 1
0.0642116 0.053327 0.300714 1
0.066606 0.0530971 0.301 1
0.0449525 0.0587682 0.29825 1
0.0475493 0.0581506 0.2989 1
0.0506406 0.0577089 0.299737 1
0.0538949 0.0571132 0.300333 1
0.0564765 0.0566939 0.301 1
0.038121 0.0626033 0.298 1
0.0403751 0.0620395 0.2984 1
0.0435909 0.0613243 0.299316 1
0.0469623 0.0608943 0.30075 1
0.0505948 0.0596368 0.301 1
0.0271531 0.0662383 0.298333 1
0.0299101 0.0654229 0.298556 1
0.0331717 0.0645863 0.298454 1
0.036651 0.0648069 0.2992 1
0.0400561 0.064425 0.300111 1
0.0429847 0.0634198 0.300333 1
0.022822 0.0689007 0.298167 1
0.026208 0.0684075 0.299435 1
0.0297556 0.0675232 0.3002 1
0.0332767 0.0671574 0.301 1
0.0358907 0.0671574 0.301 1
0.0123635 0.0729359 0.298333 1
0.0160175 0.0716991 0.298652 1
0.0193833 0.0717653 0.299538 1
0.0226008 0.0714254 0.3 1
0.0258223 0.0707769 0.30075 1
-0.000699145 0.0761997 0.298 1
0.00188887 0.0761997 0.298 1
0.00530788 0.0758306 0.298667 1
0.00885866 0.0753567 0.299238 1
0.0123597 0.0750106 0.3 1
0.0156019 0.0742032 0.3004 1
-5.2403e-05 0.0785365 0.2995 1
0.00190222 0.0786414 0.2999 1
0.00509876 0.0786509 0.300526 1
0.00826798 0.0776773 0.300583 1
0.0110571 0.0772939 0.301 1
-5.26654e-05 0.0808907 0.301 1
0.00190788 0.0808907 0.301 1
0.0408687 -0.0560142 0.304 1
0.0428488 -0.0560142 0.304 1
0.047799 -0.0563445 0.304 1
0.0507691 -0.0563444 0.304 1
0.0542203 -0.0564882 0.303 1
0.05825 -0.0570794 0.303273 1
0.0612511 -0.0571066 0.303 1
0.0649045 -0.0572413 0.303294 1
0.0679853 -0.0570099 0.302909 1
0.0264545 -0.0534207 0.303333 1
0.0295883 -0.0542557 0.3034 1
0.0331688 -0.0541841 0.303 1
0.0367871 -0.0541841 0.303 1
0.0403913 -0.054275 0.3024 1
0.0436678 -0.0546299 0.302667 1
0.0475037 -0.0548801 0.302429 1
0.050763 -0.0546614 0.302 1
0.0539297 -0.0555378 0.30275 1
0.0577227 -0.0557194 0.3024 1
0.0612539 -0.0556457 0.302 1
0.0649891 -0.0557562 0.3026 1
0.06832 -0.0557931 0.3028 1
-0.0046734 -0.0494093 0.304 1
-0.00170209 -0.049328 0.3035 1
0.00192056 -0.0492468 0.303 1
0.00520985 -0.0492468 0.303 1
0.00894549 -0.0499502 0.303267 1
0.0127282 -0.0506117 0.303 1
0.0157356 -0.0508947 0.303 1
0.019198 -0.0508196 0.302909 1
0.0225412 -0.0511324 0.303111 1
0.0259124 -0.0517088 0.302 1
-0.018204 -0.0464371 0.304 1
-0.0156223 -0.0465045 0.303 1
-0.0122234 -0.0469449 0.303 1
-0.00885188 -0.0471089 0.303 1
-0.00516052 -0.0477934 0.302769 1
-0.00218884 -0.0480563 0.30275 1
0.00192056 -0.0485885 0.303 1
0.00520985 -0.0485885 0.303 1
0.00847584 -0.0484602 0.3022 1
-0.0320124 -0.0424044 0.3035 1
-0.0295903 -0.043223 0.303286 1
-0.0263674 -0.0436511 0.303 1
-0.022403 -0.0440594 0.302778 1
-0.0193303 -0.0446996 0.302667 1
-0.0363039 -0.0400979 0.302667 1
-0.0335386 -0.0409366 0.3024 1
-0.0292309 -0.0418667 0.302 1
0.0933826 0.0381823 0.302 1
0.0964396 0.0375683 0.302333 1
0.0984088 0.0375683 0.302333 1
0.0893891 0.0409389 0.302167 1
0.0926373 0.0399996 0.302778 1
0.0961776 0.0392868 0.303286 1
0.0986258 0.038967 0.303 1
0.082422 0.0445108 0.3022 1
0.0857933 0.0436197 0.303091 1
0.0888732 0.0432543 0.303714 1
0.0760915 0.0487342 0.302333 1
0.079134 0.0474292 0.302385 1
0.082161 0.046919 0.303333 1
0.0850907 0.0461959 0.304 1
0.0720221 0.0513559 0.302571 1
0.0752137 0.0508583 0.303471 1
0.0789252 0.049357 0.303857 1
0.0612539 0.05557 0.302 1
0.0648916 0.0547066 0.302385 1
0.068284 0.054124 0.302909 1
0.0714434 0.0532084 0.3035 1
0.0524022 0.0591787 0.302 1
0.0548869 0.0588284 0.302444 1
0.0580373 0.057847 0.30275 1
0.0609769 0.0573536 0.303333 1
0.0645589 0.056867 0.303667 1
0.0675999 0.0562682 0.304 1
0.0478659 0.0622 0.302333 1
0.0508363 0.061652 0.302947 1
0.0540373 0.0607494 0.303538 1
0.0570394 0.0599009 0.304 1
0.040496 0.0660461 0.3022 1
0.0439829 0.064839 0.302722 1
0.0470975 0.0641212 0.303429 1
0.0494491 0.0638638 0.304 1
0.0302149 0.0693165 0.302333 1
0.0332387 0.0688446 0.302273 1
0.037069 0.0685453 0.303 1
0.0399536 0.0679793 0.3034 1
0.0429248 0.0668801 0.3036 1
0.0242076 0.0726296 0.302 1
0.0264182 0.0723579 0.302917 1
0.0292699 0.0714198 0.303267 1
0.0334189 0.0704775 0.303909 1
0.0355884 0.0701384 0.304 1
0.012733 0.0768945 0.302 1
0.0157058 0.0760108 0.3024 1
0.0192112 0.0754672 0.303091 1
0.022758 0.0747689 0.303235 1
0.0254075 0.0744489 0.3038 1
0.00650404 0.0798471 0.302 1
0.0089707 0.0794211 0.30225 1
0.0123026 0.0788106 0.303056 1
0.0155214 0.0781334 0.303625 1
0.0180976 0.0777339 0.304 1
-5.28404e-05 0.0824717 0.302 1
0.00191422 0.0824717 0.302 1
0.00506463 0.0820143 0.303 1
0.00852246 0.0816431 0.3038 1
0.0114973 0.0807062 0.304 1
-5.31903e-05 0.0843388 0.304 1
0.0019269 0.0843388 0.304 1
0.00423701 0.0843389 0.304 1
0.0487623 -0.0600971 0.308 1
0.0507684 -0.0600971 0.308 1
0.054416 -0.0600646 0.307833 1
0.0584226 -0.0603914 0.307222 1
0.0613665 -0.0605045 0.306875 1
0.064744 -0.0603331 0.3058 1
0.06716 -0.0595117 0.305 1
0.0240198 -0.0564166 0.308 1
0.0259596 -0.0564457 0.30725 1
0.0299533 -0.0572607 0.307133 1
0.0332151 -0.0571361 0.306467 1
0.0366409 -0.0570541 0.30625 1
0.0400265 -0.0575678 0.306471 1
0.0437482 -0.0578131 0.306722 1
0.0469608 -0.0577836 0.306133 1
0.0507702 -0.0584516 0.306588 1
0.0543552 -0.0584802 0.306312 1
0.0573336 -0.0584472 0.305727 1
0.0612657 -0.0589134 0.305333 1
0.0648423 -0.0588491 0.305 1
0.06716 -0.0588491 0.305 1
-0.00473489 -0.0527361 0.308 1
-0.00130685 -0.0529228 0.307625 1
0.00183049 -0.0536331 0.307909 1
0.00529583 -0.0537399 0.308 1
0.00862688 -0.0536701 0.3076 1
0.012552 -0.0541357 0.3072 1
0.0159433 -0.0542346 0.307 1
0.0192637 -0.0541988 0.3068 1
0.0227354 -0.0540449 0.306273 1
0.0259601 -0.0550386 0.305917 1
0.0297834 -0.0556086 0.3054 1
0.0330567 -0.0555358 0.305 1
0.0366988 -0.0555358 0.305 1
0.0393476 -0.0555358 0.305 1
-0.0184436 -0.0497249 0.308 1
-0.0157204 -0.0495634 0.307 1
-0.012118 -0.0502678 0.306895 1
-0.00869985 -0.0504556 0.306333 1
-0.00537744 -0.0508883 0.306533 1
-0.00171531 -0.0510565 0.305944 1
0.00200628 -0.0512656 0.305526 1
0.00525284 -0.0513136 0.3055 1
0.00835789 -0.0518121 0.305833 1
0.0115352 -0.0518912 0.305 1
-0.0324866 -0.0460444 0.308 1
-0.0293548 -0.0464968 0.307364 1
-0.0261206 -0.0464272 0.306375 1
-0.0225879 -0.0471971 0.306778 1
-0.0195863 -0.047614 0.30625 1
-0.0163051 -0.0479937 0.3055 1
-0.0106486 -0.0489092 0.305 1
-0.00866198 -0.0489092 0.305 1
-0.00634428 -0.0489092 0.305 1
-0.0390465 -0.0428934 0.307 1
-0.0364348 -0.0433598 0.30675 1
-0.0334005 -0.0437772 0.306167 1
-0.0303436 -0.0448176 0.306143 1
-0.0262103 -0.0449333 0.305 1
-0.0235615 -0.0449333 0.305 1
-0.0391232 -0.0412887 0.305 1
-0.0377988 -0.0412887 0.305 1
0.0936481 0.0415436 0.305 1
0.0964899 0.0408245 0.3054 1
0.0985947 0.0414825 0.307 1
0.0873572 0.0451882 0.305 1
0.0899159 0.0448122 0.305444 1
0.0927816 0.0437086 0.306105 1
0.0963807 0.0431899 0.307462 1
0.0985841 0.0430623 0.3078 1
0.083384 0.0481701 0.305 1
0.0859177 0.0477463 0.305533 1
0.0892166 0.04736 0.306739 1
0.0924831 0.046332 0.307571 1
0.0764309 0.0521461 0.305 1
0.0788392 0.0512252 0.305714 1
0.0821268 0.0505697 0.306429 1
0.0852453 0.0503202 0.307333 1
0.0882164 0.0499823 0.308 1
0.0694777 0.0557907 0.305 1
0.0720324 0.0547114 0.305364 1
0.0753876 0.0545451 0.306889 1
0.0784916 0.0536593 0.307385 1
0.0814418 0.0529362 0.307667 1
0.0618624 0.0587726 0.305 1
0.0649287 0.0588497 0.3054 1
0.0682476 0.0579967 0.305941 1
0.0713898 0.0572921 0.307308 1
0.0735047 0.056674 0.308 1
0.0546515 0.0621625 0.305143 1
0.0578775 0.0615236 0.305579 1
0.061021 0.0609294 0.306105 1
0.0644129 0.0607905 0.307077 1
0.0684106 0.0601353 0.307857 1
0.0449763 0.0663932 0.305 1
0.0476251 0.0657305 0.305 1
0.0511029 0.0648696 0.305529 1
0.0541839 0.0645512 0.306429 1
0.0575399 0.064299 0.307429 1
0.0611335 0.0630312 0.308 1
0.0410486 0.0691193 0.305333 1
0.0440025 0.0686069 0.3062 1
0.047169 0.0677994 0.306643 1
0.0502498 0.0673956 0.307556 1
0.0534433 0.0670462 0.308 1
0.0307135 0.0727175 0.3054 1
0.0332022 0.0726745 0.306333 1
0.0367005 0.0719259 0.3064 1
0.0401427 0.0713158 0.307059 1
0.0430782 0.0707267 0.308 1
0.0227926 0.0766644 0.305 1
0.0267602 0.0755698 0.305778 1
0.0299518 0.0751917 0.3071 1
0.0331416 0.0749244 0.307833 1
0.0364388 0.0743116 0.308 1
0.0387316 0.073738 0.308 1
0.0135218 0.080309 0.305 1
0.0163693 0.0795138 0.305 1
0.0194548 0.079045 0.305875 1
0.0226172 0.0791954 0.3071 1
0.0259067 0.0781093 0.307143 1
0.0290352 0.0774184 0.308 1
0.00656865 0.0832909 0.305 1
0.00856777 0.0834002 0.3054 1
0.0123729 0.0824487 0.30605 1
0.0159019 0.0820502 0.306773 1
0.0190352 0.0817404 0.307714 1
0.021345 0.0814335 0.308 1
-5.33653e-05 0.0859416 0.305 1
0.00193708 0.0860543 0.3054 1
0.00551596 0.0857963 0.30625 1
0.0083996 0.0854867 0.307333 1
0.0117996 0.0848324 0.307583 1
0.0153265 0.0844448 0.308 1
0.00228661 0.0877907 0.308 1
0.00429275 0.0877907 0.308 1
0.0556519 -0.0633852 0.311 1
0.0580152 -0.0633852 0.311 1
0.0614826 -0.0632493 0.310333 1
0.0269547 -0.0600067 0.311 1
0.0295785 -0.0598524 0.3102 1
0.0335142 -0.0600672 0.31 1
0.0367793 -0.0601821 0.31 1
0.0403292 -0.0601506 0.31 1
0.0439124 -0.0606088 0.30975 1
0.0470597 -0.0608262 0.31 1
0.0508418 -0.0615968 0.3105 1
0.0546018 -0.0616335 0.309833 1
0.0575792 -0.0618416 0.309769 1
0.0610132 -0.0626133 0.309571 1
0.0642896 -0.0624054 0.3095 1
0.0053431 -0.0569295 0.3108 1
0.0086955 -0.056783 0.31 1
0.0120608 -0.056783 0.31 1
0.0157532 -0.0567524 0.309833 1
0.019286 -0.0575368 0.310091 1
0.0226635 -0.0574916 0.309778 1
0.0263303 -0.0583206 0.309769 1
0.0291627 -0.0588253 0.309857 1
0.0332249 -0.0590767 0.309667 1
0.0368446 -0.0589495 0.309 1
0.0388573 -0.0589495 0.309 1
-0.0176103 -0.052912 0.311 1
-0.0155847 -0.0529119 0.311 1
-0.0121693 -0.0530786 0.31 1
-0.00835431 -0.0535291 0.31 1
-0.00561591 -0.0540083 0.3105 1
-0.00156864 -0.0546175 0.310125 1
0.00196533 -0.0554717 0.3102 1
0.00531302 -0.0552571 0.309 1
0.00866744 -0.0552571 0.309 1
0.0110155 -0.0552571 0.309 1
-0.0355039 -0.0491957 0.311 1
-0.0327547 -0.0494853 0.311 1
-0.0298404 -0.0498857 0.310786 1
-0.0263557 -0.0501446 0.3106 1
-0.022704 -0.0505949 0.31025 1
-0.0195586 -0.0509104 0.309778 1
-0.0154953 -0.0512622 0.3092 1
-0.0121693 -0.0524051 0.31 1
-0.00878213 -0.0522698 0.3092 1
-0.00642748 -0.052236 0.309 1
-0.0399854 -0.0468399 0.310555 1
-0.0366667 -0.0469034 0.310454 1
-0.0334235 -0.0472186 0.310048 1
-0.0298901 -0.0479502 0.3095 1
-0.0262186 -0.0485436 0.309 1
-0.0238705 -0.0485436 0.309 1
-0.0393009 -0.0445155 0.309 1
-0.0379591 -0.0445155 0.309 1
0.0966584 0.044822 0.309333 1
0.0988851 0.0449187 0.31 1
0.0931415 0.048044 0.309818 1
0.0959494 0.0466731 0.310143 1
0.0985289 0.0464149 0.311 1
0.0834712 0.0524943 0.309 1
0.0859151 0.051727 0.309 1
0.089461 0.051215 0.31 1
0.0922541 0.0499499 0.310333 1
0.07975 0.0548483 0.3094 1
0.0822806 0.0546472 0.310417 1
0.0853088 0.0535084 0.3105 1
0.0887381 0.052834 0.311 1
0.072565 0.0587826 0.309286 1
0.0752893 0.0577761 0.31 1
0.0786816 0.0569501 0.310769 1
0.0649864 0.0623346 0.309286 1
0.0682436 0.0618592 0.309667 1
0.0714019 0.0608601 0.31 1
0.0743332 0.0602667 0.311 1
0.0583766 0.0656563 0.309333 1
0.0612189 0.0651519 0.310125 1
0.0642112 0.0640113 0.310091 1
0.0671308 0.0636451 0.311 1
0.0479143 0.0696137 0.309 1
0.0512671 0.0687634 0.3094 1
0.0545053 0.0682829 0.31 1
0.0575859 0.0672532 0.3105 1
0.0407022 0.0728026 0.309 1
0.0439222 0.0720491 0.309571 1
0.046836 0.0716705 0.310429 1
0.0502534 0.070589 0.310333 1
0.052951 0.0704021 0.311 1
0.0338257 0.0763271 0.309 1
0.0371195 0.0759646 0.3098 1
0.0403284 0.0748815 0.310333 1
0.0431602 0.0741184 0.311 1
0.0265065 0.0797688 0.309143 1
0.0298881 0.0786733 0.309294 1
0.0331622 0.0785488 0.310111 1
0.0369331 0.0780599 0.311 1
0.0391088 0.077159 0.311 1
0.0200949 0.0831302 0.309333 1
0.0229802 0.0827116 0.31 1
0.0259886 0.0815747 0.31 1
0.0297955 0.0808839 0.310889 1
0.00900288 0.0870687 0.309 1
0.0124907 0.0864414 0.309556 1
0.0157077 0.0857251 0.30975 1
0.0189899 0.0852997 0.3105 1
0.0215529 0.0849295 0.311 1
0.00230393 0.089805 0.310333 1
0.00533107 0.089324 0.310067 1
0.00834603 0.089095 0.310636 1
0.0118222 0.0880467 0.310375 1
0.014463 0.0879701 0.311 1
0.00230888 0.0913486 0.311 1
0.00433457 0.0913486 0.311 1
0.0614571 -0.0668955 0.3148 1
0.063347 -0.0667255 0.314 1
0.030037 -0.0635161 0.315 1
0.0372181 -0.0638583 0.315 1
0.0401678 -0.0636555 0.314 1
0.0435765 -0.0636555 0.314 1
0.0473001 -0.0636217 0.313833 1
0.0508831 -0.0642326 0.313714 1
0.0540559 -0.0646622 0.3135 1
0.0578571 -0.0649786 0.3138 1
0.0614013 -0.0651756 0.313294 1
0.0640011 -0.065059 0.3132 1
-0.00142294 -0.0604363 0.315 1
0.000628798 -0.0604363 0.315 1
0.00541619 -0.0604363 0.315 1
0.00883575 -0.0604364 0.315 1
0.0122553 -0.0604364 0.315 1
0.0156342 -0.0602829 0.3142 1
0.0192895 -0.0607578 0.314 1
0.022722 -0.0607672 0.313167 1
0.0261817 -0.0610814 0.313286 1
0.0299703 -0.0617621 0.313286 1
0.0330113 -0.061761 0.312769 1
0.0366646 -0.0621324 0.3132 1
0.0402507 -0.0618943 0.312 1
0.0429603 -0.0618943 0.312 1
0.0517664 -0.0629112 0.312 1
0.0537986 -0.0629112 0.312 1
-0.0245193 -0.0563124 0.313 1
-0.022508 -0.0563844 0.3134 1
-0.0191597 -0.0572234 0.314267 1
-0.0155394 -0.0576116 0.314421 1
-0.0125712 -0.0576695 0.314737 1
-0.00893316 -0.0572727 0.314533 1
-0.00551518 -0.0579179 0.31432 1
-0.00187174 -0.0579564 0.313704 1
0.00198395 -0.0580147 0.313 1
0.00537749 -0.058655 0.3128 1
0.00876412 -0.05858 0.3124 1
0.0121689 -0.058655 0.3128 1
0.0155256 -0.058505 0.312 1
-0.0318923 -0.0530821 0.312 1
-0.0298972 -0.0531502 0.3124 1
-0.0262921 -0.0540653 0.313 1
-0.0226043 -0.0541343 0.31263 1
-0.0191926 -0.0543405 0.31287 1
-0.0157016 -0.0550116 0.313333 1
-0.0122853 -0.0549418 0.312933 1
-0.00925152 -0.0550293 0.312727 1
-0.00548869 -0.0555968 0.3128 1
-0.00276419 -0.0554546 0.312 1
-0.0390727 -0.0497605 0.312 1
-0.0367904 -0.050136 0.312 1
-0.0333976 -0.0511238 0.312 1
-0.0298602 -0.0517264 0.312 1
-0.0264732 -0.0517264 0.312 1
-0.0241023 -0.0517263 0.312 1
-0.0393437 -0.048676 0.312 1
-0.0373115 -0.048676 0.312 1
0.0967006 0.0482589 0.312 1
0.0996754 0.0475962 0.312833 1
0.0907169 0.0523261 0.312 1
0.0932277 0.051647 0.312364 1
0.0963934 0.0506779 0.313444 1
0.0996952 0.0507538 0.3145 1
0.0839429 0.0553764 0.312 1
0.0861343 0.0549541 0.312167 1
0.0891767 0.0545688 0.312933 1
0.0925648 0.0541061 0.313667 1
0.0958833 0.053087 0.3145 1
0.0764915 0.0591047 0.312 1
0.0792292 0.0588415 0.313 1
0.0821708 0.05775 0.313294 1
0.0855852 0.0578348 0.3143 1
0.0890937 0.0567592 0.3144 1
0.0915892 0.0562511 0.315 1
0.0727658 0.0621551 0.312 1
0.0756548 0.0617006 0.312824 1
0.0786449 0.0611047 0.314 1
0.0820995 0.0600453 0.3148 1
0.0629435 0.0658834 0.312 1
0.0654188 0.0654805 0.3125 1
0.0685209 0.0645866 0.312933 1
0.0718002 0.0645404 0.3137 1
0.0750802 0.0643139 0.3146 1
0.0785948 0.063095 0.315 1
0.0548147 0.0699506 0.312 1
0.0577582 0.0691449 0.312444 1
0.0612237 0.0684166 0.313095 1
0.0645818 0.0681128 0.314111 1
0.0675241 0.0672686 0.314857 1
0.0479365 0.0729797 0.3122 1
0.0510468 0.0721617 0.312538 1
0.0544019 0.0720041 0.313294 1
0.057532 0.0715244 0.314 1
0.0603572 0.0708513 0.315 1
0.0411838 0.0764209 0.3124 1
0.0439314 0.0756442 0.312714 1
0.0472291 0.0754861 0.313947 1
0.0506541 0.0745406 0.3142 1
0.0536893 0.0743089 0.314667 1
0.0563677 0.0740451 0.315 1
0.0344928 0.0797796 0.312 1
0.0365731 0.0798819 0.3124 1
0.0402116 0.0789017 0.313444 1
0.0434525 0.0781575 0.314333 1
0.045767 0.0778092 0.315 1
0.0267882 0.0833321 0.312429 1
0.029672 0.082704 0.312455 1
0.0332457 0.0820772 0.313 1
0.0365476 0.0822663 0.314375 1
0.039851 0.0810722 0.314571 1
0.0202674 0.0865583 0.312 1
0.0231949 0.0862014 0.312889 1
0.0264375 0.0856502 0.314294 1
0.0298619 0.0847862 0.314455 1
0.0324308 0.084653 0.315 1
0.006042 0.0909644 0.312 1
0.00929352 0.090151 0.312 1
0.0123285 0.0899223 0.3125 1
0.0156325 0.0892785 0.313353 1
0.0190269 0.0887821 0.313867 1
0.021813 0.0888603 0.31475 1
0.0252497 0.0877328 0.315 1
0.00245563 0.0929825 0.3124 1
0.00538266 0.0929089 0.313067 1
0.0088647 0.0924706 0.313474 1
0.0119762 0.0925117 0.314375 1
0.0160169 0.0911547 0.315 1
0.0030193 0.0958446 0.314667 1
0.00524288 0.0953817 0.314833 1
0.00815184 0.0949188 0.315 1
0.0510029 -0.0671878 0.3178 1
0.0545928 -0.0677087 0.317 1
0.0578187 -0.0681247 0.317333 1
0.0609428 -0.0682802 0.3171 1
-0.000741375 -0.0633744 0.316 1
0.00230398 -0.0639399 0.316857 1
0.00517187 -0.0641704 0.318 1
0.00753905 -0.0637756 0.318 1
0.0168598 -0.0637756 0.318 1
0.0194642 -0.0638721 0.317333 1
0.022657 -0.0642659 0.317 1
0.0259619 -0.0640476 0.316824 1
0.0290607 -0.0641051 0.316778 1
0.0333138 -0.0647962 0.3169 1
0.0366676 -0.0655338 0.317429 1
0.0404735 -0.0655169 0.3164 1
0.0438541 -0.0654341 0.316 1
0.0473431 -0.0655169 0.3164 1
0.0496858 -0.0654341 0.316 1
0.0544883 -0.0664639 0.316 1
0.0575757 -0.0664639 0.316 1
0.059634 -0.0664639 0.316 1
-0.0114443 -0.0600103 0.316 1
-0.00897437 -0.0602849 0.316 1
-0.00554396 -0.0613148 0.316 1
-0.00201553 -0.0618051 0.316 1
0.00215756 -0.0614346 0.316222 1
0.00545057 -0.0621975 0.317 1
0.00889186 -0.0621975 0.317 1
0.0123331 -0.0621975 0.317 1
0.0157532 -0.062119 0.3166 1
0.018126 -0.0620013 0.316 1
-0.0117187 -0.0589118 0.316 1
-0.00897437 -0.0589118 0.316 1
0.0932521 0.0557431 0.316 1
0.0962255 0.0550892 0.316545 1
0.0993974 0.0541999 0.317 1
0.089412 0.0586348 0.316167 1
0.0924387 0.0576135 0.316571 1
0.0960552 0.0569731 0.317636 1
0.0798735 0.0626087 0.316 1
0.0822332 0.0616196 0.3165 1
0.0857401 0.0611633 0.3174 1
0.0887501 0.0610701 0.317429 1
0.0915984 0.0602413 0.318 1
0.0757569 0.0656982 0.316 1
0.078979 0.0648744 0.317 1
0.0822608 0.0639322 0.3178 1
0.0654657 0.0694743 0.316 1
0.068738 0.0685334 0.316857 1
0.0714247 0.0678752 0.317 1
0.0750125 0.067326 0.3172 1
0.0776173 0.0674958 0.318 1
0.0589479 0.0725638 0.316 1
0.061385 0.0722514 0.316533 1
0.0646209 0.0714984 0.317143 1
0.0678456 0.0704938 0.3175 1
0.0507479 0.0763881 0.3162 1
0.0544492 0.0758362 0.316538 1
0.0579133 0.0752583 0.317222 1
0.0602622 0.0742878 0.3175 1
0.0441472 0.0797496 0.31625 1
0.0473358 0.0788948 0.317 1
0.0509399 0.0780585 0.3174 1
0.054021 0.0777055 0.317571 1
0.0569045 0.0775139 0.318 1
0.0379485 0.083522 0.316333 1
0.040656 0.0827591 0.316917 1
0.0434038 0.0819126 0.317273 1
0.027045 0.0873247 0.316 1
0.0301324 0.0862949 0.316 1
0.0331308 0.0858752 0.316636 1
0.0364666 0.085374 0.317385 1
0.0396755 0.0847798 0.317857 1
0.0420603 0.0844229 0.318 1
0.0170968 0.0907575 0.316 1
0.018469 0.0907575 0.316 1
0.0233913 0.0896617 0.316286 1
0.0259928 0.0894147 0.3175 1
0.0291315 0.0882152 0.317556 1
0.031704 0.0878774 0.318 1
0.0133233 0.093847 0.316 1
0.0156448 0.0931003 0.316823 1
0.0193559 0.0923468 0.317294 1
0.0223491 0.0915332 0.3175 1
0.00304168 0.097932 0.317 1
0.00571426 0.0971288 0.3164 1
0.00917449 0.0963756 0.316571 1
0.0120907 0.0961521 0.317375 1
0.0152488 0.0954773 0.318 1
0.00304808 0.0995191 0.317667 1
0.00518515 0.0991529 0.3176 1
0.00822947 0.0985864 0.318 1
0.0243367 -0.070654 0.321 1
0.0264275 -0.070654 0.321 1
0.030198 -0.0712326 0.32125 1
0.0326271 -0.0712239 0.322 1
0.0520274 -0.0708741 0.322 1
0.0545927 -0.0709606 0.321333 1
0.057963 -0.0713133 0.320737 1
0.0600415 -0.0711291 0.32 1
0.00933903 -0.0670623 0.3205 1
0.0126155 -0.067262 0.321 1
0.0159799 -0.0675439 0.321133 1
0.0196283 -0.067914 0.320524 1
0.0228091 -0.0682882 0.320455 1
0.0264652 -0.0682188 0.32075 1
0.0298656 -0.068456 0.3205 1
0.033387 -0.0685423 0.3209 1
0.0368816 -0.0685639 0.321 1
0.0402649 -0.068393 0.3202 1
0.0437144 -0.0683503 0.32 1
0.0471883 -0.0683503 0.32 1
0.0504829 -0.0688842 0.320333 1
0.0536205 -0.0688276 0.319 1
0.0605464 -0.0698672 0.319 1
0.00617756 -0.0653623 0.319 1
0.0091148 -0.0648372 0.319445 1
0.0124455 -0.0648518 0.3199 1
0.0156453 -0.0649705 0.319625 1
0.0190193 -0.0654647 0.3195 1
0.0234925 -0.0664018 0.319 1
0.0264994 -0.0660366 0.31975 1
0.0297259 -0.0660553 0.319 1
0.0318037 -0.0660553 0.319 1
0.0937911 0.0590446 0.319 1
0.0967342 0.0585683 0.3198 1
0.100108 0.0575598 0.320375 1
0.101697 0.0583687 0.321 1
0.0903281 0.0621634 0.319 1
0.0930829 0.0613865 0.319687 1
0.0964058 0.0609617 0.321231 1
0.0988678 0.0599497 0.322 1
0.0802855 0.0659754 0.319 1
0.0827421 0.0654814 0.319125 1
0.0858916 0.0647451 0.31976 1
0.0894155 0.0643683 0.32 1
0.0925933 0.064506 0.321727 1
0.0950227 0.0630979 0.322 1
0.0730132 0.0690942 0.319 1
0.0754373 0.0690942 0.319 1
0.0791283 0.068681 0.319923 1
0.0819635 0.0682129 0.32055 1
0.0857928 0.0678831 0.321467 1
0.0890802 0.0669456 0.322 1
0.0653946 0.0729061 0.319 1
0.0685659 0.0721279 0.319714 1
0.0717844 0.0715994 0.320556 1
0.0750103 0.0715022 0.32125 1
0.078895 0.071099 0.3218 1
0.0827883 0.0700938 0.322 1
0.0617397 0.075499 0.319286 1
0.0648771 0.0751872 0.320316 1
0.0679211 0.0748862 0.321273 1
0.0709033 0.0739416 0.322 1
0.048426 0.0798369 0.319 1
0.0505684 0.079937 0.3194 1
0.0544682 0.0794518 0.319727 1
0.0578079 0.0787608 0.320067 1
0.0611091 0.0785425 0.3215 1
0.0646613 0.0776894 0.322 1
0.0670583 0.0770897 0.322 1
0.044155 0.0833022 0.319 1
0.0471967 0.0823956 0.32005 1
0.0506853 0.0817414 0.320688 1
0.0540495 0.0816354 0.321364 1
0.057591 0.0808954 0.321833 1
0.0338814 0.0874607 0.319 1
0.0374232 0.0869489 0.319667 1
0.0405729 0.0865511 0.320333 1
0.0438243 0.0857252 0.3208 1
0.0474255 0.08454 0.3216 1
0.0495805 0.0840856 0.322 1
0.0273018 0.0905795 0.319 1
0.0301726 0.089871 0.319727 1
0.0333001 0.0892842 0.320067 1
0.0366138 0.0888645 0.320938 1
0.0394434 0.088633 0.322 1
0.0436381 0.0875836 0.322 1
0.0172591 0.0943914 0.319 1
0.0179517 0.0943914 0.319 1
0.0230434 0.0931696 0.319167 1
0.0262768 0.0929952 0.320556 1
0.0297261 0.0922296 0.321308 1
0.0336453 0.0914386 0.321889 1
0.0134498 0.0975102 0.319 1
0.016307 0.0967381 0.320091 1
0.0195071 0.0959597 0.320579 1
0.022958 0.0953913 0.3212 1
0.0263351 0.0951042 0.322 1
0.00617756 0.100282 0.319 1
0.00926141 0.100066 0.319571 1
0.0123935 0.0998757 0.32075 1
0.0158895 0.0991067 0.321286 1
0.0181205 0.0984273 0.322 1
0.00539548 0.102801 0.320941 1
0.00864155 0.102732 0.321636 1
0.0128772 0.101575 0.322 1
0.00448787 0.105073 0.322 1
0.0369326 -0.0742444 0.3245 1
0.0400883 -0.0742216 0.3244 1
0.0437137 -0.0747558 0.324 1
0.0469377 -0.0748598 0.324875 1
0.0496896 -0.0743589 0.325 1
0.0552779 -0.074636 0.324667 1
0.0572144 -0.0744061 0.323667 1
0.0337803 -0.0721468 0.323 1
0.0364789 -0.0719298 0.3236 1
0.0399896 -0.0719297 0.3236 1
0.0434505 -0.0718408 0.3232 1
0.047002 -0.0719082 0.3235 1
0.0504356 -0.0720984 0.324 1
0.0540411 -0.0726324 0.3236 1
0.0574486 -0.0728486 0.323 1
0.0968209 0.0626567 0.323333 1
0.0999951 0.0615423 0.324 1
0.102147 0.0612066 0.3242 1
0.0938542 0.0659536 0.324 1
0.0961006 0.0644655 0.324 1
0.0993349 0.0636204 0.324667 1
0.0855537 0.0696528 0.3232 1
0.0893162 0.0687923 0.323556 1
0.0919198 0.0677145 0.324 1
0.0955552 0.0665102 0.325 1
0.0763832 0.0727676 0.323 1
0.0786341 0.0729028 0.3236 1
0.0821466 0.0719594 0.323833 1
0.0854923 0.0710823 0.324182 1
0.088784 0.0703394 0.32475 1
0.0689926 0.0762538 0.3232 1
0.0717943 0.0754112 0.3236 1
0.0750313 0.0747879 0.324385 1
0.077797 0.0745128 0.325 1
0.0623576 0.0797853 0.323 1
0.0650632 0.0791306 0.323667 1
0.0682787 0.0779714 0.324 1
0.0711389 0.0772574 0.324667 1
0.0511371 0.083645 0.323 1
0.0543874 0.0836658 0.323857 1
0.0573225 0.0828108 0.323727 1
0.0607374 0.0816424 0.324333 1
0.0634493 0.0809855 0.325 1
0.0448255 0.0871538 0.323 1
0.0470734 0.0865343 0.323545 1
0.0504938 0.0856204 0.3245 1
0.0542762 0.0852221 0.325 1
0.0578043 0.0841629 0.325 1
0.0378127 0.0903118 0.323 1
0.0402883 0.0900706 0.323571 1
0.0435672 0.0894141 0.324067 1
0.0470782 0.0883572 0.324556 1
0.0297951 0.0943172 0.3235 1
0.0327625 0.0933909 0.323333 1
0.0365521 0.0927753 0.32425 1
0.0387525 0.0922832 0.325 1
0.043339 0.091224 0.325 1
0.0227351 0.0973294 0.323 1
0.0261274 0.0968776 0.323923 1
0.0295073 0.0960718 0.3242 1
0.0333474 0.0951225 0.32475 1
0.0162483 0.100663 0.323 1
0.0194229 0.0997558 0.323714 1
0.0222543 0.0994269 0.3245 1
0.0267568 0.0982851 0.325 1
0.0281681 0.0982851 0.325 1
0.00625502 0.104698 0.323 1
0.00962765 0.10392 0.3232 1
0.0120468 0.103577 0.3241 1
0.0157575 0.102514 0.324364 1
0.0179366 0.101816 0.325 1
0.00575709 0.106691 0.323933 1
0.00881646 0.106258 0.324333 1
0.0108803 0.105699 0.325 1
0.00594094 0.108877 0.325 1
0.0509992 -0.0772084 0.3266 1
0.0545421 -0.0772084 0.3266 1
0.0484269 -0.0760042 0.326 1
0.0512093 -0.0755314 0.32625 1
0.0540351 -0.0755145 0.326286 1
0.0972648 0.0660065 0.326 1
0.0998597 0.065189 0.326714 1
0.102729 0.0645647 0.327143 1
0.0935961 0.0688296 0.326429 1
0.096178 0.068028 0.326917 1
0.0995401 0.0674302 0.328 1
0.10316 0.066614 0.329 1
0.0834628 0.0730894 0.326 1
0.0861161 0.0730786 0.326857 1
0.0894096 0.0720314 0.3273 1
0.0922358 0.0713297 0.328 1
0.0953026 0.0705454 0.329 1
0.0759579 0.0764885 0.3266 1
0.0791026 0.0755891 0.3267 1
0.0823808 0.0752499 0.3275 1
0.0854102 0.075197 0.3285 1
0.0889029 0.0740447 0.328667 1
0.0682452 0.079818 0.326 1
0.0715764 0.0790596 0.326667 1
0.0749973 0.0788072 0.327941 1
0.078278 0.0780519 0.3285 1
0.0813736 0.0776934 0.329 1
0.0590439 0.0837136 0.326 1
0.061465 0.0830909 0.326333 1
0.0648412 0.0824047 0.327125 1
0.0683297 0.0824723 0.3281 1
0.0717429 0.0816189 0.3284 1
0.0745877 0.08091 0.329 1
0.051612 0.0869009 0.326 1
0.0539618 0.0868882 0.326143 1
0.0578292 0.0858911 0.326733 1
0.0613242 0.0856265 0.328059 1
0.0638731 0.0848414 0.329 1
0.0452419 0.0907965 0.326 1
0.0475885 0.0899744 0.326444 1
0.050784 0.0894375 0.3275 1
0.053907 0.0892237 0.3282 1
0.057475 0.0885526 0.328385 1
0.0599444 0.088058 0.329 1
0.038281 0.0939168 0.327 1
0.0404875 0.0931128 0.326667 1
0.043586 0.0932436 0.32775 1
0.0469724 0.0924574 0.327867 1
0.0498942 0.0918962 0.328667 1
0.0300243 0.0978793 0.326 1
0.0332305 0.0968762 0.3262 1
0.0367763 0.096195 0.327353 1
0.0398234 0.0952729 0.328 1
0.042801 0.095206 0.329 1
0.0227346 0.101051 0.326333 1
0.0261858 0.10021 0.326667 1
0.0297677 0.0997641 0.327067 1
0.0331539 0.09939 0.328063 1
0.0364912 0.09878 0.329 1
0.0133911 0.104608 0.326 1
0.0152618 0.1046 0.32625 1
0.0191545 0.103572 0.327 1
0.0228694 0.103358 0.328177 1
0.0260212 0.102942 0.328429 1
0.0297053 0.101997 0.329 1
0.0122658 0.107115 0.326625 1
0.0155147 0.106813 0.327875 1
0.0189201 0.106157 0.3286 1
0.0213717 0.10557 0.329 1
0.0059775 0.110612 0.327 1
0.00845246 0.109769 0.3266 1
0.011694 0.110239 0.328 1
0.0153001 0.108787 0.329 1
0.00849387 0.112802 0.3282 1
0.0119071 0.112897 0.329 1
0.0142286 0.112719 0.329 1
0.0995082 0.0692997 0.330444 1
0.103085 0.068379 0.330615 1
0.0930537 0.0729278 0.3304 1
0.0965084 0.0719716 0.330857 1
0.0996265 0.0710814 0.3315 1
0.102659 0.0701067 0.332 1
0.0862781 0.0764956 0.33 1
0.0892882 0.0756757 0.3308 1
0.0925824 0.0746851 0.331333 1
0.0950904 0.074074 0.332 1
0.0766056 0.0804389 0.33 1
0.0795525 0.0794437 0.330333 1
0.0826225 0.0790458 0.330667 1
0.0854323 0.0788508 0.331286 1
0.0885366 0.0778027 0.33175 1
0.0719485 0.0833068 0.33 1
0.0750641 0.0826194 0.330833 1
0.0783413 0.0818354 0.331714 1
0.0810344 0.0812871 0.332 1
0.0650887 0.0861427 0.330333 1
0.0681003 0.0860556 0.331222 1
0.0719105 0.0850499 0.331 1
0.0747577 0.0843633 0.331333 1
0.0551112 0.0904766 0.33 1
0.0582749 0.0902095 0.330333 1
0.0614887 0.0889795 0.330714 1
0.0638672 0.0887943 0.33175 1
0.0486629 0.0937029 0.33 1
0.0509615 0.0933036 0.330545 1
0.0541988 0.09255 0.331 1
0.057215 0.0922296 0.3314 1
0.0601306 0.0913856 0.332 1
0.0404014 0.0971187 0.3304 1
0.0440878 0.0964538 0.331 1
0.0470861 0.0958786 0.331143 1
0.0503994 0.0953528 0.332 1
0.0532827 0.0946315 0.332 1
0.0343333 0.100873 0.33 1
0.0368368 0.100338 0.3306 1
0.0399479 0.0991412 0.3314 1
0.0424704 0.0985987 0.332 1
0.0270421 0.104449 0.3302 1
0.0301916 0.103514 0.330417 1
0.0329654 0.103235 0.33125 1
0.0355684 0.102052 0.3315 1
0.0167795 0.108401 0.33 1
0.0195559 0.107594 0.33 1
0.0230601 0.106833 0.330444 1
0.0264403 0.106694 0.330789 1
0.0296722 0.10692 0.331773 1
0.0319284 0.106624 0.332 1
0.0135554 0.11091 0.33 1
0.0157201 0.110724 0.3303 1
0.019406 0.110385 0.331454 1
0.0230082 0.11014 0.332 1
0.0262519 0.109419 0.332 1
0.0168304 0.112325 0.331 1
0.0190437 0.112664 0.332 1
0.100228 0.0729594 0.3335 1
0.103484 0.0721255 0.334667 1
0.0928464 0.0761058 0.333 1
0.096492 0.0753507 0.334 1
0.0996868 0.0748177 0.335333 1
0.103896 0.0738714 0.336 1
0.0870624 0.0800849 0.333 1
0.0897944 0.0793601 0.33375 1
0.0927981 0.0784567 0.335 1
0.0958714 0.0778864 0.336 1
0.0798325 0.0829789 0.333 1
0.082607 0.0825012 0.333571 1
0.085717 0.0826414 0.334471 1
0.0889347 0.081658 0.334727 1
0.0918591 0.0811715 0.336 1
0.0715619 0.0870103 0.3332 1
0.0753403 0.0859564 0.3336 1
0.0784356 0.0855985 0.33475 1
0.0822297 0.0850344 0.3354 1
0.0854394 0.0849675 0.336 1
0.0882115 0.0840915 0.336 1
0.0654844 0.0896892 0.3332 1
0.0682408 0.0895912 0.334143 1
0.0715755 0.0886978 0.334308 1
0.0749408 0.0886846 0.3357 1
0.0552507 0.094193 0.333 1
0.0583408 0.0938364 0.333444 1
0.0613375 0.0927187 0.333333 1
0.0645355 0.0928899 0.335111 1
0.0682041 0.0916659 0.335667 1
0.0480208 0.0974488 0.333 1
0.0510566 0.0967071 0.333727 1
0.0544053 0.0964816 0.334188 1
0.0577001 0.0965161 0.335 1
0.0610518 0.0958527 0.335692 1
0.0637731 0.0954066 0.336 1
0.0403089 0.100704 0.333 1
0.0436538 0.10006 0.334067 1
0.0472006 0.099815 0.334867 1
0.0506186 0.0993271 0.3355 1
0.0542293 0.0989466 0.335625 1
0.0564779 0.0990567 0.336 1
0.0346454 0.10396 0.333 1
0.0371064 0.103605 0.333706 1
0.0403494 0.103552 0.334667 1
0.0434892 0.103179 0.3354 1
0.0470856 0.102524 0.336 1
0.0339224 0.106131 0.333 1
0.0366858 0.105965 0.334 1
0.0395811 0.10604 0.335 1
0.0999642 0.076401 0.3375 1
0.10318 0.0755595 0.337833 1
0.105615 0.0754126 0.338 1
0.0943275 0.0795826 0.337 1
0.0968358 0.0792519 0.337667 1
0.0994501 0.0782047 0.338 1
0.102616 0.077477 0.339 1
0.0902839 0.0832199 0.3372 1
0.093087 0.0823279 0.33825 1
0.0952553 0.081528 0.339 1
0.0804256 0.0869044 0.337 1
0.0822548 0.0869044 0.337 1
0.085823 0.0862457 0.337444 1
0.0891973 0.0857853 0.338357 1
0.0923112 0.084474 0.339 1
0.0720113 0.0909314 0.337 1
0.0761867 0.0900108 0.337667 1
0.078585 0.089122 0.338 1
0.0822791 0.0887883 0.3386 1
0.0855082 0.0884674 0.338778 1
0.0882631 0.0877884 0.339 1
0.068498 0.0934124 0.337545 1
0.0716836 0.093057 0.338333 1
0.0748556 0.0922852 0.338833 1
0.0772228 0.0918394 0.339 1
0.06228 0.0972282 0.337 1
0.0648992 0.096582 0.3373 1
0.0680491 0.0959245 0.338111 1
0.0713346 0.0955219 0.339 1
0.0515243 0.100816 0.337 1
0.0540852 0.100816 0.337 1
0.0585798 0.0991946 0.337 1
0.0609839 0.098567 0.337 1
0.0639628 0.0982532 0.337 1
0.0507926 0.10228 0.337 1
0.104394 0.0769669 0.34 1
0.105871 0.0769669 0.34 1
0.100689 0.0795255 0.3402 1
0.103411 0.0791888 0.340929 1
0.105812 0.0790468 0.341 1
0.0967093 0.0829166 0.340667 1
0.0998191 0.0821489 0.341267 1
0.10339 0.0824357 0.342526 1
0.105919 0.0822624 0.342714 1
0.090369 0.0873087 0.34 1
0.0930241 0.0861071 0.3408 1
0.0960999 0.0859646 0.342 1
0.0997014 0.0855952 0.3429 1
0.103144 0.084974 0.343 1
0.105688 0.084353 0.343 1
0.0800343 0.0902635 0.34 1
0.0822488 0.0902635 0.34 1
0.0859925 0.0899469 0.34 1
0.0887919 0.0893233 0.34 1
0.0923852 0.0883277 0.341083 1
0.095727 0.0878223 0.342 1
0.0758266 0.0935138 0.34 1
0.0792715 0.0923319 0.34 1
0.0822488 0.0913716 0.34 1
0.0840943 0.0910022 0.34 1
0.0730214 0.0946957 0.34 1
0.0748669 0.0946957 0.34 1
