0.0203645 0.000362513 0.241 1
0.0219342 0.000362513 0.241 1
-0.00788069 0.00663661 0.240667 1
-0.00514211 0.00614763 0.240461 1
-0.00160856 0.00610841 0.2405 1
0.00186102 0.00564363 0.240353 1
0.00518109 0.00558649 0.240524 1
0.00754492 0.0061222 0.241 1
-0.0114321 0.0090791 0.2405 1
-0.00880883 0.00898977 0.239277 1
-0.00521639 0.0089006 0.238327 1
-0.00166413 0.00882379 0.238957 1
0.00139291 0.00845269 0.24025 1
0.00519031 0.00769302 0.241 1
-0.0111983 0.0110044 0.239 1
-0.00885457 0.0122907 0.238738 1
-0.00522801 0.0123011 0.238929 1
-0.00168365 0.0121098 0.2403 1
0.000873515 0.0110965 0.241 1
-0.0105071 0.0155471 0.241 1
-0.00871202 0.0152124 0.240355 1
-0.00549837 0.0150305 0.24063 1
-0.00239678 0.0142381 0.241 1
0.0204365 -0.00388986 0.245 1
0.0228302 -0.00388986 0.245 1
0.026269 -0.00388721 0.244833 1
0.0297289 -0.00388759 0.244857 1
0.0334689 -0.00415601 0.245 1
0.0366604 -0.00442216 0.245 1
0.039852 -0.00468831 0.245 1
0.0124945 -0.00101459 0.2447 1
0.0159356 -0.00150546 0.243882 1
0.0193223 -0.00175145 0.243286 1
0.0227909 -0.00180287 0.242789 1
0.0262849 -0.00169682 0.24325 1
0.0298046 -0.00180958 0.244105 1
0.0330699 -0.00189374 0.245 1
0.0363413 -0.00250588 0.245 1
-0.0112134 0.00329617 0.245 1
-0.00864261 0.00279294 0.244687 1
-0.00525101 0.00227177 0.244303 1
-0.00163331 0.00222212 0.2442 1
0.0018094 0.00221784 0.243833 1
0.0052463 0.00221535 0.2436 1
0.00883817 0.00186139 0.243539 1
0.0121169 0.0016491 0.242875 1
0.0157276 0.00167865 0.242122 1
0.0192218 0.00183061 0.242143 1
0.0229666 0.00194268 0.242784 1
0.0261289 0.00157237 0.244077 1
0.0292782 0.000852027 0.244727 1
-0.014671 0.00569151 0.245 1
-0.0120328 0.00563881 0.24422 1
-0.00888133 0.00515881 0.243028 1
-0.00545052 0.00443339 0.242696 1
-0.00162083 0.00431258 0.242333 1
0.00146848 0.00398071 0.242125 1
0.00521184 0.00378159 0.242 1
0.00914607 0.00520504 0.242 1
0.0123173 0.00536549 0.242238 1
0.0157776 0.00538044 0.242857 1
0.0192455 0.00506602 0.244176 1
0.0226896 0.00483631 0.244515 1
0.0252771 0.00414785 0.245 1
-0.0118899 0.00774091 0.2425 1
0.00258475 0.0093023 0.242 1
0.00521569 0.0093081 0.242143 1
0.0086518 0.00880262 0.242667 1
0.012066 0.00879958 0.24405 1
0.0154997 0.00829011 0.244545 1
0.0183975 0.00728841 0.245 1
-0.000357594 0.0134559 0.242 1
0.002018 0.0124666 0.242471 1
0.00519257 0.0122122 0.24366 1
0.00858375 0.011923 0.2445 1
0.0108617 0.0110145 0.245 1
-0.0105507 0.017189 0.242 1
-0.00871175 0.017189 0.242 1
-0.00511428 0.0167491 0.2421 1
-0.00153903 0.015803 0.242789 1
0.00177354 0.0156938 0.243829 1
0.00432906 0.0151063 0.244615 1
-0.0105943 0.018316 0.243 1
-0.00851045 0.0192101 0.243786 1
-0.00540734 0.0192593 0.24405 1
-0.00184666 0.0183754 0.24448 1
0.00124868 0.017886 0.244857 1
0.0411477 -0.0106727 0.248 1
0.0438399 -0.0106727 0.248 1
0.0472938 -0.0112013 0.247762 1
0.0508286 -0.0112091 0.247944 1
0.0544987 -0.011643 0.247936 1
0.0579096 -0.0120518 0.247722 1
0.0606414 -0.0123291 0.248 1
0.0239175 -0.0074398 0.248 1
0.0263404 -0.0074398 0.248 1
0.0298403 -0.0074398 0.248 1
0.0337343 -0.00786285 0.247733 1
0.0369714 -0.00825145 0.24708 1
0.0403382 -0.00869026 0.247211 1
0.0437089 -0.0087161 0.246973 1
0.0471926 -0.00878539 0.247024 1
0.0507501 -0.0087714 0.247556 1
0.0542668 -0.00896888 0.248 1
0.0575404 -0.00947533 0.248 1
0.0597241 -0.0101339 0.248 1
0.00991786 -0.00393749 0.248 1
0.012316 -0.00446837 0.2475 1
0.015803 -0.00446704 0.247417 1
0.0192868 -0.00492773 0.246875 1
0.0227959 -0.00562755 0.246615 1
0.026213 -0.00579734 0.2468 1
0.0298067 -0.00574593 0.24675 1
0.0330705 -0.00595693 0.246552 1
0.0368169 -0.00631218 0.246048 1
0.0404461 -0.00557082 0.246 1
0.0435467 -0.00528068 0.246093 1
0.0472112 -0.00523193 0.247146 1
0.0505223 -0.00556663 0.247844 1
0.0529935 -0.00636216 0.248 1
-0.00488009 -0.000972579 0.2475 1
-0.00165538 -0.00124199 0.2475 1
0.0019403 -0.00136589 0.247462 1
0.00532496 -0.00177861 0.247238 1
0.00880434 -0.00177697 0.247 1
0.011958 -0.00245019 0.246182 1
0.0149118 -0.00283679 0.246 1
0.0344066 -0.000698909 0.246 1
0.0371014 -0.00108762 0.246 1
0.0403919 -0.00177071 0.246667 1
0.0436175 -0.00191171 0.2475 1
0.0470407 -0.00262039 0.248 1
0.0494936 -0.00285986 0.248 1
-0.0149045 0.0028516 0.248 1
-0.0120719 0.00209499 0.247 1
-0.00885671 0.0009834 0.247071 1
-0.00539126 0.000523169 0.246286 1
-0.00164535 0.000370034 0.246 1
0.00182632 0.000370034 0.246 1
0.00529799 0.000370034 0.246 1
0.00770145 0.000370033 0.246 1
0.0271962 0.00330963 0.246 1
0.030108 0.00235624 0.246333 1
0.0333282 0.00178632 0.246844 1
0.0365455 0.00130112 0.247355 1
0.0395961 0.000552397 0.247833 1
-0.0150899 0.00427002 0.2475 1
-0.0134095 0.00424886 0.24625 1
0.0205199 0.00651645 0.246 1
0.0226563 0.00651645 0.246 1
0.0264371 0.00541335 0.246529 1
0.0296444 0.00494424 0.247517 1
0.0328432 0.00424838 0.248 1
0.035494 0.00387535 0.248 1
0.0138436 0.00999054 0.246 1
0.0159137 0.00984363 0.246143 1
0.019374 0.0089077 0.246619 1
0.0227624 0.00869744 0.247143 1
0.0259304 0.00784737 0.247652 1
0.0284942 0.00710825 0.248 1
0.00663325 0.0139991 0.246 1
0.0090367 0.0135982 0.246 1
0.0124185 0.0122762 0.246684 1
0.0157131 0.0117952 0.247615 1
0.0191387 0.0112841 0.248 1
0.00316158 0.0172059 0.246 1
0.00573185 0.0162023 0.246414 1
0.00867419 0.0155814 0.247333 1
0.0113389 0.0147222 0.247667 1
-0.00938985 0.0206799 0.246 1
-0.00404881 0.0206799 0.246 1
-0.00150599 0.0200689 0.246263 1
0.00192876 0.0193718 0.246821 1
0.00481668 0.0186895 0.247478 1
0.00776406 0.0178846 0.248 1
-0.00829021 0.0228095 0.246667 1
-0.00523858 0.0228713 0.247158 1
-0.00177269 0.0219035 0.247609 1
0.00126398 0.0213362 0.247857 1
-0.0073124 0.0251586 0.248 1
-0.00623551 0.0251586 0.248 1
0.0831197 -0.0212475 0.252 1
0.0842139 -0.0212475 0.252 1
0.0691679 -0.0179624 0.252 1
0.072134 -0.0184113 0.251714 1
0.0751767 -0.0184548 0.251632 1
0.0789606 -0.018743 0.25175 1
0.0823639 -0.0192046 0.25197 1
0.0842139 -0.0193312 0.252 1
0.0437006 -0.0141219 0.251857 1
0.0474106 -0.0145697 0.251235 1
0.0509443 -0.0150343 0.251071 1
0.054161 -0.0153077 0.251333 1
0.0577252 -0.0151161 0.250591 1
0.0614378 -0.0156841 0.250812 1
0.0648623 -0.0156912 0.250394 1
0.0684876 -0.0157931 0.250405 1
0.071679 -0.0157791 0.250711 1
0.0751038 -0.0157702 0.251043 1
0.0787728 -0.0156772 0.2515 1
0.081907 -0.0165099 0.251864 1
0.0842139 -0.0174149 0.252 1
0.0275859 -0.0108448 0.252 1
0.0297337 -0.0108305 0.251667 1
0.0332801 -0.011376 0.251619 1
0.0370675 -0.0117192 0.250862 1
0.0402497 -0.0120374 0.250448 1
0.043733 -0.0123826 0.250151 1
0.0470967 -0.0129102 0.249571 1
0.0507541 -0.0128688 0.2493 1
0.0540606 -0.0133593 0.2492 1
0.0569915 -0.0136912 0.249 1
0.0620913 -0.0122666 0.249 1
0.0647814 -0.0124189 0.249217 1
0.0682814 -0.0123345 0.249756 1
0.0717172 -0.0121782 0.251129 1
0.0749309 -0.0127355 0.251739 1
0.0776484 -0.0133087 0.252 1
0.00652147 -0.00728604 0.252 1
0.00847535 -0.00732667 0.251833 1
0.0122501 -0.0080973 0.251667 1
0.0157922 -0.00809301 0.251524 1
0.0194266 -0.00820805 0.25085 1
0.0226328 -0.00863435 0.250806 1
0.0262823 -0.00901606 0.250571 1
0.0297605 -0.00910007 0.25 1
0.0330338 -0.00936108 0.24976 1
0.0363243 -0.00975284 0.249267 1
0.0394214 -0.0101747 0.249 1
0.054829 -0.0074698 0.249 1
0.058219 -0.00813434 0.249111 1
0.0613565 -0.00883806 0.249727 1
0.0647124 -0.00885123 0.251167 1
0.068173 -0.00923856 0.251429 1
0.0713564 -0.0102973 0.252 1
-0.00797748 -0.004001 0.252 1
-0.00522868 -0.00453792 0.251333 1
-0.00168041 -0.0045383 0.251357 1
0.00196593 -0.00465553 0.250846 1
0.00521476 -0.00500524 0.250158 1
0.00865076 -0.00532748 0.249895 1
0.0121626 -0.00641183 0.249889 1
0.0156666 -0.00640239 0.249524 1
0.0187744 -0.00653466 0.249417 1
0.0221217 -0.00692881 0.249 1
0.0519637 -0.00438616 0.249 1
0.0545175 -0.00512904 0.249222 1
0.0577425 -0.00539659 0.2502 1
0.0609936 -0.00564753 0.2515 1
0.063423 -0.00619103 0.252 1
-0.0147977 -0.000715008 0.251667 1
-0.0120792 -0.00135079 0.251 1
-0.0087379 -0.00180162 0.250238 1
-0.00540486 -0.00244321 0.2494 1
-0.00166862 -0.00287798 0.249571 1
0.00157828 -0.00287138 0.249 1
0.0450979 -0.000707432 0.249 1
0.0474766 -0.00114022 0.249 1
0.0507924 -0.00165738 0.24975 1
0.0541513 -0.00186784 0.251235 1
0.0571849 -0.00272156 0.251833 1
-0.0153828 0.00118911 0.250083 1
-0.012667 0.000555127 0.249167 1
0.0375679 0.00290858 0.249091 1
0.0405373 0.0022046 0.249767 1
0.0436888 0.00173891 0.250214 1
0.0471144 0.00155735 0.250927 1
0.0506482 0.00126783 0.251562 1
0.0534379 0.000652813 0.252 1
0.0305578 0.00636785 0.249143 1
0.033452 0.00572537 0.249333 1
0.0367452 0.00531073 0.250229 1
0.0402 0.00502419 0.2515 1
0.0433379 0.0044038 0.251786 1
0.046462 0.00393786 0.252 1
0.0264145 0.00968767 0.2492 1
0.0297116 0.008794 0.249907 1
0.0332786 0.00843531 0.251118 1
0.0365334 0.007684 0.251714 1
0.0161749 0.0133583 0.249 1
0.019293 0.0128811 0.249273 1
0.022813 0.0123698 0.24975 1
0.0263866 0.0123778 0.251 1
0.0295093 0.0117492 0.2516 1
0.0319631 0.0105079 0.252 1
0.00968751 0.01701 0.249 1
0.0123732 0.0161309 0.249429 1
0.0156828 0.0155712 0.249762 1
0.0192096 0.0155736 0.250824 1
0.0223593 0.0149599 0.251667 1
0.0245768 0.0146143 0.252 1
0.00320013 0.0206616 0.249 1
0.0059372 0.0198941 0.249167 1
0.008921 0.0195048 0.25 1
0.0122268 0.0192068 0.251177 1
0.0157129 0.0189072 0.25155 1
0.0185464 0.0184349 0.251833 1
-0.00152434 0.0235627 0.249263 1
0.00199656 0.0229098 0.249897 1
0.005088 0.0226692 0.250657 1
0.00851692 0.0224025 0.251484 1
0.011172 0.0214581 0.252 1
-0.00799606 0.0266115 0.250667 1
-0.00506767 0.0265995 0.250125 1
-0.00177783 0.0258625 0.251091 1
0.00186899 0.0252579 0.251667 1
0.00456743 0.0249777 0.252 1
-0.00852461 0.0280282 0.252 1
-0.00578895 0.0288495 0.252 1
-0.0030533 0.0280282 0.252 1
0.0820092 -0.0247759 0.2545 1
0.0718469 -0.0214763 0.254714 1
0.075429 -0.0220263 0.254667 1
0.0790842 -0.0222281 0.25444 1
0.0821146 -0.0227525 0.2535 1
0.0849601 -0.0217441 0.253 1
0.0472286 -0.0175992 0.254667 1
0.0509199 -0.0176916 0.254222 1
0.054308 -0.0179099 0.254846 1
0.0577341 -0.0178759 0.254667 1
0.0612756 -0.0182876 0.254333 1
0.0645999 -0.0186402 0.253762 1
0.0683097 -0.0193603 0.254097 1
0.0715898 -0.0199893 0.2538 1
0.0752165 -0.0202296 0.2533 1
0.0786149 -0.0203261 0.253353 1
0.081527 -0.0207821 0.253 1
0.0860422 -0.019199 0.253 1
0.0878439 -0.0185834 0.253 1
0.0298521 -0.0142981 0.255 1
0.0331545 -0.0142901 0.254857 1
0.0369719 -0.0147572 0.254471 1
0.0402631 -0.0148106 0.2538 1
0.0440527 -0.0155249 0.2542 1
0.0470052 -0.0161712 0.253583 1
0.0503454 -0.0165899 0.253538 1
0.0542756 -0.0170013 0.254 1
0.0578105 -0.0166959 0.253231 1
0.0607451 -0.0169343 0.253 1
0.0647733 -0.017484 0.253 1
0.0675198 -0.017484 0.253 1
0.0829002 -0.0150716 0.253 1
0.085856 -0.0158307 0.25341 1
0.0880217 -0.0155991 0.254091 1
0.0101978 -0.0109739 0.255 1
0.0124124 -0.0109739 0.255 1
0.0157342 -0.0109739 0.255 1
0.0196274 -0.0114451 0.254588 1
0.0228861 -0.0115065 0.2545 1
0.0264437 -0.0118579 0.25396 1
0.0298221 -0.0125627 0.253839 1
0.0332026 -0.0131631 0.253895 1
0.0363069 -0.0132765 0.253385 1
0.0403293 -0.0136363 0.253 1
0.0730128 -0.0108879 0.253 1
0.0755943 -0.0113173 0.253154 1
0.0789784 -0.0120191 0.253323 1
0.0822094 -0.0123746 0.253938 1
0.0853713 -0.0129025 0.2548 1
-0.00751881 -0.00737278 0.255 1
-0.00529875 -0.00736314 0.254667 1
-0.00169984 -0.00735213 0.254286 1
0.00201375 -0.00785804 0.254364 1
0.00527072 -0.00828763 0.253857 1
0.00885944 -0.00908111 0.253667 1
0.0123799 -0.00984082 0.254333 1
0.0156784 -0.00983246 0.254111 1
0.0190358 -0.00983251 0.253368 1
0.0227951 -0.0103587 0.2535 1
0.0257729 -0.0103382 0.253 1
0.0658719 -0.00731495 0.253 1
0.0685793 -0.00747613 0.253143 1
0.0717785 -0.00849615 0.253645 1
0.0752032 -0.00923306 0.254313 1
0.0785639 -0.00960293 0.254727 1
0.0811828 -0.00994503 0.255 1
-0.0118261 -0.00452955 0.254333 1
-0.00886131 -0.00535518 0.2538 1
-0.00527101 -0.00622378 0.253333 1
-0.00169217 -0.00621559 0.253 1
0.00160364 -0.00621559 0.253 1
0.0621641 -0.00429171 0.253 1
0.0648127 -0.00499082 0.253688 1
0.0681863 -0.00551457 0.254533 1
0.0709877 -0.0058166 0.2548 1
-0.0176916 -0.00127566 0.254 1
-0.015756 -0.00182656 0.253917 1
-0.0128704 -0.00273621 0.253167 1
0.0559845 -0.000718796 0.253 1
0.0579986 -0.00137955 0.2534 1
0.0610074 -0.00196275 0.254188 1
0.0640633 -0.00246405 0.254857 1
0.0482942 0.0034038 0.253 1
0.051229 0.0029949 0.25325 1
0.0544817 0.00207791 0.253857 1
0.0573301 0.0011208 0.2545 1
0.0600257 0.000383571 0.255 1
0.0403293 0.00670188 0.253 1
0.0438566 0.00590716 0.253182 1
0.0471511 0.00539327 0.253903 1
0.0504104 0.00477733 0.254227 1
0.0539356 0.00398473 0.255 1
0.0337377 0.00999996 0.253 1
0.0370099 0.00921841 0.2534 1
0.0401583 0.00853554 0.25397 1
0.0435389 0.0081943 0.2545 1
0.0467383 0.00730888 0.255 1
0.0302275 0.0133249 0.2535 1
0.0332674 0.0120136 0.254125 1
0.0364022 0.0112913 0.254556 1
0.0392641 0.010633 0.255 1
0.0208292 0.0168709 0.253 1
0.0230575 0.0165267 0.253333 1
0.0263116 0.0158223 0.253778 1
0.0293395 0.0157032 0.254615 1
0.0315131 0.0147882 0.255 1
0.0128643 0.0209936 0.253 1
0.0156109 0.0209936 0.253 1
0.0197132 0.0194321 0.253308 1
0.0227073 0.01895 0.254333 1
0.0257921 0.0182971 0.255 1
0.00654735 0.0242916 0.253 1
0.00925119 0.0240093 0.253182 1
0.0123582 0.0229989 0.253875 1
0.0155171 0.0226272 0.254231 1
0.0190045 0.0218089 0.254636 1
0.0215475 0.0214365 0.255 1
-0.000829008 0.0273697 0.253143 1
0.00188076 0.0270764 0.253333 1
0.00533027 0.0265607 0.253655 1
0.00870086 0.0261972 0.254211 1
0.0115819 0.0254532 0.255 1
-0.00796872 0.0297462 0.253667 1
-0.00507533 0.0301654 0.253636 1
-0.00180995 0.0295942 0.254286 1
0.00189066 0.0288788 0.254667 1
0.00479547 0.0287495 0.25475 1
0.00770639 0.0283618 0.255 1
-0.00751881 0.031686 0.255 1
-0.00530007 0.0319935 0.2548 1
-0.00253601 0.031686 0.255 1
0.0730573 -0.0249326 0.259 1
0.0755657 -0.0251336 0.258474 1
0.0791836 -0.0259483 0.258125 1
0.0809319 -0.0259285 0.257 1
0.0575933 -0.0215563 0.259 1
0.0613102 -0.021645 0.258375 1
0.0647636 -0.021979 0.257846 1
0.0684245 -0.0223623 0.257444 1
0.0717932 -0.0231115 0.2575 1
0.0751114 -0.0234985 0.256529 1
0.0785249 -0.023874 0.256313 1
0.0808263 -0.0243657 0.256 1
0.0342567 -0.0178987 0.259 1
0.037122 -0.0183028 0.258333 1
0.0402438 -0.0184153 0.258333 1
0.0438486 -0.0186457 0.257958 1
0.0472122 -0.0192767 0.257406 1
0.0506894 -0.0195362 0.257276 1
0.0543217 -0.0198002 0.257538 1
0.0578381 -0.0196677 0.256923 1
0.0610409 -0.0199908 0.256556 1
0.0647076 -0.0201942 0.256 1
0.066653 -0.0201942 0.256 1
0.0134506 -0.0145224 0.259 1
0.015681 -0.0145064 0.258714 1
0.0193213 -0.0150602 0.258556 1
0.022612 -0.0150081 0.257667 1
0.0263835 -0.0152341 0.25768 1
0.0296737 -0.0158318 0.257556 1
0.0333851 -0.0159192 0.257069 1
0.0366341 -0.0165011 0.256652 1
0.0403042 -0.0166013 0.256333 1
0.0432403 -0.0167459 0.256417 1
0.045532 -0.0171352 0.256 1
-0.00538195 -0.0108507 0.258667 1
-0.00172896 -0.0114064 0.2585 1
0.00202409 -0.0115247 0.258231 1
0.0051984 -0.0120714 0.257939 1
0.00857023 -0.0122393 0.257448 1
0.0122958 -0.0125323 0.257552 1
0.0158166 -0.0127932 0.257387 1
0.0189751 -0.0130227 0.256636 1
0.0226866 -0.0132302 0.2563 1
0.0258523 -0.0134295 0.256308 1
0.0283018 -0.013798 0.256 1
0.0861131 -0.0114037 0.2566 1
0.0884788 -0.0118822 0.256727 1
-0.014947 -0.00748843 0.259 1
-0.0120978 -0.00802633 0.258167 1
-0.0088507 -0.00870737 0.2575 1
-0.00533962 -0.00909536 0.256667 1
-0.00171558 -0.00908909 0.2565 1
0.00170384 -0.00948368 0.256429 1
0.00495754 -0.00990459 0.256 1
0.00829243 -0.0104608 0.256 1
0.0752681 -0.00740169 0.256 1
0.0789156 -0.0077757 0.256111 1
0.0824037 -0.00861014 0.257143 1
0.0854127 -0.00935162 0.258667 1
-0.0187903 -0.00458312 0.258286 1
-0.0158857 -0.00527142 0.257632 1
-0.0126219 -0.00574004 0.2563 1
0.0691541 -0.0040645 0.256 1
0.0722881 -0.00487785 0.256273 1
0.075422 -0.0052046 0.257471 1
0.0785796 -0.00528813 0.257933 1
0.0816332 -0.00602741 0.258429 1
-0.0184585 -0.00296364 0.257 1
-0.0167417 -0.00295595 0.256333 1
0.0624844 -0.00072732 0.256 1
0.0651735 -0.00128437 0.2563 1
0.0682116 -0.00190987 0.256941 1
0.0715984 -0.00200298 0.2582 1
0.0749539 -0.00298382 0.25875 1
0.0555367 0.00344416 0.256 1
0.0582974 0.00264927 0.256375 1
0.0613626 0.00205071 0.257324 1
0.0646769 0.00156617 0.258243 1
0.0680008 0.00083946 0.2588 1
0.048589 0.00678135 0.256 1
0.0511872 0.00631218 0.256286 1
0.054416 0.00560633 0.257267 1
0.0575142 0.00494569 0.257727 1
0.0607845 0.00438018 0.2587 1
0.0634978 0.00404724 0.259 1
0.0410855 0.0101185 0.256 1
0.0440182 0.00970467 0.256083 1
0.0472856 0.00898297 0.256867 1
0.0506454 0.00866627 0.257848 1
0.0537848 0.00813014 0.2588 1
0.0341378 0.0134557 0.256 1
0.037266 0.0127905 0.256278 1
0.040438 0.0122268 0.256697 1
0.0437859 0.0120937 0.2574 1
0.0468976 0.0118526 0.258417 1
0.0500019 0.0107998 0.259 1
0.0306943 0.0168096 0.25625 1
0.0332885 0.015787 0.256944 1
0.0367805 0.0152546 0.258167 1
0.0400328 0.0149667 0.2585 1
0.0432586 0.0146829 0.258769 1
0.0457845 0.0141761 0.259 1
0.0238552 0.0204082 0.256 1
0.0266145 0.0197792 0.25625 1
0.0298284 0.0193859 0.257167 1
0.0327457 0.0188133 0.258437 1
0.0169076 0.0237454 0.256 1
0.0194285 0.0234905 0.25625 1
0.0226825 0.0228521 0.256875 1
0.0259867 0.022614 0.258 1
0.0293406 0.0220823 0.258857 1
0.00940406 0.0279169 0.256 1
0.0127722 0.026471 0.25664 1
0.0158865 0.0261201 0.257444 1
0.0191422 0.025883 0.258286 1
0.0227012 0.0251167 0.258667 1
-0.000378281 0.0309203 0.256 1
0.00190234 0.0307182 0.256167 1
0.00545788 0.0304257 0.256625 1
0.00865663 0.0299239 0.257357 1
0.0120169 0.029316 0.258193 1
0.0145752 0.0289005 0.259 1
-0.00757188 0.0335856 0.2568 1
-0.00534423 0.0337304 0.256923 1
-0.00162941 0.0334522 0.256789 1
0.00183635 0.0332684 0.257485 1
0.00496898 0.0327662 0.258167 1
0.00793414 0.0319331 0.2588 1
-0.00497035 0.0357331 0.258444 1
-0.00185847 0.0357451 0.258462 1
0.00107868 0.0355135 0.258667 1
0.0793468 -0.0285494 0.2612 1
0.0806779 -0.0284183 0.26 1
0.0650865 -0.0252214 0.262 1
0.0680276 -0.0251527 0.261286 1
0.0717415 -0.0256335 0.260909 1
0.0750367 -0.0268278 0.261 1
0.0783366 -0.0273584 0.260667 1
0.0346535 -0.0215214 0.262 1
0.0366444 -0.0215214 0.262 1
0.0400575 -0.0215214 0.262 1
0.0440523 -0.0216998 0.2614 1
0.0475897 -0.0220234 0.261187 1
0.050793 -0.0222351 0.260846 1
0.05425 -0.0222482 0.2605 1
0.0578091 -0.0233532 0.26125 1
0.0611944 -0.0234343 0.260615 1
0.0647123 -0.0239451 0.2605 1
0.0671299 -0.0238991 0.26 1
0.0164506 -0.0178214 0.262 1
0.0189227 -0.0179076 0.2616 1
0.0232797 -0.0185643 0.261571 1
0.0263367 -0.0186284 0.261333 1
0.0294873 -0.0188568 0.260909 1
0.033383 -0.0191701 0.260963 1
0.036563 -0.0200404 0.260917 1
0.04023 -0.0202806 0.260667 1
0.0433591 -0.020383 0.260533 1
0.0465256 -0.0207922 0.26 1
-0.00118352 -0.014406 0.262 1
0.00214218 -0.0145294 0.261286 1
0.00534577 -0.0149431 0.261417 1
0.00873448 -0.0149153 0.260917 1
0.0122131 -0.0153171 0.260857 1
0.0156748 -0.0159959 0.260769 1
0.0193602 -0.0167658 0.260333 1
0.022846 -0.0168603 0.260333 1
0.0259093 -0.0169378 0.260286 1
0.0295908 -0.0174029 0.26 1
0.0324133 -0.0174029 0.26 1
-0.015689 -0.0109906 0.262 1
-0.0122618 -0.0109766 0.261667 1
-0.00883542 -0.0115248 0.261167 1
-0.00520237 -0.0125381 0.261 1
-0.00174467 -0.0131952 0.260571 1
0.00164801 -0.0131662 0.26 1
-0.0183783 -0.00846772 0.2614 1
-0.0157654 -0.00899077 0.260571 1
-0.0121993 -0.00978941 0.260333 1
0.0860936 -0.00803232 0.260444 1
0.0889378 -0.00876204 0.260923 1
-0.0193583 -0.00564112 0.260333 1
0.0801134 -0.00412802 0.26 1
0.0824777 -0.0045099 0.260333 1
0.0853539 -0.00559165 0.261273 1
0.0875558 -0.00643671 0.262 1
0.0730572 -0.000738685 0.26 1
0.075318 -0.00145892 0.260455 1
0.0785656 -0.00201686 0.261188 1
0.0819528 -0.00251147 0.261667 1
0.0651542 0.00349798 0.26 1
0.0685579 0.00240722 0.260133 1
0.0717881 0.00152963 0.2612 1
0.0750822 0.000556524 0.261857 1
0.0583126 0.00655367 0.2602 1
0.0614781 0.00586382 0.26064 1
0.0646805 0.00541094 0.261035 1
0.0680988 0.00421715 0.261294 1
0.0704905 0.00380951 0.262 1
0.0518884 0.0102766 0.26 1
0.0546981 0.00942858 0.260412 1
0.0576406 0.00880711 0.261226 1
0.0605659 0.00820571 0.261846 1
0.0636644 0.00750952 0.262 1
0.0479833 0.0132555 0.26025 1
0.0507669 0.0123563 0.261161 1
0.0541149 0.0114803 0.261667 1
0.0568383 0.0109249 0.262 1
0.0369292 0.0170553 0.26 1
0.0407052 0.0165992 0.260429 1
0.0440621 0.0162921 0.260909 1
0.0471934 0.0153783 0.261083 1
0.0500122 0.0147673 0.262 1
0.034042 0.0195498 0.260429 1
0.0365672 0.0189788 0.261241 1
0.0400349 0.018264 0.261625 1
0.0440394 0.0177557 0.262 1
0.0273328 0.0241164 0.26 1
0.0298467 0.023572 0.261 1
0.0328601 0.0221371 0.2613 1
0.0357912 0.0211711 0.262 1
0.0199943 0.0275058 0.26 1
0.0227787 0.0269398 0.260727 1
0.0262261 0.0260288 0.261077 1
0.0292901 0.0250744 0.262 1
0.012938 0.030895 0.26 1
0.0159187 0.0300022 0.260733 1
0.0190031 0.0294369 0.26125 1
0.0227647 0.028685 0.262 1
0.0252676 0.0280019 0.262 1
0.00579198 0.0341181 0.260167 1
0.0088139 0.0334281 0.260857 1
0.0120269 0.0327099 0.261364 1
0.014744 0.0322712 0.262 1
-0.00566949 0.0370159 0.2608 1
-0.00167053 0.0375236 0.261273 1
0.00197362 0.0366064 0.26087 1
0.00492042 0.0357381 0.261333 1
0.0073491 0.035402 0.262 1
-0.00175237 0.0388174 0.262 1
0.000523 0.0388174 0.262 1
0.0585724 -0.0282071 0.266 1
0.06146 -0.0282071 0.266 1
0.0652762 -0.0286052 0.265667 1
0.0682301 -0.0287879 0.265706 1
0.0718095 -0.0290558 0.265833 1
0.0753769 -0.0293651 0.264818 1
0.0783821 -0.0298278 0.263917 1
0.0366264 -0.0250285 0.266 1
0.0402882 -0.0250685 0.2654 1
0.0436939 -0.0252865 0.265667 1
0.0471047 -0.0252607 0.265389 1
0.0507275 -0.025281 0.2653 1
0.0543923 -0.0261202 0.265333 1
0.0578702 -0.0261892 0.264467 1
0.0612263 -0.0262774 0.264 1
0.0645076 -0.0265868 0.264 1
0.0683757 -0.0269517 0.263667 1
0.0715348 -0.0273963 0.26375 1
0.0736146 -0.0276033 0.263 1
0.0195893 -0.021561 0.266 1
0.0227506 -0.0215475 0.265833 1
0.0264424 -0.0218832 0.265222 1
0.0297301 -0.0220072 0.264923 1
0.0333705 -0.0224347 0.264467 1
0.0367573 -0.0231585 0.263923 1
0.0402868 -0.0230769 0.2635 1
0.0436125 -0.0231413 0.263636 1
0.046962 -0.0233932 0.263437 1
0.0511322 -0.0240287 0.26375 1
0.0544857 -0.0241749 0.263 1
0.0564842 -0.0241749 0.263 1
0.00226356 -0.0180934 0.266 1
0.0054281 -0.0180594 0.2655 1
0.00908267 -0.0182003 0.265143 1
0.0123185 -0.0185973 0.264917 1
0.0156649 -0.0193084 0.2645 1
0.0191421 -0.0196672 0.263833 1
0.0222805 -0.0198452 0.263667 1
0.0262339 -0.020186 0.263143 1
0.0305032 -0.020175 0.263 1
0.0322162 -0.020175 0.263 1
-0.0159285 -0.0146259 0.266 1
-0.0124633 -0.0146259 0.266 1
-0.0086936 -0.0148874 0.2655 1
-0.00522047 -0.0154835 0.2648 1
-0.00184663 -0.0160123 0.264667 1
0.00182794 -0.0162792 0.263818 1
0.00539906 -0.0168102 0.264 1
0.00881979 -0.0167784 0.2635 1
0.0113742 -0.0167466 0.263 1
-0.0186175 -0.012031 0.2648 1
-0.0158087 -0.0127974 0.264 1
-0.0123626 -0.0127889 0.263833 1
-0.00892071 -0.0133519 0.263667 1
-0.00661267 -0.0133181 0.263 1
-0.0215406 -0.007633 0.264 1
-0.0201269 -0.00907743 0.26425 1
-0.0215406 -0.00648584 0.264 1
-0.0203942 -0.00648584 0.264 1
0.0867479 -0.00455658 0.263 1
0.0892194 -0.00517783 0.263667 1
0.0801813 -0.000747207 0.263 1
0.0827225 -0.00107494 0.263429 1
0.0858278 -0.00189681 0.264267 1
0.0893013 -0.00238742 0.2655 1
0.0912026 -0.00191158 0.266 1
0.0753285 0.00222614 0.2632 1
0.0787113 0.0015448 0.263812 1
0.0821934 0.00155173 0.264882 1
0.0850995 0.00129878 0.265778 1
0.0656204 0.00696678 0.263 1
0.0684038 0.00595905 0.263333 1
0.0719272 0.00506356 0.263933 1
0.0751526 0.0050082 0.265067 1
0.0784372 0.00432419 0.2656 1
0.0810958 0.00386766 0.266 1
0.0587683 0.0103952 0.263 1
0.0616319 0.00941872 0.263421 1
0.0647517 0.00895451 0.264034 1
0.0681741 0.00839371 0.265364 1
0.0718114 0.00733061 0.265833 1
0.0738768 0.00733521 0.266 1
0.0522017 0.0138237 0.263 1
0.0544505 0.0130965 0.263235 1
0.0577547 0.0126121 0.263839 1
0.0611044 0.0122799 0.264931 1
0.0647259 0.0111683 0.265857 1
0.0477007 0.0170166 0.263143 1
0.0509451 0.0162168 0.263654 1
0.0543144 0.0159718 0.264743 1
0.0574752 0.0155833 0.265375 1
0.0378692 0.0203377 0.263 1
0.0404154 0.0199974 0.2634 1
0.0437364 0.0195667 0.263897 1
0.0470415 0.0192293 0.264607 1
0.0502419 0.018602 0.265357 1
0.0530859 0.0183157 0.266 1
0.0339571 0.0234756 0.263214 1
0.0368538 0.0228173 0.2639 1
0.0399935 0.022737 0.264967 1
0.0433124 0.0220946 0.2658 1
0.0268263 0.0275723 0.263333 1
0.0300993 0.026523 0.26363 1
0.0332744 0.0262699 0.264594 1
0.0364021 0.0257128 0.265579 1
0.0389365 0.0252509 0.266 1
0.0197058 0.0307377 0.263143 1
0.0227174 0.0303389 0.26375 1
0.0260733 0.0297718 0.264484 1
0.0293879 0.0287835 0.265071 1
0.0102322 0.03468 0.263 1
0.0122614 0.0344062 0.263091 1
0.0159175 0.0335629 0.26375 1
0.0190696 0.0329795 0.264586 1
0.0225123 0.0322824 0.265429 1
0.0247871 0.0321859 0.266 1
-0.00489963 0.0383941 0.263 1
0.00238079 0.0379656 0.263 1
0.00568182 0.0372666 0.263778 1
0.00890709 0.0369384 0.264552 1
0.0121801 0.0363489 0.265143 1
0.0155358 0.0356267 0.2658 1
-0.00557636 0.0402516 0.264625 1
-0.00176909 0.0406255 0.2645 1
0.0020049 0.0401936 0.2648 1
0.00529853 0.0395662 0.265455 1
0.00803882 0.0391211 0.266 1
-0.0035117 0.0425885 0.266 1
-0.00177912 0.0425885 0.266 1
0.0659494 -0.0320319 0.269 1
0.0681387 -0.0319638 0.268429 1
0.0715772 -0.0319366 0.2682 1
0.0751722 -0.0319809 0.268571 1
0.0787644 -0.032225 0.268444 1
0.0478442 -0.0285253 0.269 1
0.0507365 -0.0285101 0.268857 1
0.0545512 -0.0289725 0.268063 1
0.0575648 -0.0297519 0.268333 1
0.0611431 -0.0299226 0.268417 1
0.0644789 -0.0300868 0.267957 1
0.0680939 -0.0307257 0.267526 1
0.0715551 -0.0306407 0.267353 1
0.0747025 -0.030911 0.267846 1
0.0777289 -0.0312527 0.267333 1
0.0274028 -0.0253108 0.269 1
0.030031 -0.0253108 0.269 1
0.0336294 -0.025674 0.2679 1
0.0370916 -0.0268121 0.268158 1
0.0402104 -0.0267211 0.26775 1
0.0438842 -0.0269635 0.268 1
0.0474209 -0.0271322 0.267933 1
0.0506988 -0.0272546 0.267684 1
0.0538675 -0.0275545 0.267375 1
0.0567636 -0.0277331 0.267 1
0.00696141 -0.0218042 0.269 1
0.00900554 -0.0218041 0.269 1
0.012711 -0.0219596 0.268857 1
0.0160611 -0.0224352 0.267923 1
0.0193561 -0.0233642 0.268308 1
0.0229369 -0.0234721 0.268 1
0.0261042 -0.0236355 0.267667 1
0.0298077 -0.0239625 0.267 1
0.0324163 -0.0239625 0.267 1
-0.00763958 -0.0182975 0.269 1
-0.00470963 -0.0186494 0.268444 1
-0.00150376 -0.0188249 0.268167 1
0.00199036 -0.0197904 0.268083 1
0.00547188 -0.0199465 0.267583 1
0.0088251 -0.0199963 0.267546 1
0.0124384 -0.0205202 0.2675 1
0.0144457 -0.0204819 0.267 1
-0.0188122 -0.015397 0.268222 1
-0.0154664 -0.0159004 0.268 1
-0.0119885 -0.0165027 0.2683 1
-0.00893617 -0.0165754 0.2676 1
-0.00584369 -0.0170012 0.267 1
-0.0217407 -0.0122025 0.2686 1
-0.0202971 -0.012554 0.267571 1
-0.0221718 -0.0096534 0.267 1
0.0898064 -0.000758572 0.267 1
0.0915455 -0.000758571 0.267 1
0.0867262 0.00195195 0.267333 1
0.0891868 0.00127957 0.268333 1
0.0910631 0.00157352 0.269 1
0.0787521 0.00604017 0.267143 1
0.0821949 0.00521778 0.267429 1
0.0852045 0.00475041 0.268273 1
0.0875589 0.00391128 0.269 1
0.0692272 0.00968317 0.267 1
0.0716799 0.00912121 0.2675 1
0.0752328 0.00850492 0.2682 1
0.0784582 0.00760815 0.268833 1
0.0814264 0.00741793 0.269 1
0.0625606 0.0134538 0.267 1
0.0649703 0.0127456 0.267533 1
0.0681996 0.0117511 0.268375 1
0.0713726 0.0108829 0.269 1
0.0735419 0.0106324 0.269 1
0.0587788 0.016599 0.2672 1
0.061191 0.0155851 0.267875 1
0.0640266 0.0145053 0.268556 1
0.048358 0.020705 0.267 1
0.0508697 0.0200715 0.26725 1
0.0542777 0.0193668 0.267684 1
0.0574731 0.0188005 0.268381 1
0.0606186 0.0176238 0.268667 1
0.0414017 0.0241855 0.267 1
0.0439069 0.0235553 0.26725 1
0.0471873 0.0226175 0.268167 1
0.0507164 0.0219363 0.26875 1
0.0531779 0.0214873 0.2688 1
0.03695 0.0273079 0.267143 1
0.0404271 0.026323 0.267583 1
0.0435286 0.025562 0.2685 1
0.0463841 0.024659 0.269 1
0.0277788 0.0311467 0.267 1
0.0299802 0.0304666 0.267765 1
0.033412 0.0295181 0.268 1
0.0371479 0.0288713 0.268571 1
0.039631 0.0285778 0.26875 1
0.0202427 0.0346273 0.267 1
0.0229885 0.0339348 0.267588 1
0.026374 0.033098 0.268143 1
0.029662 0.0320488 0.268889 1
0.0128167 0.0378835 0.267091 1
0.016086 0.037198 0.26775 1
0.0193918 0.0365688 0.26804 1
0.0224807 0.0358575 0.268692 1
0.0250666 0.0351789 0.269 1
0.00343147 0.0415884 0.267 1
0.00549322 0.0413406 0.267273 1
0.00912214 0.0404014 0.267565 1
0.0124171 0.0399362 0.268348 1
0.0155619 0.039088 0.26875 1
0.0180582 0.0386856 0.269 1
-0.00479541 0.0437881 0.267565 1
-0.00135274 0.044129 0.26745 1
0.00194193 0.0437719 0.268172 1
0.00536786 0.0432095 0.268571 1
0.00836684 0.0423755 0.268571 1
-0.00471353 0.0462267 0.268667 1
-0.00150531 0.0462361 0.268722 1
0.00137131 0.0459494 0.269 1
0.0717565 -0.0355586 0.273 1
0.0752282 -0.0354739 0.273 1
0.0777517 -0.0354089 0.2725 1
0.0545796 -0.0323504 0.2725 1
0.0576893 -0.0326412 0.272 1
0.0613497 -0.0326766 0.271917 1
0.06492 -0.0329643 0.2715 1
0.0683966 -0.0338182 0.271231 1
0.0717751 -0.0336334 0.270545 1
0.0752824 -0.0337855 0.271545 1
0.0779833 -0.0338696 0.271125 1
0.0239576 -0.0283563 0.273 1
0.0263285 -0.0283563 0.273 1
0.0298104 -0.028287 0.272333 1
0.0335178 -0.0288211 0.272125 1
0.0368041 -0.0292297 0.272 1
0.0402806 -0.0290518 0.271167 1
0.043787 -0.0290339 0.271 1
0.0471422 -0.0299944 0.271688 1
0.0507811 -0.0301975 0.271364 1
0.0537753 -0.0304742 0.270444 1
0.00499039 -0.0247975 0.273 1
0.00900751 -0.0251171 0.2726 1
0.0120672 -0.0253193 0.272222 1
0.0155862 -0.0258665 0.271733 1
0.0191212 -0.0261534 0.271667 1
0.0227215 -0.0262331 0.271308 1
0.0259842 -0.0265512 0.271308 1
0.0296887 -0.0269943 0.271222 1
0.0327043 -0.0270775 0.270583 1
0.0357116 -0.0274581 0.27 1
-0.00800346 -0.0214818 0.272857 1
-0.00507337 -0.0217753 0.272278 1
-0.00130139 -0.0221066 0.271792 1
0.0019557 -0.0225344 0.27144 1
0.00518509 -0.0229242 0.271308 1
0.00849755 -0.0234777 0.271444 1
0.0119893 -0.0233912 0.270444 1
0.0154874 -0.0239384 0.27 1
-0.0217258 -0.0180228 0.2728 1
-0.0194376 -0.0183429 0.272267 1
-0.015584 -0.0190655 0.272364 1
-0.0121474 -0.019083 0.271833 1
-0.0087551 -0.0195204 0.271304 1
-0.00548101 -0.0200229 0.270583 1
-0.0015172 -0.0204565 0.2705 1
0.000538969 -0.0204187 0.27 1
-0.0249422 -0.0147142 0.273 1
-0.0226514 -0.0154116 0.272033 1
-0.0193818 -0.0166115 0.270462 1
-0.0155818 -0.0171923 0.27 1
-0.0135301 -0.0171923 0.27 1
-0.0248204 -0.0128731 0.271667 1
-0.0233315 -0.0125393 0.271267 1
0.0902292 0.00275259 0.27 1
0.0914016 0.0027526 0.27 1
0.0864189 0.00597897 0.27 1
0.0893323 0.00520796 0.271214 1
0.0917046 0.00531147 0.272143 1
0.0764533 0.00979198 0.27 1
0.0788696 0.00923282 0.27075 1
0.0822327 0.00890528 0.271318 1
0.0854617 0.00830615 0.271783 1
0.0888484 0.00761484 0.272556 1
0.0687087 0.0134039 0.270375 1
0.0719272 0.0125152 0.270708 1
0.0751486 0.0122801 0.271193 1
0.0784382 0.0118811 0.272636 1
0.0814518 0.0107905 0.273 1
0.0623842 0.0171247 0.27 1
0.0650121 0.0160848 0.27064 1
0.068331 0.015663 0.271733 1
0.0716882 0.0152274 0.272524 1
0.0747726 0.014733 0.272778 1
0.0770064 0.0143493 0.273 1
0.0553497 0.0206443 0.27 1
0.0581949 0.0203042 0.270667 1
0.0612536 0.0194496 0.271481 1
0.0645545 0.0188759 0.272435 1
0.0674819 0.0181937 0.272833 1
0.048022 0.024164 0.27 1
0.0509022 0.023642 0.270313 1
0.0543962 0.022941 0.270926 1
0.0574915 0.0225173 0.272318 1
0.0606328 0.0217098 0.272857 1
0.0415737 0.0276837 0.27 1
0.0442828 0.0270568 0.270429 1
0.0473768 0.0264209 0.271125 1
0.0507046 0.0262063 0.272036 1
0.0538556 0.0257605 0.272647 1
0.056261 0.0250257 0.273 1
0.0333924 0.0312265 0.2702 1
0.0368338 0.030704 0.270438 1
0.0404304 0.0301328 0.270909 1
0.0435295 0.0294193 0.271727 1
0.0466545 0.028945 0.272667 1
0.0494447 0.0285845 0.273 1
0.0266254 0.0347231 0.27 1
0.0298327 0.0338546 0.271 1
0.0332983 0.0331786 0.271414 1
0.0366803 0.0330229 0.272292 1
0.0401432 0.0321699 0.272667 1
0.0195908 0.0382428 0.27 1
0.0229939 0.0373418 0.270375 1
0.02626 0.0367573 0.271393 1
0.0295513 0.0365589 0.272652 1
0.0325521 0.0354055 0.273 1
0.0119701 0.0417625 0.27 1
0.0156372 0.0407704 0.270333 1
0.0191789 0.0402793 0.271286 1
0.0226228 0.0400791 0.272214 1
0.0252452 0.0391895 0.2725 1
0.00347002 0.0452822 0.27 1
0.00562449 0.0449284 0.270222 1
0.00871321 0.0440645 0.2708 1
0.0120422 0.0437831 0.2716 1
0.0155336 0.0433617 0.272385 1
0.0186231 0.042523 0.273 1
-0.00415584 0.0482755 0.270333 1
-0.00151464 0.0482755 0.270333 1
0.00207706 0.047582 0.2705 1
0.00526094 0.047323 0.2716 1
0.00824363 0.0463362 0.27275 1
-0.00418454 0.0509759 0.2722 1
-0.00152509 0.0509759 0.2722 1
0.00169456 0.0504067 0.272158 1
0.00439766 0.0496406 0.273 1
0.0553812 -0.0352641 0.276 1
0.0576372 -0.0351789 0.275333 1
0.0615883 -0.035705 0.275429 1
0.0647147 -0.0358084 0.275294 1
0.0684279 -0.0361772 0.274733 1
0.0721353 -0.0369815 0.274889 1
0.0753325 -0.0371683 0.274955 1
0.0774751 -0.0369853 0.274667 1
0.0344079 -0.0316661 0.276 1
0.0367145 -0.0315896 0.275333 1
0.0402088 -0.0324207 0.275857 1
0.0438879 -0.032487 0.275333 1
0.0475367 -0.0328605 0.275111 1
0.0508393 -0.0330931 0.275 1
0.054186 -0.033566 0.274714 1
0.0576372 -0.0345807 0.275333 1
0.0610756 -0.0344969 0.274667 1
0.0642008 -0.0344132 0.274 1
0.0098391 -0.028368 0.276 1
0.0119866 -0.0284072 0.2758 1
0.0158055 -0.0292214 0.275556 1
0.01938 -0.0291983 0.275333 1
0.0228973 -0.0293832 0.274889 1
0.0262531 -0.0300956 0.275333 1
0.0298041 -0.0300599 0.275 1
0.032935 -0.0304613 0.274786 1
0.0363729 -0.0308051 0.275 1
0.0403738 -0.031102 0.2742 1
0.0436769 -0.0311391 0.274 1
-0.00723914 -0.02507 0.276 1
-0.00514181 -0.02507 0.276 1
-0.00109506 -0.0254743 0.2755 1
0.00174124 -0.0255589 0.2748 1
0.00527396 -0.0263927 0.2754 1
0.00836426 -0.0265744 0.2748 1
0.0123358 -0.0271421 0.274429 1
0.0157536 -0.0279326 0.274667 1
0.0192861 -0.0278649 0.274 1
0.0222607 -0.0278649 0.274 1
-0.0213212 -0.0214721 0.276 1
-0.0192108 -0.0214565 0.2758 1
-0.0157159 -0.0220002 0.275562 1
-0.0122985 -0.0220109 0.275222 1
-0.00870587 -0.0228893 0.275 1
-0.00511965 -0.0237663 0.274778 1
-0.00198506 -0.0238909 0.2745 1
0.00173674 -0.024293 0.274 1
-0.0252967 -0.0187984 0.27525 1
-0.0227753 -0.0193469 0.274818 1
-0.0193406 -0.0201394 0.274647 1
-0.0162212 -0.0205452 0.274625 1
-0.0122433 -0.0207212 0.274 1
-0.0101612 -0.0207212 0.274 1
-0.0255464 -0.0166386 0.2744 1
-0.0239925 -0.0167029 0.274 1
0.0835349 0.0102347 0.274 1
0.0863829 0.00985026 0.274333 1
0.08956 0.00915456 0.274714 1
0.0919887 0.00832189 0.274308 1
0.0794069 0.0133663 0.274125 1
0.0822994 0.0124214 0.27492 1
0.0855137 0.0116637 0.275471 1
0.0888588 0.0108991 0.27575 1
0.0695548 0.0173784 0.274 1
0.0720836 0.0169143 0.274364 1
0.0754923 0.016069 0.2745 1
0.0785662 0.0155512 0.27535 1
0.0811498 0.0148563 0.2758 1
0.0647957 0.0205037 0.274 1
0.0683582 0.0194806 0.274474 1
0.0714359 0.0189922 0.275579 1
0.075156 0.017805 0.276 1
0.0588467 0.0236291 0.274 1
0.0614583 0.0231382 0.274444 1
0.0647159 0.0225881 0.275286 1
0.067455 0.0216834 0.27575 1
0.0547627 0.0270024 0.2744 1
0.0577006 0.0261138 0.275077 1
0.0610195 0.025278 0.27575 1
0.0448667 0.0307728 0.274 1
0.047554 0.0303414 0.2744 1
0.0508365 0.0296629 0.274731 1
0.0540178 0.0290972 0.275667 1
0.037728 0.0343446 0.274 1
0.0404634 0.0339686 0.2748 1
0.0436663 0.0329354 0.275 1
0.0469866 0.032506 0.275714 1
0.0490892 0.0321966 0.276 1
0.0310353 0.0376187 0.274 1
0.0334765 0.0370926 0.2745 1
0.0362956 0.0364853 0.275167 1
0.0392018 0.0357945 0.276 1
0.0240454 0.0414882 0.274 1
0.0265402 0.0404741 0.274636 1
0.0295501 0.0400473 0.275167 1
0.0325522 0.0393211 0.2755 1
0.0163117 0.04506 0.274 1
0.0195612 0.044029 0.274818 1
0.0224608 0.0433006 0.274941 1
0.0256191 0.0426905 0.276 1
0.0284155 0.0420909 0.276 1
0.00873514 0.0480062 0.27425 1
0.0121004 0.0472079 0.274857 1
0.0155697 0.0470004 0.2756 1
0.0189343 0.0460155 0.2758 1
0.00203419 0.0519061 0.274 1
0.00514088 0.0510849 0.2747 1
0.00817612 0.050171 0.2755 1
0.0116368 0.0492867 0.276 1
-0.00363052 0.0535892 0.275 1
-0.00140651 0.0541875 0.275273 1
0.00162535 0.0538289 0.2753 1
0.00414289 0.0532864 0.27575 1
0.0586155 -0.039121 0.28 1
0.0613189 -0.039101 0.279857 1
0.0647666 -0.0389813 0.279 1
0.0683811 -0.039265 0.279333 1
0.0717926 -0.0395391 0.279571 1
0.0751412 -0.0394692 0.278167 1
0.0376422 -0.0354709 0.28 1
0.0403041 -0.0354076 0.2795 1
0.0438682 -0.0353443 0.279 1
0.0474354 -0.0361192 0.2792 1
0.0508994 -0.0366492 0.278536 1
0.0541476 -0.0368866 0.278308 1
0.0577863 -0.0370053 0.278154 1
0.061008 -0.0372988 0.27775 1
0.064603 -0.0374982 0.277 1
0.068021 -0.0375857 0.2772 1
0.0715039 -0.0380452 0.277333 1
0.00815796 -0.0315167 0.28 1
0.0124134 -0.0324293 0.28 1
0.0157007 -0.0323135 0.279 1
0.0190323 -0.0323135 0.279 1
0.0229697 -0.032719 0.279 1
0.0262533 -0.0328621 0.2785 1
0.0298084 -0.0330348 0.278333 1
0.0331979 -0.0332869 0.278786 1
0.0367893 -0.0334274 0.278167 1
0.0400894 -0.0340096 0.278 1
0.043579 -0.0339077 0.277167 1
0.0468846 -0.0343547 0.277455 1
0.0508002 -0.0348109 0.277167 1
0.0537776 -0.03479 0.277 1
-0.00430445 -0.0287792 0.28 1
-0.00135068 -0.028909 0.279571 1
0.00176864 -0.029295 0.2791 1
0.00509093 -0.0292312 0.2785 1
0.00862599 -0.0297719 0.278286 1
0.0123233 -0.0303871 0.278 1
0.0159462 -0.0309896 0.278 1
0.0192512 -0.0309673 0.2778 1
0.0222037 -0.0308782 0.277 1
-0.0185906 -0.0251292 0.28 1
-0.0154182 -0.02562 0.279445 1
-0.0123255 -0.0255839 0.278909 1
-0.00881665 -0.0262082 0.2785 1
-0.00518108 -0.0267717 0.278083 1
-0.00185763 -0.0269316 0.277667 1
0.00175576 -0.0272672 0.277 1
0.00386069 -0.0272672 0.277 1
-0.0285525 -0.0218335 0.279333 1
-0.0262538 -0.0219477 0.278909 1
-0.0228283 -0.0229834 0.278714 1
-0.0192059 -0.0232015 0.278091 1
-0.0160058 -0.0234841 0.277333 1
-0.0123774 -0.0236563 0.277 1
-0.0102724 -0.0236563 0.277 1
-0.0268606 -0.0200815 0.2775 1
-0.0232027 -0.0209481 0.277 1
0.0907643 0.0103467 0.277 1
0.0919671 0.0103467 0.277 1
0.0832467 0.0139577 0.277 1
0.0864105 0.0130785 0.2775 1
0.0892607 0.0124129 0.277667 1
0.0922712 0.0122931 0.278684 1
0.0796382 0.0166659 0.277 1
0.0825512 0.0160331 0.278 1
0.0857599 0.0154016 0.279231 1
0.0890077 0.0145987 0.279667 1
0.0911394 0.014413 0.28 1
0.0722081 0.0203012 0.277333 1
0.075161 0.0197825 0.277727 1
0.0784573 0.0190847 0.278727 1
0.0819628 0.0180502 0.2798 1
0.0661065 0.0238878 0.277 1
0.0687374 0.02309 0.277909 1
0.0716527 0.0226552 0.279083 1
0.0747786 0.0222108 0.279444 1
0.0774611 0.0217131 0.28 1
0.0591903 0.0274987 0.277 1
0.0616045 0.0270846 0.277375 1
0.0647573 0.0261737 0.278154 1
0.0678138 0.0258322 0.279429 1
0.0522741 0.0311096 0.277 1
0.0545149 0.0306202 0.277273 1
0.0578084 0.0297314 0.27816 1
0.0611987 0.0295486 0.2793 1
0.0644536 0.0286923 0.279833 1
0.0444558 0.0344197 0.277 1
0.0475794 0.0339725 0.277364 1
0.0507804 0.0333428 0.27804 1
0.0542121 0.0328057 0.279158 1
0.05724 0.0319467 0.279429 1
0.0377739 0.0375344 0.277143 1
0.0405 0.0372063 0.278182 1
0.0436828 0.0365328 0.278269 1
0.0468832 0.03641 0.279 1
0.0499237 0.0357502 0.279556 1
0.0303227 0.0416416 0.277 1
0.0335106 0.0407531 0.2775 1
0.0368167 0.040093 0.278571 1
0.039852 0.0394368 0.2795 1
0.0425056 0.0390508 0.28 1
0.0232127 0.0450129 0.277375 1
0.0264297 0.0439964 0.2778 1
0.0298715 0.0437261 0.278615 1
0.0330097 0.0432892 0.279375 1
0.0358184 0.0423968 0.28 1
0.0134832 0.0488634 0.277 1
0.0161896 0.0484121 0.277 1
0.0194674 0.047617 0.277625 1
0.022522 0.0472754 0.27884 1
0.0260692 0.0463098 0.27975 1
0.00626632 0.0524744 0.277 1
0.00919764 0.0514099 0.277286 1
0.0124152 0.0510253 0.277923 1
0.0157763 0.0507254 0.278692 1
0.0190538 0.0501805 0.2793 1
0.0215323 0.0496968 0.28 1
-0.00365692 0.0551826 0.277 1
-0.00305551 0.0551826 0.277 1
0.00265787 0.0551826 0.277 1
0.00540975 0.0547337 0.277909 1
0.00873143 0.0540373 0.278846 1
0.0118055 0.0533469 0.28 1
-0.00368772 0.0571654 0.279333 1
-0.00133519 0.0574347 0.278792 1
0.00159235 0.0574344 0.278524 1
0.00493545 0.0570109 0.279429 1
0.00815796 0.0560844 0.28 1
0.0589363 -0.042307 0.283 1
0.0607796 -0.042307 0.283 1
0.0724539 -0.0426144 0.283 1
0.0744795 -0.0424132 0.281889 1
0.040196 -0.0386179 0.283 1
0.0438826 -0.0386179 0.283 1
0.0484909 -0.0395401 0.283 1
0.050951 -0.0397694 0.282 1
0.0542216 -0.0400315 0.281727 1
0.0575528 -0.0401566 0.281667 1
0.0613017 -0.0409493 0.282111 1
0.0647823 -0.0408908 0.281706 1
0.0681292 -0.0411568 0.281923 1
0.0718053 -0.0411898 0.281667 1
0.0749923 -0.0410923 0.281 1
0.0122392 -0.0355436 0.283 1
0.0156186 -0.0355436 0.283 1
0.0193052 -0.0355436 0.283 1
0.0229232 -0.0354389 0.282167 1
0.02601 -0.0358802 0.282417 1
0.0299836 -0.0361414 0.282294 1
0.0333679 -0.036392 0.282417 1
0.0366714 -0.0365281 0.281889 1
0.0402091 -0.0372628 0.28175 1
0.0436759 -0.0372134 0.281667 1
0.047011 -0.0378021 0.2815 1
0.0496734 -0.0380397 0.281 1
-0.00373613 -0.0318544 0.283 1
-0.00158558 -0.0318356 0.282833 1
0.00197894 -0.0323614 0.282462 1
0.00515191 -0.0323427 0.281889 1
0.00882705 -0.033275 0.282 1
0.0124029 -0.0341363 0.281824 1
0.0157403 -0.0342021 0.28175 1
0.0192142 -0.0341536 0.281667 1
0.0224187 -0.034296 0.281583 1
0.0262026 -0.0347066 0.2812 1
0.0283201 -0.0346819 0.281 1
-0.0187898 -0.0281653 0.283 1
-0.0154936 -0.0287469 0.282667 1
-0.0123304 -0.029067 0.2828 1
-0.00862104 -0.0293946 0.282 1
-0.00545936 -0.0298562 0.281842 1
-0.00177062 -0.0305357 0.281812 1
0.00178361 -0.031085 0.2816 1
0.00513663 -0.0310188 0.281 1
-0.0258384 -0.0253804 0.2828 1
-0.0225499 -0.0258343 0.281778 1
-0.019444 -0.0264555 0.2818 1
-0.0158292 -0.0271847 0.281333 1
-0.012251 -0.027661 0.281 1
-0.0104208 -0.027661 0.281 1
-0.0288656 -0.0235265 0.2812 1
-0.0263028 -0.0240149 0.2812 1
0.0868891 0.0169066 0.281 1
0.0894529 0.0164863 0.281625 1
0.0925384 0.0155158 0.281909 1
0.0945736 0.0157971 0.283 1
0.0801781 0.0199592 0.281 1
0.0821756 0.0199638 0.281737 1
0.0855334 0.0191104 0.28196 1
0.0884901 0.0184896 0.2828 1
0.072857 0.0239275 0.281 1
0.0757003 0.0235299 0.281111 1
0.0789201 0.0229063 0.28195 1
0.0821483 0.0218433 0.283 1
0.085357 0.0210235 0.283 1
0.0687965 0.0272271 0.281444 1
0.0717939 0.0261187 0.282077 1
0.0751682 0.0254621 0.282471 1
0.0780241 0.0252398 0.2827 1
0.0612653 0.0312536 0.281 1
0.0650205 0.0303311 0.281556 1
0.0679832 0.0292906 0.282467 1
0.0709178 0.0284018 0.283 1
0.0524189 0.0349167 0.281 1
0.0547372 0.0341841 0.281 1
0.0577982 0.0335121 0.281444 1
0.0609453 0.0329928 0.282091 1
0.0641751 0.0326216 0.2828 1
0.0484532 0.037664 0.281 1
0.0510621 0.0372167 0.281824 1
0.0541086 0.0357781 0.282231 1
0.0574002 0.0354727 0.283 1
0.0383867 0.0413271 0.281 1
0.0405203 0.0410203 0.281286 1
0.0438806 0.0404047 0.282 1
0.0471082 0.0398848 0.282077 1
0.0499608 0.0394175 0.282625 1
0.0337299 0.0448133 0.281167 1
0.0366913 0.0438576 0.281778 1
0.0398943 0.0432823 0.2826 1
0.0240495 0.0486532 0.281 1
0.0263702 0.0480982 0.281462 1
0.0296903 0.0473008 0.281889 1
0.0330792 0.046877 0.282556 1
0.0360486 0.046079 0.283 1
0.0170335 0.0520111 0.281 1
0.0195769 0.0518516 0.281375 1
0.0228691 0.0509667 0.281818 1
0.0258691 0.0504383 0.282647 1
0.0294434 0.049307 0.283 1
0.0100174 0.0556742 0.281 1
0.0124306 0.0546168 0.28125 1
0.0156443 0.0542967 0.282143 1
0.0192647 0.0534962 0.282389 1
0.0223389 0.0529025 0.2825 1
-0.00370973 0.059032 0.281 1
-0.00248954 0.059032 0.281 1
0.00269625 0.059032 0.281 1
0.00540068 0.0586911 0.282 1
0.00895679 0.0576196 0.28215 1
0.0122312 0.0565838 0.2828 1
0.0140825 0.0563779 0.283 1
-0.00372293 0.0604675 0.282 1
-0.00144287 0.0610845 0.282273 1
0.00178917 0.0611033 0.2821 1
0.0046752 0.060044 0.2826 1
0.0685648 -0.0458624 0.286 1
0.0716186 -0.0462031 0.2858 1
0.0504623 -0.0425134 0.286273 1
0.0542962 -0.0433007 0.286071 1
0.0576114 -0.0433797 0.285579 1
0.0613613 -0.0440771 0.28625 1
0.0647431 -0.0436259 0.285583 1
0.0682734 -0.0437251 0.284786 1
0.0715243 -0.0440008 0.2845 1
0.0739431 -0.0439991 0.284 1
0.0130353 -0.0385402 0.287 1
0.0158394 -0.0385402 0.287 1
0.0192665 -0.0385402 0.287 1
0.0211359 -0.0385402 0.287 1
0.0261639 -0.038887 0.2868 1
0.0301933 -0.0394733 0.286222 1
0.0331569 -0.0396342 0.285889 1
0.0368987 -0.0397085 0.2853 1
0.0401287 -0.0406269 0.285909 1
0.0437269 -0.0405829 0.286 1
0.0471752 -0.0405229 0.285182 1
0.0502354 -0.0411084 0.284429 1
0.0540607 -0.0419622 0.284833 1
0.0572948 -0.0418395 0.284 1
0.00213071 -0.0357342 0.287 1
0.00522803 -0.0356097 0.286 1
0.00879963 -0.0361309 0.285636 1
0.0122357 -0.0370137 0.2858 1
0.0157658 -0.0371213 0.285667 1
0.0193901 -0.0370745 0.285588 1
0.0227273 -0.0370735 0.285 1
0.0265724 -0.0375302 0.285154 1
0.0293593 -0.0376612 0.284667 1
0.0330548 -0.0382716 0.285 1
0.0366384 -0.0381373 0.284 1
-0.0159398 -0.0319929 0.287 1
-0.0118576 -0.032221 0.28625 1
-0.00874041 -0.0327993 0.285867 1
-0.00526639 -0.0333889 0.285778 1
-0.00160239 -0.033728 0.285833 1
0.00160021 -0.0340411 0.285 1
0.00519147 -0.0341266 0.284 1
-0.0258145 -0.0287737 0.286429 1
-0.0224724 -0.029463 0.285875 1
-0.0193142 -0.0298755 0.285333 1
-0.0161231 -0.0301962 0.28475 1
-0.0120891 -0.0304601 0.284333 1
-0.00910733 -0.0309876 0.284444 1
-0.00559915 -0.0313499 0.284 1
-0.0295461 -0.0263771 0.28525 1
-0.0264306 -0.0269319 0.285 1
-0.0229722 -0.0274529 0.284375 1
-0.0203977 -0.0276478 0.284 1
0.0936746 0.0170871 0.284 1
0.0949078 0.017087 0.284 1
0.0895871 0.0197227 0.284333 1
0.0927737 0.0193441 0.2854 1
0.0950508 0.0192235 0.285667 1
0.0801092 0.0241829 0.284 1
0.0824473 0.0234241 0.284267 1
0.0856375 0.0230449 0.28516 1
0.0889529 0.022485 0.285917 1
0.0926667 0.0212909 0.2866 1
0.0946641 0.0213206 0.287 1
0.0727099 0.0278851 0.284 1
0.0754479 0.0273457 0.284308 1
0.0787853 0.0267068 0.284588 1
0.0820362 0.0261513 0.285905 1
0.0852068 0.0255562 0.286818 1
0.0878097 0.0250619 0.287 1
0.0692258 0.0303802 0.28425 1
0.0718792 0.029946 0.284956 1
0.0752375 0.0298401 0.28592 1
0.0788354 0.0290276 0.286571 1
0.0622276 0.0343639 0.284 1
0.0650243 0.0340459 0.284286 1
0.0680869 0.0330089 0.285833 1
0.0718381 0.0321953 0.286667 1
0.0543986 0.0374561 0.284231 1
0.057845 0.0370497 0.284789 1
0.0611619 0.0366666 0.2855 1
0.0644666 0.0364447 0.286333 1
0.0673506 0.0356623 0.287 1
0.0480456 0.0414598 0.284 1
0.0511263 0.0406012 0.284588 1
0.0540613 0.039974 0.286111 1
0.0576091 0.0393926 0.286647 1
0.0605993 0.0387124 0.2865 1
0.0378716 0.045162 0.284 1
0.0407626 0.0448036 0.284333 1
0.0436819 0.0439365 0.284739 1
0.0473071 0.0435701 0.2852 1
0.0503826 0.0434859 0.286211 1
0.052915 0.0425213 0.287 1
0.0313973 0.0488642 0.284 1
0.0335114 0.0483353 0.284 1
0.0370709 0.0474155 0.284727 1
0.0401984 0.0472585 0.285957 1
0.0436531 0.0464691 0.286733 1
0.0460607 0.0459509 0.287 1
0.0272595 0.0513778 0.28425 1
0.0298339 0.0509822 0.284435 1
0.0333463 0.0508993 0.285379 1
0.0363031 0.0498493 0.285857 1
0.0385832 0.0496922 0.287 1
0.0172153 0.055343 0.284 1
0.0194147 0.0554568 0.284583 1
0.0228398 0.0544869 0.284526 1
0.0261216 0.053905 0.285423 1
0.0296357 0.0535061 0.286231 1
0.0326636 0.0531217 0.287 1
0.0082745 0.0593537 0.284 1
0.0124567 0.0583568 0.284692 1
0.0157642 0.0578318 0.285615 1
0.01924 0.0574073 0.2866 1
0.0226447 0.0568089 0.286727 1
0.0248746 0.0565512 0.287 1
0.00545534 0.0618109 0.2848 1
0.00874698 0.0611442 0.28532 1
0.0119993 0.0608498 0.286333 1
0.0149047 0.0602925 0.287 1
-0.00128867 0.0645558 0.28516 1
0.00180605 0.064501 0.28492 1
0.0048955 0.0645226 0.286273 1
0.00929659 0.0630985 0.287 1
0.0105428 0.0630985 0.287 1
-0.00129646 0.0668398 0.287 1
0.00181705 0.0667466 0.2866 1
0.00400007 0.0668398 0.287 1
0.0515792 -0.0458738 0.29 1
0.0543486 -0.0458211 0.289667 1
0.0578862 -0.0458206 0.289 1
0.0612312 -0.0461092 0.2895 1
0.0648918 -0.0460295 0.289 1
0.0683446 -0.0467848 0.289 1
0.0708527 -0.0472853 0.289 1
0.0270235 -0.0420933 0.29 1
0.0285976 -0.0420933 0.29 1
0.0333198 -0.0430384 0.29 1
0.0367608 -0.0430137 0.289833 1
0.0404208 -0.0428901 0.289 1
0.0438718 -0.04289 0.289 1
0.0474087 -0.0432936 0.288889 1
0.0508517 -0.0442857 0.288824 1
0.0540363 -0.044892 0.28925 1
0.0578545 -0.0449837 0.288333 1
0.00530115 -0.038943 0.29 1
0.0090974 -0.0390979 0.289143 1
0.0120163 -0.0396271 0.289467 1
0.015636 -0.0397506 0.289 1
0.018863 -0.0395263 0.289 1
0.0229185 -0.039793 0.289 1
0.0264261 -0.0405643 0.288769 1
0.0295806 -0.040995 0.288667 1
0.0334399 -0.0415382 0.288333 1
0.0365291 -0.0414902 0.288 1
-0.0148472 -0.0351626 0.29 1
-0.0123159 -0.0351222 0.289667 1
-0.00861449 -0.03581 0.2895 1
-0.005384 -0.0359832 0.289 1
-0.00139513 -0.0361632 0.289 1
0.00162267 -0.0370304 0.289 1
0.00527677 -0.0375111 0.288667 1
0.008727 -0.0381544 0.2888 1
0.0112049 -0.0380487 0.288 1
-0.0249213 -0.0323273 0.29 1
-0.0224573 -0.032463 0.289333 1
-0.0193191 -0.0328817 0.288818 1
-0.0155717 -0.0336098 0.288833 1
-0.0126319 -0.0338431 0.288714 1
-0.00857845 -0.0345588 0.28825 1
-0.0069286 -0.0346073 0.288 1
-0.0321621 -0.029807 0.29 1
-0.029533 -0.0293126 0.288923 1
-0.0263232 -0.030438 0.2888 1
-0.0234989 -0.0308529 0.288 1
0.0906169 0.023585 0.288 1
0.0929191 0.0231006 0.288889 1
0.0951744 0.0230799 0.2895 1
0.0837387 0.0273392 0.288 1
0.0861389 0.0270631 0.288857 1
0.0891414 0.0260818 0.2893 1
0.0921906 0.0250088 0.29 1
0.0768605 0.0310936 0.288 1
0.0786975 0.0307926 0.288111 1
0.0821164 0.0295388 0.289 1
0.0851187 0.0287396 0.2895 1
0.0696696 0.0345351 0.288 1
0.0719118 0.0339327 0.288571 1
0.0751588 0.0332753 0.289053 1
0.0785187 0.0323878 0.2895 1
0.0808572 0.0316246 0.29 1
0.0624788 0.0382894 0.288 1
0.0649554 0.0380592 0.288286 1
0.068582 0.0366571 0.288688 1
0.0712519 0.0359856 0.2896 1
0.0736164 0.035405 0.29 1
0.0552879 0.0411052 0.288 1
0.0575172 0.0411337 0.2882 1
0.0611761 0.0403622 0.288684 1
0.063975 0.0396251 0.289111 1
0.0673201 0.0385553 0.29 1
0.0518488 0.0444424 0.288 1
0.0542938 0.0436105 0.289 1
0.0576395 0.042572 0.29 1
0.0597645 0.0423357 0.29 1
0.0418441 0.0486139 0.288 1
0.0440313 0.0480552 0.2884 1
0.0472994 0.0471927 0.288864 1
0.0507989 0.0466075 0.289133 1
0.0531533 0.0461161 0.29 1
0.0372544 0.0516414 0.288545 1
0.0401256 0.0506284 0.289133 1
0.0434189 0.0495537 0.289571 1
0.0271497 0.0558096 0.288 1
0.029693 0.0552605 0.2884 1
0.0333424 0.0545233 0.288588 1
0.0362507 0.0539388 0.2896 1
0.0174578 0.0589383 0.288 1
0.0193336 0.0589383 0.288 1
0.0229093 0.0583939 0.2884 1
0.0262809 0.0578143 0.2891 1
0.0299633 0.0568083 0.2895 1
0.0332752 0.0561197 0.2896 1
0.0352088 0.0561972 0.29 1
0.0128195 0.0624555 0.288143 1
0.0158729 0.0614301 0.288313 1
0.0190414 0.0610441 0.289185 1
0.0222305 0.0603803 0.289455 1
0.0248198 0.0599776 0.29 1
0.00651517 0.0655084 0.288 1
0.00873198 0.0650869 0.2889 1
0.0121117 0.0644125 0.289211 1
0.0155711 0.0636807 0.289909 1
0.017579 0.0634429 0.29 1
-0.00116121 0.0684836 0.289077 1
0.00182971 0.0684837 0.288667 1
0.00514904 0.0678729 0.289333 1
0.00781968 0.0672234 0.29 1
-0.000680375 0.0700587 0.29 1
0.00183816 0.0700587 0.29 1
0.00404188 0.0700587 0.29 1
0.0516523 -0.0490615 0.294 1
0.0535673 -0.0490615 0.294 1
0.0625038 -0.0493809 0.294 1
0.0647379 -0.0493809 0.294 1
0.0682486 -0.0493809 0.294 1
0.0701636 -0.0493809 0.294 1
0.0334603 -0.0461871 0.294 1
0.0379285 -0.0461871 0.294 1
0.0403886 -0.0460824 0.293333 1
0.0438429 -0.04603 0.293 1
0.0473139 -0.0460038 0.292833 1
0.0505353 -0.047187 0.292789 1
0.0541691 -0.0475185 0.292588 1
0.0576195 -0.0475815 0.2925 1
0.0611959 -0.0478307 0.292333 1
0.0648559 -0.0477217 0.291667 1
0.0675522 -0.0476125 0.291 1
0.00218267 -0.0420352 0.294 1
0.00409763 -0.0420352 0.294 1
0.00952335 -0.0426739 0.294 1
0.0127149 -0.0425142 0.294 1
0.015657 -0.0424707 0.293333 1
0.0195211 -0.0430321 0.293167 1
0.0226423 -0.0432389 0.293235 1
0.0261106 -0.0432149 0.292467 1
0.0296261 -0.0441119 0.292545 1
0.0330062 -0.0444235 0.292 1
0.0367694 -0.0446652 0.2924 1
0.0401131 -0.0445023 0.291333 1
0.0438595 -0.0444514 0.291 1
0.0463867 -0.0444513 0.291 1
0.0501776 -0.0453997 0.291 1
-0.011222 -0.0391608 0.294 1
-0.00833592 -0.0394136 0.2935 1
-0.00514045 -0.0396664 0.293 1
-0.00164162 -0.0396549 0.292917 1
0.00185357 -0.040107 0.2925 1
0.00545883 -0.0407633 0.292364 1
0.00868369 -0.04087 0.292 1
0.0120579 -0.0413686 0.292 1
0.0159392 -0.0413977 0.292 1
0.0193426 -0.0410785 0.291471 1
0.0227556 -0.0417206 0.2918 1
0.0252213 -0.0416063 0.291 1
-0.0287758 -0.0353283 0.294 1
-0.0259319 -0.0359185 0.2936 1
-0.0227424 -0.0362233 0.293176 1
-0.0191918 -0.0367201 0.292731 1
-0.0158688 -0.0369607 0.29284 1
-0.0122856 -0.0369811 0.292364 1
-0.00891201 -0.037245 0.2915 1
-0.00510536 -0.0374967 0.291 1
-0.00194633 -0.0374967 0.291 1
0.0021604 -0.0384451 0.291 1
-0.0318804 -0.0330047 0.2932 1
-0.029997 -0.033208 0.292857 1
-0.0264506 -0.0335375 0.291833 1
-0.0230204 -0.0341138 0.291385 1
-0.019333 -0.0346715 0.291167 1
-0.0164778 -0.0346516 0.291 1
-0.0317499 -0.0309642 0.292 1
-0.0302725 -0.0311323 0.2912 1
0.0899813 0.0276241 0.291 1
0.0929322 0.0266001 0.292 1
0.0955234 0.0261297 0.292375 1
0.0830314 0.0311014 0.291 1
0.0861112 0.0303004 0.2918 1
0.0891183 0.0299684 0.292857 1
0.09213 0.0289393 0.293545 1
0.0754498 0.0348948 0.291 1
0.0789743 0.033956 0.291818 1
0.0823325 0.0332639 0.292524 1
0.0855991 0.0329112 0.293667 1
0.0883556 0.0323801 0.294 1
0.0694476 0.038056 0.291 1
0.0722527 0.0374073 0.291571 1
0.0754932 0.0368759 0.293095 1
0.0786233 0.036166 0.293474 1
0.0818875 0.0355112 0.293857 1
0.061866 0.0418495 0.291 1
0.0650789 0.0409913 0.291462 1
0.0683011 0.0403152 0.292364 1
0.0714929 0.0400606 0.293095 1
0.0743261 0.0394438 0.2938 1
0.0555479 0.0450107 0.291 1
0.0577712 0.0444591 0.2918 1
0.0612777 0.0440321 0.292286 1
0.0647603 0.0438154 0.293182 1
0.0672912 0.0426003 0.294 1
0.0485981 0.048488 0.291 1
0.0505291 0.0485213 0.2912 1
0.0543189 0.0473562 0.2922 1
0.057552 0.0467753 0.293857 1
0.0609079 0.0464329 0.294 1
0.0407715 0.0520546 0.2915 1
0.0439419 0.051225 0.291778 1
0.04723 0.0508788 0.292154 1
0.0506613 0.0506232 0.292778 1
0.0538776 0.0498144 0.2936 1
0.0375041 0.0549752 0.2912 1
0.0403595 0.054163 0.292333 1
0.0435782 0.0541746 0.293667 1
0.046865 0.0533869 0.2936 1
0.0490991 0.0528204 0.294 1
0.0296651 0.0586441 0.2912 1
0.0333462 0.0581751 0.291727 1
0.03676 0.0579055 0.292545 1
0.0399605 0.0571351 0.293556 1
0.0420776 0.0566529 0.294 1
0.0207986 0.0623973 0.291 1
0.0229881 0.0620973 0.291286 1
0.0263918 0.0611125 0.29192 1
0.0296192 0.0609453 0.293053 1
0.0331194 0.0604444 0.2938 1
0.0362263 0.0601661 0.294 1
0.0125947 0.0659199 0.2912 1
0.0159772 0.0654472 0.291692 1
0.0192134 0.0646021 0.292048 1
0.022451 0.06474 0.293333 1
0.0256551 0.06369 0.293556 1
0.0280346 0.0633599 0.294 1
0.00627279 0.0692537 0.29125 1
0.00905881 0.0684516 0.291875 1
0.0123904 0.068179 0.292552 1
0.0155277 0.0678331 0.293267 1
0.0192332 0.0668832 0.293889 1
-0.000685848 0.0718934 0.292333 1
0.00184899 0.0717628 0.2918 1
0.00534545 0.0715927 0.2924 1
0.00860375 0.071002 0.293714 1
0.0108 0.0707057 0.294 1
-5.14406e-05 0.0738994 0.294 1
0.00207629 0.0738994 0.294 1
0.0692675 -0.0527885 0.297 1
0.0705571 -0.0527885 0.297 1
0.0405724 -0.0495622 0.297 1
0.0437966 -0.0495622 0.297 1
0.0472886 -0.0495066 0.296667 1
0.050881 -0.0501372 0.2962 1
0.0545744 -0.0498776 0.296 1
0.0580286 -0.0502008 0.296 1
0.061001 -0.0503621 0.296 1
0.0646795 -0.0511179 0.296667 1
0.0684829 -0.0511413 0.296 1
0.071646 -0.0504809 0.296 1
0.0163912 -0.0456905 0.297 1
0.0192527 -0.0455982 0.2964 1
0.0230157 -0.0458572 0.296286 1
0.0263675 -0.046627 0.2968 1
0.0301415 -0.0469136 0.295889 1
0.0331343 -0.047547 0.295833 1
0.0363826 -0.0471461 0.295556 1
0.0402002 -0.0480627 0.295941 1
0.0438145 -0.0480057 0.295588 1
0.0473236 -0.0480895 0.295625 1
0.0500186 -0.0486973 0.295667 1
-0.00874882 -0.0424164 0.296667 1
-0.00519308 -0.0423211 0.296 1
-0.00117703 -0.0428408 0.29625 1
0.00192725 -0.0433945 0.296231 1
0.00520959 -0.0435685 0.296 1
0.00852847 -0.0437704 0.295857 1
0.0121588 -0.043929 0.296 1
0.0158535 -0.0441709 0.296 1
0.0187859 -0.0444326 0.295778 1
0.0229687 -0.0449418 0.295714 1
0.0262085 -0.0450623 0.295 1
-0.0245556 -0.0392377 0.297 1
-0.0224778 -0.0395245 0.297 1
-0.0193316 -0.0394272 0.296 1
-0.015661 -0.040038 0.296182 1
-0.0125033 -0.0402327 0.296 1
-0.00909557 -0.0411277 0.296 1
-0.00519308 -0.041678 0.296 1
-0.00165727 -0.0416076 0.2955 1
0.000588874 -0.0415372 0.295 1
-0.0323174 -0.0358146 0.296556 1
-0.0296917 -0.0365168 0.295857 1
-0.026542 -0.0375638 0.295667 1
-0.0228162 -0.0380551 0.295333 1
-0.0331488 -0.0336414 0.296 1
0.0973113 0.0277771 0.296 1
0.0908979 0.030888 0.295 1
0.0932841 0.0302263 0.295364 1
0.096324 0.0297733 0.296154 1
0.0861822 0.0344757 0.295143 1
0.0895648 0.0335974 0.2955 1
0.0925961 0.0328528 0.296333 1
0.0963504 0.0317426 0.297 1
0.0793691 0.0376178 0.295 1
0.0825437 0.037133 0.295667 1
0.085553 0.0366264 0.296105 1
0.0887634 0.0360045 0.296667 1
0.072644 0.0414633 0.295 1
0.0755184 0.0405901 0.295632 1
0.078386 0.0398254 0.296412 1
0.0811968 0.0391633 0.297 1
0.0659188 0.0449884 0.295 1
0.0685019 0.0439548 0.295526 1
0.0718612 0.0436599 0.296455 1
0.0748775 0.0428414 0.297 1
0.0773279 0.0420671 0.297 1
0.0579956 0.0483548 0.295273 1
0.0612442 0.047978 0.295529 1
0.0648668 0.0472786 0.295762 1
0.0676995 0.046661 0.296538 1
0.0524685 0.0517182 0.295 1
0.0547181 0.0514021 0.295286 1
0.0576673 0.0506975 0.296421 1
0.0610674 0.0498262 0.296667 1
0.063464 0.0494877 0.297 1
0.0447827 0.0555638 0.295 1
0.0475426 0.0549558 0.295308 1
0.0507248 0.0540896 0.295857 1
0.0537341 0.0536255 0.296429 1
0.0560484 0.0533594 0.297 1
0.0406853 0.0588428 0.295143 1
0.0436809 0.0579735 0.296 1
0.0470647 0.0571586 0.296733 1
0.0502449 0.0562631 0.297 1
0.0302115 0.0624538 0.295 1
0.0333002 0.0620571 0.2954 1
0.0369662 0.0615434 0.295667 1
0.0399369 0.0611163 0.296316 1
0.0431041 0.0600673 0.296667 1
0.0239668 0.0658187 0.295 1
0.0264157 0.0653737 0.2954 1
0.0298213 0.0643107 0.296053 1
0.0334576 0.063641 0.2968 1
0.0357362 0.0636839 0.297 1
0.0164422 0.0692614 0.295429 1
0.0190606 0.068766 0.295692 1
0.022521 0.0678897 0.2962 1
0.0258703 0.0673619 0.297 1
0.0283206 0.0665876 0.297 1
0.00667353 0.0731894 0.295 1
0.00919001 0.0727608 0.2956 1
0.0122927 0.0718487 0.295778 1
0.015489 0.0713102 0.2966 1
0.018628 0.0703801 0.296667 1
0.00198155 0.0751758 0.295667 1
0.00495314 0.0750595 0.296333 1
0.00805449 0.0745152 0.297 1
0.0109102 0.0736856 0.297 1
0.0688934 -0.0561154 0.301 1
0.0407921 -0.0528455 0.301 1
0.0437329 -0.0528455 0.301 1
0.0474476 -0.0528136 0.300286 1
0.0508023 -0.053049 0.3003 1
0.0543349 -0.0529959 0.3 1
0.0580305 -0.0537567 0.300375 1
0.0613467 -0.0539793 0.30025 1
0.0647187 -0.054035 0.300333 1
0.0680339 -0.054152 0.299778 1
0.0700585 -0.0541185 0.299 1
0.0263693 -0.0498198 0.3005 1
0.0300541 -0.0503182 0.3 1
0.033222 -0.0501486 0.298909 1
0.0367726 -0.0502818 0.299 1
0.0401668 -0.0510175 0.299375 1
0.0437569 -0.051259 0.299588 1
0.0472239 -0.0512478 0.299062 1
0.0503137 -0.0512793 0.298455 1
0.0542961 -0.0513476 0.298 1
0.0573376 -0.0516343 0.29825 1
0.0612946 -0.0524944 0.299 1
0.0648651 -0.0524944 0.299 1
0.067672 -0.0524066 0.2985 1
-0.00135966 -0.0459483 0.3008 1
0.00206598 -0.0463417 0.300167 1
0.0051597 -0.0468261 0.300133 1
0.00897036 -0.0471353 0.2995 1
0.0123137 -0.0474209 0.29976 1
0.0156563 -0.0475806 0.299917 1
0.0192677 -0.0477412 0.299364 1
0.0226688 -0.0476244 0.299 1
0.0262237 -0.0482449 0.298833 1
0.029063 -0.0481104 0.298 1
-0.0255398 -0.0423821 0.301 1
-0.0228966 -0.0423258 0.3006 1
-0.0192672 -0.0422413 0.3 1
-0.0157862 -0.0429613 0.300143 1
-0.0121013 -0.0438734 0.3 1
-0.0086488 -0.0441942 0.30025 1
-0.00524541 -0.0440409 0.298933 1
-0.0021599 -0.0441635 0.298667 1
0.00189271 -0.0448691 0.2984 1
0.00513677 -0.0453183 0.2988 1
0.0086824 -0.0451969 0.298 1
0.0122409 -0.0451969 0.298 1
0.0145054 -0.0451969 0.298 1
-0.0324017 -0.0394392 0.301 1
-0.0295625 -0.0397006 0.300143 1
-0.0262174 -0.0403328 0.299316 1
-0.0229342 -0.0411135 0.299545 1
-0.0191616 -0.0410347 0.298333 1
-0.0142862 -0.0419596 0.298 1
-0.0123452 -0.0419596 0.298 1
-0.0355681 -0.0364578 0.2996 1
-0.0336068 -0.0372789 0.299235 1
-0.0303319 -0.0379455 0.298 1
-0.0351077 -0.0333306 0.299 1
-0.0341523 -0.0332842 0.2986 1
0.0940868 0.0341156 0.298 1
0.0961889 0.0335254 0.2985 1
0.0869698 0.0380003 0.298 1
0.0894972 0.0375182 0.298571 1
0.0926696 0.0365855 0.299143 1
0.0959263 0.0360388 0.300143 1
0.0796185 0.041284 0.298333 1
0.0825063 0.0406407 0.298889 1
0.0855474 0.0403519 0.299762 1
0.0888858 0.040008 0.300571 1
0.0922421 0.038935 0.300571 1
0.0717652 0.045446 0.298 1
0.0756721 0.0440614 0.298267 1
0.0788779 0.0437864 0.299318 1
0.0818272 0.0430533 0.3005 1
0.0849045 0.0426336 0.301 1
0.0689648 0.047874 0.2982 1
0.0716229 0.0473873 0.298696 1
0.0753706 0.0470774 0.299792 1
0.0780374 0.0468583 0.300636 1
0.0588251 0.0519204 0.298 1
0.0615898 0.0513311 0.298333 1
0.0649473 0.051024 0.299238 1
0.0682356 0.0507107 0.299952 1
0.0717194 0.0501538 0.300714 1
0.0750032 0.0491079 0.3006 1
0.0770623 0.0491733 0.301 1
0.0520316 0.0558051 0.298 1
0.0545916 0.0552599 0.2982 1
0.057988 0.0541563 0.298762 1
0.0610518 0.0539925 0.300111 1
0.0642116 0.053327 0.300714 1
0.066606 0.0530971 0.301 1
0.0475834 0.0588172 0.2985 1
0.0507315 0.0581199 0.299 1
0.0540531 0.0576549 0.2997 1
0.0570269 0.0571794 0.3008 1
0.0410326 0.0626033 0.298 1
0.0437543 0.0614551 0.298789 1
0.0471978 0.0612596 0.3 1
0.0503217 0.0609865 0.300667 1
0.0538625 0.0596368 0.301 1
0.0300335 0.0661643 0.298 1
0.0328203 0.0654285 0.298333 1
0.0369229 0.0649316 0.298778 1
0.0403058 0.0649369 0.2998 1
0.043273 0.0639413 0.300273 1
0.0460203 0.0635606 0.301 1
0.023887 0.0690778 0.298 1
0.026526 0.0687745 0.298556 1
0.0297345 0.0681243 0.299333 1
0.0333003 0.0677456 0.300222 1
0.0362668 0.0672638 0.3005 1
0.0388316 0.0671574 0.301 1
0.0160558 0.0726188 0.29825 1
0.0195266 0.0719668 0.2991 1
0.0226658 0.0716913 0.299667 1
0.0258855 0.0711622 0.300385 1
0.028811 0.0707542 0.301 1
-5.21405e-05 0.0761997 0.298 1
0.000594863 0.0761997 0.298 1
0.00641789 0.0761997 0.298 1
0.00902269 0.0759102 0.298556 1
0.0122783 0.0752623 0.2989 1
0.0156365 0.0751077 0.300389 1
0.017919 0.074351 0.301 1
-5.22805e-05 0.0786787 0.2988 1
0.00189394 0.0786787 0.2988 1
0.00515119 0.078537 0.2995 1
0.00842747 0.0785664 0.300444 1
0.012245 0.0778836 0.30075 1
0.0143247 0.0772939 0.301 1
-5.24905e-05 0.0809478 0.3 1
0.00190155 0.0809478 0.3 1
0.00484871 0.0808907 0.301 1
0.0507691 -0.0563444 0.304 1
0.0542203 -0.0564882 0.303 1
0.0578386 -0.0564882 0.303 1
0.0611279 -0.0564882 0.303 1
0.0646734 -0.0572239 0.303625 1
0.0675065 -0.0572414 0.303182 1
0.0273381 -0.0530419 0.304 1
0.0295883 -0.0529373 0.3034 1
0.0330089 -0.0528815 0.302909 1
0.0370182 -0.0538468 0.303231 1
0.0400006 -0.0541393 0.303667 1
0.0437651 -0.0542736 0.3035 1
0.0473619 -0.0544158 0.302714 1
0.0508038 -0.0547066 0.30225 1
0.0543134 -0.0550996 0.302375 1
0.0573166 -0.0553106 0.302556 1
0.0611279 -0.0558299 0.303 1
0.0647461 -0.0558299 0.303 1
0.0675568 -0.0557071 0.302333 1
-0.00071322 -0.0494093 0.304 1
0.00192096 -0.0492793 0.3032 1
0.00520555 -0.0492143 0.3028 1
0.00886533 -0.0500709 0.303385 1
0.0124463 -0.0502342 0.303 1
0.0157559 -0.0509611 0.3034 1
0.019198 -0.0508196 0.302909 1
0.0227989 -0.0509699 0.303091 1
0.0262253 -0.0514828 0.3026 1
0.0284696 -0.0513807 0.302 1
0.0346986 -0.052365 0.302 1
0.0366657 -0.052365 0.302 1
0.0389605 -0.052365 0.302 1
-0.0152179 -0.0463862 0.303667 1
-0.0122234 -0.0462844 0.303 1
-0.00860518 -0.0462844 0.303 1
-0.00531457 -0.0469292 0.3029 1
-0.0017153 -0.0475753 0.302706 1
0.00155964 -0.0479787 0.302545 1
0.00520555 -0.0485564 0.3028 1
0.00781541 -0.0484281 0.302 1
-0.0317346 -0.0424742 0.304 1
-0.0297167 -0.0424184 0.3036 1
-0.0265469 -0.0435111 0.303167 1
-0.0227492 -0.0436512 0.303 1
-0.0189847 -0.0442382 0.303 1
-0.0158116 -0.0448787 0.3024 1
-0.0138223 -0.0448193 0.302 1
-0.0362342 -0.0392091 0.303 1
-0.0333147 -0.0404446 0.302929 1
-0.0302145 -0.0408825 0.302 1
-0.0272638 -0.0418667 0.302 1
-0.0364435 -0.0379299 0.302 1
0.0968367 0.0377029 0.302455 1
0.0984088 0.0375683 0.302333 1
0.0897764 0.0411349 0.302 1
0.0926682 0.0406497 0.302571 1
0.0960501 0.0395536 0.303364 1
0.0986258 0.038967 0.303 1
0.0826575 0.0445093 0.302 1
0.0860862 0.04385 0.302737 1
0.0890768 0.0433867 0.303294 1
0.091691 0.0427283 0.304 1
0.0794462 0.0477858 0.302333 1
0.0819668 0.0470516 0.303125 1
0.0851858 0.046074 0.303556 1
0.0877308 0.0457005 0.304 1
0.0721531 0.0516902 0.302333 1
0.0752226 0.0511133 0.3028 1
0.0786405 0.050557 0.303529 1
0.0811305 0.0493331 0.304 1
0.0619097 0.05557 0.302 1
0.0649253 0.0547342 0.302538 1
0.0683723 0.0542327 0.302917 1
0.0714727 0.0535733 0.303429 1
0.0738702 0.0532961 0.304 1
0.0553527 0.0591787 0.302 1
0.0581493 0.0583687 0.302333 1
0.0609066 0.057589 0.303125 1
0.0645589 0.056867 0.303667 1
0.0677319 0.0566645 0.304 1
0.0517465 0.0616939 0.302 1
0.0542913 0.061475 0.302727 1
0.0576285 0.0608999 0.303625 1
0.0600095 0.0599009 0.304 1
0.0441991 0.0654991 0.3024 1
0.0474045 0.0646192 0.302889 1
0.0503969 0.0642016 0.30325 1
0.0530792 0.0638638 0.304 1
0.0310923 0.069677 0.302 1
0.0334102 0.0697231 0.3022 1
0.0367578 0.0690241 0.302273 1
0.040109 0.0681705 0.302833 1
0.0434647 0.0672754 0.303273 1
0.0464789 0.066836 0.304 1
0.0265058 0.0729083 0.302571 1
0.0299008 0.0719723 0.303 1
0.0330507 0.0711423 0.303077 1
0.0367434 0.0706338 0.304 1
0.0160115 0.0768945 0.302 1
0.0195786 0.0754859 0.3024 1
0.0230393 0.0754382 0.303048 1
0.025788 0.0747637 0.303385 1
0.0286581 0.0741013 0.304 1
0.00978249 0.0798471 0.302 1
0.0126386 0.0797166 0.302333 1
0.0156875 0.0789705 0.302636 1
0.0189278 0.0782642 0.303778 1
0.0217278 0.0777339 0.304 1
0.00224207 0.0824717 0.302 1
0.0054209 0.0823895 0.3025 1
0.0086821 0.0820526 0.303091 1
0.01248 0.0816431 0.3038 1
0.0156226 0.0812016 0.304 1
0.00225691 0.0843388 0.304 1
0.00522705 0.0843389 0.304 1
0.00720714 0.0843388 0.304 1
0.0514371 -0.0600971 0.308 1
0.054416 -0.0600646 0.307833 1
0.0579356 -0.059902 0.307 1
0.061621 -0.0601609 0.306857 1
0.0647549 -0.0604053 0.306167 1
0.06716 -0.0595117 0.305 1
0.0273634 -0.0564166 0.308 1
0.0293363 -0.0564667 0.307667 1
0.0332735 -0.0565669 0.307 1
0.0366062 -0.0565669 0.307 1
0.0402999 -0.05718 0.307214 1
0.0437424 -0.0569148 0.306909 1
0.0473383 -0.0573728 0.306273 1
0.0509149 -0.058334 0.306467 1
0.0543104 -0.0584328 0.306063 1
0.0576839 -0.058315 0.305667 1
0.0611846 -0.0582269 0.305412 1
0.0646153 -0.0589456 0.3055 1
0.06716 -0.0588491 0.305 1
-0.00139128 -0.0527019 0.3078 1
0.00194591 -0.0525649 0.307 1
0.00527863 -0.0525649 0.307 1
0.00878537 -0.0536093 0.307889 1
0.0122892 -0.0536236 0.307333 1
0.0159377 -0.0542167 0.3069 1
0.0192702 -0.0542167 0.3069 1
0.0226088 -0.0542346 0.307 1
0.0259354 -0.0542168 0.30615 1
0.0299735 -0.0549102 0.305769 1
0.033129 -0.0549945 0.305667 1
0.0360587 -0.0552963 0.306111 1
0.0401619 -0.0557482 0.306167 1
0.0437365 -0.0556451 0.3056 1
0.0459696 -0.0555358 0.305 1
-0.0157531 -0.049671 0.307667 1
-0.0120515 -0.0495634 0.307 1
-0.00843312 -0.0499458 0.307 1
-0.00549826 -0.0503506 0.306647 1
-0.00178291 -0.050883 0.3063 1
0.00193746 -0.0510099 0.305667 1
0.0052557 -0.0510099 0.305667 1
0.00846035 -0.0517745 0.305909 1
0.0121974 -0.0518911 0.305 1
-0.0292229 -0.0463292 0.307667 1
-0.0261319 -0.0464459 0.3065 1
-0.0226669 -0.0464622 0.306333 1
-0.019281 -0.0473253 0.306474 1
-0.0162605 -0.0476263 0.305571 1
-0.0123041 -0.0479152 0.305 1
-0.00866198 -0.0479152 0.305 1
-0.00468877 -0.0489092 0.305 1
-0.00270217 -0.0489092 0.305 1
-0.0368101 -0.0430052 0.3078 1
-0.0333477 -0.0435176 0.306688 1
-0.0298701 -0.0443902 0.306143 1
-0.0262404 -0.0449824 0.305333 1
-0.0225682 -0.0449333 0.305 1
-0.0205816 -0.0449333 0.305 1
-0.0390465 -0.0415594 0.307 1
-0.0368974 -0.0410635 0.306143 1
-0.0344878 -0.0412887 0.305 1
0.0964736 0.0410081 0.305273 1
0.099035 0.0407408 0.305714 1
0.089823 0.0452623 0.3055 1
0.0929862 0.0441611 0.305706 1
0.0965189 0.0434965 0.306857 1
0.0992256 0.0428012 0.306889 1
0.083384 0.0481701 0.305 1
0.085938 0.0477126 0.30525 1
0.0893174 0.0474105 0.3065 1
0.092549 0.0465726 0.307333 1
0.0949036 0.0459672 0.308 1
0.079376 0.0520653 0.3055 1
0.0824087 0.0507558 0.3058 1
0.0854103 0.0506749 0.307375 1
0.0875477 0.0499823 0.308 1
0.072186 0.0553394 0.30525 1
0.0753808 0.0543274 0.305667 1
0.0787344 0.0540094 0.306667 1
0.0815978 0.0531557 0.307 1
0.0625246 0.0587726 0.305 1
0.0649287 0.0588497 0.3054 1
0.0684936 0.0583618 0.305733 1
0.0717045 0.0576839 0.306353 1
0.0747155 0.0570802 0.307727 1
0.077517 0.0563394 0.308 1
0.0579852 0.0625196 0.3055 1
0.0611829 0.0614064 0.3059 1
0.0641596 0.0605867 0.3068 1
0.0679337 0.0601585 0.307 1
0.0711642 0.0600199 0.308 1
0.0482873 0.0663932 0.305 1
0.0513518 0.0656727 0.3055 1
0.0545104 0.0651703 0.30625 1
0.0579969 0.0645377 0.306947 1
0.0609329 0.0638342 0.308 1
0.0412695 0.0697122 0.30575 1
0.0441937 0.0689098 0.305875 1
0.0473437 0.0686085 0.306706 1
0.0505634 0.0680718 0.307471 1
0.0536555 0.0672397 0.307571 1
0.0333878 0.0726885 0.305 1
0.0369168 0.0723103 0.305889 1
0.0400726 0.0717719 0.306823 1
0.0435448 0.0711712 0.30775 1
0.0460874 0.0707267 0.308 1
0.0269865 0.0762226 0.305 1
0.0299576 0.0753384 0.3058 1
0.0332854 0.0751921 0.3071 1
0.0364057 0.0750548 0.307714 1
0.0392331 0.0742399 0.308 1
0.019316 0.079812 0.305 1
0.0229955 0.078948 0.3055 1
0.02625 0.0790918 0.3067 1
0.0295226 0.0786968 0.3075 1
0.0327131 0.0774184 0.308 1
0.0122156 0.0834048 0.305417 1
0.0159133 0.0827573 0.305625 1
0.0192843 0.0821349 0.306636 1
0.0224122 0.0814803 0.307333 1
0.0250229 0.0814335 0.308 1
0.00227701 0.0865051 0.307 1
0.00526144 0.0862233 0.306 1
0.0087379 0.085696 0.306222 1
0.0119534 0.0856789 0.307222 1
0.0157307 0.0851291 0.30775 1
0.0190045 0.0844448 0.308 1
0.00228661 0.0877907 0.308 1
0.00528421 0.0876196 0.3074 1
0.00863466 0.0877337 0.3078 1
0.0624042 -0.0633852 0.311 1
0.0635497 -0.0631814 0.31 1
0.0377584 -0.0600067 0.311 1
0.0438354 -0.0603446 0.311 1
0.0474366 -0.0602357 0.309769 1
0.0503989 -0.061199 0.310429 1
0.0541836 -0.0615637 0.310333 1
0.0577905 -0.0614579 0.3098 1
0.0612311 -0.0615343 0.309333 1
0.0639503 -0.0625749 0.3095 1
0.0161186 -0.0568562 0.3104 1
0.019614 -0.0573836 0.31 1
0.0228587 -0.0575319 0.3104 1
0.0260264 -0.0574916 0.309778 1
0.0298798 -0.0580987 0.309833 1
0.0334902 -0.0579425 0.309 1
0.0370555 -0.0582629 0.309462 1
0.0399266 -0.0588253 0.309857 1
0.0436086 -0.0586897 0.3094 1
0.0455662 -0.0586138 0.309 1
-0.0108581 -0.052912 0.311 1
-0.0090793 -0.0529536 0.31075 1
-0.00544731 -0.0538342 0.310467 1
-0.00186714 -0.053998 0.309923 1
0.00211428 -0.0546701 0.309889 1
0.00532806 -0.0547467 0.3099 1
0.00846719 -0.0551824 0.309833 1
0.0120521 -0.0554002 0.3098 1
0.0140345 -0.0552571 0.309 1
-0.0385424 -0.0491957 0.311 1
-0.036999 -0.0497748 0.311 1
-0.029074 -0.0495072 0.310833 1
-0.026503 -0.0501026 0.310909 1
-0.0229982 -0.0501769 0.3108 1
-0.0192492 -0.0507553 0.3102 1
-0.0155158 -0.0513285 0.3096 1
-0.01213 -0.051229 0.309 1
-0.00903343 -0.051523 0.30925 1
-0.00542947 -0.0523036 0.3094 1
-0.00340849 -0.052236 0.309 1
-0.0391657 -0.0469607 0.311 1
-0.0365849 -0.0470253 0.310826 1
-0.0330458 -0.0466967 0.3101 1
-0.0297733 -0.0476785 0.309917 1
-0.0260794 -0.0485236 0.309111 1
-0.0228642 -0.0485436 0.309 1
-0.0208515 -0.0485436 0.309 1
-0.0393009 -0.0438441 0.309 1
-0.0370019 -0.0445731 0.3094 1
-0.0349401 -0.0445155 0.309 1
0.0989015 0.0447738 0.309 1
0.093076 0.0480709 0.309333 1
0.0960346 0.0471778 0.309625 1
0.0988851 0.0462657 0.31 1
0.0867284 0.0520327 0.30925 1
0.0892775 0.0509098 0.309857 1
0.0920706 0.0499323 0.310222 1
0.0794459 0.0555153 0.309 1
0.0825748 0.0545406 0.309182 1
0.085542 0.0541932 0.310267 1
0.0884563 0.0533889 0.310857 1
0.0757263 0.058488 0.309333 1
0.0789574 0.057449 0.310375 1
0.0819858 0.0565503 0.311 1
0.065367 0.0620873 0.309222 1
0.0682987 0.0620281 0.309667 1
0.0715979 0.061738 0.309769 1
0.0750206 0.0609349 0.310714 1
0.0775968 0.059591 0.311 1
0.0616561 0.0652441 0.3095 1
0.0645021 0.0643935 0.310125 1
0.0681436 0.0636451 0.311 1
0.0708445 0.0636451 0.311 1
0.0515038 0.0695914 0.3092 1
0.0544928 0.0687278 0.309818 1
0.0576383 0.0676963 0.309778 1
0.060932 0.0672262 0.310375 1
0.0412054 0.0733061 0.309 1
0.0440902 0.0725005 0.309 1
0.0473316 0.0720582 0.310125 1
0.0504486 0.0714221 0.310461 1
0.0533606 0.0709489 0.310857 1
0.0375567 0.0764095 0.309333 1
0.0404729 0.0754913 0.310067 1
0.0435614 0.0745224 0.310333 1
0.0461987 0.0741183 0.311 1
0.0309744 0.079516 0.309 1
0.0335997 0.078963 0.309625 1
0.0367262 0.078415 0.310429 1
0.0404593 0.077159 0.311 1
0.0230915 0.0830406 0.309 1
0.026426 0.0827386 0.30975 1
0.02948 0.082389 0.310333 1
0.0325385 0.0814312 0.3108 1
0.0130282 0.0870687 0.309 1
0.015953 0.0866028 0.309333 1
0.0195407 0.0860543 0.309875 1
0.022606 0.085265 0.310375 1
0.0252666 0.0849295 0.311 1
0.00243799 0.0896314 0.3102 1
0.00532061 0.0895545 0.309467 1
0.00869292 0.0896702 0.309867 1
0.0116008 0.0891832 0.310154 1
0.015355 0.0883734 0.310833 1
0.00298411 0.0913486 0.311 1
0.00533579 0.0911723 0.3104 1
0.00871881 0.0912898 0.3108 1
0.0110868 0.0913486 0.311 1
0.0614571 -0.0668955 0.3148 1
0.063347 -0.0667255 0.314 1
0.0477675 -0.0637907 0.314667 1
0.0506795 -0.0635879 0.313667 1
0.0545077 -0.0639597 0.313571 1
0.0576098 -0.0646659 0.314111 1
0.0613174 -0.0649522 0.313429 1
0.0638371 -0.0648933 0.3124 1
0.0167008 -0.0604363 0.315 1
0.0190338 -0.0602445 0.314 1
0.0227455 -0.0601486 0.3135 1
0.0265241 -0.0609097 0.3139 1
0.0298554 -0.0607544 0.3131 1
0.0332442 -0.0607348 0.313 1
0.0366397 -0.0612968 0.313579 1
0.0402971 -0.0613982 0.313 1
0.0437775 -0.0620928 0.313 1
0.0473126 -0.061989 0.312667 1
0.057863 -0.0629112 0.312 1
0.0605726 -0.0629112 0.312 1
-0.0221751 -0.0564023 0.3135 1
-0.0190384 -0.0570885 0.314778 1
-0.0157851 -0.0566722 0.315 1
-0.0118309 -0.057473 0.314769 1
-0.00893829 -0.0579906 0.31472 1
-0.00573316 -0.0576221 0.314474 1
-0.0015895 -0.0573378 0.31395 1
0.00192536 -0.058119 0.314 1
0.00539684 -0.0581817 0.3139 1
0.00879368 -0.0581084 0.3135 1
0.0121846 -0.0580522 0.3132 1
0.0153312 -0.0584041 0.312667 1
0.0178965 -0.0585051 0.312 1
-0.0296161 -0.0532522 0.313 1
-0.0260096 -0.0537614 0.312364 1
-0.0224411 -0.0542595 0.31325 1
-0.0191218 -0.0543854 0.31364 1
-0.0157206 -0.054401 0.31372 1
-0.0124175 -0.0544166 0.313304 1
-0.00888859 -0.0549414 0.312933 1
-0.00549133 -0.0556324 0.313 1
-0.00175252 -0.0555435 0.3125 1
0.000622809 -0.0554546 0.312 1
-0.0396824 -0.0493538 0.312 1
-0.035618 -0.0500317 0.312 1
-0.0332722 -0.0507493 0.31224 1
-0.030105 -0.051083 0.312316 1
-0.0264732 -0.0517264 0.312 1
-0.0227475 -0.0517264 0.312 1
-0.0396824 -0.048676 0.312 1
-0.035618 -0.048676 0.312 1
-0.0332471 -0.048676 0.312 1
-0.031215 -0.048676 0.312 1
0.0971522 0.0489367 0.312 1
0.0993433 0.0479972 0.3125 1
0.0907169 0.0523261 0.312 1
0.0930725 0.0516079 0.312385 1
0.0961061 0.0507948 0.313 1
0.0995126 0.0502499 0.314375 1
0.0869912 0.0553764 0.312 1
0.089508 0.0547348 0.312727 1
0.0925845 0.0541175 0.313733 1
0.0957057 0.0535714 0.314667 1
0.0792864 0.0591679 0.312333 1
0.082591 0.0584094 0.312867 1
0.0857537 0.0576918 0.313111 1
0.0892866 0.0571972 0.314286 1
0.0915892 0.0562511 0.315 1
0.0758958 0.0622215 0.312333 1
0.0789152 0.0613018 0.313235 1
0.0821355 0.0607774 0.314273 1
0.0857759 0.0600152 0.315 1
0.0653144 0.0658834 0.312 1
0.0684545 0.0653367 0.312857 1
0.0719919 0.0648375 0.312875 1
0.0753613 0.0644349 0.313556 1
0.0787088 0.0637793 0.315 1
0.0554921 0.0699506 0.312 1
0.0568469 0.0699506 0.312 1
0.0613162 0.0687815 0.312333 1
0.0648518 0.0682689 0.313182 1
0.0677361 0.067971 0.314333 1
0.071956 0.0668913 0.31475 1
0.0738074 0.0668591 0.315 1
0.051089 0.073001 0.312 1
0.0547348 0.0721777 0.312833 1
0.0578012 0.071719 0.3135 1
0.0610826 0.0712957 0.314188 1
0.0638908 0.0709654 0.315 1
0.0419442 0.0767292 0.312 1
0.0444911 0.0763866 0.312444 1
0.0476122 0.0753735 0.313 1
0.0507354 0.0755168 0.314 1
0.054076 0.0747387 0.314267 1
0.0573335 0.0739667 0.314667 1
0.0375411 0.0797796 0.312 1
0.0401775 0.0791715 0.312824 1
0.04364 0.078718 0.313882 1
0.0470754 0.0779842 0.3146 1
0.0307671 0.0835079 0.312 1
0.0336549 0.0825297 0.3124 1
0.0365185 0.0820596 0.313222 1
0.0399756 0.0815296 0.3145 1
0.0426895 0.0808889 0.315 1
0.0239931 0.0865583 0.312 1
0.0266053 0.0861307 0.313 1
0.0298907 0.0856726 0.313467 1
0.0333393 0.0849875 0.314385 1
0.0355083 0.084653 0.315 1
0.0129515 0.090151 0.312 1
0.0157774 0.0898658 0.3125 1
0.0190504 0.0893812 0.312667 1
0.0224232 0.0891936 0.313714 1
0.0259987 0.0884326 0.31475 1
0.00299691 0.0930981 0.312333 1
0.00537033 0.0930981 0.312333 1
0.00876095 0.0930981 0.312333 1
0.0123577 0.0926907 0.31325 1
0.015354 0.0924051 0.314429 1
0.0190944 0.0921813 0.315 1
0.022856 0.0911547 0.315 1
0.0030097 0.09554 0.313667 1
0.00540472 0.0957438 0.314333 1
0.00881705 0.0957438 0.314333 1
0.0121278 0.0951713 0.314909 1
0.0517263 -0.0672301 0.318 1
0.054488 -0.0672301 0.318 1
0.0580184 -0.0672842 0.317167 1
0.0609462 -0.0684499 0.317615 1
-5.54649e-05 -0.0635749 0.317 1
0.00201314 -0.0636552 0.3174 1
0.0053527 -0.0642362 0.318 1
0.0234188 -0.0637756 0.318 1
0.0261463 -0.0636953 0.3176 1
0.0296558 -0.0636509 0.316909 1
0.0331086 -0.0638775 0.317 1
0.0366781 -0.0641689 0.316923 1
0.0405954 -0.0645716 0.316571 1
0.0436476 -0.0649546 0.317 1
0.0469735 -0.0653756 0.317375 1
0.0507149 -0.0654341 0.316 1
0.0534592 -0.0654341 0.316 1
-0.00794526 -0.0606282 0.316 1
-0.00522036 -0.0609199 0.316105 1
-0.00183303 -0.0611265 0.316552 1
0.00200805 -0.0614512 0.3167 1
0.00545638 -0.0615677 0.3173 1
0.00864346 -0.0614102 0.317375 1
0.0125625 -0.0610504 0.317 1
0.0155163 -0.0616826 0.317 1
0.0192027 -0.0621583 0.3168 1
0.0225855 -0.0620013 0.316 1
0.0246437 -0.0620013 0.316 1
0.0356211 -0.0623446 0.316 1
-0.0178935 -0.057882 0.316 1
-0.0158352 -0.057882 0.316 1
-0.013434 -0.057882 0.316 1
-0.00485788 -0.0589118 0.316 1
-0.00211354 -0.0589118 0.316 1
0.100219 0.0520219 0.316333 1
0.101806 0.0521315 0.317 1
0.0932521 0.0557431 0.316 1
0.0963769 0.055205 0.316286 1
0.0996942 0.0541794 0.317333 1
0.102127 0.0536777 0.318 1
0.0899172 0.0588947 0.316333 1
0.0927678 0.0578135 0.316857 1
0.0960552 0.0569731 0.317636 1
0.0827046 0.0623428 0.316143 1
0.0856934 0.0619222 0.316538 1
0.0890746 0.0610861 0.317 1
0.0922313 0.060011 0.318 1
0.0791254 0.0653791 0.316667 1
0.0820368 0.0647581 0.317316 1
0.0853141 0.0640129 0.317667 1
0.0883189 0.0633503 0.318 1
0.0691725 0.0689172 0.316143 1
0.0715448 0.068904 0.316818 1
0.0753144 0.0680627 0.316941 1
0.0783509 0.0674541 0.317571 1
0.0623783 0.0725638 0.316 1
0.0647898 0.0722371 0.316286 1
0.0678458 0.0716684 0.3174 1
0.0709845 0.0705309 0.317667 1
0.0544883 0.0763398 0.316 1
0.057753 0.0755162 0.3165 1
0.0610894 0.074837 0.317222 1
0.0640875 0.0743269 0.317667 1
0.0441971 0.0804592 0.316 1
0.047704 0.079555 0.3165 1
0.0506875 0.0788615 0.316778 1
0.0544156 0.078009 0.317 1
0.0575055 0.077392 0.3175 1
0.0383654 0.0835487 0.316 1
0.0407497 0.0829674 0.3164 1
0.0438939 0.0822398 0.317 1
0.0470698 0.0816721 0.317857 1
0.0308185 0.0873247 0.316 1
0.0332014 0.0869126 0.316286 1
0.0369628 0.0857328 0.317 1
0.0404895 0.0845291 0.317286 1
0.043096 0.0844229 0.318 1
0.0239576 0.0907575 0.316 1
0.0262064 0.0899683 0.316444 1
0.0292584 0.0890689 0.317143 1
0.0327991 0.0885856 0.31775 1
0.0355013 0.0878774 0.318 1
0.0164107 0.093847 0.316 1
0.0192044 0.0940846 0.3168 1
0.0226626 0.0929937 0.317067 1
0.0260113 0.0918025 0.317455 1
0.00303209 0.0976231 0.316 1
0.00543338 0.0976231 0.316 1
0.00886381 0.0976231 0.316 1
0.0123819 0.0970695 0.316636 1
0.0156388 0.096236 0.317333 1
0.0185859 0.0958228 0.318 1
0.0223832 0.0947864 0.318 1
0.00303209 0.0983096 0.316 1
0.00544484 0.0992058 0.316667 1
0.00889803 0.0993735 0.3172 1
0.0122831 0.0989049 0.317667 1
0.0520274 -0.0708741 0.322 1
0.0544743 -0.0708741 0.322 1
0.0581593 -0.071427 0.321333 1
0.0601666 -0.0709297 0.320667 1
0.0100181 -0.0669577 0.32 1
0.0124887 -0.0671669 0.321 1
0.0160806 -0.0674961 0.321143 1
0.0190993 -0.067516 0.322 1
0.0268595 -0.0670263 0.322 1
0.0301421 -0.0680859 0.321333 1
0.0330829 -0.0680156 0.321077 1
0.0368816 -0.0678643 0.321 1
0.0403663 -0.0678643 0.321 1
0.043851 -0.0678643 0.321 1
0.0476127 -0.0682339 0.320857 1
0.0504208 -0.0685505 0.320125 1
0.0541359 -0.0690434 0.32 1
0.0575364 -0.0689571 0.3196 1
0.00687016 -0.0646691 0.319 1
0.00895959 -0.0647511 0.3194 1
0.0124498 -0.0648719 0.32 1
0.0159139 -0.0648326 0.3198 1
0.0193975 -0.064874 0.32 1
0.0226052 -0.0652589 0.320429 1
0.0264115 -0.0657317 0.3208 1
0.0296437 -0.065561 0.319778 1
0.0333538 -0.0660397 0.319111 1
0.0366518 -0.0660553 0.319 1
0.0394222 -0.0660553 0.319 1
0.00998683 -0.0625899 0.319 1
0.0120646 -0.0625899 0.319 1
0.102103 0.0552328 0.319 1
0.096614 0.0584943 0.3194 1
0.0997965 0.057687 0.32 1
0.101967 0.0572021 0.319667 1
0.0930322 0.0616944 0.3198 1
0.0960899 0.061156 0.32075 1
0.0996907 0.0604432 0.321833 1
0.102014 0.0599497 0.322 1
0.0834021 0.0659754 0.319 1
0.086278 0.0654647 0.319273 1
0.0894853 0.0649516 0.319867 1
0.0925931 0.064464 0.32125 1
0.095547 0.0636226 0.322 1
0.0789997 0.0689036 0.3194 1
0.0822652 0.0685341 0.3201 1
0.085513 0.0679929 0.320421 1
0.0891512 0.0675912 0.321556 1
0.069377 0.0723863 0.319 1
0.072018 0.071813 0.319857 1
0.0751855 0.0715258 0.320222 1
0.0784367 0.0714469 0.321 1
0.0813901 0.0711432 0.322 1
0.0855848 0.0700938 0.322 1
0.0629705 0.0760249 0.319 1
0.0651981 0.0756026 0.319167 1
0.0683047 0.0754683 0.320556 1
0.0717406 0.0744278 0.321833 1
0.0740494 0.0739416 0.322 1
0.0540015 0.0798869 0.3192 1
0.0577687 0.0793699 0.319692 1
0.0609644 0.0784099 0.3201 1
0.064425 0.0780334 0.320909 1
0.0684565 0.0775095 0.322 1
0.0446167 0.0839953 0.319 1
0.047784 0.0830424 0.319333 1
0.0507395 0.0822858 0.319857 1
0.0542304 0.0819681 0.32055 1
0.0572863 0.08174 0.3213 1
0.0611158 0.0805877 0.322 1
0.0366518 0.0874607 0.319 1
0.0404946 0.0865685 0.3198 1
0.0437874 0.0862111 0.320533 1
0.0472481 0.0854473 0.321235 1
0.0508376 0.0846977 0.321909 1
0.0304185 0.0905795 0.319 1
0.0335079 0.0899996 0.3194 1
0.0371228 0.0892194 0.320667 1
0.0404431 0.0885229 0.3216 1
0.0438128 0.0881083 0.322 1
0.0464346 0.0875836 0.322 1
0.0241851 0.0943914 0.319 1
0.0264548 0.0935974 0.319444 1
0.0297416 0.092903 0.320471 1
0.0334042 0.0923533 0.321067 1
0.0355983 0.0914314 0.322 1
0.0172591 0.0975102 0.319 1
0.0196514 0.097 0.3196 1
0.0229798 0.0962488 0.319727 1
0.0262758 0.0960329 0.3214 1
0.0297058 0.0951792 0.322 1
0.0321027 0.0945795 0.322 1
0.00548496 0.101322 0.319 1
0.00894794 0.101322 0.319 1
0.0127783 0.10044 0.3195 1
0.015726 0.0998027 0.320375 1
0.0191913 0.0991606 0.3212 1
0.0226647 0.0984273 0.322 1
0.00569517 0.103253 0.3204 1
0.00890341 0.10328 0.320929 1
0.0121075 0.102393 0.321429 1
0.00693477 0.105073 0.322 1
0.00868255 0.105073 0.322 1
0.0401156 -0.0742673 0.3246 1
0.0422806 -0.0743589 0.325 1
0.0550994 -0.0751826 0.325 1
0.0570103 -0.0744215 0.3245 1
0.0206313 -0.0700415 0.323 1
0.0228418 -0.0703668 0.3245 1
0.0264972 -0.0707863 0.324 1
0.0293533 -0.0709554 0.323167 1
0.0330223 -0.0716257 0.323261 1
0.0364552 -0.0715348 0.3234 1
0.0400456 -0.0716768 0.32404 1
0.0434138 -0.0715614 0.324428 1
0.0469943 -0.0710449 0.324143 1
0.0504696 -0.0721473 0.324222 1
0.0541092 -0.0727222 0.324 1
0.0569531 -0.0727274 0.3235 1
0.0205144 -0.068521 0.323 1
0.0228965 -0.0684005 0.323824 1
0.0262271 -0.0686764 0.323526 1
0.0290467 -0.0693398 0.323 1
0.033605 -0.0693398 0.323 1
0.0364101 -0.0693398 0.323 1
0.0399165 -0.0693398 0.323 1
0.043423 -0.0693398 0.323 1
0.0465787 -0.0693398 0.323 1
0.0974217 0.0625921 0.323 1
0.10003 0.0621626 0.3235 1
0.10228 0.0622655 0.324429 1
0.0935646 0.06575 0.323 1
0.0964096 0.0650149 0.323769 1
0.0992249 0.0644699 0.3245 1
0.102259 0.0636857 0.325 1
0.0869024 0.0696097 0.323 1
0.0895358 0.0691898 0.323222 1
0.0925597 0.0677793 0.323538 1
0.0960256 0.0672163 0.325 1
0.0983777 0.0665102 0.325 1
0.0798896 0.0727676 0.323 1
0.0823759 0.0721556 0.3234 1
0.0856835 0.0718033 0.324071 1
0.088625 0.0709182 0.324167 1
0.0916743 0.0700407 0.325 1
0.072132 0.0760047 0.323333 1
0.0752847 0.0749898 0.323615 1
0.0785889 0.0747706 0.324308 1
0.0818868 0.0739493 0.3248 1
0.0645408 0.0799547 0.3234 1
0.0682699 0.0791879 0.323818 1
0.0715007 0.0782518 0.324889 1
0.0743865 0.0771018 0.325 1
0.0582706 0.0834661 0.323667 1
0.0611572 0.0823733 0.324067 1
0.0646947 0.0813057 0.324556 1
0.0673302 0.0809854 0.325 1
0.0479813 0.0871538 0.323 1
0.0507771 0.0864985 0.3235 1
0.0542286 0.0856847 0.323778 1
0.0577345 0.0851172 0.3246 1
0.0609796 0.0841629 0.325 1
0.0403306 0.0904516 0.3235 1
0.0436996 0.0899132 0.323667 1
0.0471043 0.08931 0.3242 1
0.0505462 0.0885308 0.324833 1
0.0528649 0.0880466 0.325 1
0.0336404 0.0942687 0.323333 1
0.0368562 0.0926566 0.323833 1
0.0394183 0.0921886 0.324667 1
0.0451031 0.091224 0.325 1
0.0465143 0.091224 0.325 1
0.0276441 0.0973295 0.323 1
0.0299619 0.0969385 0.3238 1
0.0330466 0.0962722 0.3244 1
0.0355771 0.0951077 0.325 1
0.0174755 0.101189 0.323 1
0.0201404 0.100347 0.323 1
0.0231148 0.0999797 0.3234 1
0.0260114 0.0998976 0.3245 1
0.0293147 0.0990795 0.325 1
0.032049 0.0982851 0.325 1
0.0104627 0.104698 0.323 1
0.0123779 0.103887 0.323286 1
0.0156333 0.103444 0.323875 1
0.018643 0.102913 0.3246 1
0.0218175 0.101816 0.325 1
0.00626148 0.106914 0.323333 1
0.00907367 0.106818 0.323467 1
0.0121879 0.106177 0.324385 1
0.0140556 0.105699 0.325 1
0.0062873 0.109471 0.324667 1
0.00854398 0.109412 0.3247 1
0.0485755 -0.077303 0.327 1
0.0510604 -0.077303 0.327 1
0.0537896 -0.0771454 0.326333 1
0.0442588 -0.0750992 0.326 1
0.0474233 -0.075035 0.3264 1
0.0509585 -0.0753777 0.32635 1
0.0536809 -0.0755318 0.3261 1
0.044888 -0.0728169 0.326 1
0.0473652 -0.0728169 0.326 1
0.100795 0.0656221 0.3262 1
0.102678 0.0653658 0.326333 1
0.09394 0.069383 0.326333 1
0.0966017 0.0688215 0.32675 1
0.100013 0.0682882 0.327714 1
0.102847 0.0674804 0.328 1
0.089235 0.0725412 0.3264 1
0.0927143 0.0716329 0.327429 1
0.0960854 0.0712041 0.328556 1
0.098517 0.0705454 0.329 1
0.0760309 0.0766308 0.326 1
0.0787018 0.0768189 0.3268 1
0.0824527 0.0754868 0.326667 1
0.0858079 0.0751143 0.327444 1
0.089123 0.0750291 0.3286 1
0.0919957 0.0736873 0.328667 1
0.0723709 0.0795251 0.32625 1
0.0751853 0.0789013 0.327118 1
0.0785303 0.0786384 0.327867 1
0.0819886 0.0778849 0.3286 1
0.0845881 0.0776934 0.329 1
0.0629367 0.0837136 0.326 1
0.0649131 0.0831187 0.326444 1
0.0684038 0.0825 0.327 1
0.071275 0.0822095 0.328 1
0.0745733 0.0814524 0.328714 1
0.0774449 0.08091 0.329 1
0.0575023 0.0868882 0.326143 1
0.0613688 0.0860714 0.327071 1
0.0647476 0.0855438 0.328 1
0.0677338 0.0847554 0.328667 1
0.0484269 0.0907965 0.326 1
0.0516655 0.0898258 0.326333 1
0.0545473 0.0891978 0.326625 1
0.0576528 0.0892586 0.328154 1
0.0609165 0.0885455 0.328636 1
0.0381639 0.0939838 0.326 1
0.0406456 0.0934478 0.3266 1
0.0438014 0.0930348 0.326571 1
0.0471964 0.0930863 0.327286 1
0.0504026 0.0923219 0.328 1
0.0537919 0.0918496 0.3285 1
0.0335632 0.0978793 0.326 1
0.0369792 0.0965479 0.327143 1
0.0402307 0.0959592 0.328429 1
0.0431882 0.0953705 0.328333 1
0.0466597 0.0950613 0.3285 1
0.027547 0.100712 0.326 1
0.0301832 0.100377 0.326444 1
0.0334712 0.0999888 0.327688 1
0.0359055 0.0988361 0.328 1
0.0388722 0.0980652 0.329 1
0.0198713 0.104198 0.326143 1
0.0227874 0.103697 0.327 1
0.0261995 0.103338 0.327333 1
0.0296205 0.103052 0.328375 1
0.0335149 0.101639 0.329 1
0.0133911 0.107441 0.326 1
0.0157047 0.107031 0.326667 1
0.019035 0.107016 0.327824 1
0.0227642 0.106471 0.328467 1
0.0261805 0.106053 0.328833 1
0.0285148 0.10557 0.329 1
0.00595922 0.111337 0.326 1
0.00884527 0.111082 0.326143 1
0.0120254 0.110004 0.3273 1
0.0153723 0.11027 0.328625 1
0.0195859 0.108787 0.329 1
0.00596836 0.112572 0.3265 1
0.00846584 0.11349 0.3271 1
0.0120544 0.112778 0.328133 1
0.0155234 0.112785 0.328909 1
0.103098 0.0693377 0.3304 1
0.105182 0.0693853 0.332 1
0.0938011 0.0732692 0.33 1
0.0963404 0.0727181 0.330286 1
0.0999372 0.0717973 0.331 1
0.103293 0.0709255 0.331333 1
0.105182 0.070828 0.332 1
0.0894136 0.07647 0.3302 1
0.0928194 0.0753668 0.330909 1
0.096324 0.0744151 0.331556 1
0.0794715 0.0804389 0.33 1
0.0824967 0.079483 0.33 1
0.0860604 0.079126 0.331 1
0.0889705 0.0785729 0.3314 1
0.0915701 0.077087 0.331 1
0.0726649 0.0833068 0.33 1
0.0756147 0.0828128 0.330889 1
0.0788627 0.0821193 0.330727 1
0.0820647 0.0819825 0.3316 1
0.0842781 0.0812871 0.332 1
0.0683508 0.0864253 0.3305 1
0.0716873 0.0857181 0.331 1
0.0747577 0.0843633 0.331333 1
0.0586936 0.0904766 0.33 1
0.0619196 0.0899403 0.330286 1
0.0649811 0.088954 0.331 1
0.0673388 0.0885003 0.332 1
0.0518871 0.0937029 0.33 1
0.0547171 0.0936059 0.3305 1
0.0578641 0.0923594 0.330615 1
0.0609699 0.0920242 0.331556 1
0.0633743 0.0913856 0.332 1
0.0408235 0.0977449 0.330333 1
0.0437482 0.0969449 0.330273 1
0.047566 0.096527 0.330667 1
0.0504226 0.0957714 0.3312 1
0.0536432 0.0957134 0.332 1
0.0572473 0.0946315 0.332 1
0.0370653 0.100184 0.330222 1
0.0402027 0.0997093 0.331133 1
0.0437886 0.0989402 0.331667 1
0.0464349 0.0985988 0.332 1
0.0311092 0.104457 0.33 1
0.0333963 0.103441 0.330538 1
0.0364133 0.102854 0.331533 1
0.0207202 0.108401 0.33 1
0.0228696 0.108401 0.33 1
0.0268428 0.107814 0.33 1
0.0299611 0.106752 0.330118 1
0.0330195 0.106362 0.331187 1
0.03588 0.106379 0.332 1
0.0167795 0.111627 0.33 1
0.0192575 0.110688 0.330167 1
0.0227841 0.109946 0.330062 1
0.0259744 0.109596 0.33 1
0.0286015 0.109118 0.33 1
0.0200643 0.112325 0.331 1
0.0215016 0.112325 0.331 1
0.10333 0.07285 0.333 1
0.0935694 0.0768293 0.333 1
0.0969205 0.0758198 0.333333 1
0.10009 0.0753038 0.33425 1
0.103284 0.0750799 0.3352 1
0.0899544 0.0800849 0.333 1
0.0929819 0.0789973 0.333857 1
0.0958836 0.0782456 0.334769 1
0.0987893 0.0778864 0.336 1
0.083809 0.0829789 0.333 1
0.0861073 0.08238 0.3335 1
0.089157 0.0824078 0.334818 1
0.092223 0.0815549 0.335429 1
0.0947771 0.0811715 0.336 1
0.0729641 0.0869581 0.333 1
0.0753181 0.0859303 0.3335 1
0.0786208 0.0854073 0.334 1
0.0821835 0.08563 0.334556 1
0.0855319 0.0850597 0.3355 1
0.0893058 0.0840915 0.336 1
0.0685747 0.0898218 0.333333 1
0.0717768 0.089306 0.3342 1
0.0751663 0.0886049 0.3354 1
0.0776336 0.0881066 0.336 1
0.0588657 0.094193 0.333 1
0.0617587 0.0936551 0.3334 1
0.0649446 0.0926868 0.333714 1
0.0681157 0.0928615 0.335375 1
0.0716919 0.0912556 0.3355 1
0.0512743 0.0974488 0.333 1
0.0544497 0.0970884 0.333625 1
0.0578614 0.0965506 0.334357 1
0.0609038 0.0965546 0.335333 1
0.0647779 0.0956392 0.335533 1
0.0670558 0.0957716 0.336 1
0.0411524 0.101428 0.333 1
0.0439328 0.100713 0.333714 1
0.0473521 0.0998897 0.3339 1
0.0508257 0.0997947 0.3348 1
0.0542872 0.0997224 0.335533 1
0.0569643 0.0995435 0.336 1
0.0378989 0.10396 0.333 1
0.0401586 0.10347 0.33375 1
0.043665 0.103593 0.334913 1
0.0472571 0.102894 0.335762 1
0.050642 0.101977 0.336 1
0.0371759 0.105407 0.333 1
0.0401882 0.105724 0.334 1
0.103839 0.0762878 0.337 1
0.105303 0.0762878 0.337 1
0.09762 0.0795826 0.337 1
0.100125 0.0791857 0.3378 1
0.103088 0.0783767 0.338231 1
0.105509 0.0782695 0.3386 1
0.0906691 0.0836096 0.337 1
0.0928329 0.0829601 0.337333 1
0.0962211 0.0821623 0.338143 1
0.0985674 0.0815279 0.339 1
0.0859132 0.0869044 0.337 1
0.0894182 0.0858638 0.3378 1
0.0926966 0.0852655 0.338818 1
0.0952553 0.084474 0.339 1
0.0758892 0.0900528 0.337 1
0.0792673 0.089434 0.337857 1
0.0824033 0.0895659 0.338444 1
0.0856964 0.0889467 0.338 1
0.0887508 0.0887457 0.338818 1
0.0912072 0.0877884 0.339 1
0.0694504 0.0938601 0.337 1
0.0720028 0.0933547 0.337615 1
0.0753479 0.092907 0.338579 1
0.0772228 0.0929441 0.339 1
0.0624995 0.0975211 0.337 1
0.0639628 0.0975211 0.337 1
0.0689017 0.0951414 0.337 1
0.0714391 0.0951698 0.33775 1
0.0592069 0.0993515 0.337 1
0.0611276 0.0990769 0.337 1
0.0639628 0.0982532 0.337 1
0.103389 0.08 0.340333 1
0.105442 0.0801567 0.341 1
0.0998055 0.0825669 0.3405 1
0.103477 0.0823908 0.342 1
0.105831 0.0821946 0.342429 1
0.0936908 0.0867547 0.34 1
0.096543 0.0860805 0.340571 1
0.099959 0.0854169 0.342143 1
0.102845 0.0851659 0.343 1
0.105688 0.084353 0.343 1
0.090369 0.0887861 0.34 1
0.092362 0.0884906 0.34 1
0.0792961 0.0924796 0.34 1
0.0818797 0.0922949 0.34 1
0.106743 0.0838515 0.344 1
0.104005 0.0855954 0.344 1
0.105996 0.0850972 0.344 1
