0.0440352 0.0229981 0.199 2856 3
0.0453314 0.0229981 0.199 2878 3
0.0472756 0.0229981 0.199 2762 3
0.0487879 0.0229981 0.199 2653.67 3
0.0433484 0.0245347 0.198882 2944.24 3
0.0452403 0.024245 0.1986 2883.76 3
0.0472047 0.0242575 0.1987 2671.2 3
0.0491636 0.0243703 0.199 2496.17 3
0.0416588 0.0258084 0.199 2112 3
0.0432413 0.0259086 0.198667 2381.5 3
0.045165 0.0261806 0.198 2454.48 3
0.0472028 0.0261507 0.19815 2443.9 3
0.0491021 0.0261818 0.199 2445.09 3
0.0461955 0.0279702 0.199 1469.5 3
0.0472036 0.027754 0.199 2036.33 3
0.0487879 0.0273216 0.199 2465 3
0.0364043 0.020609 0.201 2867.5 3
0.047969 0.020609 0.201 2732 3
0.0492782 0.020609 0.201 2731.4 3
0.0514602 0.020609 0.201 2668.2 3
0.0529876 0.020609 0.201 2362.5 3
0.0353133 0.0221375 0.201 3360 3
0.0366027 0.0220382 0.201 3229.18 3
0.0379318 0.0225741 0.201 3381 3
0.0409866 0.0225741 0.201 2989.1 3
0.0432656 0.022186 0.201 2871.11 3
0.0451283 0.0221236 0.200444 2806.22 3
0.047314 0.0219938 0.200478 2736.83 3
0.0494294 0.021831 0.2002 2770.8 3
0.0515293 0.0218355 0.200619 2735.86 3
0.0529876 0.0219191 0.201 2346.2 3
0.0353133 0.0241026 0.201 2845 3
0.0366415 0.0240267 0.201 3114.61 3
0.0388046 0.0241026 0.201 3065.44 3
0.0408476 0.02402 0.20032 2982.36 3
0.0427494 0.0237271 0.2 2901.06 3
0.0501186 0.0233309 0.2 2639 3
0.0514731 0.0240073 0.2002 2740.2 3
0.0529876 0.0241026 0.201 2573.1 3
0.0353133 0.0254127 0.201 1540 3
0.036768 0.0254127 0.201 1539.33 3
0.0388046 0.0254127 0.201 2121.2 3
0.0408791 0.025576 0.2 2374.78 3
0.0420853 0.0252863 0.2 2955 3
0.0501186 0.0265899 0.2 2428.83 3
0.0515764 0.0262342 0.2006 2612.05 3
0.0529876 0.025631 0.201 2737.75 3
0.0478389 0.0287625 0.2 1776.12 3
0.0494705 0.0284077 0.2001 2371.35 3
0.0512856 0.0281639 0.201 2471.9 3
0.04906 0.029998 0.201 1821.25 3
0.0374277 0.0183883 0.203 2886 3
0.0378684 0.0183883 0.203 2938 3
0.052413 0.0183883 0.203 2657 3
0.0536471 0.0182119 0.203 2621.4 3
0.0553329 0.0180575 0.203 2650.19 3
0.0348356 0.0202135 0.202706 2831.88 3
0.0368111 0.0198491 0.202381 2885 3
0.0388474 0.0198732 0.202609 3273.7 3
0.0408249 0.0199997 0.2028 3501.55 3
0.0430865 0.0203388 0.202667 3025.13 3
0.0451395 0.0203675 0.202615 2851.31 3
0.0473621 0.020078 0.2027 2752.95 3
0.0493172 0.0196183 0.202556 2691.17 3
0.0514046 0.0196618 0.2025 2641.7 3
0.053554 0.0197227 0.202091 2456 3
0.0554417 0.0197964 0.202412 2655.29 3
0.0332406 0.0223577 0.203 2908.62 3
0.0344608 0.0219963 0.202095 3124.43 3
0.0369509 0.0211504 0.202 2926.33 3
0.0390739 0.0219709 0.202 3282.26 3
0.0409712 0.0215893 0.202 3112 3
0.0426524 0.021443 0.202 2934.67 3
0.0451376 0.0211504 0.202 2805.2 3
0.0471112 0.0211504 0.202 2728 3
0.0541283 0.0220282 0.202 2177.7 3
0.0552884 0.022038 0.202818 2264.36 3
0.0332406 0.0241219 0.203 2477 3
0.0345388 0.0238568 0.202 3097.83 3
0.0541284 0.0242225 0.202 2337.3 3
0.0551456 0.0239896 0.203 2145.8 3
0.0537629 0.0265339 0.202 2651.2 3
0.0550574 0.0261066 0.203 2311.6 3
0.0518916 0.0287868 0.202 2462.4 3
0.0533129 0.0284453 0.202067 2710.6 3
0.054837 0.0283119 0.203 2625.3 3
0.0515662 0.0303691 0.202316 2338.42 3
0.0534494 0.0304803 0.20275 2662.25 3
0.054837 0.0305171 0.203 2820.6 3
0.0455815 0.0437485 0.203 2412 3
0.0466833 0.0434177 0.203 2409.12 3
0.0455815 0.0441896 0.203 2275 3
0.0466833 0.0445204 0.203 2127.12 3
0.0393097 0.016298 0.205 2719 3
0.0406895 0.0161198 0.205 2837.5 3
0.0518166 0.0165652 0.205 2614.5 3
0.0537661 0.016549 0.2048 2524.6 3
0.0556571 0.0160929 0.204667 2482.8 3
0.0572022 0.0160307 0.205 2346.4 3
0.0353485 0.0185695 0.205 2479.25 3
0.0366671 0.0180056 0.204222 2729.94 3
0.0390524 0.017847 0.204143 3191.29 3
0.0409456 0.0178565 0.2045 3335.85 3
0.0429448 0.0182241 0.204875 3106.69 3
0.0451403 0.0185695 0.205 2952 3
0.0473939 0.0184164 0.204714 2763.79 3
0.0493601 0.0180343 0.204556 2715.33 3
0.0514838 0.0178864 0.204417 2662.67 3
0.0535012 0.0173622 0.204308 2557.85 3
0.0560669 0.0172231 0.204 2431.33 3
0.0577049 0.0180112 0.204692 1861.15 3
0.032847 0.0205395 0.204667 2501 3
0.0345222 0.0197201 0.204545 2494.09 3
0.0415983 0.0193653 0.204 3447 3
0.042927 0.0193653 0.204 3173.1 3
0.0451416 0.0193653 0.204 2903.7 3
0.0469133 0.0193653 0.204 2771.33 3
0.0566574 0.0204734 0.204 2796.67 3
0.0576834 0.0199535 0.204615 2197.08 3
0.0305263 0.022381 0.204923 2857.46 3
0.0321937 0.0218747 0.204444 2799.44 3
0.0336258 0.0213598 0.204 2528 3
0.0563252 0.0220246 0.204 2524 3
0.0574761 0.0218599 0.204909 2604.55 3
0.0308759 0.023579 0.204727 2723.55 3
0.0322971 0.0235759 0.204 2891.78 3
0.0560484 0.0241853 0.204 2133.88 3
0.0574915 0.0243039 0.205 2475.44 3
0.0561829 0.0262986 0.204 2094.21 3
0.0576997 0.0262757 0.20475 2225.44 3
0.0560534 0.0285319 0.204 2370.45 3
0.0571513 0.0284758 0.204889 2075.78 3
0.0562145 0.0304458 0.204 2435.67 3
0.0576688 0.030669 0.2046 1956 3
0.0522617 0.0323766 0.205 2099.25 3
0.0536742 0.0325831 0.204333 2453.67 3
0.0556687 0.0326231 0.204476 2587.52 3
0.0573143 0.0325043 0.204909 2079.36 3
0.0562675 0.0341582 0.205 2586.75 3
0.0440276 0.0417299 0.205 2979.5 3
0.0451403 0.0417299 0.205 3015.25 3
0.0472497 0.0412718 0.2045 2931.9 3
0.0492074 0.0411918 0.204857 2570.5 3
0.0413571 0.0435115 0.205 1142.83 3
0.0430782 0.0432287 0.20472 2109.44 3
0.045141 0.0430548 0.204261 2789.78 3
0.0475646 0.0428169 0.204 2530.24 3
0.0491951 0.0430152 0.204583 2003.83 3
0.0432678 0.0449527 0.204 509.769 3
0.0450838 0.0453708 0.204 1925.96 3
0.0474743 0.0455005 0.204 2060.27 3
0.049001 0.0449879 0.204625 1925.12 3
0.0440276 0.04752 0.205 675.25 3
0.0452141 0.0474195 0.204778 1784.06 3
0.0470748 0.0474001 0.205 2032.85 3
0.0484785 0.0464065 0.205 1972 3
0.0414236 0.0140284 0.207 2456.25 3
0.0428577 0.0139766 0.206714 2609.29 3
0.0444572 0.0142533 0.207 3092.5 3
0.0559176 0.0142533 0.207 2417.75 3
0.0577153 0.0142533 0.207 2368.12 3
0.0588389 0.0142533 0.207 2275.5 3
0.03731 0.016646 0.206 2374.5 3
0.0388253 0.0159632 0.206333 2344.08 3
0.040888 0.0150795 0.206 2536.88 3
0.0429682 0.0157746 0.20632 2791.92 3
0.0450445 0.0158978 0.206944 3363.94 3
0.0472234 0.0163001 0.206938 3022.25 3
0.0493966 0.0162219 0.206714 2767 3
0.0513725 0.0157543 0.206368 2643.37 3
0.0535403 0.0155637 0.2065 2497 3
0.0554768 0.0150941 0.2062 2418 3
0.0578199 0.015559 0.206 2214.07 3
0.0594006 0.0157149 0.207 1809.25 3
0.0346542 0.0184243 0.2065 2335.88 3
0.036614 0.0174724 0.2065 2402 3
0.0382045 0.0170936 0.206 2574.5 3
0.0431562 0.0172854 0.206 3021.43 3
0.04512 0.0175909 0.206214 3171.21 3
0.0472309 0.0175068 0.206357 2893 3
0.0493859 0.0170936 0.206 2674.25 3
0.0507277 0.0170936 0.206 2659 3
0.058331 0.0170936 0.206 1839 3
0.059513 0.0178511 0.207 1591 3
0.0291766 0.0205496 0.207 2658 3
0.0305249 0.0205495 0.207 2629.1 3
0.0326775 0.0199512 0.2064 2532 3
0.0339255 0.0192653 0.2065 2374.75 3
0.059283 0.0197973 0.2062 1657.9 3
0.0264194 0.0223288 0.206941 2762.18 3
0.0282458 0.022032 0.2065 2791.62 3
0.030171 0.0216037 0.206 2730 3
0.058331 0.0224643 0.206 2640.67 3
0.0597423 0.0222514 0.206625 1824.12 3
0.0264536 0.0234502 0.2068 2107 3
0.0285884 0.0235833 0.206 2420.17 3
0.0294829 0.023807 0.206 2318.67 3
0.058331 0.0235833 0.206 2742 3
0.0597528 0.024207 0.206444 2185.06 3
0.0598846 0.0262146 0.206556 2485.06 3
0.058331 0.0285065 0.206 1995.62 3
0.0597423 0.0282007 0.206625 2368.88 3
0.058331 0.0298492 0.206 1914.75 3
0.059513 0.0304438 0.207 1952.62 3
0.0534112 0.0332059 0.206 2312.5 3
0.058331 0.0327584 0.206 1775.17 3
0.059513 0.0322428 0.207 1812.25 3
0.053927 0.0346269 0.206462 2829.62 3
0.0555243 0.0349486 0.206375 2852 3
0.0577548 0.0347629 0.206438 2330.12 3
0.0588389 0.0349412 0.207 1770 3
0.0536705 0.0374148 0.207 2751.25 3
0.0556929 0.0367402 0.207 2499.45 3
0.0575315 0.0365562 0.207 2264.82 3
0.0588389 0.0360655 0.207 1739 3
0.0477155 0.039551 0.207 2949.5 3
0.0494009 0.0394385 0.207 2950.8 3
0.0515731 0.0391387 0.207 2784 3
0.0534832 0.0388014 0.207 2298.5 3
0.0553933 0.0381643 0.207 2057.56 3
0.0570412 0.0378645 0.207 1957 3
0.0410613 0.041662 0.206875 2947.75 3
0.0431817 0.0413152 0.206429 2948 3
0.0452473 0.0408076 0.20625 2986.25 3
0.0472241 0.0402924 0.206 2980.33 3
0.0493859 0.0401432 0.206 2893.12 3
0.0512876 0.0409038 0.20645 2209.4 3
0.0528465 0.0407128 0.207 1888.44 3
0.0372255 0.0429751 0.207 1014.36 3
0.0389318 0.0427693 0.206643 1845.21 3
0.0408168 0.0425861 0.206077 2524.69 3
0.0426451 0.042349 0.206 2881.57 3
0.0500568 0.0439475 0.206 1830 3
0.0512624 0.0429993 0.206688 1867 3
0.0525469 0.0428116 0.207 1866 3
0.0498331 0.0454393 0.206 1842.33 3
0.0511606 0.045062 0.206714 1799.79 3
0.0480441 0.0479756 0.206 1966 3
0.0495186 0.0471852 0.206636 1849.09 3
0.0511344 0.0467308 0.207 1792.29 3
0.0451003 0.049395 0.206462 1365.92 3
0.0471206 0.0493615 0.206714 1959.07 3
0.048502 0.0486582 0.207 1945 3
0.0455808 0.050682 0.207 1728.5 3
0.0464796 0.050682 0.207 1899.75 3
0.0450068 0.0123181 0.2085 2354.5 3
0.0474581 0.0118935 0.209 2849.42 3
0.0489253 0.0118027 0.209 3199.9 3
0.0566848 0.0123476 0.209 2270 3
0.0580954 0.0121361 0.208714 2280 3
0.0596703 0.0118468 0.208909 2267.36 3
0.0406829 0.0140961 0.208 2346 3
0.043189 0.0130485 0.208111 2554.44 3
0.0452356 0.01356 0.2081 2851.25 3
0.0472738 0.0136828 0.208304 3164.43 3
0.0494461 0.0137315 0.209 3374.81 3
0.051455 0.0139491 0.208444 2813.28 3
0.0534949 0.0138558 0.208556 2484.33 3
0.0554783 0.0136354 0.208333 2381.33 3
0.0578234 0.0132046 0.2082 2335.27 3
0.0599426 0.0136405 0.208353 2117.76 3
0.0612225 0.0139369 0.209 1768 3
0.0371126 0.0161815 0.208667 2411.33 3
0.0388754 0.015436 0.2084 2172.5 3
0.0460267 0.0152259 0.208 3174 3
0.0473815 0.0152259 0.208 3160.3 3
0.0494137 0.0152259 0.208 2990.88 3
0.0506932 0.0151506 0.208 2788 3
0.0606233 0.0157144 0.2085 1570.5 3
0.061076 0.0157144 0.2085 1504.5 3
0.0325712 0.018669 0.2086 2531 3
0.0345928 0.0179805 0.2085 2417.62 3
0.0364036 0.0170745 0.2085 2353.5 3
0.0604779 0.0177114 0.208 1557.2 3
0.0614606 0.0180056 0.208545 1548.82 3
0.0242401 0.0209752 0.209 2674.75 3
0.0263827 0.0205251 0.208692 2638.15 3
0.0282448 0.0204631 0.208417 2641.17 3
0.0304591 0.0197376 0.2084 2555.6 3
0.0322745 0.0194619 0.208273 2543.27 3
0.0604779 0.019971 0.208 1588 3
0.0615786 0.020035 0.208667 1542.53 3
0.0223797 0.022519 0.209 2342.4 3
0.0239997 0.0220899 0.208474 2712.53 3
0.0256071 0.0217914 0.208125 2751.5 3
0.0604779 0.0215527 0.208 1610.5 3
0.0616491 0.021977 0.2086 1506.3 3
0.0219713 0.0232456 0.209 1558 3
0.061886 0.0241361 0.208286 1514.21 3
0.0630375 0.0243808 0.209 1448.5 3
0.061886 0.026269 0.208286 1647.36 3
0.0630375 0.0261972 0.209 1355.5 3
0.0604779 0.0290092 0.208 2369 3
0.0618845 0.0283275 0.208727 2030.27 3
0.0630375 0.0275594 0.209 1330.5 3
0.0604779 0.0303649 0.208 2222.8 3
0.0612077 0.0301471 0.208286 2308.57 3
0.060446 0.032879 0.208667 1950.17 3
0.0612225 0.0325543 0.209 2224 3
0.0533199 0.0346648 0.208909 2737.73 3
0.0601729 0.0346348 0.208385 1749.77 3
0.0612225 0.0345977 0.209 2057.8 3
0.0522144 0.0375647 0.208667 3001.33 3
0.0534217 0.0366736 0.208353 2982.06 3
0.0546071 0.0366917 0.208 2850.33 3
0.0584005 0.0373244 0.208 1890.6 3
0.0599091 0.0367862 0.208533 1702.53 3
0.0612225 0.0361869 0.209 2031.5 3
0.0437687 0.0398551 0.208 2965 3
0.0452419 0.0395881 0.208545 2989.73 3
0.0470803 0.0394471 0.208833 2953.92 3
0.0495814 0.0388636 0.208571 2933.71 3
0.0512664 0.038467 0.208273 2939.82 3
0.0528007 0.0380474 0.208 2868 3
0.0558866 0.0393278 0.208 2041.5 3
0.0576417 0.0389203 0.208118 2040.47 3
0.0593758 0.0388154 0.208889 1652.67 3
0.0349038 0.041863 0.209 2348 3
0.0368041 0.0413822 0.208692 2864.46 3
0.0389255 0.0413421 0.208667 2972.33 3
0.0410836 0.0411539 0.208545 2942.09 3
0.0430301 0.0406045 0.208462 2965.77 3
0.0451235 0.040307 0.208 2990 3
0.0538168 0.0412108 0.208 1826.5 3
0.0555644 0.0410247 0.2082 1993.25 3
0.0577543 0.04089 0.209 2045.07 3
0.0591805 0.0400467 0.209 1660.5 3
0.0349466 0.0426628 0.208273 899.636 3
0.0364619 0.0424384 0.208111 1792.78 3
0.0388012 0.0421146 0.208 2823.4 3
0.040156 0.0421146 0.208 2957 3
0.0523491 0.0439223 0.208 1838 3
0.0536483 0.0430462 0.208133 1842 3
0.0555742 0.0428593 0.208875 1953.44 3
0.0573654 0.0425442 0.209 2160.75 3
0.0523491 0.045278 0.208 1795.8 3
0.0535298 0.0450885 0.208353 1766.53 3
0.05521 0.0445875 0.209 1859.25 3
0.0500911 0.0479894 0.208 1800 3
0.0515814 0.0477326 0.208286 1788.86 3
0.0532281 0.0470348 0.208889 1734 3
0.0482847 0.050023 0.208 1906 3
0.0496053 0.0492692 0.208545 1871.82 3
0.0511785 0.0489566 0.20875 1848 3
0.0451988 0.0515294 0.208 1130.83 3
0.0474789 0.0514789 0.208143 1835.57 3
0.0490274 0.0512285 0.209 1801.88 3
0.0454072 0.0533048 0.208714 1129.07 3
0.0470994 0.0533788 0.20875 1818 3
0.0485169 0.0529881 0.209 1696 3
0.0596464 0.00822588 0.212 1898.33 3
0.0481102 0.00987092 0.2104 2282.2 3
0.04932 0.00971958 0.2101 2466.6 3
0.0508136 0.0101736 0.211 2704 3
0.058419 0.00999151 0.212 2174 3
0.0596636 0.00958692 0.210842 2061.58 3
0.0612874 0.00989726 0.21 1904 3
0.0434598 0.0122945 0.212 2265.5 3
0.0449083 0.0121367 0.21125 2287.75 3
0.0472757 0.011186 0.210455 2337.36 3
0.0497542 0.0111394 0.2102 2905.3 3
0.051544 0.0115879 0.210952 2751.33 3
0.0535662 0.0115777 0.211182 2484.45 3
0.0556306 0.0115385 0.211217 2299.96 3
0.0577095 0.0112577 0.210636 2251.73 3
0.0599196 0.0108098 0.21 2211.75 3
0.0618914 0.0115215 0.2105 2026.6 3
0.0637123 0.0116036 0.212 1623.3 3
0.0395052 0.0141966 0.211429 2195.29 3
0.0409197 0.0135953 0.211091 2211.73 3
0.0421095 0.0131534 0.211 2267 3
0.0501168 0.0128629 0.21 3169 3
0.0514847 0.0128629 0.21 2848.6 3
0.0535364 0.0128629 0.21 2519 3
0.0555881 0.0128629 0.21 2326.6 3
0.0621954 0.0136551 0.2105 1669.67 3
0.0637123 0.0136763 0.212 1395 3
0.0331034 0.0166702 0.212 2444.67 3
0.035028 0.0164503 0.211714 2472.86 3
0.0367768 0.0157488 0.211571 2464.36 3
0.0384899 0.0151187 0.21125 2309 3
0.0621993 0.0158286 0.21 1478.88 3
0.0635921 0.015718 0.2116 1425.1 3
0.0225168 0.0185126 0.212 2532.67 3
0.0241278 0.0185126 0.212 2500.75 3
0.0263781 0.0181381 0.211857 2499.36 3
0.0283235 0.0182844 0.211444 2537.94 3
0.0303798 0.0181918 0.211556 2518.44 3
0.0325366 0.0178826 0.211158 2479.53 3
0.0345575 0.0173967 0.210583 2459.5 3
0.0621993 0.0171974 0.21 1521.75 3
0.0637606 0.018057 0.211286 1502.79 3
0.0165331 0.0205853 0.212 2724.5 3
0.017914 0.0205853 0.212 2723.9 3
0.0201065 0.0202459 0.211667 2666.67 3
0.0220342 0.0198997 0.211217 2609.3 3
0.024176 0.0198133 0.21075 2578.92 3
0.0260749 0.0195043 0.211 2544.79 3
0.0282316 0.0194786 0.21 2569.5 3
0.0301466 0.0193418 0.21 2540.6 3
0.0628832 0.020163 0.21 1514.67 3
0.0642113 0.0198745 0.211467 1505.2 3
0.0161879 0.0217368 0.212 2218.38 3
0.0177194 0.0218266 0.21175 2344.38 3
0.0200808 0.0218216 0.2106 2557.05 3
0.0219787 0.0216947 0.21 2692.64 3
0.0232163 0.0213036 0.21 2674 3
0.0628832 0.021988 0.21 1497.2 3
0.064039 0.0220712 0.2108 1488.53 3
0.0628832 0.0233568 0.21 1491 3
0.0642012 0.0242978 0.210583 1364.25 3
0.0656684 0.0240399 0.212 1191.12 3
0.0644601 0.0262387 0.210818 1202.18 3
0.0657835 0.0264197 0.212 1044.33 3
0.0628832 0.0286037 0.21 1575 3
0.0642526 0.0283996 0.2112 1216.3 3
0.0653232 0.0284156 0.212 1120.75 3
0.0621993 0.0306569 0.21 2195 3
0.0633545 0.0301726 0.211 1575.5 3
0.052253 0.032885 0.2115 2068.5 3
0.0528676 0.0326604 0.210667 1989.33 3
0.0623178 0.0325451 0.2104 2140.1 3
0.0631827 0.0317197 0.211 1683 3
0.0518409 0.0346848 0.211217 2784.48 3
0.0528525 0.0347632 0.21 2762.6 3
0.0622664 0.0346995 0.211 2097.75 3
0.0632519 0.034864 0.212 1808 3
0.0457209 0.037418 0.2116 2927.8 3
0.0474505 0.0370258 0.211762 2931.48 3
0.0494401 0.0368815 0.211348 2918.39 3
0.0514573 0.0366436 0.21064 2959.68 3
0.0528525 0.0365882 0.21 3023.33 3
0.0619401 0.0368931 0.211 2007 3
0.0632519 0.0367064 0.212 1798.25 3
0.0326431 0.0397003 0.212 2930.6 3
0.035028 0.0393724 0.211889 2954.89 3
0.0368015 0.0391533 0.211714 2949.43 3
0.0388745 0.0392031 0.211615 2999.46 3
0.0409385 0.0391533 0.211714 2977.36 3
0.0431474 0.038986 0.211091 2916.36 3
0.044922 0.0386441 0.210818 2938.95 3
0.0473037 0.0384735 0.210333 2936 3
0.0493988 0.0384198 0.210231 2914.23 3
0.0512567 0.037957 0.21 2951 3
0.0603755 0.0390977 0.21 1641.25 3
0.0619389 0.0385212 0.2116 1975.2 3
0.0305718 0.0410821 0.212 2512.42 3
0.0325189 0.0409255 0.2112 2681.12 3
0.0347264 0.0408244 0.21068 2896 3
0.0366187 0.0404554 0.210286 2936.43 3
0.0387798 0.0403014 0.210333 2969.53 3
0.0409884 0.040325 0.210286 2985.93 3
0.0423522 0.0402189 0.2105 2964 3
0.0585518 0.041607 0.21 1912.5 3
0.0600499 0.0409362 0.210818 1617 3
0.0614876 0.040468 0.212 1843.67 3
0.0305718 0.0420033 0.212 1184.5 3
0.0325631 0.0422914 0.21 988.875 3
0.0339309 0.0422914 0.21 1532.5 3
0.0565 0.0436602 0.21 1940.5 3
0.0580704 0.0432011 0.210143 1996.36 3
0.0596389 0.0430711 0.211429 1670.86 3
0.0557591 0.0454282 0.21 1818.88 3
0.0575941 0.0453404 0.211143 1783.43 3
0.0591094 0.0449972 0.212 1686.75 3
0.0539923 0.0477665 0.21 1703.5 3
0.0555917 0.0472788 0.210875 1783.94 3
0.0574984 0.0469548 0.212 1836.62 3
0.0501168 0.0502759 0.21 1880 3
0.0516801 0.0498848 0.21 1896.43 3
0.0536639 0.0492533 0.2105 1768.38 3
0.0555067 0.0492802 0.2116 1761.2 3
0.0498889 0.0516447 0.21 1764.67 3
0.05141 0.0514554 0.210625 1776.19 3
0.0534604 0.0513248 0.2115 1692.75 3
0.0547367 0.0514456 0.212 1629.75 3
0.0482931 0.0541541 0.21 1704 3
0.0495632 0.053546 0.210188 1711.56 3
0.0516572 0.0535468 0.211471 1695.41 3
0.0533559 0.0535183 0.212 1333.47 3
0.0456714 0.0552947 0.21 999 3
0.0473303 0.0555314 0.210222 1739.61 3
0.0495595 0.0557476 0.210895 1317.47 3
0.0515253 0.0553942 0.2115 850.071 3
0.0531718 0.0551765 0.212 412.6 3
0.0470679 0.0574996 0.211 1147.94 3
0.0490321 0.0572899 0.211 848.444 3
0.0592024 0.00776105 0.214 1983.5 3
0.0473644 0.01027 0.213 2037.5 3
0.0517149 0.00973268 0.2134 2387 3
0.0536911 0.0101121 0.213857 2272.29 3
0.0557356 0.00986005 0.213385 2186.23 3
0.0577811 0.0094264 0.2133 2153.5 3
0.0591797 0.00878578 0.2135 2115 3
0.0389912 0.012178 0.214 2373.67 3
0.0408497 0.012178 0.214 2339.8 3
0.0425086 0.0123525 0.213 2231.83 3
0.0452636 0.0114806 0.214 2259.5 3
0.0467478 0.0111956 0.213 2086.67 3
0.0647065 0.0116584 0.213 1492.2 3
0.0656146 0.011786 0.213444 1414.33 3
0.0331833 0.0142703 0.214 2373.75 3
0.0345772 0.0142703 0.214 2399.5 3
0.0368229 0.0141153 0.214 2395.33 3
0.0387673 0.0134968 0.213579 2393.26 3
0.0406621 0.0129252 0.213556 2313.11 3
0.0647065 0.0137408 0.213 1321.5 3
0.0658853 0.0136209 0.213714 1305.71 3
0.00832583 0.0161301 0.214 2544.5 3
0.00925508 0.0161301 0.214 2599.67 3
0.0264893 0.0163776 0.2136 2422.5 3
0.028333 0.0163069 0.213714 2446.79 3
0.0304299 0.0163681 0.213615 2432.08 3
0.03251 0.0158049 0.2137 2434.05 3
0.0346159 0.0155721 0.213444 2440.78 3
0.0364967 0.0151291 0.213 2425.5 3
0.0647065 0.0158233 0.213 1339.2 3
0.0657861 0.015726 0.213615 1322.15 3
0.00794568 0.018011 0.214 2710.91 3
0.00948739 0.0177574 0.214 2895.25 3
0.010649 0.0177574 0.214 2938.2 3
0.0157599 0.0186873 0.214 2664.6 3
0.0178507 0.0186873 0.214 2573.25 3
0.0202298 0.0183579 0.213778 2527.44 3
0.0221832 0.0178021 0.2135 2495.06 3
0.0241758 0.0174359 0.213556 2482.61 3
0.0260057 0.0173472 0.21325 2467.88 3
0.0284037 0.0172116 0.213 2494.5 3
0.0304848 0.0172116 0.213 2476.4 3
0.0321034 0.0172116 0.213 2443.5 3
0.0647065 0.017443 0.213 1448 3
0.0660046 0.017705 0.213833 1400.5 3
0.00809352 0.0196172 0.214 2720 3
0.00948739 0.01975 0.214 2877.21 3
0.0115201 0.020024 0.214 2875.62 3
0.013669 0.0200821 0.214 2804.75 3
0.015634 0.0199635 0.213391 2703.35 3
0.0177951 0.0195553 0.213333 2626.92 3
0.0196209 0.0194658 0.213273 2587.64 3
0.0214669 0.0190627 0.213 2546 3
0.0660303 0.0200427 0.213167 1406.42 3
0.00832583 0.021012 0.214 1398 3
0.00948738 0.021012 0.214 1668.5 3
0.0115782 0.021012 0.214 2234.8 3
0.013647 0.0214432 0.213667 2126.83 3
0.0149926 0.021608 0.213 2186 3
0.0660563 0.0218647 0.21325 1380.12 3
0.0663251 0.0234591 0.213 1177.75 3
0.0649173 0.0306829 0.214 1245 3
0.0499099 0.0335656 0.214 2816.5 3
0.0510969 0.032752 0.213625 2303.25 3
0.0637815 0.032946 0.213 1699.33 3
0.0457283 0.0354254 0.214 2892.5 3
0.047567 0.0350149 0.213818 2836 3
0.0496088 0.0347832 0.213588 2826.41 3
0.0510328 0.0343136 0.213286 2789.86 3
0.0638263 0.0342875 0.213667 1812 3
0.0352742 0.0375176 0.214 2856 3
0.036668 0.0375176 0.214 2872.9 3
0.0387588 0.0375176 0.214 2919.62 3
0.0408497 0.0375176 0.214 2907.5 3
0.0431819 0.0373042 0.213667 2897.5 3
0.0450308 0.0367441 0.213421 2903.84 3
0.0469407 0.036147 0.213273 2916.27 3
0.0494454 0.0357226 0.213 2887.2 3
0.0508328 0.0357226 0.213 2916 3
0.0638487 0.0366652 0.214 1795.17 3
0.0248201 0.0396099 0.214 2809 3
0.0263479 0.0396516 0.213545 2827.64 3
0.028333 0.0395232 0.213714 2889.07 3
0.0304299 0.0395736 0.213615 2907.38 3
0.0325217 0.0388823 0.213556 2915.17 3
0.0345336 0.0386823 0.213375 2916.81 3
0.0367279 0.0382679 0.213 2906.25 3
0.038809 0.0382679 0.213 2954.3 3
0.04089 0.0382679 0.213 2918.25 3
0.0425086 0.0382679 0.213 2914.33 3
0.0626254 0.0396562 0.213 2020.75 3
0.0638487 0.03868 0.214 1725.17 3
0.0243555 0.0403073 0.214 2035 3
0.0263227 0.0408131 0.213 1731.53 3
0.0284037 0.0408131 0.213 2397.17 3
0.0302205 0.0405486 0.213 2807.86 3
0.0620294 0.0412623 0.213333 1874.83 3
0.0631517 0.0407723 0.214 1986 3
0.0603132 0.0438211 0.213 1577.5 3
0.0614985 0.0427638 0.2135 1653.38 3
0.0601304 0.0452305 0.213375 1555.38 3
0.0612932 0.0444918 0.214 1460.5 3
0.058155 0.0477547 0.213 1873.17 3
0.0593606 0.047011 0.2134 1762 3
0.0563823 0.0496058 0.213 1774 3
0.0577656 0.0494517 0.213667 1905.8 3
0.0591559 0.0488158 0.214 1975 3
0.055986 0.0515944 0.21325 1606.42 3
0.057554 0.0514462 0.213917 1535.42 3
0.0545324 0.0535394 0.213 1153.75 3
0.0556953 0.0534502 0.2132 778.133 3
0.0573439 0.0530933 0.214 510.167 3
0.0579782 0.00758188 0.2155 2083.88 3
0.037773 0.0103665 0.215 2047 3
0.0391734 0.0101329 0.215 2037.17 3
0.0408003 0.00997852 0.2157 2006.3 3
0.0432637 0.0104147 0.216 2224.33 3
0.0453667 0.0103954 0.2156 2220 3
0.0474251 0.0098419 0.2158 2086.9 3
0.0489694 0.00971074 0.216 2058.75 3
0.0539161 0.00931037 0.215286 2143.14 3
0.0556695 0.00891824 0.215615 2138.15 3
0.0573785 0.00849799 0.215 2129.67 3
0.0313831 0.0122918 0.216 1954 3
0.0326677 0.0122463 0.2152 2049.4 3
0.0349722 0.0118846 0.215 2192.88 3
0.0368977 0.0117094 0.215 2258.12 3
0.0388861 0.0113726 0.215 2251.62 3
0.0410148 0.0113449 0.215214 2279.93 3
0.0431745 0.0113569 0.215273 2261.36 3
0.0450642 0.0110554 0.215429 2256.43 3
0.0468755 0.0108336 0.215 2100 3
0.00836474 0.0143369 0.215 2042.5 3
0.00967176 0.0141501 0.215 2390.8 3
0.0112009 0.0139128 0.215667 2509.75 3
0.0306393 0.0141226 0.215846 2347.46 3
0.0325259 0.0135116 0.215143 2282.62 3
0.0347388 0.0131692 0.215 2366 3
0.0366958 0.0131333 0.215 2358.54 3
0.0382398 0.0127021 0.215 2390 3
0.0671812 0.0129356 0.215 1275.5 3
0.0677081 0.0138607 0.21575 1255.5 3
0.00789794 0.015894 0.215 2288.5 3
0.00967176 0.0154581 0.215 2513.8 3
0.011413 0.0157566 0.21525 2741.19 3
0.0126244 0.0158115 0.216 2997 3
0.0205968 0.0162809 0.216 2509.5 3
0.0221747 0.0159911 0.215714 2439.29 3
0.0241817 0.0158218 0.215444 2426.56 3
0.0261264 0.0154861 0.215833 2430.08 3
0.028542 0.0153281 0.2158 2455 3
0.0305376 0.0152713 0.215 2420.5 3
0.0317046 0.0152713 0.215 2395.5 3
0.0677282 0.0158116 0.216 1357.88 3
0.00582432 0.0188619 0.216 2609 3
0.00701558 0.017687 0.215571 2368.86 3
0.0117942 0.0179271 0.215111 3037.83 3
0.0136786 0.0178435 0.215818 3064.5 3
0.015762 0.0176942 0.215444 2754.22 3
0.0178502 0.0175992 0.215556 2589.67 3
0.0198938 0.01752 0.215375 2513.12 3
0.0216685 0.0171397 0.215 2460.5 3
0.0671812 0.018541 0.215 1384.5 3
0.067904 0.017982 0.216 1389 3
0.00582432 0.0193312 0.216 2600 3
0.00711691 0.0198394 0.2154 2541.8 3
0.0118657 0.0192417 0.215 3083.75 3
0.0137329 0.0192417 0.215 2847 3
0.0671812 0.0194752 0.215 1346 3
0.0680393 0.0199877 0.2155 1241.38 3
0.0671812 0.0211102 0.215 1316 3
0.0495389 0.0306612 0.216 1378.86 3
0.0506108 0.0310635 0.216 1382 3
0.0663213 0.0305942 0.216 1153.17 3
0.0475625 0.0331753 0.216 2875 3
0.0494955 0.0325246 0.215619 2592.95 3
0.0506108 0.0320021 0.216 1897.33 3
0.0648472 0.0320875 0.215 1356 3
0.0658408 0.0324074 0.215833 1209.67 3
0.043169 0.0351767 0.215769 2846.15 3
0.0453002 0.034807 0.215632 2850.74 3
0.0471352 0.0342906 0.215429 2846.79 3
0.0489761 0.033956 0.215 2828 3
0.0653833 0.0343486 0.216 1528.83 3
0.0313831 0.0376336 0.216 2868 3
0.0328165 0.0374973 0.215667 2864 3
0.0346288 0.0370519 0.215769 2887.15 3
0.0369245 0.0364922 0.2155 2889.31 3
0.0389103 0.0363322 0.215556 2904.78 3
0.0410212 0.0364175 0.215444 2909.89 3
0.0428604 0.0363608 0.215308 2877.23 3
0.0447749 0.036058 0.215 2891.33 3
0.0225245 0.0393503 0.215857 2693.71 3
0.0241791 0.0393399 0.215462 2812.54 3
0.0263397 0.0386285 0.215571 2848.71 3
0.0284357 0.0385156 0.2155 2868.79 3
0.030502 0.0384255 0.215385 2903.77 3
0.0324356 0.0382023 0.215429 2885.29 3
0.0345054 0.0379265 0.215 2862.33 3
0.0646138 0.0390165 0.215 1477.17 3
0.0658176 0.0389517 0.2155 1159.75 3
0.0209683 0.0407292 0.215 399 3
0.0219639 0.0403767 0.215615 1417.62 3
0.0233023 0.0404956 0.215 1610 3
0.06298 0.0416635 0.215 1981 3
0.0641355 0.0410837 0.215222 1698.56 3
0.065696 0.0405276 0.216 1084 3
0.0625799 0.043265 0.215 1832.71 3
0.0637494 0.042845 0.215571 1867.14 3
0.0620802 0.045339 0.2156 1610.1 3
0.0635075 0.0442037 0.216 1960 3
0.060446 0.0476025 0.215 1589.43 3
0.0615603 0.0472002 0.21575 1319 3
0.0601378 0.0495003 0.215222 1784.56 3
0.0617781 0.0493952 0.216 943.75 3
0.0587789 0.051473 0.215 1528.2 3
0.0599172 0.0516105 0.215857 1465.93 3
0.0612799 0.0512431 0.216 925.125 3
0.0585455 0.0528743 0.215 449.5 3
0.0594791 0.0528743 0.215 166.5 3
0.0423231 0.00790611 0.218 1517.75 3
0.0501328 0.00790611 0.218 2082.5 3
0.0515527 0.00790611 0.218 2125.2 3
0.0536827 0.00790611 0.218 2122.38 3
0.05572 0.00772405 0.217333 2134.67 3
0.0575986 0.00694607 0.2176 2083 3
0.0415489 0.00915415 0.217667 1729.17 3
0.0428864 0.00960535 0.217429 2081.86 3
0.0453771 0.00951074 0.217571 2180.79 3
0.0471783 0.00900377 0.217833 2149.83 3
0.0494764 0.00882089 0.2172 2043.8 3
0.0515518 0.00881277 0.217 2081 3
0.0534364 0.00881277 0.217 2108.5 3
0.0122679 0.0124057 0.218 2258 3
0.0136879 0.0124057 0.218 2518.8 3
0.0308217 0.0123488 0.217 2043 3
0.0430713 0.0109344 0.217 2257 3
0.0122257 0.0135422 0.21725 2670 3
0.013654 0.0135546 0.21745 3058.75 3
0.0158178 0.0138266 0.218 2931.58 3
0.0172377 0.0143002 0.218 3045 3
0.0222075 0.0143002 0.218 2451.67 3
0.0240114 0.0142477 0.2172 2439.4 3
0.0263459 0.0142346 0.217 2399 3
0.0287682 0.0139122 0.2175 2356.62 3
0.0304448 0.013386 0.217 2301.4 3
0.00729817 0.0159579 0.218 2056.5 3
0.0122117 0.0147061 0.217 2821 3
0.0138046 0.0156041 0.217 3341.43 3
0.0157597 0.0156625 0.2172 3107.65 3
0.0178457 0.015816 0.217545 2789 3
0.0199235 0.0158478 0.217429 2580.71 3
0.0218255 0.0152001 0.217333 2448 3
0.0240114 0.0147196 0.2172 2437.2 3
0.0263459 0.0147061 0.217 2440.4 3
0.028466 0.0147061 0.217 2441 3
0.0690653 0.0157211 0.218 1313.6 3
0.0697753 0.0166684 0.218 1240 3
0.00374834 0.0183261 0.218 2431 3
0.00536342 0.0180314 0.217714 2403.71 3
0.0686233 0.0176449 0.2172 1401.4 3
0.0697753 0.017142 0.218 1243.5 3
0.00338906 0.019487 0.21775 2297.12 3
0.00467666 0.0196712 0.217167 2275.67 3
0.0683562 0.0220383 0.21725 1175.12 3
0.0675706 0.0231924 0.217 1251 3
0.0675706 0.0257855 0.217 1045.75 3
0.0475296 0.028983 0.218 1616 3
0.0675706 0.0276714 0.217 1006 3
0.0474647 0.0306064 0.217944 2173.22 3
0.0487871 0.0306609 0.217429 1667.57 3
0.067882 0.0304039 0.218 1167.1 3
0.0432698 0.0332457 0.218 2817.5 3
0.0452912 0.0329217 0.217625 2822.44 3
0.0471216 0.0323584 0.217471 2839.47 3
0.0486072 0.0320324 0.217 2696.75 3
0.0666283 0.033329 0.217 1277.25 3
0.0678819 0.0318248 0.218 1124 3
0.0349869 0.0356139 0.218 2914 3
0.0369342 0.0353158 0.217625 2890.5 3
0.0387387 0.0350137 0.217429 2884 3
0.0409299 0.0348659 0.217444 2901.72 3
0.0429873 0.0341365 0.217429 2826.57 3
0.0445531 0.0340877 0.217333 2824.83 3
0.066462 0.0349035 0.218 1554.75 3
0.0224442 0.0375084 0.218 2813.5 3
0.0241007 0.0375084 0.218 2818.6 3
0.0262306 0.0375084 0.218 2837 3
0.0286177 0.0371162 0.217556 2872 3
0.0304438 0.0369775 0.217667 2850.5 3
0.0325102 0.0369518 0.217714 2866.14 3
0.0347829 0.0362863 0.217571 2917.14 3
0.0360042 0.0361577 0.217 2922.25 3
0.0659965 0.0368381 0.2174 1563.7 3
0.0143979 0.0396398 0.218 423.25 3
0.0159755 0.039324 0.218 1383.58 3
0.0177899 0.0394819 0.218 1835.42 3
0.0200315 0.0390752 0.2175 2553.38 3
0.0219959 0.0387285 0.217375 2753.62 3
0.0241776 0.0383101 0.217385 2830.85 3
0.025955 0.0381598 0.217667 2837.33 3
0.0282556 0.0378427 0.2172 2867 3
0.0303505 0.0378078 0.217 2864.75 3
0.0664695 0.038205 0.21725 1350.5 3
0.0675706 0.038515 0.217 883.75 3
0.0181009 0.0404009 0.217 432.25 3
0.0199855 0.0404009 0.217 985.125 3
0.0669353 0.0415343 0.218 856.25 3
0.0647437 0.0434654 0.217 1574.33 3
0.0663864 0.0429065 0.21775 864.625 3
0.0642466 0.0452368 0.217273 1809.64 3
0.0661756 0.0450118 0.218 716.421 3
0.0626236 0.0472371 0.217 1361.2 3
0.0638268 0.0472331 0.217211 1528.42 3
0.0656338 0.0469812 0.218 682.75 3
0.0626236 0.0486515 0.217 874 3
0.0635659 0.0486515 0.217 579.333 3
0.0534587 0.00582772 0.22 2054.4 3
0.0559201 0.00589819 0.219667 2040.67 3
0.0578492 0.00558724 0.219231 1987.46 3
0.0591905 0.00534974 0.22 1854.33 3
0.0436668 0.00797864 0.22 1953 3
0.0450998 0.00797864 0.22 2112.38 3
0.047162 0.00796413 0.2196 2122.8 3
0.0494081 0.00763581 0.219333 2082.08 3
0.0514062 0.00700352 0.2194 2121.6 3
0.0534554 0.00672727 0.219385 2110.31 3
0.0554396 0.0067624 0.219333 2115.67 3
0.0587129 0.0063057 0.22 2029 3
0.0591905 0.0063057 0.22 1994 3
0.0434683 0.00889399 0.219 2110 3
0.044657 0.008894 0.219 2148.17 3
0.0139329 0.0115635 0.22 2284.25 3
0.015614 0.0116477 0.2198 2527.2 3
0.0176347 0.012161 0.22 3079 3
0.0200229 0.0125195 0.22 2969.2 3
0.0221724 0.0125195 0.22 2458.25 3
0.024083 0.0125195 0.22 2337.25 3
0.0262324 0.0125195 0.22 2304 3
0.0286042 0.0121539 0.219875 2251.5 3
0.0299469 0.0119987 0.219222 2204.56 3
0.0686688 0.0122247 0.219 1342 3
0.0696989 0.0122805 0.22 1403.5 3
0.0158904 0.0129384 0.219 2813 3
0.0178834 0.013567 0.219286 3081.79 3
0.0199906 0.0136918 0.21965 2774.05 3
0.0220478 0.0135056 0.219308 2458.69 3
0.0241746 0.0134651 0.219286 2377.5 3
0.0263054 0.0134003 0.219385 2356.54 3
0.0281486 0.0133843 0.2193 2316.6 3
0.0299171 0.0129384 0.219 2304 3
0.0696989 0.0132365 0.22 1216 3
0.00187212 0.0163433 0.22 2226 3
0.00306625 0.0163433 0.22 2241 3
0.00540499 0.0164368 0.219429 2217.43 3
0.00688748 0.0156264 0.22 2102.5 3
0.0182678 0.0148416 0.219 2867.5 3
0.0199319 0.0148416 0.219 2622.2 3
0.0213584 0.0148416 0.219 2480 3
-0.000396733 0.0182553 0.22 2318 3
0.00119679 0.0179361 0.219882 2338.06 3
0.00297735 0.017643 0.219333 2342.5 3
0.00472368 0.0172462 0.219333 2314.33 3
0.0704153 0.0180163 0.22 1237.5 3
-0.000754972 0.0194502 0.22 2036.5 3
0.00139163 0.0194207 0.219667 2242.33 3
0.00233909 0.0193618 0.219 2350 3
0.0704153 0.0223181 0.22 1086.25 3
0.0454727 0.0291824 0.2195 1502 3
0.0467966 0.0291159 0.219 1419.5 3
0.0439056 0.0311608 0.22 2743 3
0.0453818 0.0306119 0.219333 2481.76 3
0.0467966 0.0300675 0.219 2016.67 3
0.0376961 0.0333117 0.22 2780 3
0.0388903 0.0333117 0.22 2804 3
0.0410397 0.0333117 0.22 2834.4 3
0.0432431 0.0325843 0.219667 2800.08 3
0.0448263 0.032126 0.21925 2792 3
0.0682971 0.0329732 0.219333 1114.5 3
0.0307702 0.0352236 0.22 2844.75 3
0.03284 0.034905 0.22 2849.17 3
0.0346361 0.0347098 0.219444 2868.17 3
0.0366306 0.0344963 0.219533 2843.67 3
0.0387134 0.0341119 0.219 2853.5 3
0.0406947 0.0339533 0.219 2836 3
0.0422796 0.033874 0.219 2810 3
0.0670047 0.0350635 0.219 1668.5 3
0.0681632 0.034533 0.219667 1427.33 3
0.0161655 0.037408 0.2195 2741.5 3
0.017079 0.0376805 0.219 2742 3
0.020708 0.0373172 0.219667 2783.83 3
0.0220571 0.0372446 0.2198 2787.4 3
0.0242988 0.0371018 0.2198 2816.1 3
0.0265183 0.0368094 0.2192 2822.6 3
0.0282247 0.036517 0.219571 2842.07 3
0.0304194 0.036048 0.2192 2839.2 3
0.0325322 0.0360151 0.219 2853.88 3
0.0339587 0.0360151 0.219 2894.5 3
0.0670047 0.036491 0.219 1745.75 3
0.0679924 0.0368133 0.2195 1570 3
0.0138026 0.0385399 0.219833 2073.25 3
0.0153468 0.0385023 0.219167 2400.75 3
0.0179948 0.0384558 0.219462 2699.92 3
0.0196524 0.0382602 0.2196 2767.2 3
0.0215962 0.0381563 0.219 2794 3
0.0561136 0.00395139 0.222 1972.5 3
0.0574563 0.00353797 0.222 1877.43 3
0.0436254 0.00585421 0.221 1163 3
0.0441052 0.00585421 0.221 1499 3
0.0476787 0.0058807 0.222 2078 3
0.0493657 0.0058807 0.222 2072.75 3
0.0516112 0.00542732 0.221692 2045.08 3
0.0535816 0.00514559 0.2215 2034.62 3
0.055745 0.00502114 0.221333 2017.33 3
0.0573082 0.00483387 0.221429 1974.57 3
0.0432141 0.00695171 0.221 1430.29 3
0.0449776 0.00698912 0.221 2008.45 3
0.047348 0.00686599 0.221273 2111.91 3
0.0490883 0.00677797 0.2214 2096.6 3
0.0513481 0.0063401 0.2212 2098.2 3
0.014421 0.00998051 0.222 2152.5 3
0.0160309 0.00968043 0.221429 2258.71 3
0.017554 0.00998051 0.222 2734.75 3
0.0297104 0.00993552 0.221 1962.5 3
0.0124368 0.0118561 0.221 2047.5 3
0.0133964 0.011216 0.221 2144.33 3
0.0165153 0.0108959 0.221 2658.5 3
0.0181147 0.0112159 0.221 3107.75 3
0.019919 0.0114006 0.2215 2969.25 3
0.0220831 0.0114006 0.2215 2537.1 3
0.0242472 0.0114006 0.2215 2330.44 3
0.0261708 0.0114006 0.2215 2275.56 3
0.028171 0.0112868 0.221625 2232 3
0.0297104 0.0108959 0.221 2132.5 3
-3.8668e-05 0.014497 0.221 675 3
0.0013074 0.0140839 0.2213 1162.4 3
0.00294953 0.0141285 0.222 1967.5 3
0.00526311 0.0145626 0.222 2196.6 3
0.00765635 0.014168 0.2215 2129.12 3
0.01177 0.0128745 0.222 2152.75 3
0.0707089 0.0142999 0.221667 1224.17 3
-0.000678434 0.0159375 0.221 1149.25 3
0.00111348 0.0156539 0.221067 2092.8 3
0.00308484 0.0154799 0.221333 2190.75 3
0.0052473 0.0154799 0.221333 2216.2 3
0.00739861 0.0149772 0.221 2084.25 3
0.0707354 0.0156974 0.221 1227.25 3
0.0718573 0.015734 0.2215 1148.5 3
-0.00128057 0.0176321 0.221 1570.65 3
0.000920982 0.0168978 0.221 2235 3
0.0716951 0.0171378 0.221 1072 3
-0.00171805 0.0195387 0.221 1447.5 3
0.0710555 0.0208329 0.222 1158 3
0.0708151 0.0214832 0.22125 1146.75 3
0.0703076 0.023772 0.221667 1025.08 3
0.0430998 0.0287912 0.222 1538.5 3
0.0443451 0.0289017 0.221 1668.33 3
0.0688865 0.0290324 0.222 1057 3
0.0693685 0.0290324 0.222 1026 3
0.0392438 0.0314441 0.222 2789 3
0.0412521 0.0311225 0.222 2756.56 3
0.0430409 0.0304376 0.2217 2497.7 3
0.0443451 0.0303421 0.221 2467.17 3
0.0688865 0.0295148 0.222 1088 3
0.0693685 0.0295148 0.222 1057 3
0.0312909 0.0333734 0.222 2847 3
0.0324959 0.0333734 0.222 2795 3
0.0349163 0.032985 0.221556 2804.89 3
0.0367785 0.032841 0.221667 2805.42 3
0.038954 0.0324558 0.2215 2823.33 3
0.040965 0.0322811 0.221385 2845.15 3
0.0427137 0.0321786 0.22125 2795.75 3
0.020205 0.0353027 0.222 2723 3
0.022133 0.0353027 0.222 2718 3
0.0243019 0.0353027 0.222 2776.75 3
0.0262299 0.0353027 0.222 2829.5 3
0.028653 0.0350274 0.221571 2800.29 3
0.0304521 0.0346314 0.221636 2868.36 3
0.0322641 0.0341964 0.2214 2848.4 3
0.034539 0.0337337 0.2212 2838.6 3
0.0366679 0.0337032 0.221 2819 3
0.0688161 0.0353837 0.221 1508 3
0.0700317 0.0349834 0.2212 906.1 3
0.011529 0.0374732 0.222 2623.7 3
0.0137744 0.0369874 0.221571 2722.07 3
0.015493 0.0368496 0.221571 2716.21 3
0.017866 0.0368622 0.221556 2715.28 3
0.0198791 0.0366424 0.221529 2743.59 3
0.0220665 0.0361577 0.221333 2716.67 3
0.024229 0.0361577 0.221333 2785.75 3
0.0261511 0.0361577 0.221333 2828.5 3
0.0276759 0.035785 0.222 2800.5 3
0.0688161 0.0363441 0.221 1525.75 3
0.0704867 0.0367828 0.221556 663.167 3
0.0116825 0.0387114 0.2215 1695.06 3
0.0129166 0.0387448 0.221 1824.25 3
0.0544306 0.0020403 0.224 1950 3
0.0559924 0.00183042 0.223857 1857.57 3
0.0570926 0.00203119 0.223 1776 3
0.0498105 0.00398699 0.224 2006 3
0.051691 0.00377079 0.223571 1983.43 3
0.0536835 0.00341997 0.223692 1974.69 3
0.0556419 0.00316581 0.223333 1962.06 3
0.0570926 0.00300019 0.223 1895.67 3
0.0456086 0.00543818 0.223667 2007.44 3
0.0472396 0.00534437 0.2238 2036.2 3
0.0494234 0.00506264 0.223167 2036.75 3
0.0512091 0.00466704 0.223286 2017.71 3
0.0534614 0.00445369 0.223 2009.5 3
0.055156 0.00445369 0.223 2023.33 3
0.0454727 0.00639169 0.223 2025.67 3
0.0466831 0.00639169 0.223 2117 3
0.0181821 0.00945216 0.2232 2668 3
0.0198287 0.00983977 0.2232 2622.2 3
0.0219905 0.0100254 0.223 2505.75 3
0.0242697 0.00976019 0.223286 2218.57 3
0.0265176 0.00983977 0.2232 2199.2 3
0.0283319 0.00955617 0.223375 2132.44 3
0.0294951 0.00954094 0.223 1983.75 3
0.00335588 0.0119813 0.223333 989.333 3
0.00433785 0.0120171 0.224 1938 3
0.0113632 0.0119903 0.2235 2080.12 3
0.0128487 0.0110437 0.224 1994.5 3
0.00347549 0.0131892 0.22325 1793.88 3
0.00529867 0.013446 0.2235 2147.2 3
0.00732649 0.0132941 0.223667 2163.92 3
0.00941332 0.0134314 0.22325 2091.31 3
0.0108547 0.0129324 0.223 2149 3
0.0726683 0.0144504 0.224 1211 3
0.0711335 0.0197155 0.223 1235.75 3
0.0716176 0.0197155 0.223 1161.5 3
0.0723439 0.0226224 0.223 1139.25 3
0.072182 0.0241839 0.224 990 3
0.0705651 0.0260733 0.2235 981.125 3
0.0395974 0.0290506 0.224 1972.75 3
0.040802 0.0286614 0.2235 1732.25 3
0.0420835 0.028921 0.223 1534 3
0.070723 0.0283206 0.224 936.1 3
0.0374088 0.0309974 0.224 2740 3
0.0389366 0.030534 0.223778 2716.89 3
0.0407693 0.0303052 0.223 2637.57 3
0.0420835 0.02989 0.223 2443 3
0.070723 0.0302673 0.224 1161.5 3
0.0264662 0.032944 0.224 2799.62 3
0.0283693 0.0331373 0.223667 2791.67 3
0.0303117 0.0331373 0.223667 2799.08 3
0.0326338 0.0327083 0.2235 2752.67 3
0.0345638 0.0323248 0.223571 2786.86 3
0.0367897 0.0318565 0.2232 2812.7 3
0.0384522 0.0318279 0.223 2781 3
0.0705651 0.0328694 0.2235 1196.88 3
0.0113898 0.0356207 0.224 2635.5 3
0.0135653 0.0355889 0.2238 2683 3
0.0158845 0.0351191 0.2236 2677.6 3
0.0177748 0.0351103 0.223615 2697.46 3
0.0200206 0.0346069 0.223533 2737.6 3
0.0220399 0.0343262 0.2235 2728.56 3
0.0241094 0.0343716 0.223444 2761.5 3
0.0262786 0.0342807 0.223556 2796.67 3
0.0280426 0.0343716 0.223 2779.62 3
0.0302214 0.0340082 0.223 2841.5 3
0.0704072 0.0340082 0.223 1022 3
0.072182 0.0348908 0.224 557.375 3
0.00604003 0.0370808 0.224 2332.33 3
0.00749904 0.0370808 0.224 2494.83 3
0.00943034 0.0370249 0.223667 2606.58 3
0.0115263 0.0365114 0.223286 2643.29 3
0.0134133 0.036246 0.223571 2690.57 3
0.0156964 0.0359462 0.223 2708.25 3
0.0178751 0.0359462 0.223 2691.8 3
0.0193276 0.0359462 0.223 2715 3
0.00604003 0.0380541 0.224 1471 3
0.00772439 0.0383325 0.2235 1693.88 3
0.00964432 0.0382476 0.223 2028.88 3
0.0691968 0.038611 0.223 1256 3
0.0701651 0.038611 0.223 778.167 3
0.055162 -0.000642087 0.226 1755.75 3
0.0517272 0.00205851 0.226 1910.75 3
0.0538165 0.0016857 0.2255 1944.25 3
0.0554674 0.000827666 0.22525 1868.75 3
0.0431403 0.00402259 0.226 1112.67 3
0.0453851 0.00369129 0.225778 1970.33 3
0.0472413 0.00352564 0.225667 1987.33 3
0.0492874 0.00344745 0.225462 1974.54 3
0.0515746 0.00303086 0.225333 1956 3
0.0534524 0.00253825 0.225 1948 3
0.0434499 0.0049212 0.225429 993.429 3
0.0448607 0.00482619 0.225333 1773.67 3
0.0471018 0.00449363 0.225 1989.25 3
0.0488115 0.00449363 0.225 2005.33 3
0.020569 0.00795073 0.226 2048 3
0.0220411 0.00795073 0.226 2053 3
0.0242491 0.00795073 0.226 2050.5 3
0.0262119 0.00795073 0.226 2068.5 3
0.0281745 0.00795073 0.226 2100.5 3
0.00534286 0.0101303 0.225333 652.333 3
0.00682998 0.0101603 0.226 1785.67 3
0.0136748 0.00994593 0.2256 2120.7 3
0.0156153 0.0091512 0.225333 2045.67 3
0.020271 0.00906034 0.225111 2331.67 3
0.0221313 0.00887 0.225385 2139.77 3
0.0239512 0.00878971 0.2255 2133.38 3
0.0261345 0.00890569 0.225333 2139.08 3
0.0281746 0.00844175 0.226 2108.25 3
0.0038687 0.0110931 0.225 760 3
0.00519466 0.0115121 0.225 1856.14 3
0.00730166 0.0116016 0.2254 2143.2 3
0.00950763 0.0116066 0.2255 2214.94 3
0.0114649 0.0111177 0.2255 2189 3
0.0739698 0.0142705 0.225 1083.5 3
0.0742327 0.0157939 0.2258 1012.9 3
0.0729927 0.0184257 0.225 1051.5 3
0.0730718 0.0199807 0.226 1127 3
0.0735625 0.0199807 0.226 1107.25 3
0.0730718 0.0219448 0.226 1194.5 3
0.0735625 0.0219448 0.226 1234.5 3
0.0377428 0.0271004 0.226 2577 3
0.0382335 0.0271004 0.226 2788 3
0.0721758 0.0263066 0.2255 966.625 3
0.0370747 0.0285628 0.225917 1966.42 3
0.0385547 0.0283866 0.2253 1700.7 3
0.0723357 0.028328 0.226 948.125 3
0.0264572 0.0310286 0.226 2736.33 3
0.0281745 0.0310286 0.226 2757.5 3
0.0303826 0.0310286 0.226 2775.8 3
0.0325907 0.0310286 0.226 2787.75 3
0.0349095 0.0310643 0.225667 2777.17 3
0.0366599 0.0303132 0.225381 2706.1 3
0.0383574 0.0297181 0.225 2590.8 3
0.0724051 0.0305553 0.225833 1132.17 3
0.0735625 0.0307831 0.226 954.5 3
0.0181156 0.0332382 0.226 2711 3
0.0200597 0.0332088 0.2258 2733.7 3
0.0223352 0.0327332 0.225429 2737.86 3
0.0241955 0.0326736 0.2255 2785.5 3
0.0260838 0.0321487 0.225385 2757.23 3
0.02826 0.0319437 0.225286 2781.5 3
0.0304502 0.031885 0.225385 2767.54 3
0.0324945 0.0319155 0.225333 2770.75 3
0.0345534 0.0315196 0.226 2785.25 3
0.0711091 0.0317651 0.226 1356 3
0.0718078 0.031817 0.2255 1428.5 3
0.00535794 0.0352022 0.226 2505.67 3
0.00732066 0.0352022 0.226 2570 3
0.00952871 0.0352022 0.226 2592 3
0.0116211 0.0347711 0.225333 2633.83 3
0.0136692 0.0346333 0.2255 2665.85 3
0.0157322 0.0343552 0.2256 2664.5 3
0.0177912 0.0340688 0.225 2720.62 3
0.019501 0.0340688 0.225 2753.17 3
0.0723357 0.0344657 0.226 826.5 3
-0.000407552 0.0369208 0.226 2064.12 3
0.00118716 0.0366753 0.226 2120.81 3
0.00314773 0.0366547 0.225875 2236.75 3
0.00498806 0.0364661 0.225143 2445.07 3
0.00728827 0.0360242 0.225 2581.1 3
0.00948655 0.0360242 0.225 2591.75 3
0.0544126 -0.00114313 0.228 1798.5 3
0.0549076 -0.00114313 0.228 1746 3
0.0440171 0.00207673 0.228 1905 3
0.0454686 0.00182753 0.227833 1928.17 3
0.0472499 0.00161597 0.227615 1910.15 3
0.0493072 0.00157833 0.227667 1916.08 3
0.0513353 0.00139934 0.227727 1894.82 3
0.0534347 0.000834644 0.227 1918.5 3
0.0546668 0.000341454 0.227 1925.5 3
0.0435928 0.00320899 0.228 1546.29 3
0.0450066 0.00301098 0.2275 1967.4 3
0.047274 0.00256081 0.227 1945.6 3
0.0494918 0.00256081 0.227 1921 3
0.050724 0.00256081 0.227 1932 3
0.00812798 0.00603964 0.228 274 3
0.00792371 0.00741962 0.2278 928.8 3
0.00911802 0.00802109 0.228 2158.5 3
0.0140682 0.00802109 0.228 2507.5 3
0.0158008 0.00802109 0.228 2191.6 3
0.0179683 0.00799471 0.22725 2033 3
0.020105 0.00770277 0.2274 2037.4 3
0.0219637 0.00727007 0.22775 2018.62 3
0.02411 0.00724613 0.227 2004.4 3
0.0263278 0.00724613 0.227 2047.62 3
0.0282992 0.00724613 0.227 2084.75 3
0.029909 0.00727805 0.228 2040.25 3
0.00772714 0.00928521 0.227125 1753.44 3
0.00953931 0.00959729 0.227556 2292.28 3
0.0115677 0.00973239 0.2275 2420.94 3
0.0136475 0.00909465 0.2276 2340.4 3
0.0158008 0.00851646 0.228 2117.6 3
0.0179683 0.00848844 0.22725 2119.75 3
0.0196743 0.0084791 0.227 2099.67 3
0.0747916 0.0181351 0.2275 964.125 3
0.0733951 0.0213021 0.227 1172 3
0.073888 0.0213021 0.227 1207 3
0.0733951 0.0247544 0.227 987 3
0.0744794 0.0241626 0.227 1002.8 3
0.0306515 0.0265972 0.228 1634.5 3
0.032384 0.0265972 0.228 2018 3
0.0336216 0.0265972 0.228 2308.5 3
0.0361849 0.0272204 0.227 2017 3
0.0733951 0.026234 0.227 950.4 3
0.073888 0.026234 0.227 933.6 3
0.0271863 0.0293217 0.228 2739 3
0.0286714 0.029074 0.228 2641 3
0.0304641 0.0283921 0.227833 2371.94 3
0.0323629 0.0283117 0.22785 2160.75 3
0.0345993 0.0283207 0.22792 1991.52 3
0.0361849 0.0282067 0.227 1684.17 3
0.073966 0.0285787 0.228 941.75 3
0.020751 0.0313032 0.228 2645 3
0.0219886 0.0313032 0.228 2662.75 3
0.0242672 0.0308967 0.227444 2710.33 3
0.0261696 0.0304817 0.227417 2739.58 3
0.0283408 0.0302231 0.227333 2724.92 3
0.0302815 0.0301904 0.227083 2739.17 3
0.0324284 0.0302241 0.227071 2732.86 3
0.0346461 0.0301717 0.227231 2723.31 3
0.0733951 0.0299329 0.227 966.5 3
0.073888 0.0299329 0.227 943 3
-0.00276252 0.0327893 0.228 536.833 3
-0.00177247 0.0332846 0.228 1928 3
0.00812798 0.0332846 0.228 2566 3
0.00961305 0.0332846 0.228 2573.5 3
0.0115931 0.0332846 0.228 2580.75 3
0.0135424 0.0332116 0.2275 2627.75 3
0.0160393 0.032813 0.227545 2649 3
0.0179192 0.0325762 0.227667 2679.78 3
0.020013 0.0323322 0.227111 2710.56 3
0.0216939 0.0320987 0.2275 2701 3
0.02411 0.0316591 0.227 2725 3
0.0255885 0.0316591 0.227 2727 3
0.0729023 0.0325633 0.227 1235.83 3
0.0743464 0.0328107 0.2278 826.5 3
-0.00275767 0.0347084 0.2276 1172.4 3
-0.00109539 0.034835 0.227545 2301.18 3
0.00119504 0.0349405 0.2275 2463.75 3
0.00317078 0.0349405 0.2275 2482.31 3
0.00500029 0.0346598 0.2276 2483.6 3
0.00748221 0.034273 0.227167 2557.25 3
0.00958495 0.0341744 0.227333 2566.5 3
0.0113213 0.0340758 0.2275 2592.25 3
0.0135424 0.0337059 0.2275 2641.5 3
0.0157315 0.0336318 0.227 2657.6 3
0.0172101 0.0336318 0.227 2691 3
0.0729759 0.0340277 0.228 981.5 3
0.0740485 0.0346056 0.228 575.333 3
-0.0027504 0.0368376 0.227 942.125 3
-0.00143613 0.0366732 0.227 1993.08 3
-0.0027504 0.0383172 0.227 429.75 3
-0.00102542 0.0388104 0.227 1718.75 3
0.0010883 0.0387894 0.227286 1879.5 3
0.00291739 0.0383172 0.227 1570.5 3
-0.00095922 0.0407505 0.228 1411.21 3
0.00045513 0.0404674 0.228 2078 3
0.0535238 -0.000652031 0.2295 1864 3
0.0433107 0.00171561 0.2295 1753.75 3
0.0453877 0.000915176 0.229571 1880.57 3
0.0474419 0.000344462 0.229 1879.5 3
0.0495397 0.000345214 0.2295 1851.38 3
0.0515307 0.000345214 0.2295 1845.25 3
0.0529111 0.000344462 0.229 1882.75 3
0.0101967 0.00409378 0.23 1617.5 3
0.0114451 0.003719 0.23 1689.75 3
0.03117 0.00409378 0.23 2016.5 3
0.0429672 0.00258338 0.229 1402 3
0.00973257 0.00542929 0.229143 1759.14 3
0.0116887 0.00533974 0.229875 2501.75 3
0.0131929 0.00609262 0.23 2464 3
0.0204337 0.00609262 0.23 2016.67 3
0.0223824 0.00582952 0.2295 1974.5 3
0.0241439 0.00558408 0.229667 1975.67 3
0.0261385 0.00558408 0.229667 1992.5 3
0.0282224 0.00562116 0.229615 2014.54 3
0.0305109 0.00542432 0.2295 2024.5 3
0.00972623 0.00720335 0.229 2180.57 3
0.0116506 0.00731355 0.229125 3031.38 3
0.0134766 0.00731475 0.229167 2642.17 3
0.0156897 0.0073419 0.23 2263.38 3
0.0179204 0.00733551 0.2298 2047 3
0.020043 0.00707076 0.229333 2032.22 3
0.0221083 0.00657083 0.22925 1992.25 3
0.0240738 0.00656366 0.229 1989 3
0.0260626 0.00656366 0.229 2021.25 3
0.0283 0.00656366 0.229 2035.4 3
0.0305373 0.00656366 0.229 2025.25 3
0.0101524 0.00855381 0.229 2567.5 3
0.011644 0.00855381 0.229 2901.5 3
0.0131356 0.00855381 0.229 2620.5 3
0.0730474 0.0137779 0.229 1219 3
0.0745345 0.0138231 0.22975 1259.5 3
0.0760712 0.0141812 0.2295 1068.75 3
0.0763624 0.0157861 0.22925 852.5 3
0.0766123 0.0178358 0.23 853.125 3
0.0752848 0.0202459 0.229 1053.62 3
0.0766123 0.0195848 0.23 884.667 3
0.0753638 0.0223331 0.23 1204 3
0.0758632 0.0223331 0.23 1186 3
0.0753111 0.0245091 0.229333 1002.67 3
0.0766123 0.0245194 0.23 924 3
0.0778607 0.0250816 0.23 540 3
0.0263429 0.0264974 0.23 1817.75 3
0.0281557 0.026495 0.229571 1709.07 3
0.0297915 0.0267139 0.229 1494 3
0.0752848 0.0262164 0.229 892.375 3
0.0764734 0.0261705 0.229333 734.667 3
0.0778607 0.0255813 0.23 518 3
0.0246783 0.0288294 0.23 2638.75 3
0.0261474 0.0282983 0.22975 2564.62 3
0.0281895 0.0281512 0.229 2452.22 3
0.0297915 0.027709 0.229 2074.5 3
0.0752848 0.0282065 0.229 898.625 3
0.076529 0.0282997 0.22975 677 3
0.0161656 0.0310323 0.229667 2587 3
0.0177533 0.0310637 0.229615 2631.54 3
0.0199143 0.0309695 0.229769 2648.08 3
0.0222467 0.0303424 0.229571 2677.93 3
0.0239424 0.030074 0.229333 2717.5 3
0.0260626 0.0296991 0.229 2727.75 3
0.0752848 0.0299479 0.229 795.333 3
0.0766122 0.0295789 0.23 506 3
-0.00100655 0.03269 0.229353 2065.24 3
0.00120642 0.0330282 0.229667 2403.75 3
0.00320098 0.0330282 0.229667 2475.83 3
0.00519555 0.0330282 0.229667 2487.58 3
0.00712421 0.0329917 0.229727 2566.09 3
0.00944768 0.0328271 0.23 2570 3
0.0116683 0.0327557 0.2295 2576.5 3
0.0136625 0.032256 0.2295 2614.19 3
0.0153496 0.0321924 0.2294 2630.1 3
0.0178589 0.031938 0.229 2651.8 3
0.0198477 0.031938 0.229 2687 3
-0.00053726 0.0339282 0.229 2344.67 3
0.00120292 0.0339282 0.229 2439.25 3
0.00319169 0.0339282 0.229 2492.5 3
0.00518047 0.0339282 0.229 2483.75 3
0.00692064 0.0339282 0.229 2553.33 3
0.0742075 0.034094 0.229 792.333 3
0.00194871 0.0396499 0.229 1810 3
0.0024459 0.0396499 0.229 1783 3
-4.00677e-05 0.04164 0.229 1834 3
0.00120567 0.0410648 0.2294 1969.9 3
0.00245658 0.0408223 0.23 1840 3
-0.000537289 0.0431643 0.229167 1135.92 3
0.00099387 0.0431159 0.229857 1916.07 3
-4.02427e-05 0.04482 0.23 1150.5 3
0.000459122 0.04482 0.23 1637 3
0.0535355 -0.00268458 0.2328 1762.3 3
0.0548635 -0.00267535 0.232 1737 3
0.0434019 -0.000661027 0.232667 1862.33 3
0.0453166 -0.00103916 0.232125 1838.88 3
0.0472303 -0.00116266 0.231625 1837.38 3
0.0493397 -0.00121793 0.231556 1832.78 3
0.0514782 -0.00116177 0.2315 1798.81 3
0.0532683 -0.00146074 0.2312 1809.1 3
0.054627 -0.00166006 0.231 1792.5 3
0.0330942 0.00136293 0.233 1861.75 3
0.0346119 0.00136293 0.233 1880.5 3
0.0366354 0.00136293 0.233 1988.5 3
0.0386589 0.000856707 0.233 2088.12 3
0.0409174 0.000856122 0.2329 2176.3 3
0.0430183 0.000725364 0.231625 1928 3
0.044847 0.000347471 0.231 1875 3
0.0122472 0.00335876 0.231 1476.5 3
0.0138303 0.00312444 0.2323 1422 3
0.0153886 0.00364095 0.233 1838.33 3
0.0204473 0.00414718 0.233 1896 3
0.0221707 0.00375861 0.2325 1917 3
0.0240212 0.00366894 0.232385 1931.92 3
0.0262721 0.00359462 0.232429 1953 3
0.0283979 0.00362182 0.231833 1989.92 3
0.030486 0.00314967 0.232059 1987 3
0.0324092 0.0029401 0.231824 2003.94 3
0.0344633 0.00286925 0.232 2031.56 3
0.0364151 0.00270802 0.232667 2120 3
0.0381531 0.00237539 0.233 2226.75 3
0.0138323 0.0052616 0.231143 2309.5 3
0.0157643 0.00549945 0.232143 2215.21 3
0.0178791 0.00565262 0.2325 2001.42 3
0.0198566 0.00538843 0.232 1984 3
0.0218078 0.00512201 0.231333 1959.42 3
0.0240736 0.00462145 0.2314 1954.6 3
0.0262902 0.00461346 0.231 2002 3
0.0282964 0.00461346 0.231 2009.75 3
0.0300517 0.00461346 0.231 2038 3
0.0320579 0.00461346 0.231 1918 3
0.0142533 0.00662099 0.231 2502.5 3
0.015758 0.00662099 0.231 2284.5 3
0.0178015 0.00663532 0.2315 2028 3
0.0192687 0.00662099 0.231 2021.5 3
0.0749199 0.0129783 0.2325 1557 3
0.0768915 0.0133647 0.2322 1494.3 3
0.0786353 0.0134229 0.232714 1095.79 3
0.079888 0.0135124 0.233 774 3
0.0782858 0.0157226 0.232 764 3
0.0776976 0.0181643 0.231 781 3
0.0787724 0.0179754 0.2318 696.9 3
0.079888 0.0188278 0.233 621 3
-4.07676e-05 0.0205995 0.233 2109.5 3
0.000465111 0.0205995 0.233 2144 3
0.0775299 0.0201072 0.2314 854.8 3
0.0785377 0.0200082 0.232 724 3
0.079888 0.019334 0.233 604 3
-0.00105252 0.0221182 0.233 1362.45 3
0.000465111 0.0221182 0.233 2081.75 3
0.076833 0.022159 0.231667 1130.17 3
0.0786233 0.0226245 0.233 848 3
-0.00130546 0.0236369 0.233 807.625 3
0.0773586 0.0236369 0.233 1176.5 3
0.0786233 0.0236369 0.233 820.25 3
0.079888 0.0233838 0.233 270 3
0.0219649 0.026168 0.233 1837.38 3
0.0240502 0.0263558 0.231444 1825.28 3
0.0257886 0.0259435 0.231 1608.75 3
-0.00180357 0.0293321 0.232 519.5 3
0.0138709 0.0286992 0.233 2639.12 3
0.0158716 0.0289102 0.232667 2638 3
0.0178791 0.0288895 0.2325 2639.83 3
0.0200251 0.0285732 0.2325 2634.88 3
0.0219669 0.0283692 0.231818 2618.59 3
0.0239144 0.0281528 0.231375 2568.94 3
-0.000981935 0.0304317 0.232043 1663.22 3
0.00113812 0.0305032 0.232611 2364.61 3
0.00324279 0.0309322 0.232667 2475.58 3
0.00526341 0.0309322 0.232667 2477.42 3
0.00728403 0.0309322 0.232667 2538 3
0.00941495 0.0307578 0.232714 2585.36 3
0.0114822 0.0304731 0.232522 2617.35 3
0.0137018 0.0302807 0.232091 2603.91 3
0.0156128 0.0303363 0.231333 2600.75 3
0.0177641 0.0299585 0.231 2637.88 3
0.0197702 0.0299585 0.231 2678.5 3
0.0212748 0.0299584 0.231 2680.75 3
0.0769426 0.0308443 0.232 507.333 3
-0.000876312 0.0317987 0.231 1926.67 3
0.0012158 0.0320175 0.231375 2380.25 3
0.00322653 0.0320346 0.2315 2474.5 3
0.00522813 0.0319832 0.231125 2486.88 3
0.00723185 0.031966 0.231 2549.62 3
0.00948876 0.031966 0.231 2585.2 3
0.0117457 0.031966 0.231 2595.75 3
0.076271 0.0323564 0.232 689.333 3
0.00321956 0.0397452 0.231 1637.5 3
0.00196573 0.0417527 0.231 1881 3
0.00312006 0.0409938 0.231571 1805.29 3
0.00196786 0.0430548 0.23125 1907.25 3
0.00298827 0.0429339 0.232417 1826.5 3
-4.05926e-05 0.0459659 0.232 774 3
0.0014236 0.0453632 0.231727 1837.18 3
0.00248061 0.0452593 0.23225 1882.5 3
-4.05926e-05 0.0464699 0.232 596 3
0.00122237 0.0469748 0.232625 1547.88 3
0.00248862 0.0466702 0.233 1840 3
0.045329 -0.00270764 0.2348 1745.5 3
0.0475293 -0.00304264 0.234333 1771.08 3
0.0493445 -0.00321475 0.2345 1756.44 3
0.051381 -0.00321475 0.2345 1751.75 3
0.0534396 -0.00372474 0.2346 1715.8 3
0.0555905 -0.00371521 0.234 1648.5 3
0.0243644 -0.00100804 0.235 1646.75 3
0.0331232 -0.000667657 0.235 1805 3
0.0346539 -0.000667657 0.235 1816.2 3
0.0369499 -0.000667657 0.235 1830.5 3
0.0388248 -0.000664815 0.234 1781.75 3
0.0409443 -0.00117681 0.2345 1810.69 3
0.0427803 -0.00134508 0.234333 1860.58 3
0.0444134 -0.00168161 0.234 1811 3
0.0175615 0.00137464 0.235 1270.5 3
0.0221535 0.000864061 0.235 1828.19 3
0.0241692 0.000862598 0.23475 1853.19 3
0.0262352 0.000864061 0.235 1863.75 3
0.0282761 0.00137464 0.235 1865 3
0.0305452 0.00137346 0.2348 1879 3
0.0327052 0.000759003 0.2342 1863.9 3
0.0347604 0.000351983 0.234 1849.38 3
0.0367927 0.000351983 0.234 1885.62 3
0.0161803 0.00293029 0.234 1735.43 3
0.0180563 0.00315807 0.2348 1877.2 3
0.0200271 0.00304296 0.234667 1877 3
0.0219205 0.00272791 0.234333 1905.58 3
0.0240914 0.00238558 0.234 1914.88 3
0.0261236 0.00238558 0.234 1933 3
0.0281558 0.00238558 0.234 1945.25 3
0.02968 0.00238558 0.234 1922.75 3
0.0164707 0.00467338 0.234 1964 3
0.0179948 0.00467338 0.234 1948.25 3
0.0195189 0.00467338 0.234 1939.5 3
0.0734306 0.0120966 0.235 1691 3
0.0747168 0.0117305 0.2345 1788 3
0.0767068 0.0116142 0.234444 1826.67 3
0.0785351 0.0116573 0.2344 1635.7 3
0.0803186 0.0120966 0.235 1012.75 3
0.0797228 0.0150956 0.234 726.5 3
0.0807389 0.0150956 0.234 662.5 3
0.0797228 0.0171292 0.234 684 3
0.0802309 0.0171292 0.234 629.5 3
0.00148604 0.0222448 0.234333 2241.08 3
0.00250998 0.0223081 0.235 2175.75 3
0.0792148 0.0220437 0.234 718 3
0.0802894 0.0221055 0.234667 392 3
-0.000421979 0.024501 0.234 1048.5 3
0.000976907 0.0242821 0.234333 2221.42 3
0.0136328 0.0244525 0.235 1736.3 3
0.0157211 0.0247763 0.2342 1559.8 3
0.0174867 0.0247552 0.234 1552.5 3
0.020535 0.0247552 0.234 2033 3
0.0792982 0.024861 0.235 698 3
-0.000550194 0.0263545 0.234667 430.25 3
0.000979322 0.0263927 0.235 1757.08 3
0.0122042 0.0263927 0.235 2509.75 3
0.0136077 0.026424 0.234778 2466.83 3
0.0158285 0.0262361 0.234111 2373.56 3
0.0179948 0.0262804 0.234 2190.25 3
0.020027 0.0262804 0.234 2011.5 3
-0.000548992 0.028314 0.234 1594.25 3
0.00112303 0.0284382 0.234429 2389.93 3
0.00327532 0.0289455 0.235 2548 3
0.00506109 0.0289455 0.235 2516.67 3
0.00761219 0.0289455 0.235 2509.67 3
0.00954237 0.0287167 0.2348 2567.9 3
0.011408 0.0283586 0.234375 2592.88 3
0.013507 0.0279751 0.234 2572.75 3
0.0159626 0.0278056 0.234 2553.75 3
0.0179948 0.0278056 0.234 2537.75 3
0.0195189 0.0278056 0.234 2546 3
0.00199125 0.0298392 0.234 2457.5 3
0.00326138 0.0298392 0.234 2514.88 3
0.00529357 0.0298392 0.234 2487 3
0.00732577 0.0298392 0.234 2503.25 3
0.00910395 0.0298392 0.234 2550.67 3
0.00402345 0.0394987 0.234 1470.5 3
0.0045315 0.0394987 0.234 1497.5 3
0.00402345 0.0410239 0.234 1690.25 3
0.0045315 0.0410239 0.234 1629.75 3
0.00404065 0.0432416 0.235 1759 3
0.00455087 0.0432415 0.235 1743.75 3
0.00341723 0.0450275 0.2342 1803.6 3
0.00455087 0.0447733 0.235 1696.5 3
0.00199125 0.0476331 0.234 1790.5 3
0.00326424 0.0473281 0.234167 1774.42 3
0.00506109 0.0478367 0.235 874.167 3
0.00153401 0.0490058 0.234 1267.8 3
0.00321172 0.0491212 0.234067 1476.2 3
0.00453796 0.0489731 0.234333 596 3
0.00199125 0.0504293 0.234 1011 3
0.00300735 0.0504293 0.234 1066.67 3
0.0349488 -0.00479268 0.237 1520 3
0.0359779 -0.00479268 0.237 1661.5 3
0.0472983 -0.00479268 0.237 1704.17 3
0.0493566 -0.00479268 0.237 1691.4 3
0.0516168 -0.00478762 0.23675 1684.88 3
0.053711 -0.00522248 0.236429 1675.64 3
0.0554936 -0.00498651 0.2364 1676 3
0.057075 -0.00479268 0.237 1619.5 3
0.0285168 -0.00273301 0.237 1607.5 3
0.0330774 -0.00324107 0.2365 1737.5 3
0.0346191 -0.00324161 0.2365 1747.25 3
0.0365954 -0.00293898 0.237 1817.9 3
0.038808 -0.00273301 0.237 1804.12 3
0.0408663 -0.00273301 0.237 1766.25 3
0.0431076 -0.0027284 0.2366 1728.3 3
0.0454003 -0.0037549 0.2365 1741.88 3
0.0468425 -0.00374696 0.236 1773 3
0.0263469 -0.00118324 0.236 1724.75 3
0.0284872 -0.00118754 0.23675 1789.81 3
0.030575 -0.000673339 0.237 1792.88 3
0.0324632 -0.00125936 0.236571 1779.29 3
0.0345451 -0.00169599 0.236 1777.88 3
0.0365947 -0.00169599 0.236 1788.75 3
0.0386443 -0.00169599 0.236 1807.25 3
0.0399253 -0.00169598 0.236 1802 3
0.0184048 0.00138048 0.236 1625 3
0.0200559 0.000924707 0.236 1544.72 3
0.0283964 0.000354992 0.236 1831 3
0.030446 0.000354992 0.236 1829.88 3
0.0319832 0.000354992 0.236 1853.5 3
0.075342 0.0101399 0.237 1738.5 3
0.0766416 0.0101078 0.23625 1768.75 3
0.0786949 0.0101078 0.23625 1744.75 3
0.0807449 0.0101399 0.237 1386.17 3
0.0729918 0.011822 0.236333 1700.67 3
0.0740769 0.0111344 0.23625 1796.88 3
0.0793794 0.0111226 0.236 1645 3
0.0804042 0.0111227 0.236 1231.17 3
0.00328926 0.0221466 0.236 1981.83 3
0.0102498 0.0227554 0.237 2230 3
0.0107644 0.0227554 0.237 2370 3
0.0806604 0.0211212 0.236 521.5 3
0.00200827 0.0241976 0.236 2559.67 3
0.00308724 0.0240671 0.236545 2479.55 3
0.00978669 0.0241972 0.237 1866.1 3
0.0114574 0.0241812 0.236615 1683.54 3
0.0127685 0.0241976 0.236 1647.33 3
0.00200827 0.0262486 0.236 2552.4 3
0.00307885 0.0262098 0.236643 2767.93 3
0.0045896 0.0268747 0.237 2730 3
0.00819154 0.0263598 0.237 2528.67 3
0.00956902 0.0262168 0.236875 2535.06 3
0.0113039 0.026205 0.236188 2479.31 3
0.0127685 0.0252231 0.236 2288 3
0.00200827 0.0280432 0.236 2537.5 3
0.00336322 0.027865 0.236273 2630.45 3
0.00542338 0.0282351 0.236636 2540 3
0.00733814 0.0282351 0.236636 2506.27 3
0.00919473 0.0278254 0.236333 2597 3
0.00533882 0.03958 0.236 1742 3
0.00555549 0.0409793 0.236273 1536.73 3
0.00664785 0.0412924 0.237 1697.33 3
0.00556783 0.042992 0.236818 1870.36 3
0.00664785 0.0428372 0.237 2088 3
0.00405784 0.0457329 0.236 1733 3
0.0053595 0.0452894 0.2369 1664.7 3
0.00664785 0.0459267 0.237 1222 3
0.00405784 0.0467584 0.236 1724 3
0.00534906 0.0468406 0.236417 1302.5 3
0.00664785 0.0469565 0.237 578.667 3
0.0370599 -0.00691017 0.239 1236.75 3
0.0536649 -0.00691017 0.239 1625.88 3
0.0557404 -0.00691017 0.239 1629.12 3
0.0367139 -0.00552547 0.239 1470.33 3
0.0386167 -0.00483312 0.239 1698 3
0.0409517 -0.00483312 0.239 1699.4 3
0.0432868 -0.00483312 0.239 1722.25 3
0.0453141 -0.00482807 0.23875 1721.5 3
0.0473892 -0.00560696 0.23875 1667 3
0.0493575 -0.00585323 0.23825 1628.62 3
0.0513734 -0.00584709 0.238 1648.75 3
0.0529236 -0.00584708 0.238 1656.75 3
0.056024 -0.00584708 0.238 1661.75 3
0.0576962 -0.00585937 0.2385 1575.38 3
0.0593728 -0.00587165 0.239 1392.5 3
0.0308763 -0.00308927 0.238 1729.33 3
0.0322542 -0.00326164 0.238 1764.38 3
0.0371632 -0.00377873 0.238 1715.67 3
0.0389718 -0.00377872 0.238 1730.12 3
0.0410387 -0.00377873 0.238 1710.88 3
0.0431056 -0.00377873 0.238 1725.75 3
0.0443975 -0.00377872 0.238 1743.5 3
0.030704 -0.00171037 0.238 1768.75 3
0.0770155 0.00788881 0.239 1725 3
0.0785723 0.00788881 0.239 1736.75 3
0.0803885 0.00788881 0.239 1732 3
0.0725433 0.0102169 0.2388 1797.4 3
0.0745968 0.00978443 0.2384 1767 3
0.0766377 0.00903794 0.2385 1733.08 3
0.0786976 0.00890172 0.238333 1756.67 3
0.0807076 0.00894659 0.238273 1618.27 3
0.0827236 0.00970622 0.239 1047 3
0.072193 0.0112404 0.2385 1801 3
0.0814263 0.0164566 0.239 709.5 3
0.0819452 0.0164566 0.239 673.5 3
0.0813439 0.0205246 0.238 573.25 3
0.00409223 0.0228514 0.238 1832 3
0.00564243 0.0225929 0.238 1918.67 3
0.00719263 0.0225929 0.238 1807.67 3
0.00874284 0.0228514 0.238 1852 3
0.00409223 0.0241442 0.238 2564 3
0.00538406 0.0241442 0.238 2454.94 3
0.007451 0.0241442 0.238 2075.19 3
0.00874284 0.0241442 0.238 1870.5 3
0.00409223 0.025954 0.238 2876.67 3
0.00543574 0.0261608 0.238 2710.67 3
0.00727213 0.0261528 0.238 2548.23 3
0.00874284 0.0254369 0.238 2501 3
0.00564243 0.0275052 0.238 2640.33 3
0.00719263 0.0275052 0.238 2531 3
0.00756173 0.0415405 0.238 1655.71 3
0.00939491 0.0415017 0.2388 1576.8 3
0.00615917 0.0440521 0.238 1885 3
0.00758594 0.0433068 0.238167 2127.92 3
0.00960737 0.042979 0.238933 1808.2 3
0.0113741 0.042939 0.239 1120.42 3
0.00615917 0.0450863 0.238 1706.67 3
0.00755221 0.0452388 0.238125 1147.44 3
0.00950566 0.0450586 0.238824 1078.88 3
0.0112444 0.0447565 0.239 655.125 3
0.00770937 0.0466376 0.238 300.333 3
0.00874284 0.0466376 0.238 124 3
0.0645789 -0.0111569 0.241 1548.75 3
0.0661486 -0.0111569 0.241 1533.12 3
0.0681295 -0.0111195 0.241 1652.43 3
0.0695497 -0.0108951 0.241 1805 3
0.0606545 -0.00906243 0.241 1609 3
0.0620506 -0.00939898 0.240667 1620.17 3
0.0641031 -0.00955465 0.2402 1709.25 3
0.0662389 -0.00985912 0.24 1751.1 3
0.0684092 -0.0100957 0.240667 1764.33 3
0.0695497 -0.0101097 0.241 1659 3
0.0478349 -0.006968 0.241 1630 3
0.0491997 -0.00693909 0.24 1616.62 3
0.0514837 -0.00715431 0.2402 1614.3 3
0.0533448 -0.00779334 0.2406 1595.8 3
0.0554526 -0.00798196 0.24 1586.62 3
0.0577518 -0.00754927 0.240429 1621.21 3
0.0597454 -0.00747715 0.2405 1731.38 3
0.0615319 -0.00763433 0.24 1776.25 3
0.0637898 -0.00798196 0.24 1675.25 3
0.0387782 -0.00589621 0.24 1646.88 3
0.0410328 -0.00592079 0.241 1647.5 3
0.0432398 -0.00556497 0.240667 1689.08 3
0.0452188 -0.00592078 0.241 1682.88 3
0.0465944 -0.00589621 0.24 1683.5 3
0.0732125 0.00795483 0.241 1794 3
0.0747649 0.00785656 0.240667 1786.83 3
0.0766175 0.00756258 0.240429 1748.86 3
0.0788415 0.00689592 0.240615 1739.77 3
0.0808467 0.00693599 0.240364 1723.18 3
0.0828698 0.00737462 0.240727 1457 3
0.0708463 0.00977358 0.240667 1824 3
0.0726259 0.00917847 0.240636 1789.09 3
0.0744588 0.00880261 0.240333 1783.78 3
0.0762956 0.00844326 0.24 1736.5 3
0.081767 0.00844326 0.24 1602 3
0.0828091 0.00844326 0.24 1287.67 3
0.0708973 0.0109311 0.24025 1842.5 3
0.0834158 0.0134527 0.241 767.5 3
0.0812063 -0.0152091 0.243 1662.67 3
0.0827891 -0.0152091 0.243 1699.67 3
0.0669614 -0.0130973 0.243 1504 3
0.0682804 -0.0130973 0.243 1506 3
0.0703907 -0.0130973 0.243 1510.75 3
0.0725011 -0.0130973 0.243 1522.25 3
0.0746114 -0.0130973 0.243 1668 3
0.0767218 -0.0130973 0.243 1814 3
0.0789576 -0.013567 0.2429 1593.5 3
0.0809064 -0.013822 0.242733 1758.33 3
0.0829775 -0.0138328 0.242933 1980.73 3
0.0843718 -0.0136252 0.243 1782.33 3
0.0620559 -0.0114514 0.2428 1501.5 3
0.0636863 -0.0117061 0.242417 1536.08 3
0.0661104 -0.0121073 0.2422 1512.8 3
0.0681399 -0.0122805 0.2425 1527.88 3
0.0702588 -0.0118564 0.242286 1637.93 3
0.0722129 -0.0118564 0.242286 1681.71 3
0.0746114 -0.0120414 0.243 1670.5 3
0.0767218 -0.0125693 0.243 1758.75 3
0.0787502 -0.0125564 0.24275 1163.25 3
0.0808549 -0.0119481 0.242091 1251.55 3
0.0829894 -0.0117681 0.242813 1959.88 3
0.0844773 -0.011619 0.243 1799 3
0.0533967 -0.00911883 0.2425 1539.12 3
0.0555037 -0.00964678 0.2425 1542.88 3
0.0576098 -0.00964678 0.2425 1547.06 3
0.0597158 -0.00964678 0.2425 1566.19 3
0.0614316 -0.0101516 0.242 1530.17 3
0.0817339 -0.00966559 0.243 1224.5 3
0.0830529 -0.00966558 0.243 1845.5 3
0.0847235 -0.00957759 0.243 1691.33 3
0.0391013 -0.00699691 0.242 1577.38 3
0.0411095 -0.00702582 0.243 1625.33 3
0.042956 -0.00702582 0.243 1628.12 3
0.0452543 -0.00701426 0.2426 1611.9 3
0.0472574 -0.0076478 0.2426 1609.4 3
0.0493869 -0.00805512 0.2422 1607.4 3
0.0514487 -0.00804847 0.242 1586 3
0.0812063 -0.00755378 0.243 822.75 3
0.0830529 -0.00755378 0.243 1576.56 3
0.0847675 -0.00781775 0.243 1754.62 3
0.0817339 -0.00596992 0.243 311.5 3
0.0827891 -0.00596992 0.243 1131.83 3
0.0772494 0.00564505 0.243 1735.5 3
0.0788321 0.00564506 0.243 1750.38 3
0.0809425 0.00564505 0.243 1722.5 3
0.0827891 0.00564505 0.243 1693.83 3
0.0730287 0.00775686 0.243 1784.25 3
0.0747979 0.00708922 0.24275 1782.75 3
0.0765629 0.00668717 0.2425 1754.5 3
0.0777196 0.00667338 0.242 1763 3
0.0829738 0.00641049 0.242 1638 3
0.0840246 0.00641049 0.242 1434 3
0.0690717 0.00934072 0.243 1835 3
0.0703303 0.00925097 0.242545 1821.73 3
0.0723508 0.00853121 0.2425 1786.5 3
0.0695756 0.0106167 0.242 1896.5 3
0.0834992 0.0142972 0.242 711 3
0.0840246 0.0142972 0.242 674 3
0.0834992 0.014823 0.242 690 3
0.0840246 0.014823 0.242 628 3
0.0749595 -0.0150682 0.245 1425.83 3
0.0767421 -0.0150528 0.24475 1439.62 3
0.0787879 -0.0155697 0.2445 1407.56 3
0.0806789 -0.0157354 0.244333 1441.33 3
0.0828649 -0.0160669 0.244 1415.75 3
0.0848927 -0.0155697 0.2445 1653.25 3
0.086396 -0.0156004 0.245 1715.12 3
0.0584697 -0.0126728 0.245 1506 3
0.0597995 -0.0126728 0.245 1488.5 3
0.0619776 -0.0128244 0.2445 1486.67 3
0.0640561 -0.0130667 0.2444 1515 3
0.0659126 -0.0128861 0.244 1516.38 3
0.0688424 -0.0140035 0.245 1453 3
0.0704381 -0.0140036 0.245 1441.75 3
0.0723429 -0.0139607 0.24425 1436.38 3
0.0743887 -0.0139464 0.244 1474 3
0.0765077 -0.0139464 0.244 1584.62 3
0.078097 -0.0139464 0.244 1665.5 3
0.0852488 -0.0134163 0.244 1744.25 3
0.086396 -0.0134713 0.245 1760.75 3
0.0515545 -0.0105436 0.245 1511 3
0.0537707 -0.0107594 0.244714 1505 3
0.0557176 -0.0113235 0.2446 1494.9 3
0.0580221 -0.0113896 0.244111 1499 3
0.0599899 -0.0115773 0.244333 1500.67 3
0.0617368 -0.0121033 0.24425 1504.75 3
0.0855137 -0.0118259 0.244 1729.25 3
0.0863083 -0.0118259 0.244 1762.5 3
0.0377243 -0.0084144 0.245 1003 3
0.0390541 -0.0084144 0.245 1214 3
0.0409159 -0.0084144 0.245 1569.67 3
0.0454373 -0.00921285 0.245 1511 3
0.0472596 -0.00920532 0.2448 1537 3
0.0494899 -0.00917524 0.244 1586.62 3
0.0515941 -0.00940326 0.244273 1546.45 3
0.0535933 -0.00999495 0.2446 1514.8 3
0.0377243 -0.0078821 0.245 1084 3
0.0390541 -0.0078821 0.245 1345 3
0.0412729 -0.00797526 0.2446 1598.4 3
0.0431328 -0.00811499 0.244 1583.5 3
0.0452518 -0.00811499 0.244 1566.5 3
0.0465763 -0.00811499 0.244 1570.5 3
0.0855137 -0.00705473 0.244 1624.5 3
0.0833946 -0.00493424 0.244 1163.25 3
0.0849839 -0.00546436 0.244 1810 3
0.0834705 -0.00388986 0.245 809 3
0.0848003 -0.00353499 0.245 1778.17 3
0.0861301 -0.00388986 0.245 1798 3
0.0770873 0.00356232 0.245 1690.5 3
0.0784171 0.00356232 0.245 1664.75 3
0.0816087 0.00356232 0.245 1729.25 3
0.0829385 0.00356232 0.245 1745.17 3
0.0845343 0.00356232 0.245 1760.33 3
0.0750155 0.00541956 0.24475 1729 3
0.0765281 0.00507052 0.244429 1715 3
0.0786268 0.00460804 0.244 1686.5 3
0.0807458 0.00460804 0.244 1701.62 3
0.0828649 0.00460804 0.244 1705.75 3
0.0849509 0.00515147 0.244667 1569.33 3
0.0683104 0.00782071 0.245 1838.88 3
0.0704381 0.00782071 0.245 1801.38 3
0.0724671 0.00727777 0.244667 1766.08 3
0.0742244 0.00673773 0.244333 1774.33 3
0.0852488 0.00646347 0.244 1347 3
0.0684731 0.00876069 0.244 1863.67 3
0.0698857 0.00858398 0.244 1811.67 3
0.0846849 0.0117962 0.244667 886.167 3
0.0844541 0.012825 0.244 814 3
0.0872622 -0.019699 0.247 1285.4 3
0.0888442 -0.0197526 0.247 1272.75 3
0.0771803 -0.0173377 0.247 1350.5 3
0.0785964 -0.0172956 0.2464 1372.3 3
0.0807698 -0.0178393 0.2465 1385.25 3
0.0829106 -0.0178393 0.2465 1378.75 3
0.0850514 -0.0178393 0.2465 1414.31 3
0.0871039 -0.0178206 0.24625 1449.06 3
0.0892465 -0.0178744 0.247 1315.08 3
0.0905871 -0.0173377 0.247 1262.5 3
0.064846 -0.0151911 0.247 1417.5 3
0.0653822 -0.0151911 0.247 1417.5 3
0.070745 -0.0151911 0.247 1404.83 3
0.0723279 -0.0151297 0.246 1409 3
0.0744881 -0.0158862 0.246667 1391.5 3
0.0766008 -0.0161985 0.246 1354.12 3
0.077936 -0.0161985 0.246 1352.5 3
0.0878466 -0.0158627 0.246333 1541.67 3
0.0889783 -0.0159066 0.247 1368.67 3
0.0538523 -0.0127762 0.247 1460 3
0.0555926 -0.0127452 0.2464 1467.4 3
0.0579272 -0.013214 0.246571 1473.29 3
0.05997 -0.0135702 0.2468 1470 3
0.0623096 -0.0138746 0.24625 1473.38 3
0.0642222 -0.0140988 0.246667 1492.83 3
0.0659187 -0.0140607 0.246 1494.62 3
0.0677881 -0.0140607 0.246 1455.17 3
0.0415181 -0.0106297 0.247 1492 3
0.0431269 -0.0106297 0.247 1498 3
0.0452719 -0.0106297 0.247 1496.75 3
0.0472251 -0.0105866 0.246 1522.25 3
0.0494953 -0.0111519 0.246667 1500.08 3
0.0513331 -0.0113135 0.246857 1497 3
0.0533361 -0.0115771 0.2466 1491.3 3
0.0555926 -0.0122098 0.2464 1474.6 3
0.0576401 -0.01219 0.246 1477 3
0.0867487 -0.0108539 0.246 1538.25 3
0.0388367 -0.00928805 0.247 969.75 3
0.0409563 -0.00941896 0.2462 1497.7 3
0.0430105 -0.0095313 0.246333 1512.08 3
0.0449132 -0.00967172 0.2465 1503.12 3
0.0472251 -0.0100522 0.246 1535 3
0.0493615 -0.0100522 0.246 1558.5 3
0.0506968 -0.0100522 0.246 1547 3
0.0870158 -0.00631086 0.246 1317 3
0.0872516 -0.0052554 0.246667 1436 3
0.0849292 -0.00284448 0.246667 1513.67 3
0.0868378 -0.00319311 0.246 1756.83 3
0.0850161 -0.00123539 0.2464 1721.85 3
0.0869256 -0.00123589 0.2465 1792 3
0.0771348 0.00143897 0.246 548.5 3
0.0785772 0.00144092 0.246333 897.833 3
0.0849126 0.000846753 0.246444 1686.44 3
0.0865373 0.00108656 0.246667 1824.67 3
0.0765258 0.00286763 0.246333 1584.42 3
0.0787372 0.00277515 0.246 1586.25 3
0.0806405 0.00297186 0.246571 1680.79 3
0.0828762 0.00251199 0.2464 1710 3
0.0851464 0.00277515 0.246 1777.38 3
0.0865373 0.00287103 0.246667 1752.33 3
0.072622 0.00573798 0.247 1736.88 3
0.0743865 0.00500841 0.246333 1719.75 3
0.0669911 0.00681126 0.247 1883.5 3
0.0682618 0.00680437 0.24675 1813 3
0.0701915 0.00678369 0.246 1788.12 3
0.0717939 0.00678368 0.246 1769.25 3
0.0859476 0.0137319 0.246 710 3
0.0867487 0.0137319 0.246 499.25 3
0.0875363 -0.021806 0.249 1263.33 3
0.0892478 -0.0217622 0.2485 1233.75 3
0.0910503 -0.021806 0.249 1246.75 3
0.0791568 -0.019642 0.249 1442.25 3
0.0808856 -0.0200084 0.2485 1563.06 3
0.0830438 -0.0201436 0.2485 1440.81 3
0.0850724 -0.0202265 0.248571 1330 3
0.0868235 -0.0204419 0.2482 1277.4 3
0.0896078 -0.0206408 0.248 1202.5 3
0.0906847 -0.020102 0.248 1233.12 3
0.0734803 -0.0174781 0.249 1331 3
0.0747559 -0.0174605 0.24875 1332.62 3
0.0764159 -0.0174079 0.248 1336.67 3
0.078695 -0.0185153 0.2484 1383.4 3
0.0906847 -0.0184855 0.248 1294.25 3
0.0575321 -0.0150436 0.249 1468 3
0.0621273 -0.0153141 0.249 1441.83 3
0.0638899 -0.0152833 0.2485 1421.88 3
0.0664546 -0.0152526 0.248 1415.5 3
0.0680699 -0.0152526 0.248 1402.12 3
0.070233 -0.0160149 0.248667 1384.67 3
0.0724497 -0.0163468 0.24825 1371.62 3
0.0737236 -0.0163303 0.248 1377 3
0.0899691 -0.0153141 0.249 1358 3
0.0910503 -0.0163961 0.249 1401 3
0.0432058 -0.0128797 0.249 1437.33 3
0.044287 -0.0128797 0.249 1420 3
0.0475307 -0.0128797 0.249 1415.67 3
0.0494229 -0.0128797 0.249 1427.75 3
0.0514806 -0.0128538 0.2485 1460.5 3
0.0535969 -0.0135186 0.2488 1466.9 3
0.0556857 -0.0136362 0.248 1463 3
0.0575159 -0.0140076 0.248429 1465.14 3
0.0598672 -0.0144794 0.2486 1466.2 3
0.0616983 -0.0142648 0.248 1465 3
0.0887094 -0.0136626 0.2485 1657.75 3
0.0394214 -0.0107157 0.249 1371 3
0.0408697 -0.0110231 0.2486 1452.6 3
0.0430092 -0.0117485 0.249 1463.36 3
0.0448864 -0.0115865 0.248333 1488.89 3
0.0471961 -0.0117148 0.248273 1464.27 3
0.0490875 -0.0120528 0.248667 1468.17 3
0.0514806 -0.0123139 0.2485 1465.5 3
0.0529935 -0.0122891 0.248 1481.5 3
0.0394214 -0.0101747 0.249 1205 3
0.0403935 -0.0101475 0.248333 1447.67 3
0.083752 -0.000707432 0.249 1460 3
0.0842926 -0.000707432 0.249 1526.5 3
0.0769943 0.00145652 0.249 896 3
0.0810168 0.000989477 0.248429 1249.71 3
0.0831076 0.000852491 0.248333 1598.44 3
0.0877232 0.000911859 0.248 1657.75 3
0.0734803 0.00362048 0.249 1691.5 3
0.0746056 0.00360958 0.24825 1695.38 3
0.0759012 0.00289432 0.248667 1658 3
0.0880769 0.00307949 0.249 1630.25 3
0.0682061 0.00577282 0.2485 1794.12 3
0.0704983 0.00540829 0.248333 1771.17 3
0.0723905 0.00491043 0.2486 1729.5 3
0.0737236 0.00468358 0.248 1713 3
0.0369887 0.0122763 0.249 1944.75 3
0.0388808 0.0122763 0.249 1960 3
0.0408888 0.0118126 0.249 1983.86 3
0.0428196 0.011658 0.249 1986.5 3
0.044287 0.0111943 0.249 1979 3
0.0353668 0.0133583 0.249 1969 3
0.0369133 0.0133315 0.2485 1974.5 3
0.0389939 0.0133046 0.248 2026.62 3
0.0808825 -0.0233445 0.251 1946.25 3
0.0830623 -0.0233445 0.251 1626.75 3
0.0852422 -0.0233445 0.251 1318.25 3
0.0871495 -0.0233445 0.251 1271 3
0.0888783 -0.023298 0.2505 1232 3
0.0906917 -0.0233445 0.251 1306 3
0.0713457 -0.0211632 0.251 850 3
0.0793609 -0.0215292 0.2505 1678.38 3
0.0808008 -0.0221488 0.250364 1970.91 3
0.0829527 -0.0222246 0.250667 1691.92 3
0.0850157 -0.0221955 0.250333 1352.67 3
0.086796 -0.0222817 0.250429 1294.29 3
0.0888783 -0.0227537 0.2505 1255.25 3
0.0906917 -0.0227992 0.251 1276.5 3
0.0615364 -0.0189818 0.251 681 3
0.0691659 -0.0189818 0.251 1327 3
0.0708786 -0.0194492 0.251 1309.43 3
0.0724356 -0.0195272 0.251 1317.67 3
0.0744015 -0.0194736 0.250846 1309.15 3
0.0766021 -0.019502 0.250667 1358.83 3
0.0785681 -0.0200791 0.2504 1441 3
0.0802888 -0.0205357 0.25 1625 3
0.0579942 -0.0173458 0.251 1000.17 3
0.0595201 -0.0174549 0.251 1244.3 3
0.0618089 -0.0177548 0.251 1327.25 3
0.0639887 -0.0173458 0.251 1368.58 3
0.0660778 -0.0175276 0.251 1347.56 3
0.0684393 -0.0177093 0.251 1345.67 3
0.0704809 -0.0178794 0.250833 1346.5 3
0.0724231 -0.0177905 0.250273 1343.36 3
0.0744952 -0.0184071 0.2506 1325.6 3
0.0767607 -0.018363 0.25 1351.25 3
0.0538347 -0.0151444 0.250667 1451 3
0.0557713 -0.0154751 0.2505 1445.88 3
0.0578494 -0.0156712 0.250375 1431.62 3
0.0599298 -0.0158929 0.250125 1427.62 3
0.0616371 -0.016122 0.250143 1421.71 3
0.0639887 -0.0162551 0.251 1395.75 3
0.0660585 -0.0164324 0.250143 1389.43 3
0.0680761 -0.0164619 0.25 1390.75 3
0.0694331 -0.0164619 0.25 1379 3
0.0417509 -0.0129314 0.25 1416 3
0.0422937 -0.0129314 0.25 1422 3
0.0455504 -0.0129314 0.25 1429 3
0.047044 -0.0137045 0.250889 1415.78 3
0.0492749 -0.0138012 0.251 1439.5 3
0.0513511 -0.0137736 0.2505 1463.12 3
0.0533435 -0.0142583 0.2504 1464.4 3
0.055592 -0.0145609 0.25 1464 3
0.056949 -0.0145609 0.25 1466 3
0.0391727 -0.0111662 0.25 1230.25 3
0.0408204 -0.0116899 0.25 1437.86 3
0.0422937 -0.0123883 0.25 1432 3
0.0455504 -0.0123883 0.25 1471 3
0.046636 -0.0123883 0.25 1446 3
0.0387656 -0.0102156 0.25 884.5 3
0.0892448 -0.00424082 0.25 1573.5 3
0.0892448 -0.0031545 0.25 1650.5 3
0.0829123 -0.00107238 0.25 752.667 3
0.0843598 -0.0017966 0.25 1183.5 3
0.0892448 -0.00125344 0.25 1527.38 3
0.0751604 0.00146822 0.251 1665 3
0.0763704 0.00119263 0.2505 1238.25 3
0.0778852 0.000377555 0.251 364 3
0.0894233 0.000922138 0.2505 1466.5 3
0.0708007 0.00364956 0.251 1715.33 3
0.0725622 0.00364229 0.2505 1692.38 3
0.0747377 0.0025538 0.2505 1685.25 3
0.0896018 0.00255889 0.251 1538.5 3
0.0664411 0.00474023 0.251 1819.33 3
0.0681434 0.00472607 0.25025 1758 3
0.0699759 0.00472135 0.25 1769.17 3
0.0878879 0.00472135 0.25 1516.5 3
0.0884307 0.00472135 0.25 1535 3
0.034016 0.00801224 0.251 1915.75 3
0.04764 0.00801224 0.251 1654.5 3
0.0876945 0.0074669 0.251 1248 3
0.0329261 0.00910291 0.251 1948.25 3
0.0344442 0.00972613 0.251 1873.86 3
0.0359234 0.0101936 0.251 1942.5 3
0.0391931 0.0101936 0.251 1929.17 3
0.0410587 0.0101834 0.25075 1897.12 3
0.0433059 0.00994293 0.2502 1914 3
0.0452399 0.00970293 0.250429 1911.43 3
0.0470032 0.00931291 0.2508 1708.8 3
0.0346947 0.0117824 0.25 1944 3
0.0364316 0.0114566 0.25 1966.8 3
0.0387656 0.0112393 0.25 1989.5 3
0.0401225 0.0112393 0.25 1992 3
0.045279 0.0112393 0.25 1937.25 3
0.0790162 -0.0256275 0.252 611.5 3
0.0808217 -0.0261202 0.252 852.3 3
0.0827699 -0.0260759 0.2521 912.6 3
0.0850417 -0.0259871 0.252833 1032.5 3
0.08702 -0.026004 0.253 1097.5 3
0.0892171 -0.026004 0.253 1088 3
0.0911397 -0.0260041 0.253 1106.33 3
0.0934301 -0.0261069 0.254 1019.88 3
0.0950845 -0.0252791 0.254 611.5 3
0.0768579 -0.0239428 0.253 613.75 3
0.0786797 -0.0241822 0.252429 1105.5 3
0.0805945 -0.0244483 0.252 1602.85 3
0.0828461 -0.0245325 0.252 1584.5 3
0.0850214 -0.0245008 0.252182 1228.64 3
0.0871971 -0.0245976 0.252231 1212.77 3
0.0894117 -0.0245325 0.252 1178.75 3
0.0917075 -0.0245106 0.2529 1306.3 3
0.0933932 -0.0242848 0.252923 1212.38 3
0.0950646 -0.0242671 0.2538 565 3
0.0727242 -0.0212475 0.252 1120.67 3
0.0746392 -0.0216581 0.252 1167 3
0.0766444 -0.0221352 0.25275 1200.88 3
0.0785907 -0.0222992 0.252462 1361.38 3
0.0798369 -0.02289 0.252 1588 3
0.0918738 -0.02289 0.252 1351 3
0.0937229 -0.0223459 0.2533 1101.6 3
0.0949848 -0.0229808 0.253 406 3
0.0562057 -0.0192087 0.254 517 3
0.0567572 -0.0192087 0.254 147 3
0.0628759 -0.0190574 0.252 982 3
0.0642437 -0.0190574 0.252 1152.5 3
0.066315 -0.0195267 0.252 863 3
0.0680736 -0.019605 0.252 1046.58 3
0.0702621 -0.0198787 0.252 1268.5 3
0.0727242 -0.0207 0.252 1255.33 3
0.0746392 -0.0207 0.252 1296.5 3
0.0768277 -0.0207 0.252 1345.5 3
0.0781955 -0.0207 0.252 1380 3
0.0939816 -0.0208643 0.254 1069 3
0.0558588 -0.0174169 0.253143 1137.86 3
0.0570064 -0.0176449 0.252667 787.667 3
0.0628759 -0.0185099 0.252 1271 3
0.0642437 -0.0185099 0.252 1300 3
0.0661586 -0.0185099 0.252 1323.67 3
0.0680736 -0.0185099 0.252 1336 3
0.0939816 -0.017829 0.254 1095.25 3
0.0457278 -0.0150698 0.254 1413.5 3
0.047232 -0.0150223 0.2532 1427.1 3
0.0495413 -0.0157941 0.2532 1437.3 3
0.0515654 -0.0158573 0.253333 1444.67 3
0.0534587 -0.0160115 0.252889 1418.33 3
0.055216 -0.0161009 0.252 1398.6 3
0.057131 -0.0163199 0.252 1377.5 3
0.0928787 -0.0156217 0.254 1579.75 3
0.03718 -0.0131383 0.254 651.5 3
0.0387568 -0.0131125 0.2535 1320.25 3
0.0411943 -0.0135134 0.25325 1407.38 3
0.0430737 -0.0139111 0.253 1398.75 3
0.0451825 -0.0138837 0.2525 1404.88 3
0.0494712 -0.0146774 0.252 1450.25 3
0.0516597 -0.0146774 0.252 1461.5 3
0.0530275 -0.0146774 0.252 1461 3
0.0914144 -0.0139089 0.253 1589.62 3
0.0374439 -0.0121263 0.253 575.25 3
0.038784 -0.0120243 0.2526 1188.6 3
0.0407968 -0.0125121 0.2525 1432.25 3
0.0912242 -0.0123105 0.254 1837.88 3
0.0898456 -0.00734386 0.254 1332 3
0.0906727 -0.00651609 0.254 1299 3
0.0899588 -0.00509601 0.252 1430.5 3
0.0912289 -0.0051221 0.25325 1497.12 3
0.0934301 -0.00486053 0.254 1154.67 3
0.0785404 -0.00210127 0.254 598.5 3
0.0916203 -0.00312365 0.253 1685.75 3
0.0935988 -0.00306509 0.253833 1092.5 3
0.0771326 -0.000718796 0.253 1154.25 3
0.0785404 -0.000997565 0.254 507.333 3
0.0915791 -0.00137841 0.253 1497.1 3
0.093415 -0.00104235 0.253833 1100.58 3
0.0727499 0.00148577 0.254 1702.33 3
0.0745692 0.00111202 0.253 1687.17 3
0.0764308 0.000379811 0.2525 1368.38 3
0.0914143 0.000930241 0.253 1406.75 3
0.0934301 0.000933921 0.254 1033.81 3
0.0410402 0.00369319 0.254 1634.12 3
0.0432461 0.00314133 0.254 1709.62 3
0.0451763 0.00314133 0.254 1425.83 3
0.0466001 0.00340998 0.2535 937.125 3
0.0662522 0.00301933 0.2532 1762.2 3
0.068068 0.00312679 0.253 1730.62 3
0.0701478 0.00289069 0.252857 1713.64 3
0.0725933 0.00257418 0.2525 1694 3
0.0738185 0.00256908 0.252 1693.5 3
0.0900411 0.00367864 0.253 1603.5 3
0.0913941 0.00324471 0.2534 1529.5 3
0.0354309 0.00550316 0.252667 1786.17 3
0.0367589 0.00532768 0.253 1663.17 3
0.0388344 0.00534874 0.254 1663.56 3
0.0410402 0.00534874 0.254 1720.56 3
0.0432461 0.00534874 0.254 1760.62 3
0.0452821 0.00542094 0.253714 1762.21 3
0.0470889 0.00540227 0.252857 1289.07 3
0.0895699 0.0059006 0.254 1418.25 3
0.0906727 0.00479688 0.254 1601.5 3
0.0353162 0.00751153 0.2525 1816.12 3
0.0367589 0.0075264 0.253 1794.58 3
0.0387967 0.00754817 0.25375 1820.5 3
0.0409595 0.00754019 0.2535 1837.19 3
0.0431179 0.00753329 0.25325 1849.5 3
0.0451836 0.00751044 0.2525 1883.75 3
0.0471003 0.00731415 0.252 1721.5 3
0.048924 0.00694915 0.252 1078 3
0.0895699 0.00672837 0.254 1384 3
0.0355194 0.00913917 0.252 1836.5 3
0.0368611 0.00942904 0.252444 1866.11 3
0.0388636 0.00924021 0.252727 1893.73 3
0.0409907 0.00913918 0.252 1889.67 3
0.0429056 0.00913917 0.252 1883.12 3
0.0371608 0.0105079 0.252 1980.67 3
0.038255 0.0105079 0.252 1963 3
0.0883932 0.0130232 0.253 873 3
0.0956461 -0.021819 0.2555 576.375 3
0.0943207 -0.0198909 0.255667 1183 3
0.0954229 -0.0200642 0.255857 749.429 3
0.0491448 -0.0174132 0.256 1369.12 3
0.0513681 -0.0174132 0.256 1369.5 3
0.0535673 -0.0174683 0.255444 1357.67 3
0.055302 -0.0178006 0.255286 1283.14 3
0.0940748 -0.0187303 0.255 1188 3
0.0946284 -0.0187303 0.255 996 3
0.0438646 -0.0151885 0.256 1386.5 3
0.0451657 -0.0154369 0.2555 1392.75 3
0.0473375 -0.0162531 0.25525 1408 3
0.048676 -0.0162372 0.255 1426 3
0.0939639 -0.0152208 0.2556 1608.2 3
0.0949995 -0.0154666 0.256 1393 3
0.0374727 -0.0140761 0.256 1011.25 3
0.0389872 -0.0140211 0.255 1368.12 3
0.0406482 -0.0140211 0.255 1392.25 3
0.0936379 -0.0135663 0.255455 1648.73 3
0.0949995 -0.013798 0.256 1149 3
0.0913066 -0.011251 0.255 1668.33 3
0.093311 -0.0114926 0.25575 1632.25 3
0.0900147 -0.00977355 0.255 1391.33 3
0.0914843 -0.0096373 0.255636 1486 3
0.0927763 -0.00971919 0.256 1570.33 3
0.0901993 -0.00820382 0.255 1350 3
0.0915414 -0.00755442 0.2555 1362.9 3
0.0934333 -0.00720127 0.255692 1262.54 3
0.0948758 -0.00711504 0.255667 778.667 3
0.0918602 -0.00598772 0.255 1406 3
0.0932443 -0.00598772 0.255 1247.5 3
0.0946284 -0.00598772 0.255 750 3
0.0780472 -0.00211781 0.256 1182.5 3
0.075546 -0.00072732 0.256 1634.5 3
0.0764573 -0.000725426 0.255333 1569.33 3
0.0780472 -0.00156162 0.256 1187 3
0.0647156 0.000753924 0.255667 1710.83 3
0.0661078 0.00101739 0.255429 1716.86 3
0.0680491 0.00112277 0.255333 1726.08 3
0.0706372 0.00112277 0.255333 1715.67 3
0.072377 0.000606385 0.2558 1701.9 3
0.0742398 0.000384073 0.255333 1684.5 3
0.0937045 0.00316096 0.2555 1146.17 3
0.094814 0.00316096 0.2555 571 3
0.091535 0.00565261 0.25525 1621.38 3
0.0933708 0.00505336 0.2558 1295.3 3
0.0949995 0.00483466 0.256 530 3
0.0899972 0.00761565 0.256 1257.5 3
0.0909698 0.0071985 0.256 1502.5 3
0.0894414 0.00872804 0.256 1137.5 3
0.0894414 0.011509 0.256 1042.25 3
0.0495287 -0.0189506 0.258 1341.5 3
0.0512092 -0.0189506 0.258 1330.5 3
0.0554311 -0.0192991 0.257667 1175.33 3
0.0963018 -0.0192309 0.258 735 3
0.096862 -0.0192309 0.258 396 3
0.0471954 -0.0175153 0.2575 1378.88 3
0.0495287 -0.0183901 0.258 1353.25 3
0.0517184 -0.0183723 0.25775 1356.5 3
0.0535217 -0.0183188 0.257 1355.67 3
0.0560326 -0.0188772 0.257 1036 3
0.0959286 -0.0176209 0.257 830.125 3
0.0369252 -0.0153071 0.258 946 3
0.0389627 -0.0154957 0.2574 1384.5 3
0.0409153 -0.0157537 0.257429 1398 3
0.0430988 -0.01572 0.2574 1382 3
0.0449591 -0.0163963 0.2575 1394.62 3
0.0959844 -0.0159737 0.257 949.9 3
0.0973236 -0.0158061 0.257 303.25 3
0.0959844 -0.0134052 0.257 659.1 3
0.0939756 -0.0105016 0.257 1512.5 3
0.0956496 -0.0113392 0.257 764.625 3
0.0936966 -0.0093849 0.257 1395.75 3
0.0953706 -0.00952449 0.257 852.5 3
0.0939756 -0.00826816 0.257 1300 3
0.0950916 -0.00826816 0.257 936 3
0.0624494 -0.00491794 0.257 1547.33 3
0.0630074 -0.00491794 0.257 1488.33 3
0.0620613 -0.00296468 0.257125 1567.5 3
0.0637968 -0.00274242 0.257727 1582.73 3
0.075296 -0.00213436 0.258 1600 3
0.0768262 -0.00213022 0.2575 1544 3
0.0786569 -0.00297517 0.258 1249 3
0.0626924 -0.00157382 0.258 1650 3
0.0641112 -0.00106763 0.2574 1663.8 3
0.066206 -0.000731582 0.2575 1661.62 3
0.068294 -0.000733 0.258 1697.33 3
0.0702545 -0.000733 0.258 1658.75 3
0.0724241 -0.000732291 0.25775 1682 3
0.0746161 -0.000898894 0.2572 1639.4 3
0.0768262 -0.00157077 0.2575 1573 3
0.0688663 0.00038658 0.257 1710.5 3
0.0699823 0.00038658 0.257 1714.5 3
0.0939756 0.00597029 0.257 1141.75 3
0.0950916 0.00597029 0.257 481 3
0.0917437 0.00764539 0.257 1567.5 3
0.0934677 0.00732822 0.2576 1391.4 3
0.0948565 0.00724149 0.2575 559.5 3
0.0901401 0.00991732 0.258 1076.5 3
0.0911172 0.0091472 0.257333 1353.83 3
0.090804 0.0115776 0.2575 1287.38 3
0.0913642 0.0132548 0.2575 845 3
0.093221 0.0132806 0.258 575 3
0.0456789 -0.0190976 0.26 1326 3
0.0472813 -0.0193433 0.2595 1345.33 3
0.0491132 -0.0197945 0.259875 1322.75 3
0.0516948 -0.0195196 0.2596 1321 3
0.0536248 -0.0198216 0.259429 1326.14 3
0.0553966 -0.0204506 0.25925 1316.38 3
0.0567498 -0.0204308 0.259 1039 3
0.035518 -0.016838 0.26 1005 3
0.036647 -0.016838 0.26 1246.67 3
0.0391872 -0.0176854 0.26 1355.25 3
0.0408807 -0.0176854 0.26 1363.5 3
0.0431387 -0.0176854 0.26 1352.75 3
0.0452729 -0.0177191 0.259111 1371.22 3
0.0469535 -0.0184792 0.25925 1353.25 3
0.0483149 -0.0184614 0.259 1359 3
0.098081 -0.0178987 0.259 355.167 3
0.035518 -0.0162731 0.26 835 3
0.0370405 -0.0163606 0.2596 1208 3
0.0387553 -0.0164919 0.259 1372.17 3
0.0424104 -0.0164918 0.259 1374.75 3
0.0980809 -0.0167732 0.259 415 3
0.0643412 -0.00495621 0.259 1468.17 3
0.0654364 -0.00441046 0.26 1543 3
0.0787022 -0.00441046 0.26 1620 3
0.0812424 -0.00483413 0.26 1615.25 3
0.0826536 -0.00497535 0.26 1166.83 3
0.0643412 -0.00383078 0.259 1550.5 3
0.0659867 -0.00282398 0.2595 1591.5 3
0.0682776 -0.00214263 0.259 1624.75 3
0.070663 -0.00257043 0.2595 1590.12 3
0.0724933 -0.00276489 0.259727 1590.09 3
0.0745956 -0.00276489 0.259727 1588.09 3
0.0767857 -0.00298959 0.25925 1560.5 3
0.0785075 -0.00355928 0.259667 1499.17 3
0.0805233 -0.00341614 0.2595 1039.75 3
0.0826536 -0.00384557 0.26 700 3
0.0663094 -0.00157992 0.259 1619 3
0.0682776 -0.00157992 0.259 1642 3
0.0705269 -0.00157992 0.259 1610.75 3
0.072495 -0.00157992 0.259 1641 3
0.074182 -0.00157992 0.259 1645.33 3
0.0921765 0.00995575 0.259 1424 3
0.0937028 0.00947342 0.259 1225.29 3
0.0949881 0.00939304 0.259 658 3
0.0921765 0.0116439 0.259 1435.5 3
0.0933012 0.0116439 0.259 1296.17 3
0.0950727 0.0116888 0.26 718 3
0.0539941 -0.0232291 0.262 1243.33 3
0.0555582 -0.02317 0.261333 1087.67 3
0.0522876 -0.0220906 0.262 1314 3
0.0536749 -0.0219935 0.261455 1294.36 3
0.0557132 -0.0219626 0.261091 1320.73 3
0.057188 -0.0217228 0.261 1162.5 3
0.0389198 -0.0192445 0.262 1304.75 3
0.0409107 -0.0192445 0.262 1304.67 3
0.0428599 -0.0192261 0.26175 1298.5 3
0.0451757 -0.0197722 0.261444 1310 3
0.046988 -0.0200216 0.261 1334 3
0.049159 -0.0209522 0.262 1294.75 3
0.0513351 -0.0206281 0.2615 1298.12 3
0.0526547 -0.0205887 0.261 1298 3
0.0365734 -0.0177874 0.2615 1255.25 3
0.0385622 -0.0182143 0.2615 1318.88 3
0.0409107 -0.0186752 0.262 1316.33 3
0.0428599 -0.0186574 0.26175 1306 3
0.0447213 -0.0186039 0.261 1323 3
0.084996 -0.0129829 0.262 1136.5 3
0.0852627 -0.0113718 0.2616 1217.33 3
0.0869383 -0.0112322 0.261 1087 3
0.0832895 -0.00871363 0.262 1401.75 3
0.0849643 -0.00946894 0.26125 1340.75 3
0.0869382 -0.00981448 0.261 1126 3
0.0662548 -0.00669566 0.261 1354.67 3
0.0679307 -0.00729055 0.262 1424.67 3
0.0773166 -0.00672132 0.262 1466 3
0.0790231 -0.00700594 0.262 1458 3
0.0809365 -0.00728414 0.26175 1473.83 3
0.08313 -0.00727718 0.2615 1429.75 3
0.0851573 -0.00766777 0.261 1189.07 3
0.0663063 -0.00535534 0.261 1461.36 3
0.0681634 -0.00522061 0.262 1546.45 3
0.0702736 -0.00496722 0.261846 1547.92 3
0.0724833 -0.00506074 0.261727 1552.36 3
0.074472 -0.00494991 0.2616 1557.1 3
0.0766135 -0.00509597 0.261692 1548.54 3
0.0785879 -0.00557274 0.2615 1534.5 3
0.0805655 -0.0056206 0.2611 1575.9 3
0.0832549 -0.00584507 0.261 1121.67 3
0.0846715 -0.0061286 0.261 595 3
0.0665381 -0.00386036 0.261 1569 3
0.0682319 -0.00324578 0.261273 1602.09 3
0.0701845 -0.00348725 0.261333 1579.89 3
0.0724882 -0.00386036 0.261 1588.67 3
0.0744715 -0.00386036 0.261 1574.75 3
0.0767382 -0.00386036 0.261 1594 3
0.0541197 -0.0257007 0.264 1047 3
0.0523003 -0.0233621 0.2635 1276 3
0.0535318 -0.0243035 0.263545 1223 3
0.0550567 -0.0241749 0.263 1093.75 3
0.0455219 -0.0213989 0.264 1287 3
0.0469402 -0.021277 0.263 1304.71 3
0.0495342 -0.0219725 0.264 1292.62 3
0.0516843 -0.0220575 0.263111 1307.89 3
0.0530582 -0.0227463 0.263 1296 3
0.0368531 -0.0193547 0.2635 1284.5 3
0.0389303 -0.0202517 0.264 1303.33 3
0.0408969 -0.0202325 0.26375 1300.62 3
0.0430654 -0.020175 0.263 1286.38 3
0.044493 -0.020175 0.263 1298.5 3
0.0368531 -0.0187822 0.2635 1277 3
0.0831931 -0.0130572 0.2635 1510.75 3
0.0844639 -0.0130324 0.263 1246 3
0.0770407 -0.0110325 0.263 1485.33 3
0.0790505 -0.0112791 0.26375 1341.25 3
0.0807727 -0.0113613 0.264 1246.89 3
0.082992 -0.0115842 0.263579 1272.05 3
0.0844639 -0.0118896 0.263 1280.33 3
0.0713306 -0.0087469 0.263 1430.5 3
0.0725868 -0.00920402 0.263 1477.4 3
0.0744711 -0.0093183 0.263 1378.25 3
0.0767552 -0.0093183 0.263 1343.5 3
0.0788539 -0.00933083 0.263333 1355.75 3
0.0807611 -0.00925279 0.263429 1370 3
0.0827136 -0.00956856 0.263143 1374.5 3
0.0690465 -0.00731838 0.263 1386.33 3
0.0704741 -0.00731838 0.263 1403.5 3
0.0724726 -0.00731838 0.263 1434.11 3
0.0744712 -0.00731838 0.263 1448.25 3
0.0766773 -0.00737033 0.263 1450.64 3
0.0787537 -0.00760409 0.263 1442 3
0.0690465 -0.00617557 0.263 1535 3
0.0704741 -0.00617557 0.263 1512.75 3
0.0724726 -0.00617557 0.263 1482.67 3
0.0744711 -0.00617557 0.263 1473.25 3
0.0764697 -0.00617557 0.263 1469.33 3
0.0531211 -0.0260303 0.2656 1141 3
0.0496207 -0.0235837 0.266 1265.33 3
0.0516513 -0.0241215 0.265556 1257.44 3
0.0347494 -0.0224279 0.266 856.5 3
0.0366264 -0.0219463 0.266 1206.25 3
0.0387333 -0.021776 0.2658 1254.4 3
0.0410915 -0.0214799 0.265 1295.62 3
0.0431053 -0.02148 0.265 1282 3
0.0449394 -0.0222408 0.265636 1313.36 3
0.047593 -0.0222284 0.265 1298.6 3
0.0496207 -0.0230058 0.266 1285 3
0.0512239 -0.0229481 0.265333 1305.33 3
0.0351159 -0.0197889 0.2655 1251.5 3
0.0365223 -0.0200587 0.26525 1266.12 3
0.0379271 -0.0203285 0.265 1296 3
0.0520885 -0.0260901 0.268 1192 3
0.0529031 -0.0269636 0.268 1148.5 3
0.0370539 -0.0239625 0.267 550.333 3
0.0388906 -0.0240223 0.267667 1079.83 3
0.0409748 -0.0240522 0.268 1306.62 3
0.0430114 -0.0240522 0.268 1334.83 3
0.0448734 -0.0238775 0.268 1333.4 3
0.0474239 -0.0238894 0.267571 1275.43 3
0.0495437 -0.0245071 0.267667 1240.89 3
0.0509666 -0.0245426 0.267 1244 3
0.0341973 -0.0216691 0.267333 974.833 3
0.0367641 -0.0228022 0.267 1131.5 3
0.0390829 -0.0228022 0.267 1258 3
0.040822 -0.0228022 0.267 1299.62 3
0.0431408 -0.0228022 0.267 1307.62 3
0.0474885 -0.0230923 0.267 1298 3
0.0486479 -0.0230923 0.267 1283 3
0.03424 -0.020533 0.267667 1239.33 3
0.0519325 -0.0273564 0.269 1170 3
0.0393756 -0.0261875 0.269 493.5 3
0.04081 -0.0258948 0.2696 1203.8 3
0.0421599 -0.0256982 0.27 1385 3
0.0494876 -0.0259915 0.27 1217.25 3
0.0512316 -0.0260706 0.269 1205 3
0.0525165 -0.0267719 0.269 1178 3
0.0393756 -0.0250186 0.269 941 3
0.040887 -0.0250496 0.269333 1278 3
0.0430393 -0.0251116 0.27 1350.75 3
0.0454608 -0.0248339 0.269714 1320 3
0.0472601 -0.0247264 0.269 1261.83 3
0.0330737 -0.0195388 0.27 1048 3
0.0341192 -0.0194664 0.269 1425.5 3
0.0409959 -0.0297298 0.272 598.75 3
0.0532012 -0.0299149 0.271 644 3
0.0412576 -0.0282298 0.271778 978.556 3
0.0428265 -0.0280161 0.272 1840 3
0.0451297 -0.0276615 0.272 1753.25 3
0.0495589 -0.0276615 0.272 1207 3
0.051204 -0.0275937 0.271333 1187 3
0.0530288 -0.02869 0.27125 882.5 3
0.0413249 -0.0268487 0.27125 1178.25 3
0.0432461 -0.0264121 0.2713 1596.2 3
0.0452067 -0.0264809 0.2714 1518.9 3
0.0473173 -0.0260878 0.271 1286.62 3
0.0495589 -0.0270705 0.272 1213.33 3
0.051204 -0.0270042 0.271333 1192.67 3
0.0331962 -0.0184336 0.271 1387 3
0.0343729 -0.0184336 0.271 1483 3
0.0453207 -0.0322522 0.274429 897.714 3
0.0465231 -0.0321489 0.275 1049 3
0.0521952 -0.0315514 0.275 1026.5 3
0.0530908 -0.0315514 0.275 796 3
0.0429646 -0.0304607 0.27325 1354.19 3
0.0451556 -0.0304927 0.274273 1486.64 3
0.0470348 -0.0301858 0.275 1227 3
0.0516416 -0.0301933 0.2746 1110.4 3
0.0529621 -0.0302836 0.274333 1000.67 3
0.0435175 -0.0286529 0.273 2038.25 3
0.045055 -0.0286878 0.273333 1849.33 3
0.04728 -0.0284866 0.273727 1345.45 3
0.049218 -0.0286158 0.273857 1205 3
0.0513156 -0.0287054 0.2735 1146 3
0.0473702 -0.02717 0.273 1345.67 3
0.0485556 -0.02717 0.273 1262 3
0.0325521 -0.0173834 0.273 986.833 3
0.0348044 -0.0176206 0.273 1453.6 3
0.0364048 -0.0179765 0.273 1071.62 3
0.0326117 -0.0156314 0.2735 1316.5 3
0.0346445 -0.0157534 0.274143 1419.64 3
0.0363063 -0.0156886 0.2745 692.25 3
0.0311841 -0.0135775 0.274 694.167 3
0.032738 -0.0136046 0.274556 1540 3
0.0339847 -0.0136271 0.275 1522 3
0.0307962 -0.011395 0.274714 968.286 3
0.0323427 -0.0115359 0.275 1597.67 3
0.0339847 -0.0124321 0.275 1530 3
0.0304023 -0.00944473 0.275 1154.89 3
0.0321935 -0.00944473 0.275 1728.89 3
0.0303293 -0.00733573 0.274333 1635.75 3
0.0323641 -0.00726821 0.275 1867.21 3
0.0339847 -0.00675608 0.275 1878.5 3
0.0288044 -0.00524325 0.274 982.167 3
0.0305891 -0.00524325 0.274 1788.5 3
0.0326983 -0.00524774 0.274222 1721 3
0.0345398 -0.00525673 0.274667 1650.67 3
0.0360744 -0.00556112 0.275 1630.25 3
0.0288045 -0.00345733 0.274 1293.67 3
0.0305891 -0.00345733 0.274 1539.83 3
0.0326713 -0.00405264 0.274 1563.33 3
0.034456 -0.00405264 0.274 1615.67 3
0.0475911 -0.0322658 0.276 1009.67 3
0.0492451 -0.0322294 0.2762 1003.1 3
0.051223 -0.0324093 0.2762 947.8 3
0.0475911 -0.0310665 0.276 1122 3
0.0493888 -0.0304668 0.276 1116.33 3
0.0511865 -0.0310665 0.276 1105.5 3
0.0350494 -0.0136924 0.276333 1449.83 3
0.0363368 -0.0140271 0.277 788.75 3
0.033509 -0.011278 0.276 1603.67 3
0.0348542 -0.0115266 0.276727 1682.73 3
0.033509 -0.00947907 0.276 1749.67 3
0.0347921 -0.00950196 0.276667 1882.22 3
0.033509 -0.00797994 0.276 1896.5 3
0.0348781 -0.00751179 0.2764 1882.4 3
0.0364647 -0.00727685 0.2766 1748.2 3
0.038141 -0.00680522 0.277 1432.75 3
0.0374041 -0.00558134 0.276 1529.25 3
0.0383029 -0.00558134 0.276 1426.5 3
0.0370112 -0.0135341 0.278 825.2 3
0.0388404 -0.0129767 0.279 882.2 3
0.0405365 -0.012916 0.279 663.5 3
0.0368034 -0.011672 0.27825 1926.17 3
0.038645 -0.0115173 0.2789 2000.1 3
0.0408394 -0.0114006 0.279 1454.33 3
0.0423538 -0.0114006 0.279 828 3
0.0367847 -0.00955183 0.278111 1979.78 3
0.0386889 -0.00957472 0.278778 1843.78 3
0.0408394 -0.00958211 0.279 1511.08 3
0.0423538 -0.00958212 0.279 1155.33 3
0.0373733 -0.00803777 0.278 1741 3
0.0390835 -0.00763511 0.278 1423.42 3
0.0408741 -0.00755458 0.278 1246.6 3
0.042202 -0.00803777 0.278 1104 3
0.0394858 -0.00562179 0.278 1387.5 3
