0.0498503 0.0167268 0.207 2783.33 3
0.0494758 0.0179261 0.207 2696.39 3
0.0494009 0.0189755 0.207 2029.6 3
0.0514664 0.014391 0.209 2590.38 3
0.0526008 0.014391 0.209 2250.5 3
0.0396684 0.0152991 0.209 2661 3
0.0471556 0.0162073 0.209 2829.7 3
0.0494197 0.0157692 0.208556 2826.83 3
0.0513744 0.0157241 0.208625 2515.44 3
0.0530546 0.0157532 0.209 1953.17 3
0.0452649 0.0177209 0.209 2885.75 3
0.0472241 0.0175982 0.208308 2846.73 3
0.0489621 0.0170336 0.208 2868.75 3
0.0515619 0.0177517 0.208467 2179.53 3
0.0526008 0.0177966 0.209 1899.8 3
0.0471557 0.0190672 0.208 1640 3
0.0515636 0.019548 0.209 1829.14 3
0.0526008 0.0191588 0.209 1901 3
0.0409282 0.0102218 0.212 2766.2 3
0.042309 0.0102218 0.212 3006 3
0.0556573 0.00999151 0.212 2363.1 3
0.0570381 0.00999151 0.212 2322 3
0.0394844 0.0122752 0.211667 2746.33 3
0.0409579 0.0115284 0.211739 2793.48 3
0.0428111 0.0119805 0.212 3162.09 3
0.045531 0.0125248 0.212 2953 3
0.0473722 0.0125248 0.212 2783 3
0.0494434 0.0125248 0.212 2685.25 3
0.0516989 0.0121318 0.211727 2725 3
0.0535484 0.0116214 0.211261 2677.65 3
0.0556754 0.0115175 0.211591 2064.77 3
0.0570381 0.0116036 0.212 1845.6 3
0.037476 0.0141369 0.212 2465.75 3
0.03885 0.013821 0.21072 2754.24 3
0.0409862 0.0138566 0.210348 2822.96 3
0.0431037 0.0136055 0.211118 3261.29 3
0.0450824 0.0135894 0.211294 2963.06 3
0.0473101 0.0137793 0.210958 2766.21 3
0.0494377 0.0138063 0.210818 2706 3
0.0513713 0.0134862 0.210529 2704.53 3
0.0535884 0.013665 0.210158 2451.63 3
0.0555849 0.0136787 0.211 2045.24 3
0.0570381 0.0136763 0.212 1683.5 3
0.0354048 0.0166702 0.212 2860 3
0.0369524 0.0159221 0.211412 2657.71 3
0.038617 0.0158793 0.21 2954.5 3
0.0410993 0.0158793 0.21 3049.33 3
0.0431526 0.0156364 0.2105 3038.9 3
0.0451523 0.0156684 0.210417 2880.92 3
0.0472218 0.0152306 0.210231 2838.08 3
0.048749 0.0153723 0.21 2746.5 3
0.0542203 0.0158286 0.21 2031.5 3
0.0556754 0.0157267 0.211053 2206.11 3
0.0570381 0.015749 0.212 1995.8 3
0.0354048 0.0178217 0.212 2829.5 3
0.0367149 0.0177881 0.2116 2915.75 3
0.0387907 0.0176872 0.2104 3204.25 3
0.040998 0.0176536 0.21 3108.15 3
0.0430497 0.0176536 0.21 2930.75 3
0.0445316 0.0174255 0.21 2889.75 3
0.0538504 0.0179101 0.210333 1830.67 3
0.0556625 0.0178087 0.211667 2029.33 3
0.0570381 0.0173611 0.212 2182.5 3
0.0523966 0.0199349 0.21 1818 3
0.0535974 0.0200842 0.211 1848.85 3
0.0553726 0.0196283 0.211889 1882.89 3
0.053586 0.0212762 0.212 1710.25 3
0.0434051 0.00776105 0.214 2522.5 3
0.0394558 0.00985329 0.214 2230.67 3
0.0407778 0.00923852 0.213368 2438.68 3
0.0428921 0.00930432 0.213211 2710.16 3
0.0447216 0.0096983 0.214 2760.75 3
0.0501422 0.0103182 0.214 2754 3
0.0515361 0.0103182 0.214 2711.6 3
0.0537328 0.00971349 0.2135 2696.81 3
0.0556304 0.00890893 0.213667 2541.67 3
0.0577896 0.00919152 0.2135 2321.12 3
0.0592024 0.0100858 0.214 1831.5 3
0.0375973 0.012178 0.214 2227 3
0.0389196 0.0117144 0.213429 2561.93 3
0.0399204 0.0107832 0.214 2561 3
0.0434335 0.0111956 0.213 2959.11 3
0.0450952 0.0115786 0.213444 3012.44 3
0.0472507 0.0116868 0.213533 2865.4 3
0.0494918 0.0116449 0.213333 2723.93 3
0.051263 0.011236 0.213143 2720.86 3
0.0526826 0.0109642 0.213 2714.5 3
0.0580009 0.0116584 0.213 2084.9 3
0.0592024 0.0114806 0.214 2217.62 3
0.0367225 0.0137638 0.2136 2410.13 3
0.0379434 0.0130664 0.213333 2335 3
0.0580008 0.0137408 0.213 1677 3
0.0592024 0.0128755 0.214 2170 3
0.034804 0.0159452 0.2134 2742.55 3
0.0363811 0.0153605 0.213 2574.62 3
0.0580689 0.015611 0.21325 1732.5 3
0.0310925 0.0182223 0.214 2662.33 3
0.0326331 0.0179776 0.214 2703.47 3
0.0344156 0.0179058 0.213 2771.81 3
0.0579311 0.017932 0.213714 2060.93 3
0.0310925 0.0191522 0.214 1910 3
0.0317895 0.0191522 0.214 1916.5 3
0.056151 0.0202197 0.213 1890 3
0.0572099 0.0198043 0.2135 2142.25 3
0.05595 0.0212445 0.214 1862.5 3
0.0520007 0.0335656 0.214 2911 3
0.0533946 0.0335656 0.214 2631.67 3
0.0480514 0.0349604 0.214 2406.33 3
0.0494453 0.0349604 0.214 2585.25 3
0.0516135 0.0348054 0.214 2767.72 3
0.0533946 0.0347279 0.214 2315 3
0.0480514 0.0358903 0.214 1126.5 3
0.0494453 0.0363553 0.214 1195.75 3
0.0512263 0.0362003 0.214 1832.33 3
0.0533946 0.0358903 0.214 1819 3
0.0438108 0.00595641 0.216 2514.25 3
0.0574109 0.00595641 0.216 2498.5 3
0.0414352 0.00763135 0.2156 2350.4 3
0.0429836 0.0071528 0.215714 2559.21 3
0.0450279 0.00741578 0.215571 2680.64 3
0.0468591 0.00783357 0.216 3025.5 3
0.0515488 0.00783357 0.216 2731.2 3
0.0538619 0.00747707 0.215875 2623.75 3
0.0556398 0.00734615 0.2155 2590.62 3
0.0577453 0.00734615 0.2155 2397.5 3
0.0595212 0.00752071 0.216 1552.83 3
0.03894 0.0103665 0.215 2366 3
0.0456307 0.00904296 0.215 3048.5 3
0.0474304 0.00944848 0.2154 3046.6 3
0.0493988 0.00946824 0.215364 2832.91 3
0.0514661 0.00915579 0.215222 2763.11 3
0.0532707 0.0089184 0.215 2710.7 3
0.0599536 0.00940044 0.215167 1344 3
0.0609281 0.00924146 0.216 1107.5 3
0.03669 0.0122634 0.2155 2523 3
0.0384354 0.0113365 0.215667 2289.83 3
0.0473423 0.0108336 0.215 2905 3
0.0492095 0.0108336 0.215 2739 3
0.0604127 0.0115342 0.215 1638.25 3
0.0613971 0.0111187 0.216 1137.5 3
0.033259 0.0144037 0.216 2568 3
0.0346983 0.0139568 0.215556 2603.56 3
0.0364146 0.0130672 0.21525 2554.62 3
0.0598711 0.0138481 0.2154 2013.8 3
0.0609281 0.013465 0.216 2077.5 3
0.0241141 0.0162808 0.216 2663.88 3
0.0262245 0.0162808 0.216 2654.3 3
0.0283348 0.0162809 0.216 2707.88 3
0.0306015 0.0161244 0.216 2689.58 3
0.0326978 0.0157672 0.2154 2669.4 3
0.034272 0.0152713 0.215 2657 3
0.0594791 0.0157383 0.215 1639.75 3
0.0227072 0.0176887 0.216 2715.75 3
0.0242796 0.0176396 0.2154 2722.1 3
0.0263227 0.0176755 0.215 2712.53 3
0.0284979 0.0177591 0.215 2713.57 3
0.030414 0.0177579 0.215 2718.53 3
0.0321714 0.0171397 0.215 2816 3
0.0595897 0.0178749 0.2154 1713.7 3
0.026103 0.0192417 0.215 1643 3
0.0289038 0.0192417 0.215 1823 3
0.0303042 0.0192417 0.215 1901.67 3
0.0585455 0.0199424 0.215 2246 3
0.0597557 0.0200351 0.216 2001.12 3
0.056004 0.0223816 0.216 1819.75 3
0.057838 0.0219204 0.215556 2110.06 3
0.0592868 0.0219123 0.216 2324.75 3
0.048266 0.0331753 0.216 2900 3
0.0494384 0.0331753 0.216 2881.75 3
0.0516806 0.0328633 0.215714 2929.57 3
0.0536508 0.0326729 0.215444 2767.39 3
0.0555989 0.0326171 0.215857 1987.43 3
0.0440453 0.0350525 0.216 2489 3
0.0454556 0.0349858 0.215833 2471.5 3
0.0471235 0.0346211 0.215476 2639.62 3
0.0494429 0.0339559 0.215 2913 3
0.0510767 0.033956 0.215 2958 3
0.0545777 0.0346567 0.215 1929.2 3
0.0555846 0.0345552 0.215583 1496.58 3
0.0435763 0.0359911 0.216 988 3
0.0452229 0.0360078 0.21575 1045.5 3
0.0471089 0.036058 0.215 915.333 3
0.0518968 0.0371962 0.2155 1761.5 3
0.0535769 0.036974 0.215308 1720.54 3
0.0550617 0.0367553 0.2158 1444.8 3
0.0517832 0.0381029 0.216 1540.5 3
0.0536591 0.0381029 0.216 1693.25 3
0.0494229 0.00388019 0.218 2927 3
0.0558125 0.00388019 0.218 2417.67 3
0.0577058 0.00388019 0.218 2428.6 3
0.0598357 0.00388019 0.218 2017.25 3
0.0432699 0.00601156 0.218 2396 3
0.0453269 0.00580005 0.2172 2689.4 3
0.0473743 0.00548223 0.217889 2799.78 3
0.0494229 0.00540636 0.218 3170.56 3
0.0515527 0.00553792 0.218 2763.6 3
0.0535595 0.00552414 0.2175 2562.5 3
0.0556561 0.00536745 0.217391 2503.09 3
0.0576879 0.00477674 0.217385 2481.92 3
0.0596714 0.00528543 0.2174 1885.8 3
0.0612556 0.00553793 0.218 1106.75 3
0.0413765 0.00695883 0.218 2204.75 3
0.0461337 0.00692692 0.217 2870 3
0.0474529 0.0071155 0.217 2952.6 3
0.0494317 0.00739838 0.217 2958.75 3
0.0515518 0.00692692 0.217 2745.75 3
0.0529652 0.00692691 0.217 2647.75 3
0.0602679 0.00724122 0.217 1330.67 3
0.0617214 0.00722908 0.217833 1085.42 3
0.0388075 0.00991513 0.2174 2452.5 3
0.0404299 0.00885338 0.218 2092.5 3
0.0607391 0.00857704 0.217 1134 3
0.0616813 0.00944139 0.217 1094.17 3
0.0330936 0.0124057 0.218 2553 3
0.0348441 0.0119623 0.2177 2549.3 3
0.0367346 0.0113741 0.217471 2524.06 3
0.0380933 0.0108412 0.2175 2411.75 3
0.0616813 0.012113 0.217 1293.5 3
0.0248106 0.0143002 0.218 2595 3
0.0262306 0.0143002 0.218 2562.5 3
0.0283605 0.0143002 0.218 2571.4 3
0.0307271 0.013945 0.218 2566.5 3
0.0325596 0.0135941 0.217412 2563.71 3
0.0343813 0.0130658 0.217167 2583.33 3
0.0357687 0.0128202 0.217 2622 3
0.0618235 0.0135597 0.2175 1782.25 3
0.018421 0.0164316 0.218 2742 3
0.0200775 0.0164316 0.218 2691.75 3
0.022156 0.0160387 0.2175 2661 3
0.0241446 0.0153185 0.217333 2639 3
0.0263129 0.0152306 0.217286 2618.64 3
0.0284254 0.0151673 0.217385 2629.38 3
0.0303972 0.0152001 0.217333 2614 3
0.0322351 0.0147061 0.217 2565.25 3
0.0607391 0.015649 0.217 1886.2 3
0.0616161 0.0156927 0.2176 2115.1 3
0.016291 0.0178525 0.218 2662.88 3
0.0179303 0.0178361 0.2178 2655.85 3
0.0199855 0.0177706 0.217 2703.12 3
0.0216345 0.0177706 0.217 2687.67 3
0.0607391 0.0177706 0.217 1571 3
0.061729 0.017142 0.218 1829.5 3
0.0607391 0.0198922 0.217 1719 3
0.0553209 0.0224853 0.217 1746 3
0.0602961 0.0222386 0.217667 2227.83 3
0.061019 0.0221152 0.218 1918.75 3
0.0578085 0.0234821 0.2175 2067 3
0.0593954 0.0238719 0.2176 2379.9 3
0.0517888 0.0311276 0.217857 2912.71 3
0.0536006 0.0308296 0.217667 2929.42 3
0.0556641 0.0307033 0.217667 2782.27 3
0.0572663 0.0303362 0.218 2195.71 3
0.0437431 0.0332457 0.218 2891.5 3
0.0454866 0.0332734 0.217667 2920.67 3
0.0473012 0.032888 0.217556 2926.67 3
0.0495215 0.0324457 0.2174 2917.3 3
0.0514019 0.0321176 0.217364 2924.82 3
0.0534364 0.0316788 0.217 2911.25 3
0.0555565 0.0316788 0.217 2524.2 3
0.0572927 0.0325252 0.217714 1448.71 3
0.03972 0.035377 0.218 2140 3
0.0410919 0.0349813 0.21775 2470.44 3
0.0430793 0.0346411 0.2174 2675.7 3
0.0450249 0.0340877 0.217333 2898.5 3
0.0570328 0.0349823 0.2176 1261.6 3
0.0416579 0.0361577 0.217 844.25 3
0.0426002 0.0361577 0.217 910.5 3
0.0561568 0.0367146 0.2175 1344.5 3
0.0524994 0.0391661 0.218 1621 3
0.0536123 0.0392619 0.217455 1666.91 3
0.0553797 0.0385748 0.2176 1406.7 3
0.0587129 -0.00062504 0.22 2031.5 3
0.0591905 -0.00062504 0.22 1998.5 3
0.0493986 0.00200386 0.22 2504.25 3
0.0508316 0.00200386 0.22 2471.5 3
0.0560858 0.00200386 0.22 2362 3
0.0580228 0.00141257 0.219615 2356.31 3
0.0597849 0.00104477 0.21955 2289.4 3
0.0613058 0.00132103 0.22 1824.86 3
0.0458162 0.00391579 0.22 2322 3
0.0473297 0.0034691 0.219692 2398.08 3
0.0493807 0.00314495 0.219235 2741.41 3
0.0513126 0.00330511 0.219167 2547.58 3
0.0534572 0.00339858 0.219714 2509.21 3
0.0556332 0.00319004 0.219429 2405.86 3
0.0576812 0.00291151 0.219154 2397.85 3
0.0598242 0.00298116 0.219071 2176.79 3
0.0618902 0.00319585 0.219833 1249.5 3
0.0630117 0.00343781 0.22 909.333 3
0.0417561 0.00582772 0.22 2355 3
0.0430921 0.00557494 0.2195 2284 3
0.0452986 0.00502076 0.219556 2476.44 3
0.0470765 0.0043778 0.2192 2456.8 3
0.0492533 0.0043738 0.219 2995.33 3
0.0515515 0.0043738 0.219 2672.75 3
0.0534534 0.0043738 0.219 2545.25 3
0.0548799 0.0043738 0.219 2467 3
0.0623189 0.00524073 0.219091 1042.18 3
0.0630117 0.00439378 0.22 942 3
0.0391291 0.00797864 0.22 2465.17 3
0.040717 0.00735843 0.219333 2237.5 3
0.0624876 0.00818028 0.219 1091.5 3
0.0634894 0.00797864 0.22 1064 3
0.0368985 0.00952647 0.219875 2543.25 3
0.0386055 0.00909244 0.2192 2510.9 3
0.0399022 0.00889399 0.219 2262.5 3
0.0624876 0.00865609 0.219 1092 3
0.0633302 0.00957193 0.22 1065.5 3
0.0247995 0.0125195 0.22 2499 3
0.0262324 0.0125195 0.22 2504.4 3
0.0283819 0.0125195 0.22 2520.25 3
0.0308182 0.0121882 0.219778 2523.78 3
0.032685 0.0116083 0.219571 2503.71 3
0.0345124 0.0110832 0.219286 2494.57 3
0.0360983 0.0107972 0.219 2520 3
0.0627253 0.0117489 0.219 1092.25 3
0.0636128 0.0117332 0.2196 1024.9 3
0.0104699 0.0144314 0.22 2687 3
0.011664 0.0144314 0.22 2593.75 3
0.0135746 0.0144314 0.22 2893.25 3
0.0158833 0.0144314 0.22 2916.67 3
0.0178735 0.0144314 0.22 2700.75 3
0.0200229 0.0144314 0.22 2583.4 3
0.0222851 0.0139815 0.2197 2538.1 3
0.0241978 0.013785 0.2195 2541.71 3
0.0263054 0.0134003 0.219385 2529.08 3
0.0282959 0.0134339 0.219333 2558.75 3
0.0301704 0.0133438 0.219273 2571.64 3
0.0320567 0.0129384 0.219 2538 3
0.0627253 0.0136521 0.219 1422.5 3
0.064021 0.0136283 0.219714 1015.93 3
0.0654 0.0132365 0.22 797.5 3
0.0102311 0.0158653 0.22 2792.83 3
0.011664 0.0156264 0.22 2711.38 3
0.0136091 0.0156878 0.219882 2932.65 3
0.0157138 0.0159157 0.219565 2842.7 3
0.0176937 0.0156317 0.21925 2740.62 3
0.0199623 0.01534 0.219333 2649.33 3
0.0218501 0.0150908 0.219167 2606.5 3
0.0237358 0.0148416 0.219 2596.67 3
0.063967 0.0156264 0.22 1439.85 3
0.0654 0.0156264 0.22 861.5 3
0.00999223 0.0177773 0.22 2801.6 3
0.0116527 0.0177609 0.2198 2810.3 3
0.013485 0.0177586 0.219158 2747.37 3
0.0151771 0.0179344 0.219 2653.58 3
0.0620121 0.0181723 0.219 1632 3
0.0637282 0.0177773 0.22 1877.65 3
0.0154852 0.0194502 0.22 1696.25 3
0.0620121 0.0198376 0.219 1571.5 3
0.0634416 0.0197848 0.22 1790 3
0.0621254 0.0220202 0.2194 1593.9 3
0.0632505 0.0211232 0.22 1649.5 3
0.0574394 0.0243868 0.219571 2443.79 3
0.0601441 0.0242898 0.219 2427.14 3
0.0618748 0.0242429 0.219615 1998.77 3
0.0580455 0.0262361 0.219929 2897.43 3
0.0598389 0.0261131 0.21975 2713.06 3
0.0615788 0.0257835 0.22 2464.62 3
0.0520257 0.0292489 0.22 2839 3
0.0534587 0.0290099 0.22 2846.3 3
0.0556554 0.028541 0.219667 2913.11 3
0.0577257 0.0281736 0.219565 2763.26 3
0.0597203 0.0280812 0.21975 2072.62 3
0.0474717 0.0312562 0.219556 2910.44 3
0.0494037 0.0311423 0.219615 2896.23 3
0.0514968 0.0304042 0.219333 2867.44 3
0.0534534 0.0298296 0.219 2910.62 3
0.0553554 0.0298296 0.219 2968 3
0.058446 0.0305433 0.219 1639.8 3
0.0594293 0.0299658 0.22 1581.25 3
0.0415173 0.0333117 0.22 2881 3
0.0429746 0.0331907 0.219429 2865.86 3
0.04518 0.0325535 0.219231 2908.38 3
0.0469461 0.0319398 0.219333 2927.5 3
0.0494118 0.0319708 0.219 2919.4 3
0.0582875 0.0328431 0.219 1310.33 3
0.0345913 0.0352236 0.22 2353 3
0.0367152 0.0347216 0.21985 2644.9 3
0.0388018 0.0346656 0.2195 2723.19 3
0.0405971 0.034243 0.219333 2880.44 3
0.0427551 0.033874 0.219 2858.33 3
0.0584076 0.034707 0.21975 1261 3
0.0331584 0.0361796 0.22 762.75 3
0.0345913 0.0361796 0.22 885.5 3
0.036497 0.0359386 0.2195 1326 3
0.0387135 0.0357772 0.219 1680.25 3
0.0575006 0.0367616 0.2192 1248.7 3
0.0520257 0.0395255 0.22 1158 3
0.0525034 0.0395255 0.22 1338 3
0.0561326 0.039391 0.21925 1367.5 3
0.0572799 0.0388085 0.22 1307.75 3
0.0517869 0.0410391 0.22 613.667 3
0.0532375 0.0410883 0.219182 1486.5 3
0.0553358 0.0407767 0.219444 1441.89 3
0.0568022 0.0402425 0.22 1390 3
0.0520257 0.0431103 0.22 655 3
0.0534132 0.0432924 0.22 1432.76 3
0.0548916 0.0431103 0.22 1368.2 3
0.0534587 0.0447833 0.22 1492.33 3
0.0577931 -0.000951326 0.221667 2111.75 3
0.0473801 0.00181146 0.221571 2152.14 3
0.0493358 0.00135928 0.221182 2381.64 3
0.051825 0.00144146 0.2218 2324.3 3
0.0536231 0.00153671 0.221667 2394.58 3
0.0557226 0.00131128 0.221533 2332.47 3
0.0575083 0.000607018 0.221143 2302.71 3
0.0621786 0.00094596 0.221 1540.11 3
0.0632982 0.00201297 0.221 931 3
0.0433408 0.00395139 0.222 2304.67 3
0.0453812 0.00357933 0.221375 2310.88 3
0.0469068 0.00270213 0.221286 2217.14 3
0.0484236 0.00249313 0.221 2536 3
0.0520223 0.00249313 0.221 2469.5 3
0.0534618 0.00249313 0.221 2452.25 3
0.0551411 0.00249313 0.221 2374 3
0.0628183 0.00249313 0.221 1006 3
0.0632982 0.00249313 0.221 902 3
0.0392438 0.0058807 0.222 2470.5 3
0.0410488 0.00543666 0.2216 2411.2 3
0.0428907 0.00490056 0.221333 2307.11 3
0.0448748 0.00441874 0.22125 2354.25 3
0.0353878 0.00805117 0.222 2470.5 3
0.0369384 0.00771754 0.221667 2472.42 3
0.0387424 0.00721621 0.221375 2469.31 3
0.0404869 0.006584 0.221333 2410.17 3
0.0644977 0.00825499 0.221 1004.5 3
0.0309294 0.00973934 0.222 2488.5 3
0.0325963 0.00954177 0.221778 2477.17 3
0.034702 0.00942459 0.221556 2475.72 3
0.0361881 0.00897522 0.221 2495.5 3
0.0644977 0.00945537 0.221 1023.12 3
0.0657535 0.0102217 0.222 895.5 3
0.0117683 0.0122128 0.221545 2486.45 3
0.0136157 0.0120916 0.221727 2847.36 3
0.015385 0.0119098 0.222 2989.33 3
0.0222207 0.0120636 0.221769 2517.08 3
0.0242863 0.011668 0.221471 2472.76 3
0.0261708 0.0114006 0.2215 2456.81 3
0.0283349 0.0114006 0.2215 2486.5 3
0.0303466 0.0113145 0.221143 2467.86 3
0.0321096 0.0108958 0.221 2444.83 3
0.0644977 0.0111359 0.221 1017 3
0.0655166 0.0116257 0.2212 874.5 3
0.00967402 0.0137478 0.221833 2464 3
0.0114771 0.0135367 0.221 2538.47 3
0.0137017 0.0134717 0.221154 2912.08 3
0.0157037 0.0134879 0.2214 3037.4 3
0.017866 0.0132755 0.221556 2720.94 3
0.019919 0.0133256 0.2215 2575.38 3
0.0216758 0.0132522 0.221364 2512.73 3
0.0239526 0.0130565 0.221 2505.33 3
0.0059861 0.0164919 0.222 2466.5 3
0.00767309 0.0161302 0.222 2453 3
0.00926649 0.0156245 0.221429 2489.21 3
0.0155556 0.0149772 0.221 2912.5 3
0.00188914 0.0184212 0.222 2340 3
0.00309413 0.0184212 0.222 2375.75 3
0.00548804 0.0178424 0.222 2526.67 3
0.00741157 0.0178893 0.2214 2501.1 3
0.00883809 0.0178581 0.221 2627.4 3
0.0654574 0.0178581 0.221 1161.2 3
0.00188914 0.0189035 0.222 2008 3
0.00309413 0.0189035 0.222 1905.25 3
0.00526311 0.0189035 0.222 1892.8 3
0.064595 0.0202902 0.221333 1888.5 3
0.0655314 0.0200423 0.22125 1342.88 3
0.063851 0.0219634 0.22125 1625.25 3
0.0657535 0.0213152 0.222 1494.5 3
0.0559862 0.0243952 0.2215 2570.12 3
0.0635381 0.0233799 0.221 1490 3
0.0544267 0.026862 0.222 2855.5 3
0.0558664 0.0263804 0.221556 2877.72 3
0.0573003 0.0260207 0.221 2888.83 3
0.0623103 0.0265869 0.221143 1991.57 3
0.0631026 0.0271031 0.222 1714 3
0.0500887 0.0287912 0.222 2839.5 3
0.0515786 0.0285919 0.2215 2851.33 3
0.0535822 0.028004 0.2215 2836.58 3
0.0553468 0.027667 0.221 2902.57 3
0.0606591 0.0291418 0.221 1684.25 3
0.0617921 0.0281442 0.221333 1715.22 3
0.0631026 0.0275854 0.222 1631 3
0.0430998 0.0314441 0.222 2882 3
0.0453071 0.0310753 0.221667 2894.67 3
0.0472584 0.0305956 0.221769 2868.69 3
0.0494418 0.0299729 0.221571 2829.71 3
0.0507387 0.0299063 0.221333 2834.33 3
0.0601961 0.0308915 0.2215 1432.25 3
0.0614156 0.0303186 0.222 1633.83 3
0.0332188 0.0333734 0.222 2794 3
0.0346648 0.0333734 0.222 2806.4 3
0.0367785 0.032841 0.221667 2858.42 3
0.0387869 0.0328704 0.221615 2869.23 3
0.0407975 0.0326964 0.2215 2885.25 3
0.0429704 0.0323107 0.221333 2879.92 3
0.0448151 0.0320586 0.22125 2897.75 3
0.0598981 0.0324358 0.2212 1341.3 3
0.0611746 0.0321676 0.222 1523 3
0.0312909 0.0348204 0.222 2699.67 3
0.032777 0.0348038 0.221556 2620.11 3
0.0347164 0.0342051 0.221385 2798.77 3
0.0366679 0.0337032 0.221 2844 3
0.0388271 0.0337032 0.221 2819.8 3
0.0405065 0.0337032 0.221 2877 3
0.0599696 0.0345792 0.222 1317.88 3
0.0293629 0.0365085 0.222 536 3
0.0306169 0.0363916 0.221778 720.778 3
0.032158 0.0361577 0.221333 1057.44 3
0.0587646 0.037232 0.222 1214.33 3
0.0592466 0.037232 0.222 1200.33 3
0.051698 0.0391018 0.221667 1193.17 3
0.0582219 0.0389582 0.2214 1305.2 3
0.0592466 0.0384379 0.222 1234.5 3
0.0515424 0.0404254 0.221 689.5 3
0.0562208 0.0415057 0.221 1408 3
0.0577145 0.0406266 0.221667 1383.33 3
0.0558609 0.0430662 0.221 1333.12 3
0.0570776 0.0430199 0.222 1315.8 3
0.0522622 0.045467 0.221 549.75 3
0.0533178 0.0457551 0.221 1225 3
0.055549 0.045395 0.221 1123.3 3
0.0570733 0.0451987 0.22175 793.25 3
0.0522622 0.0469075 0.221 378.5 3
0.0535935 0.0471627 0.221273 1170.27 3
0.0553348 0.0470946 0.2212 942 3
0.0539447 0.0483255 0.222 937 3
0.0551496 0.0483255 0.222 821 3
0.0571055 -0.00258309 0.224 2008.5 3
0.0564923 -0.000634984 0.2235 2172.5 3
0.0571012 -0.00128435 0.223667 2151 3
0.0454387 0.00183042 0.223857 2247 3
0.0474346 0.000982915 0.2235 2112.58 3
0.0495221 0.000336641 0.2238 2096.5 3
0.0515833 0.000335813 0.22325 2126.5 3
0.0537011 0.000336941 0.224 2253.38 3
0.0554594 0.000335813 0.22325 2283.25 3
0.0636289 0.000819938 0.223 1139 3
0.0353051 0.00396919 0.223 2014 3
0.0370804 0.00364619 0.223 2113.22 3
0.0388678 0.00362199 0.224 2214.5 3
0.0410563 0.00398699 0.224 2317.75 3
0.0430588 0.00337326 0.223667 2317.17 3
0.0450615 0.0029162 0.223364 2299.91 3
0.0646437 0.00398699 0.224 918 3
0.030357 0.00593368 0.224 2062.5 3
0.0328843 0.00590719 0.223 2096.33 3
0.034777 0.00537864 0.223 2250.55 3
0.0367576 0.00518044 0.223 2339.15 3
0.0389171 0.00508232 0.223286 2374.57 3
0.0407226 0.00482705 0.2235 2351.88 3
0.0423256 0.00445369 0.223 2345.5 3
0.0644994 0.00519043 0.2235 975 3
0.0291411 0.00812371 0.224 2446 3
0.0306171 0.0075504 0.2236 2294.25 3
0.0326804 0.00741169 0.223 2353.11 3
0.0344982 0.00727994 0.223 2450.61 3
0.0364935 0.0067881 0.223 2457.36 3
0.0384522 0.00639169 0.223 2454.5 3
0.0643551 0.00687619 0.223 1027.33 3
0.0660498 0.00832969 0.223 881 3
0.0137295 0.00990067 0.223833 2574.08 3
0.015653 0.00964682 0.223857 2516.29 3
0.017469 0.0100704 0.224 2955.5 3
0.0220892 0.0100704 0.224 2538.75 3
0.0241094 0.00961283 0.223444 2484.56 3
0.0262786 0.00950967 0.223556 2454.5 3
0.0283482 0.00956125 0.2235 2479.56 3
0.030082 0.00938621 0.223167 2477.42 3
0.0660498 0.00929869 0.223 887.833 3
0.00993073 0.0115304 0.224 2219.62 3
0.0113874 0.0112854 0.223286 2441.29 3
0.0137597 0.0109945 0.223 2867.5 3
0.0158416 0.0111883 0.223 2821.7 3
0.0177943 0.0115492 0.223333 2856.44 3
0.0199688 0.0114525 0.223556 2607.94 3
0.0219905 0.0109944 0.223 2514.62 3
0.0234431 0.0109945 0.223 2466 3
-0.000525531 0.0146938 0.224 1065.33 3
0.00117665 0.0146938 0.224 2264.75 3
0.003122 0.0146938 0.224 2373.5 3
0.00531052 0.0146938 0.224 2415.6 3
0.0074931 0.0141962 0.223833 2292.25 3
0.00891807 0.0134169 0.223 2124.25 3
-0.000476897 0.0157645 0.224 1485.1 3
0.00117612 0.0159058 0.223937 2371.12 3
0.00311637 0.015883 0.223625 2415 3
0.00521271 0.0157775 0.223278 2438.78 3
0.00723131 0.015493 0.22325 2409.88 3
-3.91929e-05 0.0171272 0.224 2354 3
0.0013179 0.0175097 0.2233 2510.8 3
0.00310807 0.0175352 0.223 2547.92 3
0.00460898 0.0173414 0.223 2543.8 3
0.014486 0.0197155 0.223 1674 3
0.0149701 0.0197155 0.223 1680.5 3
0.0553407 0.0225766 0.22375 1583.38 3
0.0648393 0.0223802 0.223 1728.33 3
0.0658735 0.022403 0.223222 1548.44 3
0.0541875 0.0249139 0.224 2789 3
0.0552061 0.0239738 0.2234 2418.2 3
0.0642583 0.0243182 0.223 1608.4 3
0.0657132 0.0234016 0.2235 1595.5 3
0.0498105 0.0268606 0.224 2830.5 3
0.0518188 0.0267087 0.22375 2840.75 3
0.0536486 0.0264283 0.223556 2834.83 3
0.054996 0.0258095 0.223333 2827.17 3
0.0644006 0.0266172 0.224 1698.25 3
0.0459197 0.0290506 0.224 2841 3
0.0475409 0.0287262 0.224 2848.83 3
0.0493837 0.0283292 0.2235 2860.6 3
0.051223 0.0276563 0.223444 2853.56 3
0.0629027 0.0284365 0.223 1658 3
0.063904 0.0282279 0.22375 1635.88 3
0.0374088 0.0309974 0.224 2858.5 3
0.0390763 0.0307193 0.224 2856.14 3
0.0409104 0.0308027 0.224 2840.8 3
0.0431958 0.0305977 0.22375 2871.38 3
0.0450049 0.0302243 0.223429 2854.64 3
0.0471672 0.02989 0.223 2824.38 3
0.0622693 0.0306632 0.223333 1688 3
0.0634279 0.0302673 0.224 1665.33 3
0.0314318 0.0335237 0.223 2842 3
0.0328212 0.0331373 0.223667 2820 3
0.0347862 0.0326611 0.2234 2840.3 3
0.0366776 0.0320608 0.2235 2851.83 3
0.0389364 0.0318279 0.223 2882.88 3
0.0408731 0.031828 0.223 2904.88 3
0.0420835 0.0318279 0.223 2906 3
0.0620395 0.0327321 0.223667 1587.75 3
0.0244722 0.0353287 0.224 2191.8 3
0.0263766 0.0348779 0.224 2545.42 3
0.0283604 0.0345844 0.2236 2641.65 3
0.0303307 0.0345273 0.223381 2721.1 3
0.0324001 0.0340082 0.223 2822 3
0.061821 0.034534 0.223714 1431.93 3
0.0242777 0.0361074 0.224 1029.33 3
0.0262231 0.0361074 0.224 1210 3
0.0282847 0.0359462 0.223 1453.25 3
0.0302214 0.0359462 0.223 1621.25 3
0.0602398 0.036673 0.223 1200.88 3
0.0614825 0.0363507 0.224 1327 3
0.060097 0.0390494 0.223667 1266.75 3
0.0583031 0.0415179 0.223 1334.5 3
0.0598781 0.0411308 0.223714 1192.21 3
0.0614825 0.0417041 0.224 686 3
0.0583031 0.0429714 0.223 1222.5 3
0.0595372 0.0431642 0.224 909.5 3
0.0583031 0.044425 0.223 868.75 3
0.0561434 -0.00260616 0.226 2211 3
0.0568794 -0.00309718 0.226 2012 3
0.0473111 -0.000642087 0.226 2117 3
0.049343 -0.000639814 0.2252 2129 3
0.0517382 -0.000967537 0.225333 2144.08 3
0.0535711 -0.00113168 0.2255 2184.81 3
0.0555963 -0.001184 0.225222 2227.22 3
0.0395299 0.00204941 0.225 1686 3
0.0408878 0.00205623 0.22575 2152 3
0.043225 0.00184548 0.225714 2275.29 3
0.0451229 0.000882925 0.225556 2245.78 3
0.0468575 0.000338445 0.225 2171.17 3
0.0649323 0.00204941 0.225 887 3
0.0395299 0.0030271 0.225 2122.67 3
0.0409647 0.00306443 0.225214 2291 3
0.0430626 0.00254502 0.2256 2313.4 3
0.0649323 0.0030271 0.225 881.333 3
0.0656651 0.00400479 0.225 926.5 3
0.0267025 0.00598666 0.226 2350 3
0.0285145 0.00565637 0.225889 2223.67 3
0.0297597 0.00596017 0.225 2107 3
0.0656651 0.00449363 0.225 959 3
0.0143735 0.00764909 0.2258 2349.2 3
0.0158841 0.00744799 0.225667 2429.92 3
0.0176123 0.00769936 0.225833 2912.33 3
0.019833 0.00795073 0.226 2694.75 3
0.0220411 0.00795073 0.226 2477.6 3
0.0242134 0.00744799 0.225667 2353.42 3
0.0262488 0.00730937 0.225714 2373.43 3
0.0282948 0.00715645 0.225421 2389.47 3
0.0297597 0.00693786 0.225 2315.33 3
0.0114649 0.0101378 0.2255 2175.38 3
0.0136265 0.00895924 0.225545 2380.91 3
0.0160814 0.00864882 0.225 2524.5 3
0.0179248 0.00908164 0.225357 3057.07 3
0.0199851 0.00943921 0.225417 2731.21 3
0.0221313 0.00887 0.225385 2523.31 3
0.0241418 0.0084044 0.225 2425.75 3
0.0260959 0.0084044 0.225 2433.25 3
0.0280499 0.0084044 0.225 2454.75 3
0.00192318 0.0121244 0.226 1584.5 3
0.00241386 0.0121244 0.226 2055.5 3
0.007566 0.0121244 0.226 2298.62 3
0.00901804 0.0116065 0.2255 2130.12 3
-3.93678e-05 0.0140261 0.225 1462 3
0.00128659 0.0136071 0.225 1960.43 3
0.00314158 0.013559 0.225375 2332.62 3
0.00510129 0.0135662 0.2255 2382.12 3
0.00713011 0.0132211 0.225167 2335.58 3
-0.000772134 0.0167148 0.225 1432.5 3
-0.000588942 0.0177536 0.225 1851.88 3
0.00081815 0.018345 0.2255 2386.25 3
0.00118716 0.0192442 0.226 2034 3
0.0165699 0.0198922 0.225 1754.5 3
0.0170584 0.0198922 0.225 1793 3
0.0536643 0.0220482 0.225667 1744 3
0.0546736 0.0220921 0.225 1664.6 3
0.0676191 0.0218476 0.225 772.875 3
0.0495191 0.0251364 0.226 2812 3
0.0517705 0.0243854 0.226 2756.76 3
0.0534626 0.0241547 0.225471 2731.47 3
0.0546736 0.0240475 0.225 2628.33 3
0.0663695 0.0245195 0.225538 1469.08 3
0.0679196 0.0236633 0.226 722.833 3
0.0453834 0.02689 0.226 2830.14 3
0.0472585 0.0265794 0.22575 2860.08 3
0.0492764 0.0262831 0.225312 2820.88 3
0.051492 0.0260088 0.225385 2805.62 3
0.0532081 0.025514 0.225 2810 3
0.0647302 0.0258729 0.226 1814.5 3
0.0661322 0.026434 0.226 1567 3
0.0377428 0.0290645 0.226 2795 3
0.0391856 0.0287976 0.225833 2793.83 3
0.0409565 0.0285618 0.225615 2800.38 3
0.0429945 0.0285306 0.225667 2814.33 3
0.0450025 0.0281829 0.2255 2839.94 3
0.0469758 0.0279216 0.2251 2882.6 3
0.0488115 0.0274694 0.225 2877.67 3
0.064688 0.0286915 0.225 1557 3
0.065957 0.027837 0.226 1591 3
0.0349095 0.0310643 0.225667 2861 3
0.0367421 0.0305307 0.225529 2834.06 3
0.0387019 0.029904 0.2253 2820.9 3
0.0412619 0.0298248 0.225 2812.55 3
0.0429494 0.0296692 0.225 2844.17 3
0.0449035 0.0294248 0.225 2839.67 3
0.0644543 0.0303754 0.22525 1561 3
0.0652209 0.0307831 0.226 1516.5 3
0.0244945 0.0332382 0.226 2826.5 3
0.0262668 0.0327543 0.225571 2801.21 3
0.028241 0.03272 0.225444 2824.94 3
0.0304314 0.0326272 0.225555 2835.56 3
0.032331 0.0324869 0.225333 2825 3
0.0344515 0.0319155 0.225333 2866.92 3
0.063711 0.0326023 0.225 1672.38 3
0.0182383 0.0349567 0.226 2419.5 3
0.019939 0.0347139 0.225667 2583.94 3
0.0221063 0.0345874 0.225556 2685.28 3
0.024052 0.0345094 0.225143 2732.57 3
0.0258516 0.0340688 0.225 2808.5 3
0.0627341 0.0352909 0.225 1425 3
0.0639234 0.0346736 0.22575 1460.5 3
0.018524 0.0360242 0.225 944.5 3
0.0199895 0.0360242 0.225 1053.5 3
0.0221878 0.0360242 0.225 1244.62 3
0.0234091 0.0360242 0.225 1351 3
0.062311 0.0369205 0.225333 1387.67 3
0.0635526 0.036528 0.226 1481.4 3
0.0621457 0.0389294 0.225385 1357.85 3
0.0634685 0.0391655 0.226 1519 3
0.0605357 0.0409127 0.225 1227.5 3
0.0618994 0.040762 0.225273 1091 3
0.0637489 0.040849 0.226 659.111 3
0.0605357 0.042868 0.225 824 3
0.0610242 0.042868 0.225 630 3
0.0560209 -0.00460057 0.2275 1949.75 3
0.0479773 -0.00262922 0.228 2125.5 3
0.0492148 -0.00262922 0.228 2132.5 3
0.0514424 -0.00262922 0.228 2145.5 3
0.0536748 -0.00304888 0.227571 2161.57 3
0.0555588 -0.00324014 0.227375 2151.94 3
0.0440171 -0.000647769 0.228 2076.5 3
0.0452752 -0.00107115 0.227571 2131.5 3
0.0472128 -0.00147051 0.2275 2140.67 3
0.0494918 -0.00163131 0.227 2153.38 3
0.0512168 -0.00163131 0.227 2150.33 3
0.0398812 0.00132784 0.227 1343.5 3
0.0409564 0.000835397 0.2275 1861.19 3
0.0429322 0.000712099 0.2275 2229.5 3
0.0443169 0.000341454 0.227 2227 3
0.0662868 0.00101394 0.227857 951.071 3
0.0675307 0.00207673 0.228 842 3
0.0269388 0.00356282 0.228 2122.67 3
0.0278064 0.00404039 0.227 2028.5 3
0.0662488 0.003054 0.227 864.833 3
0.0675307 0.00257209 0.228 832.5 3
0.016046 0.00562471 0.227636 2380.18 3
0.0175829 0.00574242 0.228 2558.8 3
0.020256 0.00603964 0.228 2567 3
0.0219886 0.00603964 0.228 2436.25 3
0.0242963 0.0058122 0.227429 2291.14 3
0.026217 0.00528617 0.227571 2300.36 3
0.0278064 0.00502677 0.227 2206.5 3
0.013678 0.00749272 0.227 2249.67 3
0.0157463 0.00651207 0.2272 2406.8 3
0.0180575 0.00700908 0.227333 2814 3
0.0200122 0.00705218 0.227273 2654.82 3
0.0219243 0.00700908 0.227333 2460.42 3
0.0238429 0.0067218 0.227143 2313.71 3
0.0258349 0.00650634 0.227 2336.5 3
0.0019402 0.0102502 0.228 821.5 3
0.00243522 0.0102502 0.228 1512 3
0.00959089 0.0102277 0.2275 2303.75 3
0.0115666 0.00923919 0.2275 2097.62 3
0.0130209 0.0084791 0.227 2202.5 3
0.0019402 0.0112409 0.228 1182 3
0.00327739 0.0116425 0.227571 2156.93 3
0.00514653 0.0117095 0.2275 2284.81 3
0.00720388 0.0113807 0.2275 2312.75 3
-3.97178e-05 0.0188361 0.227 2116 3
0.000453134 0.0188361 0.227 2308 3
-0.000633886 0.0191993 0.2278 1686 3
0.000453134 0.0193293 0.227 2026 3
0.0422845 0.0206528 0.228 1907 3
0.0492148 0.0206529 0.228 2014 3
0.0506999 0.0206528 0.228 2003 3
0.0477298 0.0226343 0.228 2612 3
0.0492148 0.0221389 0.228 2317.56 3
0.0512061 0.0221398 0.227444 2276.78 3
0.0526954 0.022535 0.227 2446.5 3
0.0457497 0.0246158 0.228 2777.5 3
0.0475226 0.0243173 0.227857 2798.64 3
0.0494509 0.0240059 0.227444 2782.72 3
0.0510936 0.023768 0.227 2745.38 3
0.0682202 0.0247544 0.227 625 3
0.0398812 0.0272204 0.227 2790 3
0.0409041 0.0268049 0.227667 2778.58 3
0.0431622 0.0264896 0.227556 2806.22 3
0.0451554 0.0260435 0.2275 2764.56 3
0.047274 0.0254942 0.227 2838.7 3
0.0487526 0.0254942 0.227 2819.5 3
0.0669881 0.0259874 0.227 1512 3
0.068097 0.0261929 0.227 692.333 3
0.0306515 0.0293217 0.228 2798.67 3
0.0323841 0.0293217 0.228 2766.25 3
0.0346117 0.0293217 0.228 2765 3
0.0367854 0.0287835 0.227667 2779.17 3
0.0388017 0.0280026 0.227471 2798.65 3
0.0411134 0.0277136 0.227 2795 3
0.0430848 0.0277136 0.227 2830 3
0.0666184 0.0286999 0.227 1504.5 3
0.0680739 0.0284958 0.227333 727.667 3
0.0239687 0.0313032 0.228 2771.25 3
0.0264344 0.0308605 0.227727 2804.27 3
0.0283823 0.0307621 0.227667 2816.08 3
0.0304179 0.0305731 0.227733 2838.93 3
0.0324811 0.0305067 0.227316 2817.74 3
0.0346699 0.0301919 0.227385 2831.85 3
0.0366777 0.0296863 0.227 2804.5 3
0.0663947 0.0304942 0.2275 1551 3
0.0678607 0.030395 0.228 986.083 3
0.0140682 0.0332846 0.228 2683.5 3
0.0158008 0.0332846 0.228 2677.4 3
0.0182622 0.0330126 0.227833 2716.17 3
0.0199792 0.0327406 0.227667 2740.83 3
0.0219564 0.0327406 0.227667 2756 3
0.0239822 0.0323413 0.22725 2793.06 3
0.0259725 0.0319103 0.227286 2803 3
0.0282992 0.0316591 0.227 2845 3
0.0302706 0.0316591 0.227 2870.75 3
0.0324885 0.0316591 0.227 2841.8 3
0.0650166 0.0323989 0.227 1469.5 3
0.0661969 0.032494 0.227667 1482.17 3
0.0678607 0.0323764 0.228 929.5 3
0.0115931 0.0347707 0.228 2471.75 3
0.0135881 0.0347779 0.227333 2380.72 3
0.0157454 0.0346478 0.2272 2472.92 3
0.0177224 0.0343265 0.22725 2654.83 3
0.0199207 0.0336318 0.227 2735.75 3
0.0218922 0.0336318 0.227 2750.5 3
0.0233707 0.0336318 0.227 2804 3
0.0650166 0.0343716 0.227 1420.75 3
0.0661969 0.0344726 0.227667 1407.67 3
0.0675307 0.0345231 0.228 1063.75 3
0.0118406 0.036133 0.228 1357.62 3
0.0642774 0.0370842 0.227 1512.5 3
0.0660456 0.0367522 0.228 855.7 3
0.0674812 0.0361578 0.228 418 3
0.0645238 0.0388103 0.227 1494.67 3
0.0658792 0.0385638 0.227 652.875 3
0.0650166 0.0402899 0.227 933 3
0.0655095 0.0402899 0.227 628.5 3
0.0541409 -0.00664996 0.23 1874 3
0.0501459 -0.00465112 0.23 2046.75 3
0.0518105 -0.00498426 0.23 2040.08 3
0.0535248 -0.00514072 0.2295 2028.5 3
0.0548998 -0.00512843 0.229 1991.88 3
0.0452822 -0.00264537 0.2294 2136 3
0.0471684 -0.00321844 0.229571 2124.21 3
0.0492242 -0.00363901 0.2292 2114.9 3
0.0514195 -0.00363583 0.229 2094.38 3
0.0529111 -0.00363583 0.229 2128.75 3
0.0409784 -0.00065061 0.229 1597.38 3
0.043061 -0.00115174 0.2295 2133.44 3
0.0444588 -0.00164568 0.229 2111.25 3
0.068123 0.000845676 0.23 924.5 3
0.0209331 0.00409378 0.23 2196 3
0.0221815 0.00409378 0.23 2213.25 3
0.0244106 0.00384096 0.229833 2261 3
0.0258892 0.00358814 0.229667 2242.33 3
0.0679256 0.00358438 0.229333 842.5 3
0.0136614 0.00607937 0.2295 2091.75 3
0.0151904 0.00534305 0.23 2102.25 3
0.0183199 0.00548767 0.2298 2341.2 3
0.0199537 0.00533698 0.22975 2315.08 3
0.0221172 0.00507771 0.229333 2330.92 3
0.0239559 0.00502729 0.2293 2292.9 3
0.025814 0.00457352 0.229 2278.67 3
0.0664807 0.00533144 0.2295 990.25 3
0.0679358 0.00515566 0.23 945 3
0.00320563 0.00809145 0.23 336 3
0.0119313 0.00770788 0.22975 2110.25 3
0.0133985 0.00694398 0.22925 2097 3
0.0188533 0.00656366 0.229 2513 3
0.0193505 0.00656366 0.229 2518 3
0.00340582 0.0093969 0.229727 1682.73 3
0.00519555 0.00957595 0.229667 2262.58 3
0.00719011 0.00957595 0.229667 2338.58 3
0.00933743 0.00939011 0.229545 2348.45 3
0.0116683 0.00857249 0.2295 2115.25 3
0.00344029 0.010544 0.229 2166.67 3
0.00518047 0.010544 0.229 2281.75 3
0.00716924 0.010544 0.229 2328.75 3
0.00841222 0.010544 0.229 2350 3
0.0416567 0.0205842 0.23 2013.5 3
0.0436542 0.0205842 0.23 2059.5 3
0.0451522 0.0205842 0.23 2079.75 3
0.0473262 0.0207258 0.229111 2039.44 3
0.0416567 0.0220833 0.23 2282.8 3
0.0432103 0.0221943 0.23 2360.78 3
0.0452293 0.0221334 0.229818 2308.68 3
0.0471011 0.0219729 0.2292 2164.47 3
0.0413238 0.0244986 0.23 2763.5 3
0.0431074 0.024305 0.22975 2786.19 3
0.0450913 0.0241407 0.229375 2769 3
0.0469447 0.0237287 0.229 2754.75 3
0.0334172 0.0268306 0.23 2735.5 3
0.0346656 0.0268306 0.23 2762.62 3
0.0368718 0.0264266 0.22975 2752.94 3
0.0388251 0.0262725 0.2295 2768.88 3
0.0407645 0.0257413 0.2292 2780.8 3
0.0427186 0.0257188 0.229 2781.83 3
0.0266758 0.0288293 0.23 2761 3
0.0281739 0.0288294 0.23 2762.12 3
0.0305578 0.0284076 0.229625 2776.19 3
0.0325971 0.028267 0.2295 2745.56 3
0.034571 0.0282519 0.229375 2757.44 3
0.0365865 0.0278748 0.229 2780.83 3
0.0208421 0.0314405 0.229 2707 3
0.0222927 0.0310731 0.2296 2714.2 3
0.0243096 0.0304504 0.229667 2746.42 3
0.0259341 0.030074 0.229333 2755.92 3
0.0283 0.0296991 0.229 2781.6 3
0.0297915 0.0296991 0.229 2779.5 3
0.0688212 0.0311917 0.229 475 3
0.00794959 0.0335766 0.23 2588 3
0.00944768 0.0335766 0.23 2630.6 3
0.0116779 0.0330282 0.229667 2617.83 3
0.0135563 0.0328907 0.2294 2669 3
0.0156556 0.032256 0.2295 2692.94 3
0.0176488 0.032256 0.2295 2702.81 3
0.0198133 0.0318399 0.229889 2728.67 3
0.0220851 0.031938 0.229 2719.75 3
0.00794959 0.034576 0.23 2523 3
0.00952016 0.0346398 0.229647 2516.29 3
0.011644 0.0339282 0.229 2633.5 3
0.0131356 0.0339282 0.229 2668 3
0.0101524 0.0359183 0.229 1591.5 3
0.0518117 -0.00876161 0.233 1818.5 3
0.0499689 -0.00672706 0.232667 1989.5 3
0.0516964 -0.00714045 0.232 1956.21 3
0.0531224 -0.00718075 0.231 1897.42 3
0.0439706 -0.00471179 0.233 2037.5 3
0.0452699 -0.00490215 0.2324 2063.3 3
0.047195 -0.00514155 0.232 2038.67 3
0.049243 -0.00531405 0.231625 2021.19 3
0.0511893 -0.0056833 0.231333 2028.67 3
0.0417671 -0.00267535 0.232 1931 3
0.0432771 -0.00305448 0.232 2104.94 3
0.045136 -0.00367076 0.2312 2105.1 3
0.0410855 -0.00166006 0.231 1256.83 3
0.0420886 -0.00166006 0.231 2017.5 3
0.0224708 0.00136293 0.233 2146.75 3
0.0239885 0.00136293 0.233 2132.62 3
0.026012 0.00136293 0.233 2123 3
0.01384 0.00413828 0.2325 2218 3
0.0158262 0.00412938 0.232 2131.5 3
0.0181324 0.00375861 0.2325 2123.25 3
0.0200032 0.00331203 0.23225 2137.06 3
0.0219781 0.00291944 0.231667 2166.78 3
0.0240983 0.00273778 0.231625 2192.31 3
0.0260763 0.0023584 0.231333 2142.5 3
0.00398906 0.0061456 0.232 120 3
0.00526611 0.00616547 0.23275 1599 3
0.00729447 0.00617209 0.233 2526 3
0.00931798 0.00617209 0.233 2704.5 3
0.0115663 0.00574345 0.232455 2440.82 3
0.0136298 0.00517303 0.232 2178.36 3
0.0158262 0.00463344 0.232 2118.25 3
0.017841 0.00463344 0.232 2126.75 3
0.0197702 0.00461346 0.231 2147.25 3
0.0685057 0.00617209 0.233 972 3
0.00398476 0.00739694 0.23175 597 3
0.00525036 0.0074063 0.232062 1866 3
0.00726667 0.00740809 0.232125 2411.19 3
0.00934938 0.0074466 0.231941 2440.41 3
0.0112467 0.00704785 0.231545 2344.09 3
0.0683371 0.00718454 0.233 972.833 3
0.00397187 0.00862852 0.231 1492 3
0.00522571 0.00862852 0.231 2153.75 3
0.00723185 0.00862852 0.231 2338 3
0.00948876 0.00862852 0.231 2349 3
0.0353707 0.0208527 0.233 1948 3
0.0368558 0.0208348 0.2328 1947.8 3
0.0389538 0.0207408 0.23175 1912.75 3
0.040584 0.0206737 0.231 1912.33 3
0.0330942 0.0228776 0.233 2626.5 3
0.0346119 0.0221182 0.233 2273.62 3
0.036808 0.0220704 0.2325 2222.9 3
0.0389538 0.0219996 0.23175 2173 3
0.040584 0.0219284 0.231 2165.92 3
0.0305648 0.0249025 0.233 2781.5 3
0.0326404 0.0242364 0.232857 2755.36 3
0.0346517 0.0241849 0.232333 2719.83 3
0.0367757 0.024197 0.231739 2736.26 3
0.0389038 0.024233 0.23145 2724.25 3
0.0404928 0.0239131 0.231 2709.73 3
0.0239885 0.0269274 0.233 2688 3
0.0265764 0.0265642 0.232778 2724.22 3
0.0285005 0.0263826 0.232667 2747.42 3
0.0305178 0.026219 0.232222 2758.33 3
0.0325115 0.0262421 0.231636 2754.77 3
0.0346987 0.0257289 0.231333 2777 3
0.0360702 0.0259435 0.231 2755 3
0.0184238 0.0289523 0.233 2733.5 3
0.0199414 0.0289523 0.233 2742.75 3
0.0220096 0.0285549 0.232714 2715.64 3
0.0241028 0.0283744 0.232083 2732.21 3
0.0261774 0.0280496 0.231706 2751.88 3
0.0283372 0.0277393 0.231333 2766.25 3
0.029844 0.0277393 0.231333 2780.67 3
0.00400626 0.0314834 0.233 2530 3
0.00527095 0.0314834 0.233 2552 3
0.00729447 0.0314834 0.233 2608 3
0.00931798 0.0314834 0.233 2648.5 3
0.0114499 0.0312665 0.233 2650 3
0.0136562 0.0309368 0.232429 2680.43 3
0.0158251 0.0305911 0.232 2689.25 3
0.0178256 0.0303119 0.2318 2701.25 3
0.0198387 0.0303119 0.2318 2714.15 3
0.0217911 0.0301793 0.2315 2720.38 3
0.0237826 0.0299585 0.231 2736.25 3
-4.07676e-05 0.0330021 0.233 1532 3
0.00122076 0.0329308 0.2325 2307 3
0.00329591 0.0328257 0.232308 2496.62 3
0.00524065 0.0325635 0.231687 2551.31 3
0.00724751 0.0325371 0.2315 2595.31 3
0.00939508 0.0325852 0.231444 2633.11 3
0.0115235 0.032049 0.2316 2625.7 3
0.0137518 0.031966 0.231 2690.75 3
-4.05926e-05 0.0346246 0.232 1386.25 3
0.00121868 0.0346247 0.232 2282.56 3
0.00322224 0.0345127 0.23125 2474.62 3
0.00522571 0.0344754 0.231 2460.81 3
0.00698108 0.0344754 0.231 2484.92 3
-4.05926e-05 0.0361368 0.232 747 3
0.00132933 0.0366375 0.232429 1674.71 3
0.00313107 0.0366375 0.232429 1837.57 3
0.00526611 0.0362536 0.23275 1637.62 3
0.00704153 0.0362926 0.233 1675.5 3
0.00122393 0.0383175 0.233 1099.25 3
0.0499605 -0.00883681 0.235 1959 3
0.0510829 -0.00924526 0.235 1900.2 3
0.0456236 -0.00679453 0.235 1963.25 3
0.047287 -0.00677718 0.2344 1967.3 3
0.0492565 -0.00750615 0.234429 1987.21 3
0.051018 -0.00778241 0.234 1970.5 3
0.0429798 -0.00474212 0.2345 2026.25 3
0.0450163 -0.00576109 0.2345 2036.62 3
0.0415418 -0.00322052 0.235 1755.75 3
0.0423812 -0.00371521 0.234 2088.75 3
0.0185819 0.00137463 0.235 2095.5 3
0.0202534 0.0010323 0.234667 2115.92 3
0.0219206 0.000691417 0.234333 2116.92 3
0.0240914 0.000351983 0.234 2102.25 3
0.0261805 0.000352736 0.2345 2099.25 3
0.00557131 0.00367221 0.235 941.333 3
0.00735708 0.00367221 0.235 2352.67 3
0.00938769 0.00366776 0.23475 2672.83 3
0.0114226 0.00366627 0.234667 2448.58 3
0.0136436 0.00309368 0.234471 2226.12 3
0.0158588 0.00284315 0.234556 2107.22 3
0.0178504 0.00272791 0.234333 2093.58 3
0.0195189 0.00238558 0.234 2111.5 3
0.0055555 0.00518844 0.234333 1528.44 3
0.00733621 0.00518844 0.234333 2506.67 3
0.00936102 0.00518344 0.234083 2894 3
0.0111361 0.00492758 0.234 2543.17 3
0.0126603 0.00467338 0.234 2334 3
0.0703239 0.00619858 0.234 744 3
0.0685457 0.00746958 0.234 967.5 3
0.0702272 0.00761905 0.234667 778.167 3
-0.000548992 0.020688 0.234 1448.5 3
0.000975158 0.020688 0.234 2066.17 3
0.0290415 0.0205211 0.235 2106 3
0.0300619 0.0205211 0.235 2149 3
-0.000803016 0.0217048 0.234 1284.25 3
0.0290415 0.0220528 0.235 2217.8 3
0.0304367 0.0220917 0.234478 2265.61 3
0.0326557 0.0221043 0.234 2253.79 3
0.0270006 0.024861 0.235 2723 3
0.0283506 0.0243929 0.234714 2712.64 3
0.0303942 0.0240688 0.234125 2745.81 3
0.0322202 0.0234842 0.234 2699 3
0.0221535 0.0269032 0.235 2674.12 3
0.02416 0.0260996 0.234667 2696.5 3
0.0260043 0.0260081 0.2343 2718.5 3
0.0281558 0.0255178 0.234 2726.75 3
0.0294259 0.0255178 0.234 2748 3
0.0142451 0.0289455 0.235 2681.5 3
0.0157757 0.0289455 0.235 2688.4 3
0.0179016 0.0288604 0.235 2728.83 3
0.0200767 0.028129 0.234583 2730.5 3
0.0220592 0.0275514 0.234 2692.5 3
-0.000551338 0.0304772 0.235 1134.42 3
0.00108137 0.0307836 0.235 2325.4 3
0.00327532 0.0309878 0.235 2480.62 3
0.00529842 0.0308889 0.23425 2546.62 3
0.00735007 0.0309548 0.23475 2599.5 3
0.00952637 0.0307045 0.2344 2645 3
0.0113615 0.0302501 0.234615 2657.15 3
0.0136147 0.0299781 0.234545 2670.45 3
0.0159626 0.029585 0.234 2680 3
-0.000548992 0.0318727 0.234 973.5 3
0.00122918 0.0318727 0.234 2334.25 3
0.00300735 0.0318728 0.234 2473.83 3
0.00402345 0.0374651 0.234 1508.5 3
0.00503955 0.0374651 0.234 1317.17 3
0.00199409 0.038792 0.234333 1550.33 3
0.00319873 0.0387656 0.234455 1754.91 3
0.00455087 0.0386464 0.235 1469.5 3
0.00199976 0.0399228 0.235 1252 3
0.00302021 0.0399228 0.235 1676.33 3
0.0501731 -0.0109254 0.236 1764.5 3
0.0506855 -0.0109254 0.236 1748.5 3
0.0472983 -0.00891202 0.237 1948.17 3
0.0492776 -0.00941229 0.236625 1939.19 3
0.0506855 -0.00989991 0.236 1926.5 3
0.0436964 -0.00685235 0.237 1921 3
0.0448879 -0.00709535 0.2365 1953 3
0.0471378 -0.00785558 0.2362 1969.5 3
0.0390653 -0.00479268 0.237 1284.5 3
0.0411504 -0.00495758 0.236667 1986.25 3
0.0430352 -0.00580286 0.2362 2000.9 3
0.0408663 -0.00376284 0.237 1615.5 3
0.00819154 -0.000673339 0.237 688 3
0.0087061 -0.000673339 0.237 1054 3
0.0202399 -0.000671918 0.2365 2074 3
0.0221779 -0.00111307 0.236429 2050.64 3
0.0242116 -0.0012442 0.236556 2067.44 3
0.0264027 -0.00118683 0.2365 2074.69 3
0.0279431 -0.00118683 0.2365 1946.38 3
0.00613329 0.00138633 0.237 836 3
0.00752996 0.000944973 0.237 1758.29 3
0.00932358 0.00118036 0.237 2031.4 3
0.0115362 0.00138633 0.237 2087.75 3
0.0135793 0.00138487 0.23675 2142.38 3
0.0157252 0.00094163 0.236429 2054.93 3
0.017558 0.000795131 0.236429 2059.5 3
0.0194296 0.000354992 0.236 2074.5 3
0.00610741 0.00240597 0.236 1118 3
0.00738839 0.00240597 0.236 2155.5 3
0.00943794 0.00240597 0.236 2264.62 3
0.0114875 0.00240597 0.236 2299.5 3
0.0127685 0.00240597 0.236 2294 3
0.0244002 0.0206957 0.237 1994.25 3
0.0264585 0.0206957 0.237 2020.5 3
0.0278841 0.0206084 0.236 2065.5 3
-0.000427389 0.0223692 0.237 1456.5 3
0.000473095 0.021983 0.237 2047 3
0.0225993 0.0227554 0.237 2603 3
0.0243246 0.0220285 0.237 2209.12 3
0.0264585 0.021983 0.237 2103 3
0.0280937 0.0219602 0.236 2141.18 3
-0.00081331 0.0232703 0.237 868.5 3
0.020541 0.0248151 0.237 2700 3
0.0222536 0.0244027 0.23675 2709.5 3
0.0241755 0.02398 0.236789 2714.21 3
0.0263546 0.0239432 0.236533 2691.93 3
0.0279353 0.0234798 0.236 2677.8 3
0.0143663 0.0268747 0.237 2642 3
0.01591 0.0266173 0.237 2609.5 3
0.0177321 0.02652 0.2366 2660.67 3
0.0199008 0.0265435 0.236474 2687.74 3
0.0220216 0.0257719 0.236333 2680.8 3
0.0242973 0.0252231 0.236 2735.5 3
0.0260907 0.0252231 0.236 2726.33 3
-0.000556029 0.0289344 0.237 1298 3
0.00124494 0.0289344 0.237 2428 3
0.00330319 0.0289344 0.237 2539.25 3
0.00536144 0.0289344 0.237 2557.25 3
0.00741969 0.0289344 0.237 2572 3
0.00947795 0.0289344 0.237 2605 3
0.0116913 0.0286399 0.236538 2646.62 3
0.0135124 0.0284574 0.236467 2663.33 3
0.0156087 0.0278254 0.236333 2642.83 3
0.0175587 0.0279706 0.236111 2708.22 3
0.0189172 0.0280432 0.236 2714 3
-0.000556029 0.0294493 0.237 1260 3
0.0013955 0.0298362 0.2364 2401.3 3
0.0032939 0.0298792 0.236333 2490.67 3
0.00534636 0.0298792 0.236333 2552.67 3
0.00739882 0.0298792 0.236333 2557.75 3
0.00930023 0.0298362 0.2364 2610.4 3
0.0107644 0.0294493 0.237 2657 3
0.00613329 0.037688 0.237 1240 3
0.00664785 0.037688 0.237 1251 3
0.00405784 0.03958 0.236 1720 3
0.00534313 0.0388377 0.236167 1371.5 3
0.00664785 0.0382029 0.237 1282 3
0.00200827 0.0411182 0.236 853 3
0.00335449 0.0411066 0.236385 1504.69 3
0.00458476 0.0409925 0.23675 1605.5 3
0.00201394 0.0427777 0.236667 252.667 3
0.00314775 0.0427679 0.2369 1124.5 3
0.0045896 0.0423223 0.237 1608 3
0.0482164 -0.0110643 0.239 1824 3
0.0494463 -0.0114678 0.238143 1757.36 3
0.0440651 -0.00898722 0.239 1893.5 3
0.0454794 -0.00918741 0.2388 1925.6 3
0.0471235 -0.00978534 0.2382 1959.4 3
0.0485313 -0.00998378 0.238 1932.5 3
0.0391356 -0.00691017 0.239 1924.5 3
0.0410812 -0.00728878 0.238625 1916.75 3
0.0430721 -0.00748648 0.238429 1915.21 3
0.0449142 -0.00791545 0.238 1934.83 3
0.0393393 -0.00586346 0.238667 1857.17 3
0.0407803 -0.00584708 0.238 1954 3
0.011893 -0.00275607 0.239 1307.33 3
0.0135535 -0.00317148 0.239 1824.5 3
0.0201955 -0.00275607 0.239 1999.5 3
0.0220116 -0.00275607 0.239 1986.75 3
0.0241818 -0.00295686 0.2384 2009.3 3
0.0261081 -0.00326957 0.2385 2017 3
0.0281795 -0.00326957 0.2385 2054.44 3
0.0298941 -0.00353209 0.23875 2054.88 3
0.00991629 -0.000936522 0.23825 1483.75 3
0.0116092 -0.00119687 0.2385 1869.31 3
0.0137024 -0.00119793 0.238875 2010.5 3
0.0157761 -0.00119793 0.238875 1992.75 3
0.0178231 -0.00119687 0.2385 2023.12 3
0.0197136 -0.00150496 0.2382 2014.4 3
0.0211444 -0.00171037 0.238 2004 3
0.00977629 0.000358 0.238 1917.5 3
0.0115849 0.000358 0.238 1964.5 3
0.0136518 0.000358 0.238 2033.25 3
0.0149436 0.000358 0.238 2049.5 3
0.0186388 0.0208704 0.239 1771 3
0.0199144 0.0208486 0.23875 1838.5 3
0.0219195 0.0207831 0.238 1921.75 3
0.0232114 0.0207831 0.238 1958 3
-4.16424e-05 0.0228514 0.238 1696 3
0.00114097 0.0224356 0.238286 2305.86 3
0.0162518 0.0226359 0.239 2469.2 3
0.0179203 0.0223483 0.239 2341.31 3
0.0199144 0.0221453 0.23875 2228.94 3
0.0218679 0.022024 0.238 2160.27 3
0.0232114 0.0218172 0.238 2043.67 3
-4.16424e-05 0.0233685 0.238 1478 3
0.000995328 0.023434 0.238667 2178.33 3
0.0139686 0.0250245 0.239 2658.67 3
0.015959 0.0242975 0.238923 2645.08 3
0.017832 0.0242067 0.238625 2653.06 3
0.0198174 0.0241121 0.2382 2666.87 3
0.0216612 0.0238856 0.238 2677.22 3
-0.000820176 0.0271015 0.239 1208 3
0.00359052 0.0271015 0.239 2586.33 3
0.00566614 0.0268419 0.239 2556.33 3
0.00747942 0.0265728 0.238917 2559.25 3
0.0095446 0.0265445 0.238667 2638.25 3
0.0116173 0.0265445 0.238667 2610.67 3
0.0136884 0.0262826 0.238643 2639.5 3
0.0155832 0.0259343 0.2383 2622.1 3
0.0177857 0.0254369 0.238 2670.75 3
0.0195942 0.0254369 0.238 2691.67 3
-0.000625586 0.028205 0.239 1327.25 3
0.00125332 0.02837 0.23875 2451 3
0.00339169 0.0281008 0.238273 2552.09 3
0.00539161 0.0280608 0.238333 2567.75 3
0.00745855 0.0280512 0.23825 2582.17 3
0.00951793 0.0280223 0.238 2614 3
0.0113265 0.0277638 0.238 2603.5 3
0.0133934 0.0275052 0.238 2652.67 3
0.00615917 0.0391398 0.238 1322.5 3
0.0072135 0.038557 0.238667 1386.17 3
0.00538407 0.0406911 0.238 1441.12 3
0.00378219 0.0437418 0.238 1331.6 3
0.00518912 0.0431016 0.238727 1516.27 3
0.0035755 0.0450863 0.238 707.667 3
0.00534234 0.0451122 0.238769 1507.23 3
0.00670395 0.0455353 0.239 1270.5 3
0.00410942 0.0465739 0.239 500 3
0.00551788 0.047019 0.239 1200.86 3
0.00722285 0.0470932 0.239 731.583 3
0.0488814 -0.0132513 0.241 1682.5 3
0.045742 -0.0111569 0.241 1826.5 3
0.0473552 -0.0114751 0.240333 1841.17 3
0.0486787 -0.0121535 0.24 1804 3
0.0389397 -0.00906243 0.241 1891.62 3
0.0409476 -0.00956725 0.2405 1878.75 3
0.0430363 -0.00956725 0.2405 1890.44 3
0.0450311 -0.0100677 0.24 1954.5 3
0.0308294 -0.006968 0.241 1938.83 3
0.0328178 -0.00717744 0.241 1923.8 3
0.0347538 -0.00749161 0.241 1992.62 3
0.036808 -0.00748438 0.24075 2044.06 3
0.0386045 -0.00763433 0.24 1906.25 3
0.0403415 -0.00798196 0.24 1888.25 3
0.0162763 -0.00512526 0.2405 1696.25 3
0.0178977 -0.00532237 0.241 1811.43 3
0.0201029 -0.00487356 0.241 1955.38 3
0.0221958 -0.00487356 0.241 1940.12 3
0.0242888 -0.00487356 0.241 1940 3
0.0264725 -0.00507088 0.2404 1921.9 3
0.0284157 -0.00538706 0.2405 1923.81 3
0.0304564 -0.00537785 0.240125 1977.31 3
0.0324136 -0.00544927 0.24 2133.64 3
0.0340885 -0.00589621 0.24 2246 3
0.0145481 -0.00328904 0.24 1919.75 3
0.0158595 -0.00329102 0.240125 1952.19 3
0.0179725 -0.00329698 0.2405 1976.12 3
0.0199125 -0.00361143 0.2406 1994.8 3
0.0221037 -0.00381048 0.24 1949.25 3
0.0239275 -0.00381047 0.24 1951.67 3
0.00204231 0.0209577 0.24 2030 3
0.00256339 0.0209577 0.24 1994 3
0.0145481 0.0209577 0.24 1608 3
0.0150692 0.0209577 0.24 1616 3
0.00204231 0.0220006 0.24 2364.67 3
0.00314197 0.0218768 0.240727 2347.36 3
0.00780654 0.0223541 0.241 2399.83 3
0.00963792 0.0223541 0.241 2413.88 3
0.011843 0.0219052 0.241 2100.86 3
0.013804 0.0220609 0.240667 2115.89 3
0.01546 0.0222613 0.24 2286.25 3
-0.000563067 0.0246078 0.24 582.222 3
0.00137479 0.0244499 0.240286 2253.5 3
0.00320125 0.024075 0.240933 2744.13 3
0.00566363 0.02432 0.240909 2601.73 3
0.0075352 0.0241556 0.2407 2566.25 3
0.00961391 0.0241252 0.2404 2594.75 3
0.0117114 0.0241455 0.2406 2613.4 3
0.0136626 0.0241002 0.240143 2613.93 3
0.0150692 0.0240863 0.24 2633.67 3
-0.00051096 0.0262763 0.24 1215.5 3
0.0012607 0.0264328 0.24 2406.19 3
0.00335064 0.0260814 0.240375 2647.88 3
0.00525888 0.0259401 0.240462 2589.54 3
0.00751361 0.0256506 0.24 2561.75 3
0.00959791 0.0256506 0.24 2632.25 3
0.0116822 0.0256506 0.24 2620.75 3
0.0129849 0.0256506 0.24 2623 3
-4.19924e-05 0.0277364 0.24 2134 3
0.0012607 0.0277364 0.24 2468.25 3
0.00256339 0.0277364 0.24 2526 3
0.00621092 0.0410329 0.24 1345 3
0.006732 0.0410329 0.24 1331.25 3
0.00621092 0.0431187 0.24 1369.5 3
0.00727395 0.0432385 0.240667 1213.5 3
0.00621092 0.044683 0.24 1451.5 3
0.00751361 0.0450306 0.24 841.667 3
0.0088163 0.044683 0.24 124 3
0.0458578 -0.0133613 0.243 1799.5 3
0.0474623 -0.0135189 0.242667 1807.17 3
0.0490233 -0.0144172 0.243 1673.83 3
0.0395267 -0.0112495 0.243 1788.5 3
0.0410243 -0.0116223 0.2425 1785.06 3
0.0431304 -0.0117542 0.2425 1805 3
0.0451476 -0.011976 0.242429 1808.71 3
0.0469826 -0.0122547 0.242 1824.5 3
0.0308215 -0.00913764 0.243 1878 3
0.0324043 -0.00913763 0.243 1887.75 3
0.0347198 -0.00912259 0.2426 1879.8 3
0.0369522 -0.00956868 0.242429 1897.14 3
0.0389336 -0.0101768 0.2426 1897 3
0.0188727 -0.00699691 0.242 1624 3
0.0199236 -0.00699691 0.242 1785.5 3
0.0216766 -0.00737779 0.243 1787 3
0.0239628 -0.00702582 0.243 1870.75 3
0.0263144 -0.00702004 0.2428 1901.6 3
0.0283882 -0.00753932 0.2425 1865.62 3
0.0303852 -0.0078843 0.242333 1887.33 3
0.0325336 -0.00804847 0.242 1897.67 3
0.0188727 -0.00594535 0.242 1854 3
0.0201863 -0.00594535 0.242 1909.5 3
0.0222879 -0.00594535 0.242 1891.5 3
0.0243896 -0.00594535 0.242 1916 3
0.0262286 -0.00594535 0.242 1920 3
0.00416101 0.021921 0.242 2353.5 3
0.00547455 0.021921 0.242 2248.69 3
0.0074186 0.0216056 0.242 1944.4 3
0.00967789 0.0213953 0.242 1809 3
0.0109914 0.0213953 0.242 1732.5 3
0.00416101 0.0234984 0.242 2730.5 3
0.00521184 0.0234984 0.242 2624.67 3
0.00836435 0.0374316 0.242 1980 3
0.00888977 0.0374316 0.242 2023 3
0.00811784 0.0390906 0.2425 1610.33 3
0.00889895 0.0387868 0.24225 1708.25 3
0.00785568 0.040933 0.2425 1483.08 3
0.00892651 0.0410179 0.243 1594 3
0.00810741 0.0427184 0.242167 1101.33 3
0.00889895 0.0429958 0.24225 694.25 3
0.00836435 0.0442667 0.242 645 3
0.00888977 0.0442667 0.242 333 3
0.0451336 -0.0147899 0.2448 1730.4 3
0.0472241 -0.0153925 0.244615 1759.69 3
0.0489602 -0.0155367 0.244 1673.75 3
0.0377243 -0.0126728 0.245 1764 3
0.039293 -0.0129303 0.244833 1760.67 3
0.0410368 -0.0133646 0.244667 1756.11 3
0.0431328 -0.0134162 0.244 1771.5 3
0.0450536 -0.0137989 0.244364 1789.91 3
0.047106 -0.0142114 0.244 1799 3
0.02416 -0.0105436 0.245 1605 3
0.0262878 -0.0110759 0.245 1652.17 3
0.0286815 -0.0109428 0.245 1756.88 3
0.0305432 -0.0105436 0.245 1782.5 3
0.0327238 -0.0107221 0.2442 1800.2 3
0.0347513 -0.0110616 0.244667 1784.08 3
0.0368808 -0.0113285 0.2447 1793.7 3
0.0387833 -0.0116287 0.2443 1785.3 3
0.0402191 -0.0120909 0.244 1794 3
0.0224722 -0.00917524 0.244 1567.5 3
0.02416 -0.009479 0.245 1745.17 3
0.0262513 -0.00946646 0.244667 1870.92 3
0.0283382 -0.00945393 0.244333 1855 3
0.030216 -0.00959327 0.2445 1863.88 3
0.0325376 -0.00997043 0.244 1883.25 3
0.0346567 -0.00997043 0.244 1877.25 3
0.035981 -0.00997043 0.244 1886 3
0.0224722 -0.00811499 0.244 1792.25 3
0.0240614 -0.00811499 0.244 1837.88 3
0.0261804 -0.00811499 0.244 1847.38 3
0.0097579 0.0377409 0.244 2034.5 3
0.0097579 0.0390662 0.244 1706 3
0.0113472 0.0393313 0.244 1579.92 3
0.0097579 0.0411867 0.244 1458.38 3
0.0112715 0.0410731 0.244 1373.71 3
0.0097579 0.042512 0.244 476.5 3
0.0108174 0.042512 0.244 120 3
0.0458082 -0.0170694 0.247 1696.5 3
0.0472251 -0.0170003 0.246 1701 3
0.0492871 -0.0174637 0.246667 1665 3
0.0509028 -0.0170694 0.247 1558 3
0.0388367 -0.0149228 0.247 1711.25 3
0.0409818 -0.0149228 0.247 1688.75 3
0.0433077 -0.0152951 0.2465 1701 3
0.0452326 -0.0158378 0.2462 1686.7 3
0.0472251 -0.0164658 0.246 1715.75 3
0.0497305 -0.0162309 0.2465 1625.5 3
0.0509028 -0.0159961 0.247 1524 3
0.0287985 -0.0131254 0.246 1367.5 3
0.0305244 -0.0127762 0.247 1748.67 3
0.0324014 -0.0127762 0.247 1758.5 3
0.0344755 -0.0127503 0.2465 1752.25 3
0.0366421 -0.0132956 0.246667 1736 3
0.0387319 -0.0138129 0.246333 1728.33 3
0.0409818 -0.0143862 0.247 1695.5 3
0.0429523 -0.0143279 0.246 1721 3
0.0282644 -0.0117892 0.246 1652.62 3
0.0306287 -0.0116205 0.246273 1779.91 3
0.0325033 -0.0116012 0.24625 1764.75 3
0.0343015 -0.0119961 0.2464 1759 3
0.036543 -0.01219 0.246 1766.5 3
0.064846 -0.00177504 0.247 2002 3
0.0661867 -0.00123839 0.247 1978.25 3
0.0683318 -0.00070175 0.247 1935.62 3
0.0696724 -0.00070175 0.247 1858.5 3
0.0472604 -0.0193716 0.249 1616.5 3
0.0521259 -0.0196421 0.249 1693.75 3
0.0532072 -0.019642 0.249 1697 3
0.0431472 -0.0171846 0.248667 1672 3
0.045087 -0.0177095 0.248444 1691.11 3
0.0471961 -0.0181878 0.248273 1653.73 3
0.0492512 -0.0185008 0.248714 1655.71 3
0.0513542 -0.0183537 0.2484 1693.6 3
0.0532072 -0.0185601 0.249 1677.75 3
0.0348262 -0.0150436 0.249 1688 3
0.0369392 -0.0155645 0.248667 1690.17 3
0.0388808 -0.0158551 0.249 1712 3
0.0409106 -0.0158042 0.2482 1669.2 3
0.0429277 -0.016157 0.248286 1693.57 3
0.0446476 -0.0165997 0.248 1688.67 3
0.0303788 -0.0136362 0.248 1712.75 3
0.0328337 -0.0134754 0.24875 1722.62 3
0.034733 -0.013925 0.248333 1695.92 3
0.0368401 -0.0144444 0.248 1707 3
0.0325326 -0.0122891 0.248 1776.5 3
0.0643009 -0.00285986 0.248 1951.75 3
0.0660502 -0.00286562 0.2485 1949.75 3
0.0683444 -0.00287138 0.249 1911.88 3
0.0705069 -0.00287138 0.249 1914.12 3
0.0718584 -0.00287138 0.249 1930.5 3
0.0664546 -0.00178222 0.248 1955.25 3
0.0680699 -0.00178222 0.248 1931.5 3
0.0704032 -0.00142301 0.248 1905.17 3
0.0724874 -0.0012461 0.248375 1826.69 3
0.0745119 -0.00124795 0.248833 1388.58 3
0.0759131 -0.00124842 0.249 591.5 3
0.0748318 0.000374547 0.249 787.5 3
0.0500923 -0.0211632 0.251 1568 3
0.0514027 -0.0211421 0.25075 1574.5 3
0.0537646 -0.0213796 0.250333 1606.67 3
0.0557402 -0.0216804 0.250667 1657.83 3
0.0576113 -0.0218522 0.250857 1646.86 3
0.0590841 -0.0219811 0.251 1576.75 3
0.0440978 -0.0192545 0.251 1621.5 3
0.0454141 -0.0192353 0.25075 1638.25 3
0.047138 -0.0196251 0.2505 1618 3
0.0491756 -0.0197604 0.2505 1594.5 3
0.051148 -0.0200715 0.2503 1625.3 3
0.0536922 -0.0202641 0.25 1660.33 3
0.0553206 -0.0202641 0.25 1691 3
0.056949 -0.0205357 0.25 1592 3
0.0353784 -0.0170732 0.251 1589.5 3
0.0366027 -0.0171022 0.250857 1620.29 3
0.0387656 -0.0172767 0.25 1648.75 3
0.0412638 -0.0175724 0.250333 1635.17 3
0.0431317 -0.0180492 0.250667 1636.78 3
0.0444649 -0.0180915 0.25 1673 3
0.0329261 -0.0151645 0.251 1655.5 3
0.0346183 -0.0158388 0.250571 1658.86 3
0.0363231 -0.0161904 0.25 1668.67 3
0.0387656 -0.0167335 0.25 1682.5 3
0.0409367 -0.0167335 0.25 1647.5 3
0.0422937 -0.0167335 0.25 1657 3
0.0314379 -0.0137461 0.25 1738 3
0.0324534 -0.0141826 0.2505 1697.75 3
0.0336091 -0.0145609 0.25 1661 3
0.0648062 -0.00425779 0.251 1884 3
0.0660368 -0.0042493 0.2505 1894.5 3
0.0683484 -0.00425779 0.251 1892.25 3
0.0705283 -0.00425779 0.251 1889.5 3
0.0724356 -0.00425779 0.251 1881.67 3
0.074343 -0.00425779 0.251 1743.5 3
0.0760471 -0.00424648 0.250333 1037.67 3
0.0648062 -0.00371245 0.251 1895 3
0.0660368 -0.00370505 0.2505 1920 3
0.0683484 -0.00371245 0.251 1900.75 3
0.0705283 -0.00371245 0.251 1891.75 3
0.072736 -0.00323843 0.250429 1900.57 3
0.0745074 -0.00315943 0.250333 1624.92 3
0.0761447 -0.00323421 0.250143 729.857 3
0.0578602 -0.025555 0.254 1522.5 3
0.0597903 -0.025555 0.254 1542 3
0.0620572 -0.0260313 0.2538 1549.9 3
0.0642021 -0.0261069 0.254 1580.38 3
0.0658565 -0.0266587 0.254 1668.5 3
0.0520697 -0.0236235 0.254 1542 3
0.0536173 -0.023577 0.2535 1514.25 3
0.0557455 -0.0240968 0.253167 1519.17 3
0.0578307 -0.0240492 0.252667 1571.25 3
0.0598444 -0.023988 0.2526 1628.2 3
0.061805 -0.0244215 0.252909 1619.82 3
0.0451763 -0.0214161 0.254 1546.67 3
0.0474325 -0.0216044 0.253429 1558.57 3
0.0492451 -0.0219562 0.253273 1544.36 3
0.0515669 -0.0222651 0.252667 1556.75 3
0.0535917 -0.0224518 0.2526 1540.7 3
0.0555986 -0.0229354 0.2525 1557 3
0.0576781 -0.02289 0.252 1622 3
0.0598666 -0.02289 0.252 1658.25 3
0.0612345 -0.02289 0.252 1538 3
0.0366285 -0.0194846 0.254 1536.12 3
0.0388344 -0.0194846 0.254 1557.12 3
0.0409583 -0.0194463 0.2535 1559.62 3
0.0431179 -0.0199789 0.25325 1575.94 3
0.0450779 -0.0204334 0.252571 1577.29 3
0.0470902 -0.020614 0.252857 1594.86 3
0.0494712 -0.0207 0.252 1573.5 3
0.0333675 -0.0176224 0.253667 1645 3
0.0346985 -0.0178283 0.252857 1600.93 3
0.036923 -0.0182543 0.25225 1566.25 3
0.0390757 -0.0182361 0.252 1582.88 3
0.0409907 -0.0182362 0.252 1615.67 3
0.0286803 -0.0152249 0.252 764 3
0.0303785 -0.0154377 0.254 1239.92 3
0.0325547 -0.0159583 0.2532 1674.6 3
0.033878 -0.0160462 0.252 1660.5 3
0.0282425 -0.0140204 0.252 981.5 3
0.0319631 -0.0146774 0.252 1694.5 3
0.0688896 -0.00651609 0.254 1864 3
0.0702683 -0.00651609 0.254 1849 3
0.0724742 -0.00651609 0.254 1878 3
0.0743861 -0.00649043 0.253 1831.75 3
0.0760339 -0.00649043 0.253 1542 3
0.0644986 -0.00429171 0.253 1854.5 3
0.0661322 -0.00513646 0.254 1879 3
0.0681918 -0.005197 0.253273 1853.73 3
0.0703564 -0.00539216 0.253 1857.92 3
0.0724585 -0.00538542 0.252667 1895.42 3
0.0745548 -0.00537759 0.252333 1784.33 3
0.0760205 -0.00551838 0.2525 1478.5 3
0.0644986 -0.00374204 0.253 1882.5 3
0.0307053 0.00295253 0.253667 2007.33 3
0.0327682 0.00369319 0.254 2029.75 3
0.0344226 0.00369319 0.254 2040 3
0.0327785 0.00513671 0.252667 2035.67 3
0.0346601 0.00539625 0.252571 2072.5 3
0.0366844 0.00525995 0.253571 2067.21 3
0.0381321 0.00587736 0.253 2098 3
0.0352458 0.00694915 0.252 2050.25 3
0.0360665 0.00694915 0.252 2054.5 3
0.0618673 -0.0279537 0.25575 1454.12 3
0.0641277 -0.0283953 0.255429 1458.5 3
0.0661078 -0.0283953 0.255429 1494.57 3
0.0681864 -0.0284826 0.2555 1539.5 3
0.0701555 -0.0288491 0.2558 1590 3
0.0716553 -0.0285372 0.256 1728.5 3
0.054425 -0.0257562 0.256 1518 3
0.0559371 -0.0259586 0.2558 1505.2 3
0.0575651 -0.0265653 0.25575 1496.88 3
0.0598413 -0.0268056 0.2554 1513.5 3
0.0616866 -0.0267636 0.255 1496.25 3
0.0669462 -0.0267636 0.255 1693.5 3
0.0674999 -0.0267636 0.255 1625.5 3
0.0460878 -0.0235314 0.256 1532.5 3
0.0471995 -0.0235314 0.256 1511.5 3
0.0493056 -0.0234763 0.2554 1531.7 3
0.0514546 -0.0241621 0.2556 1538.4 3
0.0534335 -0.0245716 0.25525 1510.62 3
0.0547661 -0.0245476 0.255 1524.5 3
0.0352494 -0.0210285 0.256 1507.5 3
0.0369169 -0.0210285 0.256 1510.25 3
0.0385843 -0.0210285 0.256 1545 3
0.0416413 -0.0218628 0.256 1479 3
0.0430107 -0.0218986 0.255333 1506.56 3
0.0451022 -0.0222975 0.255667 1533.67 3
0.0470151 -0.0223315 0.255 1518.67 3
0.0347497 -0.0197742 0.2556 1557.6 3
0.0369169 -0.0204723 0.256 1512.25 3
0.039222 -0.0206037 0.255333 1557.33 3
0.040925 -0.0206694 0.255 1537.83 3
0.0420323 -0.0206694 0.255 1525 3
0.0310808 -0.0174132 0.256 1448.5 3
0.0323744 -0.0176392 0.25525 1620.5 3
0.0309594 -0.0162372 0.255 1425.5 3
0.0315131 -0.0162372 0.255 1630 3
0.0708216 -0.00879219 0.256 1805 3
0.072489 -0.00879219 0.256 1802 3
0.0747123 -0.00879219 0.256 1798.75 3
0.0766576 -0.00879219 0.256 1634 3
0.0647076 -0.0065674 0.256 1846.5 3
0.0663094 -0.00656098 0.25575 1823.75 3
0.0685417 -0.00710862 0.255444 1837.11 3
0.0706003 -0.00754542 0.2552 1828.4 3
0.0724852 -0.00771806 0.2554 1832.3 3
0.0745177 -0.00766052 0.255333 1825.67 3
0.076458 -0.00766052 0.255333 1601.67 3
0.0645391 -0.00544152 0.255333 1855.17 3
0.0659681 -0.00572245 0.2555 1850.17 3
0.0680535 -0.00598772 0.255 1846 3
0.030525 0.00149747 0.256 1973.67 3
0.0321925 0.00149747 0.256 1956.67 3
0.0326203 0.00259967 0.255 2028.83 3
0.0348061 0.0028274 0.2556 2017.9 3
0.0368448 0.0031588 0.2555 2043.06 3
0.0387617 0.00371257 0.255333 2083 3
0.0408076 0.00372226 0.256 2046.5 3
0.0421971 0.00372226 0.256 2047 3
0.0389872 0.00481577 0.255 2059.75 3
0.0663335 -0.0318431 0.258 1405.25 3
0.068294 -0.0318431 0.258 1404.33 3
0.0705358 -0.0318954 0.257667 1389 3
0.0726152 -0.0321634 0.258 1396.14 3
0.0584913 -0.029601 0.258 1399 3
0.0598916 -0.029601 0.258 1420.33 3
0.0617312 -0.0295436 0.2575 1429.25 3
0.0638313 -0.0302035 0.2574 1381.9 3
0.066162 -0.0306434 0.257333 1397.25 3
0.0683044 -0.0305853 0.257273 1409.09 3
0.0704955 -0.0306739 0.257231 1434.54 3
0.0725954 -0.030422 0.257182 1599.73 3
0.0741757 -0.0301615 0.258 1686.67 3
0.05401 -0.0273588 0.258 1434.5 3
0.0558772 -0.0279193 0.258 1422.67 3
0.0578635 -0.0282803 0.2572 1442.6 3
0.0599257 -0.0283494 0.257273 1458.55 3
0.0617312 -0.0289841 0.2575 1459 3
0.0632864 -0.0289279 0.257 1444.5 3
0.0727722 -0.0283695 0.257 1862 3
0.0741757 -0.0281996 0.258 1908.75 3
0.050369 -0.0262377 0.258 1504 3
0.0517184 -0.0259323 0.25775 1501.62 3
0.0536438 -0.0260922 0.25725 1488.88 3
0.0557318 -0.0269152 0.257333 1470.33 3
0.0727181 -0.0265671 0.2574 1584.7 3
0.0741757 -0.0267983 0.258 1953.5 3
0.039726 -0.023435 0.258 1515 3
0.0412619 -0.0235289 0.2578 1488 3
0.0433036 -0.0236809 0.257625 1488.88 3
0.0450922 -0.0243165 0.257571 1506.21 3
0.0472881 -0.0248364 0.258 1513.12 3
0.0493368 -0.0247401 0.257 1520.62 3
0.0507317 -0.0247401 0.257 1521 3
0.0332842 -0.0211928 0.258 1526.5 3
0.0345812 -0.0218029 0.25775 1501.62 3
0.0365378 -0.0219696 0.25725 1464.75 3
0.0388452 -0.0220511 0.257111 1529 3
0.0408471 -0.0223098 0.2573 1499.5 3
0.0429199 -0.0227858 0.257 1466 3
0.0309035 -0.019371 0.258 1549 3
0.0328101 -0.0199443 0.2578 1559.7 3
0.0342712 -0.0205523 0.257 1550.5 3
0.0289703 -0.0174813 0.257 460 3
0.0303889 -0.0178864 0.2572 1134.5 3
0.0323182 -0.018598 0.257 1607.83 3
0.0766964 -0.0108227 0.258 1768.67 3
0.0778167 -0.0108227 0.258 1589.5 3
0.0668936 -0.00886087 0.258 1799 3
0.0685781 -0.0091297 0.257667 1798.17 3
0.0703503 -0.0095433 0.2575 1773.83 3
0.0725879 -0.00967662 0.257333 1764.67 3
0.0745177 -0.00967349 0.25725 1792.75 3
0.0766781 -0.00966408 0.257 1701.25 3
0.078352 -0.00966408 0.257 1424.25 3
0.0626924 -0.0066187 0.258 1856 3
0.064131 -0.00717355 0.257778 1843.33 3
0.0663418 -0.00761612 0.2576 1812.1 3
0.0680952 -0.00785743 0.25725 1820.12 3
0.0699823 -0.00826816 0.257 1820.5 3
0.078352 -0.00743061 0.257 1186.25 3
0.0626924 -0.00605816 0.258 1872 3
0.0636471 -0.00604251 0.257333 1874.33 3
0.0312022 -0.00212609 0.257 1844 3
0.0325864 -0.00261364 0.257857 1826.57 3
0.0312022 -0.00100935 0.257 1893.33 3
0.0324028 -0.00101197 0.257667 1895.44 3
0.0306443 0.00038658 0.257 1945.5 3
0.0327906 0.00061023 0.2572 1940.2 3
0.0347672 0.00102536 0.257429 1961.36 3
0.0367038 0.000866045 0.257571 1964.36 3
0.0386882 0.00128378 0.2578 1968.6 3
0.0412232 0.00102787 0.257857 1951.29 3
0.0431509 0.00102536 0.257429 1853.14 3
0.0445229 0.000759831 0.257667 1445.67 3
0.039014 0.00262006 0.257 2086.83 3
0.040967 0.00262006 0.257 2060.62 3
0.0431989 0.00262007 0.257 1899.88 3
0.0445939 0.00262007 0.257 1622 3
0.0671299 -0.034067 0.26 1502 3
0.0682589 -0.0337846 0.26 1470.67 3
0.0702346 -0.0337846 0.26 1434.25 3
0.0722827 -0.0336872 0.25925 1405.5 3
0.0748341 -0.034254 0.2597 1377.6 3
0.0761619 -0.0343495 0.26 1316.67 3
0.0541464 -0.0318075 0.26 1152 3
0.055727 -0.0320335 0.26 1271.7 3
0.0573923 -0.03209 0.26 1315 3
0.0626139 -0.0318075 0.26 1388 3
0.0640401 -0.0321985 0.259571 1387.71 3
0.0659904 -0.032745 0.259222 1424.67 3
0.0682776 -0.0328106 0.259 1432.12 3
0.0703813 -0.0328745 0.2595 1410 3
0.0722827 -0.0331239 0.25925 1404.75 3
0.0747989 -0.0325234 0.259364 1476.64 3
0.0761619 -0.0323724 0.26 1541 3
0.0470902 -0.0298304 0.26 438 3
0.0538077 -0.0301693 0.26 1367.2 3
0.055504 -0.0303666 0.25975 1370.75 3
0.0576373 -0.0303939 0.259545 1365.73 3
0.0597155 -0.0306384 0.259667 1360.17 3
0.0619526 -0.0306305 0.2596 1387 3
0.0640601 -0.0314038 0.259 1380.33 3
0.0651847 -0.0314038 0.259 1371 3
0.0750303 -0.0308995 0.2595 1564 3
0.0761619 -0.0303953 0.26 1605.5 3
0.045192 -0.0280581 0.2598 1118.7 3
0.0470132 -0.0283412 0.26 1238.45 3
0.0493481 -0.0275709 0.26 1438 3
0.0518382 -0.0279681 0.25975 1432.25 3
0.0536162 -0.0284335 0.259538 1419.23 3
0.0553703 -0.028745 0.259125 1415.75 3
0.0573122 -0.029153 0.259 1420 3
0.0755974 -0.0284182 0.26 1755 3
0.0761619 -0.0284182 0.26 1620.5 3
0.0433789 -0.0257106 0.25975 1465.5 3
0.0452508 -0.0263567 0.259167 1471.08 3
0.047251 -0.026374 0.259333 1479.89 3
0.0491964 -0.0262476 0.2592 1493.6 3
0.0513175 -0.0267186 0.2594 1466.8 3
0.0530947 -0.0269021 0.259 1445 3
0.0730573 -0.025214 0.259 1338 3
0.0747151 -0.0259346 0.259875 1895.88 3
0.0761619 -0.027006 0.26 1648 3
0.03326 -0.0236167 0.26 1481 3
0.0346371 -0.023594 0.25975 1469.5 3
0.0370418 -0.0240887 0.2596 1463.8 3
0.0388551 -0.0241512 0.259667 1492.33 3
0.0406394 -0.0243388 0.259667 1474.17 3
0.0430546 -0.0246988 0.2595 1485.75 3
0.0730572 -0.0240495 0.2598 814.2 3
0.0744368 -0.024171 0.259889 1602.44 3
0.0293085 -0.0213571 0.26 1515 3
0.0306894 -0.0213366 0.25975 1515 3
0.0324443 -0.022097 0.259636 1497.36 3
0.0343229 -0.0227261 0.2595 1487.5 3
0.0367872 -0.0229631 0.259 1456.25 3
0.0387553 -0.0229631 0.259 1506.67 3
0.0744684 -0.0222044 0.26 1120 3
0.0287673 -0.0197534 0.2597 1144.6 3
0.0304244 -0.0201341 0.259455 1516.82 3
0.0322886 -0.0207122 0.259 1537.5 3
0.0744684 -0.0205098 0.26 694.333 3
0.0286334 -0.0184614 0.259 539.667 3
0.0297581 -0.0184614 0.259 1007 3
0.0684471 -0.0130721 0.26 700.333 3
0.0671299 -0.0109066 0.26 1780 3
0.0685859 -0.0113783 0.259714 1692.14 3
0.0704842 -0.0113603 0.259286 1747.21 3
0.0724937 -0.0115343 0.259571 1755.86 3
0.0745086 -0.0112502 0.259385 1805.62 3
0.0763834 -0.0113983 0.2596 1820 3
0.0788319 -0.0113094 0.2595 1450.62 3
0.0803957 -0.011754 0.26 852.5 3
0.0586624 -0.00977688 0.26 1739 3
0.0592269 -0.00977688 0.26 1733.5 3
0.0617671 -0.00892956 0.26 1803.75 3
0.0640251 -0.00892956 0.26 1807.75 3
0.0662926 -0.00948299 0.259667 1785.11 3
0.0680832 -0.00975184 0.259333 1786.5 3
0.0792667 -0.00892956 0.26 1340.5 3
0.0621307 -0.00783893 0.2594 1818.6 3
0.0638494 -0.0080726 0.259667 1823 3
0.0657471 -0.0083325 0.259 1804.33 3
0.0792667 -0.00836468 0.26 1234 3
0.0346057 -0.00440198 0.2595 2023.25 3
0.0360825 -0.00497535 0.26 2061.33 3
0.0431387 -0.00441046 0.26 1076 3
0.0345887 -0.00299144 0.259375 1796.44 3
0.0366983 -0.00276714 0.26 1836 3
0.038905 -0.0021509 0.26 1923.67 3
0.041163 -0.00257457 0.26 1892.25 3
0.0430972 -0.00299617 0.25975 1448.69 3
0.0446597 -0.00270535 0.259 1049.83 3
0.0345379 -0.0010172 0.259 1910.92 3
0.0368345 -0.00101924 0.259333 1899.83 3
0.0390006 -0.000967709 0.259273 1941.18 3
0.0409551 -0.00107591 0.2594 1934 3
0.0429728 -0.0010172 0.259 1904.33 3
0.0446598 -0.0010172 0.259 1517.17 3
0.0393177 0.000389589 0.259 1960.67 3
0.0404423 0.000389589 0.259 1940.5 3
0.0593981 -0.0357522 0.262 380 3
0.0744724 -0.0360368 0.262 1301 3
0.0764633 -0.0360369 0.262 1224.12 3
0.0784543 -0.0360368 0.262 974.5 3
0.0582604 -0.0343291 0.262 916.75 3
0.0593981 -0.0346138 0.262 1098.17 3
0.0645177 -0.0343291 0.262 1396.25 3
0.066236 -0.0344475 0.2616 1477.3 3
0.0684708 -0.0348629 0.261429 1572.29 3
0.0705048 -0.0347652 0.261 1441.38 3
0.0724882 -0.0347652 0.261 1381.33 3
0.0739048 -0.0347652 0.261 1386.75 3
0.0773049 -0.0344817 0.261 1226 3
0.0787387 -0.0346138 0.262 943.167 3
0.0517187 -0.0320522 0.262 537.667 3
0.0532886 -0.0319706 0.261333 953 3
0.058038 -0.033064 0.261 1321.25 3
0.0598525 -0.0325603 0.2615 1352.56 3
0.0619298 -0.0324342 0.2614 1382.5 3
0.0638257 -0.0331273 0.2615 1391.5 3
0.0773065 -0.0326358 0.261143 1428 3
0.0784543 -0.0329061 0.262 1155.67 3
0.043755 -0.0297753 0.262 585.5 3
0.0443238 -0.0297753 0.262 340 3
0.0481213 -0.0299452 0.261 836 3
0.0496123 -0.0303002 0.261889 1060.67 3
0.0512924 -0.0304969 0.261615 1285.85 3
0.0531404 -0.0306742 0.261 1352 3
0.0769349 -0.0304004 0.261667 1584.33 3
0.0781698 -0.0304394 0.262 1423.5 3
0.0433803 -0.0281033 0.2618 1308.2 3
0.0442674 -0.0283168 0.261667 1150 3
0.0481213 -0.028811 0.261 1336 3
0.0494607 -0.0284502 0.261 1414.64 3
0.0513594 -0.028892 0.261 1433.57 3
0.0526547 -0.0293781 0.261 1415 3
0.0773166 -0.0286368 0.262 1531.5 3
0.0778854 -0.0286368 0.262 1446 3
0.0366444 -0.0257907 0.262 1433.88 3
0.0387302 -0.0256958 0.262 1464.33 3
0.0411852 -0.0257258 0.261333 1459.5 3
0.0427156 -0.0265882 0.261444 1443 3
0.0441546 -0.0271099 0.261 1425 3
0.049538 -0.0271099 0.261 1455.5 3
0.0761715 -0.0259757 0.261 1814.33 3
0.030956 -0.0235137 0.262 1468 3
0.0326416 -0.024068 0.261833 1470.75 3
0.0348371 -0.0245816 0.26125 1447.62 3
0.0362212 -0.0245581 0.261 1447 3
0.0416046 -0.0248416 0.261 1473 3
0.0762987 -0.0239064 0.261111 1908.11 3
0.0778854 -0.0232291 0.262 1579 3
0.0272586 -0.0215214 0.262 1320 3
0.0285275 -0.0219859 0.261714 1469 3
0.0303281 -0.0223325 0.2615 1479.38 3
0.0765532 -0.0220344 0.261333 1855.22 3
0.0778854 -0.0220906 0.262 1706 3
0.0272586 -0.0209522 0.262 1066 3
0.0283233 -0.0208989 0.261333 1426.33 3
0.0748496 -0.0194794 0.261333 739.667 3
0.0765532 -0.0200472 0.261333 1704.25 3
0.078312 -0.0198137 0.262 1863.75 3
0.0748516 -0.0180111 0.262 1229.17 3
0.0763904 -0.0178038 0.26175 1588.31 3
0.0784543 -0.0178214 0.262 1892.5 3
0.0767478 -0.0158291 0.262 1581.89 3
0.078568 -0.0157721 0.262 1784.6 3
0.0807297 -0.0152598 0.262 1079 3
0.0679307 -0.0132675 0.262 1016.25 3
0.0706896 -0.0132345 0.261333 1101.33 3
0.0723252 -0.0135411 0.261778 1539.67 3
0.0746847 -0.0129705 0.26175 1766.75 3
0.0766758 -0.0137624 0.261529 1754.41 3
0.078866 -0.013891 0.261769 1738.69 3
0.0806526 -0.0138244 0.26175 1080.17 3
0.059967 -0.0109906 0.262 1760.12 3
0.0666224 -0.011446 0.262 1747.6 3
0.0676714 -0.0120827 0.261 1647.25 3
0.0751814 -0.01239 0.2615 1798 3
0.0767382 -0.0123663 0.261 1825.75 3
0.0787215 -0.0123663 0.261 1626.67 3
0.0804215 -0.0123663 0.261 986.333 3
0.0603047 -0.00981448 0.261 1767.5 3
0.0618009 -0.00982702 0.261333 1781.17 3
0.063887 -0.00984269 0.26175 1769.12 3
0.0654048 -0.00981448 0.261 1777 3
0.0387712 -0.00669566 0.261 2053.75 3
0.0410379 -0.00669566 0.261 1404 3
0.0370713 -0.00499448 0.261 1913.33 3
0.0387712 -0.00527801 0.261 1806.94 3
0.0410379 -0.00527801 0.261 1320.62 3
0.0370713 -0.00386036 0.261 1799 3
0.0387713 -0.0032933 0.261 1889.08 3
0.0407546 -0.00343507 0.261 1850.38 3
0.0787666 -0.0386062 0.264 950.25 3
0.0607113 -0.0360252 0.264 833 3
0.0612845 -0.0360252 0.264 1047 3
0.0641504 -0.0360252 0.264 1369.33 3
0.0663867 -0.0365044 0.263778 1551.22 3
0.0681783 -0.036725 0.263429 1857.71 3
0.0703215 -0.0368167 0.2635 1624.44 3
0.0724663 -0.0369085 0.263571 1354.29 3
0.0744691 -0.0371738 0.2636 1288 3
0.0767552 -0.0373172 0.263 1179 3
0.0787537 -0.0373172 0.263 926.833 3
0.0801813 -0.0361744 0.263 413 3
0.060558 -0.0347907 0.263333 1266 3
0.0616987 -0.0345425 0.263625 1338.12 3
0.0636608 -0.0348198 0.263556 1373.44 3
0.0657029 -0.0353621 0.263333 1446.67 3
0.0803337 -0.0345246 0.2635 512.625 3
0.0616234 -0.0330317 0.263 1382 3
0.0790392 -0.0324603 0.263 1183 3
0.0801813 -0.0318889 0.263 815 3
0.0790392 -0.0303651 0.263 1218.67 3
0.0801813 -0.0304603 0.263 650.875 3
0.0366376 -0.0274215 0.264 1389.33 3
0.041223 -0.0277083 0.264 1418 3
0.0428334 -0.0284002 0.263333 1352.17 3
0.0788575 -0.0280542 0.263667 1229.75 3
0.0329119 -0.0259875 0.264 1460.25 3
0.0345002 -0.0258891 0.263 1446.25 3
0.0369242 -0.0268479 0.264 1407.5 3
0.0389988 -0.0266542 0.2635 1436 3
0.0404959 -0.0264605 0.263 1442.67 3
0.0781934 -0.0262743 0.264 1444 3
0.0266069 -0.0236932 0.264 1424.5 3
0.0282716 -0.0236484 0.2635 1444.38 3
0.0303902 -0.0244281 0.263667 1448.17 3
0.0319307 -0.0247463 0.263 1463 3
0.0781934 -0.0245536 0.264 1576.17 3
0.0251739 -0.022546 0.264 707.5 3
0.0263203 -0.022546 0.264 1171.17 3
0.0276481 -0.0224606 0.263 1427 3
0.0792396 -0.021659 0.263667 1539.83 3
0.080609 -0.0216038 0.264 1254 3
0.0819191 -0.0211121 0.264 793 3
0.0790392 -0.0204607 0.263 1681.5 3
0.0807579 -0.0198586 0.263273 1266.91 3
0.0819191 -0.0205385 0.264 808 3
0.074373 -0.0173619 0.263667 1085.33 3
0.0807523 -0.0178894 0.263 1228 3
0.0727581 -0.0156038 0.263 736.5 3
0.0745269 -0.015685 0.2634 1498 3
0.0758418 -0.0154436 0.2632 1621.6 3
0.0807523 -0.0161752 0.263 1222.88 3
0.0666855 -0.0135206 0.2636 1578.6 3
0.0677273 -0.0138432 0.2632 1049 3
0.0744712 -0.0138895 0.263 1744.25 3
0.0584614 -0.0114289 0.263333 1746.67 3
0.0598515 -0.0122216 0.264 1759.38 3
0.062026 -0.0116271 0.2635 1758.08 3
0.0640283 -0.0116271 0.2635 1758.38 3
0.0657446 -0.0119128 0.2635 1741.62 3
0.0704117 -0.0423663 0.266 718.667 3
0.0664072 -0.0401919 0.265 1254 3
0.0681332 -0.0407676 0.265 1255.75 3
0.0703531 -0.0408878 0.265778 1264.78 3
0.0718555 -0.0403435 0.266 1257 3
0.0767644 -0.0403435 0.266 1238 3
0.0788698 -0.0408182 0.2657 1179.8 3
0.0801291 -0.0408709 0.265667 699.333 3
0.0626673 -0.0378889 0.265 532 3
0.0643934 -0.0381768 0.265 1189.33 3
0.0661718 -0.038674 0.265 1398.09 3
0.0681332 -0.0390404 0.265 1730.25 3
0.0703804 -0.0390016 0.265091 1584.45 3
0.0725052 -0.0391155 0.266 1335.88 3
0.0746015 -0.0388256 0.2655 1301.88 3
0.0767638 -0.0390288 0.265273 1223.64 3
0.0785628 -0.0396535 0.26525 1133 3
0.079928 -0.0396161 0.265 702 3
0.0622564 -0.0368196 0.265 872.571 3
0.0640098 -0.0369293 0.265 1285.33 3
0.0659756 -0.0371692 0.265 1402 3
0.0623797 -0.0355859 0.265 1328 3
0.0632427 -0.0355859 0.265 1346 3
0.080791 -0.0329949 0.265 727.5 3
0.0435566 -0.0302299 0.266 980 3
0.0325837 -0.0276292 0.266 1403.5 3
0.0347626 -0.0275253 0.265 1410.5 3
0.0369151 -0.0282071 0.266 1387.33 3
0.0388259 -0.0278394 0.26525 1405.38 3
0.041169 -0.0287315 0.2655 1414 3
0.0425299 -0.0289647 0.265 1386.5 3
0.0810958 -0.0284961 0.266 563.875 3
0.0268084 -0.0253175 0.266 1429.5 3
0.0283248 -0.0257996 0.2656 1430.8 3
0.0302443 -0.0261598 0.26575 1409.5 3
0.0323087 -0.0264997 0.265429 1435.86 3
0.0347626 -0.0269496 0.265 1431.75 3
0.0796521 -0.0267623 0.266 1249 3
0.0802296 -0.0267623 0.266 1055 3
0.0259741 -0.0241018 0.265333 1344.83 3
0.0284337 -0.0246466 0.265 1441.5 3
0.0795523 -0.0241321 0.265667 1387.67 3
0.0805704 -0.0240913 0.265222 1100.33 3
0.082251 -0.0241617 0.266 413.833 3
0.0793526 -0.0229193 0.265 1446 3
0.0809636 -0.0225739 0.265 1070.8 3
0.0822402 -0.0225307 0.2655 587.75 3
0.0665615 -0.0151075 0.266 1477.33 3
0.0675578 -0.0157224 0.265 743 3
0.056551 -0.01347 0.266 1696 3
0.0577061 -0.01347 0.266 1707.67 3
0.0597274 -0.01347 0.266 1726.88 3
0.0620375 -0.01347 0.266 1719.75 3
0.0642256 -0.0134447 0.2655 1702.12 3
0.0660261 -0.0138049 0.265286 1655.71 3
0.0577768 -0.0122679 0.265 1726.75 3
0.082251 -0.00884667 0.266 900.5 3
0.0810787 -0.00679828 0.265 1110.33 3
0.0822466 -0.00751231 0.2658 790 3
0.0809143 -0.00572903 0.265 1164.29 3
0.0822294 -0.00622253 0.265 750 3
0.0770507 -0.0441405 0.268 568.5 3
0.0724154 -0.0425255 0.267 1096 3
0.0746183 -0.0427576 0.267 1085.8 3
0.0768042 -0.0430046 0.267143 1054.93 3
0.0787921 -0.0431057 0.267 995.333 3
0.0802414 -0.0425256 0.267 805.25 3
0.0725603 -0.0410753 0.267 1212.5 3
0.0744444 -0.0407852 0.267 1262.81 3
0.0765892 -0.0411333 0.267 1242 3
0.0782124 -0.0413653 0.267 1263.5 3
0.0433447 -0.0321643 0.267667 1179.67 3
0.0441751 -0.0327863 0.268 859 3
0.0354471 -0.0295838 0.268 1396 3
0.0369018 -0.0295838 0.268 1385 3
0.0388407 -0.0295102 0.267333 1368.67 3
0.0408283 -0.0302604 0.2678 1387.9 3
0.0428907 -0.0308079 0.26725 1206.75 3
0.0284647 -0.0278369 0.268 1402 3
0.030415 -0.027759 0.26725 1387.75 3
0.0325377 -0.0287104 0.268 1378.17 3
0.0344767 -0.02863 0.26725 1391.25 3
0.0367003 -0.0288638 0.2678 1391.8 3
0.0388407 -0.0289294 0.267333 1389.67 3
0.0402423 -0.0288933 0.267 1410.5 3
0.0262522 -0.0261482 0.2674 1404.8 3
0.0284647 -0.0272547 0.268 1405 3
0.030415 -0.0271784 0.26725 1391.25 3
0.0318366 -0.027153 0.267 1397 3
0.0810143 -0.0260895 0.267 889.917 3
0.0241007 -0.0240522 0.268 703.75 3
0.0257498 -0.0248326 0.267 1422.5 3
0.0561034 -0.0173561 0.268 1501.5 3
0.0558086 -0.0158057 0.267727 1567.27 3
0.0574501 -0.0154357 0.2675 1625.88 3
0.0598856 -0.015027 0.268 1675 3
0.0619221 -0.015027 0.268 1668.75 3
0.064069 -0.0149849 0.26725 1670.5 3
0.066187 -0.0158193 0.2676 1546.5 3
0.0674499 -0.0164827 0.268 1026 3
0.0556042 -0.0143908 0.267 1612.33 3
0.0576332 -0.0143908 0.267 1678.75 3
0.0598856 -0.0144447 0.268 1701 3
0.0619221 -0.0144447 0.268 1694.75 3
0.064069 -0.0144043 0.26725 1684.5 3
0.0654591 -0.0143908 0.267 1647 3
0.0428798 -0.0340775 0.269 678.75 3
0.039522 -0.0318577 0.27 1336 3
0.0408922 -0.0324912 0.269727 1342 3
0.0425044 -0.0327833 0.269 1348.57 3
0.0327394 -0.0300607 0.269667 1365.17 3
0.0344113 -0.0296941 0.269 1383.67 3
0.0365909 -0.0306845 0.27 1366.5 3
0.0387916 -0.0305708 0.269 1346.62 3
0.0414197 -0.0314475 0.269 1384 3
0.0420038 -0.0314475 0.269 1384 3
0.0248667 -0.0277514 0.27 1382.5 3
0.0264057 -0.0279676 0.26925 1367.62 3
0.0281661 -0.028648 0.2696 1387.1 3
0.030615 -0.0288175 0.269 1365.75 3
0.0247746 -0.0261875 0.269 1394.33 3
0.0247746 -0.0250186 0.269 1380.5 3
0.0563127 -0.0191742 0.269 1615 3
0.0582221 -0.0195975 0.27 1542.4 3
0.05916 -0.0198321 0.27 1531.67 3
0.0563127 -0.0182975 0.269 1489.25 3
0.0578808 -0.0177465 0.2695 1551.5 3
0.059495 -0.0174856 0.27 1593 3
0.064729 -0.016899 0.27 1648 3
0.0665186 -0.0174428 0.269333 1460.17 3
0.0682856 -0.0177131 0.269 644.167 3
0.0583569 -0.0159598 0.269 1618.5 3
0.059817 -0.0159597 0.269 1632.5 3
0.0618611 -0.0159597 0.269 1636.67 3
0.0641799 -0.0158825 0.269333 1654.5 3
0.0656574 -0.016252 0.269 1644 3
0.0409959 -0.0359349 0.272 889.5 3
0.0395195 -0.0344575 0.272 1301 3
0.0409047 -0.0345588 0.2714 1230.7 3
0.0423161 -0.0343308 0.271 1027.5 3
0.0312517 -0.0317982 0.272 1351 3
0.036862 -0.0320937 0.272 1345.12 3
0.0387249 -0.0327312 0.2714 1333.7 3
0.0399626 -0.0331532 0.271 1335.5 3
0.0243127 -0.0298775 0.272 1306.75 3
0.026232 -0.0303208 0.272 1324.5 3
0.0285671 -0.0302929 0.27175 1347.25 3
0.0306489 -0.0303519 0.271143 1350.71 3
0.0323732 -0.0308555 0.2715 1352.33 3
0.0346671 -0.0307981 0.271 1375.67 3
0.0226887 -0.0279569 0.272 1385 3
0.0240246 -0.0283959 0.27125 1377.25 3
0.0258414 -0.0290317 0.271 1353 3
0.0226887 -0.026775 0.272 1252.25 3
0.023782 -0.0260878 0.271 1254.25 3
0.0602617 -0.0213775 0.271 1621.75 3
0.0621081 -0.0217519 0.272 1506 3
0.0631416 -0.0220474 0.272 1476 3
0.0602617 -0.0199055 0.271 1508.17 3
0.0619605 -0.019979 0.272 1540.56 3
0.0631416 -0.019979 0.272 1550.33 3
0.0663897 -0.019388 0.272 1555 3
0.0682883 -0.0199056 0.2718 1562.6 3
0.0701706 -0.0199631 0.271778 1340.78 3
0.0717046 -0.0202744 0.272 802.5 3
0.0603205 -0.018257 0.271 1573.4 3
0.0619111 -0.0178029 0.271385 1604.31 3
0.0639041 -0.0178186 0.271818 1614.82 3
0.0660461 -0.0180993 0.2715 1599.88 3
0.068036 -0.0187625 0.2715 1316.25 3
0.0700554 -0.018751 0.271333 570 3
0.063792 -0.0163728 0.271 1644 3
0.0142468 -0.00504875 0.2715 1127.5 3
0.0156021 -0.00550046 0.272 1489.75 3
0.0170784 -0.00550046 0.272 1601.5 3
0.0143679 -0.00400827 0.271 1448.5 3
0.0375671 -0.0384225 0.275 938.5 3
0.0386665 -0.0383292 0.274333 590.833 3
0.0375671 -0.03663 0.275 1234.25 3
0.0388806 -0.0367336 0.274231 1163.69 3
0.0403558 -0.0367504 0.273667 871.333 3
0.024133 -0.0342401 0.275 849.5 3
0.033089 -0.0339413 0.275 1334 3
0.0348158 -0.0338796 0.2745 1328.75 3
0.0368797 -0.0344558 0.274333 1285.78 3
0.038654 -0.0348134 0.2734 1287.8 3
0.0402575 -0.0354739 0.273 1260 3
0.0224758 -0.03236 0.273 602.875 3
0.0243724 -0.0326685 0.274333 1197.89 3
0.0262843 -0.0326165 0.2744 1363.5 3
0.0283372 -0.032737 0.274455 1381.55 3
0.0304143 -0.0323221 0.273571 1367.29 3
0.0327757 -0.0325832 0.27425 1352.75 3
0.0346897 -0.0325688 0.2735 1356.58 3
0.0367901 -0.0331822 0.273667 1337.67 3
0.0378866 -0.0331014 0.273 1334 3
0.0201411 -0.0300415 0.2735 835.125 3
0.0221794 -0.0304323 0.273 1211.25 3
0.0240846 -0.0308136 0.273 1281.57 3
0.0263767 -0.0313793 0.2735 1329.75 3
0.028403 -0.031322 0.273 1332 3
0.0301812 -0.031322 0.273 1345.33 3
0.0755038 -0.0299485 0.274 1358.5 3
0.0760987 -0.0299485 0.274 1459 3
0.0198061 -0.0283043 0.274143 1088.57 3
0.021883 -0.0285046 0.273 1338.25 3
0.0710028 -0.0276678 0.275 1535 3
0.072506 -0.0279319 0.274667 1447.89 3
0.0746114 -0.0284602 0.274 1181.92 3
0.0762474 -0.0283114 0.274 1130 3
0.0200175 -0.0263167 0.274714 1413.86 3
0.0220345 -0.0261468 0.273667 1122.75 3
0.0671752 -0.0254836 0.274 1576 3
0.068535 -0.0259939 0.274 1463.71 3
0.0702358 -0.0261106 0.274333 1369.33 3
0.0725028 -0.0262435 0.274769 1377.62 3
0.0746283 -0.0263824 0.274062 1196.56 3
0.0763537 -0.0265041 0.274 1019.57 3
0.0220433 -0.0246805 0.275 738.833 3
0.0232375 -0.0246805 0.275 345.5 3
0.0662215 -0.0240362 0.273333 1447.67 3
0.068365 -0.0239954 0.274 1431 3
0.0703008 -0.0239471 0.274231 1436.38 3
0.0724667 -0.0241142 0.274667 1282.13 3
0.0742674 -0.024391 0.274143 770.857 3
0.0760987 -0.0248883 0.274 242 3
0.0642628 -0.0221284 0.273 1469.88 3
0.066041 -0.0221284 0.273 1490 3
0.0681987 -0.0218592 0.273333 1534.33 3
0.0702757 -0.0218592 0.273333 1456.42 3
0.0722087 -0.0219518 0.273429 838.429 3
0.0737191 -0.0225071 0.274 120 3
0.0642628 -0.0200524 0.273 1561.33 3
0.0659224 -0.0201711 0.273 1544.9 3
0.0675228 -0.020349 0.273 1548.5 3
0.0642629 -0.0188662 0.273 1591.5 3
0.0654483 -0.0188662 0.273 1598 3
0.0157741 -0.00914599 0.275 1151 3
0.0141776 -0.00730008 0.273 591 3
0.0156813 -0.00731092 0.273375 1378.69 3
0.0177884 -0.00732272 0.273833 1561.92 3
0.0199536 -0.00795104 0.275 1572.12 3
0.0240079 -0.0359936 0.277 490 3
0.0288192 -0.0362945 0.277 1672 3
0.0294206 -0.0359936 0.277 1517 3
0.0354347 -0.0368964 0.277 1258 3
0.0365486 -0.0368076 0.276333 1246.25 3
0.0247141 -0.0348782 0.2765 998 3
0.0262458 -0.034788 0.2765 1431.7 3
0.0282968 -0.0346805 0.2766 1478.1 3
0.0303746 -0.0348111 0.276727 1369.73 3
0.0323234 -0.0348344 0.27675 1308.12 3
0.0344382 -0.0349959 0.27625 1298.12 3
0.035906 -0.0349642 0.276 1274 3
0.0305128 -0.0334651 0.276 1359 3
0.0320109 -0.0334651 0.276 1343 3
0.0201008 -0.0245474 0.2762 1453.5 3
0.0216023 -0.0236563 0.277 735 3
0.0160178 -0.0112329 0.277 744.286 3
0.0173924 -0.0107171 0.277 1533 3
0.019798 -0.0107171 0.277 1569.33 3
0.0216023 -0.0107171 0.277 1594 3
0.0164059 -0.00974082 0.2766 1224.8 3
0.0178522 -0.00931296 0.276143 1524.86 3
0.0199639 -0.00943451 0.276273 1532.82 3
0.0219681 -0.00949862 0.276556 1569.78 3
0.0234065 -0.00921251 0.277 1584 3
0.0263013 -0.0404967 0.279 1093.5 3
0.0356905 -0.0404967 0.279 1074 3
0.0368131 -0.0404 0.278333 537.667 3
0.0243964 -0.0385396 0.278 760.333 3
0.0262778 -0.0389472 0.27875 1435.38 3
0.028118 -0.0383539 0.2784 1844 3
0.0305416 -0.038072 0.279 1392.25 3
0.0353271 -0.0387994 0.279 1198.8 3
0.0368131 -0.0391905 0.278333 994.111 3
0.0244567 -0.0368484 0.278 746.6 3
0.0262071 -0.0367276 0.278 1496.17 3
0.0281471 -0.0368139 0.278 1873.29 3
0.0305543 -0.0368313 0.278364 1424.91 3
0.0325447 -0.0364256 0.278 1306 3
0.034462 -0.0366857 0.27825 1276.25 3
0.0183605 -0.0252517 0.278 536 3
0.0183605 -0.0240437 0.278 788.5 3
0.0195677 -0.0237417 0.278 1525.25 3
0.0184266 -0.0220086 0.279 1088.38 3
0.019941 -0.0226147 0.279 1457.17 3
0.0211525 -0.0226148 0.279 1137 3
0.0179288 -0.0115141 0.2788 1549.7 3
0.019941 -0.0117037 0.279 1613.5 3
0.0221529 -0.0115984 0.278889 1602.11 3
0.0241523 -0.0113877 0.278667 1555.33 3
0.0183605 -0.0101518 0.278 1536 3
0.0228874 -0.0101518 0.278 1561 3
0.0240946 -0.0101518 0.278 1524.67 3
0.0284027 -0.0426795 0.2806 830.6 3
0.0266996 -0.0415544 0.28 857 3
0.0283215 -0.0409679 0.2805 1250.67 3
0.0301505 -0.0404817 0.281 1198.5 3
0.0350313 -0.0404817 0.281 1155.75 3
0.0288274 -0.039121 0.28 1617 3
0.030384 -0.0391676 0.280333 1316 3
0.0326421 -0.0389738 0.280727 1255.27 3
0.0345504 -0.0390306 0.280286 1227.86 3
0.0327788 -0.0376002 0.28 1296 3
0.0339947 -0.0376002 0.28 1272 3
0.0200124 -0.0214791 0.28 1443.67 3
0.0212283 -0.0214791 0.28 1390 3
0.0181887 -0.0198062 0.28 1170 3
0.0200526 -0.0199974 0.280556 1508.11 3
0.0213041 -0.0200295 0.281 1608.67 3
0.017893 -0.0178366 0.280125 1193.38 3
0.0198805 -0.0179945 0.281 1607 3
0.0213041 -0.0188085 0.281 1662 3
0.0179383 -0.0157462 0.280833 1476.33 3
0.0197789 -0.0157559 0.281 1740.5 3
0.0179012 -0.0135833 0.28025 1715.62 3
0.0200482 -0.013596 0.2805 1773.75 3
0.0217032 -0.0132792 0.28025 1704.12 3
0.0240496 -0.0130087 0.281 1611.88 3
0.0257877 -0.0117457 0.28 1542.5 3
0.0305885 -0.0428041 0.282222 1001.56 3
0.032503 -0.0429053 0.282889 1047.56 3
0.0346453 -0.0428969 0.282833 959.417 3
0.0363804 -0.0421575 0.282 701 3
0.0308088 -0.0411772 0.282 1142.2 3
0.0324264 -0.0409649 0.282222 1166.22 3
0.0342676 -0.0411222 0.28225 1158 3
0.0363804 -0.0415448 0.282 908 3
0.0222984 -0.0231642 0.282 375.5 3
0.0222984 -0.0219389 0.282 1099.33 3
0.0236063 -0.0217093 0.283 1172.75 3
0.0223774 -0.0198647 0.283 1863.62 3
0.0207677 -0.0176501 0.282 1686.67 3
0.0220449 -0.0176918 0.282667 1890.89 3
0.0207677 -0.015812 0.282 1837 3
0.0220098 -0.0158249 0.282222 1860.67 3
0.0236063 -0.0155606 0.283 1701.5 3
0.0222984 -0.0142802 0.282 1725.25 3
0.024179 -0.0143056 0.2825 1610.12 3
0.0263098 -0.0130704 0.282333 1454.33 3
0.0276001 -0.0131012 0.283 1402.5 3
0.0247013 -0.0234107 0.285 121 3
0.02532 -0.0234107 0.285 169 3
0.0247013 -0.0221723 0.285 815.333 3
0.02532 -0.0221723 0.285 932 3
0.0237731 -0.0200051 0.285 2032 3
0.0238819 -0.0177321 0.284714 1858.71 3
0.02532 -0.0172186 0.285 1480 3
0.024262 -0.0161826 0.2842 1668.6 3
0.0259939 -0.0156569 0.28475 1414.75 3
0.0284139 -0.0147418 0.285 1457 3
0.0263602 -0.0143298 0.2842 1413.4 3
0.0285331 -0.0135654 0.284429 1432.29 3
0.0263403 -0.0234928 0.286 500 3
0.0283017 -0.023575 0.287 799.25 3
0.0247879 -0.0210073 0.286 1971 3
0.0262368 -0.0218358 0.286 1363.11 3
0.0283018 -0.0220161 0.287 1040.94 3
0.0301711 -0.0217043 0.287 720.333 3
0.0247879 -0.0197646 0.286 2015.33 3
0.0260298 -0.0197646 0.286 1814.44 3
0.0283018 -0.0198337 0.287 1380.08 3
0.0301711 -0.0198337 0.287 808.167 3
0.0247879 -0.0182111 0.286 1772 3
0.0261074 -0.0179781 0.286 1508.12 3
0.0283018 -0.017963 0.287 1346 3
0.0303047 -0.017874 0.287 947.857 3
0.0317289 -0.0173395 0.287 785 3
0.026806 -0.0161917 0.286 1403.25 3
0.0284289 -0.0161217 0.2864 1447.5 3
0.0303262 -0.0157651 0.2867 1199.2 3
0.0316737 -0.0157547 0.2865 1062 3
0.0303765 -0.0141722 0.286 1479.33 3
0.0316184 -0.0141722 0.286 1429 3
0.0312142 -0.0195899 0.288 625 3
0.0318395 -0.0195899 0.288 491 3
0.0312142 -0.0183384 0.288 828.5 3
0.0324648 -0.0183384 0.288 668.167 3
