0.0809227 0.00363391 0.186 2840.8 3
0.0829554 0.00331062 0.186 2803.07 3
0.0849745 0.00331062 0.186 2499.25 3
0.083031 -0.000534125 0.188 2668.75 3
0.0848678 -0.000942583 0.188 2634.7 3
0.0728168 0.00108662 0.187882 2914.41 3
0.0744233 0.00108769 0.188 2809.71 3
0.0758879 0.00171239 0.188 2856 3
0.0789492 0.00171239 0.188 2847.25 3
0.0809135 0.00104318 0.187909 2697.5 3
0.0828124 0.000907617 0.187593 2664.78 3
0.0850046 0.000828458 0.18776 2589.6 3
0.0865005 0.000759323 0.188 2155.67 3
0.0711939 0.00375468 0.188 2809 3
0.0724977 0.00315781 0.187229 2932.91 3
0.0746413 0.00315735 0.18725 2844.61 3
0.0767379 0.00327353 0.187792 2961.88 3
0.078763 0.00316298 0.187485 2906.06 3
0.0806506 0.00275016 0.187191 2823 3
0.0827924 0.00210957 0.187 2745.4 3
0.0853515 0.00303983 0.187143 2544.57 3
0.0865005 0.00212085 0.188 2090 3
0.0728946 0.00515326 0.1876 3429.85 3
0.0746036 0.00532874 0.187083 3208.58 3
0.0767023 0.00515671 0.187 3038.1 3
0.0787323 0.00515671 0.187 2882.1 3
0.0807623 0.00515671 0.187 2790.55 3
0.0827924 0.00515671 0.187 2716.05 3
0.084863 0.00507545 0.187 2538 3
0.0732348 0.00661388 0.188 2307.5 3
0.0742601 0.00659629 0.1875 2104.75 3
0.0748181 -0.0046924 0.191 2715.88 3
0.0730328 -0.00289817 0.190818 2532.55 3
0.0744898 -0.00323239 0.19048 2809.52 3
0.0764519 -0.00308359 0.190938 2816.25 3
0.0787577 -0.00241004 0.191 2771 3
0.0809468 -0.00276303 0.190786 2699 3
0.0829461 -0.00279356 0.190563 2605.12 3
0.0849856 -0.00302881 0.190048 2566.38 3
0.0869722 -0.00333216 0.190524 2448.48 3
0.0885028 -0.00241004 0.191 2105.5 3
0.0712932 -0.000542648 0.191 2580.5 3
0.0726102 -0.00109261 0.189903 2705.58 3
0.0746095 -0.00113795 0.189304 2745.04 3
0.0767551 -0.0011613 0.19025 2801.25 3
0.0788422 -0.00113413 0.190379 2807.76 3
0.0808428 -0.00120232 0.189607 2712.86 3
0.0827815 -0.00138137 0.18925 2670.65 3
0.0846744 -0.00179819 0.189 2610.29 3
0.0870686 -0.00110969 0.189 2438.63 3
0.0885028 -0.00199506 0.191 2159 3
0.0708641 0.00125388 0.190263 2710.95 3
0.0721483 0.000562781 0.189471 2691.59 3
0.0752657 0.000284294 0.189 2766 3
0.0766824 0.000880686 0.189 2927.38 3
0.0787029 0.000746629 0.18925 2833.08 3
0.0802925 0.000489609 0.189 2702.5 3
0.0871147 0.000832303 0.189333 2135.33 3
0.0884386 0.00106501 0.19075 1851.75 3
0.0623774 0.00360711 0.191 3319.38 3
0.066939 0.00360711 0.191 3185.25 3
0.068575 0.00326521 0.190565 3217.7 3
0.0703823 0.0030805 0.189471 3013.85 3
0.0717777 0.00254276 0.189 2541 3
0.0771123 0.00213213 0.189 2916 3
0.0781382 0.00213213 0.189 2926 3
0.0885028 0.00215469 0.191 1827.5 3
0.0598004 0.00517809 0.191 3503.38 3
0.0619408 0.00505747 0.190933 3388.13 3
0.0640753 0.00525159 0.1905 3325.83 3
0.0661082 0.00524916 0.1904 3308.77 3
0.0681883 0.00526747 0.189943 3291.4 3
0.0704981 0.0054048 0.189517 3319.38 3
0.0722933 0.0057227 0.189133 3350.93 3
0.0872145 0.00565224 0.19 1816.5 3
0.0600966 0.00651194 0.191 3544 3
0.0618936 0.00678859 0.191 3277.5 3
0.0636321 0.00695944 0.19 3020.78 3
0.0658781 0.00695944 0.19 2889.33 3
0.0682386 0.00668424 0.19 3061.67 3
0.0705075 0.00668424 0.19 2793.2 3
0.0723396 0.00666313 0.1894 2559.4 3
0.0747635 -0.00662848 0.193 2544.5 3
0.0766491 -0.00662848 0.193 2763 3
0.0779062 -0.00662848 0.193 2909 3
0.0892201 -0.00662848 0.193 2069.2 3
0.0904772 -0.00662848 0.193 947 3
0.0731695 -0.00473335 0.192667 2416.17 3
0.0744854 -0.00552466 0.1925 2636.1 3
0.0767024 -0.00539283 0.192333 2675.57 3
0.0787884 -0.00526017 0.193 2769.58 3
0.0809325 -0.00511427 0.193 2704 3
0.0829346 -0.00516086 0.193 2580.7 3
0.0850258 -0.00485784 0.192857 2540.71 3
0.0871076 -0.00514858 0.1925 2499.65 3
0.0891584 -0.00536838 0.192333 2077.74 3
0.0904772 -0.00620916 0.193 1155 3
0.0712017 -0.00243528 0.193 2991 3
0.0726012 -0.00324165 0.192529 2541.94 3
0.0772941 -0.00388267 0.192 2780.5 3
0.0787519 -0.00342367 0.192222 2851.33 3
0.0805766 -0.00367663 0.192125 2762.25 3
0.0829217 -0.00388267 0.192 2666.9 3
0.0847976 -0.00388267 0.192 2620 3
0.0894228 -0.00340492 0.192059 1944.53 3
0.0910359 -0.0033671 0.193 1135.11 3
0.0709148 -0.000833197 0.192636 2942.36 3
0.0717902 -0.00159112 0.192333 2760.22 3
0.0900581 -0.00159663 0.193 1886.67 3
0.0904772 -0.00159663 0.193 1770 3
0.0605164 0.00175793 0.193 3281 3
0.061983 0.00175793 0.193 3231 3
0.0643067 0.00141485 0.193 3166.73 3
0.0661733 0.00133861 0.193 3103.93 3
0.0684565 0.00114582 0.192727 3119.5 3
0.0701848 0.000629429 0.192211 3060.89 3
0.0579323 0.00350511 0.193 3590.42 3
0.059985 0.00313654 0.192538 3420.35 3
0.0619219 0.00280564 0.192263 3299.79 3
0.064217 0.00294831 0.192217 3246.13 3
0.0661587 0.00294831 0.192217 3209.65 3
0.0680265 0.00241852 0.1922 3141.5 3
0.0695822 0.00216597 0.192 3180 3
0.0891207 0.0030062 0.192333 1832.33 3
0.0540214 0.00563665 0.193 3751 3
0.0558982 0.00526359 0.192792 3685.5 3
0.0578613 0.0050431 0.192148 3620.63 3
0.0593691 0.00446029 0.192 3555.5 3
0.0539166 0.00705186 0.193 3729.94 3
0.0557584 0.00695523 0.192818 3679.86 3
0.0578842 0.00705329 0.192217 3489 3
0.0593336 0.00708369 0.192111 3361.78 3
0.0542309 0.00846707 0.193 2419 3
0.0586307 0.00846707 0.193 2159 3
0.0590498 0.00846707 0.193 2111 3
0.0901446 -0.0105102 0.195 1253 3
0.090568 -0.0105102 0.195 768 3
0.0774434 -0.0088155 0.195 2533 3
0.0789958 -0.00909795 0.195 2838.89 3
0.080407 -0.0088155 0.195 2649.33 3
0.0880278 -0.0088155 0.195 2287 3
0.0895801 -0.00923917 0.195 1942.42 3
0.0906238 -0.0092241 0.194667 936.833 3
0.072998 -0.00669717 0.195 2635 3
0.0745512 -0.00692914 0.194714 2378.71 3
0.0766585 -0.00758605 0.194687 2658.88 3
0.0787046 -0.00759885 0.194478 2850.91 3
0.0807751 -0.00747561 0.194682 2766.86 3
0.0830866 -0.00703592 0.194583 2553.83 3
0.0850604 -0.00732409 0.19475 2485.75 3
0.0872507 -0.00736172 0.194727 2414.23 3
0.0892816 -0.00769394 0.194565 2192.39 3
0.0907168 -0.00779159 0.194111 965 3
0.0726101 -0.00535482 0.1947 2583 3
0.0738281 -0.00600131 0.1944 2384.8 3
0.0791523 -0.00624134 0.194 2828.67 3
0.0807168 -0.0060607 0.194 2782.86 3
0.0829431 -0.00624134 0.194 2577.8 3
0.0852788 -0.00589648 0.194 2527.18 3
0.0869144 -0.0060607 0.194 2493.43 3
0.0884188 -0.00624134 0.194 2439 3
0.0681292 -0.00246051 0.195 2981 3
0.0703701 -0.00297692 0.194889 2978.94 3
0.0719256 -0.00361151 0.19425 2779.25 3
0.0915778 -0.00244789 0.194 1371 3
0.0643188 -0.000554013 0.195 3165.67 3
0.0661211 -0.000892093 0.1947 3083.05 3
0.0682235 -0.00120362 0.194556 3016.15 3
0.0702 -0.00133858 0.194182 2995.5 3
0.091472 -0.00100358 0.194286 1661.93 3
0.0928966 -0.000977679 0.195 955.5 3
0.056063 0.00177615 0.195 3592.25 3
0.0578597 0.0014262 0.194636 3480.64 3
0.0597446 0.000961143 0.194583 3387.54 3
0.0618307 0.000714061 0.1945 3255.5 3
0.0637803 0.000573145 0.194222 3183.28 3
0.066095 0.000291815 0.194 3150.8 3
0.0679904 0.000291815 0.194 3097.38 3
0.0913196 0.000832024 0.194444 1720.56 3
0.0928966 0.00029332 0.195 1289.25 3
0.0499241 0.00368265 0.195 3610.17 3
0.051799 0.00344055 0.195 3814.71 3
0.0536511 0.00325332 0.1947 3718.95 3
0.055719 0.00307216 0.194417 3628.29 3
0.057589 0.00273466 0.194059 3553.18 3
0.0595663 0.00218854 0.194 3423.75 3
0.0901446 0.00389448 0.195 1917 3
0.0908903 0.00311684 0.194455 1732.45 3
0.0439968 0.00516548 0.195 3431 3
0.0451673 0.00546454 0.195 3227.53 3
0.0499241 0.00516548 0.195 3838.93 3
0.0514893 0.00515242 0.19452 3829.48 3
0.0533115 0.00499147 0.194 3750.15 3
0.0551437 0.00450675 0.194 3725.83 3
0.0901446 0.00516548 0.195 1692.2 3
0.0909914 0.00516548 0.195 1625.93 3
0.043056 0.00700137 0.195 3631.33 3
0.0452669 0.00643648 0.195 3319 3
0.0500934 0.00669068 0.195 3840 3
0.0515488 0.00716755 0.194455 3782.27 3
0.0530678 0.0074271 0.194 3672.86 3
0.0897213 0.00664832 0.195 1379.83 3
0.090568 0.00664832 0.195 1266 3
0.0519847 0.00851094 0.194 2761.5 3
0.0532483 0.00851094 0.194 2584.5 3
0.0876044 0.0163927 0.195 2774 3
0.0831892 0.0185412 0.195 2921 3
0.085145 0.0180845 0.19475 2850.55 3
0.087068 0.017834 0.19456 2816.56 3
0.0889852 0.017982 0.194933 2711.73 3
0.0774434 0.0206293 0.195 2990.5 3
0.0788076 0.0202527 0.195 2976.5 3
0.0808304 0.0202056 0.195 2963.05 3
0.0829448 0.0199799 0.194586 2925.21 3
0.0850171 0.0198627 0.194038 2892.19 3
0.0871551 0.0198913 0.194 2868.72 3
0.089146 0.0199596 0.194667 2687.93 3
0.0771612 0.0218297 0.195 2675.67 3
0.0786959 0.0220768 0.195 2423.5 3
0.0807901 0.0219507 0.195 2496.29 3
0.0829069 0.0218217 0.194636 2414.27 3
0.0851797 0.0219684 0.1945 2168.17 3
0.08705 0.0219563 0.194444 2348.17 3
0.0891164 0.0217187 0.195 2189.64 3
0.090568 0.0214767 0.195 1431.5 3
0.0774434 0.0233831 0.195 533 3
0.0786077 0.0233831 0.195 897 3
0.0799837 0.0233831 0.195 1512 3
0.0856992 0.0233831 0.195 1230 3
0.086546 0.0233831 0.195 1652.5 3
0.0902138 -0.012972 0.197 1616 3
0.0906415 -0.012972 0.197 1182 3
0.0773823 -0.010618 0.197 2196 3
0.0787928 -0.0109733 0.196786 2554.29 3
0.0807772 -0.011065 0.196786 2456.57 3
0.0829426 -0.010618 0.197 2280.2 3
0.0852128 -0.0110131 0.197 2252.92 3
0.0872439 -0.0110125 0.196875 2209.62 3
0.0894503 -0.0113856 0.19664 2052.68 3
0.0906415 -0.012116 0.197 1367.5 3
0.0767591 -0.00903179 0.196789 2412.63 3
0.0784697 -0.00975476 0.196313 2702.94 3
0.0810314 -0.009564 0.196071 2540.21 3
0.0829825 -0.00929193 0.196478 2374.3 3
0.0850131 -0.0093155 0.196259 2328.63 3
0.0872214 -0.00932727 0.196154 2298.88 3
0.0890982 -0.0097898 0.196 2188.55 3
0.0711803 -0.00655185 0.197 2828.5 3
0.0724032 -0.00678574 0.196615 2783.31 3
0.0744326 -0.00769488 0.196667 2388.27 3
0.0757128 -0.00779611 0.196 2410 3
0.0831599 -0.00779612 0.196 2527.62 3
0.0686141 -0.00483981 0.197 2920.88 3
0.0705536 -0.00521481 0.196778 2864.78 3
0.0716702 -0.00524108 0.196 2851.75 3
0.0621983 -0.00248575 0.197 3127.5 3
0.0644748 -0.00274129 0.1969 3033.7 3
0.0663312 -0.00325206 0.1967 2962.9 3
0.0681111 -0.00349281 0.196286 2924.86 3
0.0700389 -0.00382162 0.196 2939.17 3
0.0579211 -0.000559695 0.197 3438.38 3
0.0599946 -0.000843772 0.196556 3287.28 3
0.0620663 -0.00116486 0.196583 3266.96 3
0.0640361 -0.00143092 0.196318 3145.05 3
0.0659253 -0.00183437 0.196 3062.33 3
0.0672019 -0.00204729 0.196 3005 3
0.0433788 0.00179437 0.197 3417.75 3
0.0454257 0.00106064 0.197 3329.81 3
0.0471131 0.00126759 0.197 3201.38 3
0.0493668 0.00179437 0.197 3825.75 3
0.0514487 0.00142555 0.196786 3701.93 3
0.0534816 0.00136332 0.196667 3640.67 3
0.05564 0.000897012 0.196636 3537.23 3
0.0575568 0.000507931 0.196125 3466.69 3
0.0591165 0.000294824 0.196 3386 3
0.0923091 0.00178526 0.196 1698 3
0.0934329 0.00146702 0.196125 1490.88 3
0.0949186 0.00179437 0.197 642 3
0.0418818 0.00329241 0.197 3339 3
0.0430901 0.00310535 0.1965 3234.75 3
0.0451195 0.00306503 0.1962 3396.28 3
0.0471835 0.00294656 0.196429 3600.81 3
0.0496671 0.00253612 0.1965 3653.25 3
0.0512993 0.00257852 0.196214 3787.57 3
0.0535844 0.0022111 0.196 3702.4 3
0.0550738 0.0022111 0.196 3609.5 3
0.0923091 0.00306278 0.196 1684.4 3
0.0935881 0.00307046 0.19645 1543.95 3
0.0949186 0.0030784 0.197 926.8 3
0.0413855 0.00490808 0.196 3745.11 3
0.0429458 0.00519197 0.196 3239.32 3
0.0454991 0.00455321 0.196 3477.83 3
0.0468821 0.00508551 0.196 3680.67 3
0.0923091 0.00533392 0.196 1707.67 3
0.0936876 0.00519529 0.196864 1470.64 3
0.0949186 0.00521846 0.197 747.8 3
0.0416692 0.00646949 0.196 3757 3
0.0429458 0.00646949 0.196 3343 3
0.0469885 0.00646949 0.196 3710.5 3
0.0508184 0.00795992 0.196 3757.25 3
0.0896176 0.00723117 0.196111 1514.33 3
0.0914194 0.00753382 0.196294 1447.29 3
0.0935999 0.00732285 0.197 1341.58 3
0.0949186 0.00714451 0.197 345.25 3
0.0500084 0.00864255 0.197 3270 3
0.050691 0.0086133 0.196333 3161.67 3
0.0902138 0.00864255 0.197 1583 3
0.0916285 0.00903764 0.197 1802.77 3
0.0934217 0.00864255 0.197 1512.75 3
0.0876475 0.0146347 0.197 2733.33 3
0.0894194 0.0145124 0.197 2727 3
0.0906415 0.0146347 0.197 2710 3
0.083798 0.0165608 0.197 2887.5 3
0.0852384 0.0163152 0.196625 2850.81 3
0.0871066 0.0158032 0.196333 2777.29 3
0.0893806 0.0158232 0.196333 2745.86 3
0.0911081 0.0159576 0.197 2412.82 3
0.0773823 0.0182728 0.197 3084 3
0.0786741 0.0184548 0.196667 3061.8 3
0.0807794 0.0180294 0.196519 2993.89 3
0.0829451 0.0177942 0.196348 2920.74 3
0.084862 0.0173284 0.196 2848.25 3
0.0899686 0.0173284 0.196 2715.5 3
0.091005 0.0180025 0.1964 2090.4 3
0.0724635 0.0206269 0.197 3231 3
0.074785 0.0204131 0.196818 3098.64 3
0.0766671 0.0200549 0.1965 3071.82 3
0.0782992 0.0194559 0.196182 3038.82 3
0.0808194 0.0192447 0.196 2976.6 3
0.082096 0.0192447 0.196 2984 3
0.0913365 0.0199347 0.1965 1682.92 3
0.0708952 0.0222676 0.197 3085.17 3
0.0725419 0.0220386 0.196593 2929.52 3
0.0744282 0.0220304 0.196167 2749.47 3
0.0764423 0.0223472 0.196 2415 3
0.0852876 0.0230772 0.196 1094.5 3
0.0878408 0.0230772 0.196 1972.5 3
0.0895827 0.0229274 0.196286 1595 3
0.0909623 0.0218039 0.197 1695.5 3
0.0707527 0.023409 0.197 1816.38 3
0.072335 0.0234493 0.196571 1382.43 3
0.0744362 0.023503 0.196 872 3
0.0765639 0.023503 0.196 636 3
0.0856068 0.0238224 0.196 1088 3
0.0875717 0.0242705 0.19675 1715.42 3
0.0890843 0.0240378 0.196615 1468.69 3
0.0873092 -0.0150241 0.198667 1515 3
0.0889522 -0.0149737 0.198 486 3
0.0811923 -0.0131037 0.199 2114.67 3
0.0827765 -0.0131037 0.199 2179.83 3
0.0853506 -0.0133117 0.198875 2170.19 3
0.0872818 -0.0137598 0.198429 2054.07 3
0.089326 -0.0136083 0.198 1851.78 3
0.0770299 -0.010924 0.198667 2258 3
0.078485 -0.0117568 0.198167 2197.42 3
0.0807843 -0.0121775 0.198 2395.8 3
0.0830908 -0.0117704 0.198375 2265.62 3
0.0848137 -0.0119701 0.198125 2240.62 3
0.0872326 -0.0121775 0.198 2224.1 3
0.0887372 -0.0121775 0.198 2207.5 3
0.0729832 -0.00878016 0.199 2584 3
0.0747884 -0.00901461 0.198714 2516.43 3
0.0763267 -0.0096848 0.198333 2459.83 3
0.064558 -0.00661837 0.199 2290.5 3
0.0658851 -0.00686543 0.199 2580.07 3
0.0682305 -0.00661837 0.199 2873.3 3
0.0703158 -0.00684682 0.198562 2790.94 3
0.072463 -0.00783827 0.198308 2678 3
0.0587252 -0.00510512 0.199 2930.6 3
0.059898 -0.00498159 0.199 2801.14 3
0.0618692 -0.00464929 0.198 2632.53 3
0.0640805 -0.00496207 0.19819 2729.48 3
0.0660695 -0.00516686 0.198435 2927 3
0.0680374 -0.00551327 0.198125 2921.5 3
0.0698221 -0.00572474 0.198 2835.75 3
0.0459794 -0.00251098 0.199 3420 3
0.0472756 -0.00251098 0.199 3189.5 3
0.0559477 -0.00269628 0.199 3410.71 3
0.0578967 -0.0029966 0.198937 3312.62 3
0.059885 -0.00315319 0.19855 3146.7 3
0.0617933 -0.00325751 0.198 3042.88 3
0.0638864 -0.00339182 0.198 2966.23 3
0.0657382 -0.00378892 0.198 2956.33 3
0.0440352 -0.000565378 0.199 2901 3
0.0453911 -0.00106145 0.1986 3362.25 3
0.0471335 -0.00121134 0.1984 3331.35 3
0.0490348 -0.000812438 0.199 3701.14 3
0.0514501 -0.000957912 0.198818 3692.68 3
0.0536209 -0.000996313 0.1985 3592.3 3
0.0556535 -0.00126869 0.198565 3520.65 3
0.0574956 -0.00141378 0.19821 3443.63 3
0.0594853 -0.00171621 0.198 3272.27 3
0.0612243 -0.00206818 0.198 3195 3
0.0414428 0.00181259 0.199 3599.67 3
0.0431217 0.000944743 0.198444 3281.44 3
0.0445662 0.000512924 0.198 3228.5 3
0.0477904 0.000512924 0.198 3452.88 3
0.0494773 0.000728467 0.1983 3738.8 3
0.0514086 0.000441227 0.198 3711.08 3
0.0537013 0.000297832 0.198 3597.8 3
0.054991 0.000297832 0.198 3559 3
0.0375543 0.00375819 0.199 3742 3
0.0390357 0.00351113 0.199 3797.57 3
0.0409764 0.00317739 0.198565 3722.91 3
0.0423094 0.00223366 0.198 3162.5 3
0.0328017 0.00613615 0.199 3453.33 3
0.0347078 0.00575895 0.198786 3738.14 3
0.0369037 0.00538673 0.198435 3789.7 3
0.0387786 0.00510135 0.1983 3832 3
0.0403627 0.00462291 0.199 3840 3
0.0329128 0.00746255 0.198579 3360.42 3
0.0347565 0.00736659 0.198115 3787.65 3
0.0369357 0.00739587 0.198 3799.32 3
0.0384404 0.00696569 0.198 3840 3
0.089738 0.00741741 0.1986 1499.4 3
0.0329937 0.00910144 0.1986 3089.7 3
0.0346727 0.00954025 0.198583 3354.38 3
0.0367934 0.00954592 0.198308 3264.23 3
0.0901356 0.00933541 0.198714 2079.29 3
0.0912029 0.00991625 0.198222 2402.56 3
0.0935581 0.00982335 0.198 2120.43 3
0.0951035 0.0100027 0.1985 856.875 3
0.0347459 0.0108921 0.199 2468 3
0.0364742 0.0108921 0.199 2429.75 3
0.0902655 0.0115406 0.199 2789 3
0.0914165 0.011676 0.198138 2778.79 3
0.0934629 0.011513 0.198267 2141.6 3
0.0952586 0.0115944 0.198857 822 3
0.0874179 0.0140026 0.198667 2785.08 3
0.0894117 0.0135114 0.198476 2758.95 3
0.0914557 0.0135612 0.198091 2645.36 3
0.0935515 0.013518 0.198571 1674.93 3
0.0948021 0.0132701 0.199 884.875 3
0.0768717 0.0165127 0.199 3036.33 3
0.0789486 0.016245 0.1989 2981 3
0.0807682 0.0160527 0.198667 2937.67 3
0.0829249 0.0160527 0.198667 2884.87 3
0.085082 0.0153924 0.1985 2836.5 3
0.0868027 0.0149241 0.198 2795.5 3
0.0920689 0.0151392 0.198 2187.5 3
0.0934955 0.0155641 0.198714 1341.36 3
0.0725511 0.0184583 0.199 3234.5 3
0.0748074 0.018074 0.199 3154.5 3
0.0766418 0.0178774 0.198619 3053.05 3
0.078573 0.0173236 0.198389 3018.22 3
0.0805386 0.0170443 0.198 2975.86 3
0.0829337 0.0168599 0.198 2903.4 3
0.0930739 0.0169451 0.199 1655 3
0.0641259 0.0208363 0.199 3539.75 3
0.0660702 0.0204039 0.199 3420.8 3
0.0683557 0.0201884 0.1988 3351.5 3
0.0703691 0.0199306 0.198444 3288.48 3
0.0725933 0.0196992 0.198348 3253.26 3
0.0744588 0.0195946 0.198 3168.5 3
0.0760555 0.0192259 0.198 3091.67 3
0.0930739 0.0193231 0.199 1189.5 3
0.0622897 0.0225657 0.199 3580.5 3
0.0639459 0.0221694 0.199 3538.04 3
0.0660702 0.0221334 0.199 3386.64 3
0.0681931 0.0220516 0.198267 3289.8 3
0.0702141 0.0218197 0.198 3239.88 3
0.0717566 0.0211618 0.198 3256 3
0.0621817 0.024079 0.199 2067.08 3
0.0639099 0.024079 0.199 1864.05 3
0.0660702 0.024079 0.199 1625.75 3
0.0680574 0.0238034 0.1985 1809.12 3
0.0698221 0.0235278 0.198 2005 3
0.0870893 0.02489 0.198 1323 3
0.0900268 0.0248183 0.198 960 3
0.0876906 0.026287 0.198444 1551.06 3
0.089326 0.0262492 0.198 1022.48 3
0.0877242 0.0277732 0.19875 1526 3
0.0891218 0.0281876 0.198727 928.182 3
0.0852813 -0.0169474 0.201 1865 3
0.0852936 -0.0157022 0.200762 2108.24 3
0.0863768 -0.0155595 0.2 1978.33 3
0.0792575 -0.0132135 0.200667 2156.5 3
0.0807165 -0.0136392 0.2005 2128.67 3
0.0830734 -0.0138405 0.200714 2152.93 3
0.0850346 -0.0142215 0.200462 2116.31 3
0.0863768 -0.0146904 0.2 2088 3
0.0732803 -0.0108336 0.201 2505 3
0.0749445 -0.0110902 0.2009 2473.8 3
0.076764 -0.0116041 0.200625 2359.31 3
0.0785384 -0.0123313 0.2005 2062 3
0.0678252 -0.0088684 0.201 2121.5 3
0.0709797 -0.00885369 0.200667 2631.67 3
0.0724005 -0.00947633 0.200474 2564.32 3
0.074568 -0.00999116 0.200357 2520.29 3
0.0761724 -0.0103451 0.2 2523 3
0.0582481 -0.00666272 0.200333 2630 3
0.0666194 -0.00773795 0.2 2345.17 3
0.0681741 -0.00771859 0.200286 2662.93 3
0.070187 -0.00792582 0.200167 2686.08 3
0.071613 -0.00795521 0.2 2675.5 3
0.0470962 -0.00428303 0.201 2977.4 3
0.0488418 -0.00428303 0.201 3291.67 3
0.0540786 -0.00428303 0.201 3464 3
0.0559153 -0.00468286 0.200846 3418.92 3
0.057832 -0.00514165 0.2004 3103.8 3
0.0454338 -0.00292355 0.2006 3176.8 3
0.0472295 -0.00339904 0.200333 3071.47 3
0.0493646 -0.00310545 0.200687 3317.94 3
0.0514491 -0.00300051 0.200714 3601.79 3
0.0536107 -0.00311322 0.200611 3534.11 3
0.0555439 -0.00334193 0.200188 3458.31 3
0.0577176 -0.00382719 0.2 3292.8 3
0.0431696 -0.000957975 0.200556 3425 3
0.0447463 -0.00176579 0.20025 3036.5 3
0.0497041 -0.00173355 0.2 3674.82 3
0.0514213 -0.00208907 0.2 3613 3
0.0533753 -0.00208907 0.2 3532.6 3
0.054678 -0.00208907 0.2 3464 3
0.0372771 0.0018308 0.201 3647 3
0.0389014 0.00108087 0.200857 3676.9 3
0.040832 0.000878226 0.200522 3742 3
0.042411 0.000518105 0.2 3636.5 3
0.0324767 0.00379596 0.201 1577.5 3
0.0348769 0.00379596 0.201 3638 3
0.0367629 0.00324917 0.200364 3684.91 3
0.038646 0.0026138 0.200182 3715.27 3
0.0403484 0.00225622 0.2 3767 3
0.0311675 0.00576112 0.201 1188.5 3
0.032547 0.00518998 0.200455 2658.82 3
0.0345869 0.00479485 0.200167 3685.67 3
0.0362232 0.00464614 0.2 3755.25 3
0.0311675 0.00663453 0.201 1067 3
0.0318809 0.00747058 0.2 1741.1 3
0.0896429 0.00749959 0.2008 1516.9 3
0.0322235 0.00958724 0.200333 1851.33 3
0.0900556 0.00951151 0.200545 2454.91 3
0.0334007 0.0107295 0.2 2480 3
0.033835 0.0107295 0.2 2516 3
0.0873906 0.0119478 0.201 2769.67 3
0.0895023 0.0115069 0.200519 2761.19 3
0.0791717 0.0144952 0.201 2979.5 3
0.0806991 0.0144952 0.201 2949.6 3
0.0831305 0.014308 0.201 2934.71 3
0.0852249 0.0138373 0.200682 2844.09 3
0.087016 0.0132703 0.200211 2819.32 3
0.0889822 0.0129022 0.2 2778.83 3
0.0728439 0.0164603 0.201 3179.33 3
0.0745388 0.0164425 0.200545 3137.18 3
0.0767675 0.0159334 0.200563 3041.06 3
0.0786972 0.0155732 0.200429 2999.64 3
0.0807155 0.015112 0.2005 2935.3 3
0.082892 0.015112 0.2005 2903.1 3
0.0843763 0.0150463 0.2002 2880 3
0.094193 0.0165957 0.2 1201 3
0.0946272 0.0165957 0.2 812 3
0.0649886 0.0188622 0.201 3494 3
0.0662978 0.0188622 0.201 3452 3
0.0681741 0.0183904 0.200286 3361.29 3
0.0702752 0.0179186 0.200407 3285.85 3
0.0723575 0.0176176 0.200294 3219.06 3
0.0742985 0.0172995 0.2001 3165.9 3
0.0761724 0.0170302 0.2 3056.5 3
0.094193 0.0170302 0.2 1164 3
0.0946272 0.0170302 0.2 741 3
0.0625055 0.0205223 0.200545 3563.73 3
0.0642107 0.0200616 0.200389 3523.67 3
0.0660331 0.0194396 0.2002 3457.2 3
0.0679221 0.0194202 0.2 3413.25 3
0.0560424 0.0225742 0.201 3782.62 3
0.0578475 0.0223955 0.201 3713.55 3
0.0598639 0.0220097 0.20056 3652.44 3
0.0617909 0.021752 0.200316 3601.53 3
0.0633626 0.0213755 0.2 3554 3
0.0521148 0.0245393 0.201 3058 3
0.0536422 0.0241026 0.201 3248.96 3
0.0557483 0.0240456 0.201 3177.26 3
0.0578875 0.0240164 0.200455 2950.14 3
0.0598499 0.0239537 0.200038 2702.23 3
0.0614086 0.0239827 0.2 2473.7 3
0.0874633 0.0247576 0.201 1011 3
0.0874633 0.0262861 0.201 1023.4 3
0.087647 0.0284257 0.200692 1161.23 3
0.0888752 0.0292336 0.20025 1374.5 3
0.0881179 0.0302164 0.201 1369 3
0.0890977 0.0301794 0.20075 1151.17 3
0.0848076 -0.0175571 0.203 1929.17 3
0.0810613 -0.0151313 0.203 2133 3
0.0828396 -0.0154469 0.2025 2132.55 3
0.084419 -0.0157785 0.202333 2151.75 3
0.0731279 -0.0127055 0.203 2428 3
0.0748095 -0.0129639 0.2029 2369.3 3
0.0766086 -0.0131602 0.202714 2321.29 3
0.0788093 -0.0137263 0.202714 2194.93 3
0.0803551 -0.0142024 0.202333 2164.5 3
0.071365 -0.0107208 0.203 2579 3
0.0725428 -0.011298 0.202692 2526.92 3
0.0743256 -0.0118187 0.202437 2455 3
0.0764956 -0.0122041 0.202 2396 3
0.0561593 -0.00873612 0.203 2521.5 3
0.0688482 -0.00946826 0.2026 1992.8 3
0.0703093 -0.00948536 0.2025 2499.44 3
0.0721829 -0.0102292 0.202 2568.33 3
0.054176 -0.00675141 0.203 3400.5 3
0.0558344 -0.00711525 0.202889 3045.39 3
0.0573726 -0.00723046 0.202286 2742.71 3
0.0455793 -0.00453906 0.202667 2895 3
0.0472262 -0.00497493 0.2025 3053.5 3
0.0495406 -0.00490588 0.202667 3303.67 3
0.0515605 -0.00489015 0.202706 3518.35 3
0.0534495 -0.00521634 0.202476 3481.05 3
0.0555053 -0.00563903 0.202625 3365.75 3
0.0569791 -0.0058404 0.202 3149 3
0.0418351 -0.00234093 0.203 3702 3
0.0432421 -0.00266739 0.202625 3556.88 3
0.0449188 -0.00328613 0.202333 2946.08 3
0.0499619 -0.00386546 0.202 3386 3
0.0512776 -0.00386546 0.202 3547.2 3
0.0530319 -0.00386546 0.202 3512.33 3
0.0374277 -0.000576741 0.203 3674 3
0.0390073 -0.000796199 0.202625 3676.5 3
0.0409385 -0.00106473 0.202444 3682.17 3
0.0422138 -0.00115907 0.202 3724.17 3
0.0327999 0.00184902 0.203 1453 3
0.0350351 0.00166 0.203 3407.43 3
0.0368592 0.00101116 0.202684 3635.53 3
0.0381826 0.00030435 0.202333 3683 3
0.0326922 0.00272142 0.202333 1457.08 3
0.0345185 0.00295162 0.202263 3282.74 3
0.0362263 0.00254437 0.2022 3583.4 3
0.0304454 0.00622866 0.202 534 3
0.0308402 0.00719418 0.202 699.2 3
0.0315419 0.00754528 0.202 1111.33 3
0.0852484 0.00736211 0.203 2064.19 3
0.0871945 0.00730962 0.202636 1949.55 3
0.0889946 0.00751942 0.202143 1912.86 3
0.0308779 0.00961527 0.202444 1008.22 3
0.0315419 0.00930078 0.202 1264.8 3
0.0853586 0.00929169 0.203 2792.06 3
0.087216 0.00937299 0.202846 2757.08 3
0.0891041 0.0092717 0.202167 2611.58 3
0.0321997 0.0108368 0.202 1708.5 3
0.0831769 0.0120372 0.203 2834 3
0.0850676 0.0115896 0.202571 2793.04 3
0.0871174 0.0111597 0.202111 2783.89 3
0.0892142 0.0106174 0.202 2747 3
0.071365 0.0146394 0.203 3198 3
0.0724668 0.0146394 0.203 3184.5 3
0.0744502 0.0146394 0.203 3154.4 3
0.076936 0.0143531 0.2027 3088 3
0.0789556 0.0139619 0.202588 3015.82 3
0.0808611 0.0135024 0.2025 2983.69 3
0.0828459 0.0134478 0.202273 2921.18 3
0.0848285 0.0130313 0.202 2822.75 3
0.0667372 0.0164036 0.203 3398.5 3
0.0686719 0.0163267 0.2026 3327.2 3
0.070476 0.0160441 0.202579 3262.95 3
0.0723318 0.0158342 0.2025 3190.55 3
0.074498 0.0154698 0.202333 3131.33 3
0.0764328 0.0152918 0.2023 3072.3 3
0.0784691 0.0150062 0.202 2997.33 3
0.0627704 0.0183883 0.203 3542 3
0.0642249 0.0182119 0.203 3529.1 3
0.0661787 0.017821 0.202538 3452.19 3
0.0681917 0.0173858 0.20225 3359.31 3
0.0942577 0.0180783 0.202 1579 3
0.0950722 0.0179529 0.202 997.286 3
0.0537352 0.0208141 0.203 3733 3
0.0556338 0.020407 0.203 3770.62 3
0.0577664 0.0203942 0.202937 3749.81 3
0.0599927 0.0199897 0.2027 3696.15 3
0.0618238 0.0197536 0.202476 3611.95 3
0.0638208 0.0192193 0.202 3522.1 3
0.0942577 0.018956 0.202 1414 3
0.0946963 0.018956 0.202 1080 3
0.0471241 0.0227987 0.203 3840 3
0.0499889 0.0227988 0.203 3839.5 3
0.0514547 0.022324 0.2027 3821.5 3
0.0535735 0.0221463 0.202391 3772.39 3
0.0554814 0.0218478 0.202263 3796 3
0.0577631 0.0214945 0.202385 3733.46 3
0.0593181 0.0212967 0.202 3699.67 3
0.0458018 0.0241219 0.203 3794.5 3
0.0470261 0.0241709 0.203 3772.39 3
0.0493062 0.0244066 0.202111 3501.83 3
0.051158 0.0241627 0.202 3485.05 3
0.0525934 0.0235642 0.202 3823.5 3
0.0458018 0.0258861 0.203 1829.25 3
0.0470261 0.0258371 0.203 1777.28 3
0.0488294 0.0255015 0.2024 2036.2 3
0.0879223 0.0302864 0.202111 1057.78 3
0.0888847 0.0312832 0.20225 1275.5 3
0.087742 0.0327735 0.202692 856.462 3
0.0890191 0.0325501 0.202389 1106.61 3
0.0877827 0.0339352 0.203 643.25 3
0.0889947 0.034266 0.203 645.167 3
0.0807472 -0.0192889 0.205 2040.5 3
0.0829726 -0.0192889 0.205 1811 3
0.0791004 -0.0172401 0.205 2137.6 3
0.0809496 -0.0176086 0.205 2110.86 3
0.0830061 -0.0177048 0.204952 2110.14 3
0.0843827 -0.0179739 0.204545 1989.09 3
0.0749611 -0.0152804 0.205 2289.5 3
0.0766858 -0.0156144 0.205 2252.62 3
0.0786901 -0.0156514 0.204545 2181.64 3
0.0806799 -0.0158728 0.204429 2136.86 3
0.082435 -0.0162253 0.204 2147.8 3
0.0843395 -0.0167571 0.204 2177 3
0.0709554 -0.0128307 0.205 2312 3
0.0728124 -0.013497 0.204789 2324.37 3
0.0744643 -0.0140046 0.20425 2304.25 3
0.0765886 -0.0143194 0.204 2280.2 3
0.0783602 -0.0143194 0.204 2210.83 3
0.0705644 -0.0113439 0.204455 2198.32 3
0.0721782 -0.0120496 0.204333 2474.33 3
0.054042 -0.00882219 0.205 2997 3
0.0552412 -0.00880067 0.2045 2706.25 3
0.0475883 -0.00681793 0.205 3534.17 3
0.0493687 -0.00681793 0.205 3412.8 3
0.0517849 -0.00707243 0.205 3365.29 3
0.0535688 -0.00739462 0.2043 3302.35 3
0.0552937 -0.00794521 0.2042 2998.6 3
0.0415796 -0.00436826 0.205 3733.5 3
0.0433867 -0.00466045 0.204778 3654.89 3
0.045224 -0.00527446 0.2045 3367.81 3
0.0473562 -0.00589822 0.204 3251.6 3
0.0493493 -0.00589822 0.204 3211.62 3
0.0513424 -0.00589822 0.204 3409.3 3
0.0373514 -0.00236399 0.205 3727.5 3
0.0390831 -0.00269516 0.20475 3731 3
0.0409876 -0.00296066 0.2046 3708.45 3
0.0427422 -0.00354632 0.204273 3742.09 3
0.0444773 -0.00390373 0.204 3410.5 3
0.0333456 -0.000582424 0.205 1062 3
0.0346808 -0.000582424 0.205 2371.8 3
0.0367466 -0.00107587 0.204667 3623.44 3
0.0384979 -0.00146602 0.204 3686.33 3
0.0314113 0.0011933 0.204 688 3
0.0326367 0.00081361 0.204143 1149.86 3
0.0345618 0.000750529 0.2043 3105.25 3
0.0360618 0.000306857 0.204 3573.5 3
0.0307468 0.00761999 0.204 470.5 3
0.0834178 0.00743465 0.205 2066.88 3
0.0843923 0.00742256 0.204667 2077.83 3
0.0307468 0.00894965 0.204 683.833 3
0.0814149 0.00999565 0.205 2867.12 3
0.0830061 0.00947893 0.204952 2789.76 3
0.0845716 0.00941285 0.204444 2799 3
0.0310688 0.0109799 0.204667 1073.83 3
0.0320934 0.0116765 0.2044 1745 3
0.0774091 0.012334 0.205 3007 3
0.0789113 0.012 0.205 2939.56 3
0.0808749 0.0116829 0.204667 2893.96 3
0.0827347 0.0114101 0.204211 2870.79 3
0.0843395 0.0107225 0.204 2876.5 3
0.0685074 0.0141155 0.205 3312.5 3
0.0704061 0.0137386 0.2047 3244.65 3
0.0725577 0.0136357 0.2045 3144.6 3
0.0745558 0.0136357 0.2045 3123.75 3
0.0765537 0.0135471 0.2045 3084.05 3
0.0788031 0.0131602 0.204 3016.2 3
0.0604958 0.0165652 0.205 3638 3
0.0618311 0.0165652 0.205 3612.4 3
0.0643272 0.0163679 0.204625 3512.38 3
0.0662686 0.015684 0.204526 3418.47 3
0.0682728 0.0153983 0.2043 3322.85 3
0.0703878 0.0149331 0.204 3273 3
0.0555999 0.0185695 0.205 3761.5 3
0.0579564 0.0182241 0.204875 3733.06 3
0.0598263 0.0180647 0.204474 3664 3
0.0618388 0.0177804 0.20444 3600.6 3
0.064032 0.0173253 0.204214 3558.57 3
0.0659586 0.0169276 0.204 3490 3
0.0480334 0.020351 0.205 3840 3
0.0494153 0.0204815 0.204769 3828.31 3
0.0515102 0.0205395 0.204667 3826 3
0.0535917 0.0199438 0.204364 3779.5 3
0.0556239 0.019513 0.204 3766.83 3
0.0577647 0.0193653 0.204 3742.12 3
0.0593149 0.0193653 0.204 3723 3
0.0373514 0.0228007 0.205 3728.33 3
0.0391317 0.0224667 0.205 3809.5 3
0.040912 0.0223553 0.205 3800.27 3
0.0431375 0.0223553 0.205 3813.27 3
0.0453278 0.0220802 0.204632 3837.26 3
0.0472594 0.0217292 0.204455 3839.91 3
0.0492052 0.0218507 0.204222 3830.72 3
0.0510893 0.0215497 0.204 3817.29 3
0.0528927 0.0213598 0.204 3771 3
0.0353484 0.024805 0.205 3620.75 3
0.0368385 0.0241313 0.204304 3713 3
0.0387957 0.024066 0.2044 3738.35 3
0.0408636 0.0241089 0.20476 3786.68 3
0.0430868 0.0241089 0.20476 3804.96 3
0.0449729 0.0239769 0.204 3815.76 3
0.0477991 0.0234651 0.204 3840 3
0.0491278 0.0235759 0.204 3840 3
0.0880911 0.0245823 0.205 1043 3
0.0885362 0.0245823 0.205 1011.33 3
0.0333456 0.0265865 0.205 969.5 3
0.0347797 0.0261906 0.205 2607.83 3
0.0368347 0.026091 0.2046 2999.5 3
0.0387608 0.0259926 0.205 3018.25 3
0.0407637 0.0256957 0.205 3310.17 3
0.0433282 0.0259502 0.205 2555.57 3
0.0450291 0.0260774 0.2045 1982 3
0.0880911 0.0263638 0.205 990.2 3
0.0885362 0.0263638 0.205 973.8 3
0.087906 0.0285648 0.204111 870 3
0.0885362 0.0277 0.205 914 3
0.0875702 0.0307411 0.2042 671.1 3
0.0885362 0.0301497 0.205 840 3
0.0788385 -0.021276 0.207 1920.75 3
0.0772654 -0.0192522 0.207 2088 3
0.0788845 -0.0197937 0.206474 2055.79 3
0.0805597 -0.0197411 0.206 2019.1 3
0.0822593 -0.019383 0.206 1907.5 3
0.0750183 -0.0172284 0.207 2197 3
0.0766673 -0.0175993 0.206529 2175.18 3
0.0784446 -0.0180769 0.206182 2125.32 3
0.0807684 -0.0187117 0.206 2101.67 3
0.0822593 -0.0187117 0.206 2075 3
0.072655 -0.0152796 0.2068 2321.5 3
0.074437 -0.0159692 0.206222 2276.61 3
0.0762213 -0.01625 0.206 2244.5 3
0.0690186 -0.0134831 0.2068 1250 3
0.0703923 -0.0134502 0.206615 1855.31 3
0.0720673 -0.0141356 0.206167 2290.67 3
0.0538952 -0.0107072 0.207 2869 3
0.0692888 -0.0124457 0.206 1286 3
0.0701833 -0.0124457 0.206 1756 3
0.0478279 -0.00868339 0.207 3417.5 3
0.0495694 -0.00902069 0.207 3378.56 3
0.051492 -0.00907383 0.206778 3263.67 3
0.0535144 -0.00940145 0.206524 2990.71 3
0.0552187 -0.00984554 0.206429 2607.29 3
0.0440078 -0.00688444 0.207 3546 3
0.0453568 -0.00702326 0.206667 3508 3
0.0471224 -0.00753663 0.206375 3510.88 3
0.0493859 -0.00774631 0.206 3421.75 3
0.0511749 -0.00774631 0.206 3377.75 3
0.0354686 -0.00441088 0.207 2967 3
0.0369273 -0.00482274 0.206846 3163.31 3
0.0388479 -0.00526245 0.206762 3456.29 3
0.0407839 -0.00537938 0.206609 3491.17 3
0.0428933 -0.00557106 0.206444 3640.83 3
0.0446897 -0.00595605 0.206 3529.33 3
0.0351309 -0.00275928 0.206778 2568 3
0.0365529 -0.00317899 0.206238 3633.95 3
0.0385772 -0.00364362 0.206 3793.44 3
0.0406644 -0.003942 0.206 3762 3
0.0344683 -0.00148327 0.2064 1707.5 3
0.0357445 -0.00148039 0.206 3359.5 3
0.0727712 0.00795691 0.207 2368 3
0.0745689 0.00795692 0.207 2239.1 3
0.0766663 0.00794154 0.2066 1937.3 3
0.0786812 0.00791848 0.206 1863.8 3
0.0809175 0.00791848 0.206 1936.6 3
0.082796 0.00756042 0.206 2070.5 3
0.0303002 0.0102056 0.207 274.75 3
0.0703592 0.0100115 0.206923 2973.62 3
0.0723353 0.00952436 0.206518 2630.04 3
0.0746098 0.00945852 0.206773 2631.05 3
0.0766367 0.00950855 0.20652 2740.84 3
0.0786812 0.00948496 0.206 2759.68 3
0.080761 0.00932831 0.206 2740.45 3
0.0822593 0.0088136 0.206 2644 3
0.0303002 0.0111051 0.207 464.25 3
0.0687888 0.011923 0.206889 3244 3
0.0704449 0.0114982 0.206632 3170.74 3
0.0724196 0.011499 0.206 3107.9 3
0.074628 0.0115371 0.206053 3057.21 3
0.0766243 0.0114626 0.206059 3033.12 3
0.0784372 0.0111939 0.206 2959.36 3
0.0802466 0.0108277 0.206 2905 3
0.0628837 0.0142533 0.207 3575.5 3
0.0640073 0.0142533 0.207 3549.38 3
0.0662573 0.0139381 0.206778 3427.5 3
0.0682327 0.0133177 0.206286 3300.48 3
0.0701833 0.0128417 0.206 3248.33 3
0.0724196 0.0126179 0.206 3136.8 3
0.0746559 0.0126179 0.206 3098 3
0.0766686 0.0126179 0.206 3054.5 3
0.0538952 0.0167268 0.207 3805.33 3
0.0556929 0.0167268 0.207 3754.8 3
0.057977 0.016409 0.206778 3718.33 3
0.0599065 0.0159678 0.2065 3658.2 3
0.0619512 0.015518 0.206556 3627 3
0.0640142 0.0155491 0.2063 3561.45 3
0.0657108 0.0150795 0.206 3460.83 3
0.0458055 0.018076 0.207 3839 3
0.0471537 0.018076 0.207 3840 3
0.0494009 0.0185258 0.207 3838.6 3
0.0515476 0.0181595 0.206857 3840 3
0.053641 0.01808 0.20644 3807.24 3
0.0556649 0.0175386 0.206385 3746.62 3
0.0574919 0.0174824 0.206273 3725.09 3
0.0596728 0.0170936 0.206 3666.5 3
0.0408618 0.0205496 0.207 3746.5 3
0.0432587 0.0203996 0.207 3800.17 3
0.0452512 0.0199904 0.206429 3839.14 3
0.0472477 0.0197405 0.206217 3836.43 3
0.0493916 0.0193322 0.206385 3836.69 3
0.0514056 0.0193896 0.206286 3840 3
0.0527403 0.0195552 0.206 3838.5 3
0.0348266 0.0228304 0.207 3617 3
0.0368328 0.0222174 0.206647 3699.88 3
0.038754 0.021707 0.20625 3776 3
0.040888 0.0213454 0.206 3807.62 3
0.0429006 0.0213454 0.206 3795.6 3
0.0446897 0.0213454 0.206 3826 3
0.0331246 0.0245108 0.20675 1399.38 3
0.0344737 0.024176 0.206429 3298.14 3
0.0360476 0.0236507 0.2062 3658.4 3
0.0876138 0.0245378 0.2065 1281.12 3
0.0330449 0.0256838 0.20625 911.375 3
0.0339555 0.0258211 0.206 1879.5 3
0.0395462 0.0267162 0.206 2076.25 3
0.0413352 0.0262687 0.206 2528.25 3
0.042677 0.0267162 0.206 1442.62 3
0.0877332 0.0260015 0.206636 1317.18 3
0.0885012 0.0257216 0.207 1117.33 3
0.034519 0.0281549 0.2067 1371.65 3
0.0365038 0.0281281 0.2065 2024.94 3
0.0876745 0.0284673 0.206467 646.8 3
0.0885012 0.0293195 0.207 810 3
0.0877821 0.030039 0.207 477.2 3
0.0885012 0.0302189 0.207 732.667 3
0.0891753 0.0322428 0.207 727 3
0.0782995 -0.0218243 0.2088 1972.7 3
0.0752893 -0.0192112 0.209 2110.5 3
0.0768526 -0.0198457 0.20875 2079.55 3
0.0782709 -0.0203395 0.208 2042.4 3
0.0732058 -0.0176699 0.208667 2182.67 3
0.0744416 -0.0179094 0.208375 2159.44 3
0.0763592 -0.0184414 0.208 2149 3
0.070774 -0.0152918 0.2088 2189.7 3
0.0723029 -0.0160537 0.208429 2303.29 3
0.0735743 -0.0164078 0.208 2302 3
0.0708076 -0.0144088 0.2085 1889 3
0.0476093 -0.0108107 0.209 3317.67 3
0.0494909 -0.0112139 0.208692 3317.46 3
0.0514011 -0.0111675 0.208583 3212.83 3
0.0532966 -0.0111048 0.208429 2960.86 3
0.0549082 -0.0110602 0.208 2694 3
0.0392146 -0.00876729 0.209 2867.38 3
0.0410297 -0.00876729 0.209 3172.62 3
0.0430716 -0.00876729 0.209 3526.9 3
0.0453114 -0.00900878 0.208571 3422.07 3
0.0471984 -0.00948366 0.208333 3348.19 3
0.0491133 -0.0100112 0.208111 3222.56 3
0.0514459 -0.010307 0.208 3213.2 3
0.0530265 -0.010307 0.208 2994 3
0.0368665 -0.00728736 0.208875 2663.38 3
0.0388194 -0.00737336 0.2081 2981.65 3
0.0410592 -0.0073696 0.208 3313.95 3
0.0430914 -0.00736961 0.208 3560.62 3
0.0448977 -0.00782152 0.208 3492.62 3
0.0349098 -0.00525846 0.2085 2064.65 3
0.0366335 -0.00583311 0.208 2722.9 3
0.037898 -0.00601387 0.208 3391 3
0.0345383 -0.00353156 0.208167 1674.42 3
0.0659871 0.00803379 0.209 3179.75 3
0.0683809 0.00799535 0.208 2823.25 3
0.0643232 0.00954742 0.209 2427.17 3
0.0662139 0.00939605 0.209 2387.35 3
0.0682589 0.00959144 0.20832 2643.44 3
0.0695099 0.00957706 0.208 2696 3
0.0307223 0.0120819 0.208333 759.167 3
0.0317274 0.0121206 0.209 1284.5 3
0.0607687 0.0123476 0.209 3479 3
0.0622435 0.01178 0.209 3408.38 3
0.0639616 0.0114675 0.208885 3296.19 3
0.066119 0.0113778 0.208583 3247.83 3
0.0679444 0.0114751 0.208 3192.4 3
0.0695099 0.0109328 0.208 3190 3
0.0312736 0.0130288 0.209 1465 3
0.0321811 0.0130288 0.209 1939.67 3
0.056231 0.014391 0.209 3764.83 3
0.0579164 0.0140017 0.209 3721.93 3
0.0598219 0.0138631 0.208714 3671.43 3
0.0619182 0.0137082 0.208417 3611.96 3
0.064063 0.0131756 0.208187 3495.94 3
0.0658971 0.0130793 0.208 3413.25 3
0.0674777 0.0127404 0.208 3291.5 3
0.0501051 0.0162073 0.209 3839.25 3
0.0516567 0.015899 0.208733 3836.93 3
0.0534949 0.0156683 0.208556 3810.72 3
0.0556438 0.0157144 0.2085 3800.2 3
0.0576331 0.015574 0.208125 3739.62 3
0.0595747 0.0152259 0.208 3691.5 3
0.0410297 0.0187048 0.209 3748.25 3
0.0433276 0.0183822 0.208778 3832.44 3
0.0449689 0.0181921 0.208333 3840 3
0.0471556 0.0171154 0.209 3840 3
0.0494197 0.0174807 0.208556 3838.61 3
0.0512954 0.0171842 0.208 3840 3
0.0530265 0.0170336 0.208 3825.25 3
0.0328618 0.0207482 0.209 3182.12 3
0.0346769 0.0207482 0.209 3592.75 3
0.0367008 0.0202841 0.2089 3681.45 3
0.0388945 0.0202444 0.2085 3729.3 3
0.0410508 0.0195775 0.208286 3743.5 3
0.0430516 0.0195055 0.208231 3806.15 3
0.0448977 0.0190672 0.208 3840 3
0.0328219 0.0220834 0.20875 2399.5 3
0.0346364 0.0219544 0.208 3629.61 3
0.0365432 0.0215527 0.208 3691.67 3
0.0331562 0.0233603 0.208 2069.25 3
0.0868965 0.024716 0.208 1508 3
0.0872784 0.0264587 0.208375 1504.94 3
0.0871856 0.0276971 0.208333 502.667 3
0.0348695 0.0298012 0.2088 1201.6 3
0.0369023 0.0297941 0.20875 1855.62 3
0.0772906 -0.0236324 0.212 2016 3
0.0777509 -0.0236324 0.212 1951.5 3
0.0746823 -0.0213294 0.212 2093.33 3
0.0767852 -0.0219093 0.211667 2101.83 3
0.0781553 -0.0223016 0.2116 2070.4 3
0.0709617 -0.0197173 0.212 2123 3
0.0725155 -0.0199012 0.2115 2146.5 3
0.0745689 -0.0199242 0.210636 2096.32 3
0.0764091 -0.0206002 0.210556 2061.89 3
0.0702087 -0.0178785 0.211583 2241.04 3
0.0722501 -0.0180073 0.210364 2197.73 3
0.0703784 -0.0162491 0.210833 2299.75 3
0.0717741 -0.0165656 0.21 2302.25 3
0.0386736 -0.0127478 0.211 2357.75 3
0.0406213 -0.0131153 0.212 3013.33 3
0.0429995 -0.0128082 0.212 3613 3
0.0450707 -0.0128082 0.212 3635.4 3
0.0473284 -0.0130604 0.2116 3646.2 3
0.0495797 -0.0130141 0.2116 3637.9 3
0.0515085 -0.013523 0.211556 3362.67 3
0.0535441 -0.0134069 0.211333 3049.33 3
0.0553761 -0.0135298 0.211429 2679.07 3
0.0370702 -0.0112579 0.211 2353.75 3
0.0388545 -0.0115656 0.211 3027.95 3
0.0410225 -0.0116787 0.211647 3562 3
0.043118 -0.0115131 0.211588 3597.35 3
0.0450983 -0.0116064 0.211056 3569.28 3
0.0471386 -0.011679 0.210421 3592.21 3
0.0491407 -0.0120523 0.210286 3566.29 3
0.0516367 -0.0121552 0.21 3303.5 3
0.0535364 -0.012003 0.21 3005.75 3
0.0551322 -0.0120031 0.21 2733 3
0.0350087 -0.00930962 0.211 2175.38 3
0.036736 -0.00951279 0.2104 2720.65 3
0.0386228 -0.00972279 0.210263 3101.42 3
0.0409883 -0.00993145 0.210286 3232.29 3
0.0430405 -0.010004 0.210385 3359.77 3
0.0448719 -0.0100373 0.210091 3375.64 3
0.0466973 -0.0104061 0.21 3260.5 3
0.0334053 -0.0074759 0.211 619.5 3
0.0346797 -0.00745507 0.2104 1741.8 3
0.0362106 -0.00789673 0.21 2389.25 3
0.0343869 -0.0060717 0.21 1261.25 3
0.0343869 -0.00242165 0.21 1128.75 3
0.0524353 0.0102218 0.212 2117 3
0.0536625 0.00996323 0.2114 2321.9 3
0.0557351 0.00973594 0.210692 2541.77 3
0.0578679 0.00989727 0.21 2292.2 3
0.0600173 0.00950619 0.21 2488.79 3
0.0619713 0.009441 0.21 2515.5 3
0.0633392 0.00944101 0.21 2448 3
0.0516462 0.0117352 0.212 3382.76 3
0.0536024 0.0115571 0.21116 3313.72 3
0.0557246 0.0115223 0.21052 3398.2 3
0.0578679 0.0114942 0.21 3388.56 3
0.0599196 0.0114942 0.21 3362.45 3
0.0617433 0.011266 0.21 3372.5 3
0.0304642 0.0136285 0.21125 784 3
0.0319526 0.0141369 0.212 2025 3
0.0418488 0.0143672 0.212 3720 3
0.0429995 0.0143672 0.212 3745 3
0.0453218 0.0139903 0.212 3728.82 3
0.0473722 0.0139066 0.212 3730.73 3
0.0494774 0.0139264 0.211769 3766.62 3
0.0515336 0.0137291 0.211227 3736.27 3
0.0534865 0.0137405 0.210391 3728.78 3
0.0554703 0.013648 0.210048 3702.19 3
0.0575639 0.0131671 0.21 3675.33 3
0.0599196 0.0128629 0.21 3586 3
0.0304567 0.0156914 0.212 899.125 3
0.037476 0.0164399 0.212 3654 3
0.0388569 0.0164399 0.212 3679.88 3
0.0409532 0.0159171 0.211905 3757.52 3
0.0430851 0.0158048 0.211909 3820.86 3
0.0450765 0.015662 0.211652 3823.09 3
0.0472575 0.0157268 0.211037 3831.56 3
0.0493716 0.0155213 0.210714 3835.81 3
0.0510628 0.0151134 0.210375 3827.25 3
0.0305141 0.0180166 0.2116 1385.45 3
0.0326589 0.0182271 0.211789 3556.84 3
0.0347807 0.0181845 0.21115 3689.7 3
0.0367842 0.0179253 0.211273 3692.32 3
0.0388948 0.0179621 0.21096 3713.64 3
0.0409559 0.0178052 0.210526 3737.95 3
0.0429232 0.0175805 0.2105 3816.19 3
0.0451015 0.0171974 0.21 3839.9 3
0.0309998 0.0198792 0.210222 1138.67 3
0.0324368 0.0197188 0.210467 3067.53 3
0.0346255 0.0197129 0.210067 3634.4 3
0.0366665 0.0192505 0.21 3708.75 3
0.0387183 0.0192505 0.21 3719 3
0.0400861 0.0192505 0.21 3776 3
0.0310924 0.0221935 0.210615 595 3
0.0318792 0.021988 0.21 1011 3
0.0325631 0.0240412 0.21 807.5 3
0.0856302 0.0248433 0.211 1395 3
0.0868202 0.0249537 0.21 1535.75 3
0.0856552 0.0259273 0.2105 1248.17 3
0.0865922 0.0260943 0.21 1809 3
0.0354668 0.0310321 0.211 1174.75 3
0.0366665 0.0308851 0.21 1727.88 3
0.0386468 0.0307519 0.2116 1325.2 3
0.0354048 0.032561 0.212 831 3
0.0367158 0.0325004 0.2116 1423.65 3
0.0385967 0.0325358 0.211833 1197.25 3
0.036939 0.033866 0.212 1321.33 3
0.0388569 0.0337125 0.212 1063 3
0.0731412 -0.0231579 0.214 2186.5 3
0.0746745 -0.0235763 0.214 2100.8 3
0.0764056 -0.0240271 0.213733 2013.67 3
0.0691919 -0.0215306 0.214 2199.5 3
0.0704309 -0.0216081 0.214 2174.56 3
0.0725354 -0.0218006 0.21345 2161.1 3
0.0746112 -0.0221595 0.213333 2108.92 3
0.0764099 -0.0228044 0.213111 2106.22 3
0.0684983 -0.019984 0.213867 2206.8 3
0.0701232 -0.0201694 0.213125 2167.31 3
0.044799 -0.0171136 0.214 2578.5 3
0.0536269 -0.0171136 0.214 3109.75 3
0.0560275 -0.0174236 0.214 2856 3
0.0578085 -0.0175785 0.214 2733.17 3
0.0592024 -0.0171136 0.214 2472.5 3
0.068401 -0.0181115 0.213438 2282.62 3
0.069331 -0.0179592 0.213 2273.4 3
0.0413525 -0.0147198 0.213 2365 3
0.0429597 -0.0153045 0.2134 2685.47 3
0.0450335 -0.0156236 0.213905 3182.71 3
0.0473544 -0.0150213 0.214 3222.7 3
0.0495846 -0.0152073 0.214 3234.9 3
0.0514393 -0.0154582 0.2136 3132.05 3
0.0536314 -0.0156259 0.21325 2922.58 3
0.0557457 -0.0157221 0.213429 2740.71 3
0.0576254 -0.0158756 0.21375 2569.75 3
0.0592024 -0.0166486 0.214 2450 3
0.0688685 -0.0165709 0.213 1787 3
0.0704773 -0.0155379 0.213667 1477 3
0.071515 -0.0150214 0.214 1341 3
0.0413525 -0.0137942 0.213 2801.5 3
0.0429983 -0.0136853 0.213 3277.41 3
0.0450521 -0.0137942 0.213 3316.92 3
0.047007 -0.0139204 0.213 3417.91 3
0.0494454 -0.0140256 0.213 3459.4 3
0.0432023 -0.0124059 0.213 3677.5 3
0.0570759 -0.0112489 0.213 2454.5 3
0.0339532 -0.00245625 0.213 920.75 3
0.0415466 0.0103182 0.214 3379.5 3
0.0350419 0.0117131 0.214 2222.33 3
0.036668 0.012178 0.214 2769 3
0.0387589 0.012178 0.214 2992.5 3
0.0410665 0.0116201 0.214 2631.2 3
0.0431367 0.0118368 0.213444 2965.28 3
0.0452062 0.012044 0.213 3290.75 3
0.0471332 0.0118897 0.213 3253 3
0.0495085 0.0117846 0.213 3277.77 3
0.0510641 0.0109642 0.213 2769.5 3
0.0330283 0.0142036 0.213 2588.75 3
0.0345934 0.0136623 0.213778 3022.94 3
0.036668 0.0135729 0.214 3470.2 3
0.0387589 0.0135729 0.214 3606.5 3
0.0407882 0.0135515 0.21368 3586.6 3
0.0429595 0.0134222 0.213353 3662.65 3
0.0448209 0.0133937 0.213 3660.5 3
0.0471332 0.0130467 0.213 3632 3
0.0494454 0.0130467 0.213 3659.2 3
0.0311784 0.0160547 0.213 1629.75 3
0.0326278 0.0158526 0.2134 3228.75 3
0.0346789 0.0159346 0.213696 3656.17 3
0.0366286 0.01572 0.2135 3649.05 3
0.0388327 0.01537 0.213133 3670.93 3
0.04089 0.0148978 0.213 3667.75 3
0.0325658 0.0172116 0.213 3583.25 3
0.0344156 0.0172116 0.213 3710.25 3
0.0310925 0.0240341 0.214 275 3
0.0320218 0.0240341 0.214 613.167 3
0.0390402 0.028781 0.213 1734 3
0.04089 0.0285496 0.213 1878.5 3
0.0348781 0.0310949 0.213 757 3
0.0390402 0.0297065 0.213 1682.5 3
0.0349873 0.0321213 0.213667 733.333 3
0.0367468 0.0348137 0.213333 968.333 3
0.0385372 0.0346885 0.213143 1380.64 3
0.0371327 0.036239 0.214 750 3
0.0386198 0.0366249 0.213875 1254.81 3
0.0745305 -0.0256407 0.215333 1936.67 3
0.0680408 -0.0235307 0.216 2112.83 3
0.0704713 -0.0237534 0.215786 2103 3
0.0724185 -0.0238394 0.215308 2113.23 3
0.0744654 -0.0246171 0.215143 2009.71 3
0.0760504 -0.0249011 0.215 1936.5 3
0.0585833 -0.0210279 0.216 2559 3
0.0597557 -0.0210279 0.216 2490.25 3
0.062134 -0.021229 0.216 2415.14 3
0.0639764 -0.0214972 0.216 2363.75 3
0.0661768 -0.0220271 0.215714 2276.48 3
0.0683234 -0.0221852 0.215333 2281.72 3
0.0703451 -0.0225914 0.215 2203.22 3
0.072316 -0.022799 0.215 2201.67 3
0.047797 -0.0195027 0.216 2284.62 3
0.0489694 -0.0191507 0.216 2769 3
0.0524867 -0.0191507 0.216 2856 3
0.0536591 -0.0191507 0.216 2884 3
0.0555651 -0.0195634 0.215769 2765.08 3
0.0578488 -0.0196532 0.2155 2654.56 3
0.0598984 -0.0197865 0.21525 2520.25 3
0.0619185 -0.019867 0.215278 2386.56 3
0.0639986 -0.0200995 0.2156 2408.1 3
0.0661516 -0.0200126 0.215179 2348.11 3
0.0677814 -0.0201965 0.215 2278.57 3
0.0459419 -0.0176607 0.215 2819 3
0.0475075 -0.0179575 0.21575 3167.88 3
0.049356 -0.0177011 0.215824 3275.53 3
0.0516099 -0.0178154 0.215733 3197.4 3
0.0536186 -0.0180685 0.2154 3062.13 3
0.0555576 -0.0182285 0.215182 2870.18 3
0.0578453 -0.0185949 0.215 2715 3
0.0600126 -0.0179943 0.215 2474.79 3
0.061393 -0.0183146 0.215 2337 3
0.0666015 -0.0184194 0.215286 1986.57 3
0.067648 -0.0181278 0.215 2169.33 3
0.0459419 -0.0167264 0.215 3428 3
0.0473423 -0.0162593 0.215 3374.08 3
0.0494005 -0.0162168 0.215 3216.36 3
0.0515435 -0.0167264 0.215 3236.75 3
0.0527105 -0.0167264 0.215 3133 3
0.0604127 -0.0167264 0.215 2338.5 3
0.0344314 -0.00460266 0.216 844 3
0.0344314 -0.00366407 0.216 883.667 3
0.034272 -0.000610835 0.215 884.5 3
0.0324048 0.0248472 0.215 618 3
0.0326937 0.0259305 0.21575 601.375 3
0.0337279 0.026136 0.216 677 3
0.0344314 0.0308289 0.216 643.5 3
0.0344314 0.0317675 0.216 628.5 3
0.0733251 -0.0273799 0.218 1958 3
0.0741534 -0.0277351 0.218 1785.25 3
0.0687488 -0.0254561 0.21775 2059.5 3
0.0702982 -0.02592 0.217667 2089 3
0.0725524 -0.0259787 0.2175 2030.17 3
0.0744353 -0.0263792 0.217556 1926.56 3
0.0598357 -0.0231171 0.218 2182.5 3
0.0619656 -0.0231171 0.218 2253.6 3
0.0640955 -0.0238276 0.218 2170.12 3
0.0661934 -0.0239411 0.217538 2098.77 3
0.06841 -0.0244243 0.217308 2053.23 3
0.0701618 -0.0246612 0.217 2057.33 3
0.0725176 -0.0248969 0.217 2028.2 3
0.0497581 -0.0214678 0.2176 2196.6 3
0.0512823 -0.0214256 0.218 2526.29 3
0.0536826 -0.0212226 0.218 2785.75 3
0.055719 -0.0215747 0.217636 2616.27 3
0.0576975 -0.0217022 0.217714 2604.71 3
0.0598079 -0.0220641 0.217286 2466.93 3
0.0619356 -0.0221444 0.217385 2439.92 3
0.064037 -0.0227754 0.217 2335.6 3
0.0654505 -0.0227754 0.217 2260.5 3
0.0497031 -0.0200083 0.217077 2563.23 3
0.0516085 -0.0200378 0.217529 2817.24 3
0.0535185 -0.020214 0.217333 2808.33 3
0.0553232 -0.0204653 0.217143 2711 3
0.0576767 -0.0206538 0.217 2658.5 3
0.0501384 -0.0187679 0.217 3120.5 3
0.0515518 -0.0187679 0.217 3110 3
0.0593623 -0.0100921 0.218 2500.5 3
0.0345908 -0.00155945 0.217 884.5 3
0.0330936 0.0270884 0.218 573.667 3
0.0340402 0.0270884 0.218 648 3
0.0330936 0.027562 0.218 553.667 3
0.0340402 0.027562 0.218 637 3
0.0437431 0.028983 0.218 1385 3
0.0446898 0.028983 0.218 797.5 3
0.0437431 0.0294566 0.218 1392.5 3
0.0446898 0.0294566 0.218 600.5 3
0.0686911 -0.0278491 0.219833 2063 3
0.0703837 -0.0280239 0.219615 1999.23 3
0.0724433 -0.0280705 0.219429 1965.5 3
0.0738991 -0.0282192 0.219 1813.25 3
0.0587129 -0.0252411 0.22 2456 3
0.059907 -0.0252411 0.22 2395.25 3
0.0618176 -0.0252411 0.22 2322.5 3
0.0640353 -0.025446 0.22 2238.71 3
0.0662999 -0.0260889 0.219818 2147.64 3
0.0680818 -0.0264433 0.219313 2091.62 3
0.0700613 -0.0268257 0.219 2050.43 3
0.0724727 -0.0270296 0.219 2010.5 3
0.0515515 -0.0232232 0.219 1773 3
0.0531857 -0.0235341 0.22 1910.43 3
0.0556933 -0.0232656 0.2194 2285 3
0.0578146 -0.0238745 0.219733 2341.47 3
0.0598541 -0.0241242 0.2194 2310.33 3
0.0619473 -0.0242123 0.219333 2237.42 3
0.0638211 -0.0245879 0.2195 2221.12 3
0.0658754 -0.024948 0.219 2175.12 3
0.0677179 -0.0251264 0.219 2119.5 3
0.0517298 -0.0222121 0.219 2201.5 3
0.0534554 -0.0223481 0.219385 2348.23 3
0.0553318 -0.0224532 0.219222 2407.44 3
0.0577327 -0.0227474 0.219 2312 3
0.0589215 -0.0227474 0.219 2361 3
0.0605856 -0.0163239 0.219 2299.25 3
0.0596347 -0.0113279 0.219 2410.83 3
0.0344342 0.0286401 0.219 635.667 3
0.0410909 0.0291159 0.219 1731 3
0.0431891 0.0287709 0.22 1911.67 3
0.0344342 0.0300675 0.219 618 3
0.04122 0.0302237 0.219143 1709.86 3
0.0433324 0.0303004 0.22 1588 3
0.0443833 0.0304438 0.22 1174 3
0.041995 0.0316388 0.22 604 3
0.0424726 0.0316388 0.22 534 3
0.0681635 -0.0298115 0.222 1990.25 3
0.070383 -0.0302155 0.221692 1957.31 3
0.0722391 -0.0300585 0.221444 1944.22 3
0.0743341 -0.0296773 0.221 1776 3
0.0580416 -0.0273999 0.222 2269 3
0.0599696 -0.0273999 0.222 2249.5 3
0.0614156 -0.0273999 0.222 2208 3
0.0643076 -0.027641 0.222 2130.12 3
0.0663025 -0.0282138 0.221706 2092.82 3
0.0682278 -0.0286837 0.221308 2051.31 3
0.0700782 -0.0292235 0.2212 1979.6 3
0.0724148 -0.0291971 0.221 1960.2 3
0.0743341 -0.0291971 0.221 1803 3
0.053807 -0.025884 0.222 1743 3
0.0559375 -0.0256445 0.221714 2298 3
0.057791 -0.0261424 0.221556 2335.39 3
0.059948 -0.0263165 0.221286 2303 3
0.0620316 -0.0263566 0.221333 2238.08 3
0.0638997 -0.0264802 0.221273 2193.36 3
0.0659715 -0.0268649 0.221 2140 3
0.0676166 -0.0272765 0.221 2077 3
0.0537827 -0.0244331 0.221333 1906.22 3
0.0556708 -0.0244181 0.2212 2391.6 3
0.0577802 -0.0248757 0.221 2418.25 3
0.0594876 -0.0148594 0.222 2388 3
0.0592866 -0.0136083 0.22125 2482.25 3
0.0592197 -0.0123917 0.221 2475.5 3
0.0729835 -0.00907146 0.222 2171.5 3
0.0353878 -0.00665982 0.222 707.5 3
0.0353878 -0.00569516 0.222 800.667 3
0.0414662 0.0313024 0.221 1356.5 3
0.0430016 0.0307262 0.221 1739.2 3
0.0414662 0.0317826 0.221 829 3
0.0433854 0.0317826 0.221 499 3
0.0685344 -0.0317835 0.224 1922.17 3
0.0703363 -0.0317946 0.223889 1922.78 3
0.0727266 -0.0317978 0.223857 1847.14 3
0.0746137 -0.0317835 0.224 1723 3
0.0758295 -0.0317835 0.224 1570 3
0.0639142 -0.0298367 0.224 2090.38 3
0.0661737 -0.0301518 0.223625 2006.44 3
0.0681174 -0.030534 0.223167 1968 3
0.0701652 -0.0309148 0.223 1937.33 3
0.072586 -0.0309148 0.223 1892.33 3
0.0745227 -0.0306725 0.223 1765.3 3
0.0562914 -0.0276056 0.223667 2247.67 3
0.0577198 -0.0282761 0.223727 2221.45 3
0.0598067 -0.0285992 0.223538 2224.08 3
0.06215 -0.028439 0.223471 2198.12 3
0.0639678 -0.0285407 0.223 2139.5 3
0.0653235 -0.0287345 0.223 2098.5 3
0.0556417 -0.0265323 0.223182 2197.82 3
0.0570926 -0.0270388 0.223 2275 3
0.0626606 -0.00935457 0.223 2539.25 3
0.0709661 -0.00866651 0.224 2413 3
0.0724254 -0.00908621 0.223667 2282.89 3
0.0743705 -0.00988318 0.224 2111.67 3
0.068729 -0.00701182 0.224 2457.2 3
0.0703518 -0.00725151 0.2235 2338.56 3
0.0718322 -0.00790716 0.223167 2252.83 3
0.0335181 -0.00452979 0.224 323 3
0.034526 -0.0049093 0.2236 678.3 3
0.0685344 -0.00623314 0.224 2519.33 3
0.0702272 -0.00621088 0.2232 2325.4 3
0.0335181 -0.00306977 0.224 319.5 3
0.0343874 -0.00306063 0.223333 662.583 3
0.0335181 -0.00112308 0.224 306.5 3
0.0344391 -0.00112068 0.223667 646.083 3
0.0333685 0.000335437 0.223 304 3
0.0344402 0.00033644 0.223667 663 3
0.0747892 -0.0359954 0.226 1649.62 3
0.0760159 -0.0359954 0.226 1682 3
0.0691464 -0.0340313 0.226 1820.5 3
0.0703731 -0.0340313 0.226 1811.25 3
0.0725 -0.0343619 0.22575 1756.38 3
0.0745798 -0.0345435 0.225778 1746.44 3
0.0765066 -0.0345223 0.226 1723.83 3
0.0642396 -0.0320673 0.226 1994.67 3
0.066328 -0.0323073 0.225714 1927.71 3
0.068045 -0.0326259 0.225333 1890.25 3
0.0703059 -0.0329031 0.225 1883.8 3
0.0725042 -0.032903 0.225 1808.25 3
0.0744582 -0.0329031 0.225 1792 3
0.0762816 -0.0329518 0.225333 1652 3
0.0563887 -0.0298577 0.226 2145 3
0.0576108 -0.0300115 0.225571 2169.86 3
0.0597162 -0.0300499 0.2256 2158.6 3
0.0620147 -0.0304656 0.225444 2134.28 3
0.0640113 -0.0309752 0.2252 2035 3
0.0656651 -0.0309477 0.225 2024.5 3
0.0541851 -0.0277702 0.225 1619 3
0.0557529 -0.0283921 0.225083 2120.08 3
0.057655 -0.0292627 0.2252 2193.2 3
0.0541851 -0.0272813 0.225 1619 3
0.0551621 -0.0272813 0.225 2028 3
0.0684104 -0.00874389 0.226 2540 3
0.0705536 -0.00893743 0.225571 2471.43 3
0.0727007 -0.00983515 0.225286 2336.14 3
0.0669383 -0.00751634 0.226 2566 3
0.0683087 -0.00775076 0.225667 2517.08 3
0.0702163 -0.00823461 0.2255 2454.75 3
0.074956 -0.0380477 0.228 1661.5 3
0.0766886 -0.0380477 0.228 1651.8 3
0.0789162 -0.0380477 0.228 1633.75 3
0.0804013 -0.0380477 0.228 1624.5 3
0.0709958 -0.036314 0.228 1729.75 3
0.0726615 -0.0365288 0.227571 1712.79 3
0.0743794 -0.0370288 0.227545 1663.18 3
0.0767849 -0.0369199 0.227385 1656.77 3
0.0787437 -0.0367294 0.2275 1662.88 3
0.0804013 -0.0368093 0.228 1587.88 3
0.0662341 -0.0343024 0.2278 1900.4 3
0.0684551 -0.034671 0.227429 1798.79 3
0.0701916 -0.0351683 0.227 1797.5 3
0.0716702 -0.0351683 0.227 1763 3
0.0780772 -0.0351683 0.227 1683 3
0.0571352 -0.031608 0.228 2081.5 3
0.0598578 -0.0323511 0.228 2012.7 3
0.0621589 -0.032634 0.227667 2013.33 3
0.0638994 -0.0329555 0.227286 1980.86 3
0.0660024 -0.0331955 0.227 1932.33 3
0.0557282 -0.0301453 0.227308 2065.54 3
0.0577891 -0.0311161 0.227222 2119.22 3
0.0598417 -0.0312228 0.227 2087.5 3
0.0610738 -0.0312228 0.227 2054 3
0.0540096 -0.028428 0.227 1339.83 3
0.0549132 -0.0287568 0.227 1791.5 3
0.0541739 -0.0267841 0.227 1298 3
0.098222 -0.0192239 0.228 1715 3
0.0992121 -0.0192239 0.228 1539.5 3
0.098222 -0.0187285 0.228 1791.5 3
0.0992121 -0.0187285 0.228 1622 3
0.0762724 -0.0130033 0.2275 1421.25 3
0.0728951 -0.0110383 0.22775 2374.88 3
0.0747368 -0.0113483 0.227333 2133.42 3
0.0761898 -0.0118121 0.2274 1614.1 3
0.064808 -0.00956431 0.228 2553 3
0.0661133 -0.00930374 0.227667 2561.17 3
0.0681389 -0.00954012 0.227417 2505.17 3
0.0702084 -0.00982614 0.227273 2454.64 3
0.0719166 -0.0100156 0.227 2424.5 3
0.0662488 -0.00828939 0.227 2569.5 3
0.0674809 -0.00828939 0.227 2584 3
0.0771116 -0.0403803 0.23 1612 3
0.07879 -0.0403452 0.2298 1613.2 3
0.0811509 -0.0407773 0.2297 1596.8 3
0.0826545 -0.0406801 0.23 1605.2 3
0.0688721 -0.0378818 0.23 1748 3
0.0701205 -0.0378818 0.23 1727.75 3
0.072867 -0.0383815 0.23 1717.33 3
0.0746259 -0.0388441 0.229778 1675.56 3
0.07668 -0.0391425 0.229333 1637.33 3
0.0787747 -0.0393013 0.229308 1637.85 3
0.0808386 -0.0391465 0.229077 1629.15 3
0.0828133 -0.0389164 0.229786 1569.79 3
0.0628797 -0.0358829 0.23 1896 3
0.0641281 -0.0358829 0.23 1839.5 3
0.0662699 -0.036235 0.229636 1784.82 3
0.0682347 -0.0365018 0.229538 1758.54 3
0.0702487 -0.036942 0.229333 1724.33 3
0.072053 -0.0374683 0.229 1732.33 3
0.0814997 -0.0372195 0.229 1539.33 3
0.0819969 -0.0372195 0.229 1473.67 3
0.0578861 -0.0338841 0.23 2036.33 3
0.0599568 -0.0343 0.229692 1927.77 3
0.0620178 -0.0344468 0.229583 1933.17 3
0.0641065 -0.0347402 0.229286 1927 3
0.0661435 -0.0352602 0.2292 1836.6 3
0.0678269 -0.0352294 0.229 1794 3
0.0559392 -0.0323073 0.2298 2066.4 3
0.0577305 -0.0327205 0.229385 2006 3
0.0596744 -0.0332682 0.2292 1950.8 3
0.0616119 -0.0332392 0.229 1971.67 3
0.0542722 -0.0305705 0.2295 1920.75 3
0.0550838 -0.0307854 0.22925 2021.88 3
0.100082 -0.0236401 0.23 385 3
0.0977234 -0.0218865 0.229571 1651.43 3
0.099504 -0.022172 0.229571 1077 3
0.0962515 -0.0204731 0.2295 1740.25 3
0.0976278 -0.0203556 0.229154 1700.85 3
0.0993987 -0.0203033 0.229 1364.67 3
0.0752848 -0.0170693 0.229 1665.5 3
0.0750326 -0.0155167 0.2296 1666.3 3
0.0758632 -0.0151451 0.23 1522.5 3
0.0747823 -0.0135066 0.22975 2082.75 3
0.0763626 -0.0141455 0.23 1499.67 3
0.0640979 -0.0108501 0.229 2502.4 3
0.0688721 -0.0111474 0.23 2485.5 3
0.0704959 -0.011419 0.229714 2440.86 3
0.0723464 -0.0117974 0.229667 2353.75 3
0.0740418 -0.012094 0.229 2265.5 3
0.0640979 -0.0103526 0.229 2525.2 3
0.0662798 -0.0103827 0.229667 2560.33 3
0.068134 -0.0103616 0.2292 2499.2 3
0.0834291 -0.0447037 0.233 1478.5 3
0.0851997 -0.0447037 0.233 1474.88 3
0.0872232 -0.0447037 0.233 1459 3
0.0894154 -0.0450412 0.233 1427.33 3
0.0788077 -0.0426422 0.2328 1536.4 3
0.080983 -0.0427849 0.232 1507.64 3
0.0827552 -0.0431268 0.232 1510.06 3
0.0850962 -0.0430062 0.232333 1516.22 3
0.0871707 -0.0431788 0.232571 1498.14 3
0.0887408 -0.043185 0.233 1481.38 3
0.0667352 -0.0404008 0.233 1682 3
0.0682994 -0.0405872 0.232778 1695 3
0.0704918 -0.0406322 0.232875 1665.25 3
0.0726416 -0.0408215 0.2328 1650.3 3
0.0745384 -0.0410069 0.232444 1655.78 3
0.0765221 -0.0411111 0.232 1602.25 3
0.078768 -0.0413445 0.2312 1583.7 3
0.0804561 -0.0413087 0.231 1556.5 3
0.0834653 -0.0413087 0.231 1597 3
0.0850624 -0.0408515 0.23125 1532.44 3
0.0868815 -0.0411919 0.23175 1472.88 3
0.0626881 -0.0381228 0.233 1808.5 3
0.0640994 -0.0383429 0.2328 1771.7 3
0.0662035 -0.038821 0.23225 1764.69 3
0.0682238 -0.0389964 0.231667 1750.11 3
0.0703591 -0.0391073 0.231333 1695.67 3
0.072311 -0.0392338 0.231273 1696.45 3
0.0739361 -0.0393011 0.231 1688 3
0.0847806 -0.0388269 0.231167 1199.75 3
0.0578823 -0.0360978 0.233 1912 3
0.0598836 -0.0367463 0.232538 1895.77 3
0.0619108 -0.0366904 0.231714 1867 3
0.0641713 -0.0370385 0.2316 1852.5 3
0.0658909 -0.0372461 0.231222 1818 3
0.0681685 -0.0375446 0.231 1803.33 3
0.0835748 -0.0374551 0.232 1318 3
0.0840785 -0.0374551 0.232 1109.5 3
0.053772 -0.0340097 0.233 2076.88 3
0.0556506 -0.0345255 0.232067 1999.07 3
0.0576802 -0.0347706 0.231364 1971.27 3
0.059646 -0.0354099 0.231571 1879.14 3
0.0618993 -0.0355371 0.231 1868.5 3
0.0518117 -0.0317949 0.233 1495.5 3
0.0534428 -0.0324708 0.2324 2051.2 3
0.0552957 -0.0328603 0.231 2080.56 3
0.0571347 -0.0335295 0.231 2039 3
0.0518117 -0.0312887 0.233 1179 3
0.0535708 -0.0305854 0.2315 1561.33 3
0.0541255 -0.0290126 0.231 1123 3
0.0983526 -0.025214 0.233 1643.5 3
0.0993643 -0.025214 0.233 1453 3
0.0917761 -0.0239484 0.233 1737 3
0.0930408 -0.0235687 0.233 1722.88 3
0.0957599 -0.0237586 0.233 1696.75 3
0.0978593 -0.0240064 0.232333 1658.58 3
0.0995076 -0.024274 0.231667 1203.17 3
0.0909884 -0.022739 0.231 1860.5 3
0.0932938 -0.0226828 0.233 1734.25 3
0.0956542 -0.0223404 0.231778 1701.17 3
0.0971321 -0.0224881 0.231 1668.12 3
0.0664131 -0.0192259 0.231 2279 3
0.0683371 -0.0200673 0.233 1983.42 3
0.0649376 -0.0172929 0.232 2267.5 3
0.0660167 -0.0178156 0.23225 2296.5 3
0.067241 -0.0183799 0.233 2279 3
0.0730586 -0.0178737 0.233 1518.25 3
0.074078 -0.017614 0.23125 1397.12 3
0.0629228 -0.0157808 0.232 2316 3
0.0640741 -0.0158528 0.232 2365.07 3
0.0657682 -0.0157335 0.2328 2476.8 3
0.0710352 -0.0153426 0.233 2304.25 3
0.0724835 -0.0157477 0.232333 2255.78 3
0.0741605 -0.0159379 0.231143 1894.71 3
0.0629228 -0.0137645 0.232 2451.25 3
0.0640741 -0.0136925 0.232 2465.07 3
0.0660445 -0.013888 0.232857 2466.36 3
0.0681936 -0.0138124 0.2328 2384.1 3
0.0703779 -0.0137953 0.2325 2281.44 3
0.0723671 -0.0137413 0.2316 2216.1 3
0.0738526 -0.0138725 0.231 2222.17 3
0.0642184 -0.0119603 0.231222 2451.22 3
0.0662736 -0.0117555 0.2315 2463.69 3
0.0683155 -0.0118496 0.2315 2396.25 3
0.0701746 -0.0121996 0.231 2352.67 3
0.0917986 -0.0486614 0.235 1339.83 3
0.0937374 -0.0488656 0.235 1347.1 3
0.0954722 -0.0493007 0.234769 1250.69 3
0.0711346 -0.0463639 0.235 257.5 3
0.0815942 -0.0463639 0.235 1409 3
0.0830228 -0.0466702 0.235 1416.6 3
0.0849106 -0.0471297 0.235 1419.12 3
0.0869515 -0.0471297 0.235 1385.25 3
0.0891889 -0.0472139 0.234538 1362.77 3
0.0912836 -0.0472512 0.234333 1357.17 3
0.0934401 -0.0471834 0.234 1397.8 3
0.0955539 -0.0472229 0.2342 1245.73 3
0.0685457 -0.044133 0.234 818.333 3
0.0706973 -0.044978 0.235 1170.07 3
0.0724102 -0.0447045 0.235 1441 3
0.0747062 -0.0443216 0.235 1498 3
0.0767471 -0.0443216 0.235 1462.25 3
0.078996 -0.0444326 0.234429 1486.57 3
0.0809238 -0.0449405 0.234538 1439.77 3
0.0829132 -0.0455265 0.234273 1443.73 3
0.0850573 -0.0459124 0.234 1435.88 3
0.0870895 -0.0459124 0.234 1404.62 3
0.0890128 -0.0456582 0.234 1383.71 3
0.0913583 -0.0451749 0.234133 1439.27 3
0.0934603 -0.0455244 0.234333 1622.56 3
0.0956948 -0.0452963 0.235 1439.64 3
0.0667023 -0.0427292 0.234667 878.444 3
0.0683425 -0.0428112 0.234 1408.33 3
0.0704747 -0.0429544 0.2345 1563.88 3
0.0725102 -0.0429544 0.2345 1567.19 3
0.0744943 -0.0431783 0.234333 1540.08 3
0.0766952 -0.0431331 0.234286 1530.86 3
0.0787731 -0.0436619 0.2342 1542.8 3
0.0804849 -0.0436246 0.234 1515 3
0.0898838 -0.0431162 0.234 1448 3
0.0908525 -0.0433941 0.2344 1372.2 3
0.0645018 -0.0404923 0.235 1731.5 3
0.0660165 -0.0409624 0.234444 1626.17 3
0.0681393 -0.0414893 0.234 1621.8 3
0.0703239 -0.041591 0.234 1602.75 3
0.0723561 -0.041591 0.234 1581.25 3
0.058124 -0.03845 0.235 1898.5 3
0.0598453 -0.0384091 0.23475 1882.25 3
0.0619094 -0.0387942 0.234429 1840.07 3
0.0638543 -0.0393872 0.2345 1758 3
0.0540423 -0.0364077 0.235 1936.33 3
0.0558351 -0.036779 0.234571 1950.86 3
0.0575188 -0.0370981 0.2342 1910.8 3
0.0588928 -0.0372696 0.234 1883 3
0.0496544 -0.0344165 0.235 1869.6 3
0.0513788 -0.0347365 0.234765 1951.18 3
0.0533747 -0.0351842 0.2345 1959.83 3
0.0548284 -0.035236 0.234 1992 3
0.0494503 -0.0335996 0.235 1564.67 3
0.0514784 -0.0330203 0.234231 1877.92 3
0.0998761 -0.0274493 0.2348 1130.4 3
0.101061 -0.0273558 0.234 120 3
0.0865815 -0.0260848 0.234 1844 3
0.0902679 -0.0254304 0.235 1731 3
0.0915435 -0.0254304 0.235 1714.75 3
0.0935843 -0.0254304 0.235 1709.25 3
0.0957979 -0.0254088 0.2348 1700.8 3
0.097622 -0.0259579 0.234727 1655.36 3
0.0997625 -0.0263993 0.234533 1297.8 3
0.101061 -0.026339 0.234 366.667 3
0.0900118 -0.0243407 0.234333 1826 3
0.0911573 -0.0243986 0.2344 1774.7 3
0.0938933 -0.0244855 0.2345 1710.5 3
0.0955403 -0.024522 0.234444 1706.22 3
0.0975045 -0.0248138 0.234 1655 3
0.0690538 -0.0194756 0.234 1940 3
0.0703239 -0.0198145 0.234 1487.42 3
0.0721021 -0.0194756 0.234 1440.5 3
0.0670216 -0.017442 0.234 2354 3
0.0682917 -0.0179504 0.234 2303.42 3
0.0703154 -0.017927 0.234444 2174.06 3
0.0721021 -0.0179504 0.234 1817.67 3
0.0670216 -0.0159168 0.234 2448 3
0.0682917 -0.0159168 0.234 2418.38 3
0.070215 -0.0159894 0.234 2350.57 3
0.071594 -0.0164252 0.234 2258.5 3
0.0961818 -0.0531949 0.237 703 3
0.093609 -0.0511353 0.237 1310.5 3
0.0954648 -0.0514136 0.2365 1170.19 3
0.0968007 -0.0509195 0.236 728 3
0.0755993 -0.0485606 0.237 391.5 3
0.0766284 -0.0485606 0.237 971.833 3
0.0831638 -0.0485664 0.236889 1426.44 3
0.0850157 -0.0486121 0.236 1469.33 3
0.0871769 -0.0490756 0.237 1421.88 3
0.0894513 -0.0491782 0.236667 1376.25 3
0.0912558 -0.0496916 0.236429 1362.21 3
0.0934702 -0.049894 0.236 1339.88 3
0.0729233 -0.0468688 0.236 533.2 3
0.0745649 -0.0471073 0.236167 888.417 3
0.0768704 -0.0471486 0.236769 1379.15 3
0.0789439 -0.046501 0.237 1420.62 3
0.0808882 -0.0472076 0.236667 1419.33 3
0.0828523 -0.0474157 0.236 1420.56 3
0.0852719 -0.0480994 0.236 1439.5 3
0.0873215 -0.0480994 0.236 1395.25 3
0.0888587 -0.0480994 0.236 1384.5 3
0.0729233 -0.0457408 0.236 1269.2 3
0.0745117 -0.0455357 0.236 1443.33 3
0.0764914 -0.0454891 0.236 1440.91 3
0.0786108 -0.0452793 0.236 1429.25 3
0.0806604 -0.0460484 0.236 1413.5 3
0.0934702 -0.0445102 0.236 1582.5 3
0.0955197 -0.0445102 0.236 1791 3
0.0968007 -0.0445102 0.236 1043 3
0.0644075 -0.0425104 0.237 1208.5 3
0.0655526 -0.0427367 0.2364 799 3
0.091933 -0.0432283 0.236 1160.75 3
0.0935535 -0.0436458 0.2366 1415.4 3
0.0956437 -0.0434063 0.236625 1850.81 3
0.0972861 -0.0426825 0.236727 1161.64 3
0.0580184 -0.0405794 0.237 1785.33 3
0.0599051 -0.0408369 0.237 1719.5 3
0.0621143 -0.040768 0.2366 1716.5 3
0.0642154 -0.0412637 0.2362 1624.1 3
0.0961818 -0.0408369 0.237 1968.75 3
0.0974682 -0.0408369 0.237 1495.81 3
0.0503857 -0.0380048 0.237 2016 3
0.0516721 -0.0380048 0.237 2028.25 3
0.0536159 -0.0379247 0.2365 1938.75 3
0.055639 -0.0385907 0.2368 1915.5 3
0.0575487 -0.039211 0.2362 1903.6 3
0.0596523 -0.0396391 0.236 1857.88 3
0.0611895 -0.0396391 0.236 1861.5 3
0.0961818 -0.0392921 0.237 1900.5 3
0.0975785 -0.0388508 0.237 1812.29 3
0.0990119 -0.0387772 0.237 783 3
0.049435 -0.0363835 0.2365 1924.29 3
0.051462 -0.0367888 0.236308 1964.92 3
0.0533036 -0.0369867 0.23625 1943 3
0.0550408 -0.0373317 0.236 1910 3
0.0978284 -0.0368205 0.237 1963.9 3
0.0990119 -0.0367175 0.237 1367.12 3
0.0475556 -0.0351728 0.237 1537 3
0.0489946 -0.0350986 0.2365 1869.38 3
0.100156 -0.0297243 0.236667 1141.33 3
0.1009 -0.0296406 0.236 154 3
0.0866624 -0.0277065 0.237 1740.5 3
0.090007 -0.0277065 0.237 1655 3
0.0910361 -0.0277065 0.237 1692 3
0.0941235 -0.0277065 0.237 1699 3
0.09541 -0.0277065 0.237 1704.75 3
0.0977016 -0.0280108 0.236667 1683.33 3
0.099736 -0.0285549 0.236714 1388.5 3
0.1009 -0.0286151 0.236 572.333 3
0.0866624 -0.0271916 0.237 1780.5 3
0.0894421 -0.0262263 0.236417 1729.75 3
0.0914558 -0.0265893 0.236636 1699.55 3
0.0935428 -0.026406 0.236111 1684.56 3
0.0954831 -0.0266024 0.236333 1687.92 3
0.0972836 -0.0268899 0.236286 1671.29 3
0.0988503 -0.0270769 0.236 1630 3
0.0896272 -0.0250259 0.236 1822.67 3
0.0934236 -0.0527543 0.2385 1233 3
0.0955127 -0.0534438 0.2388 1119.8 3
0.0855775 -0.0507879 0.239 1580 3
0.0873936 -0.0507879 0.239 1557 3
0.0893445 -0.0512363 0.238667 1457.33 3
0.0913524 -0.0514589 0.2385 1335.88 3
0.0930679 -0.0517936 0.23825 1279 3
0.0947791 -0.0521266 0.238 1254 3
0.0787441 -0.0492686 0.238286 1273.43 3
0.0807376 -0.0493872 0.2385 1398.75 3
0.082579 -0.049623 0.238667 1417.11 3
0.0852253 -0.0498529 0.238429 1504.86 3
0.0871655 -0.0501231 0.2388 1492 3
0.089095 -0.0500583 0.238 1412.5 3
0.0790187 -0.0477314 0.238 1418.33 3
0.0800521 -0.0477314 0.238 1412 3
0.0635241 -0.0445567 0.239 807.5 3
0.0582341 -0.0427557 0.2388 1714.2 3
0.0598082 -0.0429397 0.238667 1666.92 3
0.0621047 -0.0429155 0.238533 1601.27 3
0.0639408 -0.0433226 0.238182 1081.27 3
0.0941394 -0.0427393 0.239 1142.5 3
0.0952958 -0.0425604 0.238 1762.25 3
0.0521081 -0.0404026 0.239 1862.5 3
0.0536649 -0.0404026 0.239 1820.25 3
0.0558258 -0.0408192 0.2387 1782.5 3
0.0575153 -0.0412339 0.2384 1799.4 3
0.0596411 -0.0417848 0.238 1709.5 3
0.0619664 -0.0417848 0.238 1693 3
0.0635166 -0.0417848 0.238 1679 3
0.0956007 -0.0412397 0.238333 1697.92 3
0.047438 -0.038066 0.239 2045.75 3
0.0495756 -0.0385012 0.2388 1993.4 3
0.0516058 -0.0391948 0.2386 1971.7 3
0.0535152 -0.039255 0.238333 1904 3
0.0552872 -0.0394858 0.238167 1865.5 3
0.0567991 -0.0397165 0.238 1884 3
0.0963392 -0.0392237 0.238667 1679.5 3
0.0971043 -0.0384238 0.238 1962 3
0.0473974 -0.0368276 0.238429 1911.64 3
0.0493065 -0.0373896 0.238 1965 3
0.0965876 -0.0373896 0.238 1691 3
0.0973882 -0.0365835 0.238556 1772.67 3
0.100463 -0.0363554 0.238 533.25 3
0.0467227 -0.0353213 0.238 1135.25 3
0.0984083 -0.0348762 0.2385 1913.62 3
0.0998912 -0.0346315 0.238429 1499.19 3
0.0985501 -0.0318348 0.239 1890.5 3
0.100022 -0.0324338 0.238875 1739.75 3
0.101145 -0.032354 0.239 1017.5 3
0.0894694 -0.0297577 0.239 680.5 3
0.0911619 -0.0298918 0.238 1018.25 3
0.0931017 -0.0297577 0.239 1558 3
0.0978966 -0.0299923 0.2388 1805 3
0.099714 -0.0305596 0.238167 1724.67 3
0.0847656 -0.0283344 0.238667 1809 3
0.0875323 -0.0279882 0.238667 1696.67 3
0.0892813 -0.0281415 0.2385 1545.19 3
0.0911619 -0.0288576 0.238 1382.08 3
0.0933273 -0.028112 0.23825 1698.5 3
0.0957134 -0.0286471 0.2384 1702.8 3
0.0977072 -0.0288576 0.238 1733.83 3
0.0994297 -0.0293747 0.238 1718.5 3
0.0898701 -0.0265306 0.238 1712.5 3
0.0365409 -0.0131413 0.239 1737.12 3
0.0386167 -0.0131413 0.239 2125.62 3
0.036541 -0.0121028 0.239 1748.88 3
0.0384437 -0.0117566 0.239 1920.92 3
0.0401734 -0.0121028 0.239 2270.5 3
0.0954505 -0.0551399 0.241 1146.5 3
0.0857704 -0.0530455 0.241 1708.5 3
0.0871906 -0.0534943 0.241 1978.29 3
0.0892751 -0.0534865 0.240889 1631.28 3
0.0914069 -0.0528254 0.24 1311.5 3
0.0934021 -0.0538441 0.240667 1254.33 3
0.0947939 -0.0538682 0.24 1205 3
0.0794221 -0.0515218 0.24 622.167 3
0.0810308 -0.0515991 0.2406 1183.8 3
0.083103 -0.0512953 0.2404 1425.8 3
0.0849697 -0.051577 0.240429 1585.07 3
0.0872383 -0.0517825 0.24 1781 3
0.088541 -0.0517825 0.24 1630 3
0.0603929 -0.0465004 0.241 1613 3
0.0618057 -0.0469716 0.241 1079.2 3
0.0632708 -0.0465004 0.241 992 3
0.0582999 -0.0446678 0.241 1684 3
0.0597454 -0.0450987 0.2405 1667.31 3
0.0617218 -0.0450158 0.240063 1571.88 3
0.0633125 -0.0451226 0.240167 1061.5 3
0.0537028 -0.0426107 0.241 1740 3
0.0557804 -0.0428635 0.240667 1717.5 3
0.0574424 -0.0431523 0.240333 1711.92 3
0.0480966 -0.0404789 0.241 1943 3
0.04952 -0.0406547 0.2408 1938.9 3
0.0512945 -0.0410053 0.240571 1881.86 3
0.0534231 -0.0413969 0.24025 1820.38 3
0.0549316 -0.0413538 0.24 1784.25 3
0.0955755 -0.0408324 0.24 1319.75 3
0.0455136 -0.0387352 0.2409 1936 3
0.0470988 -0.0390591 0.240583 1978.17 3
0.0489392 -0.0392681 0.24 1972.17 3
0.0963571 -0.0384859 0.24 1303 3
0.0968782 -0.0384859 0.24 1541.33 3
0.0453333 -0.0369563 0.240222 1641.44 3
0.0463338 -0.0369216 0.24 1847.67 3
0.0963571 -0.0374431 0.24 1173 3
0.0971827 -0.0366365 0.240571 1327.71 3
0.098111 -0.0348028 0.240286 1586 3
0.0934912 -0.031968 0.24 1165.25 3
0.0981916 -0.0320568 0.240667 1742.83 3
0.0990992 -0.0330567 0.240333 1843 3
0.0829798 -0.030094 0.241 1753.33 3
0.0921885 -0.0309251 0.24 1029.5 3
0.0934912 -0.0306644 0.24 1367.12 3
0.095513 -0.0304681 0.2405 1688.81 3
0.0974466 -0.0307943 0.240333 1766.83 3
0.0857704 -0.0289595 0.241 1774.5 3
0.0870785 -0.0289595 0.241 1721.12 3
0.0883866 -0.0289595 0.241 1657.5 3
0.0452188 -0.0174402 0.241 2491.25 3
0.0467885 -0.0174402 0.241 2394.75 3
0.0433002 -0.0156948 0.241 2460.25 3
0.0449192 -0.0159999 0.240333 2417.5 3
0.0366939 -0.0142392 0.24 1829.12 3
0.0389398 -0.0142985 0.241 2227.62 3
0.0409056 -0.0137326 0.24025 2399.38 3
0.0424258 -0.0142392 0.24 2400.25 3
0.0898587 -0.059346 0.243 873.6 3
0.0907029 -0.0595572 0.243 825 3
0.0851632 -0.0569174 0.243 1091.5 3
0.0870895 -0.0578224 0.242 975.583 3
0.0891747 -0.057837 0.242429 1169.29 3
0.0911551 -0.0573699 0.243 1194.43 3
0.0936047 -0.0569174 0.243 1195 3
0.0957144 -0.0571392 0.2426 965.8 3
0.0966347 -0.0574718 0.242 414.5 3
0.0833167 -0.0552016 0.243 1216.5 3
0.0849871 -0.0556453 0.242714 1551.36 3
0.0869144 -0.0558945 0.242 1564.44 3
0.0889883 -0.0558574 0.242067 1572.4 3
0.0913066 -0.0557471 0.2425 1288.58 3
0.093527 -0.0557102 0.2428 1265.6 3
0.0953769 -0.0561066 0.242429 1096 3
0.0971601 -0.0557192 0.242 711.167 3
0.0811348 -0.0532656 0.242 731 3
0.082825 -0.0536029 0.242333 1343.58 3
0.0849376 -0.0537106 0.242143 1539.29 3
0.086389 -0.0543172 0.242 1678 3
0.0913805 -0.0543172 0.242 1322.67 3
0.0924313 -0.0543172 0.242 1304 3
0.0832365 -0.052214 0.242 1427 3
0.0598389 -0.0487342 0.243 886.75 3
0.0564096 -0.0463583 0.243 1699 3
0.0579924 -0.0468863 0.243 1666.17 3
0.0596321 -0.047356 0.242455 1504.09 3
0.0609062 -0.047482 0.242 1189 3
0.0519251 -0.0442465 0.243 1760.5 3
0.0536209 -0.0449253 0.243 1741.71 3
0.0556545 -0.0450853 0.242778 1719.56 3
0.0574839 -0.0453108 0.242273 1713.18 3
0.0588045 -0.0459047 0.242 1695.5 3
0.0471768 -0.0421347 0.243 1812.75 3
0.0492871 -0.0429267 0.243 1773.38 3
0.0515979 -0.0429703 0.2425 1769.17 3
0.0533804 -0.0436269 0.242125 1718.12 3
0.0551266 -0.0438015 0.242 1723.67 3
0.0451665 -0.0406549 0.242833 1965.17 3
0.0473976 -0.0411421 0.242333 1915.58 3
0.049347 -0.0416984 0.242 1851.83 3
0.095715 -0.0413428 0.243 1024.25 3
0.0437447 -0.0384457 0.242571 1530.86 3
0.0449335 -0.0392273 0.242 1905.8 3
0.0965064 -0.038175 0.243 910 3
0.097034 -0.038175 0.243 999 3
0.0440928 -0.0377551 0.242 1377 3
0.0446182 -0.0377551 0.242 1615 3
0.0965064 -0.0363272 0.243 1135 3
0.0972284 -0.0361205 0.2425 1254 3
0.0977555 -0.034627 0.2425 1482.83 3
0.0987363 -0.0343375 0.242 1585 3
0.0872736 -0.0315757 0.243 1440 3
0.0888563 -0.0315757 0.243 869 3
0.0955838 -0.0322344 0.242 1642.17 3
0.0975033 -0.0326297 0.2422 1709.2 3
0.0987363 -0.0332859 0.242 1647 3
0.0851632 -0.0302558 0.243 1744.12 3
0.0871531 -0.0304782 0.242667 1666.5 3
0.0886126 -0.0304367 0.242333 1369.67 3
0.0437474 -0.0189048 0.243 2398 3
0.0450664 -0.0193007 0.243 2543.75 3
0.0474406 -0.0194327 0.243 2552.56 3
0.049287 -0.0198762 0.2424 2483.2 3
0.0509233 -0.0201414 0.242 2324.5 3
0.0416371 -0.0175849 0.243 2316 3
0.0432019 -0.0176306 0.242636 2405.73 3
0.0452807 -0.0185433 0.242111 2551.44 3
0.047508 -0.0183012 0.242 2452 3
0.049347 -0.018827 0.242 2431.33 3
0.035306 -0.016529 0.243 316 3
0.0368123 -0.0159692 0.2425 1609.38 3
0.0389793 -0.0157826 0.242333 2326.33 3
0.0410244 -0.0159692 0.2425 2403.88 3
0.0425744 -0.0164837 0.242333 2425.17 3
0.0918708 -0.0598023 0.244 865.667 3
0.0934018 -0.0597939 0.2444 965.1 3
0.0954389 -0.0597812 0.245 1052.88 3
0.0967688 -0.0597812 0.245 928.75 3
0.0918708 -0.0582119 0.244 1173.33 3
0.0934601 -0.0579468 0.244 1189.17 3
0.0955791 -0.0579468 0.244 1129.75 3
0.0939898 -0.0566215 0.244 1252 3
0.0582037 -0.050466 0.245 596 3
0.0579222 -0.0490408 0.24475 1392.67 3
0.0592905 -0.0489346 0.244 1143.5 3
0.0520865 -0.0464737 0.245 1772.5 3
0.0533595 -0.046506 0.244571 1696.29 3
0.0557217 -0.0472802 0.244615 1638.46 3
0.0577675 -0.0475431 0.244 1633.75 3
0.0472991 -0.0446107 0.245 1903.33 3
0.0495202 -0.0447868 0.244714 1838.43 3
0.0514041 -0.0451839 0.2445 1806.17 3
0.0535691 -0.0457009 0.244 1752.6 3
0.0555822 -0.046019 0.244 1712.33 3
0.0435756 -0.0424815 0.245 1742 3
0.0451039 -0.042854 0.244636 1788.73 3
0.0471796 -0.0433555 0.244385 1820.54 3
0.0493448 -0.0440064 0.2446 1796.6 3
0.0510792 -0.0438985 0.244 1765 3
0.0431848 -0.0410308 0.2446 1838.53 3
0.045023 -0.0418122 0.2442 1834.4 3
0.0975666 -0.0406184 0.245 1199.75 3
0.0433213 -0.0394996 0.244429 1778.86 3
0.0975666 -0.0395539 0.245 1077.25 3
0.0842683 -0.0366262 0.245 1575.17 3
0.0962368 -0.0363601 0.245 1103.5 3
0.0970164 -0.0368221 0.244286 1094.43 3
0.0834705 -0.034497 0.245 1553.67 3
0.0842683 -0.0347631 0.245 1572.12 3
0.08746 -0.0339647 0.245 786 3
0.0959723 -0.0343814 0.244714 1360.29 3
0.0970594 -0.0347326 0.244273 1558.91 3
0.0835178 -0.0326015 0.24475 1667.5 3
0.0847768 -0.0324828 0.244714 1658.93 3
0.0869684 -0.0326947 0.244909 1382.18 3
0.0885238 -0.0326339 0.245 814.75 3
0.0957739 -0.0333642 0.2445 1318 3
0.0971684 -0.033296 0.244 1703.5 3
0.0836595 -0.0311755 0.244 1693 3
0.0849839 -0.0311755 0.244 1671.75 3
0.0863083 -0.0311755 0.244 1673 3
0.0906516 -0.0305048 0.245 1032.25 3
0.0475651 -0.0214557 0.245 2660.75 3
0.0493802 -0.0215748 0.244333 2687.92 3
0.0515022 -0.0217522 0.244333 2507 3
0.0531503 -0.0225204 0.245 2245.5 3
0.0416263 -0.0193642 0.2448 2340.2 3
0.0431564 -0.0196051 0.244545 2382.18 3
0.0451686 -0.0203133 0.2447 2521.9 3
0.047106 -0.0203079 0.244 2613.67 3
0.0355966 -0.0177297 0.245 320 3
0.0369264 -0.0177297 0.245 1496.62 3
0.0390222 -0.0175561 0.2448 2292.7 3
0.0409995 -0.0179552 0.244444 2315.22 3
0.0428679 -0.0184524 0.244 2338 3
0.0388947 -0.0163319 0.244 2335 3
0.0562656 -0.0514146 0.247 926.667 3
0.0570304 -0.0511176 0.2466 841 3
0.0541205 -0.0489997 0.247 1695 3
0.0556676 -0.0490463 0.246333 1639.83 3
0.0571827 -0.0499378 0.246333 1415.17 3
0.0482215 -0.0468531 0.247 1844.5 3
0.0496823 -0.0470298 0.2468 1775.7 3
0.051335 -0.0472949 0.2465 1763.67 3
0.0534098 -0.0477712 0.2462 1701.6 3
0.0439313 -0.0447065 0.247 1819.5 3
0.0453222 -0.0448126 0.2464 1852.9 3
0.0471794 -0.0454919 0.2466 1872.3 3
0.0490944 -0.0455945 0.246 1850.17 3
0.0410342 -0.042957 0.246857 1345 3
0.0429055 -0.0432332 0.2465 1710.67 3
0.0442875 -0.0434566 0.246 1778.5 3
0.0412499 -0.0413525 0.247 1683.75 3
0.0421511 -0.0407843 0.246 1752.5 3
0.0424182 -0.0394481 0.246 1626 3
0.0856806 -0.0381119 0.246 1587.25 3
0.0871014 -0.0382668 0.247 1485.5 3
0.0856806 -0.0365085 0.246 1507.12 3
0.0871014 -0.0361203 0.247 1558 3
0.0856806 -0.0346378 0.246 1604.83 3
0.0869838 -0.0347324 0.246667 1437.33 3
0.0958285 -0.034905 0.246 1193.5 3
0.0856806 -0.0335689 0.246 1642 3
0.0867487 -0.0335689 0.246 1416 3
0.0498303 -0.0237774 0.247 2323.33 3
0.0514391 -0.0237774 0.247 2373.67 3
0.0533161 -0.0237774 0.247 2325.25 3
0.0549249 -0.0237775 0.247 2090 3
0.0415181 -0.0213625 0.247 2289.5 3
0.0431054 -0.0216201 0.246875 2293 3
0.0453285 -0.0219302 0.246333 2304.58 3
0.047175 -0.0223172 0.246667 2402.42 3
0.0490944 -0.0226122 0.246 2426.83 3
0.051498 -0.0226123 0.246 2519.25 3
0.0366421 -0.0197267 0.246667 1166.92 3
0.0387843 -0.0197267 0.246667 2265.83 3
0.0408984 -0.019981 0.2465 2351.5 3
0.0429523 -0.0207416 0.246 2404.25 3
0.036543 -0.0186037 0.246 1092.5 3
0.0386794 -0.0186037 0.246 2230.25 3
0.0402818 -0.0186037 0.246 2320 3
0.0540985 -0.0508332 0.24875 1582.5 3
0.0556361 -0.0513499 0.2485 1250.8 3
0.0456385 -0.048585 0.249 2184.5 3
0.0472284 -0.0490935 0.248833 1975.67 3
0.0493567 -0.0490609 0.248667 1792.83 3
0.0514807 -0.0492973 0.2485 1736.38 3
0.0534902 -0.0495123 0.248222 1692.11 3
0.0554165 -0.0500063 0.248 1618.33 3
0.0434761 -0.046421 0.249 1579 3
0.045071 -0.0470091 0.248429 1955.43 3
0.0471019 -0.0473444 0.248167 1939.92 3
0.0492244 -0.047851 0.248 1833.75 3
0.0414037 -0.0451587 0.249 496 3
0.0429737 -0.0451584 0.2486 1332.1 3
0.0449168 -0.0456958 0.248 1853.75 3
0.0394954 -0.0408104 0.248333 823.833 3
0.0406952 -0.0406093 0.2482 1663.5 3
0.0410851 -0.0393781 0.2486 1910.8 3
0.0421245 -0.0391177 0.249 1693 3
0.0893204 -0.0389554 0.249 1280.1 3
0.087454 -0.0373441 0.248 1471 3
0.0893392 -0.0369172 0.24875 1388 3
0.0890694 -0.0351889 0.248 781 3
0.0473762 -0.0257861 0.249 995.286 3
0.0494229 -0.0253224 0.249 2132.75 3
0.051752 -0.0256773 0.2485 2337.5 3
0.0536758 -0.0258295 0.248667 2317.75 3
0.0556582 -0.0257686 0.2486 2290 3
0.0572618 -0.0261339 0.249 2098.67 3
0.0415839 -0.0231585 0.249 2222 3
0.0426651 -0.0231585 0.249 2207 3
0.0453068 -0.0239379 0.248667 2215.17 3
0.0471961 -0.0241213 0.248273 2181.91 3
0.0490544 -0.0243276 0.2485 2249.5 3
0.0513781 -0.0246819 0.248 2338.5 3
0.0535319 -0.0246819 0.248 2315.75 3
0.0556857 -0.0246819 0.248 2206 3
0.0369392 -0.0220477 0.248667 1182.83 3
0.038926 -0.0219878 0.2486 2193 3
0.0408355 -0.022143 0.248636 2215.91 3
0.0430274 -0.0226889 0.2486 2225.6 3
0.0446476 -0.0227961 0.248 2216.5 3
0.0368401 -0.0209102 0.248 1188.75 3
0.0389939 -0.0209102 0.248 2254.5 3
0.0406092 -0.0209102 0.248 2301.5 3
0.0453239 -0.0533379 0.251 1520.62 3
0.0469315 -0.0532834 0.251 1472.2 3
0.0484574 -0.0530653 0.251 1505 3
0.053907 -0.0532016 0.251 844.875 3
0.0550492 -0.0525822 0.25 779 3
0.0438253 -0.0508839 0.251 1533.25 3
0.0453685 -0.0513268 0.2505 1914.25 3
0.0473612 -0.0511763 0.250143 1726.57 3
0.049307 -0.0514202 0.250571 1683.07 3
0.0513522 -0.0513279 0.2505 1662.81 3
0.0533104 -0.0514744 0.250333 1543.17 3
0.0550492 -0.0520391 0.25 1227 3
0.043462 -0.0490661 0.251 1548.67 3
0.0451705 -0.0494319 0.25 2088.5 3
0.0415901 -0.047277 0.250667 876.667 3
0.0430674 -0.0473351 0.2504 1446.4 3
0.0447363 -0.0482369 0.25 2056.5 3
0.0414795 -0.0460643 0.25 555.5 3
0.0425651 -0.0460643 0.25 1019.5 3
0.0977762 -0.0448852 0.251 1033.5 3
0.0985936 -0.0437946 0.251 1002 3
0.0991386 -0.0437946 0.251 1159 3
0.091416 -0.0403611 0.25 692 3
0.0396589 -0.038808 0.2505 1369.5 3
0.0402028 -0.038808 0.2505 1864.25 3
0.090059 -0.03846 0.25 1275 3
0.0913255 -0.0387014 0.25 615.778 3
0.091416 -0.0368305 0.25 695 3
0.0579942 -0.0317971 0.251 1230.25 3
0.0563048 -0.0302157 0.251 2127 3
0.0578073 -0.0303674 0.2509 1735.3 3
0.0591201 -0.0297694 0.25 1168 3
0.0493916 -0.0281746 0.251 530.571 3
0.0514547 -0.0277072 0.251 2198.5 3
0.0537996 -0.0279246 0.2505 2273.83 3
0.0557795 -0.028426 0.2506 2220.13 3
0.0578063 -0.0284334 0.250187 1801 3
0.0591201 -0.0284115 0.25 1200.25 3
0.0369157 -0.025458 0.250333 943.333 3
0.0381032 -0.0255258 0.251 2183 3
0.0440978 -0.0255258 0.251 2184 3
0.04558 -0.0257126 0.250167 1770.83 3
0.0472874 -0.0260759 0.25 1039 3
0.0494157 -0.0265465 0.250333 1581.33 3
0.0511689 -0.0266081 0.2504 2354.3 3
0.0534734 -0.0270807 0.25025 2347.25 3
0.055592 -0.0270536 0.25 2337.25 3
0.0577632 -0.0270536 0.25 2002.75 3
0.0591201 -0.0270536 0.25 1554 3
0.0368907 -0.0240827 0.250167 1010.42 3
0.0387745 -0.0239232 0.250462 2190 3
0.0409818 -0.023914 0.250727 2199.55 3
0.0432555 -0.0241892 0.250333 2208.89 3
0.0450373 -0.024626 0.250167 2207.5 3
0.046636 -0.024881 0.25 1976 3
0.043398 -0.0549739 0.252 922 3
0.0450195 -0.0552427 0.252 1146.73 3
0.0474272 -0.0554984 0.252143 1147.79 3
0.0493606 -0.0556505 0.252833 1233.17 3
0.0511976 -0.0556083 0.253 1028.79 3
0.0526886 -0.0551371 0.253 897 3
0.0415378 -0.0532767 0.252 281.5 3
0.0429802 -0.0535006 0.252 1128.73 3
0.0446017 -0.0537694 0.252 1435 3
0.0475562 -0.0540979 0.252 1416.67 3
0.049606 -0.0535981 0.252222 1523.56 3
0.051601 -0.0536421 0.252231 1467.46 3
0.0533011 -0.0538241 0.252 995 3
0.0415378 -0.0516341 0.252 968 3
0.0427884 -0.0517124 0.252 1477.93 3
0.0442734 -0.0521816 0.252 1542.5 3
0.0415378 -0.049444 0.252 1001.5 3
0.0424953 -0.0497178 0.252 1387.12 3
0.0959045 -0.0448184 0.2534 1401.6 3
0.0972919 -0.044913 0.253 1257.7 3
0.0988299 -0.0444183 0.253 988 3
0.0942573 -0.0429383 0.254 939.333 3
0.0956152 -0.0431248 0.2538 965.267 3
0.0976083 -0.0430434 0.253 1163.39 3
0.0995366 -0.042757 0.25375 1033.25 3
0.0942573 -0.0418346 0.254 258 3
0.095636 -0.0418346 0.254 352.25 3
0.0978419 -0.0414207 0.254 1070.5 3
0.0997046 -0.0412694 0.253429 1017.71 3
0.0390757 -0.0384939 0.252 532 3
0.0409526 -0.03827 0.252333 1892.83 3
0.09926 -0.039589 0.252 885.5 3
0.0392618 -0.0367493 0.2532 914.2 3
0.0404356 -0.0368189 0.253667 1708.33 3
0.0393859 -0.0346606 0.254 1240 3
0.0553785 -0.0343846 0.254 1058 3
0.0388344 -0.0321772 0.254 1205.75 3
0.0542756 -0.0327291 0.254 1743.62 3
0.0557644 -0.032633 0.25325 1657 3
0.057131 -0.0324713 0.252 1357.5 3
0.0955341 -0.0317757 0.253 706 3
0.0387967 -0.0304922 0.25375 1424.75 3
0.0514168 -0.0304627 0.2535 1036.31 3
0.0536183 -0.0304627 0.2535 2037.69 3
0.0553799 -0.0305046 0.252333 2105.5 3
0.0955341 -0.031226 0.253 797 3
0.0386815 -0.0282028 0.253 1755.88 3
0.0408564 -0.0281303 0.254 2189.58 3
0.0457278 -0.0277624 0.254 1719 3
0.0468307 -0.0277624 0.254 1278.17 3
0.0502919 -0.0286389 0.252 810.5 3
0.0516597 -0.0286389 0.252 1815.12 3
0.0535747 -0.0286388 0.252 2150.33 3
0.0377079 -0.0264487 0.252 1447 3
0.0389845 -0.026175 0.252 2202.67 3
0.0409092 -0.0263011 0.252727 2236.64 3
0.0430191 -0.026245 0.252667 2172.33 3
0.0450941 -0.0264487 0.252 1903.5 3
0.0393493 -0.02508 0.252 2276.67 3
0.0409907 -0.02508 0.252 2228.67 3
0.0429056 -0.02508 0.252 2170.5 3
0.0960125 -0.0411683 0.255 240.25 3
0.0975151 -0.0405978 0.2556 882.2 3
0.0994014 -0.0405978 0.2556 1085.6 3
0.0414786 -0.0381212 0.255 1831 3
0.0420323 -0.0381212 0.255 1653 3
0.100002 -0.039105 0.256 985.167 3
0.101113 -0.039105 0.256 903.5 3
0.040925 -0.0364591 0.255 1677 3
0.0420323 -0.0375671 0.255 1409 3
0.0542124 -0.0359051 0.255 1366 3
0.0547661 -0.0359051 0.255 1643 3
0.0395409 -0.033689 0.255 1448.5 3
0.0407678 -0.0346207 0.25575 1750 3
0.0538802 -0.0343538 0.255 689.8 3
0.0547661 -0.034797 0.255 975 3
0.0395409 -0.0331349 0.255 1625 3
0.0408356 -0.0324774 0.255429 2057.14 3
0.0421971 -0.0315963 0.256 2241 3
0.0519979 -0.0323039 0.255 1003 3
0.0531744 -0.0325117 0.255 1543.38 3
0.040919 -0.0305988 0.255273 2070.09 3
0.0421971 -0.0304839 0.256 2244.33 3
0.0414786 -0.0289798 0.255 2263.5 3
0.0429188 -0.0284636 0.255333 2202.33 3
0.0448005 -0.0278717 0.255 1969.17 3
0.0440359 -0.0403745 0.257 1511 3
0.0445939 -0.0403745 0.257 1378 3
0.0431989 -0.0392577 0.257 1707.5 3
0.0980719 -0.0387735 0.2575 872.125 3
0.0995628 -0.0385872 0.2575 1125.67 3
0.0418853 -0.0365357 0.2575 1211.5 3
0.0424444 -0.0365357 0.2575 956 3
0.0982624 -0.0374486 0.258 859 3
0.0999428 -0.0374486 0.258 1123.25 3
0.0419124 -0.0346018 0.257667 1637 3
0.0424719 -0.0346018 0.257667 1474 3
0.0989975 -0.0342324 0.257 974 3
0.041804 -0.0328365 0.257 2087.67 3
0.0429946 -0.0325205 0.257444 2233.89 3
0.0444873 -0.0318431 0.258 1967.5 3
0.0978815 -0.0331156 0.257 895 3
0.0434779 -0.0304168 0.257 2100.33 3
0.0448026 -0.0302388 0.257286 1778.14 3
0.0467279 -0.029601 0.258 1584.5 3
0.0440359 -0.0289279 0.257 2070 3
0.0451519 -0.0289279 0.257 1826 3
0.0467279 -0.0290404 0.258 1621 3
0.0448322 -0.0399984 0.26 1398 3
0.0437032 -0.0385862 0.26 1453 3
0.0448322 -0.0388686 0.26 1552.67 3
0.0975186 -0.0384378 0.259 299 3
0.0437032 -0.0368915 0.26 1085.5 3
0.0977486 -0.0366729 0.259 495.909 3
0.0994867 -0.0364683 0.259 974.111 3
0.0436191 -0.0345665 0.2595 1758.75 3
0.0448322 -0.034067 0.26 2034.75 3
0.0977998 -0.0347801 0.259 551.778 3
0.0992618 -0.0350052 0.259 937 3
0.0451957 -0.0326313 0.25925 1971.12 3
0.0470902 -0.03209 0.26 1452.38 3
0.0485014 -0.0318075 0.26 654.5 3
0.0457844 -0.0308411 0.259 1620.17 3
0.0473496 -0.0304893 0.259429 1398.43 3
0.0485014 -0.0303953 0.26 758.333 3
0.0479369 -0.0292655 0.26 1319 3
0.0485014 -0.0292655 0.26 886 3
0.0458546 -0.0407193 0.261 1227.33 3
0.0470487 -0.0402036 0.261333 992.333 3
0.0483057 -0.0403061 0.262 1248 3
0.0456006 -0.0384753 0.261167 1576.83 3
0.0470785 -0.0388083 0.2615 1454 3
0.0483057 -0.038883 0.262 1234.25 3
0.0453465 -0.0367968 0.261333 1642.11 3
0.047168 -0.0368907 0.262 1751.44 3
0.0483057 -0.0368907 0.262 1356.67 3
0.0454296 -0.0350487 0.261 1801.62 3
0.0472713 -0.0347652 0.261 1413.69 3
0.0475546 -0.033064 0.261 1360.5 3
0.048688 -0.0327805 0.261 591 3
