-0.000880868 0.0394824 0.195 3576.4 3
0.000389256 0.0394824 0.195 3574 3
-0.000825645 0.0406798 0.195 3237.87 3
0.00103677 0.040903 0.195 3219.76 3
-0.00659642 0.0435073 0.195 3751.25 3
-0.00511461 0.0435072 0.195 3783.4 3
-0.00342111 0.0435072 0.195 3824.33 3
-0.000457493 0.0424481 0.195 3255.22 3
0.000812629 0.0424481 0.195 3502.33 3
-0.0111265 0.0451878 0.195 3562.67 3
-0.00933237 0.0451232 0.194667 3724.53 3
-0.00721461 0.0450923 0.194533 3726.87 3
-0.00512874 0.0450363 0.194448 3775.31 3
-0.00299774 0.0449901 0.195 3744.12 3
-0.00151593 0.0447783 0.195 3738.38 3
-0.0113866 0.0470766 0.1948 2680.2 3
-0.00930041 0.0472884 0.194 3612.88 3
-0.00724934 0.0472151 0.194 3675.35 3
-0.00513917 0.0470418 0.194263 3436.32 3
-0.00323403 0.046374 0.194714 3281.71 3
-0.0109995 0.0490573 0.195 2244.5 3
-0.00942718 0.0493077 0.194667 2749.67 3
-0.00803681 0.0487636 0.194 3215.5 3
-0.00267205 0.037248 0.197 3206.08 3
-0.000983224 0.0371105 0.196778 3635.72 3
0.000393248 0.0375333 0.197 3665 3
-0.00483806 0.0393606 0.197 3755 3
-0.00301969 0.038904 0.19636 3269.56 3
-0.000885386 0.0386203 0.196 3643.95 3
0.00105532 0.0389697 0.196333 3649.94 3
0.00281698 0.0396734 0.197 3602.67 3
-0.0130798 0.0409574 0.197 3574.5 3
-0.0117254 0.0412427 0.197 3676.5 3
-0.00944424 0.0413854 0.197 3687.9 3
-0.00721733 0.0411919 0.19681 3695.81 3
-0.00515518 0.0410701 0.19652 3752.24 3
-0.0030139 0.0409706 0.19604 3589.76 3
-0.0015237 0.0418141 0.196 3068.5 3
0.00166789 0.0406431 0.196 3347.88 3
0.00311969 0.0409829 0.196556 3523.33 3
0.00445656 0.0411714 0.197 3739 3
-0.01346 0.0427884 0.197 2692.61 3
-0.0115436 0.0429502 0.196333 3554.33 3
-0.00941228 0.0429502 0.196333 3689.8 3
-0.00742708 0.0429369 0.196091 3698.59 3
-0.00514084 0.0426658 0.196 3760.2 3
-0.00287873 0.0428899 0.196 3828.37 3
-0.00112476 0.0433312 0.196 3737.75 3
0.00150831 0.0429319 0.196 3749.75 3
0.00317167 0.0428566 0.196875 3717.62 3
0.00445656 0.0426695 0.197 3471.25 3
-0.0130798 0.0450235 0.197 2332.3 3
-0.0120347 0.0449227 0.196 3315.5 3
-0.000544948 0.0449227 0.196 3605.9 3
0.000816796 0.0445821 0.196 3489.17 3
0.00274569 0.0441675 0.197 3125.5 3
-0.0130798 0.0471636 0.197 2016.7 3
-0.0123751 0.0482017 0.196 2031 3
-0.0130798 0.0493036 0.197 2046 3
-0.0119192 0.0496617 0.196 2152.07 3
-0.0130799 0.0505877 0.197 2005.5 3
-0.0111369 0.051143 0.196667 2213.67 3
-0.0102474 0.0509697 0.196 2274 3
-0.00435541 0.0353203 0.199 2893.5 3
-0.00296052 0.0348965 0.198778 3408.06 3
-0.00125899 0.035032 0.199 3621.58 3
-0.00488549 0.0371515 0.198923 3651.69 3
-0.0032508 0.0364386 0.198235 3111.24 3
-0.000751154 0.0361768 0.198167 3616.92 3
0.000994361 0.0370085 0.198692 3442.92 3
0.00238471 0.0374388 0.199 3670 3
-0.0149408 0.0396438 0.199 2590.75 3
-0.013619 0.0391366 0.198625 3503.38 3
-0.0117004 0.0392115 0.199 3654.85 3
-0.00952638 0.0391517 0.1987 3661.55 3
-0.00736128 0.0391119 0.1985 3671.55 3
-0.00545954 0.0386878 0.198471 3744.41 3
-0.00390363 0.0379389 0.198 3582 3
0.00142868 0.0382354 0.1982 3636.4 3
0.00300036 0.0388843 0.198333 3651.24 3
0.00504885 0.0392152 0.198778 3654 3
0.00731019 0.0396438 0.199 3635.8 3
0.0096325 0.0393195 0.199 3643 3
0.0113284 0.0394276 0.199 3326.5 3
-0.0149758 0.0409424 0.19875 2517.88 3
-0.0139753 0.0409195 0.198 3223.29 3
-0.0115093 0.040487 0.198 3669.15 3
-0.00949219 0.04052 0.198 3673.07 3
-0.00745021 0.040305 0.198 3674.88 3
0.00532764 0.0408144 0.198 3686.58 3
0.00715783 0.0408659 0.19819 3590.9 3
0.00933754 0.0406914 0.199 3320.54 3
0.0107667 0.0402923 0.199 3030 3
-0.0149408 0.0431026 0.199 2003.75 3
-0.014006 0.0439615 0.198 2142.5 3
0.00533895 0.0424559 0.198 3452.75 3
-0.0149409 0.0450483 0.199 2196.9 3
-0.014006 0.0452521 0.198 2072.3 3
-0.0149408 0.0467777 0.199 2147.33 3
-0.014006 0.047403 0.198 1895.2 3
-0.0149409 0.0500204 0.199 1744.5 3
-0.014006 0.0493388 0.198 1951.88 3
-0.0149408 0.0508851 0.199 1730.25 3
-0.013743 0.0512897 0.198333 1942.67 3
-0.0123071 0.0517926 0.198333 2076 3
-0.0123485 0.0528307 0.199 2109 3
-0.00439189 0.0332175 0.200667 3230 3
-0.00308486 0.0332175 0.200667 3533.73 3
-0.00155998 0.0332175 0.200667 3576.67 3
-0.0148728 0.0354569 0.201 3743 3
-0.0135636 0.0354569 0.201 3805.8 3
-0.0115998 0.0354569 0.201 3703.25 3
-0.00503151 0.034642 0.200667 3090.93 3
-0.00332274 0.0341631 0.2 3444.71 3
-0.00067072 0.0343897 0.200462 3600.46 3
0.000923666 0.035011 0.2007 3554.4 3
0.00258324 0.0354569 0.201 3597.33 3
0.0100021 0.0354569 0.201 3459 3
0.0115295 0.0354569 0.201 3436.25 3
0.0134933 0.0354569 0.201 3473.8 3
0.0152389 0.0354569 0.201 3471.33 3
-0.0154802 0.0368992 0.200882 3389.76 3
-0.0135366 0.0366925 0.2006 3706.2 3
-0.0114796 0.0366794 0.200636 3661.05 3
-0.00951239 0.0369304 0.200444 3646.56 3
-0.00744985 0.0369667 0.2009 3694.8 3
-0.00558249 0.0364889 0.200375 3694.31 3
-3.49936e-05 0.035715 0.2 3636 3
0.0011817 0.0361239 0.2001 3472.2 3
0.00303327 0.0366995 0.200524 3635.48 3
0.00501462 0.0371725 0.201 3615.93 3
0.00738365 0.037422 0.201 3553.2 3
0.00960961 0.0367944 0.200739 3522.26 3
0.0116767 0.0366955 0.200417 3530.21 3
0.0136075 0.0365852 0.200238 3543 3
0.0155922 0.0367786 0.200652 3471.87 3
0.0172027 0.037422 0.201 2947.5 3
-0.0155425 0.0387678 0.200556 2289.94 3
-0.0134961 0.0381049 0.2 3596.4 3
-0.0115421 0.0381049 0.2 3651.75 3
-0.00958806 0.0381049 0.2 3672.1 3
-0.00741691 0.0381049 0.2 3683.9 3
0.00365596 0.0381049 0.2 3675.75 3
0.00532051 0.0382497 0.2 3632.92 3
0.00735405 0.0385775 0.2002 3600.25 3
0.00933197 0.0383532 0.2 3607.5 3
0.0117857 0.0384911 0.2 3568.44 3
0.0135502 0.0384774 0.2 3335.14 3
0.0151631 0.0381049 0.2 3097.33 3
-0.0158844 0.0409293 0.2 1752.4 3
-0.0158844 0.043102 0.2 1659.5 3
-0.0158844 0.0452746 0.2 2017.5 3
-0.0157266 0.0474083 0.2002 2088.4 3
-0.0170548 0.0503047 0.201 1486 3
-0.0155908 0.0492559 0.200474 1778.84 3
-0.0170548 0.0507414 0.201 1442 3
-0.0157441 0.0516283 0.2006 1622.4 3
-0.015091 0.0531433 0.201 1804.25 3
-0.0137132 0.0528789 0.2 1926 3
-0.00527198 0.0629691 0.201 3497.4 3
-0.00352638 0.0629691 0.201 3469.67 3
-0.00701759 0.0642792 0.201 3120.44 3
-0.00527198 0.0640609 0.201 3381.2 3
-0.00316271 0.0641336 0.201 2409.83 3
-0.00156257 0.0642792 0.201 926.333 3
-0.00693031 0.0657203 0.201 1791.4 3
-0.00532654 0.0656985 0.201 2291.31 3
-0.00363548 0.0655893 0.201 1265 3
-0.0161227 0.0313992 0.203 3035.75 3
-0.00444295 0.0313992 0.203 3080 3
-0.00312072 0.0313992 0.203 3392.6 3
-0.00157812 0.0313992 0.203 3340.5 3
-0.0174449 0.0327223 0.203 2515.17 3
-0.0158935 0.0326639 0.202417 3057.33 3
-0.0139804 0.0328419 0.202833 3454.25 3
-0.00686705 0.0331634 0.203 3605.5 3
-0.00529002 0.0326907 0.202647 3045.41 3
-0.00311048 0.0321745 0.202333 3403.33 3
-0.00100217 0.0326064 0.202467 3398.73 3
0.000845968 0.0331634 0.203 3597 3
0.00988122 0.0331634 0.203 3411 3
0.0114238 0.0331634 0.203 3377.6 3
0.0136275 0.0331634 0.203 3373.2 3
0.0158313 0.0331634 0.203 3346 3
-0.0175962 0.0346945 0.202929 3222.29 3
-0.015864 0.0347262 0.202042 3283.67 3
-0.0136056 0.0343808 0.202167 3588.25 3
-0.0114234 0.0346687 0.202476 3675.1 3
-0.00931587 0.034847 0.20275 3607.33 3
-0.00730342 0.0347824 0.202609 3625.87 3
-0.00596197 0.0343497 0.2022 3268.5 3
-3.54019e-05 0.0339329 0.202333 3532.33 3
0.00111396 0.0341445 0.202385 3587.62 3
0.0031013 0.0347125 0.202455 3531.82 3
0.00524461 0.0348646 0.20264 3504.72 3
0.00744978 0.0348923 0.2028 3444.52 3
0.00951498 0.0346524 0.202455 3452.27 3
0.0114752 0.0343541 0.202565 3418.96 3
0.0135738 0.0343497 0.2022 3422 3
0.0158255 0.0344636 0.202296 3411.19 3
0.0176135 0.0349654 0.202857 3455.36 3
-0.0176725 0.0367028 0.202714 2041.07 3
-0.0163252 0.0364483 0.202 3190.71 3
-0.0105611 0.0360721 0.202 3656 3
-0.00946465 0.0360721 0.202 3644 3
-0.00749108 0.0360721 0.202 3668.2 3
0.00369252 0.0360721 0.202 3600.5 3
0.00546675 0.0364312 0.202 3566.64 3
0.00742039 0.036511 0.202 3505.2 3
0.00895539 0.0360721 0.202 3464 3
0.0164111 0.0360721 0.202 3529 3
0.0178152 0.0364363 0.202286 3444.07 3
0.0191368 0.0360302 0.203 3420.75 3
-0.0173528 0.0385081 0.202286 1741.29 3
-0.0167011 0.0387054 0.202 1828.6 3
-0.0172245 0.0411022 0.203 1664.4 3
-0.0167838 0.0411022 0.203 1665.8 3
-0.0171736 0.0431782 0.2024 1503 3
-0.0167342 0.0431782 0.2024 1483.8 3
-0.0171397 0.0452885 0.202 1432.6 3
-0.0167011 0.0452885 0.202 1578.4 3
-0.0171821 0.0473815 0.2025 1467.5 3
-0.0167424 0.0473815 0.2025 1766 3
-0.0172245 0.0499232 0.203 1502.33 3
-0.0167838 0.0499232 0.203 1593.67 3
-0.00442107 0.0494578 0.202 2935 3
-0.0039825 0.0494578 0.202 2957.5 3
-0.0172245 0.0519079 0.203 1423 3
-0.0167838 0.0519079 0.203 1507.5 3
-0.0157083 0.053944 0.2022 1670.9 3
-0.0140187 0.0543015 0.202333 2101.67 3
-0.0161227 0.0547747 0.203 1572 3
-0.0134782 0.0547747 0.203 2522.5 3
-0.0108337 0.0602878 0.203 3530.5 3
-0.00995224 0.0602878 0.203 3534 3
-0.0112255 0.0617335 0.203 2985.56 3
-0.00932732 0.0618131 0.202429 3399.54 3
-0.00740961 0.0623698 0.202444 3541.89 3
-0.00531133 0.062338 0.2025 3534.1 3
-0.00311304 0.062338 0.2025 3526.95 3
-0.000813558 0.0620685 0.202615 3362.92 3
0.000961744 0.0619381 0.202895 2830.74 3
0.0021682 0.0622725 0.203 1816 3
-0.0108337 0.0631546 0.203 1859.5 3
-0.00943577 0.0640729 0.202714 2004.79 3
-0.00773777 0.0639133 0.202 2993.19 3
-0.0024475 0.0635018 0.202 3132.5 3
-0.000811279 0.0636538 0.202 1756.08 3
0.000931417 0.0634635 0.2023 778.9 3
0.0021682 0.0631546 0.203 493 3
-0.00874021 0.0661317 0.203 1142 3
-0.00793946 0.0662174 0.20225 1221 3
-0.00507892 0.0665739 0.202 1799.5 3
-0.00706486 0.067563 0.202333 1180.33 3
-0.00531265 0.067652 0.2026 1433.8 3
-0.00400221 0.0677856 0.203 1063.5 3
0.0242213 0.0272546 0.205 3188.75 3
0.0260016 0.0272546 0.205 3123.25 3
0.0226635 0.0285908 0.205 3118 3
0.0240142 0.0285171 0.204478 3015.91 3
0.026081 0.0285171 0.204478 3149.13 3
0.0275595 0.0285908 0.205 2986 3
-0.0191746 0.0310405 0.205 2981 3
-0.0177884 0.0309496 0.2044 2321.2 3
-0.0155669 0.0309496 0.2044 2911.6 3
-0.0140561 0.0310405 0.205 3388 3
-0.0053769 0.0310405 0.205 2454 3
-0.00314004 0.0309193 0.2042 3254.5 3
-0.00111457 0.0307427 0.204714 3377.93 3
0.000854303 0.0310405 0.205 3380.83 3
0.00997856 0.0310405 0.205 3323.5 3
0.0115364 0.0310405 0.205 3313 3
0.0137618 0.0310405 0.205 3312.7 3
0.0157647 0.0310405 0.205 3306.62 3
0.0177676 0.0310405 0.205 3298.1 3
0.0201414 0.030892 0.205 3415.08 3
0.0220351 0.0305296 0.205 3593.06 3
0.0238884 0.0304572 0.204429 3368.29 3
0.0261946 0.0304572 0.204429 2860.9 3
0.0278562 0.0302734 0.205 2791.89 3
-0.0195132 0.0327983 0.204727 3077 3
-0.0181636 0.0322504 0.204 2662.86 3
-0.0150948 0.0317755 0.204 3320.5 3
-0.0135946 0.0320732 0.204286 3363.5 3
-0.0115872 0.032541 0.20464 3424.04 3
-0.00937351 0.0325666 0.2048 3447.6 3
-0.007409 0.032411 0.204444 3464.89 3
-0.00557213 0.0317755 0.204 2704.5 3
-0.000367879 0.0319971 0.204 3405.62 3
0.00111291 0.0323388 0.204353 3492.29 3
0.00307072 0.0325026 0.2044 3454.24 3
0.00529637 0.032541 0.20464 3426.88 3
0.00735229 0.0326028 0.204762 3389.81 3
0.00926976 0.0324048 0.204545 3343.59 3
0.0114801 0.0322187 0.204 3351.3 3
0.0136947 0.0322187 0.204 3346.55 3
0.0159092 0.0322187 0.204 3310.5 3
0.017929 0.032487 0.2043 3320.6 3
0.0199584 0.032541 0.20464 3364.04 3
0.0219907 0.0325911 0.20495 3479.25 3
0.0239988 0.0325993 0.205 3618.52 3
0.0261028 0.0325386 0.205 3454.5 3
0.0280045 0.0319312 0.205 3470.83 3
-0.0193815 0.0343533 0.204833 2451.33 3
-0.0184624 0.0342981 0.2045 3076.67 3
-0.0115515 0.03377 0.204 3553 3
-0.0093369 0.03377 0.204 3591 3
-0.00778671 0.03377 0.204 3598.5 3
0.00173597 0.03377 0.204 3585 3
0.00306471 0.03377 0.204 3520.4 3
0.00527928 0.03377 0.204 3469 3
0.00749386 0.03377 0.204 3433.4 3
0.00904406 0.03377 0.204 3420 3
0.0181238 0.0341024 0.204 3403.75 3
0.0198955 0.0346564 0.204 3469.12 3
0.021926 0.0346191 0.204706 3414.94 3
0.0237021 0.0343809 0.205 3294.92 3
0.0260017 0.0339355 0.205 2846.75 3
-0.0191746 0.0366079 0.205 1539.8 3
-0.0187295 0.0366079 0.205 1672.4 3
0.0203384 0.0362077 0.204 3096.17 3
0.0218986 0.0361231 0.204778 2752.78 3
0.0231086 0.0357171 0.205 2592 3
-0.0191746 0.0388348 0.205 1611.2 3
-0.0183173 0.0389732 0.204455 1665.73 3
-0.0180266 0.040983 0.2046 1683.8 3
-0.0180619 0.0430661 0.205 1596.38 3
-0.0180619 0.0441795 0.205 1535.5 3
-0.0170879 0.0490611 0.204 1569.5 3
-0.0170879 0.0534933 0.204 1429.12 3
-0.0171298 0.0554027 0.2045 1270.12 3
-0.0157033 0.0560714 0.204385 2436.62 3
-0.0138483 0.0557819 0.204636 2957.36 3
-0.0124983 0.0550917 0.205 2806 3
-0.0156139 0.0570959 0.205 3074 3
-0.0142786 0.0570959 0.205 3555 3
-0.0109404 0.0584321 0.205 3593 3
0.00619533 0.0584321 0.205 3469 3
0.00708551 0.0584321 0.205 3424.33 3
-0.0147237 0.0602137 0.205 2495.67 3
-0.0134989 0.0598777 0.204895 3343.63 3
-0.0116802 0.0596954 0.204462 3563.27 3
-0.00925548 0.0596954 0.204462 3565.46 3
-0.00736179 0.0602879 0.2045 3573.25 3
-0.0052947 0.0602632 0.204667 3614.83 3
-0.00314378 0.0602879 0.2045 3612.5 3
-0.000924535 0.059892 0.204667 3594.17 3
0.0010751 0.059892 0.204667 3551.62 3
0.0029201 0.0601469 0.2047 3538.35 3
0.00530516 0.0597683 0.205 3193.8 3
0.0072586 0.0596693 0.205 2379.5 3
-0.0147237 0.0615499 0.205 1276.33 3
-0.0135568 0.0618976 0.204765 1680.47 3
-0.0124373 0.0619144 0.204 2300.75 3
-0.00734379 0.0614712 0.204 3561.75 3
-0.00546631 0.0614101 0.204167 3591.33 3
-0.0031361 0.0614712 0.204 3589.8 3
-0.00158589 0.0614712 0.204 3596.75 3
0.00173597 0.0614712 0.204 3372.5 3
0.00322156 0.0617891 0.2041 2163.1 3
0.00516821 0.0615156 0.205 1435.77 3
0.00686296 0.0611045 0.205 690 3
-0.0129434 0.0637768 0.205 1118 3
-0.0115951 0.0639749 0.204294 1271.71 3
-0.0112372 0.0655584 0.205 1128.5 3
-0.00963563 0.0662813 0.204286 1106.79 3
-0.00891845 0.0682315 0.204556 1019 3
-0.00742197 0.0688218 0.204111 1102.22 3
-0.00535067 0.069006 0.204 1355.9 3
-0.00402193 0.069006 0.204 1048 3
-0.0084925 0.0695669 0.205 1003 3
-0.00715724 0.0701014 0.205 1056.4 3
-0.0053769 0.070235 0.205 1273.4 3
-0.00404164 0.070235 0.205 1042 3
0.0228846 0.0248221 0.207 2970 3
0.024133 0.0245223 0.207 3106.44 3
0.0258059 0.0248221 0.207 2911.5 3
0.00760406 0.0270708 0.207 3050 3
0.00850292 0.0270708 0.207 2769 3
0.0225604 0.0264423 0.206778 3039.22 3
0.0241483 0.0260793 0.20628 3033.4 3
0.026149 0.0262136 0.206556 2946.22 3
0.0276036 0.0268459 0.207 2921.25 3
-0.0195863 0.0293195 0.207 2654.25 3
-0.0177886 0.0293195 0.207 3165.25 3
-0.0157662 0.0293195 0.207 3146.4 3
-0.0136689 0.0293195 0.207 3183.67 3
-0.0114967 0.0293195 0.207 3222.75 3
-0.00947422 0.0293195 0.207 3159.8 3
-0.00722707 0.0293195 0.207 3225.8 3
-0.00520464 0.0293195 0.207 3247.25 3
-0.0029896 0.029191 0.207 3083.29 3
-0.000765127 0.028713 0.206688 3229.25 3
0.000951273 0.0288722 0.2067 3254.1 3
0.00295997 0.0292445 0.207 3302.83 3
0.00561374 0.0291267 0.207 3263.43 3
0.00745425 0.028495 0.207 3258.89 3
0.00929602 0.0287375 0.207 3224.12 3
0.0116489 0.0293195 0.207 3222.4 3
0.0137993 0.0289005 0.2069 3197.9 3
0.0156685 0.0288225 0.206667 3216.47 3
0.017912 0.0288225 0.206667 3257.87 3
0.0200123 0.0288498 0.206615 3358.31 3
0.021854 0.0282536 0.206571 3324.9 3
0.0232213 0.0276114 0.206 2889 3
0.0272466 0.0276114 0.206 3008 3
0.028465 0.0283369 0.2064 2891.87 3
0.0302667 0.0289386 0.206909 3127.64 3
0.0320979 0.0293195 0.207 3164.5 3
-0.0211593 0.0311184 0.207 2404 3
-0.01982 0.0304692 0.206467 2913.27 3
-0.017887 0.030146 0.206286 2962.5 3
-0.0157154 0.0301209 0.206333 2645.73 3
-0.0134614 0.0304662 0.206529 3234.53 3
-0.011573 0.0306612 0.206545 3319.59 3
-0.00944161 0.0305611 0.20628 3285.68 3
-0.00737085 0.0305122 0.206238 3233.43 3
-0.00534642 0.030146 0.206286 2724.29 3
-0.00317197 0.0301209 0.206333 2757.67 3
-0.000686599 0.0299916 0.206 3292.91 3
0.00117855 0.0302431 0.206071 3315 3
0.00309776 0.0305493 0.2062 3351.88 3
0.00533622 0.0305493 0.2062 3309.84 3
0.00735083 0.0305493 0.2062 3304.9 3
0.00923938 0.0304269 0.206238 3299.43 3
0.0116114 0.0301209 0.206333 3230.8 3
0.0136215 0.0301089 0.20625 3204.25 3
0.015618 0.030073 0.206 3238.33 3
0.0178542 0.030073 0.206 3302.93 3
0.0199529 0.0300385 0.206 3427.08 3
0.0218796 0.0296254 0.206 3583.33 3
0.0286698 0.0306019 0.206 3053.91 3
0.0304097 0.0305319 0.206609 3195.57 3
0.0320979 0.0302189 0.207 3090.17 3
-0.0211184 0.0324036 0.2066 2420.2 3
-0.0203451 0.0322629 0.206333 2990.89 3
0.0272466 0.0329821 0.206 3382 3
0.0283648 0.0327584 0.206 3043.88 3
0.030341 0.0318276 0.2065 2898.75 3
-0.0211593 0.0344914 0.207 1437.75 3
-0.0202474 0.0347943 0.2064 1648.9 3
-0.019939 0.0367864 0.206 1571.3 3
-0.019939 0.0388005 0.206 1645.5 3
-0.0198165 0.04102 0.206714 1591.93 3
-0.0188208 0.0410383 0.206 1628.25 3
-0.0197405 0.0430426 0.206615 1606.38 3
-0.0188208 0.0430524 0.206 1621.8 3
-0.0191631 0.0451071 0.2068 1544.4 3
-0.0182245 0.0453896 0.206 1477.33 3
-0.0191369 0.0470842 0.207 1485.25 3
-0.01815 0.0473042 0.206 1401.5 3
-0.0181793 0.0489505 0.206333 1311.17 3
-0.0191369 0.0538302 0.207 985 3
-0.0181793 0.0538817 0.206333 1349.33 3
-0.0114678 0.0543731 0.2065 2349.5 3
-0.0192025 0.0558321 0.2065 440.5 3
-0.0183194 0.0554679 0.2064 905.4 3
-0.0130065 0.0562555 0.206 3390.5 3
-0.011619 0.0556693 0.2064 3235.35 3
-0.0100521 0.0559183 0.207 3577.71 3
0.00131207 0.0563038 0.207 3605.33 3
0.00310978 0.0563038 0.207 3599.4 3
0.00468278 0.0563038 0.207 3597 3
0.00760406 0.0563038 0.207 3556.67 3
0.00940177 0.0563038 0.207 3534.4 3
0.0116489 0.0563038 0.207 3472.6 3
0.0136713 0.0563038 0.207 3066.75 3
-0.0191369 0.0569784 0.207 392 3
-0.0177336 0.0576959 0.20635 797.1 3
-0.01569 0.0582696 0.206 2984.2 3
-0.0136029 0.0578966 0.206 3591.17 3
-0.011669 0.0576649 0.20608 3630.56 3
-0.00950393 0.0578469 0.206607 3600.29 3
-0.00725852 0.0580177 0.206833 3631.83 3
-0.0052519 0.0580776 0.206762 3622.62 3
-0.00313575 0.0581633 0.206762 3581.38 3
-0.000934157 0.0580231 0.20672 3597.12 3
0.00111392 0.0577791 0.206478 3600.26 3
0.00310227 0.0577364 0.2065 3617.97 3
0.00525672 0.0578121 0.206462 3563 3
0.00743056 0.0576384 0.20655 3521.6 3
0.00937906 0.0577364 0.2065 3255.3 3
0.0115307 0.0576631 0.206731 2536.58 3
0.0136071 0.0573317 0.207 1726.64 3
-0.0176388 0.0594519 0.207 668 3
-0.0157894 0.0597863 0.206 2318.11 3
-0.0143483 0.0593885 0.206 3562 3
-0.00741578 0.0593885 0.206 3614.25 3
-0.00540313 0.0593885 0.206 3616.1 3
-0.00316684 0.0593885 0.206 3599.9 3
0.00331838 0.0593885 0.206 3579.62 3
0.00913273 0.0593885 0.206 1813.25 3
-0.01569 0.0615747 0.206 1122.15 3
-0.0143483 0.0627452 0.206 1152 3
-0.0152423 0.06352 0.206857 1100.43 3
-0.0139313 0.0640773 0.206444 1092 3
-0.0128449 0.0659731 0.207 1078 3
-0.0116792 0.0665187 0.20625 1097.25 3
-0.0112586 0.0678029 0.20675 1071.38 3
-0.0101157 0.0682269 0.206333 1042.5 3
-0.00930568 0.070077 0.207 995.25 3
-0.00788267 0.0707489 0.2065 994 3
-0.00540313 0.071249 0.206 1211.8 3
-0.00406136 0.071249 0.206 1043 3
-0.00686753 0.0718647 0.207 1007 3
-0.00520465 0.0722695 0.207 1177.12 3
-0.00408107 0.0722695 0.207 1045 3
0.0221982 0.0223374 0.209 3057 3
0.0238317 0.0224736 0.209 3001.9 3
0.0253746 0.0225644 0.209 2937 3
-0.000717224 0.0248348 0.209 2882.25 3
0.0208369 0.0243808 0.209 3163.25 3
0.0221554 0.0241087 0.208609 3033.52 3
0.0241242 0.0236616 0.208 3075.42 3
0.0261375 0.0240891 0.208444 2940.56 3
0.0278703 0.0250619 0.209 2974.5 3
0.0328618 0.0250619 0.209 2884.25 3
0.0346769 0.0250619 0.209 2812.5 3
0.0365863 0.024633 0.20825 1530.5 3
-0.0206831 0.0268783 0.209 1828 3
-0.0156917 0.0268783 0.209 3083.25 3
-0.0145572 0.0268783 0.209 3083 3
-0.0113808 0.0266512 0.209 3063.33 3
-0.00956575 0.0266512 0.209 3085.3 3
-0.0072969 0.0266512 0.209 3131.9 3
-0.00548181 0.0266512 0.209 3178.17 3
-0.00253231 0.0266512 0.209 3152.25 3
-0.000812698 0.0264746 0.208381 3139.48 3
0.0010926 0.0262977 0.208 3107.8 3
0.0031248 0.0262977 0.208 3061.64 3
0.00524385 0.0267844 0.208 3062.62 3
0.0067376 0.0272016 0.208 3164 3
0.00968923 0.0267922 0.208333 2746.17 3
0.0115346 0.0266512 0.209 3158.5 3
0.0136464 0.0266896 0.208818 3214.55 3
0.0158159 0.0266448 0.2086 3194.33 3
0.0178874 0.0268783 0.209 3286 3
0.0202631 0.0264741 0.208846 3463.31 3
0.0217789 0.0261592 0.20825 3285 3
0.0268338 0.0253939 0.208 2733.5 3
0.0284372 0.0263726 0.208375 3056 3
0.0303772 0.0264372 0.208867 3058.8 3
0.0326592 0.0263791 0.208652 3001.7 3
0.0347821 0.0263975 0.2085 2947.38 3
0.0366959 0.0263099 0.2081 2539.25 3
0.0380485 0.0266743 0.208 1392.5 3
-0.0200209 0.0283014 0.208545 2208.82 3
-0.0177963 0.0283556 0.208556 3129.67 3
-0.0157602 0.0282395 0.208545 3143.55 3
-0.0136187 0.0281744 0.20852 3121.84 3
-0.0115633 0.0281315 0.2082 3168.95 3
-0.00953829 0.0281581 0.2084 3115.84 3
-0.00727717 0.0281635 0.20844 3138.72 3
-0.00524498 0.0281853 0.2086 3200.7 3
-0.00326318 0.0280841 0.208435 3182.87 3
-0.00124066 0.0279548 0.208 3211 3
0.00122808 0.0280602 0.208 3238 3
0.00317234 0.0282957 0.208 3251.47 3
0.00528244 0.0282811 0.208 3223.61 3
0.0067376 0.0278795 0.208 3248.5 3
0.00967299 0.0278795 0.208 3163.25 3
0.0114904 0.0281315 0.2082 3191.1 3
0.0133251 0.0279587 0.208222 3224.56 3
0.0158957 0.0277883 0.208167 3209.58 3
0.0178303 0.0276971 0.208333 3213 3
0.0197964 0.0277231 0.208286 3331.29 3
0.0293176 0.0278795 0.208 3118.5 3
0.0306369 0.0278922 0.208231 3139.77 3
0.032443 0.0282838 0.208048 3117.9 3
0.0347368 0.0283314 0.208 3051.95 3
0.036769 0.0283314 0.208 2708.75 3
0.0381238 0.0278795 0.208 2008 3
-0.021668 0.0305457 0.208 1983.5 3
-0.02081 0.030139 0.208 1945.75 3
-0.0133586 0.0296871 0.208 3223 3
0.0329756 0.0303649 0.208 2884.1 3
0.0345939 0.0302125 0.2085 2587.19 3
0.0362651 0.0298297 0.209 2296.83 3
-0.021939 0.0326245 0.208 1787.6 3
0.032253 0.0317207 0.208 2386.5 3
-0.0219917 0.0347425 0.2085 1331.88 3
-0.0217835 0.0368093 0.208667 1508.87 3
-0.02081 0.0366917 0.208 1557.4 3
-0.0217434 0.0389267 0.208615 1621.31 3
-0.02081 0.0389512 0.208 1697.8 3
-0.0218208 0.0409634 0.208714 1526.93 3
-0.02081 0.0409849 0.208 1561 3
-0.0215396 0.0426688 0.2085 1527.17 3
-0.020835 0.0428447 0.20825 1578.5 3
-0.0213638 0.0450416 0.209 1491.8 3
-0.0202713 0.0451992 0.208333 1533.13 3
-0.0213638 0.0466309 0.209 1459.5 3
-0.0200644 0.0472267 0.20875 1478.44 3
-0.019658 0.0491231 0.208429 1361.07 3
-0.0183262 0.050249 0.208 1317 3
-0.0193218 0.0512474 0.209 1101.67 3
-0.0183262 0.0513788 0.208 1347 3
-0.00709645 0.0519184 0.208125 3000 3
-0.00547708 0.0520385 0.208833 2977.83 3
-0.0192602 0.0530446 0.208333 957 3
-0.0183262 0.0529605 0.208 1347.67 3
-0.00932644 0.053832 0.208 2835.5 3
-0.0072681 0.0534637 0.2082 3245.72 3
-0.00537504 0.0537493 0.209 3551.76 3
-0.0041205 0.0543502 0.209 3634 3
0.00722376 0.0543502 0.209 3598.6 3
0.00964388 0.0541989 0.209 3558.83 3
0.0115346 0.0538962 0.209 3526.12 3
0.0135765 0.0538962 0.209 3539.6 3
0.0158454 0.0538962 0.209 3483 3
0.0178874 0.0538962 0.209 3337.31 3
0.0197781 0.0541989 0.209 2185 3
0.0215175 0.0543502 0.209 668.25 3
-0.0192294 0.0549941 0.208 744.5 3
-0.00929418 0.0554711 0.208 3445 3
-0.00726443 0.055693 0.20808 3575.48 3
-0.00523984 0.0557777 0.2084 3594.45 3
-0.00320568 0.0558207 0.20856 3618.2 3
-0.000942643 0.0558207 0.20856 3621.24 3
0.00105523 0.0556368 0.208471 3606.59 3
0.00313231 0.0555781 0.2085 3604.3 3
0.00537074 0.0557511 0.208381 3600.57 3
0.0072787 0.055597 0.208526 3591.32 3
0.0094513 0.0554724 0.2081 3559.05 3
0.0114794 0.0554459 0.208 3504.31 3
0.0135116 0.055446 0.208 3470.65 3
0.0157696 0.0556719 0.208 2591 3
0.0178231 0.0557006 0.208706 1509.94 3
0.0197781 0.0554098 0.209 618.75 3
-0.00884258 0.0570277 0.208 3592.5 3
-0.00726198 0.0570277 0.208 3626.2 3
-0.00522979 0.0570277 0.208 3606.75 3
-0.00329795 0.057329 0.208 3586.44 3
-0.000939592 0.0570277 0.208 3616 3
0.000415206 0.0570277 0.208 3608 3
0.0058344 0.0570277 0.208 3566.33 3
0.0067376 0.0570277 0.208 3547 3
0.0157696 0.0570277 0.208 893.8 3
0.0171244 0.0570277 0.208 123 3
-0.0162187 0.0641829 0.208 821.5 3
-0.0168261 0.0654753 0.209 541 3
-0.0154278 0.0655457 0.2085 983.833 3
-0.0140662 0.0660567 0.208444 1058 3
-0.0131257 0.0680697 0.2086 1024.7 3
-0.0117027 0.0687773 0.208 1050.5 3
-0.0117412 0.0697532 0.208667 1020.83 3
-0.00994389 0.0709243 0.209 990.833 3
-0.00904124 0.072302 0.208857 944.571 3
-0.00745047 0.0726884 0.2082 944.2 3
-0.00522979 0.0732964 0.208 1118 3
-0.00410079 0.0732964 0.208 1098 3
-0.00699099 0.0740635 0.208889 892 3
-0.00524655 0.0744388 0.208667 1045 3
-0.00411393 0.0744388 0.208667 1130 3
0.0221893 0.0202035 0.211625 2843.19 3
0.0239676 0.0203816 0.2118 2857.9 3
0.0365554 0.0208156 0.212 338 3
-0.00463993 0.0219671 0.212 2970 3
-0.00357886 0.0223599 0.2118 2894.8 3
0.0202816 0.0222575 0.211294 2915.18 3
0.0217743 0.0215981 0.210308 2876.69 3
0.0241904 0.0216919 0.210538 2934.62 3
0.026259 0.0220271 0.211316 2922.68 3
0.0281972 0.0222517 0.211846 2977.62 3
0.0303884 0.0222804 0.211765 2891.29 3
0.0325661 0.0223737 0.2115 2842.7 3
0.0347506 0.0224189 0.211444 2721.11 3
0.0363829 0.022123 0.211667 1480.25 3
-0.0195526 0.0245683 0.211 1887.6 3
-0.0179589 0.0244617 0.211667 2648.4 3
-0.0156867 0.0249611 0.212 3057.8 3
-0.0134584 0.0245112 0.2117 3018.5 3
-0.011526 0.0244612 0.211667 3049.27 3
-0.00945801 0.0244612 0.211667 3031.08 3
-0.00728307 0.0243304 0.211706 3035.06 3
-0.00531811 0.023982 0.2115 3049.35 3
-0.00324598 0.0241173 0.21108 3045.88 3
-0.00163254 0.0244974 0.21 2934.5 3
0.0101954 0.0242678 0.2104 2196.4 3
0.011525 0.0240099 0.21125 2951.79 3
0.0136797 0.0241214 0.211069 3089.55 3
0.0158057 0.023982 0.2115 3089.7 3
0.0178971 0.0240163 0.2118 3167.12 3
0.0198711 0.0241888 0.210696 3242.43 3
0.0213925 0.0233568 0.21 2858 3
0.0268638 0.023585 0.21 2886.5 3
0.0284526 0.0240194 0.210609 2985.17 3
0.0304347 0.0242417 0.210692 2952.73 3
0.0324882 0.0241123 0.210526 2908.26 3
0.0346972 0.0240973 0.2105 2768.35 3
0.0362968 0.0240973 0.2105 1871.38 3
-0.0196797 0.0261427 0.2104 1954.6 3
-0.0178622 0.0261573 0.21052 2956.12 3
-0.0157785 0.0259545 0.211059 3084.59 3
-0.0136729 0.0261633 0.210565 3063.48 3
-0.0115586 0.0258075 0.210294 3064.24 3
-0.00939845 0.025678 0.210333 3075.42 3
-0.00734345 0.025678 0.210333 3095.6 3
-0.00518955 0.0258353 0.210286 3121.29 3
-0.00344708 0.0260652 0.210158 3132.89 3
-0.00163254 0.0258662 0.21 3145.25 3
0.009766 0.0258662 0.21 2219.38 3
0.0116924 0.0257533 0.2102 3144.5 3
0.0137307 0.0258149 0.210091 3182.45 3
0.0156582 0.0256402 0.210364 3165 3
0.0178888 0.0258759 0.2105 3280.44 3
0.0195687 0.0259803 0.21 3465.25 3
0.0289156 0.0256381 0.21 3070.5 3
0.0305113 0.0256381 0.21 2983 3
0.0318792 0.0256381 0.21 2938 3
-0.0196422 0.0274631 0.21 2232 3
-0.0178185 0.0274631 0.21 3112.6 3
-0.0238682 0.0325539 0.211385 1438.38 3
-0.0228773 0.0325425 0.2104 1555.8 3
-0.0239493 0.0346175 0.2115 1326.36 3
-0.022861 0.034577 0.21025 1303.25 3
-0.0238938 0.036728 0.211615 1436.38 3
-0.0229426 0.0367625 0.211 1446 3
-0.0239731 0.0387923 0.211714 1429.36 3
-0.0229426 0.0388254 0.211 1504.75 3
-0.0238938 0.0408658 0.211615 1409.08 3
-0.0229426 0.0408883 0.211 1494.8 3
0.016303 0.0413124 0.212 2706.5 3
0.0172236 0.0403912 0.212 2761 3
-0.0239201 0.042983 0.211533 1341.67 3
-0.0224904 0.0432811 0.210273 1494.09 3
0.0144619 0.0420033 0.212 2710.5 3
-0.0239835 0.0450018 0.211727 1003.36 3
-0.0223328 0.045201 0.210231 1408.77 3
0.00700525 0.045596 0.212 2957.9 3
-0.021846 0.0474623 0.21 1187.58 3
0.00180404 0.0479911 0.212 3256 3
0.00272461 0.0479911 0.212 2915.67 3
0.00479589 0.0473002 0.212 2872.5 3
0.00663702 0.0466093 0.212 2904 3
-0.0216109 0.0491392 0.210667 922.667 3
-0.0203261 0.0502759 0.21 1142.5 3
-0.00300037 0.0502759 0.21 2948 3
-0.00080044 0.0496749 0.211 2968.17 3
0.00115376 0.0494804 0.211765 3113.71 3
0.00246159 0.0491097 0.212 3130.86 3
0.0222867 0.0502941 0.212 3359 3
0.0242045 0.049987 0.212 3339.11 3
0.0261506 0.0496396 0.212 3257.79 3
0.0280402 0.0499487 0.212 2748.25 3
0.0296513 0.0502941 0.212 1394 3
-0.0214403 0.0512153 0.212 848.5 3
-0.0200867 0.0517319 0.210667 911.333 3
-0.00459616 0.0521009 0.21 3097 3
-0.00306742 0.0514568 0.21 3167.59 3
-0.000953145 0.0514322 0.211 3443.48 3
0.00111217 0.0515778 0.2116 3567.45 3
0.00304981 0.0517484 0.211762 3597.86 3
0.00525618 0.0519062 0.212 3601.25 3
0.00731593 0.0520538 0.211667 3569.87 3
0.00946979 0.0520765 0.211615 3561.23 3
0.0115118 0.0519976 0.211571 3535.5 3
0.0138232 0.0516286 0.211565 3508.04 3
0.0158128 0.0515771 0.2116 3467.8 3
0.0178496 0.0514897 0.21124 3435.32 3
0.0199943 0.0514933 0.211 3353.14 3
0.0220182 0.0513385 0.21087 3310.57 3
0.0241859 0.0514279 0.210833 2946.79 3
0.0262794 0.0514455 0.211238 1958.71 3
0.0280402 0.0511001 0.212 1492.5 3
0.0296513 0.0507547 0.212 770.5 3
-0.020423 0.0539535 0.211 881 3
-0.00459616 0.0532416 0.21 3529 3
-0.00319034 0.0534317 0.21 3590.08 3
-0.00094919 0.05353 0.21024 3619.28 3
0.00110521 0.0535703 0.2104 3604.65 3
0.00316086 0.0535703 0.2104 3594.2 3
0.00522312 0.0534081 0.210667 3580.83 3
0.00727172 0.0533421 0.2104 3578.2 3
0.00943671 0.0531909 0.21 3574.83 3
0.0115898 0.0527853 0.21 3553.62 3
0.0136415 0.0527853 0.21 3570.1 3
0.0156932 0.0527853 0.21 3508.25 3
0.017745 0.0527853 0.21 3440.6 3
0.020126 0.0531909 0.21 3160 3
0.0220764 0.0532416 0.21 2179.31 3
0.0239328 0.053046 0.21 1093.79 3
0.025496 0.0527853 0.21 355.5 3
-0.00300037 0.0548385 0.21 3614 3
-0.000948627 0.0548385 0.21 3624.2 3
0.00110311 0.0548385 0.21 3584.75 3
0.00315485 0.0548385 0.21 3593.8 3
0.00520659 0.0548385 0.21 3581.25 3
-0.0169066 0.066473 0.21 433.5 3
-0.0158644 0.0665708 0.21 875.714 3
-0.0146269 0.0671574 0.21 1028 3
-0.0156752 0.0683163 0.211273 876.182 3
-0.014256 0.0682932 0.210286 994.286 3
-0.0149963 0.0698697 0.212 942.75 3
-0.0135513 0.0699985 0.211 974.375 3
-0.0115305 0.0710719 0.210333 998.5 3
-0.0114607 0.072577 0.2115 955.562 3
-0.00985548 0.0727481 0.210333 950 3
-0.0110927 0.0743138 0.211364 672.818 3
-0.00941593 0.0744823 0.210714 809.714 3
-0.00764013 0.0749534 0.210111 852.111 3
-0.00901593 0.0760039 0.211 434 3
-0.00728651 0.0763932 0.210692 589.615 3
-0.00538902 0.0766025 0.210429 793.143 3
-0.00414022 0.0760543 0.21 958.5 3
0.0206384 0.0186873 0.214 2754 3
0.0220628 0.0177809 0.213762 2829.86 3
0.0238839 0.0179263 0.213937 2728.62 3
0.025517 0.0186873 0.214 2888 3
0.0141336 0.0205471 0.214 2916 3
0.0157599 0.0205471 0.214 2931 3
0.0178507 0.0205471 0.214 3017.75 3
0.0201694 0.0200648 0.213529 2561.06 3
0.0218523 0.0193712 0.213 2442.78 3
0.0244383 0.0195246 0.2135 2881 3
0.0258534 0.0202159 0.213636 2908.45 3
0.0284652 0.0206519 0.213714 2950.43 3
0.0305206 0.0206292 0.213545 2851.27 3
0.0325091 0.0204858 0.213714 2755.36 3
0.034604 0.0205451 0.213615 2378.46 3
0.0359781 0.0199679 0.213889 647.111 3
-0.0179041 0.0221479 0.21375 2213.38 3
-0.0158347 0.0226394 0.214 2945.2 3
-0.0136444 0.0222408 0.214 2937.21 3
-0.0118273 0.0222906 0.214 2953.25 3
-0.00917509 0.0224844 0.214 2966.75 3
-0.00722687 0.0221347 0.213625 2973.25 3
-0.00559985 0.0221215 0.2135 2993 3
0.0101605 0.0221215 0.2135 1674.5 3
0.0115512 0.0221215 0.2135 2525.55 3
0.0136923 0.0219982 0.213556 2980.28 3
0.0157009 0.021859 0.2132 3005.96 3
0.0177839 0.021859 0.2132 3152.1 3
0.0193266 0.0216137 0.213273 3175.64 3
0.0268683 0.0211335 0.213667 2955 3
0.0281622 0.0212203 0.213429 2971.14 3
0.0304848 0.0213766 0.213 2887.8 3
0.0325658 0.0213766 0.213 2747.75 3
0.0346469 0.0213766 0.213 2588.6 3
0.0360342 0.0213766 0.213 1645 3
-0.0192292 0.0234591 0.213 1755.5 3
-0.0178418 0.0234591 0.213 2546.12 3
-0.0157607 0.0239218 0.213 2983.2 3
-0.0138184 0.0236442 0.213 2975.6 3
-0.0115986 0.0234591 0.213 2999.6 3
-0.00951761 0.0234591 0.213 2978.25 3
-0.00766778 0.0234591 0.213 3000.5 3
-0.0255321 0.0327903 0.2135 1264.25 3
-0.0250685 0.0327903 0.2135 1337 3
0.0341126 0.0324032 0.214 2371 3
-0.0255919 0.0347279 0.214 1218.75 3
-0.0251273 0.0347279 0.214 1274.5 3
-0.0255919 0.0368202 0.214 1367.6 3
-0.0251273 0.0368202 0.214 1401.2 3
0.0248201 0.0370527 0.214 2595 3
-0.0255919 0.0389125 0.214 1406.5 3
-0.0251273 0.0389125 0.214 1414.5 3
-0.0255919 0.0410047 0.214 1298.2 3
-0.0251273 0.0410047 0.214 1335.2 3
-0.0255919 0.0423996 0.214 1108 3
-0.0251273 0.0423996 0.214 1225 3
-0.0255919 0.0449568 0.214 555.5 3
-0.0251273 0.0449568 0.214 669 3
0.00828693 0.0452094 0.213 2958 3
0.00946604 0.0453161 0.2135 2931.56 3
0.010649 0.0454217 0.214 3038.75 3
0.0038936 0.0477547 0.213 2938.33 3
0.00558927 0.0474462 0.213 3060.92 3
0.0074545 0.0473845 0.213 3309.7 3
0.00924139 0.0472078 0.213667 3428.25 3
0.0222646 0.0477464 0.214 3353.83 3
0.0243044 0.0476445 0.213778 3350.94 3
0.0262849 0.0474284 0.213348 3302.39 3
0.0283954 0.0473891 0.213727 3279 3
0.0303956 0.0472815 0.214 3234.44 3
0.0324864 0.0477465 0.214 3007 3
0.0344998 0.047359 0.214 2550.22 3
0.0357388 0.0472815 0.214 2007 3
0.00349721 0.0494736 0.213 3402.86 3
0.00528097 0.0493744 0.213 3502.12 3
0.00741347 0.0493631 0.21319 3540.95 3
0.00947852 0.0493268 0.2138 3508.95 3
0.0115674 0.0493268 0.2138 3482.24 3
0.0135774 0.049399 0.213778 3507.22 3
0.0157353 0.0497604 0.213667 3468.93 3
0.0178229 0.0497604 0.213667 3443 3
0.019915 0.0493082 0.21372 3411.56 3
0.022116 0.0492825 0.213348 3370.13 3
0.0240271 0.0490356 0.213154 3372.92 3
0.0264768 0.0487574 0.213 3301.67 3
0.0285579 0.0492202 0.213 3113 3
0.030282 0.0491883 0.2132 2605.75 3
0.0321766 0.0487539 0.214 2414.67 3
0.0338803 0.0484439 0.214 1883 3
0.00366237 0.0508784 0.213 3588.88 3
0.00528097 0.0509941 0.213 3549.08 3
0.00736201 0.0509941 0.213 3567.07 3
0.00944305 0.0509941 0.213 3537.42 3
0.0115241 0.0509941 0.213 3480.33 3
0.0133739 0.0507628 0.213 3489.33 3
0.0156862 0.0505314 0.213 3453.2 3
0.0177673 0.0505314 0.213 3412.5 3
0.0198483 0.0505314 0.213 3386 3
0.0212357 0.0505314 0.213 3370 3
-0.0216426 0.0528608 0.214 867 3
-0.0207133 0.0537908 0.214 865.25 3
-0.0156837 0.0708163 0.213 706.833 3
-0.0141422 0.0711248 0.213 945.25 3
-0.0151378 0.0723886 0.214 771.25 3
-0.0136963 0.0725977 0.21325 865.812 3
-0.0132793 0.0740159 0.214 713 3
-0.0122924 0.0741328 0.213 728.667 3
0.0205968 0.0162809 0.216 2583.5 3
0.0220622 0.0158302 0.215556 2823.33 3
0.0239213 0.0159429 0.215667 2709.25 3
0.0140313 0.0185099 0.216 2843.75 3
0.0157453 0.0184086 0.215769 2853.62 3
0.0178262 0.0183341 0.215714 2998.29 3
0.0200829 0.0178413 0.215286 2953.9 3
0.0247026 0.0174511 0.215 2675 3
0.0262664 0.0178513 0.215737 2808.53 3
0.0280681 0.0184881 0.21575 2855.88 3
0.0304452 0.0188619 0.216 2773 3
0.032321 0.0188619 0.216 2708 3
0.0349004 0.0186272 0.216 1603.75 3
-0.0173265 0.0201966 0.215222 2138.44 3
-0.0157361 0.0202538 0.215833 2832.83 3
-0.0136168 0.0202378 0.215667 2889.07 3
-0.0115098 0.0202378 0.215667 2871 3
-0.00940264 0.0202378 0.215667 2836.93 3
-0.00729553 0.0202378 0.215667 2880.42 3
-0.00565668 0.0202378 0.215667 2958.78 3
0.0102319 0.0206431 0.215 1325 3
0.0116618 0.0203115 0.215545 2455 3
0.0135674 0.019912 0.215625 2898.19 3
0.0158429 0.0197208 0.215133 2906.73 3
0.0179341 0.0197088 0.215 2944.92 3
0.0193812 0.019522 0.215 2867.8 3
0.0267032 0.0196421 0.215 2963.86 3
0.0283894 0.019755 0.215143 2928.36 3
0.0304107 0.0196221 0.215455 2801.09 3
0.0324804 0.0195203 0.2155 2715.5 3
0.0346004 0.0195296 0.2156 2072 3
-0.0171224 0.0213905 0.215 2530.2 3
-0.0156875 0.0215937 0.215167 2859.75 3
-0.0138414 0.0213104 0.215 2878.29 3
-0.0112408 0.0214605 0.215 2886.5 3
-0.00951721 0.0215414 0.215 2886.46 3
-0.00727298 0.0211102 0.215 2960.25 3
-0.00563919 0.0211102 0.215 2970 3
0.0102319 0.0211102 0.215 1473 3
0.0116323 0.0211102 0.215 2318.6 3
0.0132661 0.0211102 0.215 2946 3
-0.0277069 0.03341 0.216 1144 3
-0.0265297 0.032877 0.215143 1221.29 3
-0.0277069 0.0343486 0.216 1162.67 3
-0.0266024 0.0345856 0.215231 1191.31 3
-0.0264731 0.0368453 0.2155 1337.38 3
0.0268032 0.0362916 0.215 2598.75 3
-0.0265099 0.0390045 0.2158 1322.9 3
-0.0264117 0.0409628 0.215 1193.38 3
0.0156001 0.0416635 0.215 2853 3
0.0184865 0.0411533 0.216 2702.75 3
-0.0260656 0.0430305 0.216 924.875 3
0.0118657 0.0437654 0.215 2846.75 3
0.0137954 0.043332 0.215556 2787.56 3
0.0155823 0.0430228 0.215636 2906 3
0.0168451 0.0427958 0.216 2963 3
0.0391211 0.0434998 0.216 2906.12 3
0.0411201 0.0434257 0.215706 2644.06 3
0.0428677 0.0431727 0.215789 1002.26 3
-0.0254781 0.0458675 0.215 530 3
0.0116899 0.0451574 0.215385 3037.54 3
0.0135623 0.0451423 0.216 3263.16 3
0.0156727 0.0451423 0.216 3406.35 3
0.0176727 0.0454736 0.216 3404.12 3
0.0198934 0.0456116 0.216 3382.58 3
0.0219185 0.0456969 0.216 3335.73 3
0.0241692 0.045582 0.215692 3315.85 3
0.0263301 0.0451248 0.215818 3266.59 3
0.0283592 0.0451362 0.215762 3249.67 3
0.0304248 0.0450151 0.215583 3225.96 3
0.0326094 0.0450658 0.215348 3162.65 3
0.0347057 0.0449631 0.215455 3099.27 3
0.0367819 0.045039 0.215409 2998.45 3
0.0388372 0.0449694 0.216 2773.11 3
0.0411061 0.0451688 0.21575 1844.42 3
0.0424039 0.0453769 0.216 686.25 3
-0.0254781 0.0463346 0.215 534 3
0.0102319 0.0475025 0.215 3450 3
0.0116347 0.0473595 0.215043 3449.74 3
0.0137108 0.0473382 0.215524 3480.29 3
0.0157458 0.0474513 0.215545 3449 3
0.0178207 0.0473119 0.215478 3420.96 3
0.0200111 0.0473437 0.215167 3354.5 3
0.0219981 0.0469982 0.215333 3328.53 3
0.0239911 0.0467364 0.215091 3324.55 3
0.0263364 0.0463346 0.215 3285.25 3
0.028437 0.0463346 0.215 3267.4 3
0.0305376 0.0463346 0.215 3269.75 3
0.0326382 0.0468018 0.215 3172.47 3
0.0347388 0.0465682 0.215 3033.38 3
0.0366494 0.0466224 0.21525 2485.38 3
0.0379487 0.0467848 0.216 1997.5 3
0.0144331 0.0489038 0.215 3489 3
0.0158335 0.0489038 0.215 3472 3
0.0179341 0.0489038 0.215 3455 3
0.0223916 0.0142674 0.2175 2274.75 3
0.0243374 0.0143002 0.218 2578.25 3
-0.0170773 0.0164316 0.218 1736.5 3
-0.016604 0.0164316 0.218 1862 3
0.0122679 0.0164316 0.218 2701.5 3
0.0136879 0.0164316 0.218 2719.8 3
0.0158177 0.0164316 0.218 2765.75 3
0.0179303 0.0164165 0.2178 2873.6 3
0.0200162 0.0159084 0.217333 2475.58 3
0.0219822 0.0149644 0.217333 2496 3
0.0245171 0.0150935 0.2175 2632.88 3
0.0262946 0.0159687 0.217444 2727.61 3
0.0285972 0.0164316 0.218 2756.5 3
0.0347502 0.0164316 0.218 860 3
-0.0174323 0.0180893 0.218 1745.62 3
-0.0158349 0.0179709 0.218 2605.12 3
-0.0135275 0.0183261 0.218 2782.12 3
-0.0116343 0.0183261 0.218 2779.5 3
-0.00950436 0.0183261 0.218 2759.8 3
-0.00737446 0.0183261 0.218 2778.62 3
-0.00513938 0.0179051 0.218 2781.94 3
0.0100197 0.0180893 0.218 2417.38 3
0.0115509 0.017842 0.217875 2773.69 3
0.0134557 0.0176627 0.217125 2808.06 3
0.0157452 0.0172992 0.217 2801.12 3
0.0178653 0.0172991 0.217 2989.9 3
0.0192788 0.0172991 0.217 3126 3
0.0272881 0.0172991 0.217 2799 3
0.0286231 0.0176134 0.217 2797.25 3
0.0304205 0.0178104 0.2175 2749.19 3
0.0325455 0.0178105 0.2175 2693.05 3
0.0344844 0.0177069 0.217545 2111.27 3
0.0357687 0.0180063 0.217 681 3
-0.0174701 0.019185 0.217 1827.5 3
-0.0158211 0.019185 0.217 2775.88 3
-0.013701 0.019185 0.217 2873.4 3
-0.0115809 0.019185 0.217 2820.12 3
-0.00946075 0.019185 0.217 2799.1 3
-0.00734063 0.019185 0.217 2806.75 3
-0.00569165 0.019185 0.217 2845.67 3
0.00997375 0.0194207 0.217 1631.38 3
0.0113636 0.0193736 0.217 2618.3 3
0.0126828 0.019185 0.217 2903 3
0.033413 0.0189493 0.217 2672 3
0.0338841 0.0189493 0.217 2584 3
-0.0281366 0.0329332 0.2175 1198.62 3
-0.0283155 0.0344543 0.217667 1156 3
0.0328569 0.0339562 0.218 2431 3
-0.0279576 0.0366854 0.217333 1297.08 3
0.0262306 0.0370348 0.218 2741.17 3
-0.0275997 0.0387508 0.217 1264.9 3
0.0205509 0.0396398 0.218 2884 3
0.0262306 0.0379821 0.218 2604 3
0.03972 0.0398766 0.218 2854 3
0.0410631 0.0398034 0.2176 1807.2 3
-0.0275996 0.0406366 0.217 1082.17 3
0.0200326 0.0409665 0.2175 2783.31 3
0.0304904 0.0417712 0.218 3171.75 3
0.0326203 0.0417712 0.218 3086.6 3
0.0347502 0.0417712 0.218 3054.25 3
0.0366434 0.0417712 0.218 3006.5 3
0.0388211 0.0412263 0.217937 2895.88 3
0.0409976 0.040919 0.21725 2294.25 3
0.0426002 0.0415796 0.217 792 3
-0.0266574 0.0437011 0.217 647.25 3
0.0164519 0.0437011 0.217 3221.5 3
0.0179938 0.0430582 0.217 3157.32 3
0.019975 0.0429767 0.217444 3297.56 3
0.0217342 0.0433105 0.218 3332.62 3
0.0241455 0.0432261 0.217875 3288.75 3
0.0262946 0.0433696 0.217444 3238.17 3
0.0284074 0.0432868 0.217556 3172.83 3
0.0304061 0.0430721 0.2174 3169.65 3
0.0325006 0.0430327 0.2172 3117.56 3
0.0346227 0.0430327 0.2172 3050.2 3
0.0367273 0.0430984 0.217333 3010.33 3
0.0387055 0.0426999 0.217267 2929.47 3
0.0406942 0.0424367 0.217 2778.36 3
0.0426002 0.042051 0.217 1099.5 3
-0.0263069 0.0448498 0.218 662.75 3
0.0181009 0.044644 0.217 3388.62 3
0.0200985 0.0445431 0.2172 3377.8 3
0.022128 0.0447414 0.217222 3332.72 3
0.0241052 0.0444758 0.217333 3321.25 3
0.0254036 0.0446441 0.217 3282 3
0.0395378 0.0458227 0.217 2399 3
0.0404801 0.0458227 0.217 2020.33 3
0.0392883 0.047086 0.217857 1765.71 3
0.0407878 0.0469661 0.217727 1538.18 3
0.0420865 0.047218 0.218 758.5 3
-0.0231238 0.0519518 0.217 685 3
-0.0226527 0.0519518 0.217 754 3
-0.0232304 0.0529016 0.218 722.5 3
-0.0227571 0.0529016 0.218 824 3
0.0123805 0.0144314 0.22 2732 3
0.0135746 0.0144314 0.22 2728.75 3
0.0157241 0.0144314 0.22 2658 3
0.0178735 0.0144314 0.22 2635.25 3
0.0202559 0.0141984 0.219571 2276.86 3
0.0220588 0.0137729 0.219667 2262.44 3
0.0240564 0.0136988 0.21975 2519 3
0.025993 0.0141487 0.219333 2621 3
0.0283819 0.0144314 0.22 2601.25 3
0.0305313 0.0144314 0.22 2563.4 3
0.0324419 0.0140729 0.22 1572.75 3
-0.0155268 0.0160667 0.2195 2472.81 3
-0.0136206 0.0160667 0.2195 2766.25 3
-0.0116376 0.0159361 0.21975 2718.56 3
-0.00946118 0.0161156 0.219444 2696.67 3
-0.0074252 0.0160667 0.2195 2693.88 3
-0.00528065 0.0160667 0.2195 2726.65 3
-0.00360443 0.016507 0.219 2599.5 3
0.00784279 0.0158654 0.22 2582.83 3
0.00957904 0.0159996 0.219667 2712.17 3
0.011588 0.0159213 0.219467 2702.8 3
0.0135335 0.01534 0.219333 2704.75 3
0.0156764 0.01534 0.219333 2691.27 3
0.0178193 0.01534 0.219333 2679.83 3
0.0196344 0.0151739 0.219222 2271.11 3
0.0213584 0.0148416 0.219 2014 3
0.026351 0.0148416 0.219 2672.5 3
0.0282959 0.01534 0.219333 2653.42 3
0.0305301 0.0157583 0.219391 2637.65 3
0.0325912 0.015821 0.2194 2390.05 3
0.0339587 0.0160311 0.219 1607.62 3
-0.015016 0.0174586 0.219 2711 3
-0.0135896 0.0174586 0.219 2715.12 3
-0.0116028 0.0173311 0.2192 2711.5 3
-0.00954795 0.0174586 0.219 2743 3
-0.00740829 0.0174586 0.219 2758.12 3
-0.00621958 0.0174586 0.219 2759 3
0.00784278 0.0168213 0.22 1681 3
0.00914648 0.0173311 0.2192 2408.3 3
-0.028805 0.0350635 0.219 1162 3
-0.0298918 0.0361796 0.22 1154.75 3
-0.0288049 0.0365703 0.219 1227 3
0.0270642 0.0376805 0.219 2575 3
0.0282134 0.0372446 0.2198 2557.2 3
0.0393679 0.0373746 0.22 2709 3
0.040835 0.0374199 0.219333 1152.83 3
-0.0298918 0.0380915 0.22 895 3
-0.028805 0.03887 0.219 1137.38 3
0.0220716 0.0395837 0.219 2613.25 3
0.0244706 0.0391944 0.219 2717.55 3
0.0264343 0.0390759 0.219231 2972.92 3
0.0281682 0.0388643 0.219929 3011 3
0.0353078 0.0395255 0.22 2992.5 3
0.0369455 0.0392524 0.22 2888.07 3
0.0388647 0.0388349 0.219556 2817.28 3
0.0406237 0.0387959 0.219333 2096.72 3
-0.0289365 0.0414374 0.22 1025.75 3
0.0220716 0.0410112 0.219 2953.55 3
0.0242113 0.0410112 0.219 3173.2 3
0.0263753 0.0410481 0.2192 3200.2 3
0.0283045 0.0410848 0.2194 3182.1 3
0.0304133 0.0409175 0.219476 3161.14 3
0.0326065 0.0408653 0.2195 3083.75 3
0.0346361 0.0409079 0.219444 3027.22 3
0.0366975 0.0407408 0.219111 2961.89 3
0.0387134 0.0402974 0.219 2898.75 3
-0.0279812 0.0428713 0.22 771.25 3
0.0223093 0.0427954 0.219 3285.38 3
0.0242113 0.0424386 0.219 3265.8 3
0.0263509 0.0424386 0.219 3239 3
0.0282529 0.0424386 0.219 3209.5 3
0.0294416 0.0424386 0.219 3217 3
-0.0269031 0.0457693 0.219 532 3
-0.026985 0.0468638 0.219667 547 3
0.0418041 0.0481483 0.219 994 3
0.0422796 0.0481483 0.219 596 3
0.0409123 0.048609 0.219889 1437.67 3
0.0422796 0.0486241 0.219 414 3
0.018036 0.0119098 0.222 2641.62 3
0.020042 0.0120431 0.2218 2618.2 3
0.022113 0.0116573 0.2218 2536.2 3
0.0239437 0.0119162 0.221727 2496 3
0.0291436 0.0120431 0.2218 2531 3
0.0303682 0.0121764 0.2216 2195.2 3
0.0316297 0.0125764 0.221 1195 3
-0.0156558 0.0140376 0.221333 2017.92 3
-0.013755 0.0140584 0.221667 2601.92 3
-0.0114779 0.0139191 0.221706 2635.47 3
-0.00942532 0.0135786 0.2217 2612.8 3
-0.00738178 0.0134976 0.221455 2628.23 3
-0.00524927 0.0136412 0.221696 2615.83 3
-0.00316907 0.0140693 0.221833 2634.83 3
-0.000780373 0.0134495 0.222 2839.15 3
0.00116615 0.0135979 0.222 2779.25 3
0.00309413 0.0135979 0.222 2738.75 3
0.00525914 0.0135874 0.22184 2715.92 3
0.007412 0.0135599 0.2214 2676.05 3
0.00934364 0.0135724 0.2216 2657.4 3
0.0114376 0.0140182 0.221571 2708.14 3
0.013766 0.0133901 0.221429 2685.29 3
0.0157202 0.0133757 0.221444 2656.56 3
0.017866 0.0132755 0.221556 2626.56 3
0.0198306 0.0134161 0.221286 2591.29 3
0.0220333 0.0130565 0.221 2516.2 3
0.0243815 0.0129837 0.2214 2554.6 3
0.0262821 0.0132612 0.221571 2577 3
0.0282739 0.0133589 0.221421 2582.47 3
0.0304302 0.0135367 0.221 2507.42 3
0.0316297 0.0135367 0.221 2084.67 3
-0.0156329 0.0149772 0.221 2150.25 3
-0.0137137 0.0149772 0.221 2656.25 3
-0.0115545 0.0149772 0.221 2750 3
-0.00939525 0.0149772 0.221 2690 3
-0.00747595 0.0149772 0.221 2642 3
-0.00531674 0.0149772 0.221 2681.2 3
-0.00340047 0.0153542 0.22125 2549.5 3
-3.88429e-05 0.0150449 0.222 1769 3
0.00116615 0.0150449 0.222 2209 3
0.00333513 0.0152861 0.222 2431 3
0.00524931 0.0154903 0.221467 2511.67 3
0.00711071 0.0155534 0.221 2548.2 3
0.0093179 0.0149772 0.221 2686.25 3
0.0112372 0.0149772 0.221 2716.75 3
0.00691879 0.0168978 0.221 1400.5 3
0.0394848 0.0314441 0.222 1926 3
0.0399668 0.0314441 0.222 1539 3
0.0394848 0.0324087 0.222 1950.33 3
0.0399668 0.0324087 0.222 1513.67 3
-0.0300277 0.0353837 0.221 1157.5 3
0.0312909 0.0353027 0.222 2699 3
0.0323926 0.0348893 0.222 2618.14 3
0.0344238 0.0345792 0.222 2430.5 3
0.0391956 0.0350133 0.222 2427.4 3
0.0403685 0.0349812 0.222 986.667 3
-0.0300277 0.0373043 0.221 1063.5 3
0.0292306 0.0368242 0.221 2624.5 3
0.030514 0.0368023 0.221294 2686.59 3
0.0321673 0.0368374 0.222 2793 3
0.0351468 0.0377143 0.222 2926 3
0.0370537 0.0373313 0.221875 2876.5 3
0.0388616 0.0367385 0.221632 2731.68 3
0.0404719 0.0363454 0.2216 1452.6 3
-0.0301636 0.0394024 0.222 841.5 3
0.0292306 0.0387448 0.221 3023.25 3
0.030491 0.0388208 0.221437 3055.88 3
0.0325234 0.0389102 0.221706 3038.71 3
0.0346388 0.03881 0.221833 2978.56 3
0.0365734 0.0385084 0.2213 2909.4 3
0.0383473 0.0380246 0.221 2782.67 3
-0.0301636 0.040126 0.222 899 3
-0.029068 0.0406655 0.221 1042 3
0.0292306 0.0399452 0.221 3122 3
0.0304302 0.0399452 0.221 3136.25 3
0.0325894 0.0399452 0.221 3078 3
0.0345087 0.0399452 0.221 3021.67 3
-0.029068 0.0425861 0.221 860 3
-0.0281084 0.0445067 0.221 604 3
-0.0243796 0.049049 0.222 881.125 3
0.0395262 0.0492233 0.221333 1457.5 3
0.0407824 0.0498335 0.2212 1429.6 3
0.0423458 0.0497084 0.221 593 3
0.0411718 0.0509784 0.222 1293.75 3
0.0423768 0.0509783 0.222 469.5 3
-0.0241031 0.0545138 0.221667 624.333 3
-0.0230702 0.0543499 0.221 822 3
-0.0239536 0.0555818 0.221909 574.909 3
-0.0225753 0.0556073 0.2218 839 3
0.0164963 0.00812371 0.224 2362.5 3
0.0177121 0.00812371 0.224 2264.5 3
0.0200014 0.00809953 0.223333 1367.5 3
0.0161316 0.00982705 0.224 2503.62 3
0.0178111 0.00961782 0.223556 2513.39 3
0.0199288 0.00949162 0.223111 2438.67 3
0.0218292 0.00970244 0.223 2266.08 3
0.0241693 0.0100254 0.223 2161.6 3
0.0264375 0.0100592 0.22375 1700.38 3
0.0283156 0.0100367 0.22325 1800.12 3
0.0294951 0.0100254 0.223 1475 3
-0.0158452 0.0120171 0.224 2455.62 3
-0.0134672 0.0116454 0.223875 2519.94 3
-0.0114425 0.0115036 0.2235 2541.75 3
-0.00950152 0.0115036 0.2235 2559.88 3
-0.00731789 0.0115036 0.2235 2539.6 3
-0.00513425 0.0115036 0.2235 2615.25 3
-0.00319324 0.0115036 0.2235 2651.44 3
-0.00100961 0.0115036 0.2235 2633.45 3
0.00117403 0.0115036 0.2235 2608.88 3
0.00311504 0.0115036 0.2235 2617.44 3
0.00529867 0.0115036 0.2235 2585.5 3
0.0074823 0.0115036 0.2235 2607.31 3
0.00942331 0.0115036 0.2235 2617.81 3
0.0113898 0.0120171 0.224 2605.38 3
0.0137525 0.0116454 0.223875 2598.69 3
0.0157316 0.0115036 0.2235 2605.12 3
0.0177264 0.0111642 0.223167 2621.17 3
0.0200539 0.0109944 0.223 2611.5 3
0.0247745 0.0112367 0.223 2464.12 3
0.0263481 0.011479 0.223 2470.25 3
0.028181 0.0114097 0.223 2494.71 3
0.0297372 0.0109945 0.223 2164 3
-0.0157745 0.0129325 0.223 2221.75 3
-0.0135957 0.0129324 0.223 2583.1 3
-0.011659 0.0129325 0.223 2608.5 3
-0.0031861 0.0129325 0.223 2646.75 3
-0.00124943 0.0138207 0.223 2589.33 3
0.011581 0.0129324 0.223 2636.6 3
0.0130335 0.0129324 0.223 2661 3
-0.00124943 0.0151127 0.223 1648 3
0.0369997 0.0335237 0.223 2347.75 3
0.0387911 0.0330877 0.223 2275.8 3
0.0401468 0.0335237 0.223 1538 3
-0.0316512 0.0351341 0.224 1102.33 3
-0.0306703 0.034906 0.223429 1110.57 3
0.0333685 0.0354617 0.223 2448 3
0.034821 0.0352194 0.223 2623.83 3
0.0368086 0.0347732 0.223 2701.16 3
0.0387383 0.0345367 0.223 2631.82 3
0.0401468 0.0340082 0.223 1375 3
-0.0316512 0.0365941 0.224 865.333 3
-0.0311648 0.0365941 0.224 1008 3
0.0330053 0.036673 0.223 2806.88 3
0.0345789 0.036673 0.223 2902.75 3
0.0365761 0.0365518 0.223 2883.69 3
0.0382101 0.0361885 0.223 2842.5 3
-0.0315099 0.038611 0.223 636.5 3
-0.0310257 0.038611 0.223 665.5 3
0.0333685 0.0378842 0.223 2955 3
0.0340948 0.0378842 0.223 2925.5 3
-0.0315099 0.0410334 0.223 784 3
-0.0305415 0.0410335 0.223 888.167 3
0.037726 0.04927 0.223 1762.5 3
0.0386315 0.0496055 0.2232 1453.6 3
-0.0240053 0.0524192 0.223 606.75 3
0.0390755 0.0513113 0.223692 1384.23 3
0.0408474 0.0518961 0.223429 1341.86 3
0.0420835 0.052177 0.223 681 3
-0.0255719 0.0541143 0.224 592 3
-0.0242748 0.0533275 0.22325 626.25 3
0.0393542 0.0526543 0.224 1370.67 3
0.0412023 0.0529463 0.224 1176.8 3
-0.0255719 0.054601 0.224 537 3
-0.0245993 0.054601 0.224 619 3
-0.0235211 0.0575065 0.223 516.875 3
-0.0221897 0.0579304 0.223 698.188 3
-0.0220686 0.0592022 0.223 496 3
-0.00273828 0.00795073 0.226 2492 3
-0.0010209 0.00795073 0.226 2472.8 3
0.00118716 0.00795073 0.226 2459 3
0.00339522 0.00770522 0.226 2498 3
0.0049654 0.00750882 0.226 2514.7 3
0.00732066 0.00795073 0.226 2488.4 3
0.00952871 0.00795073 0.226 2469.75 3
0.0117368 0.00758247 0.226 2447.5 3
0.0136865 0.00745311 0.2258 2294.33 3
0.0153975 0.00762224 0.225 2211 3
-0.0174587 0.0101603 0.226 2503 3
-0.0156712 0.00973944 0.226 2461.93 3
-0.0136357 0.00969888 0.225444 2485.44 3
-0.0115449 0.00964683 0.2255 2469.12 3
-0.00958655 0.00964683 0.2255 2486.75 3
-0.00738337 0.00964682 0.2255 2496.4 3
-0.0051802 0.00964682 0.2255 2494.75 3
-0.00316809 0.00951293 0.225556 2504.22 3
-0.00101785 0.00939931 0.22544 2521.28 3
0.00118506 0.00940581 0.2256 2540.75 3
0.0031443 0.00940581 0.2256 2597.6 3
0.00510355 0.00940581 0.2256 2548.7 3
0.0073077 0.00940581 0.2256 2552.84 3
0.00951185 0.00940581 0.2256 2528.75 3
0.0114817 0.0094148 0.2258 2545.4 3
0.0136576 0.00939457 0.22532 2550.4 3
0.0155041 0.00911545 0.225 2503.45 3
-0.0179096 0.0116066 0.2255 1776.81 3
-0.0159159 0.0110931 0.225 2505.5 3
-0.0144504 0.0110931 0.225 2483.25 3
0.0114406 0.0110931 0.225 2610.62 3
0.0129061 0.0110931 0.225 2596.5 3
-0.0302164 0.0332382 0.226 1635.5 3
-0.0267816 0.0332382 0.226 2114 3
-0.0248188 0.0332382 0.226 2228.25 3
-0.0324943 0.0345827 0.2258 1017.5 3
-0.0308154 0.0340688 0.225 1099.67 3
-0.0317925 0.0377351 0.225 661 3
-0.0313039 0.0377351 0.225 823 3
-0.0317925 0.038224 0.225 618 3
-0.0313039 0.038224 0.225 717 3
-0.0319338 0.0406035 0.226 843 3
-0.0314431 0.040849 0.226 837 3
-0.0305711 0.0423791 0.225 812.75 3
-0.0261928 0.0495891 0.226 620.2 3
-0.0258003 0.0514059 0.226 671.375 3
-0.0247091 0.0516673 0.225 613 3
0.0374974 0.0514059 0.226 1388.25 3
0.0383085 0.0516673 0.225 1329.75 3
-0.0261544 0.0533389 0.225429 542.357 3
0.0388495 0.0536175 0.225714 1303.93 3
0.0408451 0.0539046 0.225 1253.54 3
0.0394602 0.0550885 0.226 1304.5 3
0.0409565 0.055448 0.225615 1123.46 3
0.0421589 0.055825 0.226 502.5 3
0.0019402 0.00405819 0.228 2236 3
0.00243522 0.00405819 0.228 2148 3
-0.00102994 0.00603964 0.228 2421.6 3
0.00151468 0.00561126 0.227857 2418.29 3
0.00310941 0.00544919 0.227231 2400.92 3
0.00498736 0.00556928 0.227 2316.4 3
0.00735305 0.00601315 0.227 2282.4 3
0.00957089 0.00601315 0.227 2192 3
-0.0220684 0.00752573 0.228 2557.33 3
-0.0200883 0.00752573 0.228 2490.83 3
-0.0176957 0.00777341 0.228 2392 3
-0.0157015 0.0075503 0.227615 2365.23 3
-0.0136331 0.007514 0.227667 2409.83 3
-0.0116559 0.007514 0.227667 2421.83 3
-0.00943151 0.007514 0.227667 2423.4 3
-0.00720717 0.007514 0.227667 2420.67 3
-0.00522997 0.007514 0.227667 2442.33 3
-0.00334841 0.00740685 0.2274 2455.6 3
-0.00102693 0.00700908 0.227333 2472.53 3
0.00119345 0.0070067 0.22725 2465 3
0.00301596 0.00695021 0.227 2471.6 3
0.00538165 0.00675293 0.227 2442 3
0.00735305 0.00699953 0.227 2504.47 3
0.0095709 0.00699953 0.227 2421.33 3
0.0110494 0.00724613 0.227 2448.25 3
-0.0218209 0.00888798 0.228 2117.5 3
-0.0200596 0.00899828 0.227667 2280.17 3
-0.0181719 0.00928988 0.22725 2431.19 3
-0.0161395 0.0088079 0.227 2437 3
-0.0135931 0.0084791 0.227 2477 3
-0.0116217 0.0084791 0.227 2453 3
-0.00940389 0.0084791 0.227 2442.4 3
-0.00718606 0.0084791 0.227 2437.75 3
-0.00521465 0.0084791 0.227 2480 3
-0.0037361 0.0084791 0.227 2506 3
-0.0262761 0.0313032 0.228 2634 3
-0.0240485 0.0313032 0.228 2440 3
-0.0339489 0.0332846 0.228 1749.5 3
-0.0324164 0.0327406 0.227667 2113.67 3
-0.0304838 0.0325416 0.228 2476.25 3
-0.0283787 0.0326455 0.227 2446.42 3
-0.0262978 0.0322974 0.227333 2598.4 3
-0.0243067 0.0321988 0.227333 2508.83 3
-0.0339489 0.03378 0.228 1241 3
-0.0323215 0.0336318 0.227 1260.25 3
-0.0283787 0.0336318 0.227 1619.25 3
-0.0259144 0.0336318 0.227 1950.5 3
-0.0329589 0.0369999 0.228 687.5 3
-0.0329589 0.0394767 0.228 635.25 3
-0.0321736 0.0401419 0.227 728.4 3
-0.0280087 0.0518608 0.228 710.75 3
-0.0269475 0.051476 0.2274 711 3
0.0351067 0.0521085 0.228 1868.33 3
0.0366131 0.0516861 0.227111 1554.33 3
-0.0279261 0.0527689 0.228 480.333 3
-0.0269001 0.0528663 0.227 593 3
0.0351067 0.0526038 0.228 1372.33 3
0.0369853 0.053711 0.227846 1298.77 3
0.0379933 0.0537253 0.2275 1304.75 3
0.0372106 0.0560714 0.228 686.25 3
0.038795 0.0558251 0.2275 1221.31 3
0.0375818 0.0573098 0.228 420 3
0.0388869 0.0575124 0.228 877.636 3
0.0407843 0.0575366 0.227917 974.75 3
-0.0227614 0.00409378 0.23 2277.5 3
-0.0150212 0.00409378 0.23 2301 3
-0.0137728 0.00409378 0.23 2326 3
-0.0115256 0.00409378 0.23 2332.2 3
-0.00927848 0.00409378 0.23 2288.25 3
-4.02427e-05 0.00409378 0.23 2328 3
0.00109666 0.00365207 0.229143 2269.71 3
-0.0260072 0.00571784 0.23 2261.12 3
-0.0242243 0.00558408 0.229667 2279.42 3
-0.0220958 0.00541851 0.22925 2303.19 3
-0.0198277 0.00562116 0.229615 2321.23 3
-0.0177419 0.00558408 0.229667 2318.92 3
-0.0156815 0.00550431 0.229538 2348.54 3
-0.0137349 0.00532772 0.229375 2342.44 3
-0.0115674 0.00529803 0.229789 2338.47 3
-0.00933973 0.00537936 0.229706 2363 3
-0.00727048 0.00558408 0.229667 2378 3
-0.00527591 0.00558408 0.229667 2412 3
-0.00328135 0.00558408 0.229667 2388.67 3
-0.000948147 0.00527069 0.229818 2352.73 3
0.00095454 0.00507328 0.229111 2393.33 3
-0.027755 0.0073419 0.23 2455.5 3
-0.0262569 0.00709204 0.23 2531.58 3
-0.024154 0.00730997 0.229 2499.25 3
-0.0221652 0.00656366 0.229 2317.5 3
-0.0196437 0.00677689 0.229 2359.57 3
-0.0178396 0.00701145 0.229 2345.2 3
-0.0157017 0.00656366 0.229 2345.25 3
-0.0137129 0.00656366 0.229 2373 3
-0.0117241 0.00656366 0.229 2364 3
-0.00948674 0.00656366 0.229 2409.6 3
-0.00724937 0.00656366 0.229 2414 3
-0.0052606 0.00656366 0.229 2421 3
-0.00327183 0.00656366 0.229 2418 3
-0.024154 0.00855381 0.229 1859.25 3
-0.0346164 0.0309507 0.2298 2520.2 3
-0.0325296 0.0310032 0.229714 2344.36 3
-0.0303737 0.0310323 0.229667 2578.83 3
-0.0283791 0.0310323 0.229667 2698.33 3
-0.0260849 0.0306015 0.2298 2643.7 3
-0.0242067 0.0302614 0.2295 2525.5 3
-0.0347536 0.0323737 0.229571 2179.86 3
-0.0326062 0.031938 0.229 2464.25 3
-0.0306175 0.031938 0.229 2593 3
-0.0286287 0.031938 0.229 2685.25 3
-0.0342467 0.0355754 0.23 643 3
-0.0342467 0.0368247 0.23 569 3
-0.0345796 0.0388236 0.23 507.167 3
-0.033248 0.0388235 0.23 577.25 3
-0.0342467 0.0400728 0.23 549.5 3
-0.0302518 0.0453198 0.23 663.75 3
-0.0302518 0.0480682 0.23 555 3
-0.0291259 0.0473616 0.229 582.167 3
-0.0301992 0.0494798 0.2296 457.8 3
-0.0288418 0.049565 0.229 698.714 3
-0.0287944 0.0514248 0.229 658.417 3
0.0350121 0.0535809 0.229 787.25 3
0.0360065 0.0538296 0.229 1027 3
0.0366694 0.0553222 0.229 730.833 3
0.0397354 0.0590537 0.229 640 3
0.0404812 0.0590538 0.229 688.5 3
-0.0134466 0.00136293 0.233 2224.25 3
-0.011423 0.00136293 0.233 2227.12 3
-0.00939951 0.00136293 0.233 2243 3
-0.007376 0.00136293 0.233 2253.5 3
-0.00535249 0.00136293 0.233 2282.5 3
-0.0403086 0.00384344 0.233 2351.6 3
-0.0385966 0.00345634 0.232786 2286.64 3
-0.0367803 0.00345507 0.232714 2224.21 3
-0.0346438 0.00363502 0.232667 2252.75 3
-0.0326232 0.00363502 0.232667 2242.08 3
-0.0305813 0.00312648 0.2325 2242.2 3
-0.0284186 0.00305394 0.232273 2275.82 3
-0.0262075 0.00314465 0.232182 2254.68 3
-0.0240876 0.00312179 0.2322 2276.5 3
-0.0219372 0.0030697 0.232263 2251.79 3
-0.0199542 0.00312179 0.2322 2253.45 3
-0.0179376 0.00312179 0.2322 2257.95 3
-0.0159512 0.00306709 0.232053 2287.74 3
-0.013726 0.00280678 0.231556 2306.67 3
-0.0114861 0.00291717 0.231444 2282.83 3
-0.00933899 0.00286198 0.2315 2274.5 3
-0.00732535 0.0031119 0.2314 2300 3
-0.00532908 0.00311975 0.232 2304.8 3
-0.00331754 0.00312179 0.2322 2295.4 3
-0.00109089 0.00307764 0.232 2303.33 3
0.000461118 0.00285688 0.231 2256 3
-0.0403086 0.00495714 0.233 2194 3
-0.0385577 0.00534354 0.2322 1971.27 3
-0.0365593 0.00538952 0.232 2161.62 3
-0.0345168 0.00538455 0.231812 2430.75 3
-0.0324245 0.00537128 0.23125 2333.94 3
-0.0304 0.00536879 0.231125 2359.56 3
-0.0283772 0.00536629 0.231 2351.12 3
-0.0266218 0.00498987 0.231 2264.62 3
-0.0243649 0.00461346 0.231 2286.25 3
-0.0216065 0.00461346 0.231 2291 3
-0.0198511 0.00461346 0.231 2327 3
-0.0178449 0.00461346 0.231 2281.75 3
-0.0160896 0.00461346 0.231 2303.33 3
-0.00731269 0.00461346 0.231 2321 3
-0.00530654 0.00461346 0.231 2352 3
-0.0033004 0.00461346 0.231 2346 3
-0.00129426 0.00461346 0.231 2304 3
-0.0383223 0.00664965 0.232 478 3
-0.0365593 0.00664965 0.232 817 3
-0.0341702 0.00687671 0.231167 1383.33 3
-0.0326403 0.00687193 0.231 1684.67 3
-0.0301326 0.0069974 0.231 2177.12 3
-0.028628 0.0069974 0.231 2410.25 3
-0.040511 0.0269274 0.233 522 3
-0.0387404 0.0269274 0.233 2044.75 3
-0.0367169 0.0269274 0.233 2457 3
-0.0349464 0.0269274 0.233 2469 3
-0.0243229 0.0269274 0.233 2614 3
0.00957092 0.0266743 0.233 2425.33 3
0.0105827 0.0266743 0.233 1790.5 3
-0.0403086 0.0277373 0.233 413.6 3
-0.0387343 0.0284251 0.232273 1254 3
-0.0365909 0.0283475 0.2322 2317.2 3
-0.0346547 0.0284338 0.232474 2534.79 3
-0.0325998 0.0286365 0.2325 2537.12 3
-0.0305587 0.0287843 0.232333 2596.75 3
-0.0284278 0.0285872 0.232556 2564.44 3
-0.026214 0.0286632 0.232353 2597.71 3
-0.0239604 0.0283609 0.2317 2537.55 3
-0.0226878 0.0282974 0.2318 2048.2 3
0.00552389 0.0286992 0.233 2824.17 3
0.00741859 0.028439 0.232706 2835.29 3
0.00915838 0.028277 0.232353 2455.35 3
0.0105373 0.0275679 0.232 1826.5 3
-0.0383223 0.0305922 0.232 603.083 3
-0.0367061 0.0305043 0.231333 1774.17 3
-0.0346464 0.0299585 0.231 2556.6 3
-0.0323895 0.0299584 0.231 2485.12 3
-0.0303833 0.0299584 0.231 2605.25 3
-0.0283772 0.0299585 0.231 2618.5 3
-0.0266218 0.0299585 0.231 2619.83 3
0.00751501 0.0298361 0.232 3015 3
0.00902613 0.0298361 0.232 2703.67 3
-0.0384875 0.0322428 0.233 330.333 3
-0.0366796 0.03248 0.2318 887.1 3
-0.0349716 0.0345511 0.2315 847.375 3
-0.0363075 0.0371449 0.232 386.667 3
-0.034947 0.0372931 0.23175 552.125 3
-0.0353987 0.0382395 0.231 504.5 3
-0.0325297 0.0436976 0.232 593.75 3
-0.0322322 0.0451448 0.231667 490.167 3
-0.0311356 0.0450149 0.231 633.5 3
-0.0316372 0.0470224 0.231 413.25 3
-0.0306341 0.0470224 0.231 567.667 3
-0.00284733 -0.000667657 0.235 2217 3
-0.0423894 0.00137463 0.235 2026.5 3
-0.041071 0.00137317 0.23475 2132.25 3
-0.0388686 0.000933655 0.234429 2148.93 3
-0.0369203 0.00120347 0.234833 2145.75 3
-0.034481 0.00137463 0.235 2194 3
-0.0322601 0.00116923 0.2348 2195.8 3
-0.0303346 0.000861134 0.2345 2181.06 3
-0.0283987 0.000933655 0.234429 2194.57 3
-0.0260748 0.00116572 0.2342 2208.6 3
-0.024225 0.000861134 0.2345 2206.38 3
-0.0221884 0.000861134 0.2345 2201.62 3
-0.0200149 0.000804729 0.234556 2234.83 3
-0.0177431 0.000917539 0.234444 2195.94 3
-0.0155696 0.000861134 0.2345 2185.25 3
-0.013562 0.000353488 0.235 2188 3
-0.0114977 0.000352736 0.2345 2178.38 3
-0.00943985 0.000351983 0.234 2205.5 3
-0.00743931 0.000353488 0.235 2238 3
-0.00537546 0.000351983 0.234 2246 3
-0.00335041 0.000861134 0.2345 2262.5 3
-0.00131301 0.000860758 0.23425 2160 3
-0.0447704 0.00327509 0.235 1309.56 3
-0.0430726 0.0031546 0.23455 1970.3 3
-0.0411151 0.00291229 0.234133 2183 3
-0.0391607 0.00238558 0.234 2156.83 3
-0.0366205 0.00238558 0.234 2190 3
-0.0348423 0.00238558 0.234 2233.62 3
-0.0328101 0.00238558 0.234 2203.62 3
-0.0444303 0.00469335 0.235 1083 3
-0.0429515 0.0053227 0.234583 2154 3
-0.0412655 0.00532704 0.234 1929.86 3
-0.0431548 0.00673564 0.235 2295.5 3
-0.00283522 0.0163666 0.234 2329.5 3
-0.00283522 0.0173834 0.234 2424 3
-0.0407421 0.025045 0.234333 1662.33 3
-0.039073 0.0251162 0.235 2404.5 3
-0.036777 0.0251162 0.235 2447.4 3
-0.034481 0.0251162 0.235 2498 3
-0.0329503 0.0251162 0.235 2449.5 3
-0.0291237 0.0251162 0.235 2535 3
0.00965307 0.024861 0.235 2583.67 3
0.0106735 0.024861 0.235 1913.5 3
-0.0407039 0.0260383 0.234111 1042.22 3
-0.0389621 0.0260625 0.234333 2319.67 3
-0.036837 0.026029 0.234385 2464.15 3
-0.0346725 0.026138 0.234308 2479.54 3
-0.0326674 0.0264806 0.234588 2467.18 3
-0.0303561 0.0266095 0.234667 2530.17 3
-0.0283282 0.0263638 0.23475 2540.5 3
-0.0263527 0.0267668 0.234556 2562.44 3
-0.0242249 0.0268503 0.234857 2584.71 3
-0.0224908 0.0269032 0.235 2279.17 3
-0.00106156 0.0264948 0.235 2744.1 3
0.00123443 0.0269032 0.235 2781.88 3
0.00327532 0.0269032 0.235 2778.88 3
0.00542184 0.0264493 0.234857 2787.57 3
0.00734143 0.0263354 0.2345 2776.88 3
0.00921289 0.0259974 0.2342 2634.3 3
0.0106281 0.025772 0.234 1787.5 3
-0.0340802 0.0275514 0.234 2524 3
-0.0325561 0.0275514 0.234 2537 3
-0.0305239 0.0279327 0.234 2589.38 3
-0.0282377 0.0275514 0.234 2542.25 3
-0.0262055 0.0275514 0.234 2579.75 3
-0.0249354 0.0275514 0.234 2628 3
-4.11175e-05 0.0279244 0.235 2813 3
0.00123443 0.0279244 0.235 2786.25 3
0.00326404 0.0278353 0.23425 2798.62 3
0.00529357 0.0278056 0.234 2797.38 3
0.0065637 0.0278056 0.234 2806 3
-0.0383077 0.0332854 0.235 465 3
-0.0377974 0.0332854 0.235 538 3
-0.0382425 0.0347565 0.2346 248.6 3
-0.0371011 0.0349746 0.234467 511.867 3
-0.0356044 0.0354315 0.234 631.5 3
-0.0366205 0.0364483 0.234 486.333 3
-0.0356044 0.0364483 0.234 578 3
-0.0213958 -0.00273301 0.237 2137.5 3
-0.0198522 -0.00273301 0.237 2149 3
-0.0183084 -0.00273301 0.237 2179.5 3
-0.0445511 -0.000673339 0.237 1113.5 3
-0.0424929 -0.000673339 0.237 2154.75 3
-0.0409492 -0.000673339 0.237 2200 3
-0.0388078 -0.000671918 0.2365 2179.38 3
-0.0368327 -0.000673339 0.237 2134.12 3
-0.0347744 -0.000673339 0.237 2139 3
-0.0325867 -0.00111429 0.236857 2144.86 3
-0.0305933 -0.00118683 0.2365 2139.06 3
-0.0284897 -0.00105846 0.236625 2150.5 3
-0.0260269 -0.000673339 0.237 2134.12 3
-0.0240351 -0.0012606 0.236571 2162.93 3
-0.0219813 -0.00112787 0.236222 2197.5 3
-0.0197684 -0.00118324 0.236 2234.06 3
-0.0177563 -0.00118683 0.2365 2227.12 3
-0.0157024 -0.00118683 0.2365 2185.94 3
-0.0136485 -0.00118683 0.2365 2186.62 3
-0.0115946 -0.00118683 0.2365 2137.25 3
-0.0095407 -0.00118683 0.2365 2165.25 3
-0.0074868 -0.00118683 0.2365 2165.75 3
-0.00543289 -0.00118683 0.2365 2159.75 3
-0.00355216 -0.00135895 0.236667 2161.67 3
-0.0014968 -0.00135895 0.236667 2100.33 3
-0.0444572 0.000868488 0.2365 1172.38 3
-0.043058 0.000697323 0.236333 1714.08 3
-0.0407764 0.000354992 0.236 2162.88 3
-0.0366773 0.000354992 0.236 2143.62 3
-0.0346277 0.000354992 0.236 2172.5 3
-0.0328344 0.000354992 0.236 2193.83 3
-0.0277104 0.000354992 0.236 2153 3
-0.0266857 0.000354992 0.236 2151.67 3
-0.0446194 0.005867 0.236 1292.75 3
-0.0449712 0.00755019 0.2365 1171.88 3
-0.0433996 0.00780152 0.236333 2333.5 3
-0.0451392 0.00951467 0.237 841.571 3
-0.043522 0.00936755 0.237 2283.5 3
-0.0455803 0.0114272 0.237 517.667 3
-0.00390069 0.0186361 0.237 2584 3
-0.00390069 0.0196659 0.237 2594.17 3
-0.00492981 0.0222405 0.237 2776.17 3
-0.00364341 0.0223692 0.237 2627.75 3
0.00819154 0.0227554 0.237 2630 3
0.00973523 0.022498 0.237 2137 3
0.0107644 0.0222405 0.237 1428.33 3
-0.0424929 0.0235277 0.237 1310 3
-0.0408628 0.0239909 0.2365 2187.56 3
-0.0388089 0.0239909 0.2365 2379.19 3
-0.036755 0.0239909 0.2365 2420.44 3
-0.0347011 0.0239909 0.2365 2497.12 3
-0.0327109 0.0240938 0.236429 2442.29 3
-0.0306038 0.0242567 0.236583 2481.42 3
-0.0283814 0.0242335 0.236714 2511.43 3
-0.0263857 0.0244602 0.236889 2496.22 3
-0.0239687 0.0248151 0.237 2540.75 3
-0.0219104 0.0248151 0.237 2266 3
-0.00492981 0.0232703 0.237 2778 3
-0.00330618 0.0238884 0.236571 2736.29 3
-0.0012272 0.0243076 0.236692 2720.62 3
0.00124494 0.0248151 0.237 2745.75 3
0.00356047 0.0245576 0.237 2724.17 3
0.00535552 0.024274 0.23675 2677.17 3
0.00746411 0.0241731 0.236538 2687.69 3
0.00939113 0.023794 0.236308 2582.54 3
0.0107341 0.0237176 0.236333 1975.67 3
-0.0320658 0.0254795 0.236 2468 3
-0.0305286 0.0254795 0.236 2515.12 3
-0.0282228 0.0252231 0.236 2521.33 3
-0.0262953 0.025686 0.236333 2522.33 3
-0.0242428 0.0257715 0.236333 2566 3
-0.0223161 0.0257274 0.2364 2332.2 3
-0.00285945 0.0252231 0.236 2723.5 3
-0.000786607 0.0256524 0.236091 2735 3
0.00124144 0.0257715 0.236333 2779.17 3
0.0032939 0.0257715 0.236333 2764.5 3
0.00508585 0.0254973 0.236167 2732.5 3
0.00738839 0.0252231 0.236 2740.25 3
0.00866937 0.0252231 0.236 2748 3
-0.023652 -0.00483312 0.239 2054.75 3
-0.0220501 -0.00534119 0.2385 1928.94 3
-0.0199359 -0.00481291 0.238 1989 3
-0.0177453 -0.00517256 0.238667 1724.58 3
-0.0441488 -0.00275607 0.239 2324 3
-0.0427403 -0.00320115 0.239 2450.43 3
-0.040887 -0.00320115 0.239 2230.79 3
-0.0387003 -0.00275607 0.239 2087.25 3
-0.0366246 -0.00275607 0.239 2133.12 3
-0.034549 -0.00275607 0.239 2099.25 3
-0.0322098 -0.00309456 0.238333 2084 3
-0.0303342 -0.00326957 0.2385 2104.94 3
-0.0282618 -0.00275031 0.2385 2105.75 3
-0.0262466 -0.00275607 0.239 2096 3
-0.0239305 -0.00309456 0.238333 2115.5 3
-0.0221751 -0.003434 0.238 2102.42 3
-0.0199359 -0.00377872 0.238 2120.88 3
-0.0176967 -0.003434 0.238 2106.67 3
-0.0159971 -0.00309456 0.238333 2133.42 3
-0.0137928 -0.00275607 0.239 2190 3
-0.0115286 -0.00309841 0.238667 2153.58 3
-0.00962139 -0.00326957 0.2385 2117.75 3
-0.00755011 -0.00326957 0.2385 2130.25 3
-0.00547883 -0.00326957 0.2385 2125 3
-0.00314865 -0.00326957 0.2385 2128 3
-0.000929407 -0.00319457 0.238429 2050.86 3
0.000475092 -0.00274454 0.238 1366 3
-0.0449272 -0.00171755 0.239 1556 3
-0.0433612 -0.00136564 0.238 2048.17 3
-0.041122 -0.00171037 0.238 2204.88 3
-0.0390551 -0.00171037 0.238 2142.12 3
-0.0369881 -0.00171037 0.238 2142.12 3
-0.0346628 -0.00171036 0.238 2106.9 3
-0.0276869 -0.00171037 0.238 2128.75 3
-0.0261367 -0.00171037 0.238 2120.88 3
-0.0447391 0.0104413 0.238 1185.5 3
-0.0437056 0.0104413 0.238 2237 3
-0.0462244 0.0125622 0.239 278 3
-0.0448144 0.0119101 0.2384 1164.1 3
-0.0436948 0.0116307 0.238143 2194.71 3
-0.0462244 0.0130814 0.239 124 3
-0.0447974 0.0137305 0.239 1133.5 3
-0.0436298 0.0136007 0.239 2313.67 3
-0.0449272 0.0151585 0.239 952 3
-0.00288368 0.0187147 0.238 2511.5 3
0.00826066 0.0187933 0.239 1186 3
0.00877957 0.0187933 0.239 1423 3
-0.0441488 0.0200915 0.239 1049.25 3
-0.0432406 0.0203511 0.239 2225.88 3
-0.00495061 0.0207831 0.238 2762 3
-0.00286585 0.0202061 0.238231 2607.31 3
-0.00128719 0.0205588 0.239 2620.6 3
0.00618504 0.0208704 0.239 2632 3
0.00769458 0.0203039 0.239 2226.36 3
0.00922259 0.0201962 0.2384 1352.7 3
0.150314 0.0205935 0.2388 843.2 3
0.151612 0.0198897 0.238667 1056.83 3
-0.0430649 0.0220284 0.238111 1690.72 3
-0.0409489 0.0221211 0.2385 2471.56 3
-0.0389368 0.0222783 0.238333 2407.42 3
-0.0369082 0.0222898 0.238385 2422.54 3
-0.034661 0.0224176 0.2385 2389.64 3
-0.0324281 0.0223962 0.238667 2413.58 3
-0.0303554 0.0223962 0.238667 2434.58 3
-0.0282826 0.0223962 0.238667 2466.67 3
-0.0262099 0.0223962 0.238667 2493.67 3
-0.0241537 0.0224122 0.238833 2530.42 3
-0.0220952 0.0229474 0.239 2436 3
-0.0205385 0.0224282 0.239 1796.17 3
-0.00495061 0.0213001 0.238 2746 3
-0.0027983 0.0218247 0.238083 2634.08 3
-0.000870258 0.0221825 0.2386 2677.47 3
0.0012544 0.0224042 0.23875 2680.17 3
0.00332963 0.0224202 0.238917 2669.83 3
0.0054596 0.0223187 0.238692 2642.85 3
0.00741141 0.0220603 0.2384 2621.93 3
0.00926365 0.0218271 0.238111 2168 3
0.150328 0.0215586 0.238 843.5 3
0.151361 0.0215586 0.238 1249.5 3
-0.0320791 0.0233685 0.238 2472.67 3
-0.0302706 0.0233685 0.238 2490.25 3
-0.0282036 0.0233685 0.238 2480 3
-0.0258783 0.0237563 0.238 2491.12 3
-0.0240863 0.023902 0.238167 2512.25 3
-0.0220336 0.0239183 0.238333 2344.08 3
-0.0205385 0.0234667 0.239 1677.5 3
-0.00210858 0.0233685 0.238 2758 3
-0.000558376 0.0236271 0.238 2752.33 3
0.0012509 0.0238938 0.238083 2716 3
0.00316597 0.0238634 0.2383 2689.2 3
0.00538407 0.0233685 0.238 2656.25 3
0.00719263 0.0233685 0.238 2647.67 3
-0.0450414 -0.006968 0.241 2056.33 3
-0.0434717 -0.006968 0.241 2109.67 3
-0.0238499 -0.006968 0.241 1840.75 3
-0.0471022 -0.0053938 0.240833 1959.67 3
-0.045139 -0.00537785 0.240125 1973.62 3
-0.0430308 -0.00537478 0.24 2354.25 3
-0.0410101 -0.00538399 0.240375 2077.75 3
-0.039148 -0.00507896 0.2408 2066.7 3
-0.0369311 -0.00487356 0.241 2041.5 3
-0.0348381 -0.00487356 0.241 2039.25 3
-0.0327452 -0.00487356 0.241 2062.25 3
-0.0306522 -0.00487356 0.241 2134.62 3
-0.0285591 -0.00487356 0.241 2055.88 3
-0.0264661 -0.00487356 0.241 2034.25 3
-0.0245131 -0.00556497 0.240667 2075.83 3
-0.0161528 -0.0052159 0.240667 2028.42 3
-0.0136466 -0.00487356 0.241 2078.3 3
-0.0112764 -0.00539043 0.240667 2103.5 3
-0.00944045 -0.00538707 0.2405 2136.5 3
-0.0073518 -0.00538707 0.2405 2128.25 3
-0.0051462 -0.00532776 0.240444 2114.89 3
-0.00291397 -0.00538706 0.2405 2115.75 3
-0.000937226 -0.00531371 0.240571 2064 3
0.00048108 -0.00487356 0.241 1782 3
-0.0469553 -0.00356058 0.24075 1658.25 3
-0.045254 -0.00336518 0.240143 2030.14 3
-0.0438124 -0.00381048 0.24 2529 3
-0.0401649 -0.00381048 0.24 2118 3
-0.0388622 -0.00381048 0.24 2076.88 3
-0.0367779 -0.00381048 0.24 2063.5 3
-0.0346936 -0.00381048 0.24 2058.25 3
-0.0331303 -0.00381048 0.24 2068 3
-0.0284407 -0.00381048 0.24 2065.38 3
-0.0263563 -0.00381048 0.24 2059.5 3
-0.0247931 -0.00381048 0.24 2088.25 3
-0.0154137 -0.00381048 0.24 2082.75 3
-0.0138505 -0.00381048 0.24 2127.75 3
-0.0122872 -0.00381047 0.24 2114.75 3
-0.0430308 0.0118326 0.24 2456.75 3
-0.0432101 0.0129291 0.241 2522.75 3
-0.0447934 0.0160399 0.240182 1228.27 3
-0.0438854 0.01577 0.2404 2264 3
-0.0021263 0.0167862 0.24 2018 3
-0.000823605 0.0167862 0.24 1605.5 3
0.0012607 0.0167862 0.24 1592 3
0.00308446 0.0167862 0.24 1811 3
-0.044818 0.017866 0.2405 1037.12 3
-0.0435341 0.0181368 0.240625 2331.12 3
-0.0021263 0.0180898 0.24 2448.75 3
-0.000823606 0.0180898 0.24 2405.75 3
0.0012607 0.0180898 0.24 2219.12 3
0.00329289 0.018142 0.24 2013.93 3
0.00542931 0.0183505 0.24 1766.17 3
0.00704464 0.0185591 0.24 1530 3
0.151962 0.0179034 0.241 670 3
-0.0427892 0.0197384 0.2404 2564.2 3
-0.0412493 0.0203038 0.2405 2457.83 3
-0.039809 0.0205214 0.241 2427 3
-0.0366188 0.0204923 0.240667 2433 3
-0.0347899 0.0204923 0.240667 2426.08 3
-0.0326998 0.0204923 0.240667 2416 3
-0.0306097 0.0204923 0.240667 2403.67 3
-0.0285197 0.0204923 0.240667 2434.92 3
-0.0264296 0.0204923 0.240667 2457 3
-0.0243395 0.0204923 0.240667 2482.92 3
-0.0221575 0.0203992 0.2408 2473.2 3
-0.0021263 0.0193934 0.24 2602 3
-0.000610438 0.0199622 0.24 2602.82 3
0.0012607 0.0201756 0.24 2554.94 3
0.003345 0.0201755 0.24 2571.06 3
0.0053772 0.0201234 0.24 2587.4 3
0.00704464 0.0197063 0.24 2265.2 3
0.150549 0.0196541 0.24 940 3
0.151776 0.0193023 0.2405 1028 3
-0.0403322 0.021045 0.241 2463 3
-0.0389431 0.0213924 0.2405 2437.5 3
-0.036817 0.0213706 0.24025 2433.25 3
-0.0346935 0.0214791 0.24 2375.5 3
-0.0326092 0.0214791 0.24 2408 3
-0.030525 0.0214791 0.24 2424.75 3
-0.0284407 0.0214791 0.24 2463.75 3
-0.0263564 0.0214791 0.24 2493.5 3
-0.0242721 0.0214791 0.24 2537.75 3
-0.0222892 0.0218768 0.240286 2483.21 3
-0.0207104 0.0213068 0.241 1947.25 3
-4.19924e-05 0.0214791 0.24 2597 3
0.0012607 0.0214791 0.24 2663.75 3
0.003345 0.0214791 0.24 2695.75 3
0.00516877 0.0214791 0.24 2671.33 3
-0.0509549 -0.00913764 0.243 606.25 3
-0.0498997 -0.00913764 0.243 1482.25 3
-0.0361824 -0.00913764 0.243 1808 3
-0.0345996 -0.00913764 0.243 1782.62 3
-0.0324893 -0.00913764 0.243 1553.88 3
-0.0303485 -0.00912823 0.24275 1059.88 3
-0.0289404 -0.00910003 0.242 630.5 3
-0.0169254 -0.00913764 0.243 1301 3
-0.0163978 -0.00913764 0.243 1417 3
-0.0509549 -0.00808173 0.243 421.25 3
-0.0493219 -0.00754655 0.24275 1519.31 3
-0.0471646 -0.00753932 0.2425 1762.19 3
-0.0450596 -0.0080651 0.2425 1907.12 3
-0.0427471 -0.00770904 0.242333 1924.5 3
-0.0408465 -0.00753932 0.2425 1946.12 3
-0.0386445 -0.00737779 0.243 1947.92 3
-0.03671 -0.00755378 0.243 1952.88 3
-0.0345458 -0.00754293 0.242625 1951.62 3
-0.0324893 -0.00755378 0.243 1960.12 3
-0.0303172 -0.00753878 0.2425 1972.62 3
-0.0281522 -0.00752269 0.242 1900 3
-0.0260636 -0.00752685 0.242125 1754.62 3
-0.0247881 -0.00753932 0.2425 1518.5 3
-0.0172672 -0.00726812 0.24225 1398.75 3
-0.0157098 -0.00747422 0.242857 1959.29 3
-0.013496 -0.00702582 0.243 2036.88 3
-0.0112 -0.00721966 0.2424 2027.2 3
-0.00925625 -0.00753932 0.2425 2042 3
-0.00715023 -0.00753932 0.2425 2072.75 3
-0.00504422 -0.00753932 0.2425 2068 3
-0.0029382 -0.00753932 0.2425 2050 3
-0.000832209 -0.00754294 0.242625 2041.75 3
0.000880764 -0.00781775 0.243 1911 3
-0.049169 -0.00541957 0.242 1580.94 3
-0.0386606 -0.00594535 0.242 2015.38 3
-0.0365589 -0.00594535 0.242 2042.75 3
-0.0344573 -0.00594535 0.242 2022 3
-0.0323556 -0.00594535 0.242 1991.88 3
-0.0302539 -0.00594535 0.242 2077.12 3
-0.0281522 -0.00594535 0.242 2070.88 3
-0.0263133 -0.00594535 0.242 2060.83 3
-0.0152795 -0.00594535 0.242 2092.83 3
-0.0134405 -0.00594535 0.242 2068.5 3
-0.012127 -0.00594535 0.242 2056 3
-4.23423e-05 -0.00594535 0.242 2032 3
0.000483076 -0.00594535 0.242 1894 3
-0.0492203 -0.00331933 0.24225 1103.5 3
-0.0475927 -0.00279067 0.242 1526 3
-0.0433894 0.0140343 0.242 2474.75 3
-0.0433894 0.0156116 0.242 2518.5 3
-0.0427471 0.0175632 0.242333 2504.58 3
-0.0382928 0.018316 0.243 2397 3
-0.0366355 0.0177514 0.2425 1283.56 3
-0.0346791 0.0179152 0.242333 1288.25 3
-0.0330169 0.018316 0.243 2384.75 3
-0.0295875 0.018316 0.243 2412.5 3
-0.0282686 0.018316 0.243 2382.38 3
-0.0261582 0.018316 0.243 2412.88 3
-0.0240479 0.018316 0.243 2462 3
-0.0219375 0.0183159 0.243 2499.5 3
-0.0200909 0.0183159 0.243 2193 3
0.150143 0.0179311 0.2428 676.9 3
0.151813 0.0179668 0.24275 1006.62 3
-0.0423385 0.0190292 0.242 2478.5 3
-0.0406318 0.0194736 0.242444 2401.33 3
-0.0387405 0.0198578 0.2425 2418.44 3
-0.0365589 0.0192921 0.242 2403.5 3
-0.0344573 0.0192921 0.242 2384.12 3
-0.0323556 0.0192921 0.242 2421.12 3
-0.030286 0.019312 0.24225 2427.88 3
-0.0281522 0.0192921 0.242 2398.25 3
-0.0260506 0.0192921 0.242 2405.62 3
-0.0239489 0.0192921 0.242 2464.25 3
-0.0216896 0.0195024 0.242 2418.9 3
-0.0201396 0.019555 0.242 1905.12 3
0.15049 0.0190292 0.242 694.5 3
0.151541 0.0190292 0.242 999.5 3
-0.0495753 -0.0105006 0.244 663.5 3
-0.0474577 -0.0110141 0.244538 1129.23 3
-0.045789 -0.0105436 0.245 1865 3
-0.0420655 -0.0105436 0.245 1886 3
-0.0404697 -0.0108097 0.245 1160.67 3
-0.0390236 -0.0108458 0.2446 460 3
-0.0373908 -0.0105006 0.244 195 3
-0.014937 -0.0110759 0.245 1173 3
-0.0140859 -0.010863 0.245 1627 3
-0.00429832 -0.0105436 0.245 2000 3
-0.0029685 -0.0105436 0.245 1988 3
-0.000840764 -0.0105436 0.245 1993 3
0.00128696 -0.0105436 0.245 1911 3
0.00261679 -0.0105436 0.245 1676 3
-0.0493104 -0.00957284 0.244 1543.88 3
-0.0473985 -0.00949051 0.244231 1835.54 3
-0.0452371 -0.00927176 0.244636 1770 3
-0.0427747 -0.00930156 0.245 1849.11 3
-0.0408288 -0.00951719 0.2446 1819.7 3
-0.0389225 -0.00939583 0.244091 1697.18 3
-0.0373908 -0.0094403 0.244 1488.67 3
-0.0153388 -0.00929468 0.244143 1823.29 3
-0.013669 -0.00942377 0.244818 1909.09 3
-0.0114794 -0.00921285 0.245 1967 3
-0.0093326 -0.00919404 0.2445 1993.5 3
-0.00722395 -0.00921284 0.245 2001.5 3
-0.00499442 -0.00927649 0.244333 1983.56 3
-0.00296042 -0.00945393 0.244333 2006 3
-0.000838476 -0.00945393 0.244333 2037.33 3
0.00112488 -0.00950966 0.2444 1938 3
0.00261679 -0.0100113 0.245 1364 3
-0.0395099 -0.00811499 0.244 1917.5 3
-0.014876 -0.00811499 0.244 1994.5 3
-0.0135516 -0.00811499 0.244 1991.25 3
-0.0116974 -0.00811499 0.244 2007.83 3
-0.0495753 -0.00175348 0.244 755.875 3
-0.0197244 0.0142082 0.245 1389.33 3
-0.0186605 0.0142082 0.245 1449 3
0.152356 0.0144744 0.245 328 3
-0.0427759 0.0157718 0.2445 2440.62 3
-0.0384503 0.0162708 0.244 624 3
-0.0343525 0.0163375 0.245 1308.5 3
-0.0277033 0.0163375 0.245 2444.5 3
-0.0263735 0.0163375 0.245 2421.25 3
-0.0242458 0.0163374 0.245 2431.75 3
-0.0219584 0.0161245 0.245 2416.4 3
-0.0199805 0.0157968 0.244875 2097.94 3
-0.0186224 0.0157718 0.2445 1440.75 3
0.15076 0.0160713 0.245 933.167 3
0.152143 0.0159686 0.244692 761.385 3
-0.0420655 0.017402 0.245 2459 3
-0.0409174 0.0178967 0.2445 2420.19 3
-0.0390653 0.0177693 0.2442 2161.7 3
-0.0342123 0.0173311 0.244 1450.75 3
-0.0325355 0.0177318 0.244667 2358.42 3
-0.0306889 0.017826 0.244571 2419 3
-0.0284148 0.0173488 0.24425 2411.12 3
-0.0262658 0.0173311 0.244 2424.5 3
-0.0241468 0.017331 0.244 2439.62 3
-0.0220277 0.017331 0.244 2462.5 3
-0.0199087 0.017331 0.244 2140.25 3
-0.0185843 0.017331 0.244 1585 3
0.15076 0.0171359 0.245 701 3
0.152122 0.01708 0.2442 934.6 3
-0.04651 -0.0127245 0.246 123 3
-0.0453117 -0.0127633 0.24675 378.75 3
-0.0433648 -0.0127417 0.246333 303 3
-0.00218831 -0.0127762 0.247 1911 3
-0.00084763 -0.0127762 0.247 1938.75 3
0.000493057 -0.0127762 0.247 1934 3
-0.04651 -0.0116556 0.246 1101.67 3
-0.0451579 -0.0114517 0.2462 1593.27 3
-0.0431655 -0.0113919 0.246071 1565.14 3
-0.041169 -0.0113884 0.246 1088.83 3
-0.0133342 -0.011287 0.246286 1786.57 3
-0.0115575 -0.0111519 0.246667 1882 3
-0.00941529 -0.0111519 0.246667 1918.33 3
-0.00727309 -0.0111519 0.246667 1952.33 3
-0.00520498 -0.0112033 0.246727 1982.73 3
-0.00289599 -0.0114932 0.246333 1973.11 3
-0.000845341 -0.0116721 0.246333 1963.58 3
0.000949148 -0.01151 0.246143 1914.29 3
0.00237002 -0.0114346 0.247 1842 3
-0.0449077 -0.0100522 0.246 1808.33 3
-0.0433054 -0.0100522 0.246 1858 3
-0.0128615 -0.0100522 0.246 1880 3
-0.0115263 -0.0100522 0.246 1932 3
-0.00938985 -0.0100522 0.246 1962.5 3
-0.00725343 -0.0100522 0.246 1993 3
-0.00538407 -0.0100522 0.246 2005.33 3
-0.0475035 -0.00177504 0.247 1054.75 3
-0.0429452 0.00681126 0.247 1314.5 3
-0.0418726 0.00681126 0.247 911.5 3
-0.044554 0.0100311 0.247 2437 3
-0.0440177 0.0100311 0.247 2278 3
-0.044554 0.0111044 0.247 2460 3
-0.0434814 0.0118199 0.247 2304.67 3
0.151991 0.012446 0.247 870 3
-0.0430383 0.0137318 0.246 2293.88 3
-0.0276613 0.0143243 0.247 2359.75 3
-0.0260525 0.0143243 0.247 2392.25 3
-0.0239074 0.0143243 0.247 2334 3
-0.022016 0.013778 0.246833 2197 3
-0.0209155 0.0137587 0.2465 1719.75 3
0.150771 0.0141073 0.246571 1050.86 3
0.152195 0.0137037 0.246818 906.545 3
-0.042323 0.0159009 0.2465 2350.75 3
-0.0413081 0.0159231 0.246833 2061.75 3
-0.0341263 0.0156181 0.24625 1634.25 3
-0.032422 0.0159009 0.2465 2354.81 3
-0.0302813 0.0159009 0.2465 2372.5 3
-0.0285039 0.0157877 0.2464 2407.3 3
-0.0264812 0.0153352 0.246 2393.5 3
-0.0243447 0.0153353 0.246 2398.62 3
-0.0224754 0.0153352 0.246 2378.83 3
0.150421 0.0155261 0.246 719 3
0.151909 0.015068 0.246 1015.5 3
-0.0135162 -0.013379 0.248222 1112.44 3
-0.0119131 -0.0131244 0.2485 1855 3
-0.00948527 -0.0128538 0.2485 1883 3
-0.00732059 -0.0128409 0.24825 1874 3
-0.00500892 -0.0133459 0.2486 1866.3 3
-0.00308708 -0.0134558 0.248727 1876.36 3
-0.000854449 -0.0136775 0.24875 1849.5 3
0.00110343 -0.0134617 0.2485 1891.88 3
0.00238601 -0.0134035 0.248667 1848.33 3
-0.0135045 -0.0122891 0.248 1420.67 3
-0.0116308 -0.0123015 0.24825 1882 3
-0.00948527 -0.0123139 0.2485 1875.25 3
-0.00732059 -0.0123015 0.24825 1889.5 3
-0.00515862 -0.0122891 0.248 1920.25 3
-0.00327406 -0.0122891 0.248 1928.67 3
0.00130272 -0.0122891 0.248 1905 3
0.00237961 -0.0122891 0.248 1860 3
-0.0444651 0.00737766 0.248 2108.38 3
-0.0428498 0.00791647 0.248 1440.75 3
-0.0412344 0.00791647 0.248 244 3
-0.0444652 0.00899411 0.248 2293 3
-0.0428498 0.00953291 0.248 1649.62 3
-0.0414007 0.0101123 0.249 362.25 3
-0.0322103 0.0101123 0.249 2165.5 3
-0.0305884 0.00957135 0.249 1756.56 3
-0.0284259 0.00957135 0.249 1756 3
-0.0262635 0.0101123 0.249 1545.88 3
-0.0246416 0.0101123 0.249 1536.25 3
0.150788 0.0103828 0.249 797 3
0.151329 0.0103828 0.249 1129 3
-0.0426703 0.0115086 0.248 2070.92 3
-0.0414007 0.0117353 0.249 1191.88 3
-0.0359946 0.0122763 0.249 1016.25 3
-0.034643 0.0122763 0.249 2061.17 3
-0.0325707 0.0119156 0.249 2282.17 3
-0.0305884 0.0117353 0.249 2271.56 3
-0.0284259 0.0117353 0.249 2279.12 3
-0.0262635 0.0117353 0.249 2252.62 3
-0.0240289 0.0116994 0.24825 2084.38 3
-0.0218504 0.0116882 0.248 1512.19 3
0.150654 0.0118774 0.2486 727.8 3
0.151955 0.0117999 0.248818 1066.09 3
0.153492 0.0117353 0.249 639.5 3
-0.0423114 0.0138434 0.248 1813.12 3
-0.0410515 0.0139087 0.2482 1151.5 3
-0.0359946 0.0133583 0.249 499.25 3
-0.0345735 0.0138703 0.2485 1575.25 3
-0.0326851 0.0138703 0.2485 2314.75 3
-0.0304656 0.0138434 0.248 2348.88 3
-0.02853 0.0136817 0.248333 2347.42 3
-0.026158 0.0133046 0.248 2366.25 3
-0.0240042 0.0133046 0.248 2306.62 3
0.150452 0.0130352 0.248 651 3
0.151529 0.0130352 0.248 1099 3
-0.0403195 0.0152517 0.249 882.667 3
-0.0131229 -0.0151645 0.251 1003 3
-0.0117605 -0.0151645 0.251 1710.75 3
-0.00958069 -0.0151645 0.251 1875.75 3
-0.00740086 -0.0151645 0.251 1870.25 3
-0.00522103 -0.0151645 0.251 1883 3
-0.00303292 -0.0151192 0.25025 1831.75 3
-0.000586589 -0.0153969 0.250333 1803.5 3
0.00104461 -0.0156897 0.250667 1794 3
0.00267848 -0.0155584 0.25075 1786 3
-0.0131229 -0.0146191 0.251 1128 3
-0.0115696 -0.0140953 0.2504 1832.7 3
-0.00955525 -0.0140371 0.250333 1882.75 3
-0.0073812 -0.0140371 0.250333 1875.83 3
-0.00548549 -0.0143281 0.250667 1867 3
-0.00303292 -0.0145754 0.25025 1824 3
-0.000857926 -0.0145609 0.25 1824 3
0.00104183 -0.0145609 0.25 1834.67 3
0.00327842 -0.0139531 0.2508 1747.1 3
0.00349832 -0.0124378 0.251 1743.5 3
-0.0485453 -0.000713114 0.251 1137 3
-0.0480003 -0.000713114 0.251 958 3
-0.0345108 0.00798032 0.25 1270.62 3
-0.0331538 0.00798032 0.25 1575.5 3
0.0202558 0.00773957 0.251 1852 3
0.0216182 0.00773957 0.251 1124.5 3
-0.0361391 0.0101529 0.25 905.25 3
-0.0345108 0.00960979 0.25 1581.75 3
-0.0327467 0.00933821 0.25 1694.38 3
0.0219392 0.00906664 0.25 1803.75 3
0.152597 0.00984231 0.25075 1075.38 3
0.153786 0.00982308 0.25025 733.75 3
-0.0361391 0.0112393 0.25 1407.75 3
-0.0345108 0.0112393 0.25 2129.75 3
-0.0331538 0.0112393 0.25 2256 3
0.152751 0.0109677 0.25 1137.5 3
0.153837 0.0109677 0.25 721.5 3
-0.0404814 0.0163993 0.25 1350.5 3
-0.0404814 0.0169425 0.25 1834 3
-0.00721358 -0.0194846 0.254 2321.5 3
-0.00611064 -0.0194846 0.254 2382.5 3
-0.0129528 -0.0177589 0.253 610 3
-0.0113262 -0.0172432 0.2535 1716.25 3
-0.00927288 -0.0175361 0.25375 1963.75 3
-0.00747458 -0.017795 0.2535 2033.12 3
-0.00538972 -0.0177113 0.253429 2004.93 3
-0.0030737 -0.0172602 0.25375 1894.5 3
-0.000704801 -0.0174571 0.2534 1814 3
0.00105642 -0.017795 0.2535 1786.17 3
0.00298277 -0.017795 0.2535 1714.06 3
0.00499709 -0.0175997 0.253333 1132.67 3
-0.0129016 -0.0160462 0.252 1180 3
-0.0115338 -0.0160462 0.252 1750.33 3
-0.00961887 -0.0160462 0.252 1881.25 3
-0.00743034 -0.0160462 0.252 1907.62 3
-0.00524182 -0.0160462 0.252 1894.88 3
-0.0030533 -0.0160462 0.252 1865.25 3
-0.00113835 -0.0160462 0.252 1819.67 3
0.00351225 -0.0160462 0.252 1780 3
0.00524474 -0.0156511 0.252571 1654.71 3
0.00684896 -0.0150698 0.254 766 3
0.00499853 -0.0139284 0.253333 1995.17 3
0.00354012 -0.0117587 0.254 1724 3
0.00464308 -0.0125865 0.254 1790.5 3
-0.0509272 -0.000715956 0.252 534 3
-0.0497235 -0.00115396 0.252 1271.1 3
-0.0509272 0.000379059 0.252 227 3
-0.0494421 0.000848352 0.252 1285.93 3
-0.0481915 0.000926567 0.252 1290.25 3
-4.4092e-05 0.000926567 0.252 1912 3
0.000503038 0.000926567 0.252 1789 3
-0.0509272 0.0031166 0.252 296 3
-0.0495882 0.00298481 0.2525 1326.81 3
0.00132899 0.00257928 0.253 2145 3
0.00243719 0.00314133 0.254 2125.5 3
0.0159483 0.00369319 0.254 2022.83 3
0.0176027 0.00369319 0.254 1452.5 3
0.153211 0.00395348 0.253 801 3
0.154363 0.00306466 0.253909 1027.64 3
0.155471 0.00314133 0.254 875.75 3
-0.0509272 0.00475912 0.252 307.5 3
-0.0494421 0.00522841 0.252 1450.5 3
-0.0481915 0.00530662 0.252 1131 3
0.0115365 0.0059006 0.254 2133.17 3
0.0135616 0.00541762 0.253571 2093.43 3
0.0156417 0.00533712 0.2535 2051.38 3
0.0178072 0.00532714 0.253 1893.62 3
0.0195348 0.0055851 0.25225 1173 3
0.153211 0.00532768 0.253 842.5 3
0.154315 0.00540425 0.253091 1150.91 3
0.155471 0.00452096 0.254 942 3
0.012315 0.00697672 0.253 2162.5 3
0.0136883 0.00697672 0.253 2097.17 3
0.0155637 0.00695604 0.25225 2070.5 3
0.0178549 0.00741844 0.252 2057.07 3
0.0195158 0.0072229 0.252 1950.12 3
0.152926 0.00761776 0.252143 989.429 3
0.154085 0.00741423 0.252333 1114.44 3
0.152878 0.00886542 0.252 1007.5 3
0.153973 0.00886542 0.252 1109.5 3
-0.00727038 -0.0232533 0.256 1876 3
-0.00560294 -0.0232533 0.256 1793 3
-0.0131064 -0.0210285 0.256 1012.5 3
-0.011439 -0.0210285 0.256 1976 3
-0.0093547 -0.0214456 0.256 1959.5 3
-0.00745701 -0.0220438 0.255455 2106.55 3
-0.00548696 -0.0220126 0.2558 1998.1 3
-0.00393549 -0.0210285 0.256 1754 3
0.0032901 -0.0214457 0.256 1139.62 3
0.00467964 -0.0210285 0.256 585 3
-0.0130723 -0.019865 0.255333 1110.17 3
-0.011439 -0.0199161 0.256 1850.5 3
-0.00940883 -0.0199651 0.2552 2037.1 3
-0.0076849 -0.0204478 0.255 2240.5 3
-0.0052417 -0.0201428 0.255077 2145 3
-0.00319099 -0.0197137 0.255778 1857.78 3
-0.000878515 -0.019638 0.256 1770.12 3
0.00106333 -0.0195869 0.255333 1759.33 3
0.00300435 -0.019865 0.255333 1698.25 3
0.00466744 -0.019865 0.255333 1290.83 3
-0.0113943 -0.0184533 0.255 1578.38 3
-0.00973338 -0.0184533 0.255 1954 3
-0.00447376 -0.0184533 0.255 1986 3
-0.00308965 -0.0184533 0.255 1913.62 3
-0.0011519 -0.0184533 0.255 1828.33 3
0.00576864 -0.012913 0.255 2276.5 3
0.00745197 -0.0135061 0.25575 1213.56 3
0.00467964 -0.0118513 0.256 1789 3
0.0144064 0.00149747 0.256 2009 3
0.015518 0.00149747 0.256 1603.17 3
0.154699 0.00149162 0.255 929 3
0.155806 0.00149162 0.255 947 3
0.00356104 0.0031588 0.2555 2097.5 3
0.00467964 0.00372226 0.256 2126 3
0.0116273 0.00372226 0.256 2104.17 3
0.0136686 0.00323929 0.255571 2046.5 3
0.0155798 0.00282332 0.2552 1901.5 3
0.0171183 0.00259967 0.255 995 3
0.00355407 0.00481577 0.255 2130 3
0.00522631 0.00482522 0.2555 2113.5 3
0.00745197 0.00538505 0.25575 2134.5 3
0.00954125 0.00545704 0.255429 2136.93 3
0.0113153 0.00482049 0.25525 2116 3
0.0126892 0.00481577 0.255 2100 3
-0.0114979 -0.0239339 0.257333 942.917 3
-0.0092821 -0.0239804 0.257833 1546.67 3
-0.00731844 -0.0242444 0.257667 1710.17 3
-0.00563067 -0.0239328 0.257333 1682.67 3
-0.00396624 -0.023435 0.258 1677 3
0.00135525 -0.0239955 0.258 939.167 3
0.00247557 -0.023435 0.258 630 3
-0.0131576 -0.0219482 0.257 701 3
-0.0114837 -0.0222274 0.257 1709.17 3
-0.00954027 -0.0223891 0.25725 1903.75 3
-0.0045147 -0.0222569 0.257333 1738.33 3
-0.00312069 -0.0218587 0.257583 1723.33 3
-0.000884233 -0.021726 0.257667 1671.58 3
0.00112305 -0.0219037 0.257364 1633 3
0.00246917 -0.0222569 0.257333 1321 3
-0.0028349 -0.0205523 0.257 1787.67 3
-0.000881945 -0.0205523 0.257 1744.25 3
0.001071 -0.0205523 0.257 1736.67 3
0.0058252 -0.0113602 0.2575 2133.25 3
0.00750241 -0.0113602 0.2575 2137.12 3
0.00919745 -0.0113833 0.258 723.25 3
0.0122783 0.00150917 0.258 2040 3
0.0136517 0.000946428 0.2575 1973.67 3
0.0150206 0.00038658 0.257 1242 3
0.00544944 0.00299571 0.257333 2119.33 3
0.00731083 0.00336796 0.257333 2147 3
0.00959002 0.00346017 0.25725 2132.5 3
0.0112523 0.00284953 0.2576 2096.5 3
0.0127887 0.00262007 0.257 2052 3
-0.00879523 -0.0278533 0.26 593.5 3
-0.0110107 -0.0254954 0.259 1037.75 3
-0.00934173 -0.0261094 0.2595 1348 3
-0.00738398 -0.0255938 0.26 1547.67 3
-0.00625498 -0.0255938 0.26 1556.5 3
-0.000892241 -0.0255938 0.26 605.75 3
-0.00511212 -0.0244012 0.259333 1613.17 3
-0.00307025 -0.0242081 0.259727 1627.64 3
-0.000891096 -0.0241512 0.259667 1539.92 3
0.000518342 -0.0241512 0.259667 1359.67 3
-0.00285696 -0.0229631 0.259 1692.33 3
-0.000888808 -0.0229631 0.259 1620.75 3
0.000517011 -0.0229631 0.259 1619 3
0.00473448 -0.0108647 0.259 1609 3
0.00588175 -0.00977688 0.26 1801 3
0.00755061 -0.00946368 0.259167 2269 3
0.00951426 -0.00945795 0.259 1567.44 3
0.0106389 -0.00945795 0.259 281.667 3
0.0076589 -0.00807151 0.259667 2114.67 3
0.00933571 -0.00773966 0.259727 2273 3
0.0112399 -0.00741962 0.259889 975.111 3
0.0120348 -0.00542726 0.26 1043 3
0.012938 -0.00497535 0.26 231.333 3
0.0120912 -0.00271579 0.26 1982.83 3
0.0132026 -0.00271303 0.259667 784.333 3
0.0117984 -0.0010205 0.259778 2169 3
0.0134561 -0.00101788 0.259111 1480.11 3
0.00305925 0.00152086 0.26 1346 3
0.00531725 0.00152086 0.26 1815.5 3
0.007293 0.00152087 0.26 2097.33 3
0.00943032 0.00129374 0.2598 2109.6 3
0.0113804 0.000872561 0.259429 2096.14 3
0.0128882 0.000389589 0.259 2044.5 3
0.00810844 0.00264045 0.259 2117 3
0.00923309 0.00264045 0.259 2109 3
-0.00714162 -0.028014 0.2615 1196.75 3
-0.00741238 -0.0268264 0.261 1515.67 3
-0.00543889 -0.0263099 0.2615 1530.92 3
-0.00317447 -0.0257907 0.262 1496.12 3
-0.00175237 -0.0257907 0.262 1067.5 3
0.00514881 -0.00953096 0.261 1432.67 3
0.00590437 -0.00839685 0.261 1488 3
0.00716685 -0.00718905 0.261286 1783.43 3
0.00930439 -0.00669566 0.261 2322.75 3
0.0107211 -0.00669566 0.261 2164 3
0.00757059 -0.00580585 0.2618 1825.6 3
0.00937013 -0.00533967 0.261267 2252 3
0.0112311 -0.00510789 0.261 2083.1 3
0.00791794 -0.00216745 0.262 2284 3
0.00952498 -0.00295207 0.261692 2304 3
0.0112311 -0.00317989 0.261 2424.1 3
0.00743036 -0.000866344 0.262 2172.57 3
0.00931843 -0.00102706 0.261417 2217.33 3
0.0107211 -0.00102506 0.261 2224 3
0.00137101 0.00152672 0.261 1874 3
0.00534684 0.000393349 0.2615 1594.5 3
0.00732105 0.000392596 0.261 2098 3
0.00902106 0.000392596 0.261 2108.67 3
-0.00518513 -0.0296032 0.263 535 3
-0.00348017 -0.0296783 0.263667 731 3
-0.00512803 -0.0283461 0.263 1345.5 3
-0.0032453 -0.0281323 0.263133 1257.47 3
-0.00175905 -0.027889 0.263 440.333 3
-0.00461412 -0.0267462 0.263 1539 3
-0.00318659 -0.0267462 0.263 1342.5 3
-0.00175905 -0.0267462 0.263 500 3
0.00366557 -0.0110325 0.263 1345 3
0.00328954 -0.00951985 0.263333 1339.33 3
0.0048076 -0.0087469 0.263 1239 3
0.00538774 -0.00733229 0.2635 1427.33 3
0.00573844 -0.00550606 0.2638 1958.4 3
0.00722171 -0.00495597 0.263286 1941.71 3
0.00851917 -0.00446135 0.263 2068 3
0.00573844 -0.00287063 0.2638 2132.8 3
0.00733995 -0.00311763 0.263545 2306.91 3
0.00851917 -0.00331854 0.263 2204 3
0.00538165 -0.00103393 0.263167 1714.67 3
0.00709165 -0.00160432 0.263 2204 3
-0.0260352 -0.00884667 0.266 936.167 3
-0.0248802 -0.00884667 0.266 1206.5 3
0.00254273 -0.00881341 0.265 1477 3
-0.0254577 -0.00769082 0.266 1723 3
-0.0248802 -0.00769082 0.266 1695 3
0.00139377 -0.00738258 0.265333 1708.67 3
0.00311968 -0.0073783 0.265167 1238 3
0.00139727 -0.00624601 0.266 1534 3
0.00320638 -0.00549383 0.265571 1528.86 3
0.00484415 -0.00507103 0.265 2129.33 3
0.00370041 -0.00306166 0.2655 1278.5 3
0.00484415 -0.00334377 0.265 1990.67 3
0.00369809 -0.0010428 0.265333 965.333 3
0.00369344 0.000398613 0.265 929 3
-0.0238143 -0.00946003 0.267 1010.08 3
-0.0221024 -0.00947257 0.267333 1422.58 3
-0.0201021 -0.00948715 0.26775 1378.38 3
-0.0237315 -0.00759542 0.267 1722.86 3
-0.0220752 -0.00742968 0.267 1724.56 3
-0.020626 -0.00742968 0.267 1439.5 3
-0.0232346 -0.00626949 0.267 1812 3
-0.0220752 -0.00626949 0.267 1747.33 3
-0.020626 -0.00626949 0.267 1443 3
-4.67165e-05 -0.0045292 0.267 1972 3
0.00127831 -0.00502643 0.267 1414.86 3
0.00256192 -0.0045292 0.267 1232 3
-4.67165e-05 -0.0039491 0.267 1916 3
0.00111268 -0.0039491 0.267 1365.33 3
0.00256192 -0.00336901 0.267 1000.67 3
0.00258111 -0.00222536 0.269 930 3
0.00258111 -0.00105647 0.269 932.667 3
0.00141829 0.000406135 0.27 1157 3
0.00259071 0.000406134 0.27 940 3
0.00142354 -0.00283069 0.271 1093.33 3
0.00142704 -0.00106623 0.271667 1021.33 3
0.177364 -0.0488805 0.286 694.571 3
0.179469 -0.0490727 0.2866 654.8 3
0.180655 -0.0497641 0.287 541 3
0.175679 -0.0467945 0.286 500 3
0.177541 -0.0471051 0.286 787 3
0.178938 -0.0472605 0.286 384 3
0.175679 -0.0455517 0.286 669.667 3
0.177231 -0.0455517 0.286 666.5 3
0.181914 -0.0526224 0.289 869 3
0.183587 -0.0528317 0.289 570.333 3
0.179721 -0.0515018 0.288 675.625 3
0.181661 -0.051368 0.2883 725 3
0.18316 -0.0515018 0.288 163 3
0.185068 -0.0548833 0.291 870 3
0.182541 -0.053935 0.291 574.5 3
0.183804 -0.053935 0.291 841.333 3
0.185068 -0.0542511 0.291 795 3
