-0.0334064 -0.0729824 0.242 2
-0.0318302 -0.0729824 0.242 2
-0.0334064 -0.071405 0.242 2
-0.0320929 -0.0715365 0.242 2
-0.0463345 -0.0733491 0.244833 2
-0.0434831 -0.0733205 0.244 2
-0.0405694 -0.0733205 0.244 2
-0.0375953 -0.0732003 0.2436 2
-0.0351272 -0.07302 0.243 2
-0.0303789 -0.07302 0.243 2
-0.0283648 -0.07327 0.243833 2
-0.0254712 -0.0733205 0.244 2
-0.0225463 -0.073345 0.244714 2
-0.0459811 -0.0704826 0.244913 2
-0.0434988 -0.0704554 0.244333 2
-0.0405694 -0.0706699 0.244 2
-0.0375375 -0.0705668 0.243875 2
-0.0346811 -0.0703669 0.2432 2
-0.0313218 -0.0702928 0.243156 2
-0.0283499 -0.0705927 0.244231 2
-0.0255188 -0.0705349 0.244457 2
-0.0230921 -0.0706133 0.244857 2
-0.046169 -0.0676516 0.245 2
-0.0433953 -0.0674995 0.245 2
-0.0403767 -0.0676076 0.244433 2
-0.0374627 -0.0676182 0.244472 2
-0.0345299 -0.0675897 0.244367 2
-0.0315703 -0.0675043 0.244056 2
-0.0285518 -0.0675939 0.244818 2
-0.025645 -0.0675921 0.245 2
-0.0237138 -0.068298 0.245 2
-0.0428634 -0.0645719 0.245 2
-0.0404035 -0.0647365 0.244846 2
-0.0375441 -0.0645719 0.245 2
-0.0346261 -0.0645725 0.244643 2
-0.0315247 -0.0645304 0.244032 2
-0.0287462 -0.064664 0.244828 2
-0.0261075 -0.0659026 0.245 2
-0.0429882 -0.061328 0.2448 2
-0.0405199 -0.061546 0.244176 2
-0.0375441 -0.0613781 0.245 2
-0.03448 -0.0613739 0.244697 2
-0.0316662 -0.0615677 0.244538 2
-0.0296031 -0.0619485 0.245 2
-0.0427304 -0.0586501 0.245 2
-0.0404605 -0.0586034 0.244724 2
-0.0375441 -0.0584505 0.245 2
-0.0343525 -0.0584505 0.245 2
-0.0316928 -0.0584505 0.245 2
-0.0423314 -0.0565875 0.245 2
-0.0403177 -0.0559411 0.245 2
-0.0376944 -0.0558353 0.245 2
-0.0342899 -0.0556011 0.245 2
-0.0320474 -0.0559664 0.245 2
-0.0338205 -0.0536598 0.245 2
-0.0493805 -0.0750269 0.247 2
-0.0185446 -0.0750269 0.247 2
-0.0170044 -0.0753307 0.248 2
-0.0525418 -0.0731754 0.248 2
-0.0494269 -0.0733335 0.2466 2
-0.0196274 -0.0734131 0.246353 2
-0.0170044 -0.0734448 0.248 2
-0.0521829 -0.0706609 0.248 2
-0.0496538 -0.0704601 0.246706 2
-0.0473111 -0.0707146 0.246 2
-0.0216743 -0.0704474 0.246 2
-0.0196378 -0.0705438 0.247278 2
-0.0172352 -0.0704044 0.248 2
-0.0517342 -0.0676974 0.248 2
-0.0494184 -0.0675475 0.246733 2
-0.0468661 -0.0665279 0.246 2
-0.0446407 -0.0661716 0.246 2
-0.0244783 -0.0667061 0.246 2
-0.0223766 -0.0674631 0.246345 2
-0.0196957 -0.0675575 0.247697 2
-0.0175428 -0.0683261 0.248 2
-0.0511957 -0.0653626 0.248 2
-0.0493081 -0.0647227 0.247462 2
-0.046622 -0.0644702 0.246286 2
-0.0446406 -0.0645682 0.246 2
-0.0275112 -0.0642628 0.246 2
-0.0254096 -0.0644276 0.246343 2
-0.0223536 -0.0645754 0.2472 2
-0.0200638 -0.0648482 0.248 2
-0.0486993 -0.0617812 0.2479 2
-0.0466505 -0.0614898 0.246733 2
-0.0446406 -0.0616286 0.246 2
-0.0304869 -0.0602925 0.246 2
-0.0283426 -0.0614205 0.246375 2
-0.0255495 -0.0613863 0.246973 2
-0.0223729 -0.0615495 0.247833 2
-0.0205043 -0.0615909 0.248 2
-0.0488266 -0.0579269 0.248 2
-0.0466417 -0.0583971 0.246786 2
-0.0442846 -0.0581546 0.246 2
-0.0304869 -0.0584218 0.246 2
-0.0287054 -0.0583667 0.2465 2
-0.0255501 -0.0581998 0.247333 2
-0.0225446 -0.0585 0.247903 2
-0.0205043 -0.0591662 0.248 2
-0.0490159 -0.0553642 0.247867 2
-0.0465434 -0.0553042 0.246903 2
-0.0436426 -0.0554025 0.246071 2
-0.0407951 -0.054734 0.246 2
-0.0372968 -0.0552595 0.246 2
-0.035561 -0.0544133 0.246 2
-0.0311781 -0.0553565 0.246 2
-0.0287323 -0.0554391 0.247 2
-0.0257157 -0.0554522 0.248 2
-0.0234119 -0.0561488 0.248 2
-0.048965 -0.0527389 0.248 2
-0.0465671 -0.0523656 0.247514 2
-0.0433363 -0.0525767 0.246379 2
-0.0403679 -0.0525426 0.246 2
-0.0374303 -0.0525426 0.246 2
-0.0345595 -0.0523756 0.246 2
-0.0315551 -0.0525426 0.246 2
-0.0287607 -0.0525124 0.246871 2
-0.0255298 -0.0525217 0.247849 2
-0.0229572 -0.051952 0.248 2
-0.0485035 -0.0502757 0.248 2
-0.0464071 -0.0495611 0.247893 2
-0.0434998 -0.0495554 0.2471 2
-0.0404686 -0.049457 0.246611 2
-0.0374661 -0.0493816 0.246233 2
-0.0344927 -0.049603 0.246 2
-0.0314052 -0.0494228 0.246629 2
-0.0285137 -0.049573 0.246968 2
-0.0256042 -0.0494446 0.247152 2
-0.0230382 -0.0495943 0.248 2
-0.0485035 -0.0462346 0.248 2
-0.0466412 -0.0465766 0.247938 2
-0.0435173 -0.0466231 0.2472 2
-0.0405319 -0.0465848 0.247 2
-0.0375824 -0.0465848 0.247 2
-0.0345633 -0.046757 0.2465 2
-0.0314153 -0.0465848 0.247 2
-0.0284658 -0.0465848 0.247 2
-0.0255414 -0.0464722 0.247629 2
-0.0234119 -0.046935 0.248 2
-0.0485035 -0.0440793 0.248 2
-0.0463467 -0.0436465 0.247419 2
-0.0434698 -0.0436218 0.246933 2
-0.0405319 -0.0436332 0.247 2
-0.0375824 -0.0436332 0.247 2
-0.0345642 -0.0435455 0.2465 2
-0.031386 -0.043594 0.246778 2
-0.0284771 -0.0436504 0.2471 2
-0.0256454 -0.043564 0.247839 2
-0.023238 -0.0437063 0.248 2
-0.046125 -0.0407582 0.247875 2
-0.0435113 -0.0404396 0.247167 2
-0.0405363 -0.0404178 0.247028 2
-0.0375876 -0.0404187 0.247033 2
-0.034602 -0.0403762 0.246778 2
-0.0314357 -0.0404401 0.247167 2
-0.0285731 -0.0405657 0.247933 2
-0.026018 -0.0408249 0.248 2
-0.023735 -0.0419241 0.248 2
-0.0458113 -0.0386912 0.248 2
-0.0432629 -0.0376935 0.24796 2
-0.0404572 -0.037625 0.247808 2
-0.0376866 -0.0375641 0.24768 2
-0.0346329 -0.0374619 0.247 2
-0.0315077 -0.0375723 0.247733 2
-0.028581 -0.0376135 0.248 2
-0.0267349 -0.0379214 0.248 2
-0.0423113 -0.0357277 0.248 2
-0.0401331 -0.034846 0.248 2
-0.0374653 -0.03465 0.248 2
-0.0345039 -0.03465 0.248 2
-0.0315425 -0.03465 0.248 2
-0.0291194 -0.0349195 0.248 2
-0.0398884 -0.0314171 0.248 2
-0.0374654 -0.0314171 0.248 2
-0.0345039 -0.0314171 0.248 2
-0.0315425 -0.0314171 0.248 2
-0.0291912 -0.0314351 0.248 2
-0.0393499 -0.0284536 0.248 2
-0.03767 -0.0286045 0.248 2
-0.0345039 -0.0292619 0.248 2
-0.0315424 -0.0292619 0.248 2
-0.0393499 -0.0268372 0.248 2
-0.038273 -0.0268372 0.248 2
-0.0154511 -0.0753639 0.249 2
-0.0135459 -0.0754425 0.2498 2
-0.0574801 -0.0731702 0.25075 2
-0.0554509 -0.0729764 0.249778 2
-0.0154511 -0.0734705 0.249 2
-0.0133429 -0.0735117 0.250062 2
-0.0579503 -0.0702697 0.2509 2
-0.055343 -0.0705034 0.249786 2
-0.0532943 -0.0702245 0.249 2
-0.0158836 -0.070495 0.249 2
-0.0134654 -0.070584 0.249903 2
-0.0577676 -0.0676844 0.251 2
-0.0554096 -0.0675187 0.250172 2
-0.0529854 -0.0672877 0.249 2
-0.0186948 -0.0664376 0.249 2
-0.0163095 -0.0673257 0.249143 2
-0.013739 -0.0675782 0.250111 2
-0.0572646 -0.0645172 0.251 2
-0.0555942 -0.0645037 0.250571 2
-0.0526367 -0.0645584 0.249357 2
-0.0505912 -0.0637327 0.249 2
-0.0190552 -0.0642737 0.249 2
-0.016626 -0.0645857 0.249471 2
-0.0143685 -0.064673 0.251 2
-0.0572646 -0.0615179 0.251 2
-0.0554721 -0.0615297 0.250556 2
-0.0524556 -0.0614984 0.249971 2
-0.0499882 -0.0615271 0.249 2
-0.0192355 -0.0615687 0.249 2
-0.0165831 -0.0614892 0.249778 2
-0.014667 -0.0616997 0.251 2
-0.0572646 -0.0598819 0.251 2
-0.0553689 -0.0585946 0.250565 2
-0.0525049 -0.0585987 0.249929 2
-0.049983 -0.0587285 0.249 2
-0.021452 -0.0575654 0.249 2
-0.0193856 -0.0585031 0.249 2
-0.0165464 -0.0585129 0.25025 2
-0.0147578 -0.0585186 0.251 2
-0.0552283 -0.0555863 0.250636 2
-0.0526386 -0.0555964 0.249444 2
-0.0505912 -0.0556178 0.249 2
-0.0243713 -0.0548064 0.249 2
-0.0222737 -0.0554663 0.249 2
-0.0194735 -0.0555795 0.24937 2
-0.0169276 -0.0555911 0.25031 2
-0.0548123 -0.0527926 0.251 2
-0.0525973 -0.0526136 0.249621 2
-0.0503209 -0.0523719 0.249 2
-0.0219085 -0.0531233 0.249 2
-0.019373 -0.052615 0.249848 2
-0.016714 -0.0525573 0.25092 2
-0.0524433 -0.0496101 0.250333 2
-0.0495775 -0.0493373 0.249067 2
-0.0216344 -0.0492274 0.249 2
-0.0193581 -0.0495784 0.250114 2
-0.0172101 -0.0495205 0.251 2
-0.0523058 -0.0465691 0.250444 2
-0.0498477 -0.0464831 0.249333 2
-0.0221383 -0.0463269 0.249 2
-0.0192645 -0.0465574 0.250281 2
-0.0172101 -0.0478845 0.251 2
-0.0521711 -0.0437404 0.250692 2
-0.0495095 -0.0433004 0.249333 2
-0.0219139 -0.0432489 0.249 2
-0.0194071 -0.0436112 0.250412 2
-0.0517469 -0.0404687 0.250667 2
-0.0494261 -0.0404 0.249643 2
-0.0473475 -0.0399291 0.249 2
-0.0248136 -0.040175 0.249 2
-0.0224464 -0.0403351 0.249353 2
-0.0195058 -0.040618 0.25075 2
-0.051815 -0.0375232 0.251 2
-0.0494001 -0.0375105 0.250111 2
-0.0466459 -0.0373825 0.249259 2
-0.0443741 -0.036548 0.249 2
-0.0273447 -0.0361422 0.249 2
-0.0253946 -0.0373981 0.249 2
-0.0226249 -0.0374558 0.249875 2
-0.0201685 -0.0377569 0.251 2
-0.0514745 -0.0348647 0.251 2
-0.049609 -0.0345048 0.250867 2
-0.0467161 -0.0344338 0.249643 2
-0.0436404 -0.034442 0.249 2
-0.0414007 -0.0342488 0.249 2
-0.0278252 -0.034399 0.249 2
-0.0254291 -0.0344496 0.24937 2
-0.0225837 -0.0344098 0.250167 2
-0.0199845 -0.0343999 0.251 2
-0.0512701 -0.0326152 0.251 2
-0.0492919 -0.0317667 0.250882 2
-0.0465816 -0.0314633 0.249556 2
-0.0435632 -0.0315438 0.249 2
-0.0414007 -0.0315438 0.249 2
-0.0277952 -0.0315309 0.249 2
-0.0255458 -0.0314921 0.249357 2
-0.0226041 -0.0314489 0.2504 2
-0.0204799 -0.0317972 0.251 2
-0.0484771 -0.0286615 0.251 2
-0.046232 -0.0283171 0.249857 2
-0.0434728 -0.0285843 0.249143 2
-0.0408601 -0.0285684 0.249 2
-0.0365893 -0.027811 0.249 2
-0.0343727 -0.0280274 0.249 2
-0.0313993 -0.0280274 0.249 2
-0.0283858 -0.0285195 0.249032 2
-0.0253204 -0.0283718 0.25 2
-0.0226412 -0.0287665 0.25092 2
-0.0482728 -0.0255258 0.251 2
-0.0461807 -0.0254241 0.25 2
-0.043382 -0.0256195 0.249724 2
-0.0406271 -0.0255463 0.249 2
-0.0375427 -0.02547 0.249 2
-0.0344103 -0.0256207 0.249278 2
-0.0314414 -0.0256257 0.249333 2
-0.028513 -0.0255969 0.249429 2
-0.0253323 -0.025475 0.2505 2
-0.0232436 -0.0258375 0.251 2
-0.0482728 -0.0238898 0.251 2
-0.0462861 -0.0224864 0.250567 2
-0.0434787 -0.0224425 0.250067 2
-0.0406006 -0.0223397 0.249688 2
-0.0376071 -0.0224516 0.249471 2
-0.0345028 -0.0224315 0.249944 2
-0.0315254 -0.0224368 0.25 2
-0.0285586 -0.022451 0.250167 2
-0.0255415 -0.0225832 0.250875 2
-0.0234771 -0.0236172 0.251 2
-0.0461073 -0.0196994 0.251 2
-0.0434411 -0.0194572 0.250857 2
-0.040361 -0.0195236 0.250185 2
-0.0374961 -0.0194494 0.25 2
-0.0345108 -0.0194494 0.25 2
-0.0315254 -0.0194494 0.25 2
-0.0286343 -0.0195142 0.250833 2
-0.025657 -0.0195272 0.251 2
-0.0458205 -0.0178911 0.251 2
-0.0430276 -0.0176866 0.251 2
-0.0402381 -0.0166134 0.250926 2
-0.0374961 -0.016462 0.25 2
-0.0345108 -0.016462 0.25 2
-0.0314299 -0.0164143 0.250424 2
-0.0285195 -0.0165959 0.250909 2
-0.0261241 -0.0170731 0.251 2
-0.0400984 -0.0135285 0.251 2
-0.0375206 -0.0134827 0.25016 2
-0.0345648 -0.0134954 0.2504 2
-0.0313791 -0.0135285 0.251 2
-0.0285495 -0.0141157 0.251 2
-0.0267469 -0.0146191 0.251 2
-0.0420058 -0.0116198 0.251 2
-0.0401232 -0.0108266 0.251 2
-0.0373736 -0.0105291 0.251 2
-0.0345021 -0.0106969 0.251 2
-0.0324689 -0.0110745 0.251 2
-0.0420058 -0.00752979 0.251 2
-0.0405266 -0.00737398 0.251 2
-0.0374417 -0.00787063 0.251 2
-0.0420058 -0.00534846 0.251 2
-0.0406681 -0.00544761 0.251 2
-0.0384635 -0.00589379 0.251 2
-0.0103444 -0.075406 0.252667 2
-0.00859226 -0.0757736 0.254 2
-0.0615612 -0.0730908 0.253211 2
-0.0591539 -0.0730113 0.252083 2
-0.0104597 -0.0734913 0.253 2
-0.00859227 -0.0738421 0.254 2
-0.0615927 -0.0705282 0.253185 2
-0.0594468 -0.070836 0.252 2
-0.012081 -0.0699756 0.252 2
-0.010507 -0.0705282 0.253185 2
-0.0611349 -0.06796 0.253333 2
-0.0591341 -0.0672381 0.252 2
-0.0123689 -0.067208 0.2523 2
-0.0107968 -0.0676878 0.253409 2
-0.0609821 -0.0644606 0.254 2
-0.0590389 -0.0644902 0.252545 2
-0.0128587 -0.0643882 0.252636 2
-0.0110912 -0.0644685 0.253625 2
-0.0609821 -0.0614254 0.254 2
-0.058918 -0.0614752 0.252454 2
-0.0132094 -0.0613437 0.252269 2
-0.011028 -0.0614351 0.253706 2
-0.0606513 -0.058611 0.254 2
-0.0586796 -0.0585683 0.25296 2
-0.0569456 -0.058478 0.252 2
-0.0131539 -0.0584749 0.25275 2
-0.0111429 -0.058616 0.253786 2
-0.0601549 -0.0559069 0.254 2
-0.0584134 -0.0555002 0.253048 2
-0.0567111 -0.0552711 0.252 2
-0.0153637 -0.0554667 0.252 2
-0.0135534 -0.055475 0.252606 2
-0.0116254 -0.055631 0.254 2
-0.0581113 -0.0524922 0.2535 2
-0.0560323 -0.0521222 0.252286 2
-0.0153637 -0.0524554 0.252 2
-0.0134102 -0.0524567 0.252727 2
-0.0116254 -0.0525957 0.254 2
-0.0581113 -0.049463 0.2535 2
-0.0553746 -0.0493713 0.252407 2
-0.0159109 -0.0494441 0.252 2
-0.0136632 -0.0495582 0.252903 2
-0.0116254 -0.0501124 0.254 2
-0.0582059 -0.0465097 0.253917 2
-0.0554372 -0.0465434 0.2526 2
-0.0164702 -0.0464697 0.2522 2
-0.0137754 -0.0465153 0.25369 2
-0.057763 -0.0436028 0.253583 2
-0.0554372 -0.0435249 0.2526 2
-0.0533893 -0.0423265 0.252 2
-0.0164702 -0.043456 0.2522 2
-0.0138473 -0.0434751 0.253538 2
-0.0580347 -0.0406016 0.253737 2
-0.0554372 -0.0405064 0.2526 2
-0.0533893 -0.0404102 0.252 2
-0.0183729 -0.039589 0.252 2
-0.0164805 -0.0404674 0.25236 2
-0.0136615 -0.0403863 0.253516 2
-0.0116254 -0.0399031 0.254 2
-0.0577358 -0.0377835 0.253667 2
-0.0554521 -0.0374976 0.252667 2
-0.0533893 -0.0373989 0.252 2
-0.0188106 -0.0371799 0.252 2
-0.0164959 -0.037488 0.2526 2
-0.0140158 -0.0376051 0.253727 2
-0.0573976 -0.0343846 0.254 2
-0.0555843 -0.0344704 0.253077 2
-0.0528421 -0.0343876 0.252 2
-0.0183729 -0.0343876 0.252 2
-0.0164617 -0.0344234 0.252731 2
-0.0144062 -0.0345311 0.253812 2
-0.0573976 -0.0316254 0.254 2
-0.0555197 -0.0315249 0.253586 2
-0.0526419 -0.031405 0.252621 2
-0.0504348 -0.0308836 0.252 2
-0.0191546 -0.0312199 0.252 2
-0.0165622 -0.031457 0.253034 2
-0.0149342 -0.0313494 0.254 2
-0.0550341 -0.0287479 0.254 2
-0.0523365 -0.0285358 0.25352 2
-0.0499697 -0.0282282 0.252 2
-0.0216557 -0.0278176 0.252 2
-0.0194915 -0.0284026 0.252333 2
-0.016606 -0.0285893 0.253583 2
-0.0149342 -0.0288661 0.254 2
-0.0540887 -0.025555 0.254 2
-0.0523801 -0.0255276 0.253733 2
-0.0499421 -0.0255626 0.252375 2
-0.0221421 -0.0255058 0.252 2
-0.0195175 -0.0254202 0.252667 2
-0.0168472 -0.025529 0.25375 2
-0.0540887 -0.0233476 0.254 2
-0.0521908 -0.0226908 0.25375 2
-0.0493577 -0.0224868 0.252259 2
-0.0241178 -0.0220688 0.252 2
-0.0223983 -0.022538 0.252 2
-0.0195445 -0.0224311 0.253 2
-0.0168644 -0.0225198 0.254 2
-0.0517591 -0.0193136 0.253933 2
-0.0495073 -0.0194918 0.252821 2
-0.0473709 -0.0190574 0.252 2
-0.0241178 -0.019605 0.252 2
-0.0224764 -0.019605 0.252 2
-0.0194558 -0.0194659 0.252706 2
-0.0169747 -0.0197054 0.254 2
-0.0540887 -0.0161735 0.254 2
-0.052238 -0.0164096 0.253773 2
-0.0493349 -0.0164775 0.252555 2
-0.0466109 -0.0164416 0.252 2
-0.0436386 -0.0162612 0.252 2
-0.041626 -0.0157724 0.252 2
-0.0250131 -0.0162452 0.252 2
-0.0224822 -0.0165977 0.252067 2
-0.0196206 -0.016495 0.253125 2
-0.0174158 -0.0164494 0.254 2
-0.051909 -0.013478 0.253842 2
-0.0495319 -0.0135741 0.253038 2
-0.0465502 -0.0135824 0.252 2
-0.0435409 -0.0135824 0.252 2
-0.041626 -0.0135824 0.252 2
-0.0283125 -0.0129436 0.252 2
-0.0254451 -0.0135481 0.252069 2
-0.0223445 -0.013415 0.253 2
-0.0194768 -0.0134758 0.253758 2
-0.0174158 -0.0136902 0.254 2
-0.0515677 -0.0106944 0.254 2
-0.0495588 -0.0105889 0.253586 2
-0.0466499 -0.0105929 0.252533 2
-0.0436214 -0.0105067 0.252 2
-0.0412156 -0.00974982 0.252 2
-0.0336926 -0.00947607 0.252 2
-0.0311914 -0.0104146 0.252 2
-0.0285094 -0.0105764 0.252133 2
-0.025569 -0.0106046 0.252833 2
-0.0224377 -0.0105212 0.253818 2
-0.0197702 -0.0108036 0.254 2
-0.0488643 -0.00779406 0.254 2
-0.046223 -0.00759579 0.2532 2
-0.0435409 -0.00755979 0.252 2
-0.0397111 -0.00838105 0.252 2
-0.0374976 -0.00743536 0.252 2
-0.0345133 -0.00755979 0.252 2
-0.0315041 -0.0075598 0.252 2
-0.0285166 -0.00756579 0.2522 2
-0.0256027 -0.00759479 0.253167 2
-0.0225323 -0.00768111 0.254 2
-0.0204489 -0.00844757 0.254 2
-0.0482293 -0.00492951 0.254 2
-0.0462597 -0.00457312 0.2534 2
-0.0434019 -0.00445819 0.252074 2
-0.0403589 -0.0040154 0.252 2
-0.0374581 -0.00446799 0.252 2
-0.0344645 -0.00450476 0.252032 2
-0.0314965 -0.00459123 0.252257 2
-0.0285686 -0.00452287 0.253129 2
-0.0255696 -0.00460963 0.253229 2
-0.0230684 -0.00472257 0.254 2
-0.0480225 -0.00265312 0.254 2
-0.0461068 -0.00159961 0.253714 2
-0.0434188 -0.00154206 0.25288 2
-0.0404934 -0.00147818 0.252518 2
-0.0374672 -0.00159669 0.252286 2
-0.0344003 -0.00151925 0.252464 2
-0.0314573 -0.00156261 0.252852 2
-0.0284065 -0.00154738 0.253667 2
-0.0254039 -0.00154858 0.25392 2
-0.0232063 -0.00154942 0.254 2
-0.0460924 0.00148577 0.254 2
-0.0435546 0.0014844 0.253667 2
-0.0404179 0.00147992 0.253 2
-0.037416 0.00148128 0.253133 2
-0.0343834 0.00148049 0.253055 2
-0.0313544 0.00147992 0.253 2
-0.0284194 0.00148399 0.253778 2
-0.0254122 0.00148577 0.254 2
-0.0234269 0.00104429 0.254 2
-0.0455409 0.00424504 0.254 2
-0.0435974 0.0045198 0.25392 2
-0.0404557 0.00450811 0.253233 2
-0.0374312 0.00450761 0.25324 2
-0.0345028 0.00451999 0.253933 2
-0.0314288 0.00451514 0.2536 2
-0.0284453 0.00452096 0.254 2
-0.0254122 0.00452096 0.254 2
-0.0237578 0.00452096 0.254 2
-0.04331 0.00662803 0.254 2
-0.0404297 0.00727938 0.253966 2
-0.0375296 0.00755372 0.2539 2
-0.0345115 0.00755615 0.254 2
-0.0316852 0.0073492 0.254 2
-0.0282756 0.00715287 0.254 2
-0.0255081 0.00720824 0.254 2
-0.0237578 0.00672837 0.254 2
-0.039199 0.00948763 0.254 2
-0.0371769 0.00985553 0.254 2
-0.0345115 0.0105913 0.254 2
-0.032345 0.010276 0.254 2
-0.03396 0.0125228 0.254 2
-0.0325813 0.0125228 0.254 2
-0.00697773 -0.0759435 0.2555 2
-0.00534584 -0.0761101 0.257 2
-0.0667243 -0.0730391 0.257 2
-0.0647691 -0.0730295 0.255571 2
-0.00711293 -0.0734576 0.255769 2
-0.00534583 -0.0741559 0.257 2
-0.0667243 -0.0719224 0.257 2
-0.0647269 -0.0705511 0.256083 2
-0.00754522 -0.0705294 0.256 2
-0.0635625 -0.0675189 0.2564 2
-0.0621572 -0.0673156 0.2552 2
-0.00973338 -0.0672075 0.255 2
-0.00811357 -0.067558 0.256333 2
-0.0633764 -0.0646636 0.257 2
-0.0620527 -0.0644374 0.255 2
-0.00973338 -0.0644374 0.255 2
-0.00811885 -0.0645378 0.2565 2
-0.0634077 -0.061631 0.256 2
-0.0623295 -0.0613902 0.255 2
-0.00973338 -0.0613902 0.255 2
-0.00811885 -0.0617514 0.2565 2
-0.063796 -0.0585685 0.256545 2
-0.0621443 -0.0582892 0.255375 2
-0.00990247 -0.0582885 0.255286 2
-0.00868247 -0.058723 0.256667 2
-0.0634322 -0.0555063 0.257 2
-0.0617162 -0.0555179 0.255696 2
-0.0598381 -0.0544649 0.255 2
-0.0103547 -0.0555456 0.255455 2
-0.00869375 -0.0554505 0.257 2
-0.0630974 -0.0534962 0.257 2
-0.0612248 -0.0525316 0.255778 2
-0.0598381 -0.0525258 0.255 2
-0.0102575 -0.0524865 0.255545 2
-0.00869375 -0.0523794 0.257 2
-0.0630974 -0.0493084 0.257 2
-0.0613566 -0.0494026 0.2559 2
-0.0598381 -0.0494787 0.255 2
-0.0122248 -0.0486476 0.255 2
-0.0105161 -0.0493604 0.25548 2
-0.00869375 -0.0495876 0.257 2
-0.0630974 -0.0465165 0.257 2
-0.0615152 -0.0465425 0.256048 2
-0.0598381 -0.0464315 0.255 2
-0.0122248 -0.0464315 0.255 2
-0.0105492 -0.0465229 0.256185 2
-0.00869375 -0.0473541 0.257 2
-0.0630974 -0.0434455 0.257 2
-0.0614638 -0.043554 0.256 2
-0.0593271 -0.043491 0.255 2
-0.0122248 -0.0436614 0.255 2
-0.010608 -0.0436302 0.25612 2
-0.0630974 -0.0417704 0.257 2
-0.0611101 -0.0405612 0.256053 2
-0.0595613 -0.0406143 0.255 2
-0.0122248 -0.0408913 0.255 2
-0.0105719 -0.040672 0.255769 2
-0.0610218 -0.0377116 0.256611 2
-0.0591581 -0.0372335 0.25525 2
-0.0125666 -0.0370969 0.2552 2
-0.010735 -0.0376187 0.256077 2
-0.0607418 -0.0343838 0.256643 2
-0.0587666 -0.034478 0.255294 2
-0.0129659 -0.0343366 0.255263 2
-0.0111894 -0.0344668 0.256667 2
-0.060151 -0.0313575 0.256333 2
-0.0587111 -0.0313113 0.255444 2
-0.0133416 -0.0314975 0.2552 2
-0.0111584 -0.0314863 0.256706 2
-0.0603074 -0.0283695 0.257 2
-0.0582982 -0.0284541 0.25569 2
-0.0559626 -0.0274562 0.255 2
-0.0155466 -0.0273177 0.255 2
-0.01347 -0.0284328 0.255688 2
-0.0112338 -0.0284597 0.256875 2
-0.0603074 -0.0255776 0.257 2
-0.0584338 -0.0254897 0.25612 2
-0.0556858 -0.0253786 0.255 2
-0.0155466 -0.0253786 0.255 2
-0.0136419 -0.0254449 0.255667 2
-0.0113907 -0.0259499 0.257 2
-0.058242 -0.0224628 0.2565 2
-0.0555053 -0.0225362 0.255 2
-0.0534158 -0.0218328 0.255 2
-0.0155466 -0.0226085 0.255 2
-0.0137505 -0.0225453 0.256063 2
-0.0117627 -0.0233442 0.257 2
-0.0580744 -0.0194581 0.256375 2
-0.0554384 -0.0195719 0.255133 2
-0.0533051 -0.0197275 0.255 2
-0.0158788 -0.0191181 0.255 2
-0.013989 -0.0194355 0.256154 2
-0.0580672 -0.016832 0.256467 2
-0.0555245 -0.0165435 0.255087 2
-0.053748 -0.0166988 0.255 2
-0.0158534 -0.0165466 0.2555 2
-0.0142736 -0.0166437 0.257 2
-0.0577965 -0.0144102 0.257 2
-0.0555916 -0.0135096 0.255833 2
-0.0534964 -0.0133411 0.255 2
-0.0159789 -0.0133849 0.255462 2
-0.0142736 -0.0135727 0.257 2
-0.0557145 -0.0104771 0.2564 2
-0.0529791 -0.0102968 0.255 2
-0.0189608 -0.00995822 0.255 2
-0.0164056 -0.0104386 0.255467 2
-0.0142736 -0.0105016 0.257 2
-0.0552382 -0.0074237 0.256778 2
-0.0527651 -0.00743131 0.255414 2
-0.0505268 -0.0073476 0.255 2
-0.0210831 -0.00709577 0.255 2
-0.0192788 -0.00745427 0.25516 2
-0.0164679 -0.00741358 0.256444 2
-0.0544176 -0.00448365 0.257 2
-0.0523181 -0.00441011 0.256231 2
-0.0497211 -0.00454353 0.255087 2
-0.0216021 -0.00442952 0.255 2
-0.019524 -0.00451295 0.255571 2
-0.0170498 -0.00435553 0.2568 2
-0.0541696 -0.00156772 0.257 2
-0.0524152 -0.00156528 0.2566 2
-0.049447 -0.00151189 0.255417 2
-0.047658 -0.0012785 0.255 2
-0.0216477 -0.0015559 0.255133 2
-0.0195003 -0.00156108 0.25604 2
-0.0174355 -0.00175384 0.257 2
-0.0541696 0.00038658 0.257 2
-0.0522312 0.00141472 0.256538 2
-0.0493975 0.00149396 0.2554 2
-0.047658 0.00149162 0.255 2
-0.0220949 0.00166501 0.255385 2
-0.0195481 0.00150195 0.256667 2
-0.0176215 0.00038658 0.257 2
-0.0516587 0.00457436 0.257 2
-0.049467 0.00455333 0.25576 2
-0.0469525 0.00467042 0.255059 2
-0.0222413 0.00454944 0.2556 2
-0.0195584 0.0045708 0.2568 2
-0.0516586 0.00624947 0.257 2
-0.0496217 0.00735412 0.25656 2
-0.046551 0.00744204 0.255333 2
-0.043707 0.0081651 0.255 2
-0.0407374 0.00897096 0.255 2
-0.0307718 0.00841693 0.255 2
-0.0290002 0.00863854 0.255 2
-0.0251958 0.00873352 0.255 2
-0.0224597 0.00754695 0.255567 2
-0.0199541 0.00723015 0.256824 2
-0.0492557 0.0103378 0.256833 2
-0.0465815 0.0104933 0.255929 2
-0.0434192 0.0105769 0.255071 2
-0.0405067 0.0106792 0.255 2
-0.0379 0.0110486 0.255 2
-0.031264 0.0107562 0.255 2
-0.0285716 0.010639 0.255133 2
-0.0255522 0.010651 0.2554 2
-0.0224806 0.0105246 0.25603 2
-0.0201325 0.0104373 0.257 2
-0.0483107 0.0135083 0.257 2
-0.0461921 0.0134603 0.25608 2
-0.0433983 0.0134557 0.256 2
-0.0405632 0.0134373 0.25564 2
-0.0374156 0.0134032 0.255 2
-0.0345008 0.0137942 0.255 2
-0.031506 0.0134754 0.255 2
-0.0286155 0.0134316 0.255533 2
-0.0256123 0.0134557 0.256 2
-0.0225923 0.0134792 0.256433 2
-0.0206904 0.0135083 0.257 2
-0.0483107 0.0165793 0.257 2
-0.0462019 0.0165234 0.256133 2
-0.0433983 0.0165148 0.256 2
-0.0405935 0.0165042 0.255833 2
-0.0374198 0.0164522 0.255028 2
-0.0343705 0.0164503 0.255 2
-0.0314693 0.0165362 0.255152 2
-0.0285218 0.0164278 0.255818 2
-0.0255646 0.0165642 0.256065 2
-0.0228658 0.0163686 0.256821 2
-0.0206904 0.0151834 0.257 2
-0.0483107 0.0188128 0.257 2
-0.0462231 0.0195275 0.256652 2
-0.0434191 0.0195835 0.25612 2
-0.0406193 0.0195739 0.256 2
-0.0374806 0.0195309 0.255433 2
-0.0344027 0.0195162 0.25524 2
-0.0314272 0.0195614 0.255833 2
-0.0283913 0.0195739 0.256 2
-0.0253791 0.01961 0.256467 2
-0.0232014 0.0196504 0.257 2
-0.0454809 0.0221231 0.257 2
-0.0435679 0.0224422 0.257 2
-0.0406452 0.0223694 0.25616 2
-0.0375623 0.0223549 0.256 2
-0.0343448 0.0224136 0.255259 2
-0.0314553 0.0224584 0.255455 2
-0.0284172 0.0223764 0.25624 2
-0.0257123 0.0223026 0.257 2
-0.0432889 0.0255132 0.257 2
-0.0405719 0.0255734 0.256941 2
-0.0374708 0.0254017 0.256563 2
-0.0346083 0.0255467 0.256321 2
-0.0313949 0.0255594 0.256182 2
-0.0284607 0.0254777 0.256633 2
-0.0263633 0.0250479 0.257 2
-0.0404192 0.0285045 0.257 2
-0.0376691 0.0280658 0.257 2
-0.0344541 0.0277467 0.257 2
-0.0315712 0.0277467 0.257 2
-0.0287254 0.0278584 0.257 2
-0.039941 0.0302594 0.257 2
-0.00397943 -0.0762123 0.258933 2
-0.00286799 -0.0761513 0.26 2
-0.0683682 -0.0727635 0.259 2
-0.00448026 -0.0733856 0.258842 2
-0.00286799 -0.0738917 0.26 2
-0.0678238 -0.0705531 0.25928 2
-0.0655835 -0.0693995 0.258 2
-0.00482402 -0.0705109 0.259 2
-0.0667078 -0.0678571 0.259692 2
-0.0650149 -0.067496 0.258308 2
-0.00648694 -0.0674376 0.258 2
-0.00520274 -0.0676493 0.259167 2
-0.0663742 -0.0645711 0.26 2
-0.0649441 -0.0645551 0.2588 2
-0.00648694 -0.0643546 0.258 2
-0.00539784 -0.0644452 0.2595 2
-0.0663742 -0.0614642 0.26 2
-0.0647433 -0.0615519 0.258 2
-0.00666136 -0.061286 0.258571 2
-0.00540824 -0.0614642 0.26 2
-0.0664055 -0.0587652 0.26 2
-0.0651033 -0.0582687 0.258 2
-0.00710946 -0.0584441 0.258455 2
-0.00540824 -0.0586397 0.26 2
-0.0664682 -0.0555328 0.26 2
-0.0648918 -0.0555071 0.2587 2
-0.00705968 -0.0554933 0.2585 2
-0.00540824 -0.0555328 0.26 2
-0.0660919 -0.0532733 0.26 2
-0.0643116 -0.0525459 0.258889 2
-0.0627827 -0.0523029 0.258 2
-0.0070099 -0.0525409 0.258545 2
-0.00540823 -0.052426 0.26 2
-0.0660919 -0.0484717 0.26 2
-0.064391 -0.0494257 0.258833 2
-0.0627827 -0.0509016 0.258 2
-0.00710946 -0.0494596 0.258455 2
-0.00540824 -0.0496015 0.26 2
-0.0660919 -0.0464946 0.26 2
-0.0646872 -0.0464463 0.25875 2
-0.00900765 -0.0458567 0.258 2
-0.00720155 -0.0464298 0.2592 2
-0.0660919 -0.0433877 0.26 2
-0.0646956 -0.043428 0.259059 2
-0.00900765 -0.0436145 0.258 2
-0.00737966 -0.0434806 0.259185 2
-0.0660919 -0.0414106 0.26 2
-0.0642698 -0.0404973 0.258941 2
-0.0627827 -0.0402513 0.258 2
-0.00900765 -0.0405315 0.258 2
-0.00778483 -0.0405916 0.258778 2
-0.064032 -0.037603 0.259474 2
-0.0621105 -0.0370001 0.258 2
-0.00938886 -0.0371064 0.258222 2
-0.00753927 -0.0372202 0.259478 2
-0.0635028 -0.0348867 0.2598 2
-0.0622459 -0.0346215 0.258429 2
-0.0095459 -0.0345907 0.258375 2
-0.00781212 -0.0345248 0.259667 2
-0.0630261 -0.0308411 0.259 2
-0.0617004 -0.0315161 0.258294 2
-0.00961104 -0.0315161 0.258294 2
-0.00793757 -0.0314847 0.259667 2
-0.0630261 -0.0285903 0.259 2
-0.0617428 -0.0285167 0.258333 2
-0.00954809 -0.0284223 0.258437 2
-0.00797353 -0.0285602 0.259687 2
-0.0631477 -0.0255429 0.2595 2
-0.0618094 -0.0254559 0.258611 2
-0.00998594 -0.0253387 0.258783 2
-0.00851298 -0.0253113 0.26 2
-0.0632694 -0.0230518 0.26 2
-0.061451 -0.0225644 0.258842 2
-0.0599819 -0.0225942 0.258 2
-0.0123686 -0.0217534 0.258 2
-0.0104267 -0.0224759 0.258759 2
-0.00851298 -0.0227694 0.26 2
-0.0612577 -0.0195263 0.259444 2
-0.0594218 -0.0196046 0.258 2
-0.0123686 -0.0195112 0.258 2
-0.0107357 -0.0196019 0.2592 2
-0.0611769 -0.0165237 0.2595 2
-0.0591017 -0.0157475 0.258 2
-0.0129447 -0.0164494 0.258333 2
-0.0110664 -0.0167436 0.259727 2
-0.061179 -0.013562 0.259778 2
-0.0587502 -0.0131409 0.258125 2
-0.0129447 -0.0133625 0.258333 2
-0.0113202 -0.0134314 0.259667 2
-0.0607292 -0.0106242 0.26 2
-0.0586962 -0.0105629 0.2585 2
-0.0129447 -0.0105561 0.258333 2
-0.0110263 -0.0104351 0.259737 2
-0.0607291 -0.00864712 0.26 2
-0.0584837 -0.00748149 0.2588 2
-0.056621 -0.00745952 0.258 2
-0.0135122 -0.00747243 0.258467 2
-0.0107618 -0.00751156 0.2598 2
-0.058357 -0.00457799 0.259421 2
-0.056032 -0.00430924 0.258187 2
-0.0154494 -0.00437653 0.258 2
-0.0135381 -0.00439203 0.25896 2
-0.0110336 -0.00458672 0.259895 2
-0.0578772 -0.00171447 0.259769 2
-0.0558201 -0.00167085 0.258611 2
-0.0159474 -0.00144925 0.258 2
-0.0135508 -0.00158114 0.2592 2
-0.0116581 -0.00190881 0.26 2
-0.0573421 0.000955979 0.26 2
-0.0554736 0.00161706 0.258818 2
-0.0538202 0.00206971 0.258 2
-0.0164297 0.00164931 0.258 2
-0.0135444 0.00151512 0.259067 2
-0.0113253 0.00151909 0.259778 2
-0.0553547 0.00469243 0.259478 2
-0.05312 0.00445202 0.258 2
-0.0165738 0.00459363 0.258067 2
-0.013551 0.00461412 0.2592 2
-0.0115135 0.00424793 0.259778 2
-0.0551452 0.00728323 0.259714 2
-0.0525733 0.00753266 0.258444 2
-0.0188104 0.00767514 0.258 2
-0.0165983 0.00740868 0.258467 2
-0.0137927 0.00739083 0.259714 2
-0.0119 0.00632242 0.26 2
-0.0548019 0.0105591 0.26 2
-0.0523365 0.0105818 0.258571 2
-0.0504593 0.0110384 0.258 2
-0.0188104 0.0104779 0.258 2
-0.0166112 0.0105049 0.258667 2
-0.0138757 0.0105591 0.26 2
-0.0542374 0.0133835 0.26 2
-0.0523753 0.0136226 0.25916 2
-0.0499382 0.0135718 0.2582 2
-0.0192033 0.013646 0.258217 2
-0.0164857 0.01356 0.259148 2
-0.0141177 0.0134239 0.26 2
-0.0522982 0.0163696 0.259261 2
-0.0499382 0.0163758 0.2582 2
-0.0213311 0.0166438 0.258 2
-0.0193749 0.0164488 0.258724 2
-0.0165676 0.0163203 0.259857 2
-0.0144402 0.0153606 0.26 2
-0.0519708 0.0192569 0.259211 2
-0.0495895 0.0196733 0.258208 2
-0.0473784 0.0208479 0.258 2
-0.0219005 0.0194554 0.258111 2
-0.0194865 0.019484 0.259029 2
-0.0169805 0.0193148 0.26 2
-0.0517693 0.0220673 0.259889 2
-0.0495772 0.0226389 0.25924 2
-0.0469213 0.0226742 0.258222 2
-0.024412 0.0230901 0.258 2
-0.0224748 0.0225543 0.25828 2
-0.0194185 0.022585 0.259258 2
-0.0169805 0.0224218 0.26 2
-0.0516031 0.0262818 0.26 2
-0.0495415 0.0255596 0.259565 2
-0.0466116 0.0253715 0.2584 2
-0.0448577 0.0253322 0.258 2
-0.0249099 0.0254568 0.258 2
-0.0225168 0.0254074 0.25876 2
-0.0194919 0.025493 0.259633 2
-0.0173031 0.0252058 0.26 2
-0.0516972 0.0283531 0.26 2
-0.0496155 0.0282922 0.25944 2
-0.0466236 0.028467 0.258467 2
-0.0437166 0.0286747 0.258 2
-0.0414968 0.0298166 0.258 2
-0.0372701 0.029358 0.258 2
-0.0345966 0.0290012 0.258 2
-0.0314139 0.029256 0.258 2
-0.0284638 0.0291813 0.258 2
-0.0255748 0.0284647 0.258444 2
-0.0226353 0.028414 0.259407 2
-0.0200686 0.0280208 0.26 2
-0.0516971 0.0303301 0.26 2
-0.0493827 0.0313846 0.26 2
-0.0462909 0.0316353 0.25912 2
-0.0432681 0.0314744 0.258154 2
-0.0404298 0.0317118 0.258 2
-0.0375757 0.0314982 0.258 2
-0.0344948 0.0314982 0.258 2
-0.0314139 0.0314982 0.258 2
-0.0283958 0.0315539 0.258138 2
-0.025407 0.031568 0.258923 2
-0.0225328 0.0315172 0.259643 2
-0.0207203 0.031813 0.26 2
-0.0488119 0.0344413 0.26 2
-0.0462784 0.0345246 0.25968 2
-0.0433315 0.0344235 0.25892 2
-0.0403437 0.0344507 0.258185 2
-0.0375757 0.0345812 0.258 2
-0.0344948 0.0345812 0.258 2
-0.0314139 0.0345812 0.258 2
-0.0284237 0.0345302 0.258235 2
-0.0253501 0.0344339 0.259 2
-0.0226255 0.0345668 0.26 2
-0.0204109 0.034393 0.26 2
-0.0483101 0.0368264 0.26 2
-0.0463344 0.0373913 0.26 2
-0.0434258 0.0373174 0.25948 2
-0.0405084 0.037538 0.258704 2
-0.0375757 0.0376642 0.258 2
-0.0344948 0.0376642 0.258 2
-0.0314234 0.0376762 0.25808 2
-0.0283726 0.0377047 0.259 2
-0.0254479 0.0374263 0.25937 2
-0.0227237 0.0373176 0.26 2
-0.020932 0.0368264 0.26 2
-0.0457699 0.0393684 0.26 2
-0.043204 0.0402927 0.26 2
-0.0406375 0.0406194 0.259385 2
-0.0375375 0.0406234 0.258593 2
-0.0344421 0.040464 0.258357 2
-0.0315107 0.040593 0.2588 2
-0.028457 0.0406451 0.259133 2
-0.0253803 0.0405881 0.259929 2
-0.02319 0.040014 0.26 2
-0.0429474 0.043605 0.26 2
-0.0406894 0.043605 0.26 2
-0.0375268 0.0435392 0.2596 2
-0.0344269 0.0435392 0.2596 2
-0.0315898 0.0435122 0.25944 2
-0.0285229 0.0435612 0.259733 2
-0.0257302 0.043605 0.26 2
-0.0427216 0.0462035 0.26 2
-0.0406894 0.0464295 0.26 2
-0.0375847 0.0464295 0.26 2
-0.0344799 0.0464295 0.26 2
-0.0316574 0.0464295 0.26 2
-0.0285528 0.0464295 0.26 2
-0.0258714 0.0462177 0.26 2
-0.0403573 0.0489881 0.26 2
-0.0375846 0.0495364 0.26 2
-0.0344799 0.0495364 0.26 2
-0.0316574 0.0495364 0.26 2
-0.0286192 0.0494533 0.26 2
-0.0373794 0.0523352 0.26 2
-0.0346582 0.0523757 0.26 2
-0.0315548 0.0519757 0.26 2
-0.0291173 0.0520784 0.26 2
-0.0428926 0.101093 0.259667 2
-0.0405454 0.100864 0.25908 2
-0.0375484 0.101009 0.259552 2
-0.0344327 0.101083 0.25964 2
-0.0316673 0.101524 0.259429 2
-0.029964 0.101507 0.26 2
-0.0246013 0.101507 0.26 2
-0.0436831 0.102587 0.259571 2
-0.0404086 0.102206 0.2582 2
-0.03736 0.102554 0.259286 2
-0.0343473 0.102522 0.259 2
-0.0313874 0.10256 0.259333 2
-0.029964 0.102636 0.26 2
-0.000902535 -0.0781728 0.263 2
-0.00165698 -0.0765791 0.262111 2
-0.00344569 -0.0727582 0.261 2
-0.00218105 -0.0733666 0.262333 2
-0.0691795 -0.0690724 0.261 2
-0.0686128 -0.0690724 0.261 2
-0.00345449 -0.0706686 0.261667 2
-0.00267592 -0.0709733 0.262 2
-0.0693915 -0.0675768 0.2618 2
-0.0681706 -0.0672758 0.261308 2
-0.00401676 -0.0674572 0.261333 2
-0.00289005 -0.0676293 0.262 2
-0.0694445 -0.0644985 0.262 2
-0.0683424 -0.0646764 0.262 2
-0.00398519 -0.0645829 0.261625 2
-0.0028974 -0.0646612 0.262667 2
-0.0694445 -0.0613677 0.262 2
-0.0681337 -0.0615896 0.261333 2
-0.00402116 -0.0616677 0.261667 2
-0.00290108 -0.061602 0.263 2
-0.0694343 -0.0580613 0.2625 2
-0.0680734 -0.0586652 0.261375 2
-0.00402116 -0.0585409 0.261667 2
-0.00290108 -0.0584592 0.263 2
-0.0678309 -0.055764 0.262111 2
-0.00405661 -0.0554423 0.261286 2
-0.00289005 -0.0553908 0.262 2
-0.0673523 -0.0525406 0.262267 2
-0.0657794 -0.0520605 0.261 2
-0.00398519 -0.0526461 0.261625 2
-0.0028974 -0.0526769 0.262667 2
-0.0691386 -0.0501738 0.263 2
-0.0676185 -0.0494859 0.261952 2
-0.0657794 -0.0500758 0.261 2
-0.00424774 -0.0495403 0.262 2
-0.00290108 -0.0498881 0.263 2
-0.0678937 -0.0464788 0.2615 2
-0.00487059 -0.0464788 0.2615 2
-0.0691386 -0.0421742 0.263 2
-0.0679295 -0.0434616 0.261783 2
-0.00487955 -0.0434355 0.262 2
-0.0691386 -0.0404599 0.263 2
-0.0675678 -0.0402862 0.262263 2
-0.0657794 -0.0398687 0.261 2
-0.00656237 -0.0401523 0.261 2
-0.00488923 -0.040383 0.2625 2
-0.0670943 -0.0374282 0.262444 2
-0.0653544 -0.0371752 0.261 2
-0.00656237 -0.0381676 0.261 2
-0.00488091 -0.0374747 0.2621 2
-0.0691386 -0.0353173 0.263 2
-0.0668957 -0.0347477 0.262765 2
-0.0648649 -0.0343576 0.2615 2
-0.00656237 -0.0341981 0.261 2
-0.00483259 -0.0344934 0.262273 2
-0.0648447 -0.0316954 0.262158 2
-0.00656237 -0.0316463 0.261 2
-0.0050761 -0.0316183 0.262333 2
-0.066569 -0.0281747 0.263 2
-0.0647972 -0.028432 0.26175 2
-0.00674224 -0.0284023 0.261714 2
-0.00546232 -0.0284158 0.2626 2
-0.0648122 -0.0254726 0.261667 2
-0.00714162 -0.0254574 0.2615 2
-0.00547064 -0.0256034 0.263 2
-0.0646838 -0.0226665 0.262067 2
-0.0629461 -0.0217228 0.261 2
-0.00911239 -0.0214393 0.261 2
-0.00720848 -0.0225606 0.261476 2
-0.00547064 -0.0224606 0.263 2
-0.0643534 -0.0195364 0.262111 2
-0.0629461 -0.0194545 0.261 2
-0.00911239 -0.0194545 0.261 2
-0.0074373 -0.0195231 0.261933 2
-0.00547064 -0.020175 0.263 2
-0.0642744 -0.0164978 0.262286 2
-0.0629461 -0.0166192 0.261 2
-0.00964083 -0.0161704 0.261154 2
-0.00744691 -0.0164156 0.26228 2
-0.0634717 -0.0135521 0.262 2
-0.0620961 -0.0123663 0.261 2
-0.00968836 -0.0135145 0.261267 2
-0.00744953 -0.0135709 0.26236 2
-0.0635121 -0.0104271 0.262167 2
-0.062096 -0.0106651 0.261 2
-0.00957602 -0.0109744 0.261 2
-0.00738269 -0.0105896 0.262259 2
-0.0637139 -0.00788979 0.263 2
-0.0617379 -0.00733013 0.2614 2
-0.00911239 -0.00754626 0.261 2
-0.00750369 -0.00747726 0.262143 2
-0.0615711 -0.00436855 0.261957 2
-0.0595461 -0.00386036 0.261 2
-0.00958554 -0.00412215 0.261273 2
-0.00772139 -0.00463094 0.262421 2
-0.0613978 -0.00176258 0.262333 2
-0.059219 -0.00121471 0.261222 2
-0.0101891 -0.00149557 0.261478 2
-0.00813508 -0.00191374 0.262727 2
-0.0610676 0.00153647 0.262667 2
-0.058784 0.00173452 0.261273 2
-0.00969069 0.00152867 0.261333 2
-0.00810773 0.00186243 0.262571 2
-0.0610676 0.00467522 0.262667 2
-0.0584583 0.00464911 0.2612 2
-0.0100974 0.00481497 0.261381 2
-0.00858501 0.00466778 0.2622 2
-0.06056 0.00746586 0.262667 2
-0.0584222 0.0074207 0.261478 2
-0.0564293 0.00833145 0.261 2
-0.0125124 0.00776439 0.261 2
-0.0105054 0.00753973 0.26169 2
-0.00861121 0.00753818 0.263 2
-0.0602879 0.0101095 0.263 2
-0.0582864 0.0103447 0.2617 2
-0.0564293 0.0103162 0.261 2
-0.0125124 0.0103162 0.261 2
-0.0106063 0.0103073 0.261759 2
-0.00861121 0.0101095 0.263 2
-0.0584645 0.0135122 0.2625 2
-0.0558692 0.0136249 0.261087 2
-0.0129414 0.013865 0.261083 2
-0.0108615 0.0134987 0.262233 2
-0.0585748 0.0166807 0.263 2
-0.0557167 0.016595 0.26164 2
-0.0538794 0.0174045 0.261 2
-0.0156291 0.0174045 0.261 2
-0.0135823 0.0166662 0.261217 2
-0.0112799 0.0165206 0.262588 2
-0.0580446 0.0194969 0.263 2
-0.0556667 0.0193798 0.26187 2
-0.0537175 0.0196322 0.261 2
-0.0156291 0.0193891 0.261 2
-0.0134144 0.0194687 0.262067 2
-0.0111808 0.0186806 0.263 2
-0.057528 0.0220138 0.263 2
-0.055351 0.0223952 0.26213 2
-0.0529585 0.0226497 0.261 2
-0.0156291 0.022508 0.261 2
-0.0134292 0.022338 0.262333 2
-0.0577591 0.0256599 0.263 2
-0.0554669 0.0253942 0.262035 2
-0.0526172 0.0255237 0.261 2
-0.0161461 0.0257754 0.261222 2
-0.0135867 0.0253582 0.262625 2
-0.0579259 0.0285763 0.263 2
-0.0557104 0.0286002 0.261833 2
-0.0533127 0.0284621 0.261 2
-0.0188819 0.028907 0.261077 2
-0.016526 0.028546 0.26176 2
-0.0142805 0.0284353 0.263 2
-0.0571473 0.0312515 0.263 2
-0.0553146 0.0314655 0.262182 2
-0.0525571 0.03177 0.261 2
-0.0504793 0.032715 0.261 2
-0.0193044 0.0314456 0.261185 2
-0.0165662 0.0314653 0.2624 2
-0.0142805 0.0317821 0.263 2
-0.0549282 0.0341318 0.262625 2
-0.0522765 0.0347639 0.26148 2
-0.0502365 0.0350238 0.261 2
-0.018895 0.0347752 0.261333 2
-0.016609 0.0343795 0.262385 2
-0.0142805 0.0341494 0.263 2
-0.0545777 0.0363942 0.263 2
-0.0524683 0.0377432 0.26244 2
-0.0496551 0.0377447 0.261211 2
-0.0212958 0.0383857 0.261 2
-0.0193609 0.0376334 0.26168 2
-0.0168741 0.0373807 0.262952 2
-0.0519691 0.0406492 0.2628 2
-0.0494458 0.0404516 0.26152 2
-0.0466916 0.040639 0.261 2
-0.0445293 0.0409375 0.261 2
-0.0218221 0.040656 0.261118 2
-0.0194295 0.0406179 0.2626 2
-0.0177474 0.0406797 0.263 2
-0.0514372 0.0435368 0.263 2
-0.049589 0.0434179 0.26228 2
-0.0464908 0.0434239 0.261214 2
-0.0445293 0.0434892 0.261 2
-0.0244125 0.0437728 0.261 2
-0.0224901 0.0434524 0.261313 2
-0.0194543 0.0435239 0.26292 2
-0.0177474 0.0435368 0.263 2
-0.0514372 0.0463938 0.263 2
-0.0495685 0.0465194 0.262379 2
-0.0466694 0.0465745 0.261519 2
-0.0442082 0.0467593 0.261 2
-0.0247903 0.0469861 0.261 2
-0.022397 0.0465502 0.261546 2
-0.0196556 0.0463859 0.262957 2
-0.0177474 0.0455367 0.263 2
-0.0514372 0.0495365 0.263 2
-0.0497105 0.0496989 0.262692 2
-0.0466839 0.0496254 0.26196 2
-0.0437337 0.0495047 0.26132 2
-0.0415543 0.0500104 0.261 2
-0.0255458 0.0494434 0.261 2
-0.0224764 0.049551 0.261567 2
-0.0197281 0.0494935 0.262773 2
-0.0488844 0.0523432 0.263 2
-0.0465047 0.0525898 0.26255 2
-0.0437557 0.0524924 0.261846 2
-0.0406365 0.0525204 0.261035 2
-0.0380126 0.0536963 0.261 2
-0.0340459 0.0536963 0.261 2
-0.0316375 0.0534128 0.261 2
-0.0280014 0.0529403 0.261 2
-0.0256476 0.0524868 0.261407 2
-0.0225346 0.0525265 0.262233 2
-0.020021 0.052653 0.262867 2
-0.0480111 0.0549649 0.263 2
-0.0462382 0.0555009 0.262955 2
-0.0433693 0.0553143 0.262154 2
-0.0404806 0.055532 0.261952 2
-0.0374607 0.0554189 0.2611 2
-0.0346598 0.0556338 0.261 2
-0.0315361 0.055469 0.261333 2
-0.0283792 0.0553975 0.261 2
-0.0253551 0.0555145 0.262296 2
-0.0225679 0.0552117 0.26295 2
-0.0202599 0.0547363 0.263 2
-0.0456318 0.0582029 0.263 2
-0.0434301 0.0583758 0.26292 2
-0.0405262 0.0583058 0.2626 2
-0.0375262 0.0582978 0.262 2
-0.034373 0.0586063 0.261875 2
-0.0314084 0.0583229 0.262111 2
-0.028437 0.058323 0.262111 2
-0.0254291 0.0583344 0.262733 2
-0.042301 0.0603933 0.263 2
-0.0403284 0.0612244 0.263 2
-0.0375679 0.0616896 0.262969 2
-0.0343521 0.0617423 0.262846 2
-0.0315296 0.0613543 0.263 2
-0.0285967 0.0611933 0.263 2
-0.0256192 0.0612504 0.263 2
-0.0374473 0.0638217 0.263 2
-0.0354488 0.0638217 0.263 2
-0.0331648 0.0892493 0.263 2
-0.0314517 0.0892493 0.263 2
-0.0291677 0.0893921 0.263 2
-0.0394459 0.0926777 0.263 2
-0.0374474 0.0926777 0.263 2
-0.0340762 0.0917048 0.262818 2
-0.0313088 0.0914002 0.2618 2
-0.0286103 0.0915067 0.262556 2
-0.0260271 0.0921063 0.263 2
-0.023172 0.0926777 0.263 2
-0.0460125 0.0955347 0.263 2
-0.0401698 0.0948619 0.262571 2
-0.0374786 0.0944667 0.262486 2
-0.0342902 0.0942595 0.2625 2
-0.031308 0.094246 0.2618 2
-0.0285027 0.094429 0.262826 2
-0.0254561 0.0943919 0.263 2
-0.0228457 0.0946368 0.263 2
-0.0190466 0.0953473 0.2628 2
-0.0174398 0.0954129 0.262667 2
-0.049053 0.097962 0.262667 2
-0.0464166 0.0975847 0.262323 2
-0.0434705 0.0977775 0.262769 2
-0.0404367 0.0974552 0.261759 2
-0.0373567 0.0974667 0.261625 2
-0.0344938 0.0974965 0.262571 2
-0.0314517 0.0975347 0.263 2
-0.0285222 0.097466 0.262645 2
-0.0254833 0.0974149 0.262154 2
-0.0224114 0.0975591 0.262875 2
-0.0194699 0.0973706 0.262286 2
-0.0165072 0.0974062 0.26175 2
-0.0145384 0.0979168 0.2628 2
-0.0518655 0.101249 0.263 2
-0.0495517 0.100325 0.26208 2
-0.0464433 0.100184 0.26112 2
-0.0438792 0.0998861 0.261273 2
-0.0406661 0.0995608 0.261143 2
-0.0374459 0.0996283 0.261 2
-0.0343065 0.0995566 0.261471 2
-0.0314271 0.100256 0.261741 2
-0.0284869 0.100481 0.261621 2
-0.0256198 0.10038 0.261 2
-0.0225906 0.100448 0.262 2
-0.0193959 0.10034 0.26212 2
-0.0164881 0.100512 0.262 2
-0.0138032 0.100626 0.262609 2
-0.0519266 0.1028 0.263 2
-0.0495654 0.102998 0.262474 2
-0.0467273 0.10282 0.261667 2
-0.0445293 0.10218 0.261 2
-0.0283792 0.102747 0.261 2
-0.0256766 0.102834 0.261 2
-0.022339 0.102734 0.261381 2
-0.0193865 0.102856 0.262 2
-0.0165422 0.102856 0.262 2
-0.0134294 0.102987 0.262333 2
-0.0114663 0.103249 0.263 2
-4.63666e-05 -0.0784793 0.265 2
0.000528988 -0.0784793 0.265 2
-0.000562849 -0.0761764 0.2648 2
0.000529987 -0.0768958 0.2655 2
-0.000909972 -0.0733428 0.265167 2
-0.00148258 -0.0704177 0.265 2
-0.00148258 -0.067539 0.265 2
-0.00148258 -0.0646602 0.265 2
-0.00153579 -0.0616716 0.265091 2
-0.00143361 -0.0585592 0.265455 2
-0.07004 -0.0555191 0.265333 2
-0.068685 -0.0550966 0.264 2
-0.00162502 -0.0556846 0.26475 2
-0.06982 -0.0524724 0.2645 2
-0.0688283 -0.0526589 0.264 2
-0.00205622 -0.0524697 0.2645 2
-0.00348529 -0.0483571 0.264 2
-0.00220211 -0.0492294 0.264833 2
-0.00348529 -0.0463496 0.264 2
-0.00234411 -0.0464666 0.264667 2
-0.00348529 -0.0434817 0.264 2
-0.00231344 -0.0434513 0.265059 2
-0.00348529 -0.0406138 0.264 2
-0.00234929 -0.0404336 0.265333 2
-0.0694014 -0.0374591 0.264 2
-0.0688283 -0.0374591 0.264 2
-0.00348529 -0.0374591 0.264 2
-0.00238447 -0.0374559 0.26525 2
-0.0679685 -0.0340176 0.264 2
-0.00349322 -0.0343811 0.2646 2
-0.00291873 -0.0343811 0.2646 2
-0.0673953 -0.0314365 0.264 2
-0.00387475 -0.0311203 0.264556 2
-0.00292314 -0.0315556 0.265 2
-0.0677774 -0.0287598 0.264 2
-0.00402926 -0.0285141 0.2645 2
-0.00292682 -0.0284232 0.265333 2
-0.0675662 -0.0254774 0.264667 2
-0.00406728 -0.025573 0.264667 2
-0.00293417 -0.0253175 0.266 2
-0.0677541 -0.0223776 0.2654 2
-0.0659623 -0.0216857 0.264 2
-0.00409996 -0.0225113 0.264588 2
-0.00293417 -0.0224279 0.266 2
-0.0676648 -0.0194691 0.26505 2
-0.0659623 -0.0193914 0.264 2
-0.00448202 -0.0192974 0.264952 2
-0.00293417 -0.0195383 0.266 2
-0.0668723 -0.0166069 0.265333 2
-0.0651025 -0.0153763 0.264 2
-0.00464353 -0.0165735 0.2648 2
-0.00293417 -0.0166486 0.266 2
-0.0671165 -0.0135003 0.265875 2
-0.0651025 -0.0136556 0.264 2
-0.0046 -0.0136327 0.264846 2
-0.00293417 -0.0134701 0.266 2
-0.0669455 -0.0107088 0.265625 2
-0.0651437 -0.0105066 0.264167 2
-0.00492786 -0.0105236 0.264583 2
-0.0667509 -0.00855771 0.266 2
-0.0650216 -0.00712728 0.265 2
-0.00493471 -0.00737403 0.265 2
-0.064776 -0.00449527 0.265 2
-0.00663781 -0.00390473 0.264 2
-0.00518817 -0.0047478 0.265286 2
-0.0647114 -0.00153957 0.265273 2
-0.0625232 -0.000750049 0.264 2
-0.00697252 -0.00136541 0.264286 2
-0.00552056 -0.00161765 0.2654 2
-0.0644613 0.00144775 0.265143 2
-0.0625232 0.00154427 0.264 2
-0.00694326 0.00126186 0.26475 2
-0.00553304 0.001267 0.266 2
-0.0641944 0.00434139 0.265533 2
-0.0626653 0.00471093 0.2646 2
-0.00722356 0.00470785 0.2645 2
-0.00553304 0.00444559 0.266 2
-0.0635266 0.00761931 0.2658 2
-0.0621581 0.00776351 0.264692 2
-0.00722356 0.00758118 0.2645 2
-0.00553304 0.00762417 0.266 2
-0.0635744 0.0105138 0.266 2
-0.0620582 0.0106162 0.265176 2
-0.00921713 0.0115819 0.264 2
-0.00730681 0.010532 0.265048 2
-0.00553304 0.00964691 0.266 2
-0.0635744 0.0128255 0.266 2
-0.0614808 0.0132718 0.26487 2
-0.00921713 0.0133026 0.264 2
-0.00768976 0.0131903 0.265048 2
-0.0613755 0.0164166 0.265455 2
-0.00971841 0.0168035 0.264286 2
-0.00815163 0.0163708 0.2655 2
-0.0614125 0.0193513 0.265667 2
-0.0593707 0.0198988 0.264 2
-0.0102206 0.0198192 0.264571 2
-0.00809023 0.0195394 0.265765 2
-0.0609756 0.0226502 0.266 2
-0.0590814 0.0227482 0.264625 2
-0.0103872 0.0225342 0.26464 2
-0.00812318 0.0226272 0.265733 2
-0.0609756 0.0255398 0.266 2
-0.0593671 0.0252366 0.264833 2
-0.0123696 0.0264949 0.264 2
-0.0103872 0.0254094 0.26464 2
-0.00816626 0.0253328 0.265692 2
-0.0609756 0.0284294 0.266 2
-0.0595956 0.0283226 0.265 2
-0.0127518 0.0287893 0.264 2
-0.0104125 0.0283534 0.26528 2
-0.00870943 0.0284294 0.266 2
-0.0609756 0.0307411 0.266 2
-0.0588574 0.0315066 0.264571 2
-0.0567914 0.0328043 0.264 2
-0.0127995 0.0314421 0.264 2
-0.0107601 0.0314119 0.265454 2
-0.0601093 0.0333418 0.266 2
-0.0581929 0.0346163 0.265158 2
-0.0563001 0.0347709 0.264 2
-0.0128054 0.034757 0.264125 2
-0.010659 0.0345695 0.265545 2
-0.0577786 0.037389 0.265714 2
-0.0555812 0.037662 0.264375 2
-0.0158087 0.0379665 0.264 2
-0.0135512 0.0374977 0.264733 2
-0.0113083 0.0373873 0.266 2
-0.0575104 0.0402769 0.266 2
-0.0556214 0.0404523 0.26525 2
-0.0536389 0.0408344 0.264 2
-0.0161261 0.0406816 0.264154 2
-0.0133597 0.0404163 0.265308 2
-0.0554512 0.0434359 0.265583 2
-0.0527959 0.0436674 0.264286 2
-0.0161067 0.0436203 0.2642 2
-0.0133187 0.0434228 0.2658 2
-0.0553538 0.0464676 0.265643 2
-0.0528907 0.0465284 0.264375 2
-0.0183881 0.0471438 0.264 2
-0.0162454 0.0466065 0.264207 2
-0.0133615 0.0463713 0.265769 2
-0.0552359 0.0494028 0.265571 2
-0.0528465 0.0495005 0.264333 2
-0.0183881 0.0494381 0.264 2
-0.0164073 0.0495195 0.264433 2
-0.0138572 0.0495536 0.265706 2
-0.0547508 0.0523336 0.265727 2
-0.0523768 0.0525014 0.264478 2
-0.0501998 0.0531664 0.264 2
-0.0186747 0.052306 0.264 2
-0.0164462 0.0525176 0.265067 2
-0.0140997 0.052317 0.266 2
-0.054334 0.054436 0.266 2
-0.0522605 0.055408 0.265381 2
-0.049507 0.0554896 0.26425 2
-0.0476205 0.0566078 0.264 2
-0.0218272 0.0566079 0.264 2
-0.0192739 0.0557735 0.264 2
-0.0167422 0.0554248 0.2652 2
-0.0522485 0.0583531 0.266 2
-0.0495433 0.0586522 0.264741 2
-0.0470914 0.0587918 0.264 2
-0.0224036 0.0586244 0.26404 2
-0.0195839 0.058767 0.26468 2
-0.016893 0.0582667 0.2655 2
-0.0517031 0.0612427 0.266 2
-0.0494862 0.0616563 0.265174 2
-0.0464813 0.0614928 0.26404 2
-0.0437079 0.0615581 0.264 2
-0.0415447 0.0622863 0.264 2
-0.0309981 0.0626304 0.264 2
-0.0292786 0.0626304 0.264 2
-0.0244065 0.0623436 0.264 2
-0.0224165 0.0615298 0.2642 2
-0.0196084 0.0617162 0.265 2
-0.0170836 0.0613711 0.266 2
-0.0514464 0.0633938 0.266 2
-0.0496096 0.0645239 0.26556 2
-0.0465385 0.0644394 0.26436 2
-0.0436082 0.0643512 0.264 2
-0.0406735 0.0645118 0.264 2
-0.0373031 0.0652115 0.264 2
-0.0343098 0.0647017 0.264 2
-0.0314965 0.0644509 0.264 2
-0.0287054 0.0643512 0.264 2
-0.0255529 0.0644331 0.264 2
-0.0224299 0.0644394 0.26436 2
-0.0196197 0.0646344 0.26516 2
-0.0172761 0.0642607 0.266 2
-0.0492578 0.0674801 0.265875 2
-0.0466718 0.0675045 0.26512 2
-0.043506 0.0674091 0.2645 2
-0.0402367 0.067351 0.264067 2
-0.0373744 0.0674219 0.264071 2
-0.0345463 0.0674335 0.26484 2
-0.0315537 0.0674943 0.264357 2
-0.0286532 0.0675419 0.264032 2
-0.0255461 0.0672947 0.264448 2
-0.0224884 0.067484 0.26504 2
-0.0197311 0.06754 0.265652 2
-0.0488475 0.069751 0.266 2
-0.0465182 0.0704304 0.265809 2
-0.0434418 0.070322 0.265034 2
-0.0403997 0.0705095 0.265 2
-0.037366 0.0705094 0.265 2
-0.0345677 0.0703524 0.265 2
-0.0317373 0.0704373 0.264727 2
-0.0284681 0.0705831 0.265 2
-0.0254305 0.0705445 0.26572 2
-0.0225563 0.0705761 0.26584 2
-0.020365 0.0703027 0.266 2
-0.0456711 0.0735075 0.266 2
-0.0431872 0.0735171 0.265172 2
-0.0403212 0.0735191 0.265 2
-0.0374444 0.073519 0.265 2
-0.0345464 0.0734721 0.264833 2
-0.0316785 0.073491 0.2649 2
-0.0286097 0.0733854 0.265355 2
-0.0254577 0.0735075 0.266 2
-0.0227276 0.0734287 0.266 2
-0.0208375 0.0726406 0.266 2
-0.0455267 0.0762526 0.266 2
-0.0432236 0.0765482 0.265304 2
-0.0403212 0.0766857 0.265 2
-0.0374444 0.0766857 0.265 2
-0.0345316 0.0766054 0.26472 2
-0.0316859 0.0766743 0.26496 2
-0.0286388 0.076514 0.265719 2
-0.0254577 0.0763972 0.266 2
-0.0225701 0.0763972 0.266 2
-0.0208375 0.0763971 0.266 2
-0.0453824 0.0784198 0.266 2
-0.0434363 0.0793873 0.266 2
-0.0404284 0.0794866 0.2657 2
-0.0374732 0.0793369 0.2652 2
-0.0345677 0.0795644 0.265 2
-0.0316909 0.0795644 0.265 2
-0.0285042 0.0795045 0.264806 2
-0.0254155 0.0794449 0.265567 2
-0.0225701 0.0792868 0.266 2
-0.0204525 0.079672 0.266 2
-0.0429355 0.0822068 0.266 2
-0.0404734 0.0824654 0.266 2
-0.0375857 0.0824654 0.266 2
-0.0346105 0.0825424 0.26532 2
-0.0316909 0.0824432 0.265 2
-0.0284182 0.0825368 0.264889 2
-0.0254148 0.0826183 0.26556 2
-0.0225701 0.0824654 0.266 2
-0.0198157 0.0826432 0.266 2
-0.016737 0.083679 0.266 2
-0.0432857 0.0857445 0.266 2
-0.0403765 0.0854369 0.26536 2
-0.0373965 0.0854844 0.265111 2
-0.0345375 0.0855334 0.264767 2
-0.0316156 0.0854039 0.264367 2
-0.0285482 0.0853911 0.264588 2
-0.0254457 0.0856052 0.26588 2
-0.0225701 0.085644 0.266 2
-0.0196824 0.085644 0.266 2
-0.016506 0.085644 0.266 2
-0.0453824 0.0894004 0.266 2
-0.0433044 0.0885744 0.265923 2
-0.0403317 0.088511 0.265067 2
-0.0374568 0.0884718 0.264643 2
-0.0345369 0.0883666 0.264 2
-0.0315713 0.0878679 0.264 2
-0.0283883 0.0881618 0.264167 2
-0.0255694 0.0885744 0.265059 2
-0.0226212 0.0886119 0.265852 2
-0.0196824 0.0885336 0.266 2
-0.0165885 0.088451 0.266 2
-0.0455749 0.0916158 0.266 2
-0.0432623 0.0914918 0.265518 2
-0.0402856 0.0915718 0.26476 2
-0.0373204 0.0913504 0.26412 2
-0.0350104 0.0905924 0.264 2
-0.027559 0.0901622 0.264 2
-0.0253324 0.0912653 0.264 2
-0.0223953 0.0913575 0.264679 2
-0.0196302 0.0914696 0.2653 2
-0.0170836 0.0914232 0.266 2
-0.0547739 0.0952286 0.265333 2
-0.0528971 0.0953086 0.265556 2
-0.0487098 0.0954857 0.26525 2
-0.046582 0.0945217 0.265125 2
-0.0436613 0.0945307 0.264848 2
-0.0411174 0.0938464 0.2642 2
-0.0217453 0.0941363 0.264 2
-0.0196652 0.0941754 0.264364 2
-0.0164718 0.094442 0.265176 2
-0.0143709 0.095414 0.26525 2
-0.0547051 0.0974127 0.265 2
-0.0523114 0.0973052 0.265034 2
-0.0499622 0.0969508 0.264737 2
-0.0466652 0.0964716 0.264 2
-0.0436357 0.0964365 0.264167 2
-0.0132889 0.0975309 0.265214 2
-0.0103698 0.0982138 0.266 2
-0.0082681 0.0982655 0.26575 2
-0.0544749 0.0994854 0.265 2
-0.0527818 0.100026 0.2643 2
-0.0124407 0.100083 0.2643 2
-0.0104558 0.100459 0.265269 2
-0.00755176 0.10064 0.26592 2
-0.0120831 0.102207 0.264 2
-0.0101637 0.103344 0.2648 2
-0.00870943 0.10356 0.266 2
-0.00870943 0.105293 0.266 2
0.00140253 -0.0782015 0.267 2
-4.67165e-05 -0.0755911 0.267 2
0.00182086 -0.0762614 0.267917 2
-4.67165e-05 -0.0735607 0.267 2
0.00169908 -0.0733375 0.26788 2
-4.67165e-05 -0.0706602 0.267 2
0.00170104 -0.0704896 0.26812 2
-4.68623e-05 -0.0676794 0.267833 2
0.00108364 -0.0676816 0.268563 2
-4.68215e-05 -0.0644249 0.2676 2
0.0016829 -0.0643521 0.268741 2
-4.68915e-05 -0.0616086 0.268 2
0.00153771 -0.0615054 0.268762 2
-4.69498e-05 -0.0584773 0.268333 2
0.000535642 -0.0584773 0.268333 2
-0.000433376 -0.0550976 0.268111 2
0.000536973 -0.0554096 0.269 2
-0.000626507 -0.0525883 0.267533 2
0.00143519 -0.0519184 0.268846 2
-0.000660565 -0.0494556 0.267294 2
0.00170465 -0.0495283 0.2688 2
-0.000626495 -0.0463767 0.267467 2
0.00125533 -0.047052 0.268769 2
-0.000773113 -0.0436762 0.267833 2
0.000536973 -0.0445974 0.269 2
-0.000922556 -0.0404803 0.268833 2
-0.000923128 -0.0372919 0.269 2
-0.00149939 -0.0345319 0.268 2
-0.00155178 -0.0314781 0.267909 2
-0.00149939 -0.0284192 0.268 2
-0.00175192 -0.0257855 0.268286 2
-0.00208343 -0.0225965 0.268 2
-0.00208343 -0.0196852 0.268 2
-0.00191768 -0.0162828 0.268143 2
-0.0681612 -0.0135207 0.267 2
-0.00189005 -0.0134833 0.268167 2
-0.0681612 -0.00975008 0.267 2
-0.0035249 -0.0103302 0.267 2
-0.00237173 -0.0103605 0.2678 2
-0.0679276 -0.00733 0.268111 2
-0.00353546 -0.00745108 0.2678 2
-0.0024834 -0.00778855 0.268455 2
-0.0677529 -0.004624 0.26825 2
-0.0040064 -0.00422164 0.267545 2
-0.00295844 -0.00454869 0.2682 2
-0.0676321 -0.00163081 0.2672 2
-0.00410988 -0.00163145 0.2674 2
-0.00295844 -0.00163691 0.2682 2
-0.0676836 0.00127324 0.2674 2
-0.00411207 0.00127518 0.267533 2
-0.00295844 0.00127835 0.2682 2
-0.0670665 0.00439884 0.267684 2
-0.0653391 0.00508699 0.267143 2
-0.00423898 0.00430702 0.2682 2
-0.00296726 0.00361906 0.269 2
-0.0670305 0.00780862 0.268824 2
-0.0650148 0.0075349 0.267538 2
-0.0041606 0.00776406 0.268 2
-0.00296726 0.00800238 0.269 2
-0.0666693 0.0103819 0.269 2
-0.0649252 0.0105928 0.268 2
-0.00452966 0.0107498 0.267762 2
-0.00296726 0.0106324 0.269 2
-0.0663356 0.0135546 0.269 2
-0.0644901 0.0137315 0.267571 2
-0.00671323 0.0143239 0.267 2
-0.00492132 0.0134474 0.267952 2
-0.00296726 0.0123857 0.269 2
-0.0663356 0.0158923 0.269 2
-0.0642729 0.0163978 0.2677 2
-0.00671324 0.0163543 0.267 2
-0.00506474 0.0163129 0.268445 2
-0.0640952 0.0190774 0.268 2
-0.0623642 0.020705 0.267 2
-0.00671324 0.0195449 0.267 2
-0.00557465 0.0193269 0.268 2
-0.0639518 0.0223055 0.2688 2
-0.0625977 0.0228205 0.268 2
-0.00671324 0.0227353 0.267 2
-0.0055788 0.0222557 0.2682 2
-0.0639994 0.0255356 0.269 2
-0.0625977 0.0257318 0.268 2
-0.00691904 0.0258783 0.2675 2
-0.00559544 0.0255356 0.269 2
-0.0639994 0.0278734 0.269 2
-0.0625977 0.0286432 0.268 2
-0.00731053 0.0286118 0.2677 2
-0.00559544 0.0275812 0.269 2
-0.0631233 0.0325489 0.269 2
-0.0621237 0.0316799 0.267833 2
-0.00932187 0.0314368 0.267 2
-0.00761469 0.0315781 0.2682 2
-0.0631233 0.0337178 0.269 2
-0.0613311 0.0344408 0.2678 2
-0.0597555 0.0349174 0.267 2
-0.00932187 0.0343373 0.267 2
-0.00761469 0.0344916 0.2682 2
-0.0612808 0.0374612 0.2686 2
-0.0593626 0.0379217 0.267364 2
-0.0100803 0.0378168 0.267235 2
-0.00794986 0.0372931 0.268556 2
-0.061131 0.0402302 0.268583 2
-0.0590711 0.0407284 0.267294 2
-0.0104883 0.0406324 0.2672 2
-0.00821271 0.0403888 0.268667 2
-0.0610114 0.0433134 0.2687 2
-0.0587263 0.043615 0.267385 2
-0.0104974 0.0435748 0.26744 2
-0.00821271 0.0433074 0.268667 2
-0.0607288 0.0460496 0.269 2
-0.0583882 0.046559 0.267579 2
-0.0105105 0.0465418 0.2678 2
-0.0084183 0.0458937 0.269 2
-0.0602031 0.0494978 0.269 2
-0.0585576 0.0495129 0.267952 2
-0.0565673 0.05029 0.267 2
-0.0125102 0.0494198 0.267 2
-0.0104861 0.0495954 0.268308 2
-0.00880766 0.0494978 0.269 2
-0.0581611 0.0527221 0.268556 2
-0.0562364 0.052407 0.267111 2
-0.0128415 0.0525689 0.267 2
-0.0105428 0.0526338 0.2686 2
-0.00880766 0.0527122 0.269 2
-0.0580466 0.0554593 0.268778 2
-0.0555208 0.0555649 0.2674 2
-0.0539586 0.056091 0.267 2
-0.0151188 0.0558009 0.267 2
-0.0134067 0.0554531 0.26756 2
-0.0108476 0.0556142 0.2689 2
-0.057575 0.0579722 0.269 2
-0.0557732 0.0585656 0.268444 2
-0.0537102 0.0590328 0.267 2
-0.0154087 0.0589914 0.267 2
-0.0134302 0.0584642 0.26804 2
-0.0114358 0.0585566 0.269 2
-0.0552132 0.0613772 0.268556 2
-0.0531557 0.0616791 0.267333 2
-0.0154313 0.0616937 0.2674 2
-0.0134688 0.0615721 0.26837 2
-0.0114358 0.0603099 0.269 2
-0.054848 0.0641196 0.2688 2
-0.0526093 0.0647607 0.267667 2
-0.0157399 0.0647509 0.267 2
-0.0134383 0.0645566 0.268696 2
-0.0543627 0.0673232 0.269 2
-0.0523781 0.0674879 0.2678 2
-0.0501905 0.068563 0.267 2
-0.0180173 0.0676929 0.267 2
-0.0163421 0.0675111 0.267636 2
-0.0138657 0.0671509 0.268933 2
-0.0543627 0.0693688 0.269 2
-0.0522928 0.0704826 0.268182 2
-0.0496471 0.0706296 0.267 2
-0.0187874 0.0705172 0.267294 2
-0.016314 0.0706128 0.268667 2
-0.014356 0.0705377 0.269 2
-0.0522802 0.0736979 0.2688 2
-0.0493628 0.0733976 0.267462 2
-0.0472921 0.0734938 0.267 2
-0.0214955 0.074364 0.267 2
-0.0194042 0.0736417 0.267406 2
-0.0163672 0.0736092 0.26848 2
-0.014356 0.0737521 0.269 2
-0.0521726 0.0764551 0.269 2
-0.0494696 0.0764483 0.2678 2
-0.0470914 0.0768182 0.267 2
-0.0191902 0.0766253 0.2672 2
-0.0163484 0.0764354 0.26816 2
-0.0140223 0.0769248 0.269 2
-0.0520683 0.079847 0.269 2
-0.0494696 0.0793575 0.2678 2
-0.0465881 0.0797505 0.267 2
-0.0190271 0.0793514 0.267238 2
-0.0163392 0.0793006 0.268 2
-0.0135676 0.079595 0.268739 2
-0.0117279 0.080181 0.269 2
-0.0523186 0.0825187 0.269 2
-0.0494914 0.082461 0.268037 2
-0.046451 0.0825349 0.26716 2
-0.0442325 0.0830009 0.267 2
-0.0184113 0.0818099 0.267111 2
-0.0162336 0.0821354 0.267333 2
-0.0134702 0.0824623 0.268035 2
-0.011561 0.0827692 0.269 2
-0.0520266 0.0847104 0.269 2
-0.0496766 0.0856001 0.268783 2
-0.0465001 0.085527 0.26744 2
-0.0443936 0.0845157 0.267 2
-0.0133661 0.0855269 0.267654 2
-0.0111722 0.0854902 0.268813 2
-0.0492251 0.0883003 0.268706 2
-0.0465521 0.0882857 0.267304 2
-0.0133889 0.0883524 0.2672 2
-0.0111293 0.0884478 0.268667 2
-0.048991 0.0914639 0.268563 2
-0.0470941 0.0914023 0.267312 2
-0.0154087 0.0914769 0.267 2
-0.0135207 0.0914861 0.267615 2
-0.0110959 0.0913206 0.268857 2
-0.0571765 0.0943231 0.2685 2
-0.0555457 0.0942385 0.268444 2
-0.0525881 0.0948486 0.267947 2
-0.0496678 0.0944864 0.268053 2
-0.0475819 0.0935072 0.267 2
-0.0154087 0.0935072 0.267 2
-0.0131997 0.0944377 0.267792 2
-0.0107632 0.0947906 0.268773 2
-0.00796864 0.0956595 0.268857 2
-0.0122356 0.0965273 0.267333 2
-0.0105526 0.0968074 0.267263 2
-0.00744328 0.0973611 0.26784 2
-0.00559544 0.0985909 0.269 2
-0.00671323 0.0993081 0.267 2
-0.0046941 0.100401 0.2676 2
-0.00261022 0.100234 0.2684 2
-0.00729293 0.103659 0.267 2
-0.00490513 0.103314 0.267 2
-0.0029452 0.102209 0.267 2
-0.0073055 0.105596 0.2675 2
-0.00557465 0.105794 0.268 2
0.00259071 -0.0691077 0.27 2
0.00259454 -0.0674481 0.2704 2
0.0025907 -0.0606018 0.27 2
0.00376313 -0.0611884 0.27 2
0.0020045 -0.0585487 0.27 2
0.00376313 -0.0594286 0.27 2
0.00200449 -0.0556156 0.27 2
0.00200449 -0.0532691 0.27 2
0.0018883 -0.0462631 0.2702 2
-4.73289e-05 -0.0430819 0.2705 2
0.000834492 -0.0435995 0.270667 2
-4.74164e-05 -0.0405131 0.271 2
0.000540966 -0.0405131 0.271 2
-4.75914e-05 -0.0377078 0.272 2
0.000542962 -0.0377078 0.272 2
-4.75914e-05 -0.034753 0.272 2
0.000542962 -0.034753 0.272 2
-4.74164e-05 -0.0316813 0.271 2
0.000935555 -0.0310766 0.271444 2
-4.74164e-05 -0.0287373 0.271 2
0.000935555 -0.0289158 0.271444 2
-0.000487045 -0.025336 0.270833 2
0.000542297 -0.0255603 0.271667 2
-0.000668037 -0.0224339 0.270588 2
0.000542962 -0.0223428 0.272 2
-0.000633568 -0.019293 0.270667 2
0.000542962 -0.019388 0.272 2
-0.000588493 -0.0165394 0.270769 2
0.000542962 -0.0164332 0.272 2
-0.000588493 -0.0132369 0.270769 2
0.000542962 -0.0134784 0.272 2
-0.000780634 -0.0106126 0.2705 2
0.000542962 -0.0114101 0.272 2
-0.00126497 -0.00728866 0.271 2
-0.0692201 -0.00428678 0.27 2
-0.0686339 -0.00428678 0.27 2
-0.00176929 -0.00484939 0.271 2
-0.00176707 -0.00139873 0.270714 2
-0.00158182 0.00115998 0.271 2
-0.00356451 0.00539236 0.27 2
-0.00230788 0.0045019 0.270769 2
-0.00356451 0.00656559 0.27 2
-0.00217379 0.00740328 0.270923 2
-0.0677546 0.0112585 0.27 2
-0.00210675 0.0107114 0.271 2
-0.0678048 0.0136146 0.2702 2
-0.00356451 0.0138983 0.27 2
-0.00235576 0.0137248 0.270714 2
-0.0674913 0.0168079 0.270286 2
-0.00381763 0.0168826 0.270143 2
-0.00240111 0.0166086 0.271133 2
-0.0672742 0.0194931 0.271312 2
-0.0654097 0.0200577 0.27 2
-0.00415512 0.0194951 0.270333 2
-0.00251216 0.0192602 0.271545 2
-0.0673049 0.0225471 0.271733 2
-0.0654097 0.0224042 0.27 2
-0.00396486 0.0225676 0.270778 2
-0.00298933 0.021604 0.271 2
-0.0670612 0.0253419 0.271182 2
-0.0654097 0.0253373 0.27 2
-0.00387302 0.0254505 0.2712 2
-0.0671533 0.0282744 0.271917 2
-0.0651568 0.0285076 0.270538 2
-0.00457414 0.0283633 0.2709 2
-0.0668223 0.0311813 0.272 2
-0.0645811 0.0314515 0.270353 2
-0.0050938 0.0314375 0.270636 2
-0.0664848 0.0332074 0.272 2
-0.0646767 0.0346778 0.271375 2
-0.0627718 0.0353097 0.27 2
-0.00504649 0.0345562 0.271 2
-0.0643202 0.0373712 0.271722 2
-0.0627718 0.0367763 0.27 2
-0.00683054 0.0380752 0.27 2
-0.00512135 0.0374636 0.271444 2
-0.0636925 0.0402866 0.271615 2
-0.0624159 0.0413284 0.271 2
-0.00678866 0.0405892 0.27 2
-0.00564744 0.0405209 0.2715 2
-0.0630043 0.0436835 0.271 2
-0.0624159 0.0436835 0.271 2
-0.00678866 0.0435223 0.27 2
-0.00564398 0.043441 0.271333 2
-0.0635013 0.0465726 0.271444 2
-0.0619227 0.0469421 0.270556 2
-0.00723147 0.0466974 0.270125 2
-0.00565785 0.0467995 0.272 2
-0.0632368 0.0494588 0.272 2
-0.0617216 0.0494353 0.270714 2
-0.00738745 0.0494799 0.2705 2
-0.00565785 0.0497543 0.272 2
-0.0612172 0.0525437 0.270714 2
-0.0598407 0.0526148 0.27 2
-0.00738745 0.0524184 0.2705 2
-0.00565785 0.0527091 0.272 2
-0.0612857 0.0555008 0.2712 2
-0.0598407 0.0552546 0.27 2
-0.00942661 0.0555479 0.27 2
-0.00763661 0.0554408 0.270667 2
-0.00565784 0.055073 0.272 2
-0.0609805 0.0583677 0.271444 2
-0.0586683 0.0587743 0.27 2
-0.0100175 0.0586079 0.270133 2
-0.00770251 0.0584638 0.27128 2
-0.0605348 0.0615291 0.2718 2
-0.0584844 0.0615278 0.2705 2
-0.0566166 0.062294 0.27 2
-0.0105551 0.0616436 0.270333 2
-0.00830442 0.0614981 0.271667 2
-0.0605793 0.0642328 0.272 2
-0.0586041 0.0644386 0.271381 2
-0.0561826 0.0647157 0.270091 2
-0.0106269 0.064469 0.27076 2
-0.00841973 0.0641848 0.271909 2
-0.0576313 0.0669794 0.271556 2
-0.0558207 0.0674775 0.2704 2
-0.0127485 0.0679646 0.27 2
-0.0105543 0.0673047 0.27087 2
-0.00890589 0.0674831 0.272 2
-0.0573312 0.0704379 0.272 2
-0.0557262 0.0706731 0.270889 2
-0.0539786 0.0710932 0.27 2
-0.0129439 0.0705066 0.27 2
-0.0106849 0.0704672 0.271172 2
-0.00890589 0.0704379 0.272 2
-0.0575843 0.0737304 0.272 2
-0.0556511 0.073564 0.271 2
-0.0539786 0.0734397 0.27 2
-0.012953 0.0734939 0.2702 2
-0.0106847 0.0736342 0.271565 2
-0.00890589 0.0733927 0.272 2
-0.057819 0.0763699 0.271688 2
-0.0556534 0.0765173 0.27081 2
-0.0537274 0.076708 0.27 2
-0.0129094 0.076257 0.270231 2
-0.0109494 0.0764872 0.27145 2
-0.0580929 0.0795162 0.271722 2
-0.055599 0.0795261 0.27075 2
-0.0534375 0.0791253 0.27 2
-0.0123577 0.0787192 0.27 2
-0.0107284 0.07943 0.27119 2
-0.00890589 0.0804842 0.272 2
-0.0578043 0.082275 0.271643 2
-0.0555497 0.0825403 0.270714 2
-0.0539786 0.0825322 0.27 2
-0.0102573 0.0825274 0.270864 2
-0.00890043 0.0825011 0.271833 2
-0.0581221 0.0855977 0.271619 2
-0.0555849 0.0856804 0.270682 2
-0.0530821 0.0861037 0.27 2
-0.00973716 0.085623 0.2705 2
-0.00812023 0.0856577 0.271737 2
-0.058003 0.0884314 0.271 2
-0.0555603 0.0886026 0.270722 2
-0.0524233 0.0886008 0.27008 2
-0.0504614 0.088985 0.27 2
-0.00973716 0.0885615 0.2705 2
-0.00813202 0.0885226 0.271706 2
-0.0578348 0.0912512 0.270941 2
-0.055419 0.0916124 0.270833 2
-0.0524795 0.091613 0.270833 2
-0.0505362 0.0917609 0.2704 2
-0.00973716 0.0915 0.2705 2
-0.00788291 0.0917685 0.271667 2
-0.0574959 0.0933846 0.27 2
-0.0557373 0.0933846 0.27 2
-0.0524443 0.0938451 0.2704 2
-0.0504614 0.0939712 0.27 2
-0.00995155 0.0937487 0.270111 2
-0.00759501 0.094316 0.270393 2
-0.0049098 0.095009 0.2715 2
-0.00445784 0.0973729 0.271 2
-0.00401077 0.0992873 0.2705 2
-0.00181704 0.0996171 0.2718 2
0.00262909 -0.0460195 0.274 2
0.00210329 -0.0434922 0.274111 2
0.00383282 -0.042306 0.275 2
0.00198304 -0.0405542 0.274182 2
0.00383282 -0.0405136 0.275 2
0.00203899 -0.037458 0.2745 2
0.00383282 -0.0375262 0.275 2
0.00203559 -0.0344269 0.2741 2
0.00383003 -0.0345146 0.2748 2
0.00217615 -0.0315593 0.273125 2
0.00380959 -0.0319548 0.273333 2
0.00217615 -0.0281463 0.273125 2
0.00382167 -0.0284801 0.2742 2
0.00203751 -0.0255107 0.2743 2
0.00383282 -0.0261741 0.275 2
0.00143929 -0.0225071 0.274 2
0.0014435 -0.0195867 0.2748 2
0.00143929 -0.0165541 0.274 2
0.00143929 -0.0135775 0.274 2
-4.77663e-05 -0.00996917 0.273 2
0.00123614 -0.0104797 0.274385 2
-4.78363e-05 -0.00760647 0.2734 2
0.000801053 -0.00795179 0.273571 2
-0.000532849 -0.0043192 0.273727 2
0.000548152 -0.00465682 0.2746 2
-0.00053288 -0.00199439 0.273909 2
0.00054895 -0.00167752 0.275 2
-0.00030204 0.00164608 0.274429 2
0.00054895 0.00130987 0.275 2
-0.000640606 0.00427643 0.273667 2
0.00054895 0.00429726 0.275 2
-0.000640606 0.00724933 0.273667 2
0.00054895 0.00728465 0.275 2
-0.000675458 0.0104286 0.273588 2
0.00054895 0.010272 0.275 2
-0.000640606 0.0135906 0.273667 2
0.00054895 0.0132594 0.275 2
-0.000641063 0.0165722 0.2738 2
0.00054895 0.0162468 0.275 2
-0.00133486 0.0198461 0.273833 2
-0.00153301 0.0224374 0.274 2
-0.00153612 0.0254518 0.2744 2
-0.0679147 0.0294742 0.273 2
-0.00330775 0.0291776 0.273 2
-0.00193364 0.028426 0.274333 2
-0.00330775 0.0315501 0.273 2
-0.00213785 0.0317813 0.275 2
-0.0667292 0.0348123 0.273 2
-0.00330775 0.0345158 0.273 2
-0.00213785 0.0347686 0.275 2
-0.0667292 0.0374814 0.273 2
-0.0655438 0.0383712 0.273 2
-0.00350936 0.037726 0.273333 2
-0.00213785 0.037756 0.275 2
-0.0668053 0.0407561 0.274154 2
-0.0652612 0.0405631 0.273333 2
-0.00390653 0.0405212 0.2735 2
-0.00213785 0.0401459 0.275 2
-0.0668392 0.0436778 0.274667 2
-0.0647344 0.0434658 0.273333 2
-0.00390653 0.0434923 0.2735 2
-0.066226 0.0466516 0.2746 2
-0.0649363 0.0463948 0.273727 2
-0.00390896 0.0464971 0.2737 2
-0.0663225 0.0491081 0.275 2
-0.0647464 0.0493463 0.273769 2
-0.00390653 0.0494345 0.2735 2
-0.0643763 0.0525652 0.274333 2
-0.0628765 0.0523098 0.273 2
-0.00390896 0.0524446 0.2737 2
-0.0643763 0.0555454 0.274333 2
-0.0628765 0.0552754 0.273 2
-0.00407763 0.0556231 0.274182 2
-0.064158 0.0586184 0.274474 2
-0.0628765 0.0570548 0.273 2
-0.00510117 0.0584342 0.2739 2
-0.0636418 0.0616675 0.274167 2
-0.0619875 0.0615033 0.273 2
-0.0068641 0.0617999 0.273 2
-0.00511278 0.061543 0.2745 2
-0.0640636 0.0644058 0.274556 2
-0.0617732 0.0647895 0.2731 2
-0.00701451 0.0649714 0.273533 2
-0.00558042 0.064254 0.274429 2
-0.0636357 0.066435 0.275 2
-0.0616867 0.0675173 0.274 2
-0.0591085 0.0678159 0.273 2
-0.00717927 0.0675721 0.2738 2
-0.00542172 0.0676299 0.275 2
-0.0608758 0.0705317 0.274667 2
-0.0587999 0.0705847 0.273333 2
-0.00717927 0.0705464 0.2738 2
-0.00542172 0.0706173 0.275 2
-0.0611879 0.0735246 0.274563 2
-0.0590447 0.0735698 0.273176 2
-0.00717927 0.0735208 0.2738 2
-0.00542172 0.0736047 0.275 2
-0.0614124 0.0764253 0.2744 2
-0.0596166 0.0766282 0.273 2
-0.00953135 0.0766282 0.273 2
-0.00768071 0.0764871 0.274 2
-0.00542172 0.0753971 0.275 2
-0.0614721 0.079483 0.274667 2
-0.0596166 0.0790007 0.273 2
-0.00953135 0.0792973 0.273 2
-0.00776107 0.0795171 0.274154 2
-0.0609336 0.0822487 0.274294 2
-0.0593202 0.0828985 0.273 2
-0.00728018 0.0825111 0.273696 2
-0.00542172 0.0831644 0.275 2
-0.0605056 0.0843389 0.273 2
-0.0593202 0.0843389 0.273 2
-0.00669838 0.0852152 0.273533 2
-0.00519704 0.0859288 0.274636 2
-0.0068641 0.089084 0.273 2
-0.00451312 0.0883276 0.274333 2
-0.0068641 0.0908634 0.273 2
-0.00497006 0.0916385 0.274231 2
-0.00406952 0.0941232 0.273545 2
-0.0014276 0.0951768 0.274368 2
0.000906392 0.0953327 0.2746 2
-0.00123378 0.0974727 0.27324 2
0.000545756 0.0975293 0.2734 2
-0.000894514 0.0994215 0.273 2
0.000544958 0.0997605 0.273 2
0.00387463 -0.0485055 0.278 2
0.00386766 -0.0466106 0.2775 2
0.00384675 -0.043959 0.276 2
0.00384675 -0.0247701 0.276 2
0.00264828 -0.0226714 0.276 2
0.00384675 -0.0226714 0.276 2
0.00264828 -0.0196731 0.276 2
0.00384675 -0.0196731 0.276 2
0.00264828 -0.0166749 0.276 2
0.00384675 -0.0166749 0.276 2
0.00264828 -0.0136766 0.276 2
0.00385233 -0.0136951 0.2764 2
0.00265404 -0.010702 0.2766 2
0.00386534 -0.0109291 0.277333 2
0.00212095 -0.00756233 0.276556 2
0.00387463 -0.00773578 0.278 2
0.00205916 -0.0047001 0.2771 2
0.00387463 -0.0047158 0.278 2
0.00206126 -0.00169277 0.2775 2
0.00387463 -0.00169582 0.278 2
0.00206126 0.00132178 0.2775 2
0.00387463 0.00102216 0.278 2
0.00165712 0.00412979 0.277167 2
0.00180146 0.00708635 0.277286 2
0.00145506 0.0103467 0.277 2
0.00145506 0.0133559 0.277 2
0.00145716 0.0163899 0.2774 2
-4.82912e-05 0.0193042 0.276 2
0.00115719 0.0193974 0.277333 2
-4.83612e-05 0.022336 0.2764 2
0.00115745 0.0224213 0.277467 2
-4.84662e-05 0.0253923 0.277 2
0.000956217 0.0250304 0.277444 2
-0.000601529 0.0285391 0.276538 2
0.000553741 0.0284438 0.2774 2
-0.000649932 0.0314484 0.277333 2
0.000554939 0.031524 0.278 2
-0.000649932 0.0344611 0.277333 2
0.000554939 0.0345439 0.278 2
-0.000647647 0.0373838 0.276667 2
0.000554939 0.0375639 0.278 2
-0.000873617 0.0404949 0.276875 2
0.000554939 0.0402819 0.278 2
-0.0015481 0.0433686 0.2765 2
-0.0675848 0.0466738 0.2765 2
-0.00154982 0.0464562 0.277 2
-0.0676135 0.0494914 0.277143 2
-0.0659644 0.050486 0.276 2
-0.00154913 0.0494289 0.2768 2
-0.0673802 0.0526701 0.277471 2
-0.0659644 0.0516853 0.276 2
-0.00129819 0.0523767 0.27675 2
0.000554939 0.0523618 0.278 2
-0.0672277 0.0555836 0.2775 2
-0.00154879 0.0554241 0.2767 2
-0.0671473 0.0584522 0.277444 2
-0.0033441 0.0585812 0.276 2
-0.00170363 0.0583453 0.277375 2
-0.0671388 0.0617162 0.277647 2
-0.0650656 0.0615795 0.276 2
-0.00335137 0.0614142 0.2766 2
-0.00216117 0.0617238 0.278 2
-0.0667446 0.0638505 0.27675 2
-0.0659644 0.0648776 0.276 2
-0.00388348 0.0645406 0.276556 2
-0.00216117 0.0635357 0.278 2
-0.0662512 0.0675696 0.2772 2
-0.0647629 0.0676553 0.276625 2
-0.00394939 0.0673981 0.2765 2
-0.0664424 0.0695757 0.278 2
-0.0645325 0.0704598 0.277571 2
-0.0626686 0.0705743 0.276 2
-0.0039571 0.070555 0.2771 2
-0.0643537 0.0738487 0.277667 2
-0.0626686 0.0729729 0.276 2
-0.00411252 0.0734113 0.277375 2
-0.0642153 0.0763835 0.2775 2
-0.00604067 0.0768706 0.276 2
-0.00423149 0.0765838 0.277238 2
-0.0642153 0.079398 0.2775 2
-0.00604067 0.0792692 0.276 2
-0.00425923 0.0793723 0.2772 2
-0.0642505 0.0812098 0.277 2
-0.0629682 0.081368 0.276 2
-0.00604067 0.0816678 0.276 2
-0.00415643 0.0823154 0.277304 2
-0.00383647 0.0852718 0.277 2
-0.00215858 0.0863832 0.277667 2
-0.0033441 0.0870647 0.276 2
-0.00118437 0.0882625 0.276607 2
0.00153131 0.0880674 0.277042 2
-0.0033441 0.091562 0.276 2
-0.00124677 0.0912622 0.276 2
0.00115018 0.0912622 0.276 2
-0.00102205 0.0938107 0.276 2
0.00115018 0.0939607 0.276 2
0.00390251 -0.010529 0.28 2
0.00388857 0.00254126 0.279 2
0.00267707 0.00466286 0.279 2
0.00388856 0.00435977 0.279 2
0.00267707 0.00799678 0.279 2
0.00388856 0.00739061 0.279 2
0.00267706 0.0104215 0.279 2
0.00388856 0.0104215 0.279 2
0.00268282 0.0134825 0.2796 2
0.00390529 0.013511 0.2802 2
0.00268666 0.0165422 0.28 2
0.00391644 0.0159908 0.281 2
0.00268666 0.0195839 0.28 2
0.00391644 0.0208749 0.281 2
0.00268666 0.0226256 0.28 2
0.00391644 0.0220959 0.281 2
0.0020549 0.0257861 0.279769 2
0.0030013 0.0263695 0.281 2
0.00155162 0.0285526 0.279545 2
0.0030013 0.0275905 0.281 2
0.00147082 0.0317507 0.28 2
0.00147082 0.0344883 0.28 2
0.00147082 0.0372258 0.28 2
-4.88161e-05 0.0419422 0.279 2
0.00138774 0.0404198 0.279909 2
-4.88161e-05 0.0437607 0.279 2
0.00112255 0.0433902 0.280231 2
-4.89911e-05 0.0466551 0.28 2
0.000558931 0.0466551 0.28 2
-0.0686847 0.0504849 0.281 2
-4.88861e-05 0.0492855 0.2794 2
0.00105769 0.0497403 0.280091 2
-4.88161e-05 0.0510348 0.279 2
0.00138774 0.0523071 0.279909 2
-4.88161e-05 0.0552779 0.279 2
0.00116829 0.0554901 0.280067 2
-0.000308499 0.0587456 0.279429 2
0.00112301 0.0584269 0.280462 2
-0.0684402 0.060647 0.28 2
-0.000697923 0.0613626 0.2795 2
0.000560428 0.0614202 0.28075 2
-0.00133362 0.0646395 0.279706 2
0.000560927 0.0630004 0.281 2
-0.00156491 0.0675221 0.2795 2
-0.0663785 0.0710383 0.279 2
-0.0654699 0.0716445 0.279 2
-0.0016349 0.0705501 0.28 2
-0.0663785 0.073463 0.279 2
-0.0652276 0.072978 0.279 2
-0.00338045 0.0746753 0.279 2
-0.00172206 0.0733672 0.280375 2
-0.0663785 0.0764938 0.279 2
-0.00338045 0.0752815 0.279 2
-0.00157051 0.0765998 0.2805 2
-0.0663785 0.0792216 0.279 2
-0.00150056 0.0793994 0.280222 2
-0.0014936 0.0825933 0.280417 2
0.00147607 0.0834526 0.281 2
0.0030013 0.0834526 0.281 2
-0.00103434 0.0853593 0.2795 2
0.00177266 0.0854856 0.279667 2
0.00515491 0.0142096 0.282 2
0.00480504 0.016923 0.282 2
0.00461067 0.0195876 0.282 2
0.00491 0.0226647 0.282 2
0.00455274 0.0252928 0.2826 2
0.00239972 0.0289141 0.282 2
0.00436336 0.0285031 0.283217 2
0.00239972 0.0313649 0.282 2
0.0042494 0.0314538 0.2828 2
0.00239972 0.0344283 0.282 2
0.0042494 0.034526 0.2828 2
0.00239972 0.0374917 0.282 2
0.00425748 0.0376628 0.28328 2
0.00240312 0.040614 0.2824 2
0.00409979 0.0404578 0.283579 2
0.00209926 0.0439252 0.282667 2
0.00333452 0.0430028 0.283333 2
0.00179313 0.0465867 0.282667 2
0.00303334 0.0463961 0.284 2
0.00203917 0.0493328 0.2828 2
0.00339903 0.0499649 0.2836 2
0.00239972 0.0525026 0.282 2
0.00423465 0.0524426 0.283636 2
0.00240653 0.0554173 0.2828 2
0.00328845 0.0551316 0.283143 2
0.00241163 0.0586139 0.2834 2
0.00302693 0.0586139 0.2834 2
0.00163985 0.0614147 0.282833 2
0.00303334 0.0608963 0.284 2
-4.9341e-05 0.0647563 0.282 2
0.00118132 0.0646137 0.283167 2
-4.9341e-05 0.0675134 0.282 2
0.00121677 0.0675483 0.283059 2
-4.9341e-05 0.0705768 0.282 2
0.00113294 0.0706189 0.282923 2
-0.000508605 0.0740445 0.282375 2
0.00122685 0.073541 0.283643 2
-4.94285e-05 0.0765311 0.2825 2
0.00114386 0.0765933 0.283437 2
-4.9341e-05 0.0797671 0.282 2
0.00152567 0.0797097 0.282652 2
0.00355407 0.0794896 0.283357 2
-4.9341e-05 0.0822178 0.282 2
0.00148132 0.0822178 0.282 2
0.00301198 0.0822178 0.282 2
0.00520975 0.0416058 0.285 2
0.00465972 0.043601 0.285 2
0.00460289 0.046674 0.2857 2
0.00474795 0.0494445 0.285125 2
0.00520975 0.0539899 0.285 2
0.00468198 0.0556989 0.285143 2
0.00649255 0.0562394 0.287 2
0.00445118 0.0582709 0.285875 2
0.00649255 0.0574865 0.287 2
0.00242525 0.0623491 0.285 2
0.00380607 0.0616593 0.2864 2
0.00243376 0.0647427 0.286 2
0.00332481 0.064273 0.286286 2
0.00243036 0.0677534 0.2856 2
0.00356842 0.0679353 0.286364 2
0.00242525 0.0707084 0.285 2
0.00363236 0.0704382 0.286231 2
0.00243376 0.0737527 0.286 2
0.00305471 0.0737527 0.286 2
0.00242865 0.076387 0.2854 2
0.00411899 0.0767124 0.285952 2
0.00242525 0.0781389 0.285 2
0.00428889 0.0782485 0.2854 2
0.00526458 0.059564 0.288 2
0.00651517 0.0589383 0.288 2
0.00527556 0.0615705 0.2886 2
0.00653779 0.0616545 0.289 2
0.00464844 0.0646813 0.2885 2
0.0065491 0.0645916 0.2895 2
0.00492034 0.0671496 0.288714 2
0.00653779 0.0673055 0.289 2
0.00528653 0.0704946 0.2892 2
0.00654231 0.0704946 0.2892 2
0.00465575 0.0735586 0.2889 2
0.00656042 0.0741542 0.29 2
0.00495651 0.0757416 0.28825 2
0.00651517 0.0761456 0.288 2
0.00658303 0.0731454 0.291 2
0.00658303 0.0756743 0.291 2
