-0.0463345 -0.0733491 0.244833 2
-0.0434831 -0.0733205 0.244 2
-0.0405694 -0.0733205 0.244 2
-0.0376557 -0.0733205 0.244 2
-0.0345996 -0.07302 0.243 2
-0.0314341 -0.07302 0.243 2
-0.0283648 -0.07327 0.243833 2
-0.0254712 -0.0733205 0.244 2
-0.0225463 -0.073345 0.244714 2
-0.0462628 -0.0704496 0.244871 2
-0.0435567 -0.0705183 0.244235 2
-0.0405694 -0.0706699 0.244 2
-0.0374687 -0.0706075 0.244 2
-0.0344708 -0.0705178 0.24325 2
-0.0314516 -0.0704198 0.243139 2
-0.0283863 -0.0705266 0.244293 2
-0.0255126 -0.0705185 0.2444 2
-0.0231658 -0.0708218 0.244833 2
-0.0458954 -0.0677479 0.245 2
-0.0434015 -0.0674985 0.244933 2
-0.0404402 -0.0676148 0.244219 2
-0.0374414 -0.06758 0.244333 2
-0.0345294 -0.0675892 0.244367 2
-0.0315738 -0.0675119 0.244083 2
-0.0285777 -0.0675602 0.2449 2
-0.0257751 -0.0678987 0.245 2
-0.042757 -0.0644655 0.245 2
-0.0404887 -0.064667 0.245 2
-0.0375441 -0.0645719 0.245 2
-0.0346557 -0.0646296 0.244857 2
-0.0315447 -0.0645731 0.244194 2
-0.0289667 -0.0647715 0.245 2
-0.0428634 -0.0613782 0.245 2
-0.0402943 -0.0615214 0.244286 2
-0.0375441 -0.0613781 0.245 2
-0.0344836 -0.0613998 0.244625 2
-0.0317366 -0.0616067 0.244514 2
-0.0295119 -0.0623895 0.245 2
-0.0428634 -0.0584505 0.245 2
-0.0404605 -0.0586034 0.244724 2
-0.0375441 -0.0584505 0.245 2
-0.0343304 -0.0584784 0.244903 2
-0.0316928 -0.0584505 0.245 2
-0.0423314 -0.0565875 0.245 2
-0.0403177 -0.0559411 0.245 2
-0.0376944 -0.0558353 0.245 2
-0.0342899 -0.0556011 0.245 2
-0.0317412 -0.0556438 0.245 2
-0.0338206 -0.0536598 0.245 2
-0.0322248 -0.0536598 0.245 2
-0.0493805 -0.0750269 0.247 2
-0.0164424 -0.0752294 0.247667 2
-0.0525418 -0.0731754 0.248 2
-0.0494001 -0.0732943 0.246467 2
-0.0195589 -0.0734691 0.246278 2
-0.0166625 -0.0735269 0.247733 2
-0.0525418 -0.0704813 0.248 2
-0.0496538 -0.0704601 0.246706 2
-0.0219523 -0.0700815 0.246125 2
-0.0196467 -0.0705752 0.247389 2
-0.0171839 -0.0709303 0.248 2
-0.0520707 -0.067922 0.248 2
-0.0494315 -0.0675654 0.2468 2
-0.0469373 -0.0669911 0.246 2
-0.0446407 -0.0661716 0.246 2
-0.0272823 -0.0664389 0.246 2
-0.0250391 -0.0669733 0.246 2
-0.0223336 -0.0674703 0.246606 2
-0.019533 -0.067638 0.247931 2
-0.0511957 -0.0653626 0.248 2
-0.0493387 -0.0647636 0.247615 2
-0.0466358 -0.0644891 0.246357 2
-0.0443354 -0.0647973 0.246 2
-0.0277193 -0.0642767 0.246 2
-0.0254212 -0.0644574 0.246457 2
-0.0223436 -0.064546 0.247086 2
-0.0199659 -0.0645543 0.248 2
-0.0487564 -0.0615699 0.247917 2
-0.0466505 -0.0614898 0.246733 2
-0.0446406 -0.0616286 0.246 2
-0.0304869 -0.0608269 0.246 2
-0.0284454 -0.061473 0.24625 2
-0.0255437 -0.0613727 0.246919 2
-0.0223473 -0.0614802 0.247556 2
-0.0203024 -0.0619276 0.248 2
-0.0490419 -0.058358 0.248 2
-0.0466816 -0.0584473 0.247 2
-0.0444881 -0.0582309 0.246 2
-0.0304869 -0.0584218 0.246 2
-0.0286976 -0.0584712 0.246371 2
-0.0255097 -0.0582338 0.247314 2
-0.0226482 -0.0584726 0.247897 2
-0.0205043 -0.059705 0.248 2
-0.0490419 -0.0553945 0.248 2
-0.0465919 -0.0553629 0.247161 2
-0.0436426 -0.0554025 0.246071 2
-0.0407951 -0.054734 0.246 2
-0.0372968 -0.0552595 0.246 2
-0.035561 -0.0544133 0.246 2
-0.0307158 -0.0551768 0.246 2
-0.0286773 -0.0554448 0.246857 2
-0.0257513 -0.0554902 0.247931 2
-0.0234119 -0.0561488 0.248 2
-0.0490419 -0.052431 0.248 2
-0.0465853 -0.0524307 0.247424 2
-0.0433482 -0.0525911 0.246448 2
-0.0403679 -0.0525426 0.246 2
-0.0374303 -0.0525426 0.246 2
-0.0345594 -0.0523756 0.246 2
-0.0314979 -0.0524472 0.246 2
-0.0287607 -0.0525124 0.246871 2
-0.0255298 -0.0525217 0.247849 2
-0.0232735 -0.0521231 0.248 2
-0.0485035 -0.0494675 0.248 2
-0.0464841 -0.0495468 0.247667 2
-0.0435108 -0.0495689 0.247167 2
-0.0404686 -0.049457 0.246611 2
-0.0375064 -0.0494344 0.2465 2
-0.0345893 -0.0494607 0.246235 2
-0.0314202 -0.0494454 0.246743 2
-0.0285137 -0.049573 0.246968 2
-0.0256042 -0.0494446 0.247152 2
-0.0231965 -0.0494675 0.248 2
-0.0485035 -0.0467734 0.248 2
-0.0466189 -0.0465832 0.248 2
-0.0434347 -0.0467362 0.248 2
-0.0403512 -0.0466553 0.247154 2
-0.0375824 -0.0465848 0.247 2
-0.0345489 -0.0466612 0.246875 2
-0.0314153 -0.0465848 0.247 2
-0.0284658 -0.0465848 0.247 2
-0.0254977 -0.0465407 0.247545 2
-0.0231965 -0.046504 0.248 2
-0.0462662 -0.0435619 0.247769 2
-0.0434814 -0.0436333 0.247 2
-0.0405407 -0.043643 0.247056 2
-0.0375928 -0.0436449 0.247067 2
-0.0346103 -0.0436044 0.246833 2
-0.031386 -0.043594 0.246778 2
-0.0284924 -0.0436734 0.247233 2
-0.0256767 -0.0436601 0.247849 2
-0.0231965 -0.0435405 0.248 2
-0.0459005 -0.0408486 0.247833 2
-0.043475 -0.0404112 0.247258 2
-0.0405535 -0.0405115 0.247371 2
-0.0376187 -0.040451 0.247233 2
-0.0346098 -0.0403856 0.246833 2
-0.0314428 -0.0404489 0.247222 2
-0.028581 -0.040577 0.248 2
-0.0258119 -0.0411543 0.248 2
-0.0234119 -0.0416008 0.248 2
-0.0452728 -0.0386912 0.248 2
-0.0431924 -0.0379074 0.248 2
-0.0404268 -0.0376135 0.248 2
-0.0376988 -0.0375766 0.24776 2
-0.0346329 -0.0374619 0.247 2
-0.0315161 -0.0375828 0.2478 2
-0.028581 -0.0376135 0.248 2
-0.0269657 -0.0376135 0.248 2
-0.0398884 -0.03465 0.248 2
-0.0374654 -0.03465 0.248 2
-0.0345039 -0.03465 0.248 2
-0.0315425 -0.03465 0.248 2
-0.0288118 -0.0351119 0.248 2
-0.0269657 -0.0357277 0.248 2
-0.0398884 -0.0314171 0.248 2
-0.0374654 -0.0314171 0.248 2
-0.0345039 -0.0314171 0.248 2
-0.0315425 -0.0314171 0.248 2
-0.0293887 -0.0314171 0.248 2
-0.0393499 -0.0292619 0.248 2
-0.037343 -0.028772 0.248 2
-0.0346834 -0.0290823 0.248 2
-0.0315425 -0.0291464 0.248 2
-0.0135459 -0.0754425 0.2498 2
-0.057423 -0.0730967 0.2505 2
-0.0552561 -0.0731198 0.249444 2
-0.0154511 -0.0729295 0.249 2
-0.013893 -0.0735415 0.250167 2
-0.058068 -0.0705139 0.250783 2
-0.0552035 -0.0705162 0.249241 2
-0.0161719 -0.0701344 0.249 2
-0.0134925 -0.0704369 0.250037 2
-0.0579456 -0.0676743 0.250842 2
-0.055387 -0.0674912 0.2499 2
-0.0529339 -0.0670688 0.249 2
-0.0186948 -0.0664376 0.249 2
-0.0164726 -0.0674514 0.249125 2
-0.0136589 -0.0675175 0.250172 2
-0.057469 -0.0648581 0.251 2
-0.0555942 -0.0645037 0.250571 2
-0.0526367 -0.0645584 0.249357 2
-0.0505912 -0.0637327 0.249 2
-0.0186948 -0.0645441 0.249 2
-0.016626 -0.0645857 0.249471 2
-0.0143064 -0.0646111 0.250733 2
-0.0572646 -0.0615179 0.251 2
-0.0554721 -0.0615297 0.250556 2
-0.052696 -0.0615486 0.249828 2
-0.0503209 -0.0615687 0.249 2
-0.0192355 -0.0615687 0.249 2
-0.0165909 -0.0615166 0.249889 2
-0.014667 -0.0616997 0.251 2
-0.0572646 -0.0587912 0.251 2
-0.055569 -0.0585833 0.25063 2
-0.0525402 -0.0584936 0.249462 2
-0.0505912 -0.0585933 0.249 2
-0.0213593 -0.0580137 0.249 2
-0.0194737 -0.0585625 0.249069 2
-0.0165425 -0.0584983 0.250187 2
-0.0147578 -0.0585186 0.251 2
-0.0551271 -0.0558324 0.250778 2
-0.052708 -0.0556189 0.249786 2
-0.0505912 -0.0556178 0.249 2
-0.0243713 -0.0548064 0.249 2
-0.0222737 -0.0554663 0.249 2
-0.019516 -0.0555313 0.249621 2
-0.0166886 -0.0555805 0.250412 2
-0.0147578 -0.0555192 0.251 2
-0.0527102 -0.0525406 0.250067 2
-0.0505912 -0.0526424 0.249 2
-0.0219139 -0.0528391 0.249 2
-0.0194434 -0.0525036 0.249897 2
-0.0167498 -0.0526182 0.250821 2
-0.0147578 -0.0538832 0.251 2
-0.052536 -0.0496067 0.250478 2
-0.0500506 -0.0493965 0.249 2
-0.0216682 -0.0493965 0.249 2
-0.0193581 -0.0495784 0.250114 2
-0.0167257 -0.0496417 0.251 2
-0.0523058 -0.0465691 0.250444 2
-0.0496807 -0.0463485 0.249294 2
-0.0216682 -0.046421 0.249 2
-0.0192645 -0.0465574 0.250281 2
-0.0172101 -0.0465212 0.251 2
-0.0522503 -0.0436529 0.25075 2
-0.0493531 -0.0435439 0.249567 2
-0.0216682 -0.0434456 0.249 2
-0.019398 -0.0435912 0.250294 2
-0.0172101 -0.0435219 0.251 2
-0.0522185 -0.0404266 0.250923 2
-0.049455 -0.0404234 0.249786 2
-0.0471673 -0.0402898 0.249 2
-0.0254525 -0.0399291 0.249 2
-0.0223399 -0.0403503 0.249267 2
-0.0193456 -0.0404323 0.250444 2
-0.0172101 -0.0410679 0.251 2
-0.0520588 -0.0376637 0.250789 2
-0.0493414 -0.0374656 0.249815 2
-0.046587 -0.0374581 0.249069 2
-0.0438721 -0.0366059 0.249 2
-0.0414007 -0.0361422 0.249 2
-0.0254525 -0.0374947 0.249 2
-0.0226113 -0.0375291 0.249765 2
-0.0199349 -0.0375232 0.251 2
-0.0516788 -0.0349328 0.251 2
-0.0495176 -0.0344407 0.2504 2
-0.0467094 -0.0344287 0.249607 2
-0.0435632 -0.0345193 0.249 2
-0.0414007 -0.0345193 0.249 2
-0.0282097 -0.034357 0.249 2
-0.0254525 -0.0345193 0.249 2
-0.0225694 -0.0343863 0.25 2
-0.0199349 -0.0345238 0.251 2
-0.0512701 -0.0320698 0.251 2
-0.0495067 -0.0315737 0.250826 2
-0.0465816 -0.0314633 0.249556 2
-0.0435632 -0.0315438 0.249 2
-0.0414007 -0.0315438 0.249 2
-0.0278853 -0.0315438 0.249 2
-0.0254792 -0.0315766 0.249267 2
-0.0225926 -0.0314317 0.250267 2
-0.0204799 -0.0317972 0.251 2
-0.0487914 -0.0283678 0.250538 2
-0.0467235 -0.0284115 0.25 2
-0.0435632 -0.0285684 0.249 2
-0.0406838 -0.0284978 0.249 2
-0.0379543 -0.0276893 0.249 2
-0.0342038 -0.0279936 0.249 2
-0.0313577 -0.0279442 0.249 2
-0.0283689 -0.0284374 0.249152 2
-0.0253323 -0.028385 0.250114 2
-0.0226412 -0.0287665 0.25092 2
-0.0487572 -0.025647 0.251 2
-0.0461807 -0.0254241 0.25 2
-0.0434188 -0.0256785 0.249419 2
-0.0405898 -0.0255929 0.249 2
-0.0376164 -0.0255929 0.249 2
-0.0344034 -0.0256148 0.249222 2
-0.0314074 -0.0255995 0.249067 2
-0.0285855 -0.0255466 0.249758 2
-0.0253598 -0.0255018 0.250767 2
-0.0232436 -0.0258375 0.251 2
-0.0482728 -0.0233445 0.251 2
-0.0463226 -0.0225045 0.250767 2
-0.0434846 -0.0224454 0.2501 2
-0.0405803 -0.0223284 0.249563 2
-0.0376337 -0.0224677 0.249647 2
-0.0345108 -0.0224368 0.25 2
-0.0315254 -0.0224368 0.25 2
-0.028596 -0.0224807 0.2505 2
-0.0255548 -0.0225947 0.251 2
-0.0234771 -0.0236172 0.251 2
-0.0458983 -0.0197609 0.251 2
-0.0435515 -0.0194727 0.250846 2
-0.0404515 -0.0194944 0.250103 2
-0.0374961 -0.0194494 0.25 2
-0.0345108 -0.0194494 0.25 2
-0.0314227 -0.0194406 0.250148 2
-0.0285441 -0.0195382 0.250893 2
-0.025657 -0.0195272 0.251 2
-0.0452755 -0.0178911 0.251 2
-0.0430096 -0.0171162 0.251 2
-0.0403394 -0.016514 0.2508 2
-0.0374961 -0.016462 0.25 2
-0.0345108 -0.016462 0.25 2
-0.0314887 -0.016426 0.250129 2
-0.0285983 -0.0165572 0.250857 2
-0.0260808 -0.0168308 0.251 2
-0.0425088 -0.0133607 0.251 2
-0.0403709 -0.0135285 0.251 2
-0.0374417 -0.0134367 0.250444 2
-0.0344818 -0.0135587 0.2505 2
-0.0313704 -0.0135246 0.250933 2
-0.0284765 -0.0135996 0.251 2
-0.0267469 -0.0140738 0.251 2
-0.0420058 -0.0105291 0.251 2
-0.040293 -0.0105291 0.251 2
-0.0375098 -0.0106655 0.251 2
-0.0343763 -0.0110745 0.251 2
-0.0316515 -0.0113471 0.251 2
-0.0420058 -0.00752979 0.251 2
-0.0403709 -0.00752979 0.251 2
-0.0384635 -0.00834779 0.251 2
-0.0420058 -0.00589379 0.251 2
-0.040492 -0.00553023 0.251 2
-0.0103538 -0.0754725 0.252889 2
-0.00859226 -0.0757736 0.254 2
-0.0615789 -0.0729547 0.253176 2
-0.0591889 -0.0731512 0.252 2
-0.0123545 -0.0735344 0.252 2
-0.0104597 -0.0734913 0.253 2
-0.00859227 -0.0738421 0.254 2
-0.0615927 -0.0705282 0.253185 2
-0.0596813 -0.0705231 0.252 2
-0.012081 -0.0699756 0.252 2
-0.010507 -0.0705282 0.253185 2
-0.0612759 -0.0676646 0.2535 2
-0.0594381 -0.0671773 0.252 2
-0.0122921 -0.0672025 0.252125 2
-0.0105514 -0.0675306 0.253321 2
-0.0610584 -0.0643892 0.253312 2
-0.0588606 -0.0645005 0.252 2
-0.0128176 -0.0643567 0.252667 2
-0.0110912 -0.0644685 0.253625 2
-0.0609421 -0.0613842 0.253833 2
-0.0589392 -0.0615699 0.252333 2
-0.0132252 -0.0614188 0.252577 2
-0.011028 -0.0614351 0.253706 2
-0.0609821 -0.0583902 0.254 2
-0.0589717 -0.058408 0.252522 2
-0.0569456 -0.0573829 0.252 2
-0.0131522 -0.0584668 0.252714 2
-0.0110969 -0.0584357 0.25375 2
-0.0601549 -0.0559069 0.254 2
-0.0583243 -0.0555954 0.25304 2
-0.0561498 -0.0549938 0.252 2
-0.0132709 -0.0554685 0.252704 2
-0.01117 -0.0559117 0.253909 2
-0.0582059 -0.052578 0.253917 2
-0.0557288 -0.0523997 0.252455 2
-0.0153637 -0.0524554 0.252 2
-0.0134102 -0.0524567 0.252727 2
-0.0116254 -0.0525957 0.254 2
-0.0601549 -0.0484569 0.254 2
-0.0581603 -0.0493969 0.253429 2
-0.0553665 -0.0493643 0.25237 2
-0.015692 -0.0490061 0.252 2
-0.0135534 -0.0494379 0.252606 2
-0.0116254 -0.0495606 0.254 2
-0.0601549 -0.0473532 0.254 2
-0.058325 -0.0466463 0.25352 2
-0.0553579 -0.0464772 0.25224 2
-0.0159149 -0.0464448 0.252067 2
-0.0137298 -0.0465489 0.253296 2
-0.0580715 -0.043562 0.253545 2
-0.055349 -0.043456 0.2522 2
-0.0159278 -0.0434697 0.252278 2
-0.0138598 -0.0435758 0.253464 2
-0.0580347 -0.0406016 0.253737 2
-0.055349 -0.0404423 0.2522 2
-0.0533893 -0.0412314 0.252 2
-0.0162117 -0.0402708 0.252211 2
-0.0137363 -0.0405131 0.253407 2
-0.0577358 -0.0377835 0.253667 2
-0.0554374 -0.0374873 0.2526 2
-0.0533893 -0.0368515 0.252 2
-0.0183729 -0.0373989 0.252 2
-0.0165142 -0.037527 0.252867 2
-0.0138698 -0.0375436 0.253643 2
-0.0573976 -0.0343847 0.254 2
-0.055662 -0.0343952 0.253357 2
-0.0529789 -0.0341823 0.252 2
-0.0183729 -0.0343876 0.252 2
-0.0164617 -0.0344234 0.252731 2
-0.0144062 -0.0345311 0.253812 2
-0.0552923 -0.031587 0.2537 2
-0.052784 -0.0313396 0.252444 2
-0.0505989 -0.0303361 0.252 2
-0.0191546 -0.0312199 0.252 2
-0.0165717 -0.0314748 0.253172 2
-0.0149342 -0.0313494 0.254 2
-0.0546796 -0.0285113 0.254 2
-0.0523965 -0.0285083 0.25328 2
-0.0502159 -0.0285841 0.252 2
-0.0216557 -0.0278176 0.252 2
-0.0194915 -0.0284026 0.252333 2
-0.0165953 -0.02857 0.253417 2
-0.0149342 -0.0288661 0.254 2
-0.0540887 -0.025555 0.254 2
-0.0523531 -0.0255147 0.2536 2
-0.0501456 -0.0253146 0.252 2
-0.0221421 -0.0255058 0.252 2
-0.0194513 -0.0254991 0.252647 2
-0.0168472 -0.025529 0.25375 2
-0.0540887 -0.0227958 0.254 2
-0.0523122 -0.0225324 0.253625 2
-0.0495326 -0.0224294 0.252208 2
-0.0241178 -0.0220688 0.252 2
-0.0223983 -0.022538 0.252 2
-0.0195927 -0.0225112 0.25275 2
-0.0168644 -0.0225198 0.254 2
-0.0518472 -0.0194867 0.253824 2
-0.0494789 -0.0194803 0.252679 2
-0.047147 -0.0193063 0.252 2
-0.0241178 -0.019605 0.252 2
-0.0224764 -0.019605 0.252 2
-0.0194654 -0.0194754 0.252823 2
-0.0171401 -0.0197606 0.254 2
-0.052033 -0.016347 0.253833 2
-0.0494067 -0.0165021 0.252926 2
-0.0465879 -0.0165465 0.252 2
-0.0439432 -0.0159334 0.252 2
-0.0247865 -0.0162895 0.252 2
-0.0224764 -0.0165936 0.252 2
-0.0196206 -0.016495 0.253125 2
-0.0174158 -0.0164494 0.254 2
-0.0518796 -0.0136478 0.253824 2
-0.0495319 -0.0135741 0.253038 2
-0.0465502 -0.0135824 0.252 2
-0.0442007 -0.0137112 0.252 2
-0.0274006 -0.0127611 0.252 2
-0.0253407 -0.0135253 0.252074 2
-0.0224811 -0.0135593 0.252769 2
-0.0195458 -0.0134287 0.253543 2
-0.0174158 -0.0136902 0.254 2
-0.0513314 -0.0103791 0.254 2
-0.0495322 -0.0105837 0.253448 2
-0.0465629 -0.0105272 0.252625 2
-0.0436321 -0.0106441 0.252 2
-0.041626 -0.010571 0.252 2
-0.0364283 -0.00947607 0.252 2
-0.0345133 -0.00947607 0.252 2
-0.0312852 -0.00991406 0.252 2
-0.0285021 -0.0105736 0.252067 2
-0.0255524 -0.0105978 0.252667 2
-0.0223616 -0.0105887 0.253371 2
-0.0197702 -0.0108036 0.254 2
-0.0491517 -0.00764607 0.254 2
-0.0463284 -0.00765396 0.253111 2
-0.0435409 -0.00755979 0.252 2
-0.0373541 -0.00743345 0.252 2
-0.0345133 -0.00755979 0.252 2
-0.0315041 -0.00755979 0.252 2
-0.0285166 -0.00756579 0.2522 2
-0.0255963 -0.00759257 0.2531 2
-0.0225253 -0.00767864 0.253926 2
-0.0204489 -0.00844757 0.254 2
-0.0482293 -0.00492951 0.254 2
-0.0462597 -0.00457312 0.2534 2
-0.0433172 -0.00450218 0.252069 2
-0.0404796 -0.00411832 0.252 2
-0.0375225 -0.0045485 0.252 2
-0.0345133 -0.00454851 0.252 2
-0.0315108 -0.00454921 0.252055 2
-0.0285772 -0.00456073 0.252733 2
-0.0256027 -0.00456956 0.253167 2
-0.0230684 -0.00472257 0.254 2
-0.0480225 -0.00265312 0.254 2
-0.046141 -0.00160098 0.253905 2
-0.0434054 -0.00154149 0.2528 2
-0.0404571 -0.00147722 0.252296 2
-0.0374569 -0.00159649 0.252214 2
-0.0345133 -0.00153722 0.252 2
-0.0315609 -0.00153963 0.252467 2
-0.0284258 -0.00150718 0.253414 2
-0.0254402 -0.00158875 0.253654 2
-0.0232063 -0.00154942 0.254 2
-0.0460924 0.00148577 0.254 2
-0.0434857 0.00148206 0.253267 2
-0.0404179 0.00147992 0.253 2
-0.037416 0.00148128 0.253133 2
-0.0343834 0.00148049 0.253055 2
-0.0313544 0.00147992 0.253 2
-0.0284194 0.00148496 0.253778 2
-0.0254122 0.00148577 0.254 2
-0.0234269 0.00104429 0.254 2
-0.0455409 0.00424504 0.254 2
-0.0435974 0.0045198 0.25392 2
-0.0404609 0.00450885 0.253267 2
-0.0374964 0.00451596 0.25368 2
-0.0345028 0.00451999 0.253933 2
-0.0314681 0.0045198 0.25392 2
-0.0284453 0.00452096 0.254 2
-0.0254122 0.00452096 0.254 2
-0.0237578 0.00452096 0.254 2
-0.0431866 0.00685572 0.254 2
-0.0405383 0.00751673 0.254 2
-0.0375446 0.00755615 0.254 2
-0.0345115 0.00755615 0.254 2
-0.0316852 0.0073492 0.254 2
-0.0282756 0.00715287 0.254 2
-0.0256222 0.00722767 0.254 2
-0.0237578 0.00617652 0.254 2
-0.0399868 0.00972413 0.254 2
-0.0375446 0.0100395 0.254 2
-0.0345115 0.0105913 0.254 2
-0.032345 0.010276 0.254 2
-0.00697773 -0.0759435 0.2555 2
-0.00534583 -0.0763893 0.257 2
-0.0649149 -0.0731925 0.256143 2
-0.0071168 -0.0735018 0.255923 2
-0.0647715 -0.0707057 0.256091 2
-0.00768968 -0.0706786 0.255867 2
-0.06402 -0.0675282 0.256222 2
-0.0626882 -0.0672939 0.255333 2
-0.00973338 -0.0663764 0.255 2
-0.00810793 -0.0675137 0.256167 2
-0.0634077 -0.064412 0.256 2
-0.0627187 -0.0641854 0.255833 2
-0.00973338 -0.0644374 0.255 2
-0.00811885 -0.0645378 0.2565 2
-0.0636553 -0.0615925 0.257 2
-0.0623295 -0.0613902 0.255 2
-0.00973338 -0.0613902 0.255 2
-0.00806966 -0.06161 0.256545 2
-0.0639343 -0.059359 0.257 2
-0.0625332 -0.0585328 0.255833 2
-0.00973338 -0.0586201 0.255 2
-0.00829921 -0.0587412 0.256333 2
-0.0630974 -0.0551713 0.257 2
-0.0616312 -0.0555127 0.255762 2
-0.0598381 -0.0544649 0.255 2
-0.0101152 -0.0553675 0.255333 2
-0.00868247 -0.0553771 0.256667 2
-0.0630974 -0.0523795 0.257 2
-0.0613445 -0.052508 0.256053 2
-0.0598381 -0.0525258 0.255 2
-0.0102575 -0.0524865 0.255545 2
-0.00869375 -0.0523794 0.257 2
-0.0630974 -0.0495876 0.257 2
-0.0614698 -0.0495398 0.255842 2
-0.0598381 -0.0500327 0.255 2
-0.0122248 -0.0480936 0.255 2
-0.0104156 -0.0493983 0.255522 2
-0.00869375 -0.0495876 0.257 2
-0.0630974 -0.0465165 0.257 2
-0.0615829 -0.0464277 0.255947 2
-0.0598381 -0.0458775 0.255 2
-0.0122248 -0.0464315 0.255 2
-0.0105492 -0.0465229 0.256185 2
-0.00869375 -0.0479125 0.257 2
-0.0611475 -0.043586 0.255706 2
-0.0598381 -0.0436614 0.255 2
-0.0122248 -0.0436614 0.255 2
-0.0106315 -0.0435339 0.256185 2
-0.0610066 -0.0405698 0.2563 2
-0.059469 -0.0406143 0.255 2
-0.0122248 -0.0406143 0.255 2
-0.0106521 -0.0405837 0.256154 2
-0.0608443 -0.0377589 0.256571 2
-0.0591581 -0.0372335 0.25525 2
-0.0122408 -0.0373374 0.255333 2
-0.0107448 -0.0376522 0.256308 2
-0.0607418 -0.0343838 0.256643 2
-0.0587666 -0.034478 0.255294 2
-0.0129659 -0.0343366 0.255263 2
-0.0111894 -0.0344668 0.256667 2
-0.0603074 -0.0314405 0.257 2
-0.0584152 -0.0315129 0.255846 2
-0.0562394 -0.0303648 0.255 2
-0.0133498 -0.0315168 0.25536 2
-0.0111584 -0.0314863 0.256706 2
-0.0603074 -0.0286487 0.257 2
-0.0583594 -0.0285523 0.256143 2
-0.0560813 -0.0282279 0.255 2
-0.0155466 -0.0273177 0.255 2
-0.013464 -0.0284192 0.255563 2
-0.0112224 -0.0284324 0.256625 2
-0.0582421 -0.0255279 0.2565 2
-0.0556858 -0.0253786 0.255 2
-0.0155466 -0.0253786 0.255 2
-0.0136355 -0.0254315 0.255533 2
-0.0112335 -0.0257185 0.256692 2
-0.058242 -0.0224628 0.2565 2
-0.0556199 -0.0225557 0.255 2
-0.053748 -0.0215004 0.255 2
-0.0155466 -0.0226085 0.255 2
-0.0137505 -0.0225453 0.256063 2
-0.0117627 -0.0233442 0.257 2
-0.0577965 -0.0194356 0.257 2
-0.0554825 -0.0195865 0.255333 2
-0.0533647 -0.01954 0.255 2
-0.0160212 -0.0192447 0.255 2
-0.013989 -0.0194355 0.256154 2
-0.0577965 -0.0166437 0.257 2
-0.0554972 -0.0165401 0.2554 2
-0.0535898 -0.0167516 0.255 2
-0.0158534 -0.0165466 0.2555 2
-0.0142736 -0.0166437 0.257 2
-0.0577965 -0.0144102 0.257 2
-0.0555916 -0.0135096 0.255833 2
-0.0533221 -0.0131474 0.255 2
-0.0159789 -0.0133849 0.255462 2
-0.0142736 -0.0135727 0.257 2
-0.0557145 -0.0104771 0.2564 2
-0.0529175 -0.0104199 0.255 2
-0.0189608 -0.00995822 0.255 2
-0.0164056 -0.0104386 0.255467 2
-0.0142736 -0.0105016 0.257 2
-0.0555005 -0.007628 0.256818 2
-0.0527651 -0.00743131 0.255414 2
-0.0507425 -0.00733321 0.255 2
-0.0210831 -0.00709577 0.255 2
-0.0192788 -0.00745427 0.25516 2
-0.0166113 -0.0075552 0.2565 2
-0.054329 -0.00459887 0.257 2
-0.0523181 -0.00441011 0.256231 2
-0.049704 -0.00454244 0.255 2
-0.0216021 -0.00442952 0.255 2
-0.019524 -0.00451295 0.255571 2
-0.0170498 -0.00435553 0.2568 2
-0.0541696 -0.0013816 0.257 2
-0.0523112 -0.00154079 0.256565 2
-0.0494306 -0.00151102 0.255333 2
-0.047658 -0.0012785 0.255 2
-0.0216367 -0.00155552 0.255 2
-0.0194822 -0.0015604 0.2558 2
-0.0170635 -0.00156772 0.257 2
-0.0521161 0.0015004 0.2565 2
-0.0493975 0.00149396 0.2554 2
-0.047658 0.00149162 0.255 2
-0.0220753 0.00166332 0.255154 2
-0.0195027 0.00149873 0.256067 2
-0.0170635 0.00150332 0.257 2
-0.0519775 0.00433506 0.257 2
-0.0494437 0.00455067 0.25564 2
-0.0469415 0.00466912 0.255 2
-0.0222275 0.00454711 0.25544 2
-0.0195336 0.00456545 0.25648 2
-0.0173027 0.00433506 0.257 2
-0.0516586 0.00680784 0.257 2
-0.0495677 0.00734609 0.25628 2
-0.0465441 0.00744114 0.255296 2
-0.0439977 0.0081707 0.255 2
-0.0307718 0.00841693 0.255 2
-0.0290002 0.00863854 0.255 2
-0.0250201 0.00835538 0.255 2
-0.0225327 0.00742378 0.255767 2
-0.0197301 0.00720552 0.256952 2
-0.0176215 0.00624947 0.257 2
-0.0491761 0.0103486 0.256923 2
-0.0466025 0.0104167 0.255917 2
-0.0435056 0.010633 0.255 2
-0.0405836 0.0109716 0.255 2
-0.0376924 0.0114641 0.255 2
-0.031264 0.0107562 0.255 2
-0.0285716 0.010639 0.255133 2
-0.0255599 0.0106542 0.25548 2
-0.0225369 0.0104474 0.256257 2
-0.0201325 0.0104373 0.257 2
-0.0487292 0.0134385 0.257 2
-0.0461774 0.0134557 0.256 2
-0.0433983 0.0134557 0.256 2
-0.0405496 0.0134337 0.25556 2
-0.0374257 0.0134067 0.255067 2
-0.0343705 0.0134032 0.255 2
-0.0316023 0.0134032 0.255 2
-0.0285931 0.0134207 0.255333 2
-0.0254539 0.013527 0.256214 2
-0.022515 0.0133895 0.256769 2
-0.0202719 0.0129499 0.257 2
-0.0488687 0.0165793 0.257 2
-0.046232 0.0165353 0.2563 2
-0.0434383 0.0165307 0.256233 2
-0.0405935 0.0165042 0.255833 2
-0.0374198 0.0164522 0.255028 2
-0.0343705 0.0164503 0.255 2
-0.0315603 0.0165017 0.255097 2
-0.0285899 0.0164536 0.255657 2
-0.0253659 0.0165363 0.256333 2
-0.0226941 0.0164524 0.257 2
-0.0483107 0.0188128 0.257 2
-0.0460952 0.0193219 0.257 2
-0.0435546 0.0196446 0.25692 2
-0.0406193 0.0195739 0.256 2
-0.0374608 0.0195208 0.2553 2
-0.0343705 0.0194974 0.255 2
-0.0314019 0.0195457 0.255633 2
-0.0283913 0.0195739 0.256 2
-0.0253791 0.01961 0.256467 2
-0.0232014 0.0196504 0.257 2
-0.0452418 0.0218838 0.257 2
-0.0434708 0.0223694 0.257 2
-0.040684 0.0223898 0.2564 2
-0.0375242 0.0223322 0.255733 2
-0.0343371 0.0225 0.255035 2
-0.0314546 0.0224152 0.2555 2
-0.0284441 0.0223978 0.25648 2
-0.0256565 0.0220513 0.257 2
-0.0452418 0.0243965 0.257 2
-0.0433142 0.0252087 0.257 2
-0.0405719 0.0255734 0.256941 2
-0.0374341 0.0253768 0.256313 2
-0.0345949 0.0256638 0.256346 2
-0.0314254 0.0255319 0.256353 2
-0.0289723 0.0249482 0.256929 2
-0.0404192 0.0285045 0.257 2
-0.037554 0.0282431 0.257 2
-0.0346401 0.0277467 0.257 2
-0.0315712 0.0277467 0.257 2
-0.0296182 0.0274675 0.257 2
-0.0399409 0.0302594 0.257 2
-0.00454491 -0.0760351 0.259125 2
-0.0676903 -0.0729226 0.258857 2
-0.00482293 -0.0733251 0.259 2
-0.0676788 -0.0706856 0.259474 2
-0.0655835 -0.0693995 0.258 2
-0.00648694 -0.0696798 0.258 2
-0.00511039 -0.0707205 0.25925 2
-0.0667731 -0.0678939 0.259455 2
-0.0654887 -0.0673868 0.258571 2
-0.00648694 -0.0674376 0.258 2
-0.00540408 -0.0676267 0.2598 2
-0.0663742 -0.0645711 0.26 2
-0.0647935 -0.0644036 0.2582 2
-0.00648694 -0.0643546 0.258 2
-0.00538743 -0.0646041 0.259 2
-0.0663742 -0.0623115 0.26 2
-0.0650198 -0.061637 0.259 2
-0.00648694 -0.0615519 0.258 2
-0.00539437 -0.0615868 0.259333 2
-0.0646914 -0.0580448 0.258429 2
-0.00686876 -0.0582631 0.258333 2
-0.00540824 -0.0586397 0.26 2
-0.0665435 -0.0543466 0.26 2
-0.0648918 -0.0555071 0.2587 2
-0.00705967 -0.0554933 0.2585 2
-0.00540824 -0.0555328 0.26 2
-0.0660919 -0.052426 0.26 2
-0.0645424 -0.0524974 0.2591 2
-0.0627827 -0.0525832 0.258 2
-0.00700989 -0.0525409 0.258545 2
-0.00540823 -0.052426 0.26 2
-0.0660919 -0.0498839 0.26 2
-0.0646738 -0.0494918 0.259 2
-0.00710945 -0.0494596 0.258455 2
-0.00540823 -0.0501664 0.26 2
-0.0644319 -0.0465972 0.259 2
-0.00900765 -0.0464173 0.258 2
-0.00729384 -0.0464912 0.259111 2
-0.0660919 -0.0431053 0.26 2
-0.0643813 -0.0434534 0.258952 2
-0.0627827 -0.0436145 0.258 2
-0.00900765 -0.0436145 0.258 2
-0.00737966 -0.0434806 0.259185 2
-0.0640671 -0.0404482 0.259059 2
-0.0627827 -0.0408118 0.258 2
-0.00900765 -0.0405315 0.258 2
-0.00755799 -0.0406378 0.259 2
-0.0635361 -0.0378062 0.259167 2
-0.0619425 -0.0371683 0.258 2
-0.00939274 -0.0371225 0.258333 2
-0.00790179 -0.0374794 0.259588 2
-0.0635109 -0.0346089 0.259833 2
-0.0622459 -0.0346215 0.258429 2
-0.0095459 -0.0345907 0.258375 2
-0.00797148 -0.0344055 0.259625 2
-0.0633899 -0.0316923 0.259625 2
-0.0617004 -0.0315161 0.258294 2
-0.00961104 -0.0315161 0.258294 2
-0.00793757 -0.0314847 0.259667 2
-0.0630261 -0.0285903 0.259 2
-0.0616975 -0.0284576 0.258438 2
-0.0599819 -0.0273588 0.258 2
-0.00957946 -0.0285167 0.258333 2
-0.00790564 -0.0284688 0.259706 2
-0.0632207 -0.0258554 0.2598 2
-0.0616108 -0.0256185 0.258955 2
-0.0599819 -0.0256772 0.258 2
-0.00972945 -0.0253706 0.2586 2
-0.00807869 -0.0257014 0.259667 2
-0.0613349 -0.0225158 0.259125 2
-0.0599819 -0.0225942 0.258 2
-0.0123686 -0.0217534 0.258 2
-0.0104379 -0.0224994 0.259034 2
-0.00851298 -0.0227694 0.26 2
-0.0611012 -0.0197459 0.259444 2
-0.0591417 -0.0195112 0.258 2
-0.0123686 -0.0195112 0.258 2
-0.0108983 -0.0197656 0.259238 2
-0.0606124 -0.0165221 0.2595 2
-0.0591417 -0.0164282 0.258 2
-0.0129447 -0.0164494 0.258333 2
-0.0113202 -0.0165343 0.259667 2
-0.0607292 -0.0134487 0.26 2
-0.0588649 -0.0131673 0.258625 2
-0.0129447 -0.0133625 0.258333 2
-0.0113202 -0.0134314 0.259667 2
-0.0607291 -0.0106242 0.26 2
-0.0586962 -0.0105629 0.2585 2
-0.0129447 -0.0105561 0.258333 2
-0.0113202 -0.0106106 0.259667 2
-0.0607291 -0.00808223 0.26 2
-0.0585446 -0.00739885 0.258714 2
-0.056621 -0.00689897 0.258 2
-0.0154495 -0.00633843 0.258 2
-0.013519 -0.00747686 0.2586 2
-0.0107618 -0.00751156 0.2598 2
-0.0583097 -0.00457465 0.259211 2
-0.0559347 -0.00428697 0.258278 2
-0.0154494 -0.00437653 0.258 2
-0.0135508 -0.00439689 0.2592 2
-0.0110384 -0.00458884 0.26 2
-0.0577978 -0.00173596 0.259933 2
-0.0555707 -0.00167121 0.258611 2
-0.0538202 -0.00185409 0.258 2
-0.0154494 -0.00157382 0.258 2
-0.013533 -0.00157953 0.25888 2
-0.0113355 -0.00158602 0.26 2
-0.0573421 0.000955979 0.26 2
-0.0554002 0.00151513 0.258833 2
-0.0538202 0.00150917 0.258 2
-0.0154494 0.00150917 0.258 2
-0.013519 0.00151268 0.2586 2
-0.0113202 0.00151892 0.259667 2
-0.0554305 0.00466884 0.259286 2
-0.0533161 0.00481637 0.258 2
-0.0158771 0.00480513 0.258125 2
-0.0135911 0.00456527 0.259083 2
-0.0114766 0.00406287 0.26 2
-0.055274 0.00743976 0.25956 2
-0.0526599 0.0076351 0.258 2
-0.0188104 0.00823568 0.258 2
-0.0165203 0.00748974 0.2585 2
-0.0138702 0.00744976 0.2599 2
-0.0546614 0.0102259 0.259714 2
-0.0523365 0.0105818 0.258571 2
-0.0504593 0.0110384 0.258 2
-0.0188104 0.0104779 0.258 2
-0.0166112 0.0105049 0.258667 2
-0.0138757 0.0105591 0.26 2
-0.0542374 0.0128186 0.26 2
-0.0523844 0.0136239 0.2592 2
-0.0500859 0.0136854 0.258 2
-0.0213311 0.0146819 0.258 2
-0.0191362 0.013883 0.25825 2
-0.0164946 0.0135673 0.259296 2
-0.0144403 0.0133836 0.26 2
-0.0522724 0.0163616 0.25913 2
-0.0504593 0.0163636 0.258 2
-0.0213311 0.0163636 0.258 2
-0.0194214 0.0164086 0.2587 2
-0.0168026 0.0163467 0.259824 2
-0.0520821 0.0192483 0.2591 2
-0.0495538 0.0197763 0.258286 2
-0.0470983 0.0204275 0.258 2
-0.0218913 0.0194465 0.258 2
-0.0194819 0.0194794 0.258971 2
-0.0169805 0.0193148 0.26 2
-0.0518383 0.0215744 0.26 2
-0.04958 0.0225197 0.2595 2
-0.0467577 0.0226381 0.258364 2
-0.0448577 0.0233703 0.258 2
-0.0250841 0.0233143 0.258 2
-0.022468 0.022547 0.2582 2
-0.0194185 0.022585 0.259258 2
-0.0169805 0.0224218 0.26 2
-0.0516031 0.0262818 0.26 2
-0.0495742 0.0255761 0.259739 2
-0.0467154 0.025448 0.258435 2
-0.0445216 0.026117 0.258 2
-0.0281463 0.0257993 0.258 2
-0.0255323 0.0253322 0.258 2
-0.0225099 0.0253999 0.25868 2
-0.0195906 0.02543 0.259607 2
-0.0172063 0.0247377 0.26 2
-0.0516971 0.0283531 0.26 2
-0.0496462 0.0283094 0.2596 2
-0.0466475 0.028482 0.2586 2
-0.0437374 0.0285602 0.258 2
-0.0414968 0.0298166 0.258 2
-0.0372556 0.0295764 0.258 2
-0.0344948 0.029256 0.258 2
-0.0314139 0.029256 0.258 2
-0.0283461 0.0285694 0.258125 2
-0.0254426 0.0284418 0.258875 2
-0.0226226 0.0283977 0.259259 2
-0.0200686 0.0280208 0.26 2
-0.0516971 0.0303301 0.26 2
-0.0493827 0.0313846 0.26 2
-0.0462909 0.0316353 0.25912 2
-0.0432681 0.0314744 0.258154 2
-0.0404298 0.0317118 0.258 2
-0.0375757 0.0314982 0.258 2
-0.0345123 0.0315144 0.258133 2
-0.0314139 0.0314982 0.258 2
-0.0283505 0.0315186 0.258167 2
-0.0253501 0.0316203 0.259 2
-0.0225328 0.0315172 0.259643 2
-0.020932 0.0314599 0.26 2
-0.0482161 0.0340961 0.26 2
-0.0462582 0.0344981 0.259833 2
-0.0433988 0.0344773 0.25932 2
-0.0404017 0.0345 0.258556 2
-0.0375757 0.0345812 0.258 2
-0.0344948 0.0345812 0.258 2
-0.0314139 0.0345812 0.258 2
-0.0284429 0.0344562 0.258375 2
-0.0253728 0.0344663 0.25924 2
-0.0226255 0.0345668 0.26 2
-0.020932 0.0345668 0.26 2
-0.0457699 0.0366852 0.26 2
-0.0435054 0.0373857 0.25996 2
-0.0405549 0.0375812 0.259 2
-0.0375757 0.0376642 0.258 2
-0.0344948 0.0376642 0.258 2
-0.0314711 0.0377346 0.25848 2
-0.0283767 0.0376116 0.259 2
-0.0254036 0.0373282 0.25956 2
-0.0227237 0.0373176 0.26 2
-0.020932 0.0368264 0.26 2
-0.0427216 0.0400462 0.26 2
-0.0406618 0.0406434 0.259538 2
-0.0375375 0.0406234 0.258593 2
-0.0344701 0.0404974 0.258571 2
-0.0315306 0.0406177 0.25896 2
-0.0284857 0.0406872 0.2594 2
-0.025448 0.0404981 0.26 2
-0.02319 0.040014 0.26 2
-0.0428448 0.0439132 0.26 2
-0.0406894 0.043605 0.26 2
-0.0375654 0.0435831 0.259867 2
-0.0344696 0.0435919 0.25992 2
-0.0315606 0.0434715 0.2592 2
-0.0285147 0.0435491 0.259667 2
-0.0259722 0.043363 0.26 2
-0.0427421 0.0463268 0.26 2
-0.0406894 0.0464295 0.26 2
-0.0375847 0.0464295 0.26 2
-0.0344799 0.0464295 0.26 2
-0.0316479 0.0464156 0.25992 2
-0.0285451 0.0464179 0.259933 2
-0.0262947 0.0452997 0.26 2
-0.0426652 0.0481241 0.26 2
-0.0403032 0.0491944 0.26 2
-0.0375846 0.0495364 0.26 2
-0.0344799 0.0495363 0.26 2
-0.0316574 0.0495364 0.26 2
-0.0285528 0.0495364 0.26 2
-0.0398427 0.0515135 0.26 2
-0.0373794 0.0523352 0.26 2
-0.0346582 0.0523757 0.26 2
-0.03198 0.0517556 0.26 2
-0.0288753 0.0519977 0.26 2
-0.0274802 0.0986252 0.26 2
-0.0262383 0.0986252 0.26 2
-0.0454876 0.100942 0.26 2
-0.0433124 0.100755 0.2588 2
-0.0405133 0.100786 0.25888 2
-0.0383273 0.101137 0.259571 2
-0.0310929 0.101507 0.26 2
-0.0283382 0.100817 0.26 2
-0.0255216 0.100757 0.26 2
-0.0233029 0.101055 0.26 2
-0.0460522 0.102636 0.26 2
-0.0432455 0.102285 0.2584 2
-0.0403764 0.102127 0.258 2
-0.0379114 0.102598 0.259667 2
-0.0316574 0.102635 0.26 2
-0.0285528 0.102636 0.26 2
-0.025448 0.102636 0.26 2
-0.02319 0.102635 0.26 2
-0.00204456 -0.0781728 0.263 2
-0.00344569 -0.0764442 0.261 2
-0.00232271 -0.0764537 0.262333 2
-0.00344789 -0.0733713 0.261167 2
-0.00240297 -0.0736661 0.262214 2
-0.0692678 -0.0697276 0.261333 2
-0.0687004 -0.0697276 0.261333 2
-0.00393989 -0.0700945 0.261643 2
-0.00289557 -0.0703232 0.2625 2
-0.0694445 -0.0676293 0.262 2
-0.0681908 -0.067296 0.261385 2
-0.00402116 -0.0673528 0.261667 2
-0.00290108 -0.067316 0.263 2
-0.0694008 -0.0643293 0.262143 2
-0.0681052 -0.0644225 0.261353 2
-0.00402116 -0.0645103 0.261667 2
-0.00290108 -0.064459 0.263 2
-0.0694241 -0.061602 0.263 2
-0.0675 -0.0612799 0.261625 2
-0.0040194 -0.061636 0.261533 2
-0.00289667 -0.061507 0.2626 2
-0.0694264 -0.0588476 0.262889 2
-0.0674267 -0.058604 0.261524 2
-0.00402116 -0.0585409 0.261667 2
-0.00290108 -0.0584592 0.263 2
-0.0693385 -0.0555917 0.2616 2
-0.0680175 -0.0557433 0.261529 2
-0.00402116 -0.0554141 0.261667 2
-0.00290108 -0.0553165 0.263 2
-0.0676256 -0.052462 0.261176 2
-0.00405733 -0.0524242 0.261824 2
-0.00290108 -0.0524595 0.263 2
-0.0691386 -0.0487453 0.263 2
-0.0677176 -0.0495338 0.261818 2
-0.0657794 -0.0483746 0.261 2
-0.0044792 -0.049282 0.2619 2
-0.00290108 -0.0498881 0.263 2
-0.0691386 -0.0476025 0.263 2
-0.0673195 -0.0466787 0.262059 2
-0.0657794 -0.0463899 0.261 2
-0.00487059 -0.0464788 0.2615 2
-0.0675268 -0.0436352 0.262538 2
-0.0657794 -0.0446888 0.261 2
-0.00482282 -0.0435198 0.261727 2
-0.0691386 -0.0396028 0.263 2
-0.0672189 -0.0402654 0.2623 2
-0.0657794 -0.0410028 0.261 2
-0.00656237 -0.0395852 0.261 2
-0.0049383 -0.0405167 0.262364 2
-0.0691386 -0.03846 0.263 2
-0.0671547 -0.0376158 0.262545 2
-0.0649294 -0.037317 0.261 2
-0.00656237 -0.037317 0.261 2
-0.00488923 -0.0375314 0.2625 2
-0.0669752 -0.0346617 0.2628 2
-0.0649792 -0.0345072 0.2612 2
-0.00656237 -0.0344817 0.261 2
-0.00488923 -0.0346798 0.2625 2
-0.066569 -0.0313174 0.263 2
-0.0650212 -0.0313848 0.261857 2
-0.00657076 -0.0314014 0.261333 2
-0.0054637 -0.0315616 0.262667 2
-0.066569 -0.0284604 0.263 2
-0.0647661 -0.0284179 0.261625 2
-0.00658752 -0.0283522 0.262 2
-0.00547063 -0.0284604 0.263 2
-0.0647313 -0.0254858 0.2618 2
-0.0629461 -0.0242746 0.261 2
-0.00690415 -0.0252352 0.261714 2
-0.00547063 -0.0256034 0.263 2
-0.0643158 -0.0224429 0.261824 2
-0.0629461 -0.0225734 0.261 2
-0.00911239 -0.0214393 0.261 2
-0.00720848 -0.0225606 0.261476 2
-0.00547064 -0.0224606 0.263 2
-0.0639959 -0.019512 0.26225 2
-0.0623794 -0.0190765 0.261 2
-0.00953738 -0.0190292 0.261 2
-0.0074373 -0.0195231 0.261933 2
-0.00547064 -0.0196036 0.263 2
-0.0637139 -0.0164609 0.263 2
-0.062096 -0.0163357 0.261 2
-0.00968836 -0.0163521 0.261267 2
-0.00744953 -0.0164207 0.26236 2
-0.0639908 -0.0133572 0.262375 2
-0.062096 -0.0135004 0.261 2
-0.00969069 -0.0135176 0.261333 2
-0.00753654 -0.013692 0.262783 2
-0.06396 -0.0107241 0.262444 2
-0.062096 -0.0106651 0.261 2
-0.00969069 -0.0106787 0.261333 2
-0.00786262 -0.0105331 0.262706 2
-0.0637139 -0.00788979 0.263 2
-0.0619317 -0.0072761 0.2615 2
-0.00911239 -0.00754626 0.261 2
-0.00750369 -0.00747726 0.262143 2
-0.0616124 -0.00437206 0.26213 2
-0.0595461 -0.00386036 0.261 2
-0.00958555 -0.00412215 0.261273 2
-0.00772139 -0.00463094 0.262421 2
-0.0611215 -0.00173259 0.262176 2
-0.059219 -0.00121471 0.261222 2
-0.00969069 -0.00159415 0.261333 2
-0.00812913 -0.00191322 0.262545 2
-0.0606869 0.00134672 0.262667 2
-0.05873 0.0016429 0.2614 2
-0.00969069 0.00152867 0.261333 2
-0.00802928 0.00153647 0.262667 2
-0.0602879 0.00468115 0.263 2
-0.0582419 0.00465445 0.2615 2
-0.0125124 0.00577968 0.261 2
-0.0101916 0.00486397 0.261636 2
-0.00859811 0.00467534 0.2626 2
-0.0602879 0.00753818 0.263 2
-0.0582418 0.00749519 0.2615 2
-0.0125124 0.00748086 0.261 2
-0.0105648 0.0075079 0.261933 2
-0.00861121 0.00753818 0.263 2
-0.0583305 0.0103528 0.2619 2
-0.0562405 0.0105052 0.261 2
-0.0125124 0.0103162 0.261 2
-0.0108599 0.0103636 0.2622 2
-0.0584829 0.013517 0.262583 2
-0.0557533 0.0135417 0.261222 2
-0.0132184 0.0137646 0.261278 2
-0.0112947 0.0133629 0.26235 2
-0.0580038 0.0166807 0.263 2
-0.0557336 0.0165998 0.26172 2
-0.0538794 0.0174045 0.261 2
-0.0156291 0.0168374 0.261 2
-0.0134529 0.0166484 0.261862 2
-0.0112966 0.0160192 0.262857 2
-0.0576612 0.0193091 0.263 2
-0.0555669 0.0194059 0.261952 2
-0.0538794 0.0193891 0.261 2
-0.0156291 0.0193891 0.261 2
-0.0134107 0.0194634 0.262 2
-0.0571473 0.0223947 0.263 2
-0.0552665 0.0223266 0.2622 2
-0.0524942 0.023012 0.261 2
-0.0156291 0.022508 0.261 2
-0.0134255 0.0223326 0.262267 2
-0.0571473 0.0255375 0.263 2
-0.0552665 0.0254598 0.2622 2
-0.0524179 0.0254179 0.261 2
-0.0181791 0.0264774 0.261 2
-0.0162927 0.0258456 0.2612 2
-0.0135803 0.0253466 0.2625 2
-0.0571473 0.0286802 0.263 2
-0.055351 0.0286102 0.26213 2
-0.053171 0.0284149 0.261 2
-0.0188766 0.0288983 0.261 2
-0.0165185 0.0285324 0.26164 2
-0.0140358 0.0286802 0.263 2
-0.055045 0.0314773 0.2625 2
-0.0524369 0.0318902 0.261 2
-0.0504793 0.032715 0.261 2
-0.0193563 0.0315406 0.261069 2
-0.0165341 0.0314032 0.26188 2
-0.0140358 0.0315372 0.263 2
-0.0547335 0.0341827 0.262833 2
-0.0522765 0.034764 0.26148 2
-0.0496442 0.034849 0.261 2
-0.047646 0.0358339 0.261 2
-0.019285 0.0346648 0.261231 2
-0.0165998 0.0343599 0.262231 2
-0.01415 0.0337086 0.263 2
-0.0545777 0.0363942 0.263 2
-0.0524683 0.0377432 0.26244 2
-0.0494074 0.0375818 0.26132 2
-0.0467793 0.0378686 0.261 2
-0.0212958 0.0383857 0.261 2
-0.0193553 0.037622 0.2616 2
-0.0168677 0.0373671 0.262857 2
-0.0519044 0.040368 0.263 2
-0.049544 0.0405318 0.26204 2
-0.0465126 0.0403704 0.261 2
-0.0441043 0.0405831 0.261 2
-0.0218221 0.040656 0.261118 2
-0.0194062 0.0405687 0.26228 2
-0.0173667 0.0402988 0.263 2
-0.0514372 0.0426797 0.263 2
-0.0494839 0.0433836 0.262545 2
-0.0465167 0.0434471 0.261357 2
-0.0441515 0.0432057 0.261 2
-0.0248761 0.0440821 0.261 2
-0.0224901 0.0434524 0.261313 2
-0.0195396 0.0434196 0.262739 2
-0.0177474 0.0429654 0.263 2
-0.0514372 0.0466795 0.263 2
-0.0495222 0.0465647 0.262357 2
-0.0466694 0.0465745 0.261519 2
-0.0442864 0.0466891 0.261 2
-0.0254719 0.0467067 0.261 2
-0.022397 0.0465502 0.261546 2
-0.019783 0.0464667 0.262952 2
-0.0514372 0.0495365 0.263 2
-0.0496527 0.0496402 0.262385 2
-0.0466839 0.0496254 0.26196 2
-0.0438123 0.0496086 0.261348 2
-0.0415543 0.0500104 0.261 2
-0.0255458 0.0494434 0.261 2
-0.0224998 0.0496012 0.261833 2
-0.0197281 0.0494935 0.262773 2
-0.0488844 0.0523432 0.263 2
-0.0465047 0.0525898 0.26255 2
-0.0438204 0.0524474 0.26184 2
-0.0408459 0.0528052 0.261 2
-0.0380126 0.0536963 0.261 2
-0.0340459 0.0536963 0.261 2
-0.0314959 0.0532427 0.261 2
-0.0281363 0.0533723 0.261 2
-0.0256476 0.0524868 0.261407 2
-0.0225287 0.0525129 0.262167 2
-0.0196433 0.0527966 0.262905 2
-0.0480111 0.0549649 0.263 2
-0.0462382 0.0555009 0.262955 2
-0.0433916 0.0553251 0.262 2
-0.0403723 0.0555257 0.2616 2
-0.0373821 0.0555459 0.261091 2
-0.0346126 0.055681 0.261 2
-0.0315526 0.0554542 0.261 2
-0.0283792 0.0553975 0.261 2
-0.0253551 0.0555145 0.262296 2
-0.0224709 0.0553914 0.262875 2
-0.0197719 0.054861 0.263 2
-0.0458698 0.058179 0.263 2
-0.0434105 0.0583496 0.2628 2
-0.0405081 0.0582791 0.26248 2
-0.0375782 0.0583814 0.26192 2
-0.0344869 0.0587419 0.261828 2
-0.0313831 0.0584213 0.261968 2
-0.0285564 0.0583704 0.262071 2
-0.0257247 0.058214 0.262833 2
-0.043443 0.0603933 0.263 2
-0.0403432 0.0607198 0.263 2
-0.0375679 0.0616896 0.262969 2
-0.0343423 0.0617246 0.262769 2
-0.031535 0.0617171 0.26287 2
-0.0284163 0.0612504 0.263 2
-0.0264078 0.0610599 0.263 2
-0.0374474 0.0638217 0.263 2
-0.0343068 0.0638217 0.263 2
-0.0341795 0.0858908 0.262818 2
-0.0321043 0.0858616 0.263 2
-0.034175 0.0880186 0.263 2
-0.0321043 0.0879432 0.263 2
-0.0331648 0.0926777 0.263 2
-0.0311584 0.0916722 0.262826 2
-0.0285903 0.0916257 0.262586 2
-0.0261495 0.0919022 0.263 2
-0.0331648 0.0943919 0.263 2
-0.0315059 0.094429 0.262826 2
-0.0284562 0.0945777 0.262115 2
-0.025927 0.0945933 0.2628 2
-0.0545777 0.0981061 0.263 2
-0.0525126 0.0982664 0.262667 2
-0.049231 0.0981321 0.263 2
-0.0464216 0.097778 0.262818 2
-0.0437881 0.0983465 0.2625 2
-0.0401487 0.0982599 0.263 2
-0.0375487 0.0976059 0.262871 2
-0.0342477 0.0978961 0.262739 2
-0.0314163 0.0974222 0.2627 2
-0.0285112 0.0974508 0.261464 2
-0.0253101 0.0973578 0.261853 2
-0.02254 0.0981713 0.262667 2
-0.0193177 0.0978204 0.263 2
-0.0166054 0.0975347 0.263 2
-0.0144029 0.0978612 0.263 2
-0.0520187 0.0999205 0.261227 2
-0.0494611 0.100494 0.261903 2
-0.0467788 0.100234 0.261522 2
-0.0436354 0.0994512 0.261375 2
-0.0405877 0.0996457 0.261706 2
-0.0373904 0.100254 0.26172 2
-0.0345543 0.100396 0.261727 2
-0.0314733 0.100232 0.261379 2
-0.0292292 0.0996283 0.261 2
-0.0246959 0.0996283 0.261 2
-0.0222403 0.10022 0.261655 2
-0.0194863 0.100654 0.262769 2
-0.0166054 0.100677 0.263 2
-0.0143652 0.100853 0.263 2
-0.051046 0.10218 0.261 2
-0.0491716 0.102703 0.261 2
-0.047306 0.10252 0.261 2
-0.0365959 0.102747 0.261 2
-0.0346126 0.102747 0.261 2
-0.0326293 0.10218 0.261 2
-0.0215791 0.102747 0.261 2
-0.0193142 0.102839 0.261842 2
-0.0165679 0.103012 0.2624 2
-0.0137176 0.103013 0.2624 2
-0.000476254 -0.0786228 0.265 2
0.000530985 -0.0787755 0.266 2
-0.000784664 -0.0767505 0.264714 2
0.000530985 -0.0776196 0.266 2
-0.00119642 -0.0731875 0.265125 2
-0.00148336 -0.070444 0.2651 2
-0.00153862 -0.0675246 0.265455 2
-0.00141928 -0.0645279 0.265111 2
-0.00153438 -0.06163 0.264909 2
-0.00162988 -0.0586989 0.265375 2
-0.00148414 -0.0554909 0.2652 2
-0.00159731 -0.0525501 0.2649 2
-0.00348529 -0.0483571 0.264 2
-0.00220211 -0.0492294 0.264833 2
-0.0694014 -0.0460628 0.264 2
-0.0688283 -0.0460628 0.264 2
-0.00348529 -0.0463496 0.264 2
-0.00234411 -0.0464666 0.264667 2
-0.0696121 -0.0439039 0.265778 2
-0.0688283 -0.0423345 0.264 2
-0.00348529 -0.0434817 0.264 2
-0.00231344 -0.0434513 0.265059 2
-0.0694014 -0.0411874 0.264 2
-0.0688283 -0.0411874 0.264 2
-0.00348529 -0.0406138 0.264 2
-0.00234929 -0.0404336 0.265333 2
-0.00348969 -0.037505 0.264333 2
-0.00249184 -0.0377684 0.265167 2
-0.0679685 -0.0334441 0.264 2
-0.00374038 -0.0340695 0.264714 2
-0.00292314 -0.0344344 0.265 2
-0.0679685 -0.0314365 0.264 2
-0.0040664 -0.0315077 0.2646 2
-0.00293196 -0.03165 0.2658 2
-0.0679685 -0.0285686 0.264 2
-0.00403256 -0.0285414 0.26475 2
-0.00293417 -0.0284961 0.266 2
-0.0675662 -0.0254774 0.264667 2
-0.0659623 -0.0245536 0.264 2
-0.00406728 -0.025573 0.264667 2
-0.00293417 -0.0253175 0.266 2
-0.0676254 -0.0223355 0.2649 2
-0.0659623 -0.0225461 0.264 2
-0.00409996 -0.0225113 0.264588 2
-0.00293417 -0.0224279 0.266 2
-0.0675876 -0.0194465 0.26475 2
-0.0655802 -0.019009 0.264 2
-0.00424064 -0.0193248 0.264941 2
-0.00293417 -0.0195383 0.266 2
-0.0668045 -0.01659 0.265067 2
-0.0651025 -0.0165235 0.264 2
-0.00485911 -0.0166143 0.264571 2
-0.00293417 -0.0178045 0.266 2
-0.067036 -0.0136226 0.265222 2
-0.0651025 -0.0145159 0.264 2
-0.00663781 -0.0125084 0.264 2
-0.00492649 -0.0136814 0.2645 2
-0.0671386 -0.0106891 0.265455 2
-0.0651847 -0.00965197 0.264333 2
-0.00663781 -0.0107877 0.264 2
-0.00494201 -0.010553 0.265333 2
-0.0667509 -0.00855771 0.266 2
-0.0650921 -0.00713554 0.265286 2
-0.00494511 -0.00738794 0.2655 2
-0.0644313 -0.00430546 0.265167 2
-0.00663781 -0.00390473 0.264 2
-0.00500813 -0.00463124 0.265444 2
-0.0640976 -0.00168854 0.264875 2
-0.0625232 -0.00132363 0.264 2
-0.00697252 -0.00136541 0.264286 2
-0.00552056 -0.00161765 0.2654 2
-0.0639964 0.00137298 0.2655 2
-0.0620996 0.00187432 0.264286 2
-0.00666295 0.00155012 0.265 2
-0.00553304 0.001267 0.266 2
-0.0638219 0.00423919 0.266 2
-0.0622014 0.0047188 0.265067 2
-0.00722356 0.00470785 0.2645 2
-0.00553304 0.00444559 0.266 2
-0.0635744 0.00646832 0.266 2
-0.061997 0.00749304 0.265091 2
-0.00722356 0.00758118 0.2645 2
-0.00553304 0.00762417 0.266 2
-0.0635744 0.0105138 0.266 2
-0.061565 0.0104664 0.2648 2
-0.00921713 0.0104347 0.264 2
-0.00752547 0.0104764 0.26504 2
-0.00553304 0.00964691 0.266 2
-0.0635744 0.0122476 0.266 2
-0.0613145 0.0132816 0.264667 2
-0.00975697 0.013495 0.264308 2
-0.00754417 0.0133878 0.26568 2
-0.0613547 0.0164115 0.265364 2
-0.0593707 0.0167441 0.264 2
-0.0100604 0.0166829 0.264273 2
-0.00815572 0.016378 0.265625 2
-0.0612073 0.0193169 0.265571 2
-0.0591074 0.01988 0.264286 2
-0.0103858 0.0196566 0.2646 2
-0.00808831 0.0195348 0.265706 2
-0.0609756 0.0217834 0.266 2
-0.05891 0.0225225 0.2645 2
-0.0103797 0.0225168 0.26444 2
-0.00812099 0.0226218 0.265667 2
-0.0609756 0.0258288 0.266 2
-0.05891 0.0253958 0.2645 2
-0.0123696 0.0264949 0.264 2
-0.0103811 0.0253946 0.26448 2
-0.00816626 0.0253328 0.265692 2
-0.0609755 0.0284294 0.266 2
-0.0588476 0.0284207 0.264454 2
-0.0123696 0.0285025 0.264 2
-0.0104125 0.0283534 0.26528 2
-0.00870943 0.0284294 0.266 2
-0.060759 0.0311023 0.266 2
-0.0585664 0.0314659 0.264696 2
-0.0567914 0.0316572 0.264 2
-0.0123696 0.0316572 0.264 2
-0.0107601 0.0314119 0.265454 2
-0.0601093 0.0333418 0.266 2
-0.0581426 0.0346297 0.265429 2
-0.0560271 0.0346525 0.264 2
-0.0131768 0.0348827 0.2641 2
-0.0106628 0.0345818 0.265636 2
-0.0580123 0.0376272 0.26565 2
-0.0555812 0.037662 0.264375 2
-0.015694 0.0380693 0.264143 2
-0.013512 0.0374859 0.264931 2
-0.0113083 0.0373873 0.266 2
-0.0575104 0.0402769 0.266 2
-0.0554803 0.0404547 0.264905 2
-0.0532143 0.0409008 0.264091 2
-0.0159451 0.0406249 0.264238 2
-0.0133146 0.0405235 0.26572 2
-0.0552556 0.0432363 0.265667 2
-0.0524518 0.0436898 0.264474 2
-0.0183881 0.0445627 0.264 2
-0.0162554 0.0435382 0.264555 2
-0.0133187 0.0434228 0.2658 2
-0.0549945 0.0465304 0.265778 2
-0.0527564 0.0463013 0.2646 2
-0.0183881 0.0465702 0.264 2
-0.0163774 0.046466 0.264531 2
-0.0137213 0.0461579 0.265706 2
-0.0552328 0.0492877 0.265609 2
-0.0528465 0.0495005 0.264333 2
-0.0183881 0.0494381 0.264 2
-0.0163935 0.0495637 0.264968 2
-0.0139897 0.0491934 0.266 2
-0.0545523 0.0523443 0.265857 2
-0.0524289 0.0525528 0.264739 2
-0.0501998 0.0531664 0.264 2
-0.0185792 0.051828 0.264 2
-0.0164621 0.0525702 0.265333 2
-0.0144847 0.0527023 0.266 2
-0.054334 0.054436 0.266 2
-0.0522888 0.0554373 0.265524 2
-0.049507 0.0554896 0.26425 2
-0.0476205 0.0566078 0.264 2
-0.021254 0.0566078 0.264 2
-0.0192888 0.0562801 0.264 2
-0.0167422 0.0554248 0.2652 2
-0.0522485 0.0583531 0.266 2
-0.0495433 0.0586522 0.264741 2
-0.0472384 0.0589977 0.264 2
-0.0244065 0.0591889 0.264 2
-0.0224167 0.0586604 0.2642 2
-0.0195901 0.0587849 0.26476 2
-0.0168873 0.0582468 0.265409 2
-0.0517031 0.0612427 0.266 2
-0.0495021 0.0616767 0.265261 2
-0.0464957 0.0615115 0.26412 2
-0.0436082 0.0620568 0.264 2
-0.0410549 0.0621611 0.264 2
-0.0304249 0.0626304 0.264 2
-0.0292786 0.0626304 0.264 2
-0.024916 0.0616107 0.264 2
-0.0224782 0.0616979 0.26492 2
-0.0196906 0.0615857 0.265381 2
-0.0170836 0.0613711 0.266 2
-0.0496096 0.0645239 0.26556 2
-0.0465102 0.0643999 0.2642 2
-0.0436082 0.0643512 0.264 2
-0.0406149 0.0644149 0.264 2
-0.0373031 0.0652115 0.264 2
-0.0344372 0.0652115 0.264 2
-0.0315167 0.0645697 0.264 2
-0.0287054 0.0643512 0.264 2
-0.0255529 0.0643512 0.264 2
-0.0224852 0.0645949 0.265 2
-0.0196084 0.0644903 0.265552 2
-0.0171523 0.0643708 0.266 2
-0.0492578 0.0674801 0.265875 2
-0.0466654 0.0674953 0.26508 2
-0.0434195 0.0673726 0.2646 2
-0.0401691 0.0675058 0.264 2
-0.0373031 0.0675058 0.264 2
-0.0344941 0.0673322 0.26444 2
-0.0315362 0.0674584 0.264214 2
-0.0286532 0.0675419 0.264032 2
-0.0255588 0.0673294 0.264586 2
-0.0224884 0.067484 0.26504 2
-0.0197441 0.0675837 0.265826 2
-0.0462899 0.0703702 0.266 2
-0.0434941 0.0703535 0.264933 2
-0.0403079 0.0707438 0.264074 2
-0.0374019 0.0706075 0.264174 2
-0.0345677 0.0703524 0.265 2
-0.0317693 0.0705094 0.265 2
-0.0284689 0.0705827 0.265 2
-0.025407 0.0704807 0.26548 2
-0.0225563 0.0705761 0.26584 2
-0.020365 0.0703027 0.266 2
-0.0458155 0.0734594 0.266 2
-0.0436596 0.073643 0.264928 2
-0.0404113 0.0734986 0.264034 2
-0.0373378 0.0735965 0.264704 2
-0.0345677 0.073519 0.265 2
-0.0316909 0.0735191 0.265 2
-0.0286128 0.0735971 0.265428 2
-0.0254577 0.0735075 0.266 2
-0.0226705 0.0734824 0.266 2
-0.0208375 0.0733149 0.266 2
-0.0456134 0.0763971 0.266 2
-0.0432411 0.0766283 0.26512 2
-0.0402967 0.0766401 0.26484 2
-0.0374444 0.0766857 0.265 2
-0.0345677 0.0766857 0.265 2
-0.0316909 0.0766857 0.265 2
-0.0284932 0.0766669 0.265129 2
-0.0254944 0.0764413 0.265923 2
-0.0225701 0.0763972 0.266 2
-0.0208375 0.0763971 0.266 2
-0.0453824 0.0784198 0.266 2
-0.043361 0.0794601 0.266 2
-0.0403973 0.0794272 0.2655 2
-0.0373922 0.0794623 0.265182 2
-0.0345677 0.0795644 0.265 2
-0.0316909 0.0795644 0.265 2
-0.0285646 0.0796111 0.264636 2
-0.0253481 0.0794077 0.265276 2
-0.0226147 0.079348 0.265778 2
-0.0208375 0.0792868 0.266 2
-0.042899 0.0823498 0.266 2
-0.0404586 0.082434 0.2659 2
-0.0375319 0.0823128 0.265179 2
-0.0345137 0.0824853 0.264923 2
-0.031651 0.0826256 0.264667 2
-0.0284056 0.0825763 0.264219 2
-0.025362 0.0824432 0.265 2
-0.0224499 0.082357 0.265321 2
-0.0198015 0.0825825 0.265808 2
-0.0167242 0.0830957 0.2658 2
-0.0426785 0.0853287 0.266 2
-0.0404556 0.0856056 0.26588 2
-0.0373402 0.0853539 0.264704 2
-0.0347677 0.0845323 0.264333 2
-0.031039 0.0853277 0.264 2
-0.0284159 0.0853976 0.26452 2
-0.025362 0.085322 0.265 2
-0.0224852 0.085322 0.265 2
-0.0196084 0.085322 0.265 2
-0.0164632 0.0854293 0.265333 2
-0.014196 0.0859329 0.266 2
-0.042206 0.0891115 0.266 2
-0.0403766 0.0886449 0.265621 2
-0.0374672 0.0884953 0.264714 2
-0.0346829 0.0894247 0.264 2
-0.031151 0.0887474 0.264 2
-0.0285264 0.0884886 0.265 2
-0.0253497 0.0884435 0.264867 2
-0.0224852 0.0884886 0.265 2
-0.0196084 0.0884886 0.265 2
-0.0165456 0.0884755 0.2655 2
-0.0141959 0.0885336 0.266 2
-0.0459794 0.0919911 0.265833 2
-0.0433776 0.0915888 0.265437 2
-0.0403546 0.0915613 0.264923 2
-0.0374217 0.0916 0.26484 2
-0.03448 0.0914204 0.26432 2
-0.0320808 0.0907995 0.264 2
-0.0287054 0.0901622 0.264 2
-0.0251803 0.0909939 0.264 2
-0.0224004 0.0913094 0.264 2
-0.0195627 0.0914477 0.2644 2
-0.0164928 0.0915462 0.2658 2
-0.0141959 0.0902673 0.266 2
-0.0549579 0.0952629 0.265429 2
-0.0534678 0.0954686 0.266 2
-0.0484802 0.095898 0.264 2
-0.0466334 0.0946937 0.265 2
-0.0435622 0.0945249 0.264375 2
-0.0403806 0.0945523 0.264059 2
-0.0373215 0.0945112 0.264133 2
-0.0347461 0.094523 0.264167 2
-0.0243492 0.0942346 0.264 2
-0.0224004 0.0944641 0.264 2
-0.0195439 0.0945112 0.264133 2
-0.0164549 0.0945279 0.264947 2
-0.0139946 0.0950079 0.265625 2
-0.0547005 0.0967881 0.264727 2
-0.0525529 0.096929 0.264667 2
-0.0496957 0.0968157 0.26475 2
-0.0461466 0.0967174 0.264 2
-0.0434272 0.097347 0.264 2
-0.0409651 0.0973001 0.264 2
-0.0363479 0.0966628 0.264 2
-0.0347238 0.0967584 0.264 2
-0.0223185 0.0970861 0.264 2
-0.0201076 0.0967584 0.264 2
-0.0130644 0.0972686 0.265154 2
-0.0115971 0.0974914 0.266 2
-0.00726562 0.0980693 0.266 2
-0.0128517 0.100473 0.264588 2
-0.0115971 0.10067 0.266 2
-0.0123095 0.102949 0.26425 2
-0.0111276 0.103667 0.265167 2
-0.0107307 0.105293 0.266 2
0.00140778 -0.0784944 0.268 2
-4.67165e-05 -0.0761711 0.267 2
0.00172488 -0.0764314 0.268308 2
-4.67165e-05 -0.0735607 0.267 2
0.00170188 -0.0734475 0.26828 2
-4.67748e-05 -0.0704566 0.267333 2
0.00165855 -0.0705299 0.268462 2
-4.68915e-05 -0.0674313 0.268 2
0.00170465 -0.0676326 0.2688 2
-4.67515e-05 -0.0643282 0.2672 2
0.00174471 -0.0644443 0.26869 2
-4.68915e-05 -0.0616086 0.268 2
0.00125502 -0.06184 0.268615 2
-0.000521094 -0.0585778 0.267455 2
0.000534977 -0.0586972 0.268 2
-4.70373e-05 -0.0556664 0.268833 2
0.00053664 -0.0556664 0.268833 2
-0.000295408 -0.0522101 0.268429 2
0.000536973 -0.0524874 0.269 2
-0.000660616 -0.0495098 0.267588 2
0.000536973 -0.0495652 0.269 2
-0.00062653 -0.0464118 0.267667 2
0.000536973 -0.046643 0.269 2
-0.000918322 -0.0434919 0.2676 2
-0.000919695 -0.0406469 0.268 2
-0.00121083 -0.0373511 0.268375 2
-0.00149939 -0.0345319 0.268 2
-0.0015539 -0.0315094 0.268182 2
-0.00150173 -0.0284517 0.2683 2
-0.0017497 -0.0257574 0.268 2
-0.00208343 -0.0225965 0.268 2
-0.00208343 -0.0196852 0.268 2
-0.0035249 -0.0164212 0.267 2
-0.00229888 -0.0164673 0.26775 2
-0.0035249 -0.0135207 0.267 2
-0.00240854 -0.013382 0.267875 2
-0.0681612 -0.00916997 0.267 2
-0.0035249 -0.0103302 0.267 2
-0.00237587 -0.0103818 0.268333 2
-0.0678718 -0.00732358 0.267889 2
-0.00353546 -0.00745108 0.2678 2
-0.0024834 -0.00778855 0.268455 2
-0.0676572 -0.00459875 0.26825 2
-0.0655525 -0.00481925 0.267 2
-0.00378277 -0.00420983 0.267714 2
-0.00295623 -0.00454616 0.268 2
-0.0676572 -0.001588 0.26825 2
-0.0655525 -0.00133867 0.267 2
-0.004109 -0.00163075 0.267333 2
-0.00295623 -0.00163482 0.268 2
-0.0675758 0.00127675 0.26812 2
-0.0655525 0.00127177 0.267 2
-0.00411383 0.00127596 0.267667 2
-0.00296285 0.00128069 0.2686 2
-0.0671701 0.00433887 0.26825 2
-0.065116 0.00465191 0.267437 2
-0.00434478 0.00436791 0.268077 2
-0.00296726 0.00303462 0.269 2
-0.0668058 0.00755268 0.268933 2
-0.064381 0.00773026 0.267579 2
-0.0041606 0.00776406 0.268 2
-0.00296726 0.00800238 0.269 2
-0.0663356 0.0106324 0.269 2
-0.0649252 0.0105928 0.268 2
-0.00452966 0.0107498 0.267762 2
-0.00296726 0.0106324 0.269 2
-0.0663356 0.0132624 0.269 2
-0.0643292 0.0136168 0.267667 2
-0.00469616 0.0134941 0.2678 2
-0.00296726 0.0135546 0.269 2
-0.0644407 0.0164405 0.2684 2
-0.00671324 0.0163543 0.267 2
-0.00499355 0.016423 0.2681 2
-0.0637615 0.0193269 0.268 2
-0.0623642 0.0201249 0.267 2
-0.00671323 0.0195449 0.267 2
-0.005001 0.0193629 0.2685 2
-0.0639518 0.0223055 0.2688 2
-0.0620754 0.0230061 0.267625 2
-0.00671324 0.0227353 0.267 2
-0.00528782 0.0222582 0.26825 2
-0.0639994 0.0255356 0.269 2
-0.0623656 0.0255225 0.267833 2
-0.00691066 0.0258459 0.267167 2
-0.00558712 0.0257908 0.2686 2
-0.0639994 0.0287501 0.269 2
-0.0624109 0.0285585 0.2672 2
-0.0073055 0.0285897 0.2675 2
-0.00559544 0.0281656 0.269 2
-0.0639994 0.0305034 0.269 2
-0.0621998 0.0317695 0.267714 2
-0.00932187 0.0314368 0.267 2
-0.00761469 0.0315781 0.2682 2
-0.0631233 0.0343023 0.269 2
-0.0614462 0.0344776 0.267824 2
-0.0597555 0.0349174 0.267 2
-0.00932187 0.0343373 0.267 2
-0.00761469 0.0344916 0.2682 2
-0.0612352 0.037434 0.2684 2
-0.059845 0.0372949 0.2674 2
-0.0100803 0.0378168 0.267235 2
-0.00820659 0.0374432 0.268467 2
-0.061131 0.0402302 0.268583 2
-0.0590711 0.0407284 0.267294 2
-0.0104883 0.0406324 0.2672 2
-0.00821271 0.0403888 0.268667 2
-0.0604717 0.0430958 0.26825 2
-0.0586586 0.0435553 0.2675 2
-0.0565673 0.044489 0.267 2
-0.0104536 0.0436275 0.267462 2
-0.00824784 0.0434099 0.268625 2
-0.0602031 0.0462833 0.269 2
-0.0583883 0.046559 0.267579 2
-0.0565673 0.0462293 0.267 2
-0.0125102 0.0468094 0.267 2
-0.0105628 0.0466238 0.267875 2
-0.00817956 0.0463547 0.268929 2
-0.0602031 0.0494978 0.269 2
-0.0585576 0.0495129 0.267952 2
-0.0565673 0.05029 0.267 2
-0.0127035 0.0496132 0.267 2
-0.0104926 0.0496234 0.268462 2
-0.00858864 0.0491325 0.269 2
-0.0581849 0.0527444 0.268667 2
-0.0560139 0.0524999 0.267231 2
-0.0130993 0.0523601 0.2672 2
-0.0105428 0.0526338 0.2686 2
-0.00880766 0.0527122 0.269 2
-0.0579087 0.0553839 0.269 2
-0.0555529 0.0555025 0.267474 2
-0.0539586 0.056091 0.267 2
-0.0151188 0.0558009 0.267 2
-0.0134067 0.0554532 0.26756 2
-0.0108476 0.0556142 0.2689 2
-0.057575 0.0579722 0.269 2
-0.0557496 0.0584923 0.268421 2
-0.0537102 0.0590328 0.267 2
-0.0154087 0.0589914 0.267 2
-0.0134302 0.0584642 0.26804 2
-0.0114358 0.0582644 0.269 2
-0.0555971 0.0615077 0.268546 2
-0.0532418 0.0615938 0.267143 2
-0.0154313 0.0616937 0.2674 2
-0.0134839 0.0616402 0.268667 2
-0.0550591 0.0643644 0.268706 2
-0.0524879 0.0646151 0.267238 2
-0.0155404 0.0646078 0.267 2
-0.0134294 0.0645147 0.268522 2
-0.0543122 0.0675534 0.26875 2
-0.052295 0.0675124 0.267625 2
-0.0501905 0.068563 0.267 2
-0.0180173 0.0676928 0.267 2
-0.0163421 0.0675111 0.267636 2
-0.0137173 0.0671024 0.268941 2
-0.0543627 0.0693688 0.269 2
-0.0522928 0.0704826 0.268182 2
-0.0494676 0.0705584 0.267364 2
-0.047292 0.0711735 0.267 2
-0.0187874 0.0705172 0.267294 2
-0.0163094 0.0705929 0.268593 2
-0.0143561 0.0690766 0.269 2
-0.0523186 0.0737521 0.269 2
-0.0494332 0.0735028 0.267846 2
-0.0473069 0.0735169 0.267083 2
-0.0214955 0.0740739 0.267 2
-0.0193372 0.0735287 0.267161 2
-0.0163623 0.0735876 0.2684 2
-0.0143561 0.0740443 0.269 2
-0.0522537 0.0765445 0.269 2
-0.04941 0.076509 0.267593 2
-0.0470914 0.0768182 0.267 2
-0.0191902 0.0766253 0.2672 2
-0.0163392 0.0763893 0.268 2
-0.0140223 0.0769248 0.269 2
-0.0517346 0.0795965 0.269 2
-0.0494599 0.0794124 0.267609 2
-0.0465881 0.0797506 0.267 2
-0.0446834 0.080745 0.267 2
-0.0191902 0.079528 0.2672 2
-0.0163392 0.0793006 0.268 2
-0.0135456 0.0794664 0.268304 2
-0.0117279 0.080181 0.269 2
-0.0517346 0.0822265 0.269 2
-0.0495471 0.0825515 0.268333 2
-0.046451 0.0825349 0.26716 2
-0.044466 0.0827028 0.267 2
-0.0185238 0.081534 0.267143 2
-0.0161112 0.08171 0.267263 2
-0.0134668 0.0824414 0.267966 2
-0.0117279 0.0825187 0.269 2
-0.0495809 0.0855998 0.2684 2
-0.0464581 0.0854498 0.2672 2
-0.0442003 0.0855792 0.267 2
-0.0130841 0.0852834 0.2675 2
-0.0112686 0.0860105 0.2685 2
-0.0517346 0.0886554 0.269 2
-0.0495508 0.0884624 0.26824 2
-0.0464861 0.0884055 0.26736 2
-0.0436821 0.0882599 0.267 2
-0.0128031 0.0883081 0.267067 2
-0.0105935 0.0885573 0.268042 2
-0.00880766 0.0889476 0.269 2
-0.0546547 0.0924543 0.269 2
-0.0524809 0.090636 0.269 2
-0.0494938 0.0913532 0.2685 2
-0.0466454 0.0909533 0.267167 2
-0.0438139 0.0900266 0.267 2
-0.0132925 0.0916457 0.26712 2
-0.0105312 0.0913454 0.268318 2
-0.00880766 0.0912854 0.269 2
-0.05707 0.0935663 0.268 2
-0.0551115 0.0940389 0.268048 2
-0.0529434 0.0950986 0.268222 2
-0.0495154 0.0945937 0.268048 2
-0.0475819 0.0935072 0.267 2
-0.012896 0.0942291 0.267286 2
-0.0105329 0.0943803 0.268333 2
-0.00759606 0.0945743 0.268091 2
-0.00500352 0.09465 0.2686 2
-0.0518322 0.0964352 0.2674 2
-0.0502845 0.096297 0.2675 2
-0.0101978 0.0973376 0.267167 2
-0.00785034 0.0970323 0.267 2
-0.00487263 0.0975461 0.267615 2
-0.00296726 0.0985909 0.269 2
-0.0102678 0.100465 0.267333 2
-0.00755931 0.100637 0.267278 2
-0.00464173 0.100459 0.267154 2
-0.00245813 0.100272 0.268143 2
-0.0100222 0.103238 0.267667 2
-0.0076764 0.103596 0.268072 2
-0.00490513 0.103314 0.267 2
-0.0029452 0.102209 0.267 2
-0.00961172 0.105399 0.267 2
-0.00818214 0.105662 0.267667 2
-0.00555384 0.105399 0.267 2
0.0021999 -0.0609929 0.27 2
0.00377707 -0.061415 0.271 2
0.00201034 -0.0586985 0.2707 2
0.00142704 -0.0556623 0.271667 2
0.00142354 -0.0522888 0.271 2
0.00142564 -0.0494164 0.2714 2
-4.72414e-05 -0.0450565 0.27 2
0.0013479 -0.0464344 0.271818 2
-4.72414e-05 -0.0432967 0.27 2
0.00113218 -0.0435105 0.271333 2
-4.73464e-05 -0.040452 0.2706 2
0.000540167 -0.040452 0.2706 2
-4.74164e-05 -0.0375692 0.271 2
0.000540966 -0.0375692 0.271 2
-4.74164e-05 -0.0346252 0.271 2
0.000540966 -0.0346252 0.271 2
-4.74164e-05 -0.0316813 0.271 2
0.000540966 -0.0316813 0.271 2
-4.74164e-05 -0.0287373 0.271 2
0.000540966 -0.0287373 0.271 2
-0.000487015 -0.0253203 0.270667 2
0.000541631 -0.0255289 0.271333 2
-0.000668037 -0.0224339 0.270588 2
0.000542962 -0.0223428 0.272 2
-0.000633568 -0.019293 0.270667 2
0.000542962 -0.019388 0.272 2
-0.000780062 -0.0164803 0.270333 2
0.000542962 -0.0173196 0.272 2
-0.000926556 -0.0133793 0.27 2
-0.000929989 -0.0104849 0.271 2
-0.00126497 -0.00728866 0.271 2
-0.0015162 -0.00459706 0.271 2
-0.0015162 -0.00165312 0.271 2
-0.00158182 0.00115998 0.271 2
-0.00356451 0.00480575 0.27 2
-0.00239727 0.00442509 0.270667 2
-0.0677546 0.00861874 0.27 2
-0.00356451 0.00656559 0.27 2
-0.00217379 0.00740328 0.270923 2
-0.0677546 0.0106719 0.27 2
-0.00151853 0.0107239 0.2713 2
-0.0675592 0.0138005 0.27 2
-0.0019112 0.0134668 0.271167 2
-0.0673181 0.0165759 0.2706 2
-0.00356451 0.016538 0.27 2
-0.0023983 0.0165876 0.2708 2
-0.0672904 0.0194964 0.271375 2
-0.0654097 0.0194711 0.27 2
-0.00356979 0.0195013 0.2704 2
-0.00240392 0.0195773 0.271467 2
-0.0672063 0.0225148 0.271333 2
-0.0654097 0.0224042 0.27 2
-0.00396375 0.0228517 0.270667 2
-0.00298933 0.0221928 0.271 2
-0.0669268 0.0250386 0.271 2
-0.0654097 0.0253373 0.27 2
-0.00386973 0.0254311 0.271 2
-0.0666407 0.02866 0.271833 2
-0.0653771 0.02814 0.27 2
-0.00431361 0.0283132 0.271125 2
-0.0669572 0.0319073 0.272 2
-0.0646683 0.0317894 0.270385 2
-0.0050938 0.0314375 0.270636 2
-0.0664848 0.0337984 0.272 2
-0.064814 0.0346028 0.271357 2
-0.0627718 0.0358963 0.27 2
-0.00504649 0.0345562 0.271 2
-0.063606 0.0373832 0.271333 2
-0.0627718 0.0364829 0.27 2
-0.00678867 0.0376562 0.27 2
-0.00512135 0.0374636 0.271444 2
-0.0630043 0.0407396 0.271 2
-0.0624159 0.0413284 0.271 2
-0.00678866 0.0405892 0.27 2
-0.00564745 0.0405209 0.2715 2
-0.0630043 0.0436835 0.271 2
-0.0618419 0.0437361 0.270417 2
-0.00678866 0.0435223 0.27 2
-0.00564398 0.043441 0.271333 2
-0.0636925 0.0469152 0.271615 2
-0.0616762 0.0465127 0.270333 2
-0.00678866 0.0464554 0.27 2
-0.00563704 0.0466275 0.271 2
-0.0631438 0.0496824 0.2716 2
-0.0617525 0.0495114 0.270667 2
-0.00731533 0.0495602 0.270222 2
-0.00565369 0.0497186 0.2718 2
-0.0632368 0.0515272 0.272 2
-0.061373 0.0525285 0.271067 2
-0.0598407 0.0526148 0.27 2
-0.00738745 0.0524184 0.2705 2
-0.00565785 0.0527091 0.272 2
-0.0611948 0.0556478 0.271412 2
-0.0593382 0.055506 0.27 2
-0.00942661 0.0555479 0.27 2
-0.00763871 0.0554581 0.27075 2
-0.00565785 0.054482 0.272 2
-0.0607577 0.0582115 0.271286 2
-0.0586683 0.0587743 0.27 2
-0.0101893 0.0587655 0.270118 2
-0.00787261 0.0583071 0.271333 2
-0.0605348 0.0615291 0.2718 2
-0.0584071 0.0616781 0.270444 2
-0.010606 0.0616353 0.2702 2
-0.00830442 0.0614981 0.271667 2
-0.0605793 0.0636419 0.272 2
-0.0587058 0.0644756 0.271222 2
-0.0566166 0.0649338 0.27 2
-0.0106484 0.0645663 0.270652 2
-0.00841378 0.0641419 0.271727 2
-0.0578338 0.0672813 0.271583 2
-0.055755 0.0675609 0.270286 2
-0.0127764 0.0682439 0.27 2
-0.0105543 0.0673047 0.27087 2
-0.00890589 0.0674831 0.272 2
-0.0572891 0.070387 0.2718 2
-0.0557146 0.0706589 0.270833 2
-0.0539786 0.0710932 0.27 2
-0.0134699 0.0706998 0.270348 2
-0.0106849 0.0704672 0.271172 2
-0.00890589 0.0704379 0.272 2
-0.0573312 0.0733927 0.272 2
-0.0556511 0.0735639 0.271 2
-0.0539786 0.0734397 0.27 2
-0.0132645 0.073326 0.270263 2
-0.0107979 0.0735728 0.271524 2
-0.00890589 0.0728018 0.272 2
-0.0577622 0.076542 0.271643 2
-0.0556533 0.0765173 0.27081 2
-0.0539786 0.0763727 0.27 2
-0.0129094 0.076257 0.270231 2
-0.0109494 0.0764872 0.27145 2
-0.0579338 0.0793453 0.271857 2
-0.0554094 0.0796267 0.271 2
-0.0532458 0.0791591 0.27 2
-0.0123577 0.0787192 0.27 2
-0.01079 0.0793773 0.27115 2
-0.0579154 0.0826578 0.27113 2
-0.0554166 0.0824986 0.271077 2
-0.0529318 0.0827417 0.27 2
-0.0106595 0.0825393 0.270625 2
-0.0579328 0.0854944 0.2704 2
-0.055455 0.0854623 0.270852 2
-0.0525135 0.0857341 0.270333 2
-0.0103449 0.0854966 0.270533 2
-0.00790635 0.0867264 0.2715 2
-0.00565785 0.0869848 0.272 2
-0.0579496 0.0881575 0.271667 2
-0.0553877 0.0884678 0.27104 2
-0.0531118 0.0885158 0.27025 2
-0.00943825 0.0876257 0.270333 2
-0.00755293 0.0884804 0.270556 2
-0.00512367 0.0887435 0.271556 2
-0.0578482 0.0920411 0.271231 2
-0.0557357 0.0915447 0.270636 2
-0.0527717 0.0920388 0.27 2
-0.0504614 0.092798 0.27 2
-0.00737488 0.0916247 0.27 2
-0.00509459 0.0914121 0.270636 2
-0.0574959 0.0933846 0.27 2
-0.0563235 0.0933846 0.27 2
-0.0521583 0.09428 0.27 2
-0.0504614 0.0939712 0.27 2
-0.00796109 0.0933846 0.27 2
-0.00452944 0.0940101 0.27075 2
-0.0029783 0.0954377 0.27 2
-0.00356451 0.0971976 0.27 2
-0.00201942 0.0980527 0.270857 2
-0.00131965 0.0992995 0.270667 2
0.00262909 -0.0573325 0.274 2
0.00381888 -0.0573325 0.274 2
0.00262909 -0.0555465 0.274 2
0.00381888 -0.0552489 0.274 2
0.00261949 -0.0526747 0.273 2
0.00380842 -0.0524269 0.27325 2
0.00262109 -0.0494418 0.273167 2
0.00381656 -0.0495624 0.273833 2
0.00262525 -0.0462513 0.2736 2
0.00382817 -0.047028 0.274667 2
0.00261949 -0.0434812 0.273 2
0.00383282 -0.042306 0.275 2
0.00203157 -0.0405886 0.2735 2
0.00383282 -0.0405136 0.275 2
0.00203636 -0.0373897 0.274 2
0.00383281 -0.0375262 0.275 2
0.00203349 -0.0343762 0.2737 2
0.00383282 -0.0345388 0.275 2
0.00203157 -0.0313793 0.2735 2
0.00383282 -0.0315514 0.275 2
0.00203253 -0.0284182 0.2736 2
0.00383281 -0.028564 0.275 2
0.0018871 -0.0257069 0.274 2
0.00383282 -0.0267716 0.275 2
0.0014414 -0.0225395 0.2744 2
0.0014393 -0.0195306 0.274 2
-4.77663e-05 -0.0159005 0.273 2
0.00123533 -0.0164301 0.274231 2
-4.77663e-05 -0.013528 0.273 2
0.00114469 -0.013594 0.274333 2
-4.77663e-05 -0.0105623 0.273 2
0.00114469 -0.0106139 0.274333 2
-4.78363e-05 -0.00760647 0.2734 2
0.00114495 -0.00763702 0.274467 2
-4.79413e-05 -0.00464794 0.274 2
0.00109932 -0.00484222 0.274615 2
-4.79413e-05 -0.00167142 0.274 2
0.000546954 -0.00167142 0.274 2
-0.00030194 0.00164398 0.273857 2
0.000547353 0.00130693 0.2742 2
-0.000640606 0.00427643 0.273667 2
0.00054895 0.00429726 0.275 2
-0.000640606 0.00724933 0.273667 2
0.00054895 0.00728465 0.275 2
-0.00030204 0.00991176 0.274429 2
0.00054895 0.010272 0.275 2
-0.000555889 0.0138196 0.273429 2
0.000546954 0.0135088 0.274 2
-0.000683417 0.0166808 0.273714 2
0.00054895 0.0165456 0.275 2
-0.000940283 0.0197596 0.274 2
-0.00159772 0.0225764 0.273667 2
-0.00153456 0.0254333 0.2742 2
-0.0683293 0.0284592 0.274667 2
-0.00330775 0.0291776 0.273 2
-0.00193364 0.028426 0.274333 2
-0.0674464 0.0307166 0.2735 2
-0.0033126 0.0315976 0.2734 2
-0.00213785 0.0311838 0.275 2
-0.0667292 0.0354054 0.273 2
-0.00331987 0.0346422 0.274 2
-0.00213785 0.0353661 0.275 2
-0.0668657 0.0377922 0.274167 2
-0.0651391 0.0376531 0.273167 2
-0.00351542 0.0377935 0.273833 2
-0.00213785 0.037756 0.275 2
-0.0669196 0.0407434 0.275 2
-0.064814 0.0405459 0.273667 2
-0.00390653 0.0405212 0.2735 2
-0.00213785 0.0407434 0.275 2
-0.0668553 0.0436881 0.274733 2
-0.0647503 0.0434761 0.2734 2
-0.00390653 0.0434923 0.2735 2
-0.0667088 0.0465715 0.274133 2
-0.0649851 0.0460774 0.273556 2
-0.00390896 0.046498 0.2737 2
-0.066475 0.0492876 0.274571 2
-0.064829 0.0496244 0.273538 2
-0.00391259 0.0495248 0.274 2
-0.0644433 0.0526835 0.274231 2
-0.0628765 0.0529029 0.273 2
-0.00391259 0.0525014 0.274 2
-0.0641171 0.0555791 0.2745 2
-0.00432647 0.0556459 0.274154 2
-0.0641171 0.0585611 0.2745 2
-0.0619875 0.0591308 0.273 2
-0.0068641 0.0594274 0.273 2
-0.00510117 0.0584342 0.2739 2
-0.0641171 0.0615431 0.2745 2
-0.0619875 0.0615033 0.273 2
-0.0068641 0.0615033 0.273 2
-0.00511278 0.0615431 0.2745 2
-0.0640546 0.0643897 0.274875 2
-0.0615443 0.0649184 0.273286 2
-0.00701451 0.0649714 0.273533 2
-0.00558042 0.064254 0.274429 2
-0.0636357 0.066435 0.275 2
-0.0617866 0.0676261 0.274444 2
-0.0593795 0.0677312 0.273 2
-0.00722762 0.0675199 0.27375 2
-0.00542172 0.0673312 0.275 2
-0.0608758 0.0705317 0.274667 2
-0.0587999 0.0705847 0.273333 2
-0.00722762 0.0705932 0.27375 2
-0.00542172 0.070916 0.275 2
-0.0608758 0.0735155 0.274667 2
-0.0587999 0.0735541 0.273333 2
-0.00953135 0.0745523 0.273 2
-0.00742331 0.0734504 0.273818 2
-0.00542172 0.0727085 0.275 2
-0.0609569 0.0761937 0.274545 2
-0.0594058 0.0764269 0.273167 2
-0.00953135 0.0766282 0.273 2
-0.00778509 0.0764879 0.2742 2
-0.0607716 0.0793488 0.2742 2
-0.0595836 0.0794621 0.273 2
-0.00953135 0.0795939 0.273 2
-0.00778509 0.0794666 0.2742 2
-0.0606142 0.0821911 0.2745 2
-0.0595178 0.0824607 0.273 2
-0.00953135 0.0825595 0.273 2
-0.00778509 0.0824453 0.2742 2
-0.00953135 0.0852286 0.273 2
-0.00758176 0.0855793 0.274 2
-0.00482465 0.0864505 0.275 2
-0.0590238 0.0893805 0.273 2
-0.00390905 0.0879703 0.2736 2
-0.00149591 0.0890035 0.274714 2
0.00054895 0.0894378 0.275 2
-0.0586287 0.0909623 0.273 2
-0.00330775 0.0914565 0.273 2
-0.00130514 0.0915134 0.274556 2
0.00114602 0.091529 0.275 2
-0.00331179 0.0939443 0.273333 2
-0.00142596 0.0941487 0.275 2
0.00114602 0.0933215 0.275 2
-0.00112673 0.0979605 0.273545 2
0.00119766 0.0977862 0.274273 2
-4.77663e-05 0.0991672 0.273 2
0.000544958 0.0991672 0.273 2
0.00384675 -0.0607492 0.276 2
0.00384675 -0.0592501 0.276 2
0.00386069 -0.0459237 0.277 2
0.00387463 -0.0436735 0.278 2
0.00264828 -0.0247701 0.276 2
0.00384675 -0.0253698 0.276 2
0.00264828 -0.0226714 0.276 2
0.00386069 -0.0227535 0.277 2
0.00264828 -0.0196731 0.276 2
0.0038607 -0.0197444 0.277 2
0.00265212 -0.0166986 0.2764 2
0.00386069 -0.0167353 0.277 2
0.00265596 -0.0137154 0.2768 2
0.00386069 -0.0137262 0.277 2
0.00265787 -0.0107171 0.277 2
0.0038607 -0.0107171 0.277 2
0.00265787 -0.00770795 0.277 2
0.00386069 -0.00770795 0.277 2
0.00245653 -0.00449612 0.276833 2
0.00386069 -0.00469883 0.277 2
0.00205384 -0.00168667 0.2765 2
0.00386627 -0.00169085 0.2774 2
0.00206021 0.00132148 0.2773 2
0.00387463 0.00132416 0.278 2
0.00206126 0.00433633 0.2775 2
0.00387463 0.00454547 0.278 2
0.00206126 0.00735088 0.2775 2
0.00206126 0.0103654 0.2775 2
0.00199274 0.0132321 0.277222 2
0.00145506 0.016365 0.277 2
-4.82912e-05 0.0193042 0.276 2
0.00115369 0.0193508 0.276667 2
-4.82912e-05 0.0223024 0.276 2
0.00115509 0.0223787 0.276933 2
-4.83962e-05 0.025357 0.2766 2
0.000955774 0.0250108 0.277222 2
-0.000601556 0.0285548 0.276692 2
0.00055454 0.0284844 0.2778 2
-0.00114975 0.0315915 0.276833 2
-0.00124871 0.0342928 0.276778 2
0.000554939 0.0354499 0.278 2
-0.000648549 0.0374096 0.276867 2
0.00055454 0.037536 0.2778 2
-0.00064808 0.0403903 0.276667 2
0.000554141 0.0405268 0.2776 2
-0.00140628 0.0434519 0.276632 2
0.000554939 0.0423959 0.278 2
-0.00154913 0.0464233 0.2768 2
-0.067544 0.0499473 0.276333 2
-0.00154982 0.0494652 0.277 2
-0.0673219 0.052844 0.277357 2
-0.0659644 0.0519851 0.276 2
-0.00154982 0.0524744 0.277 2
-0.06713 0.0555031 0.2771 2
-0.00155293 0.0555641 0.2774 2
-0.067192 0.0581609 0.276308 2
-0.0659644 0.0582814 0.276 2
-0.0033441 0.0585812 0.276 2
-0.00170363 0.0583453 0.277375 2
-0.0665637 0.0612797 0.276 2
-0.0659644 0.0612797 0.276 2
-0.00335137 0.0614142 0.2766 2
-0.00216117 0.0617238 0.278 2
-0.0665637 0.0639781 0.276 2
-0.0657076 0.0646206 0.276 2
-0.00388618 0.0645931 0.276778 2
-0.00216117 0.0635357 0.278 2
-0.0663468 0.0676675 0.2776 2
-0.0647629 0.0676553 0.276625 2
-0.00396039 0.0675937 0.2773 2
-0.0664424 0.0695757 0.278 2
-0.0645325 0.0704598 0.277571 2
-0.0626686 0.0705743 0.276 2
-0.00604067 0.069375 0.276 2
-0.00409802 0.0705399 0.277364 2
-0.0638618 0.0737497 0.2778 2
-0.0626604 0.0731694 0.276111 2
-0.00604067 0.0741722 0.276 2
-0.00426018 0.0734958 0.277222 2
-0.0637694 0.0760471 0.278 2
-0.062595 0.0765473 0.277 2
-0.00604943 0.0763819 0.2764 2
-0.00491158 0.0764679 0.277385 2
-0.0623843 0.0796709 0.2774 2
-0.00604067 0.0792692 0.276 2
-0.00454546 0.079482 0.277143 2
-0.0621818 0.082115 0.2765 2
-0.00604067 0.0822675 0.276 2
-0.00425923 0.0823836 0.2772 2
-0.00604067 0.0849659 0.276 2
-0.00410397 0.0852208 0.276833 2
-0.00215858 0.0863832 0.277667 2
-0.0033441 0.0870647 0.276 2
-0.000965587 0.0878831 0.276895 2
0.00179621 0.0881841 0.276862 2
0.00204904 0.0900629 0.276 2
-0.000407834 0.0951 0.276 2
0.00115018 0.0948601 0.276 2
-0.0033441 0.0963593 0.276 2
-0.00124677 0.0969589 0.276 2
0.00100037 0.0966591 0.276 2
0.00390251 -0.0455086 0.28 2
0.00390251 -0.0449002 0.28 2
0.00388856 0.00405669 0.279 2
0.00388856 0.00739061 0.279 2
0.00388856 0.0104215 0.279 2
0.00267706 0.0146646 0.279 2
0.00388856 0.0134523 0.279 2
0.00267706 0.0164831 0.279 2
0.0042571 0.0164819 0.280429 2
0.00267707 0.019514 0.279 2
0.00390808 0.0196106 0.2804 2
0.0026809 0.0225785 0.2794 2
0.00390251 0.0220173 0.28 2
0.00183687 0.0259098 0.28 2
0.0030013 0.0254538 0.281 2
0.00147082 0.028709 0.28 2
-4.88161e-05 0.0316374 0.279 2
0.00116759 0.0317423 0.279933 2
-4.88161e-05 0.034062 0.279 2
0.00122157 0.034372 0.279727 2
0.00169895 0.037512 0.279875 2
0.0030013 0.037664 0.281 2
0.00147081 0.0405717 0.28 2
-4.88161e-05 0.0440638 0.279 2
0.00121196 0.0435921 0.280143 2
-4.88161e-05 0.0464885 0.279 2
0.00110841 0.046139 0.2802 2
-4.88861e-05 0.0492855 0.2794 2
0.00105864 0.0497732 0.280273 2
-0.0684402 0.0524344 0.28 2
-4.88161e-05 0.0522471 0.279 2
0.00116829 0.052446 0.280067 2
-4.88511e-05 0.0553184 0.2792 2
0.00112271 0.0553495 0.280308 2
-0.000308574 0.0588349 0.279857 2
0.00055933 0.0585604 0.2802 2
-0.000697936 0.061378 0.279571 2
0.000560927 0.061474 0.281 2
-0.00122636 0.0644158 0.279824 2
0.000560927 0.0636109 0.281 2
-0.00156818 0.0673866 0.2802 2
-0.0664578 0.0711239 0.279333 2
-0.0654699 0.0716445 0.279 2
-0.00157051 0.0705055 0.2805 2
-0.0666164 0.0737263 0.28 2
-0.0652007 0.0735977 0.279 2
-0.00338045 0.0746753 0.279 2
-0.00157051 0.0735527 0.2805 2
-0.0667354 0.0766015 0.2805 2
-0.0650417 0.0766316 0.2795 2
-0.00338044 0.0764938 0.279 2
-0.00157051 0.0765998 0.2805 2
-0.0668544 0.0788737 0.281 2
-0.065041 0.0795573 0.280778 2
-0.00338045 0.0789185 0.279 2
-0.00150316 0.0794937 0.280556 2
-0.0645915 0.0817347 0.28 2
-0.0014936 0.0825933 0.280417 2
0.00147607 0.0834526 0.281 2
0.0030013 0.0834526 0.281 2
-0.00103378 0.0853334 0.279417 2
0.00168717 0.0856512 0.279929 2
0.0030013 0.0846736 0.281 2
0.00515491 0.0142096 0.282 2
0.00515491 0.0168646 0.282 2
0.00516405 0.019453 0.2825 2
0.00486249 0.023001 0.28275 2
0.00455736 0.025319 0.2829 2
0.00239972 0.0283014 0.282 2
0.00425782 0.0284302 0.28328 2
0.00239972 0.0313649 0.282 2
0.00426228 0.0315428 0.2836 2
0.00239972 0.0344283 0.282 2
0.00425894 0.0345938 0.28336 2
0.00239972 0.0362663 0.282 2
0.00449032 0.0375982 0.283238 2
0.00239972 0.0405552 0.282 2
0.00378403 0.0402575 0.283231 2
0.00241248 0.0435437 0.2835 2
0.003028 0.0435437 0.2835 2
0.002001 0.0469316 0.283111 2
0.00303334 0.0463961 0.284 2
0.002001 0.0491902 0.283111 2
0.00303334 0.0494812 0.284 2
0.00240312 0.0522689 0.2824 2
0.00411645 0.0529144 0.283529 2
0.00240312 0.0553393 0.2824 2
0.00378567 0.0550568 0.283385 2
0.00169719 0.0582761 0.282462 2
0.00303334 0.0581197 0.284 2
0.00148657 0.0616042 0.283 2
-4.9341e-05 0.065369 0.282 2
0.00130289 0.0646168 0.283 2
-4.9341e-05 0.0675134 0.282 2
0.00118219 0.0674212 0.283333 2
-4.9341e-05 0.0705768 0.282 2
0.00118219 0.0704991 0.283333 2
-4.9411e-05 0.0737443 0.2824 2
0.00118246 0.0736117 0.283467 2
-4.9341e-05 0.0767037 0.282 2
0.00118219 0.076655 0.283333 2
-0.0670923 0.0806861 0.282 2
-4.9341e-05 0.0797671 0.282 2
0.00148815 0.0797534 0.283045 2
0.00344323 0.0798212 0.283889 2
-4.9341e-05 0.0822178 0.282 2
0.00155328 0.0821679 0.282154 2
0.00301732 0.0820556 0.2825 2
0.00524631 0.0216324 0.287 2
0.00490036 0.0411414 0.285 2
0.00459828 0.0435248 0.2854 2
0.00460707 0.0467228 0.286 2
0.00453189 0.0496137 0.285556 2
0.00471838 0.0516726 0.2852 2
0.00490036 0.0560023 0.285 2
0.00649255 0.056863 0.287 2
0.00242525 0.0595627 0.285 2
0.00437118 0.0583958 0.286059 2
0.00649255 0.0581101 0.287 2
0.00242525 0.0614203 0.285 2
0.0035655 0.0613153 0.286091 2
0.00243376 0.0647427 0.286 2
0.00305471 0.0647427 0.286 2
0.00243376 0.0675389 0.286 2
0.00305471 0.0675389 0.286 2
0.00243376 0.0703351 0.286 2
0.00305471 0.0703351 0.286 2
0.00243376 0.073442 0.286 2
0.00305471 0.073442 0.286 2
0.00243206 0.0764945 0.2858 2
0.00412482 0.0768151 0.286333 2
0.00242525 0.0781389 0.285 2
0.00415123 0.0786735 0.285444 2
0.00526458 0.059564 0.288 2
0.00651517 0.059564 0.288 2
0.0050291 0.061611 0.2888 2
0.0065491 0.0614478 0.2895 2
0.00473063 0.0643549 0.289222 2
0.00656042 0.0634429 0.29 2
0.00460033 0.0674758 0.289 2
0.00656042 0.0684835 0.29 2
0.00472908 0.0706111 0.289111 2
0.00656042 0.0697436 0.29 2
0.00465853 0.0736089 0.2891 2
0.00655589 0.0737873 0.2898 2
0.00495651 0.0757416 0.28825 2
0.00652271 0.0759198 0.288333 2
0.00658303 0.0652424 0.291 2
0.00658303 0.0671391 0.291 2
0.00658303 0.0712487 0.291 2
0.00658303 0.072197 0.291 2
