-0.0452571 -0.0733548 0.245 2
-0.0436702 -0.0733907 0.244636 2
-0.0405694 -0.0733205 0.244 2
-0.0375953 -0.0732003 0.2436 2
-0.0345996 -0.07302 0.243 2
-0.0314341 -0.07302 0.243 2
-0.0283849 -0.0733205 0.244 2
-0.0254712 -0.0733205 0.244 2
-0.0225099 -0.0733337 0.244385 2
-0.0452571 -0.0706933 0.245 2
-0.043445 -0.0704508 0.244778 2
-0.0404915 -0.0707322 0.244 2
-0.0376154 -0.070592 0.243733 2
-0.0345996 -0.0703802 0.243 2
-0.0314763 -0.0704758 0.243333 2
-0.0283849 -0.0706699 0.244 2
-0.0254712 -0.0706699 0.244 2
-0.0228826 -0.0707512 0.244467 2
-0.0433953 -0.0674995 0.245 2
-0.040327 -0.0675254 0.244133 2
-0.0374369 -0.0675725 0.244306 2
-0.0344091 -0.0675659 0.244545 2
-0.0314897 -0.067661 0.244364 2
-0.0284242 -0.06758 0.244333 2
-0.0255021 -0.0675709 0.2443 2
-0.0232786 -0.0677375 0.2449 2
-0.0428634 -0.0645719 0.245 2
-0.040318 -0.0645949 0.24408 2
-0.0374834 -0.0645721 0.244857 2
-0.0344734 -0.0646445 0.245 2
-0.0313981 -0.064458 0.244367 2
-0.0286642 -0.0647351 0.245 2
-0.0255756 -0.0653704 0.245 2
-0.0237138 -0.0659026 0.245 2
-0.0428634 -0.0613782 0.245 2
-0.0403845 -0.0615131 0.244486 2
-0.0375714 -0.0614146 0.244946 2
-0.0344692 -0.0612979 0.24497 2
-0.0317331 -0.0616306 0.244758 2
-0.0295119 -0.0623895 0.245 2
-0.0425088 -0.0586279 0.245 2
-0.0404697 -0.0584505 0.245 2
-0.0375441 -0.0584505 0.245 2
-0.0343525 -0.0584505 0.245 2
-0.0316928 -0.0584505 0.245 2
-0.0423314 -0.0565875 0.245 2
-0.0404127 -0.0556179 0.245 2
-0.0375441 -0.0555229 0.245 2
-0.0343525 -0.0555229 0.245 2
-0.0318258 -0.0559886 0.245 2
-0.0399378 -0.0536598 0.245 2
-0.0375441 -0.0536598 0.245 2
-0.0343525 -0.0536598 0.245 2
-0.048576 -0.0750269 0.247 2
-0.0185446 -0.0750269 0.247 2
-0.016466 -0.0753307 0.248 2
-0.0524777 -0.0731241 0.248 2
-0.0496065 -0.0732091 0.247037 2
-0.0467771 -0.073387 0.246 2
-0.0196414 -0.0734655 0.246529 2
-0.0168802 -0.0735484 0.248 2
-0.0518925 -0.0706081 0.248 2
-0.0493787 -0.0704682 0.247172 2
-0.0467135 -0.0703965 0.246 2
-0.0216743 -0.0701802 0.246 2
-0.0196148 -0.0704648 0.247 2
-0.0170642 -0.0706011 0.248 2
-0.0515188 -0.0675178 0.248 2
-0.0493932 -0.0674097 0.246846 2
-0.04651 -0.0675078 0.246 2
-0.0446407 -0.0661716 0.246 2
-0.0219413 -0.0672406 0.246 2
-0.0196655 -0.0675834 0.247625 2
-0.0175429 -0.0688649 0.248 2
-0.0511957 -0.0650932 0.248 2
-0.0493581 -0.0647165 0.247482 2
-0.046622 -0.0644702 0.246286 2
-0.0446406 -0.0645682 0.246 2
-0.0276028 -0.06382 0.246 2
-0.0252315 -0.0641346 0.246095 2
-0.0224364 -0.0644125 0.246688 2
-0.0201747 -0.0646914 0.2476 2
-0.0486136 -0.0618288 0.247875 2
-0.0466381 -0.0614431 0.246938 2
-0.0446406 -0.0616286 0.246 2
-0.0304869 -0.0608269 0.246 2
-0.0284441 -0.061416 0.246412 2
-0.0255483 -0.0615701 0.247 2
-0.0223606 -0.0615138 0.247695 2
-0.0199659 -0.0615909 0.248 2
-0.0485035 -0.058358 0.248 2
-0.0468142 -0.0584202 0.247385 2
-0.0441551 -0.0583003 0.246 2
-0.0304869 -0.0584218 0.246 2
-0.0287418 -0.0584078 0.246455 2
-0.0254854 -0.0583442 0.247424 2
-0.0223889 -0.058358 0.248 2
-0.0201005 -0.0587621 0.248 2
-0.0492003 -0.0552677 0.248 2
-0.0465919 -0.0553629 0.247161 2
-0.0436426 -0.0554025 0.246071 2
-0.0414361 -0.0544133 0.246 2
-0.0311443 -0.0550711 0.246 2
-0.0286064 -0.0554589 0.246546 2
-0.0256604 -0.0554729 0.247697 2
-0.0227315 -0.0555904 0.248 2
-0.0205043 -0.0564721 0.248 2
-0.048965 -0.0527389 0.248 2
-0.0466084 -0.0524568 0.247546 2
-0.0433119 -0.0525475 0.246241 2
-0.0404346 -0.0523756 0.246 2
-0.0374303 -0.0522754 0.246 2
-0.0344927 -0.0522754 0.246 2
-0.0315551 -0.0525426 0.246 2
-0.028749 -0.0525304 0.246515 2
-0.0255232 -0.0525086 0.247788 2
-0.0227824 -0.0522652 0.248 2
-0.0485035 -0.0494675 0.248 2
-0.046501 -0.0495655 0.247758 2
-0.0434699 -0.0495226 0.246933 2
-0.0404499 -0.0494344 0.2465 2
-0.0374865 -0.049408 0.246367 2
-0.0344927 -0.049603 0.246 2
-0.0313087 -0.0494485 0.246364 2
-0.0285209 -0.0495857 0.247032 2
-0.0256734 -0.0495774 0.247818 2
-0.0226581 -0.0494675 0.248 2
-0.0485035 -0.046504 0.248 2
-0.0466757 -0.0466094 0.247909 2
-0.0434959 -0.0466 0.24708 2
-0.0405319 -0.0465848 0.247 2
-0.0375824 -0.0465848 0.247 2
-0.0345708 -0.0467672 0.246556 2
-0.0314412 -0.0466258 0.246688 2
-0.0284658 -0.0465848 0.247 2
-0.0255232 -0.0465867 0.247788 2
-0.0226581 -0.046504 0.248 2
-0.0485035 -0.0440793 0.248 2
-0.0463467 -0.0436465 0.247419 2
-0.0434814 -0.0436333 0.247 2
-0.0405319 -0.0436332 0.247 2
-0.0375824 -0.0436333 0.247 2
-0.0346329 -0.0436333 0.247 2
-0.0314153 -0.0436333 0.247 2
-0.0284845 -0.043662 0.247167 2
-0.0256767 -0.0436601 0.247849 2
-0.0229115 -0.0438574 0.248 2
-0.046129 -0.0408971 0.247864 2
-0.043475 -0.0404112 0.247258 2
-0.040582 -0.0405394 0.247543 2
-0.0376083 -0.04044 0.247167 2
-0.0346329 -0.0404134 0.247 2
-0.0314357 -0.0404401 0.247167 2
-0.0285731 -0.0405657 0.247933 2
-0.0260058 -0.0409636 0.248 2
-0.023735 -0.0419241 0.248 2
-0.0452728 -0.0381523 0.248 2
-0.0433882 -0.0376135 0.248 2
-0.0404268 -0.0376135 0.248 2
-0.0376039 -0.0375421 0.247926 2
-0.0345474 -0.03753 0.247072 2
-0.0315077 -0.0375723 0.247733 2
-0.028751 -0.0378687 0.248 2
-0.0269657 -0.0381523 0.248 2
-0.0428498 -0.0357277 0.248 2
-0.0401277 -0.03465 0.248 2
-0.0374653 -0.03465 0.248 2
-0.0345039 -0.03465 0.248 2
-0.0315424 -0.03465 0.248 2
-0.0293887 -0.0346501 0.248 2
-0.0403025 -0.0315829 0.248 2
-0.0374653 -0.0314171 0.248 2
-0.0345039 -0.0314171 0.248 2
-0.0315425 -0.0314171 0.248 2
-0.0293887 -0.0319559 0.248 2
-0.0403566 -0.0285473 0.248 2
-0.0375118 -0.0284908 0.248 2
-0.0345039 -0.028723 0.248 2
-0.0322604 -0.0289027 0.248 2
-0.0397905 -0.0260535 0.248 2
-0.0381488 -0.026174 0.248 2
-0.0143699 -0.0753639 0.249 2
-0.0114881 -0.0751513 0.251 2
-0.0574801 -0.0731702 0.25075 2
-0.0554509 -0.0729764 0.249778 2
-0.0154511 -0.0734705 0.249 2
-0.0133147 -0.0735345 0.25 2
-0.0115875 -0.0740007 0.2508 2
-0.0576844 -0.0703088 0.25075 2
-0.0553268 -0.070483 0.249714 2
-0.0531141 -0.0700442 0.249 2
-0.0157214 -0.0702245 0.249 2
-0.0134654 -0.070584 0.249903 2
-0.0578096 -0.0675166 0.251 2
-0.0554096 -0.0675187 0.250172 2
-0.0528889 -0.067452 0.249 2
-0.0186948 -0.0664376 0.249 2
-0.0164725 -0.0674514 0.249125 2
-0.013739 -0.0675782 0.250111 2
-0.0578096 -0.0645172 0.251 2
-0.0555624 -0.0644667 0.250429 2
-0.0526669 -0.0645302 0.249296 2
-0.0505371 -0.0635163 0.249 2
-0.0186948 -0.0645441 0.249 2
-0.0166142 -0.0645405 0.249294 2
-0.0143064 -0.0646111 0.250733 2
-0.0577944 -0.0615018 0.250933 2
-0.0553813 -0.06143 0.250148 2
-0.0524437 -0.061484 0.249914 2
-0.0498884 -0.0615687 0.249 2
-0.0186948 -0.0615687 0.249 2
-0.0164985 -0.0614931 0.249471 2
-0.014667 -0.0616997 0.251 2
-0.0577327 -0.0586447 0.250812 2
-0.0554759 -0.0585209 0.250115 2
-0.052475 -0.0585657 0.249786 2
-0.0498884 -0.0584851 0.249 2
-0.0190552 -0.0583228 0.249 2
-0.0166732 -0.0586114 0.249875 2
-0.0147578 -0.0590639 0.251 2
-0.0572646 -0.0566099 0.251 2
-0.0552713 -0.0556817 0.25036 2
-0.0526386 -0.0555964 0.249444 2
-0.0505912 -0.0558883 0.249 2
-0.021533 -0.0550768 0.249 2
-0.0194076 -0.055468 0.249077 2
-0.0169252 -0.0555836 0.250276 2
-0.0548123 -0.0527926 0.251 2
-0.0525973 -0.0526136 0.249621 2
-0.0503209 -0.0523719 0.249 2
-0.021452 -0.0530752 0.249 2
-0.0194444 -0.0525453 0.249581 2
-0.0168009 -0.0525634 0.250778 2
-0.0545398 -0.0492479 0.251 2
-0.052723 -0.0496088 0.25031 2
-0.0500506 -0.0493965 0.249 2
-0.0211276 -0.0493965 0.249 2
-0.0193581 -0.0495784 0.250114 2
-0.0167257 -0.0496417 0.251 2
-0.0545398 -0.0465212 0.251 2
-0.0528892 -0.046552 0.250643 2
-0.0500506 -0.046421 0.249 2
-0.0211276 -0.046421 0.249 2
-0.0192645 -0.0465574 0.250281 2
-0.0172101 -0.0473392 0.251 2
-0.0545398 -0.0435219 0.251 2
-0.0525276 -0.0435637 0.250656 2
-0.0495555 -0.0433531 0.24928 2
-0.0219085 -0.0429647 0.249 2
-0.019398 -0.0435912 0.250294 2
-0.0172101 -0.0427039 0.251 2
-0.0545398 -0.0418859 0.251 2
-0.0522047 -0.0407536 0.25088 2
-0.0494058 -0.0403333 0.249833 2
-0.0470772 -0.0397939 0.249 2
-0.0250367 -0.040054 0.249 2
-0.0224464 -0.0403351 0.249353 2
-0.0193628 -0.0404687 0.250667 2
-0.0172101 -0.0416132 0.251 2
-0.051815 -0.0375232 0.251 2
-0.0494778 -0.0374036 0.2502 2
-0.0467059 -0.0374427 0.249259 2
-0.0446444 -0.0361422 0.249 2
-0.0403195 -0.0361422 0.249 2
-0.0278853 -0.0366832 0.249 2
-0.0254525 -0.0374947 0.249 2
-0.0226195 -0.0374467 0.249813 2
-0.0199349 -0.0375232 0.251 2
-0.0516788 -0.0349328 0.251 2
-0.049532 -0.0344434 0.250742 2
-0.0466756 -0.0344858 0.24963 2
-0.0436464 -0.0343528 0.249 2
-0.0411845 -0.0345193 0.249 2
-0.0281556 -0.0345643 0.249 2
-0.0254525 -0.0345193 0.249 2
-0.0225589 -0.0343713 0.249889 2
-0.0199145 -0.0344903 0.25075 2
-0.0512701 -0.0326152 0.251 2
-0.0490159 -0.0317228 0.251 2
-0.0463694 -0.0315232 0.249818 2
-0.0435632 -0.0315438 0.249 2
-0.0414007 -0.0304618 0.249 2
-0.028117 -0.0313892 0.249 2
-0.0254792 -0.0315766 0.249267 2
-0.0225752 -0.031407 0.250067 2
-0.0201685 -0.0317582 0.251 2
-0.0482728 -0.0285252 0.251 2
-0.0464521 -0.0284115 0.25 2
-0.0435632 -0.0285684 0.249 2
-0.0414007 -0.0274864 0.249 2
-0.0362649 -0.0274864 0.249 2
-0.0343727 -0.0274864 0.249 2
-0.0310813 -0.0283138 0.249 2
-0.0284287 -0.0283777 0.249371 2
-0.0254182 -0.0283504 0.250121 2
-0.0227228 -0.028763 0.250704 2
-0.0204799 -0.0298885 0.251 2
-0.0482728 -0.0255258 0.251 2
-0.0462559 -0.0254648 0.2504 2
-0.0434188 -0.0256785 0.249419 2
-0.0409597 -0.0252655 0.249 2
-0.0372286 -0.0252048 0.249 2
-0.0344108 -0.0256203 0.249278 2
-0.0314414 -0.0256257 0.249333 2
-0.0285684 -0.0254632 0.249871 2
-0.0253323 -0.025475 0.2505 2
-0.0232436 -0.0258375 0.251 2
-0.0482728 -0.0238898 0.251 2
-0.0462986 -0.0224928 0.250633 2
-0.0434787 -0.0224424 0.250067 2
-0.0406953 -0.0224296 0.249414 2
-0.0375916 -0.0225764 0.249129 2
-0.0345028 -0.0224315 0.249944 2
-0.0315254 -0.0224368 0.25 2
-0.0285646 -0.022456 0.250222 2
-0.0257745 -0.0226871 0.250923 2
-0.0461073 -0.0196994 0.251 2
-0.0435777 -0.0194852 0.251 2
-0.0404093 -0.0195395 0.25 2
-0.0375612 -0.0197069 0.249833 2
-0.0345108 -0.0194494 0.25 2
-0.0315254 -0.0194494 0.25 2
-0.0286343 -0.0195142 0.250833 2
-0.026301 -0.0196263 0.251 2
-0.0458205 -0.0178911 0.251 2
-0.0430957 -0.0166688 0.251 2
-0.0403075 -0.0165007 0.2506 2
-0.0374961 -0.016462 0.25 2
-0.0345182 -0.0164653 0.250056 2
-0.0314971 -0.0164299 0.250194 2
-0.0285983 -0.0165572 0.250857 2
-0.0259542 -0.0164286 0.251 2
-0.0425507 -0.0135285 0.251 2
-0.0403709 -0.0135285 0.251 2
-0.0374196 -0.0134292 0.250296 2
-0.0345212 -0.0135746 0.250786 2
-0.0313791 -0.0135285 0.251 2
-0.0284766 -0.0135996 0.251 2
-0.0264199 -0.0142919 0.251 2
-0.0425507 -0.0105291 0.251 2
-0.0403709 -0.0105291 0.251 2
-0.0373736 -0.0105291 0.251 2
-0.0344754 -0.0109257 0.251 2
-0.031379 -0.0116198 0.251 2
-0.0291992 -0.0116198 0.251 2
-0.0425088 -0.00769759 0.251 2
-0.0403709 -0.00752979 0.251 2
-0.0376461 -0.00834779 0.251 2
-0.0420058 -0.00534846 0.251 2
-0.0406681 -0.00544761 0.251 2
-0.0100091 -0.0754671 0.252667 2
-0.00859226 -0.0757736 0.254 2
-0.061599 -0.0731364 0.253368 2
-0.0592131 -0.0730835 0.252333 2
-0.0102918 -0.073353 0.252538 2
-0.00859227 -0.0738421 0.254 2
-0.0615337 -0.0706349 0.253385 2
-0.0594805 -0.0706169 0.2525 2
-0.012081 -0.0699756 0.252 2
-0.010507 -0.0705282 0.253185 2
-0.06122 -0.0674985 0.253706 2
-0.0593828 -0.0673874 0.252 2
-0.0123689 -0.067208 0.2523 2
-0.0106208 -0.0676174 0.253346 2
-0.0610584 -0.0643892 0.253312 2
-0.0594077 -0.0645005 0.252 2
-0.0128176 -0.0643567 0.252667 2
-0.0110912 -0.0644685 0.253625 2
-0.0608611 -0.0613447 0.253231 2
-0.0594077 -0.0614893 0.252 2
-0.0132252 -0.0614188 0.252577 2
-0.011028 -0.0614351 0.253706 2
-0.0609821 -0.0589421 0.254 2
-0.0593861 -0.0582176 0.252571 2
-0.0153637 -0.0576567 0.252 2
-0.0132616 -0.0584051 0.252633 2
-0.0110941 -0.0584212 0.253687 2
-0.0601549 -0.0559069 0.254 2
-0.0584462 -0.0555608 0.253 2
-0.056672 -0.0550104 0.252 2
-0.0153637 -0.0554667 0.252 2
-0.0135534 -0.055475 0.252606 2
-0.011389 -0.0559463 0.254 2
-0.0581113 -0.0524922 0.2535 2
-0.0559426 -0.0522729 0.252 2
-0.0153637 -0.0524554 0.252 2
-0.0134102 -0.0524567 0.252727 2
-0.0116254 -0.0525957 0.254 2
-0.0601549 -0.0484569 0.254 2
-0.0581823 -0.0494151 0.253524 2
-0.0557938 -0.0495161 0.252 2
-0.015692 -0.0490061 0.252 2
-0.0135534 -0.0494379 0.252606 2
-0.0116254 -0.0495606 0.254 2
-0.0601549 -0.047905 0.254 2
-0.0581891 -0.0465069 0.2536 2
-0.055911 -0.0464817 0.252267 2
-0.0163104 -0.0463024 0.252143 2
-0.0138853 -0.046646 0.2534 2
-0.057763 -0.0436028 0.253583 2
-0.055926 -0.043479 0.252333 2
-0.0162681 -0.0436699 0.25225 2
-0.0142406 -0.0434021 0.253667 2
-0.0578784 -0.0404049 0.253687 2
-0.055349 -0.0404423 0.2522 2
-0.0533892 -0.0398627 0.252 2
-0.0163999 -0.0403498 0.252217 2
-0.0135861 -0.040441 0.253567 2
-0.0116254 -0.0396272 0.254 2
-0.0578298 -0.0374676 0.253625 2
-0.0553784 -0.0374478 0.252333 2
-0.0533892 -0.0373989 0.252 2
-0.0183729 -0.0373989 0.252 2
-0.0164959 -0.037488 0.2526 2
-0.0138114 -0.0375774 0.253655 2
-0.0116254 -0.0385235 0.254 2
-0.0578112 -0.0352124 0.254 2
-0.0555709 -0.0344809 0.253308 2
-0.0529789 -0.0341823 0.252 2
-0.0183729 -0.0343876 0.252 2
-0.0164617 -0.0344234 0.252731 2
-0.0143729 -0.0343615 0.253833 2
-0.055235 -0.0315232 0.253714 2
-0.0526419 -0.031405 0.252621 2
-0.0503303 -0.030804 0.252 2
-0.0188252 -0.0311814 0.2522 2
-0.0165806 -0.0314913 0.25331 2
-0.0146979 -0.0316648 0.254 2
-0.0543251 -0.0289055 0.254 2
-0.0523365 -0.0285358 0.25352 2
-0.0498329 -0.0283651 0.252 2
-0.0216557 -0.0278176 0.252 2
-0.0194915 -0.0284026 0.252333 2
-0.0167078 -0.0286143 0.253545 2
-0.0149342 -0.029418 0.254 2
-0.0540887 -0.025555 0.254 2
-0.0523531 -0.0255148 0.2536 2
-0.0499421 -0.0255626 0.252375 2
-0.0221421 -0.0255058 0.252 2
-0.0195175 -0.0254202 0.252667 2
-0.0168586 -0.0255462 0.253917 2
-0.0545978 -0.0226896 0.254 2
-0.0523776 -0.0224947 0.25372 2
-0.0493577 -0.0224868 0.252259 2
-0.0244461 -0.0221783 0.252 2
-0.0224764 -0.0226162 0.252 2
-0.0195445 -0.0224311 0.253 2
-0.0170022 -0.0227268 0.254 2
-0.0540887 -0.0208643 0.254 2
-0.0522056 -0.0195365 0.25396 2
-0.0495073 -0.0194918 0.252821 2
-0.0473709 -0.0190574 0.252 2
-0.0249529 -0.0195473 0.252 2
-0.0224764 -0.019605 0.252 2
-0.0194654 -0.0194754 0.252823 2
-0.0174158 -0.0194846 0.254 2
-0.052108 -0.0164332 0.25375 2
-0.0493349 -0.0164775 0.252555 2
-0.0466109 -0.0164416 0.252 2
-0.0446743 -0.016007 0.252 2
-0.0245868 -0.0167501 0.252 2
-0.0224764 -0.0165936 0.252 2
-0.0196013 -0.0164785 0.252875 2
-0.0174158 -0.0164494 0.254 2
-0.0518249 -0.0138979 0.253923 2
-0.0495763 -0.0134681 0.253179 2
-0.0465502 -0.0135824 0.252 2
-0.0443616 -0.0135824 0.252 2
-0.0274006 -0.0127611 0.252 2
-0.0252777 -0.0134291 0.252 2
-0.0223428 -0.0134908 0.2525 2
-0.0195387 -0.0135688 0.253742 2
-0.0174158 -0.014242 0.254 2
-0.0513314 -0.0114828 0.254 2
-0.0493463 -0.0105557 0.253652 2
-0.0466498 -0.0105929 0.252533 2
-0.0443616 -0.0105711 0.252 2
-0.0342397 -0.00947607 0.252 2
-0.0315041 -0.0102582 0.252 2
-0.0283686 -0.0104026 0.252 2
-0.0254909 -0.0105732 0.252055 2
-0.022351 -0.0105837 0.253257 2
-0.0202126 -0.0106944 0.254 2
-0.0487745 -0.00751946 0.254 2
-0.0466593 -0.00763042 0.252833 2
-0.0442007 -0.00743097 0.252 2
-0.0373857 -0.00714916 0.252 2
-0.0345133 -0.00755979 0.252 2
-0.0315041 -0.00755979 0.252 2
-0.0284992 -0.00756082 0.25204 2
-0.0255725 -0.00758565 0.252867 2
-0.0226217 -0.00760847 0.25364 2
-0.048574 -0.00458461 0.254 2
-0.0462686 -0.00452296 0.253241 2
-0.0434557 -0.0045103 0.252071 2
-0.0403589 -0.00401541 0.252 2
-0.0375225 -0.00454851 0.252 2
-0.0345133 -0.0045485 0.252 2
-0.0315242 -0.00455097 0.252167 2
-0.0285927 -0.00456342 0.252867 2
-0.025606 -0.00456919 0.253194 2
-0.0230544 -0.00471937 0.25385 2
-0.0482589 -0.00186476 0.254 2
-0.0463251 -0.00154743 0.25376 2
-0.0434054 -0.00154149 0.2528 2
-0.0404811 -0.00147764 0.252444 2
-0.0374357 -0.00159608 0.252071 2
-0.0345133 -0.00153722 0.252 2
-0.0315443 -0.00153925 0.252333 2
-0.0284412 -0.00150818 0.253552 2
-0.0254717 -0.00159147 0.253962 2
-0.0233066 -0.00185043 0.254 2
-0.0480225 0.00148577 0.254 2
-0.0463681 0.00148577 0.254 2
-0.0434857 0.00148206 0.253267 2
-0.0404179 0.00147992 0.253 2
-0.0373871 0.00147982 0.252933 2
-0.0344877 0.00154743 0.252562 2
-0.0315178 0.00141439 0.252765 2
-0.028394 0.00148269 0.253556 2
-0.0254122 0.00148577 0.254 2
-0.0237578 0.00148577 0.254 2
-0.0460924 0.00424504 0.254 2
-0.0436108 0.00452096 0.254 2
-0.0405361 0.00451679 0.253733 2
-0.037426 0.00450698 0.2532 2
-0.0343803 0.0045039 0.253033 2
-0.0313741 0.0045067 0.25316 2
-0.0284148 0.00451708 0.253733 2
-0.0254122 0.00452096 0.254 2
-0.0237578 0.00452096 0.254 2
-0.0431381 0.0070043 0.254 2
-0.0405777 0.00755615 0.254 2
-0.0375148 0.00755085 0.2538 2
-0.0344927 0.00755277 0.253861 2
-0.0315329 0.00745674 0.253964 2
-0.0282756 0.00715287 0.254 2
-0.0254122 0.00728022 0.254 2
-0.0237578 0.00728022 0.254 2
-0.0425078 0.00948763 0.254 2
-0.0402713 0.0101621 0.254 2
-0.0375446 0.0105913 0.254 2
-0.0345115 0.0105913 0.254 2
-0.0321301 0.0102903 0.254 2
-0.0345115 0.0125228 0.254 2
-0.0325813 0.0125228 0.254 2
-0.00690403 -0.0758477 0.255714 2
-0.0664646 -0.0721987 0.256 2
-0.0644334 -0.0729139 0.255 2
-0.00718049 -0.0734508 0.256167 2
-0.0666377 -0.0712707 0.256667 2
-0.0646306 -0.0704697 0.255571 2
-0.0626063 -0.0694236 0.255 2
-0.00754522 -0.0705294 0.256 2
-0.0641788 -0.0676326 0.2563 2
-0.0626882 -0.0672939 0.255333 2
-0.00973338 -0.0666535 0.255 2
-0.00804356 -0.0675243 0.255727 2
-0.0640751 -0.0647386 0.256615 2
-0.0628519 -0.064412 0.256 2
-0.00973338 -0.0644374 0.255 2
-0.00816496 -0.0646546 0.256364 2
-0.0636553 -0.0615925 0.257 2
-0.0623784 -0.0614375 0.2552 2
-0.00973338 -0.0613902 0.255 2
-0.00806966 -0.06161 0.256545 2
-0.062236 -0.0583762 0.25575 2
-0.00973338 -0.0586201 0.255 2
-0.00816804 -0.058549 0.256455 2
-0.0630974 -0.0551713 0.257 2
-0.0616312 -0.0555127 0.255762 2
-0.0598381 -0.0544649 0.255 2
-0.0102471 -0.0555056 0.255273 2
-0.00831048 -0.0556566 0.256667 2
-0.0630974 -0.0526586 0.257 2
-0.0614126 -0.0525099 0.255952 2
-0.0598381 -0.0525258 0.255 2
-0.0102575 -0.0524865 0.255545 2
-0.00869375 -0.0523794 0.257 2
-0.0630974 -0.0493084 0.257 2
-0.0614638 -0.0495172 0.256 2
-0.0598381 -0.0500327 0.255 2
-0.0122248 -0.0480936 0.255 2
-0.0104396 -0.0495155 0.25613 2
-0.00869375 -0.0495876 0.257 2
-0.0630974 -0.0465165 0.257 2
-0.0615152 -0.0465425 0.256048 2
-0.0598381 -0.0464315 0.255 2
-0.0125939 -0.0460622 0.255 2
-0.010552 -0.0465367 0.256259 2
-0.00869375 -0.0479125 0.257 2
-0.0610604 -0.0434582 0.256143 2
-0.0592341 -0.043611 0.255 2
-0.0127432 -0.0438587 0.255154 2
-0.0106349 -0.0435469 0.256259 2
-0.0610266 -0.0405746 0.2565 2
-0.0592054 -0.0408121 0.255 2
-0.0122248 -0.0414453 0.255 2
-0.0104842 -0.0405506 0.255435 2
-0.00869375 -0.0414912 0.257 2
-0.0612276 -0.0377684 0.256588 2
-0.0595305 -0.037444 0.255 2
-0.0122248 -0.0372901 0.255 2
-0.01065 -0.0376216 0.256 2
-0.060663 -0.0345902 0.256667 2
-0.0586898 -0.0342273 0.2553 2
-0.0127917 -0.0345573 0.255278 2
-0.0112195 -0.0345567 0.256563 2
-0.0603074 -0.0314405 0.257 2
-0.0584152 -0.0315129 0.255846 2
-0.0562394 -0.0303648 0.255 2
-0.0132703 -0.0314033 0.255217 2
-0.0111584 -0.0314863 0.256706 2
-0.0603074 -0.0283695 0.257 2
-0.0583915 -0.0285002 0.256103 2
-0.0557361 -0.0282998 0.255 2
-0.0155466 -0.0278717 0.255 2
-0.0135568 -0.0284259 0.255588 2
-0.0113289 -0.0287504 0.256667 2
-0.0603074 -0.0255776 0.257 2
-0.0584518 -0.025498 0.2562 2
-0.0556858 -0.0253786 0.255 2
-0.0155466 -0.0253786 0.255 2
-0.0136456 -0.0254513 0.255733 2
-0.0117627 -0.0255776 0.257 2
-0.0582421 -0.0224628 0.2565 2
-0.0560549 -0.0224238 0.255 2
-0.0159157 -0.0222391 0.255 2
-0.0138564 -0.0225289 0.2562 2
-0.0117627 -0.0239025 0.257 2
-0.0579869 -0.019631 0.256429 2
-0.0554928 -0.0195288 0.255207 2
-0.053748 -0.0192843 0.255 2
-0.0159207 -0.0194877 0.255364 2
-0.013963 -0.0197328 0.256444 2
-0.0577965 -0.0166437 0.257 2
-0.0554972 -0.0165401 0.2554 2
-0.053748 -0.0165142 0.255 2
-0.0159841 -0.016628 0.255235 2
-0.0140172 -0.0163397 0.256368 2
-0.0577965 -0.0144102 0.257 2
-0.0556205 -0.0135169 0.255967 2
-0.0530967 -0.0130923 0.255 2
-0.0185917 -0.012082 0.255 2
-0.016393 -0.013216 0.25508 2
-0.0139129 -0.0135804 0.256241 2
-0.055749 -0.0104831 0.25656 2
-0.0527568 -0.010387 0.255333 2
-0.0509798 -0.0101429 0.255 2
-0.0190838 -0.0102968 0.255 2
-0.0164056 -0.0104386 0.255467 2
-0.0140783 -0.0106802 0.256833 2
-0.0554811 -0.00762576 0.256727 2
-0.052692 -0.00732413 0.25575 2
-0.0503866 -0.00772894 0.255 2
-0.0210831 -0.00764979 0.255 2
-0.0193714 -0.00753032 0.255148 2
-0.0164684 -0.00741406 0.256444 2
-0.0142736 -0.00854734 0.257 2
-0.0547674 -0.00459887 0.257 2
-0.0523331 -0.004346 0.2562 2
-0.0501493 -0.00460265 0.255 2
-0.0216021 -0.00442952 0.255 2
-0.019524 -0.00451295 0.255571 2
-0.0170498 -0.00435553 0.2568 2
-0.0544486 -0.00156772 0.257 2
-0.0525143 -0.00161509 0.256048 2
-0.0498977 -0.00140442 0.255 2
-0.0219281 -0.00138056 0.255 2
-0.0194822 -0.0015604 0.2558 2
-0.0170635 -0.00156772 0.257 2
-0.0541696 0.000944952 0.257 2
-0.0523395 0.00149949 0.256231 2
-0.0497022 0.00140639 0.255 2
-0.0222014 0.00149269 0.255133 2
-0.0194929 0.00149737 0.255933 2
-0.0170635 0.00150332 0.257 2
-0.0519201 0.0043309 0.256714 2
-0.0494129 0.00454765 0.25548 2
-0.0470428 0.00503123 0.255 2
-0.0222069 0.00454232 0.2552 2
-0.0195336 0.00456545 0.25648 2
-0.0171255 0.00445028 0.257 2
-0.0516587 0.00736621 0.257 2
-0.0495362 0.00734168 0.25612 2
-0.04661 0.00731875 0.25532 2
-0.0441977 0.00807067 0.255 2
-0.0307718 0.00897096 0.255 2
-0.0290002 0.00863854 0.255 2
-0.0255122 0.00897096 0.255 2
-0.022336 0.00749664 0.255322 2
-0.0195584 0.00736048 0.2568 2
-0.0176215 0.00624947 0.257 2
-0.0516586 0.0093205 0.257 2
-0.0495774 0.0105022 0.256875 2
-0.0466538 0.0103172 0.256 2
-0.0435847 0.0107122 0.255 2
-0.0407374 0.0114641 0.255 2
-0.0310882 0.0108705 0.255 2
-0.0285716 0.010639 0.255133 2
-0.0255522 0.010651 0.2554 2
-0.022491 0.01053 0.256152 2
-0.0201325 0.0104373 0.257 2
-0.0488687 0.0135083 0.257 2
-0.0463891 0.0135087 0.256 2
-0.0434871 0.0133748 0.255172 2
-0.0404606 0.0134032 0.255 2
-0.0375144 0.0134625 0.255 2
-0.0343705 0.0139572 0.255 2
-0.031506 0.0134754 0.255 2
-0.0286305 0.0134382 0.255667 2
-0.0254539 0.013527 0.256214 2
-0.022515 0.0133895 0.256769 2
-0.0202719 0.0129499 0.257 2
-0.0486827 0.0165483 0.257 2
-0.0461896 0.0165195 0.256067 2
-0.0433983 0.0165148 0.256 2
-0.0405461 0.0164857 0.255533 2
-0.0374155 0.0164503 0.255 2
-0.0343705 0.0164503 0.255 2
-0.0314915 0.0165486 0.255333 2
-0.0285218 0.0164278 0.255818 2
-0.0253659 0.0165363 0.256333 2
-0.0228294 0.0163001 0.257 2
-0.0483107 0.0188128 0.257 2
-0.0462465 0.0195373 0.256783 2
-0.0434395 0.019593 0.25624 2
-0.0405884 0.0195586 0.2558 2
-0.0374155 0.0194974 0.255 2
-0.0343705 0.0194974 0.255 2
-0.0314269 0.0195612 0.255833 2
-0.0283913 0.0195739 0.256 2
-0.0253923 0.0196201 0.2566 2
-0.0232014 0.019092 0.257 2
-0.0454809 0.0221231 0.257 2
-0.0435013 0.0224073 0.2566 2
-0.0405946 0.0223411 0.25584 2
-0.0374449 0.0222859 0.2552 2
-0.0344185 0.0223 0.25536 2
-0.0314483 0.0223549 0.256 2
-0.0284172 0.0223764 0.25624 2
-0.0257123 0.0223026 0.257 2
-0.0452418 0.0243965 0.257 2
-0.0433962 0.0254274 0.257 2
-0.0406343 0.025559 0.25675 2
-0.0375317 0.0253849 0.256353 2
-0.0345773 0.0254685 0.256533 2
-0.0314961 0.025454 0.256389 2
-0.0285417 0.0253965 0.256821 2
-0.0263633 0.0250479 0.257 2
-0.0404989 0.0285843 0.257 2
-0.0374765 0.0285377 0.257 2
-0.0348261 0.0279328 0.257 2
-0.0317944 0.0276909 0.257 2
-0.0290602 0.0274675 0.257 2
-0.0400526 0.0305944 0.257 2
-0.037988 0.0306782 0.257 2
-0.00496406 -0.0762791 0.259 2
-0.00483334 -0.0734672 0.2595 2
-0.0677894 -0.0702064 0.258222 2
-0.00488371 -0.070508 0.259455 2
-0.0675637 -0.0675996 0.259222 2
-0.0656343 -0.0672085 0.2582 2
-0.00648694 -0.0674376 0.258 2
-0.00483334 -0.0675478 0.2595 2
-0.0671354 -0.064921 0.259667 2
-0.0653513 -0.0641195 0.258556 2
-0.00648694 -0.0643546 0.258 2
-0.00478297 -0.0645861 0.259546 2
-0.0663742 -0.0617466 0.26 2
-0.0649742 -0.0615929 0.258818 2
-0.00648694 -0.0615519 0.258 2
-0.00522912 -0.0616641 0.259143 2
-0.0660919 -0.05751 0.26 2
-0.064534 -0.058479 0.258412 2
-0.00648694 -0.0584689 0.258 2
-0.00538743 -0.0584142 0.259 2
-0.0660919 -0.0555329 0.26 2
-0.0646872 -0.055441 0.25875 2
-0.00691649 -0.0552554 0.258375 2
-0.00540477 -0.0554963 0.259833 2
-0.0660919 -0.052426 0.26 2
-0.0646481 -0.0524024 0.259111 2
-0.0627827 -0.0514621 0.258 2
-0.00700989 -0.0525409 0.258545 2
-0.00540824 -0.052426 0.26 2
-0.0660919 -0.049884 0.26 2
-0.0646514 -0.0496363 0.2592 2
-0.0627827 -0.0509016 0.258 2
-0.00710946 -0.0494596 0.258455 2
-0.00540824 -0.0496015 0.26 2
-0.0644319 -0.0465972 0.259 2
-0.00900765 -0.0464173 0.258 2
-0.00728203 -0.046411 0.258667 2
-0.00540823 -0.0476245 0.26 2
-0.0641116 -0.0435353 0.258706 2
-0.0627827 -0.0436145 0.258 2
-0.00900765 -0.0436145 0.258 2
-0.00737966 -0.0434806 0.259185 2
-0.0640671 -0.0404482 0.259059 2
-0.0627827 -0.0408118 0.258 2
-0.00900765 -0.039971 0.258 2
-0.00731374 -0.0403996 0.25925 2
-0.0640564 -0.0375188 0.259545 2
-0.0619425 -0.0363275 0.258 2
-0.00938886 -0.0371064 0.258222 2
-0.00789293 -0.0374359 0.259294 2
-0.0634294 -0.0345638 0.2595 2
-0.0619319 -0.0343246 0.258273 2
-0.00957713 -0.034682 0.258267 2
-0.00743881 -0.0342937 0.259391 2
-0.0633823 -0.0316381 0.26 2
-0.0618691 -0.0316009 0.259 2
-0.00957364 -0.0315827 0.258167 2
-0.00766793 -0.0316748 0.25915 2
-0.0632694 -0.0284182 0.26 2
-0.0619378 -0.0284852 0.259 2
-0.00987183 -0.0283319 0.258263 2
-0.00790564 -0.0284688 0.259706 2
-0.0632694 -0.0253113 0.26 2
-0.0618553 -0.0254053 0.258941 2
-0.0100968 -0.025574 0.258786 2
-0.00808415 -0.0257178 0.259833 2
-0.0632694 -0.0236167 0.26 2
-0.0613035 -0.0225403 0.258706 2
-0.0599819 -0.0225942 0.258 2
-0.0123686 -0.0223139 0.258 2
-0.010481 -0.0225047 0.259 2
-0.00851298 -0.0224869 0.26 2
-0.0612577 -0.0195263 0.259444 2
-0.0593518 -0.019301 0.258 2
-0.0127527 -0.0191536 0.258222 2
-0.0106754 -0.0196533 0.259308 2
-0.00851298 -0.0207922 0.26 2
-0.0610406 -0.0167433 0.2594 2
-0.0591417 -0.0164282 0.258 2
-0.0127047 -0.0168766 0.258 2
-0.0107357 -0.0165046 0.2592 2
-0.0607291 -0.0134487 0.26 2
-0.0588649 -0.0131673 0.258625 2
-0.0123686 -0.0133452 0.258 2
-0.0107357 -0.0134073 0.2592 2
-0.0607291 -0.0106242 0.26 2
-0.0586962 -0.0105629 0.2585 2
-0.0129004 -0.0103823 0.258308 2
-0.0109151 -0.0107694 0.259619 2
-0.0586422 -0.00741186 0.259143 2
-0.056621 -0.00689897 0.258 2
-0.0133786 -0.00729749 0.258385 2
-0.0110664 -0.00730404 0.259727 2
-0.0584953 -0.0044945 0.259174 2
-0.0561826 -0.00407193 0.258091 2
-0.0154494 -0.00437653 0.258 2
-0.0135419 -0.00439365 0.25904 2
-0.0113789 -0.00458427 0.26 2
-0.058085 -0.00158259 0.259533 2
-0.056134 -0.00157585 0.258333 2
-0.0154494 -0.00157382 0.258 2
-0.0135419 -0.00158068 0.25904 2
-0.0119 -0.00158602 0.26 2
-0.0578507 0.00139517 0.259889 2
-0.0556186 0.00151315 0.258545 2
-0.0538202 0.00263025 0.258 2
-0.0154494 0.00150917 0.258 2
-0.0135222 0.00151278 0.258667 2
-0.0113253 0.00151909 0.259778 2
-0.0573421 0.00378043 0.26 2
-0.0553362 0.00469079 0.259391 2
-0.05319 0.00480236 0.258 2
-0.0156362 0.004779 0.258 2
-0.0135911 0.00456527 0.259083 2
-0.0114766 0.00406287 0.26 2
-0.0551053 0.00727715 0.259524 2
-0.05298 0.00739487 0.258 2
-0.0165069 0.00748345 0.258286 2
-0.0138591 0.00744425 0.2597 2
-0.0545966 0.0101226 0.26 2
-0.052614 0.0107192 0.2584 2
-0.0188104 0.0104779 0.258 2
-0.0165969 0.0104964 0.258444 2
-0.0138757 0.0105591 0.26 2
-0.0542374 0.013666 0.26 2
-0.0522866 0.0135996 0.25872 2
-0.0504593 0.0135608 0.258 2
-0.0213311 0.0146819 0.258 2
-0.0191362 0.013883 0.25825 2
-0.0164857 0.01356 0.259148 2
-0.0144403 0.0128186 0.26 2
-0.0542374 0.0164904 0.26 2
-0.0523844 0.0164397 0.2592 2
-0.0500859 0.016239 0.258 2
-0.0217045 0.0167372 0.258 2
-0.0194157 0.0164039 0.258633 2
-0.0168105 0.016354 0.259941 2
-0.0542374 0.01875 0.26 2
-0.0522449 0.019256 0.259208 2
-0.0495895 0.0196733 0.258208 2
-0.0473784 0.0208479 0.258 2
-0.0221459 0.0196504 0.258 2
-0.0194819 0.0194794 0.258971 2
-0.0169805 0.0193148 0.26 2
-0.0520076 0.0220026 0.259923 2
-0.049608 0.0226527 0.2594 2
-0.0469213 0.0226742 0.258222 2
-0.024412 0.0230901 0.258 2
-0.0224682 0.0225476 0.2582 2
-0.0194133 0.0225796 0.259194 2
-0.0169805 0.0224218 0.26 2
-0.0514149 0.0255286 0.26 2
-0.0495415 0.0255596 0.259565 2
-0.0467154 0.025448 0.258435 2
-0.0448577 0.0258928 0.258 2
-0.0249099 0.0254568 0.258 2
-0.0225023 0.0253912 0.2586 2
-0.0196017 0.0254438 0.25975 2
-0.0172063 0.0247377 0.26 2
-0.0516971 0.0286355 0.26 2
-0.0496462 0.0283094 0.2596 2
-0.0466116 0.0284593 0.2584 2
-0.0437805 0.0286308 0.258 2
-0.0364553 0.0298166 0.258 2
-0.0343198 0.0292911 0.258 2
-0.0313151 0.0291241 0.258 2
-0.0284731 0.0286955 0.258 2
-0.0255428 0.028428 0.258111 2
-0.0225915 0.0284957 0.259172 2
-0.0200704 0.0281747 0.26 2
-0.049298 0.0313658 0.26 2
-0.0464728 0.0316065 0.25888 2
-0.0434054 0.0314775 0.258 2
-0.0405865 0.0319186 0.258 2
-0.0373121 0.031828 0.258 2
-0.0344948 0.0314982 0.258 2
-0.0314139 0.0314982 0.258 2
-0.0286131 0.0314982 0.258 2
-0.0255902 0.0315718 0.2586 2
-0.0225275 0.0316026 0.259385 2
-0.0203675 0.0314599 0.26 2
-0.0483101 0.0342844 0.26 2
-0.0462211 0.0344825 0.25936 2
-0.0433049 0.0344028 0.25876 2
-0.0403437 0.0344507 0.258185 2
-0.0375757 0.0345812 0.258 2
-0.0344948 0.0345812 0.258 2
-0.0314139 0.0345812 0.258 2
-0.0285623 0.0345764 0.258032 2
-0.025607 0.0344591 0.258767 2
-0.0225966 0.0345246 0.25968 2
-0.0203675 0.0345668 0.26 2
-0.0462061 0.0372629 0.26 2
-0.0434654 0.037352 0.25972 2
-0.040543 0.0375707 0.258926 2
-0.0375876 0.0376762 0.25808 2
-0.0344948 0.0376642 0.258 2
-0.0314522 0.0377118 0.25832 2
-0.0284277 0.0377912 0.258867 2
-0.0253652 0.037271 0.25916 2
-0.0226255 0.0373913 0.26 2
-0.0206901 0.0370685 0.26 2
-0.0428668 0.0404982 0.26 2
-0.0406618 0.0406434 0.259539 2
-0.0374738 0.0406468 0.258896 2
-0.0343814 0.0405453 0.258769 2
-0.0315307 0.0406177 0.25896 2
-0.028471 0.0406659 0.259267 2
-0.025448 0.0404982 0.26 2
-0.0230206 0.0402722 0.26 2
-0.0429257 0.0435823 0.259867 2
-0.0405774 0.0434835 0.25928 2
-0.0374778 0.0434828 0.259267 2
-0.0344115 0.0435189 0.25948 2
-0.0315357 0.0434373 0.259 2
-0.0284781 0.0434932 0.259333 2
-0.025602 0.043528 0.26 2
-0.0237545 0.0427577 0.26 2
-0.042689 0.0461685 0.2598 2
-0.0405771 0.0463019 0.25928 2
-0.0375648 0.0464061 0.259867 2
-0.0344645 0.0464083 0.25988 2
-0.0315458 0.0462655 0.25908 2
-0.0285226 0.0463826 0.259733 2
-0.0261066 0.0462412 0.26 2
-0.0405611 0.0491255 0.26 2
-0.0376653 0.0492539 0.26 2
-0.0344799 0.0495363 0.26 2
-0.0316574 0.0495363 0.26 2
-0.0286192 0.0494533 0.26 2
-0.0387136 0.0515135 0.26 2
-0.0344799 0.0515135 0.26 2
-0.0316574 0.0515135 0.26 2
-0.0291172 0.0515135 0.26 2
-0.0404072 0.0989641 0.26 2
-0.0375847 0.0989641 0.26 2
-0.0344799 0.0989641 0.26 2
-0.04286 0.101015 0.259467 2
-0.0404457 0.100479 0.25869 2
-0.0374394 0.100552 0.259 2
-0.0343694 0.100617 0.259167 2
-0.0315938 0.10102 0.25948 2
-0.0290867 0.101368 0.259923 2
-0.0436598 0.10253 0.259429 2
-0.0403764 0.102127 0.258 2
-0.0373905 0.10239 0.258667 2
-0.0343473 0.102522 0.259 2
-0.0315357 0.102522 0.259 2
-0.0286967 0.102623 0.259889 2
-0.00204456 -0.0781728 0.263 2
-0.00379361 -0.0763357 0.2616 2
-0.00236162 -0.0764562 0.262625 2
-0.00345889 -0.0733216 0.262 2
-0.00251428 -0.073827 0.262444 2
-0.00345889 -0.0704755 0.262 2
-0.00264848 -0.0700626 0.262286 2
-0.00345889 -0.0676293 0.262 2
-0.00232639 -0.0674204 0.262667 2
-0.0692237 -0.0642925 0.261167 2
-0.0682097 -0.0641307 0.261083 2
-0.00345889 -0.0644985 0.262 2
-0.00267868 -0.0647743 0.26225 2
-0.0694445 -0.0613677 0.262 2
-0.0680457 -0.0614127 0.261684 2
-0.00397385 -0.0613981 0.261385 2
-0.00289005 -0.0613677 0.262 2
-0.0694241 -0.0584592 0.263 2
-0.0673542 -0.0586651 0.2615 2
-0.00404958 -0.058564 0.261294 2
-0.00289005 -0.0585216 0.262 2
-0.0678875 -0.0556607 0.262438 2
-0.00401676 -0.0555337 0.261333 2
-0.00289005 -0.0556754 0.262 2
-0.0694241 -0.0527452 0.263 2
-0.067813 -0.0524201 0.262167 2
-0.00398354 -0.052621 0.2615 2
-0.00289373 -0.05261 0.262333 2
-0.0691386 -0.0507453 0.263 2
-0.0673689 -0.0493564 0.261923 2
-0.0657794 -0.0483746 0.261 2
-0.00409596 -0.0496735 0.261875 2
-0.00290108 -0.0498881 0.263 2
-0.0673096 -0.0464392 0.262412 2
-0.0657794 -0.0463899 0.261 2
-0.00480854 -0.0463627 0.261556 2
-0.0691386 -0.043317 0.263 2
-0.0675067 -0.0433276 0.2622 2
-0.0657794 -0.0435546 0.261 2
-0.00481982 -0.0434904 0.261545 2
-0.0691386 -0.0416028 0.263 2
-0.0670937 -0.040373 0.262053 2
-0.0657794 -0.0410029 0.261 2
-0.00656237 -0.0390181 0.261 2
-0.00493152 -0.0404596 0.262 2
-0.0667145 -0.0377457 0.262286 2
-0.00656237 -0.037317 0.261 2
-0.00488923 -0.0375314 0.2625 2
-0.0691386 -0.0353173 0.263 2
-0.0670794 -0.034392 0.262667 2
-0.0649294 -0.0344817 0.261 2
-0.00656237 -0.0356158 0.261 2
-0.00483826 -0.03453 0.262545 2
-0.066569 -0.0321746 0.263 2
-0.0648802 -0.0315241 0.261941 2
-0.00656237 -0.0310793 0.261 2
-0.00494019 -0.0314077 0.262455 2
-0.0648594 -0.0284593 0.262 2
-0.00656237 -0.0285275 0.261 2
-0.005454 -0.028373 0.2622 2
-0.0649113 -0.0255117 0.262067 2
-0.00688619 -0.0251657 0.261 2
-0.00547063 -0.0256034 0.263 2
-0.0645786 -0.0225145 0.262053 2
-0.0629461 -0.0222898 0.261 2
-0.00713659 -0.0225987 0.2613 2
-0.00547064 -0.0224606 0.263 2
-0.0643523 -0.0193691 0.26225 2
-0.0629461 -0.0194545 0.261 2
-0.00911239 -0.019171 0.261 2
-0.00739154 -0.019456 0.26169 2
-0.00547064 -0.020175 0.263 2
-0.0642453 -0.0163309 0.262444 2
-0.0623794 -0.0160522 0.261 2
-0.00911239 -0.0163357 0.261 2
-0.00744429 -0.0164108 0.2622 2
-0.0640869 -0.0137021 0.262444 2
-0.0620961 -0.0135004 0.261 2
-0.00911239 -0.0135004 0.261 2
-0.00744429 -0.0135625 0.2622 2
-0.0635928 -0.0104396 0.2625 2
-0.0620961 -0.0106651 0.261 2
-0.00949016 -0.010287 0.261 2
-0.00738269 -0.0105896 0.262259 2
-0.0637139 -0.00846119 0.263 2
-0.061688 -0.00756481 0.261667 2
-0.0095981 -0.00787029 0.261 2
-0.00750369 -0.00747726 0.262143 2
-0.0614909 -0.00460073 0.2622 2
-0.0595461 -0.0032933 0.261 2
-0.00985188 -0.0042966 0.261176 2
-0.00752344 -0.004549 0.262348 2
-0.0608351 -0.00159618 0.261667 2
-0.0595461 -0.00159212 0.261 2
-0.0102677 -0.00159517 0.2616 2
-0.00813508 -0.00191374 0.262727 2
-0.0609645 0.00153532 0.262222 2
-0.0592517 0.00198241 0.2612 2
-0.00969069 0.00152867 0.261333 2
-0.00810773 0.00186243 0.262571 2
-0.0610119 0.00449849 0.262615 2
-0.058629 0.00481181 0.261238 2
-0.0125124 0.00577968 0.261 2
-0.0101916 0.00486397 0.261636 2
-0.00859811 0.00467534 0.2626 2
-0.060294 0.00766246 0.262889 2
-0.0582934 0.00743934 0.261429 2
-0.0564293 0.00833145 0.261 2
-0.0125124 0.00748086 0.261 2
-0.010669 0.00744908 0.262 2
-0.00861121 0.00696678 0.263 2
-0.0602879 0.0095381 0.263 2
-0.0584645 0.0103754 0.2625 2
-0.0560993 0.0105488 0.261133 2
-0.0125124 0.0103162 0.261 2
-0.0108599 0.0103636 0.2622 2
-0.0585564 0.0135341 0.262917 2
-0.0559708 0.0134607 0.2615 2
-0.0134462 0.0138033 0.261136 2
-0.0108673 0.013506 0.262367 2
-0.0580038 0.0166807 0.263 2
-0.0559708 0.0165855 0.2615 2
-0.0156291 0.0168374 0.261 2
-0.0136717 0.0165872 0.26152 2
-0.0112849 0.0165276 0.262706 2
-0.0580038 0.0195377 0.263 2
-0.0558322 0.0195002 0.261455 2
-0.0538794 0.0202397 0.261 2
-0.0156291 0.0193891 0.261 2
-0.0134292 0.0194882 0.262333 2
-0.0111808 0.0186806 0.263 2
-0.0571473 0.0223947 0.263 2
-0.0554517 0.0223681 0.262048 2
-0.0531508 0.022832 0.261 2
-0.0156291 0.022508 0.261 2
-0.0134361 0.0223498 0.262467 2
-0.0571473 0.0255375 0.263 2
-0.0552947 0.025473 0.262333 2
-0.0523682 0.0255458 0.261 2
-0.0181791 0.0264774 0.261 2
-0.0162927 0.0258456 0.2612 2
-0.0137673 0.0253326 0.262571 2
-0.0571473 0.0286802 0.263 2
-0.0552665 0.028593 0.2622 2
-0.0528405 0.0282731 0.261 2
-0.0186428 0.0287714 0.261 2
-0.0165185 0.0285324 0.26164 2
-0.0142805 0.0284353 0.263 2
-0.055045 0.0314773 0.2625 2
-0.0522168 0.0315687 0.261077 2
-0.0504793 0.032148 0.261 2
-0.0187535 0.0315946 0.261111 2
-0.016594 0.0315018 0.262154 2
-0.0146068 0.0315372 0.263 2
-0.0547335 0.0341827 0.262833 2
-0.0522765 0.0345363 0.26148 2
-0.049746 0.0348332 0.261 2
-0.0187597 0.0347268 0.2612 2
-0.0165672 0.0345057 0.262074 2
-0.0146068 0.0343943 0.263 2
-0.052555 0.0376325 0.262556 2
-0.0493769 0.0375583 0.26116 2
-0.0474571 0.0384802 0.261 2
-0.0192664 0.0376905 0.261391 2
-0.0166596 0.0374812 0.262696 2
-0.051851 0.0403265 0.262727 2
-0.0494762 0.0404758 0.26168 2
-0.0465126 0.0403704 0.261 2
-0.0442055 0.0404514 0.261 2
-0.0214847 0.0405594 0.261 2
-0.019388 0.0405318 0.26204 2
-0.0173667 0.0402988 0.263 2
-0.0514372 0.0435368 0.263 2
-0.049589 0.0434179 0.26228 2
-0.0465518 0.0433485 0.261462 2
-0.0445293 0.0434892 0.261 2
-0.0244125 0.0443398 0.261 2
-0.0223637 0.0435254 0.261276 2
-0.0194237 0.0434577 0.26252 2
-0.0177474 0.0435368 0.263 2
-0.0514372 0.0463938 0.263 2
-0.0496795 0.046352 0.26276 2
-0.0467181 0.046539 0.261931 2
-0.0442425 0.0467954 0.2612 2
-0.0249356 0.0467825 0.261 2
-0.0224077 0.0465723 0.261667 2
-0.0196556 0.0463858 0.262957 2
-0.0177474 0.0455367 0.263 2
-0.0514372 0.0495365 0.263 2
-0.0495226 0.0496038 0.263 2
-0.0465085 0.0496149 0.262191 2
-0.0437406 0.0495121 0.26136 2
-0.0417904 0.0503885 0.261 2
-0.0377292 0.0502939 0.261 2
-0.0255496 0.0494511 0.26104 2
-0.0224912 0.0495823 0.261733 2
-0.0196917 0.0495575 0.262783 2
-0.0488826 0.0524989 0.263 2
-0.0464487 0.0526582 0.262619 2
-0.0437066 0.0524474 0.26184 2
-0.0405403 0.0525231 0.261032 2
-0.037365 0.0526432 0.261 2
-0.0346126 0.0531293 0.261 2
-0.0314959 0.0531293 0.261 2
-0.0282375 0.0528458 0.261 2
-0.0255959 0.0523837 0.26152 2
-0.0225346 0.0525265 0.262233 2
-0.0199503 0.0525832 0.262875 2
-0.0483537 0.0547363 0.263 2
-0.0461987 0.0554618 0.263 2
-0.0433317 0.0553931 0.26232 2
-0.040459 0.055502 0.26181 2
-0.0373686 0.0555264 0.261 2
-0.0346126 0.055681 0.261 2
-0.0315447 0.0556419 0.261 2
-0.0284003 0.0554404 0.2612 2
-0.0254339 0.055423 0.262276 2
-0.0224782 0.0554086 0.262958 2
-0.0202599 0.0547363 0.263 2
-0.045727 0.057679 0.263 2
-0.043443 0.0583933 0.263 2
-0.0405208 0.0582966 0.26256 2
-0.0375782 0.0583814 0.26192 2
-0.0345652 0.0587135 0.261593 2
-0.0314228 0.0585387 0.261621 2
-0.0284879 0.0584559 0.262 2
-0.0257079 0.0581768 0.262667 2
-0.042301 0.0603933 0.263 2
-0.0404122 0.0614482 0.263 2
-0.0376711 0.0616998 0.262967 2
-0.0343876 0.0615768 0.262214 2
-0.0313846 0.0616914 0.26244 2
-0.02857 0.0617662 0.26276 2
-0.0261698 0.0610361 0.263 2
-0.0397314 0.0638217 0.263 2
-0.0372189 0.0642788 0.263 2
-0.0345264 0.0641074 0.263 2
-0.0317372 0.0638217 0.263 2
-0.0343068 0.086678 0.263 2
-0.0325937 0.086678 0.263 2
-0.0363053 0.0881065 0.263 2
-0.0344871 0.0884072 0.263 2
-0.0325937 0.0881065 0.263 2
-0.0425865 0.0906778 0.263 2
-0.0410447 0.0910778 0.263 2
-0.0385894 0.0926777 0.263 2
-0.0351633 0.0926777 0.263 2
-0.0305952 0.0926777 0.263 2
-0.0284623 0.0919382 0.263 2
-0.0261223 0.0916301 0.263 2
-0.0399246 0.0946515 0.262929 2
-0.0376 0.0946515 0.262929 2
-0.0343847 0.0945477 0.263 2
-0.0313738 0.0945477 0.263 2
-0.028696 0.0943174 0.263 2
-0.0260271 0.0938205 0.263 2
-0.0482966 0.0989632 0.263 2
-0.046329 0.0982435 0.262714 2
-0.0434877 0.0982864 0.262625 2
-0.0403969 0.0975595 0.261875 2
-0.037422 0.0974092 0.261857 2
-0.0344469 0.0975414 0.26218 2
-0.0314318 0.097472 0.262833 2
-0.0286837 0.0978406 0.26275 2
-0.0255722 0.0981067 0.262864 2
-0.0221252 0.098868 0.263 2
-0.0194313 0.098527 0.2626 2
-0.0170812 0.0987727 0.263 2
-0.0486229 0.100922 0.263 2
-0.0464064 0.100295 0.262 2
-0.0439102 0.0999556 0.261455 2
-0.0419793 0.0996283 0.261 2
-0.0330387 0.0991561 0.262 2
-0.0314477 0.0994894 0.261294 2
-0.0283983 0.100197 0.261577 2
-0.0254696 0.10043 0.261818 2
-0.0224231 0.100655 0.262778 2
-0.0193959 0.10034 0.26212 2
-0.016737 0.100616 0.262636 2
-0.0148923 0.101535 0.263 2
-0.0514372 0.102678 0.263 2
-0.0493088 0.103197 0.263 2
-0.0464513 0.102954 0.26225 2
-0.0445293 0.10218 0.261 2
-0.0272458 0.102747 0.261 2
-0.0255458 0.102747 0.261 2
-0.0225151 0.102856 0.262 2
-0.0193865 0.102856 0.262 2
-0.0165481 0.102895 0.2621 2
-0.0143119 0.103183 0.262833 2
-0.000476167 -0.0784747 0.2645 2
0.000528988 -0.0784793 0.265 2
-0.000620598 -0.076494 0.264778 2
0.00102544 -0.0767113 0.265714 2
-0.00136692 -0.0732141 0.2647 2
-0.00141928 -0.0705427 0.265111 2
-0.000910087 -0.0673038 0.2652 2
-0.00141851 -0.0644732 0.264889 2
-0.00153438 -0.06163 0.264909 2
-0.00143079 -0.0584784 0.265091 2
-0.069688 -0.0555268 0.264 2
-0.00148258 -0.0554482 0.265 2
-0.069688 -0.0538061 0.264 2
-0.00176843 -0.0526399 0.264625 2
-0.0694014 -0.0492175 0.264 2
-0.0688283 -0.0492175 0.264 2
-0.00348529 -0.0483571 0.264 2
-0.0022047 -0.0492905 0.265167 2
-0.0694014 -0.0463496 0.264 2
-0.0688283 -0.0463496 0.264 2
-0.00348529 -0.0463496 0.264 2
-0.00234929 -0.0465837 0.265333 2
-0.00348529 -0.0434817 0.264 2
-0.00231253 -0.0434332 0.264941 2
-0.0694014 -0.040327 0.264 2
-0.0688283 -0.040327 0.264 2
-0.00348529 -0.0406138 0.264 2
-0.00234929 -0.0404336 0.265333 2
-0.0693816 -0.0373415 0.2648 2
-0.0681914 -0.0373635 0.264 2
-0.00348969 -0.037505 0.264333 2
-0.00238585 -0.0374731 0.265375 2
-0.0034985 -0.0344344 0.265 2
-0.00292314 -0.0344344 0.265 2
-0.0676351 -0.0312653 0.264375 2
-0.0034985 -0.0315556 0.265 2
-0.00292314 -0.0315556 0.265 2
-0.0676581 -0.0284989 0.264818 2
-0.00406288 -0.0286047 0.264333 2
-0.00292314 -0.0286768 0.265 2
-0.0675446 -0.0256386 0.265333 2
-0.00403173 -0.025659 0.264687 2
-0.00293233 -0.0255895 0.265833 2
-0.0672275 -0.0223955 0.2656 2
-0.0659623 -0.0216857 0.264 2
-0.00409996 -0.0225113 0.264588 2
-0.00293417 -0.0224279 0.266 2
-0.0672554 -0.0192854 0.265 2
-0.0659623 -0.0192002 0.264 2
-0.00464374 -0.0193536 0.264778 2
-0.00293417 -0.0204052 0.266 2
-0.0668729 -0.0165366 0.2642 2
-0.0659623 -0.0165235 0.264 2
-0.00492648 -0.0165548 0.2645 2
-0.0672558 -0.0133098 0.265 2
-0.0656757 -0.0134644 0.264 2
-0.00469069 -0.0135499 0.26475 2
-0.00293417 -0.0128921 0.266 2
-0.0664999 -0.0114043 0.265 2
-0.0652258 -0.0105192 0.2645 2
-0.00481765 -0.0105698 0.264615 2
-0.00293417 -0.0111583 0.266 2
-0.0648397 -0.00724609 0.265 2
-0.00492649 -0.00736012 0.2645 2
-0.0643327 -0.00459903 0.265059 2
-0.0625232 -0.00390473 0.264 2
-0.00663781 -0.00333115 0.264 2
-0.00494095 -0.00449971 0.2653 2
-0.0642026 -0.00143369 0.264947 2
-0.0625232 -0.00161042 0.264 2
-0.00696534 -0.0013646 0.264 2
-0.00494511 -0.00161957 0.2655 2
-0.0644613 0.00144775 0.265143 2
-0.0625232 0.00154427 0.264 2
-0.00693068 0.00126003 0.26425 2
-0.00519708 0.00101889 0.265714 2
-0.0641049 0.00409335 0.265364 2
-0.0623791 0.00503527 0.264429 2
-0.00722356 0.00470785 0.2645 2
-0.00553304 0.00444559 0.266 2
-0.0635266 0.00761931 0.2658 2
-0.0621545 0.00759285 0.264867 2
-0.00921713 0.00842721 0.264 2
-0.00736262 0.0076697 0.264818 2
-0.00553304 0.00704625 0.266 2
-0.0635744 0.0105138 0.266 2
-0.0617646 0.0106363 0.264952 2
-0.00921713 0.0104347 0.264 2
-0.00752949 0.0104822 0.2652 2
-0.0635744 0.0131145 0.266 2
-0.0615248 0.0132968 0.264833 2
-0.00921713 0.0133026 0.264 2
-0.00752949 0.0133631 0.2652 2
-0.0613547 0.0164115 0.265364 2
-0.0593707 0.0167441 0.264 2
-0.00971841 0.0168035 0.264286 2
-0.00785303 0.0161702 0.2654 2
-0.0613615 0.019334 0.265444 2
-0.0593707 0.019612 0.264 2
-0.0102117 0.0198011 0.264333 2
-0.00808831 0.0195348 0.265706 2
-0.0609756 0.0226502 0.266 2
-0.05891 0.0225225 0.2645 2
-0.0103914 0.0225448 0.26476 2
-0.00845724 0.0223084 0.265857 2
-0.0605424 0.0253953 0.266 2
-0.0588267 0.0253055 0.264556 2
-0.0123697 0.0259214 0.264 2
-0.0103962 0.0254326 0.26488 2
-0.00870943 0.0255398 0.266 2
-0.0601093 0.0284294 0.266 2
-0.0586089 0.028481 0.264588 2
-0.0127518 0.0287893 0.264 2
-0.010422 0.0283785 0.26552 2
-0.00870943 0.0284294 0.266 2
-0.0601093 0.0313191 0.266 2
-0.0584024 0.0316093 0.2648 2
-0.0567914 0.0316572 0.264 2
-0.0129428 0.0316572 0.264 2
-0.0106373 0.0313319 0.2655 2
-0.00870943 0.0304522 0.266 2
-0.0601093 0.0333418 0.266 2
-0.0581426 0.0346297 0.265428 2
-0.0560271 0.0346525 0.264 2
-0.0129569 0.0345649 0.2643 2
-0.0106628 0.0345818 0.265636 2
-0.0575104 0.0376762 0.266 2
-0.0554644 0.0374638 0.2645 2
-0.0158087 0.0385401 0.264 2
-0.013545 0.0374787 0.2646 2
-0.0113083 0.0376762 0.266 2
-0.0575104 0.039699 0.266 2
-0.0556637 0.0404822 0.26545 2
-0.0533114 0.0410802 0.264 2
-0.015992 0.0406931 0.2642 2
-0.0133675 0.0404403 0.265461 2
-0.0113083 0.03941 0.266 2
-0.0553119 0.0432911 0.2657 2
-0.0527959 0.0436674 0.264286 2
-0.0161306 0.0434562 0.2646 2
-0.013889 0.043401 0.265667 2
-0.0551868 0.0466325 0.265583 2
-0.0528907 0.0465284 0.264375 2
-0.0183881 0.0471438 0.264 2
-0.0162404 0.046561 0.264581 2
-0.0139228 0.0463877 0.265625 2
-0.0554907 0.0494472 0.265522 2
-0.0529496 0.0495048 0.264176 2
-0.0183881 0.0494381 0.264 2
-0.0164237 0.0495698 0.2647 2
-0.0138636 0.049576 0.265824 2
-0.0548707 0.0526631 0.2658 2
-0.0523768 0.0525014 0.264478 2
-0.0501998 0.0531664 0.264 2
-0.018603 0.0525211 0.264 2
-0.0164462 0.0525176 0.265067 2
-0.0140997 0.052317 0.266 2
-0.054334 0.0555919 0.266 2
-0.0524759 0.0554586 0.26536 2
-0.0495406 0.0556614 0.264 2
-0.0476205 0.0566078 0.264 2
-0.021254 0.0566078 0.264 2
-0.0192739 0.0557735 0.264 2
-0.0167502 0.05545 0.26532 2
-0.0522349 0.058394 0.2656 2
-0.0495157 0.0586195 0.264593 2
-0.0467438 0.0589528 0.264 2
-0.0244065 0.0591889 0.264 2
-0.0224167 0.0586604 0.2642 2
-0.0195901 0.0587849 0.26476 2
-0.0169051 0.0583072 0.265682 2
-0.0520239 0.0613711 0.266 2
-0.0494532 0.0616164 0.265 2
-0.0464813 0.0614928 0.26404 2
-0.0437079 0.0615581 0.264 2
-0.0418886 0.0620568 0.264 2
-0.024734 0.0617291 0.264 2
-0.02245 0.061623 0.2646 2
-0.0197019 0.0616768 0.265261 2
-0.0173311 0.0611234 0.266 2
-0.0514464 0.0639718 0.266 2
-0.0496096 0.0645239 0.26556 2
-0.0465102 0.0643999 0.2642 2
-0.0436082 0.0643512 0.264 2
-0.0408026 0.0647436 0.264 2
-0.0384495 0.0652115 0.264 2
-0.0340278 0.0651705 0.264 2
-0.0313802 0.0650203 0.264 2
-0.0287054 0.064638 0.264 2
-0.0255529 0.0643512 0.264 2
-0.0224641 0.0645369 0.26476 2
-0.0195759 0.0645748 0.265444 2
-0.0176611 0.0645497 0.266 2
-0.0491889 0.0674636 0.265867 2
-0.0466165 0.0674234 0.2648 2
-0.0435468 0.0674034 0.264 2
-0.0404557 0.0675058 0.264 2
-0.0373031 0.0675058 0.264 2
-0.0344811 0.0674653 0.264034 2
-0.0315458 0.0673251 0.264154 2
-0.0287162 0.0674634 0.264103 2
-0.0255588 0.0673294 0.264586 2
-0.0224884 0.067484 0.26504 2
-0.0199395 0.0674924 0.265789 2
-0.0485587 0.0697511 0.266 2
-0.0466058 0.070443 0.265636 2
-0.0437381 0.0704952 0.264783 2
-0.0403533 0.0705991 0.264 2
-0.0373031 0.0706605 0.264 2
-0.0344874 0.0705214 0.264809 2
-0.0317388 0.0704004 0.265 2
-0.0284306 0.0704804 0.265 2
-0.025407 0.0704807 0.26548 2
-0.0225563 0.0705761 0.26584 2
-0.02059 0.0702877 0.266 2
-0.0461524 0.0733149 0.266 2
-0.043418 0.0734344 0.265 2
-0.0402852 0.0737409 0.26476 2
-0.03741 0.0737409 0.26476 2
-0.0345677 0.073519 0.265 2
-0.0315576 0.0734985 0.26525 2
-0.0283745 0.0733686 0.265654 2
-0.0254577 0.0735075 0.266 2
-0.0227901 0.0735626 0.266 2
-0.0208375 0.0746634 0.266 2
-0.0458636 0.0764935 0.266 2
-0.0432236 0.0765482 0.265304 2
-0.0403212 0.0766857 0.265 2
-0.0374444 0.0766857 0.265 2
-0.0345677 0.0766857 0.265 2
-0.031414 0.0766042 0.265406 2
-0.0283098 0.0765886 0.265667 2
-0.0254986 0.0765202 0.265786 2
-0.0225701 0.0763971 0.266 2
-0.0208375 0.0763971 0.266 2
-0.0457674 0.0788051 0.266 2
-0.0434225 0.0793615 0.265913 2
-0.0403212 0.0795644 0.265 2
-0.0374444 0.0795644 0.265 2
-0.0345677 0.0795644 0.265 2
-0.031555 0.0795929 0.264893 2
-0.0285175 0.0796722 0.264543 2
-0.0253049 0.0794582 0.265074 2
-0.0226147 0.079348 0.265778 2
-0.0208375 0.0792868 0.266 2
-0.043361 0.0824654 0.266 2
-0.0403834 0.0825677 0.2654 2
-0.0374444 0.0824432 0.265 2
-0.0345677 0.0824432 0.265 2
-0.0317659 0.0825433 0.265 2
-0.0284858 0.082724 0.26516 2
-0.025366 0.0824558 0.26504 2
-0.0224707 0.0824349 0.265571 2
-0.0198103 0.0826189 0.265923 2
-0.017265 0.0831833 0.265833 2
-0.043361 0.085644 0.266 2
-0.0403071 0.0854496 0.265192 2
-0.0374025 0.0855117 0.2647 2
-0.0344847 0.0851149 0.26436 2
-0.0315851 0.0853806 0.264448 2
-0.0286245 0.0855093 0.26525 2
-0.025366 0.0853347 0.26504 2
-0.0224884 0.0853347 0.26504 2
-0.0196289 0.0854121 0.26528 2
-0.0165743 0.085658 0.265786 2
-0.0459155 0.0891149 0.265615 2
-0.0434694 0.0884534 0.2649 2
-0.0404093 0.088373 0.264281 2
-0.0375746 0.0884415 0.264 2
-0.033864 0.0895886 0.264 2
-0.0313529 0.0884961 0.264 2
-0.0285616 0.0882617 0.264267 2
-0.0255076 0.0883584 0.264412 2
-0.0225277 0.0884506 0.265034 2
-0.0197441 0.0883754 0.265826 2
-0.016737 0.088129 0.266 2
-0.0514464 0.092579 0.266 2
-0.0491745 0.0922419 0.265636 2
-0.0466892 0.0914746 0.264852 2
-0.04378 0.0913802 0.264048 2
-0.0402793 0.0913535 0.264 2
-0.0373031 0.0913094 0.264 2
-0.0343625 0.0914091 0.264 2
-0.0315713 0.0913094 0.264 2
-0.0288818 0.0906917 0.264 2
-0.0249439 0.0909867 0.264 2
-0.0224231 0.0915214 0.264808 2
-0.0199883 0.091631 0.26585 2
-0.0176611 0.092579 0.266 2
-0.0520353 0.0945621 0.265687 2
-0.0496225 0.0944117 0.265178 2
-0.0466925 0.0944858 0.264615 2
-0.0436352 0.0942484 0.264636 2
-0.0413154 0.0941773 0.264 2
-0.0370165 0.0933169 0.264 2
-0.033864 0.0933169 0.264 2
-0.0321445 0.0933169 0.264 2
-0.027559 0.0956112 0.264 2
-0.0250943 0.0949229 0.264 2
-0.02251 0.0945029 0.264555 2
-0.0195886 0.0943928 0.265276 2
-0.0168855 0.094668 0.265917 2
-0.0136184 0.0951797 0.266 2
-0.054829 0.0981931 0.266 2
-0.0524903 0.0976046 0.265885 2
-0.0494227 0.0974581 0.264778 2
-0.0463311 0.0968825 0.2645 2
-0.043747 0.0968758 0.264682 2
-0.041602 0.0964716 0.264 2
-0.0284761 0.0971025 0.264 2
-0.0253482 0.0969222 0.264 2
-0.0224067 0.0975068 0.264333 2
-0.0195555 0.0971471 0.26428 2
-0.0163526 0.0973338 0.264919 2
-0.0133555 0.0973422 0.265419 2
-0.0112506 0.0974914 0.266 2
-0.0541978 0.0998403 0.265333 2
-0.0524012 0.100421 0.264613 2
-0.0500084 0.100138 0.264312 2
-0.0155222 0.1002 0.264 2
-0.013505 0.100408 0.264667 2
-0.0107057 0.101081 0.265867 2
-0.00747188 0.101289 0.266 2
-0.00466675 0.101537 0.266 2
-0.00293417 0.101537 0.266 2
-0.0519193 0.102207 0.264 2
-0.0504864 0.102207 0.264 2
-0.0127887 0.103174 0.264111 2
-0.0104768 0.103494 0.265357 2
-0.00755438 0.10356 0.266 2
-0.00501968 0.103431 0.266 2
-0.00957572 0.105293 0.266 2
-0.00755438 0.105293 0.266 2
-0.00553304 0.105293 0.266 2
0.00210392 -0.0755862 0.2676 2
-4.67165e-05 -0.0735607 0.267 2
0.00167964 -0.0735195 0.268111 2
-4.68623e-05 -0.0705889 0.267833 2
0.000885999 -0.0709461 0.2683 2
-4.68915e-05 -0.0674313 0.268 2
0.0011848 -0.0670236 0.268444 2
-4.68215e-05 -0.0644249 0.2676 2
0.00174485 -0.0644609 0.268759 2
-4.68215e-05 -0.0615153 0.2676 2
0.00129197 -0.0614684 0.268588 2
-4.68915e-05 -0.0586972 0.268 2
0.000925223 -0.0589244 0.268444 2
-4.69206e-05 -0.0555283 0.268167 2
0.00053531 -0.0555283 0.268167 2
-0.00062653 -0.052422 0.267667 2
0.000536973 -0.0530718 0.269 2
-0.000919123 -0.0496402 0.267833 2
-0.000919695 -0.0464696 0.268 2
-0.000918322 -0.0434937 0.2676 2
-0.000919695 -0.0406469 0.268 2
-0.000922556 -0.0375599 0.268833 2
-0.00149939 -0.0345319 0.268 2
-0.00155178 -0.0314781 0.267909 2
-0.00149939 -0.0284192 0.268 2
-0.0692892 -0.0246345 0.268 2
-0.0687074 -0.0246345 0.268 2
-0.0017497 -0.0257574 0.268 2
-0.0692375 -0.0225805 0.2678 2
-0.0686561 -0.0225805 0.2678 2
-0.00208343 -0.0225965 0.268 2
-0.0690307 -0.0201918 0.267 2
-0.068451 -0.0201918 0.267 2
-0.0035249 -0.0190316 0.267 2
-0.00225786 -0.0193397 0.268067 2
-0.0035249 -0.0167112 0.267 2
-0.00237276 -0.0163818 0.267933 2
-0.0035249 -0.0146808 0.267 2
-0.00222706 -0.0135136 0.267833 2
-0.0677583 -0.0101169 0.267125 2
-0.0035249 -0.00975008 0.267 2
-0.0022835 -0.0102313 0.267923 2
-0.0677091 -0.0074436 0.2675 2
-0.0035249 -0.00742968 0.267 2
-0.00237587 -0.00746679 0.268333 2
-0.0675689 -0.00446477 0.267696 2
-0.0655525 -0.0039491 0.267 2
-0.00353282 -0.00453808 0.2676 2
-0.00295182 -0.00453808 0.2676 2
-0.0673376 -0.00190721 0.267421 2
-0.0655525 -0.00220881 0.267 2
-0.0035381 -0.00163482 0.268 2
-0.00257177 -0.0012479 0.268444 2
-0.0670018 0.00127177 0.267 2
-0.0040052 0.00159035 0.267455 2
-0.00242391 0.00109963 0.268615 2
-0.0669377 0.00456199 0.267765 2
-0.0651005 0.00507078 0.267091 2
-0.00412181 0.00448271 0.268167 2
-0.00296542 0.00449385 0.268833 2
-0.0668058 0.00755268 0.268933 2
-0.0649605 0.00757121 0.267818 2
-0.00442531 0.00786619 0.268053 2
-0.00296726 0.00771016 0.269 2
-0.0663356 0.0106324 0.269 2
-0.0649253 0.0105928 0.268 2
-0.00469616 0.0105849 0.2678 2
-0.00296726 0.0106324 0.269 2
-0.0663356 0.0135546 0.269 2
-0.0646916 0.0136892 0.267833 2
-0.00479571 0.0134126 0.267696 2
-0.00296726 0.0129701 0.269 2
-0.0663356 0.0153079 0.269 2
-0.0642244 0.0163849 0.2675 2
-0.00671324 0.0169344 0.267 2
-0.00499684 0.0164346 0.2683 2
-0.0637615 0.0193269 0.268 2
-0.0623642 0.020705 0.267 2
-0.00671324 0.0195448 0.267 2
-0.005001 0.0193629 0.2685 2
-0.0639518 0.0223055 0.2688 2
-0.0624109 0.0227532 0.2672 2
-0.00723411 0.0228839 0.267222 2
-0.00524982 0.0220239 0.268429 2
-0.0639994 0.0255356 0.269 2
-0.0619786 0.0258181 0.267556 2
-0.0073055 0.0256838 0.2675 2
-0.00559544 0.0255356 0.269 2
-0.0639994 0.0278734 0.269 2
-0.0619012 0.0285897 0.2675 2
-0.0073055 0.0285897 0.2675 2
-0.00559544 0.0287501 0.269 2
-0.0631233 0.0325489 0.269 2
-0.0618174 0.0314055 0.267556 2
-0.00932187 0.0320169 0.267 2
-0.00749765 0.0315849 0.267609 2
-0.00559544 0.0307956 0.269 2
-0.0631233 0.0337178 0.269 2
-0.0613005 0.034423 0.267667 2
-0.0597555 0.0349174 0.267 2
-0.00932187 0.0343373 0.267 2
-0.00761469 0.0344916 0.2682 2
-0.0612503 0.0374432 0.268467 2
-0.0592355 0.037662 0.267267 2
-0.00991089 0.037662 0.267267 2
-0.00820659 0.0374432 0.268467 2
-0.061083 0.0400131 0.2685 2
-0.0588075 0.0406663 0.267263 2
-0.010438 0.0406308 0.267333 2
-0.00840011 0.0399658 0.268444 2
-0.0604221 0.0431419 0.269 2
-0.0584793 0.0435491 0.267545 2
-0.0565673 0.044489 0.267 2
-0.0125102 0.0436188 0.267 2
-0.0104884 0.0435085 0.267778 2
-0.00880111 0.0433298 0.2688 2
-0.0602031 0.0462833 0.269 2
-0.0583883 0.046559 0.267579 2
-0.0565673 0.0456492 0.267 2
-0.0125102 0.0465193 0.267 2
-0.0105105 0.0465418 0.2678 2
-0.00880766 0.0462833 0.269 2
-0.0602031 0.0494978 0.269 2
-0.0585576 0.0495129 0.267952 2
-0.0125102 0.0494198 0.267 2
-0.010474 0.049537 0.268 2
-0.00858864 0.0498631 0.269 2
-0.0580887 0.0526579 0.268222 2
-0.056443 0.0520717 0.267 2
-0.0128415 0.0525689 0.267 2
-0.0105241 0.0525401 0.26812 2
-0.00832981 0.0523934 0.269 2
-0.0580734 0.0555521 0.2686 2
-0.0558177 0.0556295 0.267571 2
-0.0151188 0.0558009 0.267 2
-0.0134067 0.0554531 0.26756 2
-0.0107782 0.0555595 0.268905 2
-0.00880766 0.0547578 0.269 2
-0.058013 0.0583375 0.269 2
-0.0555127 0.0585201 0.2675 2
-0.0539586 0.0587013 0.267 2
-0.0154087 0.0589914 0.267 2
-0.0134302 0.0584642 0.26804 2
-0.0114358 0.0582644 0.269 2
-0.057575 0.0614788 0.269 2
-0.0556158 0.0615421 0.268 2
-0.0536687 0.0616018 0.267 2
-0.0158576 0.0618768 0.26725 2
-0.0134568 0.0614952 0.26856 2
-0.057575 0.0632322 0.269 2
-0.0552807 0.0643796 0.268526 2
-0.0526875 0.0647098 0.267294 2
-0.0159883 0.0645023 0.267 2
-0.0135443 0.0643739 0.268783 2
-0.0546211 0.0670871 0.268833 2
-0.0523111 0.0675338 0.267708 2
-0.0502872 0.0683696 0.267 2
-0.0184521 0.0679829 0.267 2
-0.0163421 0.0675111 0.267636 2
-0.0141289 0.0669986 0.269 2
-0.0543627 0.0693688 0.269 2
-0.0523461 0.0705538 0.268455 2
-0.0496526 0.0706204 0.267222 2
-0.0190474 0.0706076 0.267524 2
-0.0163186 0.0706314 0.268741 2
-0.0143561 0.0719988 0.269 2
-0.0543627 0.074921 0.269 2
-0.0522966 0.0736772 0.268524 2
-0.049326 0.0734882 0.267357 2
-0.047292 0.074074 0.267 2
-0.0214955 0.0734939 0.267 2
-0.0194543 0.0735745 0.267455 2
-0.0163438 0.0734995 0.26808 2
-0.0138369 0.073882 0.269 2
-0.0543627 0.0760899 0.269 2
-0.0524254 0.0764742 0.268565 2
-0.0493962 0.0765663 0.2674 2
-0.0474163 0.0764357 0.267 2
-0.0191902 0.0766253 0.2672 2
-0.0163392 0.0763893 0.268 2
-0.0140223 0.0769248 0.269 2
-0.0522224 0.0794486 0.2685 2
-0.0493962 0.0794711 0.2674 2
-0.0468684 0.080031 0.267 2
-0.0191425 0.0795632 0.267154 2
-0.0163789 0.0793446 0.267923 2
-0.0135634 0.0795689 0.268652 2
-0.0117279 0.080181 0.269 2
-0.0543627 0.0825187 0.269 2
-0.0524603 0.0825118 0.268556 2
-0.0495367 0.0826082 0.267815 2
-0.0464368 0.0825103 0.26708 2
-0.018597 0.0816151 0.267 2
-0.0160804 0.0821274 0.267333 2
-0.0134779 0.0825058 0.268173 2
-0.0117279 0.0825187 0.269 2
-0.0543627 0.0848565 0.269 2
-0.0525828 0.0854688 0.269 2
-0.0495659 0.0858076 0.26832 2
-0.0464861 0.0855011 0.26736 2
-0.0154087 0.0845156 0.267 2
-0.0134219 0.08555 0.26788 2
-0.0117279 0.085441 0.269 2
-0.0543627 0.0886554 0.269 2
-0.0524445 0.0885134 0.268571 2
-0.0493877 0.0884041 0.26736 2
-0.0467058 0.0879643 0.267059 2
-0.0154087 0.0891564 0.267 2
-0.0133606 0.0883962 0.267539 2
-0.0111214 0.088848 0.268467 2
-0.0543884 0.0916043 0.268714 2
-0.0524644 0.0915649 0.267929 2
-0.049662 0.0909138 0.267 2
-0.0475819 0.0900266 0.267 2
-0.0185524 0.0910083 0.267 2
-0.0162382 0.0914268 0.267 2
-0.0134563 0.0914046 0.267259 2
-0.0108207 0.0914676 0.26825 2
-0.0571765 0.094323 0.2685 2
-0.0553866 0.0944464 0.26796 2
-0.0534769 0.0942731 0.2672 2
-0.0156985 0.0939423 0.267 2
-0.0131913 0.094163 0.2673 2
-0.0105165 0.0944723 0.267933 2
-0.00813785 0.0950588 0.268929 2
-0.055118 0.0969877 0.267 2
-0.0539586 0.0969877 0.267 2
-0.0100022 0.0973499 0.267111 2
-0.0076236 0.097525 0.26848 2
-0.00559544 0.0985909 0.269 2
-0.0101086 0.100054 0.267 2
-0.00765151 0.0998437 0.267476 2
-0.00470693 0.10038 0.26832 2
-0.00257668 0.100724 0.268889 2
0.00259071 -0.0720408 0.27 2
0.00206963 -0.0701506 0.27 2
0.0020045 -0.0679345 0.27 2
0.0025907 -0.0611884 0.27 2
0.00377707 -0.061415 0.271 2
0.00220949 -0.0583723 0.271 2
0.00378404 -0.0585774 0.2715 2
0.00159152 -0.0556233 0.270857 2
0.003791 -0.0566185 0.272 2
-4.72414e-05 -0.0518026 0.27 2
0.00128049 -0.0523686 0.271667 2
-4.72414e-05 -0.0497494 0.27 2
0.00113218 -0.0496011 0.271333 2
-4.72414e-05 -0.0465231 0.27 2
0.00109511 -0.0465538 0.27125 2
-4.72414e-05 -0.0432967 0.27 2
0.00102433 -0.0437939 0.271091 2
-4.73464e-05 -0.040452 0.2706 2
0.000540167 -0.040452 0.2706 2
-4.74514e-05 -0.037596 0.2712 2
0.000541365 -0.037596 0.2712 2
-4.74514e-05 -0.0346516 0.2712 2
0.000541365 -0.0346516 0.2712 2
-4.73814e-05 -0.0316588 0.2708 2
0.000935333 -0.0310641 0.271333 2
-4.73114e-05 -0.0286724 0.2704 2
0.000539768 -0.0286724 0.2704 2
-0.000487045 -0.025336 0.270833 2
0.000542297 -0.0255603 0.271667 2
-0.000668037 -0.0224339 0.270588 2
0.000542962 -0.0223428 0.272 2
-0.000633568 -0.019293 0.270667 2
0.000542962 -0.019388 0.272 2
-0.000633556 -0.0163489 0.2706 2
0.000542563 -0.016422 0.2718 2
-0.00063351 -0.0133958 0.270333 2
0.000540966 -0.0134289 0.271 2
-0.000675914 -0.0105577 0.270714 2
0.000542962 -0.0108191 0.272 2
-0.000929989 -0.00754099 0.271 2
-0.0015162 -0.00459706 0.271 2
-0.00136965 -0.00187391 0.271 2
-0.00112539 0.00148708 0.271 2
-0.00151775 0.00423853 0.2712 2
-0.0677546 0.00861874 0.27 2
-0.00163586 0.00724135 0.2712 2
-0.0677546 0.0106719 0.27 2
-0.00210675 0.0107114 0.271 2
-0.0677546 0.013605 0.27 2
-0.00356451 0.0144849 0.27 2
-0.00225201 0.0137936 0.270833 2
-0.0674008 0.0167104 0.270667 2
-0.00356451 0.016538 0.27 2
-0.00240038 0.0166042 0.271067 2
-0.0672904 0.0194964 0.271375 2
-0.0654097 0.0194711 0.27 2
-0.00357507 0.0195297 0.2708 2
-0.00240539 0.0195868 0.2716 2
-0.0672063 0.0225148 0.271333 2
-0.0654097 0.0224042 0.27 2
-0.00405014 0.0227619 0.270455 2
-0.00298933 0.0224872 0.271 2
-0.0672723 0.0254877 0.2716 2
-0.0654097 0.0253373 0.27 2
-0.00391479 0.0254837 0.270895 2
-0.00298933 0.0242535 0.271 2
-0.0671533 0.0282744 0.271917 2
-0.0651568 0.0285076 0.270538 2
-0.00412752 0.0281517 0.271286 2
-0.0668223 0.0311813 0.272 2
-0.0645811 0.0314515 0.270353 2
-0.00489377 0.0317156 0.270625 2
-0.0664848 0.0332074 0.272 2
-0.0646767 0.0346778 0.271375 2
-0.0627718 0.0353097 0.27 2
-0.00503991 0.0345061 0.2706 2
-0.0638285 0.0376802 0.271583 2
-0.0627718 0.0367763 0.27 2
-0.00678867 0.0376562 0.27 2
-0.00505949 0.0372927 0.271625 2
-0.0636925 0.0402866 0.271615 2
-0.0620893 0.0413847 0.2706 2
-0.00724404 0.0409032 0.270625 2
-0.00565785 0.0402989 0.272 2
-0.0630043 0.0436835 0.271 2
-0.0618419 0.0437361 0.270417 2
-0.00738745 0.0436029 0.2705 2
-0.00565785 0.0432537 0.272 2
-0.0635013 0.0465726 0.271444 2
-0.0616762 0.0465128 0.270333 2
-0.00738745 0.0465414 0.2705 2
-0.00565784 0.046504 0.272 2
-0.0631438 0.0496824 0.2716 2
-0.0617525 0.0495114 0.270667 2
-0.00738242 0.0494427 0.2703 2
-0.00565785 0.0497543 0.272 2
-0.0632368 0.0515272 0.272 2
-0.0613125 0.052476 0.2708 2
-0.0598407 0.0526148 0.27 2
-0.00698826 0.0525501 0.270167 2
-0.00564952 0.0526329 0.2716 2
-0.0612251 0.0554465 0.270933 2
-0.0598407 0.0552546 0.27 2
-0.00942661 0.0558412 0.27 2
-0.0075245 0.0554656 0.270636 2
-0.00565785 0.055073 0.272 2
-0.0612516 0.0585579 0.271375 2
-0.0594011 0.0587743 0.27 2
-0.0101893 0.0587655 0.270118 2
-0.00787261 0.0583071 0.271333 2
-0.0610585 0.0614603 0.2715 2
-0.0589614 0.0617074 0.27 2
-0.0106436 0.0615967 0.270522 2
-0.00830661 0.0615134 0.271733 2
-0.0608531 0.0642082 0.271714 2
-0.0585831 0.06461 0.270571 2
-0.0566166 0.0655204 0.27 2
-0.0126508 0.0658137 0.27 2
-0.0106283 0.0644783 0.2708 2
-0.0086528 0.0641906 0.272 2
-0.0582511 0.0672771 0.271588 2
-0.0558756 0.0676313 0.270231 2
-0.0130611 0.0678473 0.27 2
-0.0105617 0.0673484 0.271043 2
-0.00890589 0.0674831 0.272 2
-0.0577569 0.0700455 0.271727 2
-0.0557371 0.0706876 0.270944 2
-0.0539786 0.0710932 0.27 2
-0.0135301 0.0705066 0.27 2
-0.0106849 0.0704672 0.271172 2
-0.00890589 0.0704379 0.272 2
-0.0577039 0.0737449 0.271667 2
-0.0556242 0.0735358 0.270667 2
-0.0539786 0.0734397 0.27 2
-0.0127485 0.0730486 0.27 2
-0.0107907 0.0735216 0.271333 2
-0.00890589 0.0728018 0.272 2
-0.0578515 0.0764502 0.271667 2
-0.0557292 0.0765345 0.270312 2
-0.0539786 0.077546 0.27 2
-0.0128373 0.0763727 0.27 2
-0.0109494 0.0764872 0.27145 2
-0.0578515 0.0794014 0.271667 2
-0.0555785 0.0794963 0.27065 2
-0.0539786 0.0793058 0.27 2
-0.0123577 0.0787192 0.27 2
-0.0108438 0.0792547 0.271278 2
-0.060284 0.083439 0.272 2
-0.0580036 0.0825323 0.271611 2
-0.0557895 0.0826083 0.27025 2
-0.0539786 0.0810657 0.27 2
-0.0105155 0.0824533 0.2709 2
-0.00890589 0.0831435 0.272 2
-0.0601178 0.0855647 0.27125 2
-0.0585725 0.085628 0.270808 2
-0.0558972 0.0858386 0.27 2
-0.0539786 0.0866385 0.27 2
-0.0103053 0.0855336 0.270727 2
-0.00804595 0.0859617 0.271778 2
-0.00526414 0.0867878 0.272 2
-0.0582545 0.0885536 0.27 2
-0.0559606 0.0886358 0.27 2
-0.0539786 0.0875184 0.27 2
-0.0100223 0.0882305 0.270267 2
-0.0077398 0.0884859 0.270961 2
-0.00506729 0.0887577 0.272 2
-0.0578867 0.0912336 0.27 2
-0.0560767 0.091563 0.27 2
-0.00942661 0.0916247 0.27 2
-0.00768983 0.0914252 0.2708 2
-0.00532039 0.0914592 0.272 2
-0.0574959 0.0933846 0.27 2
-0.0563235 0.0933846 0.27 2
-0.00727064 0.094203 0.2705 2
-0.00499936 0.0949564 0.271889 2
-0.0012287 0.0958492 0.272 2
0.00113351 0.0958492 0.272 2
-0.00462511 0.0972672 0.270621 2
-0.00151805 0.097556 0.271 2
0.000794915 0.0970787 0.271429 2
-0.00415072 0.0992507 0.27 2
-0.00193614 0.0996418 0.27 2
0.00261949 -0.0553438 0.273 2
0.00380773 -0.0550867 0.2732 2
0.00262333 -0.0527515 0.2734 2
0.00381888 -0.0522724 0.274 2
0.00262109 -0.0494418 0.273167 2
0.00381888 -0.0492958 0.274 2
0.00262909 -0.0463193 0.274 2
0.00381888 -0.0463193 0.274 2
0.00228765 -0.0432129 0.273714 2
0.00382724 -0.0434364 0.2746 2
0.00198074 -0.0405008 0.273818 2
0.00383281 -0.0405136 0.275 2
0.00203847 -0.0374439 0.2744 2
0.00383282 -0.0375262 0.275 2
0.00203454 -0.034402 0.2739 2
0.00383003 -0.0345146 0.2748 2
0.00218095 -0.0316161 0.273625 2
0.00381888 -0.0314367 0.274 2
0.00203445 -0.0284387 0.2738 2
0.00383282 -0.028564 0.275 2
0.00203847 -0.0255204 0.2744 2
0.00383282 -0.0267716 0.275 2
0.0014393 -0.0225071 0.274 2
0.0014393 -0.0195306 0.274 2
0.00203847 -0.0165787 0.2744 2
0.00383282 -0.016017 0.275 2
0.00203358 -0.0135674 0.2738 2
0.00383281 -0.0136271 0.275 2
-4.77663e-05 -0.00937604 0.273 2
0.00196652 -0.0105564 0.274333 2
0.00381888 -0.011494 0.274 2
-4.77663e-05 -0.00759664 0.273 2
0.00132045 -0.00777651 0.274412 2
-4.79413e-05 -0.00464794 0.274 2
0.00080341 -0.00431137 0.274286 2
-4.78013e-05 -0.00166741 0.2732 2
0.00103583 -0.00156429 0.274182 2
-4.77663e-05 0.00130035 0.273 2
0.00109855 0.00112237 0.274231 2
-4.79063e-05 0.00427938 0.2738 2
0.000546555 0.00427938 0.2738 2
-0.00030199 0.00760181 0.274143 2
0.000548152 0.00727536 0.2746 2
-0.000675458 0.0104286 0.273588 2
0.00054895 0.010272 0.275 2
-0.000640606 0.0135906 0.273667 2
0.00054895 0.0132594 0.275 2
-0.000640606 0.0165635 0.273667 2
0.00054895 0.0162468 0.275 2
-0.000642437 0.0195754 0.2742 2
0.00054895 0.0192342 0.275 2
-0.00151544 0.0224771 0.273526 2
0.00054895 0.0210266 0.275 2
-0.00153456 0.0254333 0.2742 2
-0.0679147 0.0294742 0.273 2
-0.00330775 0.0291776 0.273 2
-0.00193624 0.0284613 0.274667 2
-0.00330775 0.0315501 0.273 2
-0.00213785 0.0317813 0.275 2
-0.0667292 0.0348123 0.273 2
-0.00330775 0.0345158 0.273 2
-0.00213785 0.0347686 0.275 2
-0.0669248 0.0375921 0.2738 2
-0.0655438 0.0374814 0.273 2
-0.00350936 0.037726 0.273333 2
-0.00213785 0.037756 0.275 2
-0.0668053 0.0407561 0.274154 2
-0.0652612 0.0405631 0.273333 2
-0.00390896 0.0405515 0.2737 2
-0.00213785 0.0395485 0.275 2
-0.0668392 0.0436778 0.274667 2
-0.0647344 0.0434658 0.273333 2
-0.00390896 0.0435234 0.2737 2
-0.0667205 0.0463199 0.275 2
-0.0649797 0.046425 0.273909 2
-0.00390653 0.0464634 0.2735 2
-0.0663225 0.0497056 0.275 2
-0.0648769 0.0495137 0.273933 2
-0.00391017 0.0494893 0.2738 2
-0.0643345 0.0525941 0.273769 2
-0.0628765 0.0529029 0.273 2
-0.00391259 0.0525014 0.274 2
-0.0642375 0.0554504 0.274286 2
-0.0628765 0.0549789 0.273 2
-0.00435725 0.0553776 0.273875 2
-0.0634042 0.0584544 0.274 2
-0.0068641 0.0594274 0.273 2
-0.00510862 0.0585191 0.2743 2
-0.0636418 0.0616675 0.274167 2
-0.0068641 0.0615033 0.273 2
-0.00511278 0.0615431 0.2745 2
-0.0639678 0.0643015 0.2745 2
-0.0619874 0.0653587 0.273 2
-0.0072377 0.0649154 0.273632 2
-0.00519704 0.0640694 0.274636 2
-0.0636357 0.066435 0.275 2
-0.0616207 0.0676827 0.274 2
-0.0596166 0.0683243 0.273 2
-0.00717927 0.0675721 0.2738 2
-0.00542172 0.0676299 0.275 2
-0.0609841 0.0705162 0.274182 2
-0.0591783 0.0707745 0.273091 2
-0.00717927 0.0705464 0.2738 2
-0.00542172 0.0706173 0.275 2
-0.0611461 0.0734721 0.274909 2
-0.0592952 0.0733242 0.273067 2
-0.00953135 0.0745523 0.273 2
-0.00735924 0.0735509 0.273692 2
-0.00542172 0.073306 0.275 2
-0.0612143 0.0764593 0.275 2
-0.0596166 0.0763316 0.273 2
-0.00953135 0.0766282 0.273 2
-0.00775734 0.0765828 0.27413 2
-0.0605406 0.0794348 0.2745 2
-0.0595375 0.0792901 0.274 2
-0.00953135 0.0795939 0.273 2
-0.00778509 0.0794666 0.2742 2
-0.0605621 0.0824455 0.2746 2
-0.0594506 0.0821452 0.2736 2
-0.00953135 0.0819664 0.273 2
-0.00752843 0.0825 0.274143 2
-0.00542172 0.0831644 0.275 2
-0.00713392 0.0849384 0.273533 2
-0.00475615 0.0857487 0.27413 2
-0.00331381 0.0883542 0.2735 2
-0.00213785 0.0888404 0.275 2
-0.00364645 0.0917107 0.273 2
-0.0014057 0.0915838 0.27452 2
0.00114602 0.0921265 0.275 2
-0.00375229 0.0941998 0.273 2
-0.00117182 0.0944266 0.273571 2
0.00114046 0.0943529 0.273667 2
0.00384675 -0.0253698 0.276 2
0.00264828 -0.0226714 0.276 2
0.00384675 -0.0226714 0.276 2
0.00264828 -0.0196731 0.276 2
0.00384675 -0.0196731 0.276 2
0.00384675 -0.0175744 0.276 2
0.00386069 -0.00951342 0.277 2
0.00264828 -0.00738029 0.276 2
0.00386069 -0.00770795 0.277 2
0.00212095 -0.00482455 0.276556 2
0.00386069 -0.00469883 0.277 2
0.00230723 -0.00177078 0.276143 2
0.00386998 -0.00229633 0.277667 2
0.00245013 0.00151604 0.276167 2
0.00387463 0.00192816 0.278 2
0.00205576 0.00432448 0.2767 2
0.00387463 0.00434414 0.278 2
0.00180221 0.00709075 0.277429 2
0.00146031 0.0103841 0.278 2
0.00145716 0.0133739 0.2774 2
0.00145506 0.016365 0.277 2
0.00145506 0.0193741 0.277 2
-4.82912e-05 0.0226022 0.276 2
0.00119824 0.0224698 0.277 2
-4.83962e-05 0.025357 0.2766 2
0.00111102 0.0252493 0.277461 2
-0.000601529 0.0285391 0.276538 2
0.000553741 0.0284438 0.2774 2
-0.000800255 0.0312785 0.277167 2
0.000554939 0.030618 0.278 2
-0.000692881 0.0345415 0.277286 2
0.000554939 0.0348459 0.278 2
-0.000647647 0.0373838 0.276667 2
0.000554939 0.0375639 0.278 2
-0.00124871 0.0405047 0.276778 2
0.000554939 0.0396779 0.278 2
-0.0015481 0.0433686 0.2765 2
-0.067707 0.0473589 0.277 2
-0.00154844 0.0463895 0.2766 2
-0.0674625 0.0492867 0.276 2
-0.00154982 0.0494652 0.277 2
-0.0674152 0.0525348 0.276857 2
-0.0659644 0.0525847 0.276 2
-0.00141178 0.0524329 0.276636 2
0.000554939 0.0529658 0.278 2
-0.067269 0.055642 0.277474 2
-0.0659644 0.0540839 0.276 2
-0.0033441 0.0561826 0.276 2
-0.00155258 0.0555444 0.2773 2
-0.0672758 0.0586407 0.2777 2
-0.0650656 0.0582814 0.276 2
-0.0033441 0.0582814 0.276 2
-0.0021534 0.0584926 0.277 2
-0.0669857 0.0613033 0.277125 2
-0.0650656 0.0612797 0.276 2
-0.0033441 0.0612797 0.276 2
-0.00215339 0.0615017 0.277 2
-0.0665637 0.0639781 0.276 2
-0.0657076 0.0646206 0.276 2
-0.00368998 0.0646024 0.276286 2
-0.00215962 0.064698 0.2778 2
-0.0663468 0.0676675 0.2776 2
-0.064734 0.0676243 0.2765 2
-0.00394939 0.0673981 0.2765 2
-0.00216117 0.0668577 0.278 2
-0.0664424 0.0695757 0.278 2
-0.0644995 0.0704241 0.277429 2
-0.0626686 0.0705743 0.276 2
-0.00394939 0.0704018 0.2765 2
-0.063913 0.0733706 0.2775 2
-0.0626686 0.0732727 0.276 2
-0.00401665 0.0732867 0.276556 2
-0.0637694 0.0760471 0.278 2
-0.0624594 0.0763828 0.2764 2
-0.00604067 0.076271 0.276 2
-0.00425923 0.076361 0.2772 2
-0.0637263 0.0804476 0.278 2
-0.0622943 0.0795564 0.277 2
-0.00604067 0.0792692 0.276 2
-0.00425923 0.0793723 0.2772 2
-0.0637263 0.0816556 0.278 2
-0.0620694 0.0819677 0.276 2
-0.00604067 0.0816678 0.276 2
-0.00408424 0.0822645 0.27672 2
-0.00216117 0.0834676 0.278 2
-0.00374763 0.0848679 0.276333 2
-0.00160932 0.0855771 0.277545 2
-0.000917942 0.0881842 0.2766 2
0.00169465 0.0883328 0.2775 2
-0.000407835 0.0904227 0.276 2
0.00115135 0.0907351 0.276222 2
0.00267707 0.00799678 0.279 2
0.00389135 0.00739678 0.2792 2
0.00268474 0.0104522 0.2798 2
0.00390251 0.0104588 0.28 2
0.00267707 0.0134523 0.279 2
0.00410819 0.0137121 0.280167 2
0.00267707 0.0164831 0.279 2
0.00451957 0.0165718 0.2805 2
0.00267706 0.019514 0.279 2
0.00451817 0.0196115 0.2804 2
0.0026809 0.0225785 0.2794 2
0.00421452 0.0219051 0.2805 2
0.00231682 0.0257449 0.280111 2
0.0030013 0.0263695 0.281 2
0.00173003 0.0285779 0.279571 2
0.0030013 0.0285063 0.281 2
-4.88161e-05 0.0322435 0.279 2
0.00147204 0.0316355 0.28 2
0.0030013 0.0306431 0.281 2
-4.88161e-05 0.0334559 0.279 2
0.00136927 0.0343736 0.279889 2
0.00147082 0.0372258 0.28 2
-4.88161e-05 0.0413361 0.279 2
0.00126154 0.0405594 0.280077 2
-4.88161e-05 0.0437607 0.279 2
0.00116969 0.0435628 0.280333 2
-4.88161e-05 0.0464885 0.279 2
0.00110841 0.046139 0.2802 2
-4.88861e-05 0.0492872 0.2794 2
0.00105864 0.049774 0.280273 2
-4.88161e-05 0.0516409 0.279 2
0.00126073 0.0522794 0.279923 2
-4.88511e-05 0.0553184 0.2792 2
0.00112271 0.0553495 0.280308 2
-0.000608039 0.0585757 0.279385 2
0.000558931 0.0585178 0.28 2
-0.000654626 0.0614129 0.279333 2
0.000558931 0.0615595 0.28 2
-0.000698426 0.0644487 0.279714 2
0.000560927 0.0645266 0.281 2
-0.00114893 0.0676492 0.279875 2
0.000560927 0.0663581 0.281 2
-0.0663785 0.0710383 0.279 2
-0.0654699 0.0716445 0.279 2
-0.00163355 0.0705208 0.279889 2
-0.0665689 0.0736745 0.2798 2
-0.0652007 0.0735977 0.279 2
-0.00151031 0.073464 0.279636 2
-0.0666759 0.0765329 0.28025 2
-0.0650819 0.0768341 0.2795 2
-0.00163241 0.0765112 0.279556 2
-0.0668544 0.0794842 0.281 2
-0.0647324 0.0795161 0.279444 2
-0.00150316 0.0794937 0.280556 2
-0.0651671 0.0813432 0.279 2
-0.00128584 0.0823612 0.279769 2
0.00129264 0.083149 0.2808 2
0.0030013 0.0834526 0.281 2
-0.000276017 0.0851313 0.27925 2
0.00177055 0.0853837 0.279333 2
0.00393038 -0.000801187 0.282 2
0.00393038 0.000424185 0.282 2
0.00486249 0.023001 0.28275 2
0.00455457 0.0253013 0.2827 2
0.00455875 0.0284018 0.283 2
0.00239972 0.0322839 0.282 2
0.00441814 0.0315495 0.282909 2
0.00239972 0.0344283 0.282 2
0.0042549 0.0345659 0.28312 2
0.00239972 0.0374917 0.282 2
0.0040853 0.037518 0.283524 2
0.00240823 0.040699 0.283 2
0.00328997 0.0403875 0.283286 2
0.00240823 0.0434658 0.283 2
0.00302266 0.0434658 0.283 2
0.00199722 0.0468595 0.282667 2
0.0030248 0.0462662 0.2832 2
0.002001 0.0491902 0.283111 2
0.00303334 0.0494812 0.284 2
0.00240483 0.0523068 0.2826 2
0.00301839 0.0523068 0.2826 2
0.00240823 0.0554556 0.283 2
0.00302266 0.0554556 0.283 2
0.00179313 0.058461 0.282667 2
0.00303334 0.0587367 0.284 2
0.00174858 0.0614227 0.282571 2
0.00303334 0.0615133 0.284 2
0.00179453 0.0644584 0.282933 2
0.00303334 0.06429 0.284 2
-4.9341e-05 0.068126 0.282 2
0.00133318 0.0675068 0.282833 2
0.00303334 0.0661411 0.284 2
-4.9411e-05 0.0706773 0.2824 2
0.00118246 0.0705326 0.283467 2
-4.9341e-05 0.0736402 0.282 2
0.00118149 0.0735419 0.2832 2
-4.9341e-05 0.0767037 0.282 2
0.00132434 0.0766023 0.282824 2
0.00364995 0.0775562 0.284 2
-4.9341e-05 0.0797671 0.282 2
0.00152539 0.0797104 0.282652 2
0.00355254 0.0794499 0.283214 2
-4.9341e-05 0.0816052 0.282 2
0.001665 0.0821566 0.282 2
0.00301198 0.0822178 0.282 2
0.00520975 0.0385098 0.285 2
0.00474567 0.0405996 0.285 2
0.00459097 0.0434634 0.285 2
0.0045928 0.0465762 0.2851 2
0.00460533 0.0494978 0.285875 2
0.00454429 0.0524005 0.285546 2
0.00467142 0.0554956 0.285667 2
0.00649255 0.056863 0.287 2
0.00461439 0.0586113 0.2864 2
0.00649255 0.0581101 0.287 2
0.00454621 0.0615931 0.286444 2
0.00445869 0.06436 0.286375 2
0.00242525 0.067922 0.285 2
0.00367441 0.0677065 0.285833 2
0.0024295 0.0705234 0.2855 2
0.00361979 0.0701839 0.2864 2
0.00243376 0.073442 0.286 2
0.00305471 0.073442 0.286 2
0.00242525 0.0759716 0.285 2
0.004381 0.0763535 0.285909 2
0.00649255 0.0758813 0.287 2
0.00520975 0.0781389 0.285 2
0.00651517 0.059564 0.288 2
0.00651517 0.0614411 0.288 2
0.00526458 0.0655084 0.288 2
0.00651517 0.0645698 0.288 2
0.00526458 0.0673855 0.288 2
0.00652648 0.0675036 0.2885 2
0.00507444 0.0706543 0.289 2
0.00655137 0.0705926 0.2896 2
0.00465026 0.0734816 0.2886 2
0.00655589 0.0737873 0.2898 2
0.00463929 0.075207 0.288 2
0.00653779 0.0754682 0.289 2
