-0.0338005 -0.073311 0.242 2
-0.0315675 -0.0735082 0.242 2
-0.0289632 -0.073691 0.242 2
-0.0339318 -0.071405 0.242 2
-0.0315675 -0.071405 0.242 2
-0.029676 -0.0716153 0.242 2
-0.0230873 -0.0751759 0.244 2
-0.046321 -0.0733548 0.245 2
-0.0435271 -0.073243 0.243952 2
-0.0404305 -0.0730697 0.243167 2
-0.037426 -0.0734725 0.243 2
-0.0356548 -0.0735479 0.243 2
-0.0278993 -0.0729144 0.243 2
-0.0256306 -0.0735479 0.243 2
-0.0226024 -0.0734698 0.2445 2
-0.0205222 -0.0741533 0.245 2
-0.0484487 -0.0696287 0.245 2
-0.046466 -0.0703546 0.245 2
-0.0435242 -0.070544 0.244129 2
-0.0404868 -0.0705241 0.2435 2
-0.037512 -0.0703998 0.243067 2
-0.0347504 -0.0700785 0.243 2
-0.0314341 -0.0698522 0.243 2
-0.0284659 -0.0703943 0.243281 2
-0.0256169 -0.0706204 0.243618 2
-0.0227467 -0.0706512 0.244625 2
-0.0484487 -0.0680318 0.245 2
-0.0464919 -0.0675565 0.245 2
-0.0433789 -0.0675633 0.244812 2
-0.0404249 -0.0675894 0.244125 2
-0.0374033 -0.0675117 0.244083 2
-0.034482 -0.0674981 0.244033 2
-0.0315528 -0.0674656 0.243917 2
-0.028388 -0.0674966 0.244028 2
-0.0254886 -0.0675343 0.244167 2
-0.0232039 -0.0675684 0.244727 2
-0.045985 -0.0649221 0.245 2
-0.0435341 -0.064672 0.244937 2
-0.0404347 -0.0645344 0.244074 2
-0.0373769 -0.0645736 0.244194 2
-0.0345403 -0.0645529 0.244154 2
-0.0315635 -0.0645734 0.244 2
-0.0284417 -0.0645176 0.2445 2
-0.0257276 -0.0649902 0.245 2
-0.0234479 -0.0655034 0.245 2
-0.045523 -0.0621766 0.245 2
-0.0435793 -0.0613672 0.244533 2
-0.0405694 -0.0616577 0.244 2
-0.0374101 -0.061555 0.244316 2
-0.0343921 -0.0613911 0.244513 2
-0.031561 -0.0616493 0.244526 2
-0.0292058 -0.0621019 0.244857 2
-0.0430168 -0.0585493 0.244909 2
-0.0404555 -0.0586168 0.244312 2
-0.0375785 -0.0585368 0.244758 2
-0.0343525 -0.0584505 0.245 2
-0.0315719 -0.0584263 0.245 2
-0.0298311 -0.0581843 0.245 2
-0.0426861 -0.055789 0.245 2
-0.0404697 -0.0555228 0.245 2
-0.0375441 -0.0555229 0.245 2
-0.0343525 -0.0555229 0.245 2
-0.0317412 -0.0556438 0.245 2
-0.0423314 -0.0536598 0.245 2
-0.0404697 -0.0525952 0.245 2
-0.0375441 -0.0525952 0.245 2
-0.0343525 -0.0528855 0.245 2
-0.0322248 -0.0531275 0.245 2
-0.0399378 -0.0507322 0.245 2
-0.0386079 -0.0507322 0.245 2
-0.0164203 -0.0751282 0.247333 2
-0.0525084 -0.0731635 0.247556 2
-0.0493747 -0.0732655 0.246 2
-0.019409 -0.0732717 0.246062 2
-0.0163779 -0.0734189 0.247647 2
-0.0523785 -0.0704726 0.247455 2
-0.0498394 -0.0705345 0.246308 2
-0.0216742 -0.0696457 0.246 2
-0.0195381 -0.0704928 0.246824 2
-0.0166049 -0.0706415 0.247933 2
-0.0524341 -0.0677334 0.248 2
-0.0496879 -0.0673574 0.246429 2
-0.0216743 -0.0675078 0.246 2
-0.0196374 -0.067499 0.247278 2
-0.0172736 -0.0684608 0.248 2
-0.0515547 -0.0649136 0.248 2
-0.0494659 -0.0646465 0.247161 2
-0.0470927 -0.0642281 0.246 2
-0.0272823 -0.0634993 0.246 2
-0.0250124 -0.0639002 0.246 2
-0.0223399 -0.0644169 0.24616 2
-0.0197325 -0.0645573 0.247625 2
-0.0491446 -0.061731 0.2477 2
-0.0468329 -0.061352 0.246444 2
-0.0304869 -0.0602925 0.246 2
-0.0282344 -0.0612452 0.246 2
-0.0254251 -0.0615084 0.246439 2
-0.0223639 -0.061499 0.247051 2
-0.0196293 -0.0617929 0.248 2
-0.0492214 -0.0581912 0.248 2
-0.0466417 -0.0583971 0.246786 2
-0.0446406 -0.0581546 0.246 2
-0.0304869 -0.0584218 0.246 2
-0.0285455 -0.0584355 0.246059 2
-0.0254807 -0.0582884 0.246971 2
-0.0223455 -0.0582456 0.247528 2
-0.0199995 -0.0585264 0.248 2
-0.0495491 -0.0553586 0.24784 2
-0.0466645 -0.0554219 0.246704 2
-0.0442401 -0.0552818 0.246 2
-0.0307158 -0.0551768 0.246 2
-0.0286064 -0.0554589 0.246545 2
-0.0256604 -0.0554729 0.247697 2
-0.022688 -0.0558136 0.248 2
-0.0205043 -0.0564721 0.248 2
-0.048965 -0.0527389 0.248 2
-0.0467081 -0.052575 0.247143 2
-0.0436353 -0.052464 0.246 2
-0.0414361 -0.0512064 0.246 2
-0.0371633 -0.0512064 0.246 2
-0.0344927 -0.0516645 0.246 2
-0.0313548 -0.0523422 0.246 2
-0.0287418 -0.0525177 0.246455 2
-0.0255316 -0.0525598 0.247581 2
-0.0227824 -0.0522652 0.248 2
-0.0490419 -0.0494675 0.248 2
-0.046545 -0.0494501 0.247156 2
-0.043541 -0.0495313 0.246161 2
-0.04045 -0.0494386 0.246 2
-0.0373858 -0.0495585 0.246 2
-0.0344927 -0.049603 0.246 2
-0.0314653 -0.0494987 0.246074 2
-0.0286714 -0.0495341 0.2468 2
-0.0255573 -0.0495038 0.247029 2
-0.0226428 -0.0494358 0.24784 2
-0.0490419 -0.046504 0.248 2
-0.0465508 -0.0464836 0.247243 2
-0.0433451 -0.0466197 0.246556 2
-0.0404306 -0.0467365 0.246389 2
-0.0375317 -0.0467884 0.246667 2
-0.0345165 -0.0466943 0.246167 2
-0.0314095 -0.0466732 0.246471 2
-0.0284658 -0.0465848 0.247 2
-0.0255162 -0.0465848 0.247 2
-0.0226045 -0.0465179 0.247828 2
-0.0487343 -0.0438484 0.248 2
-0.0464447 -0.0435911 0.247455 2
-0.0433415 -0.0434919 0.2462 2
-0.0404033 -0.0434956 0.246222 2
-0.0375725 -0.0436218 0.246933 2
-0.0345246 -0.0434967 0.246222 2
-0.0313432 -0.0435351 0.246444 2
-0.0284658 -0.0436332 0.247 2
-0.0255525 -0.0436961 0.247361 2
-0.022874 -0.0437282 0.247955 2
-0.0460943 -0.0407307 0.247708 2
-0.0434115 -0.0403467 0.2466 2
-0.0405085 -0.0403901 0.246861 2
-0.0375328 -0.0403585 0.246667 2
-0.0344461 -0.040347 0.246118 2
-0.031408 -0.040404 0.246944 2
-0.0285308 -0.0405046 0.247567 2
-0.0257811 -0.0407367 0.247968 2
-0.0234119 -0.0416008 0.248 2
-0.0455959 -0.0383679 0.248 2
-0.0434925 -0.0375134 0.247741 2
-0.0405299 -0.0376054 0.247571 2
-0.0375824 -0.0374619 0.247 2
-0.0346819 -0.0375428 0.246875 2
-0.031465 -0.0375218 0.2474 2
-0.028581 -0.0376135 0.248 2
-0.0264272 -0.0376135 0.248 2
-0.0426703 -0.0353685 0.248 2
-0.0404268 -0.03465 0.248 2
-0.0376341 -0.0345563 0.247333 2
-0.034648 -0.0345253 0.247111 2
-0.0315425 -0.03465 0.248 2
-0.028581 -0.03465 0.248 2
-0.0269657 -0.0349194 0.248 2
-0.0425806 -0.0311477 0.248 2
-0.0404268 -0.0314171 0.248 2
-0.0375445 -0.0313537 0.248 2
-0.0345693 -0.0314517 0.24775 2
-0.0315425 -0.0314171 0.248 2
-0.0286181 -0.0314636 0.248 2
-0.04279 -0.0285734 0.248 2
-0.0404268 -0.0284536 0.248 2
-0.0375118 -0.0284908 0.248 2
-0.0344366 -0.0288578 0.248 2
-0.0316501 -0.0288847 0.248 2
-0.0291194 -0.0289925 0.248 2
-0.0423113 -0.0268372 0.248 2
-0.0402249 -0.0256922 0.248 2
-0.0377346 -0.0254902 0.248 2
-0.0397089 -0.0234247 0.248 2
-0.038273 -0.0233349 0.248 2
-0.0138293 -0.0753639 0.249 2
-0.0109431 -0.0751513 0.251 2
-0.0584263 -0.0729623 0.2506 2
-0.0552066 -0.0730544 0.249222 2
-0.013529 -0.0734759 0.249231 2
-0.0117592 -0.0735036 0.250455 2
-0.0585937 -0.0704662 0.250686 2
-0.0552035 -0.0705162 0.249241 2
-0.0154511 -0.0694131 0.249 2
-0.0134576 -0.0704221 0.249344 2
-0.0116538 -0.0706939 0.250667 2
-0.0581391 -0.0675762 0.250783 2
-0.0553963 -0.0675288 0.249679 2
-0.0532943 -0.0667081 0.249 2
-0.016366 -0.0673947 0.249 2
-0.0134688 -0.0675677 0.250091 2
-0.0114881 -0.0680619 0.251 2
-0.0578096 -0.0645172 0.251 2
-0.0554059 -0.0646074 0.250071 2
-0.0527923 -0.0642737 0.249 2
-0.0508615 -0.0631917 0.249 2
-0.0165496 -0.0646158 0.249278 2
-0.0141427 -0.0645263 0.250375 2
-0.0576279 -0.0618815 0.251 2
-0.0554096 -0.0615398 0.250172 2
-0.0526227 -0.0615393 0.24937 2
-0.0505011 -0.061208 0.249 2
-0.0186948 -0.0610277 0.249 2
-0.0164881 -0.0615596 0.249375 2
-0.0142313 -0.0616514 0.250765 2
-0.0577317 -0.0585186 0.251 2
-0.055502 -0.0585481 0.250231 2
-0.0524713 -0.0585473 0.249214 2
-0.0506212 -0.058984 0.249 2
-0.0188493 -0.0584001 0.249 2
-0.0165934 -0.0586015 0.2496 2
-0.0142128 -0.0585186 0.251 2
-0.0572646 -0.0555192 0.251 2
-0.0554403 -0.055591 0.25031 2
-0.0524834 -0.0556178 0.249 2
-0.0220286 -0.0549867 0.249 2
-0.0194607 -0.0555727 0.249 2
-0.0166378 -0.0555361 0.250029 2
-0.0143945 -0.0558828 0.251 2
-0.0552482 -0.0525859 0.250727 2
-0.0525828 -0.0527404 0.249467 2
-0.0503209 -0.0523719 0.249 2
-0.021452 -0.0530752 0.249 2
-0.0195158 -0.05267 0.249133 2
-0.0166851 -0.0525632 0.250697 2
-0.0147578 -0.0530652 0.251 2
-0.0548123 -0.0495205 0.251 2
-0.0526952 -0.049594 0.25 2
-0.0505912 -0.0493964 0.249 2
-0.0211276 -0.0493965 0.249 2
-0.0195384 -0.0494822 0.249433 2
-0.0167416 -0.0495718 0.2508 2
-0.0147578 -0.0497932 0.251 2
-0.0550167 -0.0463849 0.251 2
-0.0527377 -0.046545 0.25 2
-0.0505912 -0.046421 0.249 2
-0.0211276 -0.046421 0.249 2
-0.0195515 -0.0465329 0.2496 2
-0.0170879 -0.0467533 0.250783 2
-0.0549031 -0.0438854 0.251 2
-0.0525415 -0.0435277 0.250156 2
-0.0498607 -0.0433284 0.249143 2
-0.021488 -0.0430849 0.249 2
-0.0193905 -0.0435551 0.25 2
-0.0173344 -0.0437193 0.250833 2
-0.0545398 -0.0405225 0.251 2
-0.0525869 -0.0404864 0.250778 2
-0.0494119 -0.0403881 0.249571 2
-0.0473475 -0.0399291 0.249 2
-0.0246957 -0.0397128 0.249 2
-0.0223399 -0.0403503 0.249267 2
-0.0193628 -0.0404687 0.250667 2
-0.0545398 -0.0383412 0.251 2
-0.0524432 -0.0375561 0.250815 2
-0.0493627 -0.0374829 0.249926 2
-0.046688 -0.0372891 0.249 2
-0.0446444 -0.0361422 0.249 2
-0.0250471 -0.0373595 0.249 2
-0.022568 -0.0374591 0.249294 2
-0.0197492 -0.0373561 0.250545 2
-0.0519021 -0.0348033 0.250833 2
-0.0494576 -0.0343997 0.2501 2
-0.0466624 -0.034394 0.249357 2
-0.0438581 -0.0342734 0.249 2
-0.0270744 -0.0334373 0.249 2
-0.0254525 -0.0345193 0.249 2
-0.0224438 -0.0344694 0.249375 2
-0.0193628 -0.034478 0.250667 2
-0.0512701 -0.0320698 0.251 2
-0.0494556 -0.0315404 0.250565 2
-0.0465816 -0.0314633 0.249556 2
-0.0442119 -0.0317602 0.249 2
-0.0271516 -0.0313506 0.249 2
-0.0254525 -0.0315438 0.249 2
-0.0225895 -0.0315301 0.249529 2
-0.0196352 -0.0316186 0.250667 2
-0.049054 -0.0286615 0.250647 2
-0.0467161 -0.0284675 0.249643 2
-0.0444642 -0.0283881 0.249 2
-0.0362649 -0.0274864 0.249 2
-0.034589 -0.027811 0.249 2
-0.0312792 -0.0277268 0.249 2
-0.0280784 -0.0283365 0.249 2
-0.025335 -0.0283406 0.249688 2
-0.0225568 -0.0286394 0.250548 2
-0.0202074 -0.0294795 0.251 2
-0.0485842 -0.0257596 0.251 2
-0.046298 -0.0254909 0.249739 2
-0.0435932 -0.0255549 0.24903 2
-0.0414007 -0.0247814 0.249 2
-0.0362649 -0.0255929 0.249 2
-0.0343727 -0.0255929 0.249 2
-0.0313993 -0.0255929 0.249 2
-0.028438 -0.0256041 0.249111 2
-0.0253613 -0.0255122 0.250355 2
-0.0229322 -0.0255258 0.251 2
-0.0482728 -0.0227992 0.251 2
-0.0462434 -0.0224663 0.250333 2
-0.0434266 -0.0224148 0.249767 2
-0.0407752 -0.0223838 0.249167 2
-0.0374137 -0.0224146 0.249 2
-0.0343727 -0.0226175 0.249 2
-0.0313993 -0.0226175 0.249 2
-0.0284576 -0.0224416 0.249629 2
-0.0253438 -0.0224911 0.250611 2
-0.0231501 -0.0229628 0.251 2
-0.0460883 -0.0196908 0.250895 2
-0.0435438 -0.0194825 0.25044 2
-0.0405797 -0.0195497 0.249621 2
-0.0375903 -0.0196872 0.249086 2
-0.0344193 -0.0196671 0.249333 2
-0.0314366 -0.0196648 0.2493 2
-0.0285905 -0.0195065 0.250065 2
-0.0253774 -0.0195218 0.250933 2
-0.0232436 -0.0192155 0.251 2
-0.0458205 -0.0168005 0.251 2
-0.0433682 -0.0165278 0.251 2
-0.0402996 -0.0165201 0.250226 2
-0.037476 -0.0164525 0.249867 2
-0.0345108 -0.016462 0.25 2
-0.0315254 -0.016462 0.25 2
-0.0285584 -0.0164725 0.250167 2
-0.0253786 -0.016524 0.250944 2
-0.0229662 -0.0166982 0.251 2
-0.0452755 -0.0132558 0.251 2
-0.0433212 -0.0134909 0.251 2
-0.0402819 -0.0134988 0.25044 2
-0.0374961 -0.0134746 0.25 2
-0.0345286 -0.0134813 0.250133 2
-0.0313692 -0.0134656 0.250552 2
-0.0284311 -0.0135637 0.250885 2
-0.0259295 -0.0139959 0.251 2
-0.0234771 -0.0146191 0.251 2
-0.0452755 -0.0110745 0.251 2
-0.043288 -0.0105933 0.251 2
-0.0403073 -0.0105112 0.2506 2
-0.0373741 -0.0104415 0.250471 2
-0.0344607 -0.0105915 0.250875 2
-0.0317424 -0.0107109 0.251 2
-0.0291992 -0.0116198 0.251 2
-0.0430957 -0.0075298 0.251 2
-0.0403709 -0.00752979 0.251 2
-0.0376461 -0.00766613 0.251 2
-0.0341856 -0.00772066 0.251 2
-0.031924 -0.00752979 0.251 2
-0.04294 -0.00495893 0.251 2
-0.0405266 -0.00495893 0.251 2
-0.038191 -0.00548479 0.251 2
-0.0335589 -0.00589379 0.251 2
-0.031924 -0.00589379 0.251 2
-0.00963795 -0.0753256 0.2525 2
-0.00859226 -0.0757736 0.254 2
-0.0634886 -0.0727268 0.253 2
-0.0614489 -0.0728395 0.252 2
-0.0102331 -0.0735421 0.252455 2
-0.00859227 -0.0735661 0.254 2
-0.063614 -0.0706659 0.2535 2
-0.0617132 -0.0704489 0.252273 2
-0.0101371 -0.0705258 0.252545 2
-0.00859227 -0.070531 0.254 2
-0.0637395 -0.0688754 0.254 2
-0.0615681 -0.0675582 0.253 2
-0.0594624 -0.0669096 0.252 2
-0.0124093 -0.0664716 0.252 2
-0.0103557 -0.0674322 0.252963 2
-0.0611434 -0.0645506 0.25295 2
-0.0594077 -0.0645005 0.252 2
-0.0126089 -0.0644772 0.252313 2
-0.0107123 -0.0645253 0.253625 2
-0.0613637 -0.0615154 0.253474 2
-0.05897 -0.0612703 0.252 2
-0.0126744 -0.0614802 0.252294 2
-0.0106015 -0.0616086 0.2538 2
-0.0608221 -0.0585107 0.253333 2
-0.0593187 -0.0581516 0.252286 2
-0.0126119 -0.0584619 0.252375 2
-0.0110912 -0.0584071 0.253625 2
-0.0606276 -0.0558675 0.254 2
-0.0587551 -0.0555155 0.2526 2
-0.0569456 -0.0540979 0.252 2
-0.0130973 -0.0552805 0.2522 2
-0.0110586 -0.055558 0.253667 2
-0.0601549 -0.0534235 0.254 2
-0.0583089 -0.0523917 0.252956 2
-0.056672 -0.0522729 0.252 2
-0.0153637 -0.0516341 0.252 2
-0.0132696 -0.052402 0.2528 2
-0.0114186 -0.0529407 0.254 2
-0.0603913 -0.0492452 0.254 2
-0.0584422 -0.0494584 0.253091 2
-0.0562891 -0.0492798 0.252 2
-0.0153637 -0.048349 0.252 2
-0.0133792 -0.0493615 0.25269 2
-0.0116254 -0.0495606 0.254 2
-0.0603913 -0.0471167 0.254 2
-0.0584233 -0.0465176 0.253385 2
-0.0563985 -0.0467457 0.252 2
-0.0158114 -0.0461342 0.252 2
-0.0135138 -0.0465628 0.253097 2
-0.0116254 -0.0470772 0.254 2
-0.0583094 -0.0436137 0.253588 2
-0.0561969 -0.0431189 0.252 2
-0.0160629 -0.0433274 0.25225 2
-0.0138518 -0.0435505 0.253321 2
-0.0582112 -0.040456 0.253368 2
-0.0560196 -0.0405347 0.252176 2
-0.0164702 -0.0404423 0.2522 2
-0.0135204 -0.0405378 0.253367 2
-0.0116254 -0.0401791 0.254 2
-0.0581402 -0.0376074 0.253409 2
-0.055528 -0.0372945 0.252185 2
-0.0183729 -0.0379464 0.252 2
-0.0164873 -0.0374676 0.252467 2
-0.0136438 -0.0376214 0.253333 2
-0.0116254 -0.0379717 0.254 2
-0.0576833 -0.0347982 0.2538 2
-0.0555671 -0.0344597 0.253 2
-0.0532069 -0.0342051 0.252 2
-0.0164702 -0.0344149 0.2522 2
-0.0141931 -0.0345666 0.253737 2
-0.0573976 -0.0313494 0.254 2
-0.0555933 -0.0314992 0.253733 2
-0.052782 -0.0314097 0.252615 2
-0.0509272 -0.0305551 0.252 2
-0.0183729 -0.0308288 0.252 2
-0.016504 -0.0314674 0.252733 2
-0.0144099 -0.0314368 0.253875 2
-0.0573976 -0.029142 0.254 2
-0.0553689 -0.0286493 0.254 2
-0.0523091 -0.0284504 0.253167 2
-0.0502433 -0.0283651 0.252 2
-0.0216557 -0.0272701 0.252 2
-0.0192989 -0.0282387 0.252 2
-0.0165406 -0.0285088 0.25328 2
-0.0149342 -0.0285902 0.254 2
-0.0548909 -0.025555 0.254 2
-0.0522701 -0.0254745 0.2532 2
-0.0499324 -0.0253289 0.252 2
-0.0216557 -0.0256275 0.252 2
-0.0194216 -0.025556 0.252312 2
-0.0165612 -0.0255148 0.2536 2
-0.0149342 -0.025555 0.254 2
-0.0546402 -0.0225198 0.254 2
-0.0523873 -0.0223861 0.253304 2
-0.0498353 -0.0225534 0.252136 2
-0.0220935 -0.0223973 0.252 2
-0.0195712 -0.0225824 0.252529 2
-0.0167922 -0.0225635 0.253905 2
-0.0149342 -0.0236235 0.254 2
-0.0545023 -0.0198985 0.254 2
-0.0523871 -0.0194665 0.253767 2
-0.0494364 -0.0194639 0.252464 2
-0.0473709 -0.0190574 0.252 2
-0.0221421 -0.0197266 0.252 2
-0.0194654 -0.0194754 0.252823 2
-0.0169747 -0.0197054 0.254 2
-0.0540887 -0.0164494 0.254 2
-0.0523446 -0.0164215 0.25356 2
-0.0492912 -0.0164636 0.252333 2
-0.0470973 -0.0163199 0.252 2
-0.0449088 -0.0152249 0.252 2
-0.0218121 -0.0163981 0.252 2
-0.0195825 -0.016463 0.252625 2
-0.0168644 -0.0164494 0.254 2
-0.0540887 -0.0147939 0.254 2
-0.0522143 -0.0135361 0.253708 2
-0.0493573 -0.0136013 0.25236 2
-0.0467586 -0.0136345 0.252 2
-0.0449088 -0.0146774 0.252 2
-0.0250069 -0.0131718 0.252 2
-0.0224452 -0.0135452 0.252167 2
-0.0194924 -0.0134504 0.253176 2
-0.0168644 -0.0134142 0.254 2
-0.0518231 -0.0104768 0.253875 2
-0.0494311 -0.0106016 0.252733 2
-0.0467185 -0.0104868 0.252 2
-0.0449088 -0.00947607 0.252 2
-0.0307746 -0.0102061 0.252 2
-0.0283686 -0.0104026 0.252 2
-0.0254856 -0.0105711 0.252 2
-0.0224277 -0.0105278 0.252625 2
-0.0195816 -0.0105329 0.253733 2
-0.0171401 -0.0110689 0.254 2
-0.0513314 -0.00761979 0.254 2
-0.0495371 -0.00759784 0.25328 2
-0.0465953 -0.00756647 0.25224 2
-0.0449088 -0.00755979 0.252 2
-0.0364283 -0.00701229 0.252 2
-0.0352792 -0.00679328 0.252 2
-0.0304098 -0.00755979 0.252 2
-0.0284949 -0.00755979 0.252 2
-0.0255214 -0.00757036 0.252367 2
-0.0223105 -0.0075965 0.253233 2
-0.0200813 -0.00798769 0.254 2
-0.0513314 -0.00596424 0.254 2
-0.0494102 -0.00463467 0.25376 2
-0.0466866 -0.00456138 0.252733 2
-0.0441428 -0.00394625 0.252 2
-0.040167 -0.00354474 0.252 2
-0.037288 -0.00427475 0.252 2
-0.0345719 -0.00445074 0.252 2
-0.0314357 -0.00437741 0.252 2
-0.0285059 -0.00454977 0.2521 2
-0.0255433 -0.00455858 0.252583 2
-0.0225542 -0.00461944 0.253484 2
-0.0204489 -0.00596424 0.254 2
-0.0491255 -0.00164139 0.254 2
-0.0464166 -0.0015635 0.253037 2
-0.0433574 -0.00157977 0.252154 2
-0.0405317 -0.00153722 0.252 2
-0.0375225 -0.00153722 0.252 2
-0.0345133 -0.00153722 0.252 2
-0.0315041 -0.00153722 0.252 2
-0.02858 -0.00154133 0.25276 2
-0.0255931 -0.00154351 0.253067 2
-0.022799 -0.00170591 0.253857 2
-0.0483534 0.00104429 0.254 2
-0.0462958 0.00148459 0.2536 2
-0.0434391 0.00147992 0.253 2
-0.0404179 0.00147992 0.253 2
-0.0373871 0.00147982 0.252933 2
-0.0344877 0.00154743 0.252562 2
-0.0314884 0.00141352 0.252529 2
-0.0286079 0.00147992 0.253 2
-0.0256587 0.00148415 0.253722 2
-0.0234269 0.00104429 0.254 2
-0.0460311 0.00439833 0.254 2
-0.0435567 0.00451596 0.25368 2
-0.0404342 0.00450538 0.2531 2
-0.0373967 0.00450316 0.253 2
-0.0343755 0.00450316 0.253 2
-0.0313544 0.00450316 0.253 2
-0.0286079 0.00450316 0.253 2
-0.0256701 0.00451799 0.253833 2
-0.0237578 0.00452096 0.254 2
-0.0455409 0.00617652 0.254 2
-0.0431972 0.00741819 0.254 2
-0.04053 0.00754727 0.253694 2
-0.0374213 0.00753226 0.253167 2
-0.0344055 0.00753404 0.253222 2
-0.0314492 0.00755026 0.253767 2
-0.0284685 0.00759209 0.253857 2
-0.0255686 0.00716424 0.253958 2
-0.0237578 0.00672837 0.254 2
-0.042959 0.0102903 0.254 2
-0.0405777 0.0105913 0.254 2
-0.0375446 0.0105913 0.254 2
-0.0345115 0.0105913 0.254 2
-0.0314784 0.0105913 0.254 2
-0.0284453 0.00948763 0.254 2
-0.0342118 0.0131586 0.254 2
-0.0315309 0.0131404 0.254 2
-0.0336843 0.0150062 0.254 2
-0.0325813 0.0150062 0.254 2
-0.00698611 -0.0760422 0.255833 2
-0.00534583 -0.0769477 0.257 2
-0.0664646 -0.0727549 0.256 2
-0.0650977 -0.0730247 0.255 2
-0.00693769 -0.0736882 0.255909 2
-0.0666724 -0.0707497 0.2568 2
-0.0652679 -0.0707146 0.255667 2
-0.00712294 -0.0704858 0.256154 2
-0.0646367 -0.0676399 0.2558 2
-0.00761783 -0.0674714 0.255933 2
-0.0639813 -0.0644279 0.256067 2
-0.0626063 -0.0641603 0.255 2
-0.00973338 -0.0649914 0.255 2
-0.00761294 -0.0645001 0.255938 2
-0.0634077 -0.061631 0.256 2
-0.0623295 -0.0602822 0.255 2
-0.00973338 -0.0605592 0.255 2
-0.00770734 -0.0616477 0.256071 2
-0.0637056 -0.0584861 0.256182 2
-0.0623295 -0.0586201 0.255 2
-0.00973338 -0.0586201 0.255 2
-0.00816804 -0.058549 0.256455 2
-0.0636553 -0.0557296 0.257 2
-0.0619479 -0.0554672 0.255526 2
-0.00974283 -0.0556263 0.25525 2
-0.0084063 -0.0556746 0.25675 2
-0.0630974 -0.0523794 0.257 2
-0.0615831 -0.0525073 0.256111 2
-0.0598381 -0.0519718 0.255 2
-0.0102575 -0.0524865 0.255545 2
-0.0083749 -0.0521401 0.257 2
-0.0637669 -0.0491409 0.257 2
-0.0619358 -0.0496411 0.255588 2
-0.0103547 -0.0494405 0.255455 2
-0.0083749 -0.0498269 0.257 2
-0.0630974 -0.0453998 0.257 2
-0.0618459 -0.0464727 0.255667 2
-0.0598381 -0.0453235 0.255 2
-0.0122248 -0.0456005 0.255 2
-0.0103856 -0.0463587 0.25575 2
-0.00869375 -0.0465165 0.257 2
-0.0630974 -0.0434455 0.257 2
-0.0614638 -0.043554 0.256 2
-0.0598381 -0.0436614 0.255 2
-0.0122248 -0.0436614 0.255 2
-0.0106019 -0.0436037 0.25596 2
-0.00869375 -0.0434455 0.257 2
-0.0630974 -0.0406536 0.257 2
-0.0614129 -0.0405671 0.255952 2
-0.0598381 -0.0406143 0.255 2
-0.0122248 -0.0419993 0.255 2
-0.0104119 -0.0406228 0.255435 2
-0.00869375 -0.0409328 0.257 2
-0.0630974 -0.038141 0.257 2
-0.0614421 -0.0375699 0.256227 2
-0.0596167 -0.0371239 0.255 2
-0.0122248 -0.0367361 0.255 2
-0.0104421 -0.0374267 0.256231 2
-0.0608987 -0.0344668 0.256667 2
-0.0589966 -0.0344148 0.25525 2
-0.0127528 -0.0343716 0.255188 2
-0.0112138 -0.0345395 0.256437 2
-0.0608292 -0.0314863 0.256706 2
-0.0588083 -0.031514 0.255333 2
-0.0127944 -0.031514 0.255333 2
-0.0111584 -0.0314863 0.256706 2
-0.0607426 -0.0284324 0.256625 2
-0.0584429 -0.0282458 0.25525 2
-0.0562394 -0.0270407 0.255 2
-0.0133416 -0.028448 0.2552 2
-0.0112224 -0.0284324 0.256625 2
-0.060513 -0.0258819 0.256857 2
-0.0583342 -0.0254457 0.25568 2
-0.0562395 -0.0251939 0.255 2
-0.0133457 -0.0254061 0.25528 2
-0.0111894 -0.0255445 0.256667 2
-0.0603074 -0.0236234 0.257 2
-0.0582182 -0.0224968 0.255923 2
-0.0562394 -0.0226085 0.255 2
-0.0155466 -0.0223315 0.255 2
-0.0135739 -0.0224102 0.255912 2
-0.0115477 -0.0228439 0.256875 2
-0.0582421 -0.0193977 0.2565 2
-0.0558704 -0.0192843 0.255 2
-0.0158788 -0.0191181 0.255 2
-0.0139272 -0.0194768 0.256185 2
-0.0117627 -0.0205523 0.257 2
-0.0581676 -0.0167318 0.256444 2
-0.0556858 -0.0165142 0.255 2
-0.0155466 -0.0165142 0.255 2
-0.0139489 -0.0165919 0.2562 2
-0.057759 -0.013563 0.256833 2
-0.0555381 -0.0134404 0.255414 2
-0.0536373 -0.0130792 0.255 2
-0.0155466 -0.0134671 0.255 2
-0.0139489 -0.0135304 0.2562 2
-0.0577965 -0.0105016 0.257 2
-0.0555837 -0.0104526 0.2558 2
-0.0534712 -0.0104199 0.255 2
-0.0161495 -0.0101185 0.255381 2
-0.0139155 -0.0107538 0.256765 2
-0.0557003 -0.00741104 0.256333 2
-0.053006 -0.00750316 0.255182 2
-0.0190069 -0.00744203 0.255 2
-0.0164608 -0.00741036 0.256333 2
-0.0142736 -0.00854734 0.257 2
-0.0552572 -0.00435687 0.256867 2
-0.0527131 -0.00445598 0.255444 2
-0.0509798 -0.00432564 0.255 2
-0.0210831 -0.00432564 0.255 2
-0.0194091 -0.00456074 0.255345 2
-0.0164827 -0.00435391 0.256667 2
-0.0549667 -0.00188679 0.257 2
-0.0528068 -0.0015604 0.2558 2
-0.0506107 -0.00118617 0.255 2
-0.0214522 -0.00118617 0.255 2
-0.0194513 -0.00155796 0.2554 2
-0.0164827 -0.00156569 0.256667 2
-0.0543556 0.00150332 0.257 2
-0.0525184 0.0014998 0.2562 2
-0.0498579 0.00159421 0.255182 2
-0.022069 0.00166287 0.255077 2
-0.0194773 0.00149678 0.255733 2
-0.0164827 0.00150137 0.256667 2
-0.05211 0.00444705 0.256778 2
-0.0494129 0.00454765 0.25548 2
-0.0474207 0.00485534 0.255 2
-0.0222069 0.00454232 0.2552 2
-0.0195158 0.00456135 0.25624 2
-0.0167845 0.00443477 0.257 2
-0.0516587 0.00736621 0.257 2
-0.0494896 0.00733437 0.25588 2
-0.0465656 0.00753305 0.25508 2
-0.0446129 0.00786291 0.255 2
-0.0251958 0.00873352 0.255 2
-0.022437 0.00753953 0.2553 2
-0.0195522 0.00735853 0.25672 2
-0.0174355 0.00718009 0.257 2
-0.0516587 0.00987888 0.257 2
-0.0496423 0.0104243 0.256667 2
-0.0467287 0.0104811 0.255643 2
-0.0442965 0.0108705 0.255 2
-0.0285573 0.0109101 0.255 2
-0.0255434 0.0106471 0.25532 2
-0.0224966 0.0105325 0.256212 2
-0.0197033 0.0102654 0.257 2
-0.0491477 0.0133687 0.257 2
-0.0463891 0.0135087 0.256 2
-0.0434639 0.0133669 0.255035 2
-0.0404606 0.0134032 0.255 2
-0.0375144 0.0134625 0.255 2
-0.0353394 0.0140957 0.255 2
-0.0313255 0.0145112 0.255 2
-0.0285573 0.0134032 0.255 2
-0.0256123 0.0134557 0.256 2
-0.0227811 0.0134365 0.256815 2
-0.0206904 0.0126707 0.257 2
-0.0490392 0.0164886 0.256737 2
-0.0464156 0.0165545 0.256 2
-0.0433316 0.0164897 0.2556 2
-0.0404606 0.0164503 0.255 2
-0.0374155 0.0164503 0.255 2
-0.034432 0.0166042 0.255 2
-0.0315139 0.016545 0.255033 2
-0.0285459 0.0164283 0.255257 2
-0.0256123 0.0165148 0.256 2
-0.0229037 0.0165664 0.2568 2
-0.0486755 0.0194786 0.257 2
-0.0462557 0.0195373 0.256077 2
-0.0433983 0.0195739 0.256 2
-0.0405875 0.0195595 0.2558 2
-0.0374358 0.0195078 0.255133 2
-0.0343705 0.0194974 0.255 2
-0.0313939 0.0195415 0.255567 2
-0.0283913 0.0195739 0.256 2
-0.0254084 0.0196337 0.256276 2
-0.0230869 0.0193871 0.256923 2
-0.0483107 0.0213255 0.257 2
-0.0461394 0.022254 0.256667 2
-0.0433983 0.0223549 0.256 2
-0.0406193 0.0223549 0.256 2
-0.0374945 0.0223151 0.255533 2
-0.0344297 0.0223071 0.25544 2
-0.0314483 0.0223549 0.256 2
-0.0284 0.0223622 0.25608 2
-0.0253926 0.022408 0.2566 2
-0.0232014 0.0216046 0.257 2
-0.0455766 0.0250666 0.257 2
-0.0435229 0.0254879 0.256733 2
-0.0406141 0.0255472 0.256625 2
-0.0375234 0.025379 0.256294 2
-0.0345459 0.0254451 0.2563 2
-0.0314688 0.0254314 0.256167 2
-0.0285175 0.0253754 0.256607 2
-0.0259293 0.0249239 0.257 2
-0.0432889 0.0277467 0.257 2
-0.0404989 0.0285843 0.257 2
-0.037554 0.0282431 0.257 2
-0.0357561 0.0277467 0.257 2
-0.0315712 0.0277467 0.257 2
-0.0290602 0.0274675 0.257 2
-0.0404989 0.0302594 0.257 2
-0.036872 0.0366806 0.257 2
-0.0351981 0.0366806 0.257 2
-0.00470926 -0.0761094 0.2589 2
-0.0681042 -0.0724825 0.258 2
-0.00488152 -0.0734193 0.258778 2
-0.0681704 -0.0703511 0.258857 2
-0.0048233 -0.0705117 0.259 2
-0.0670928 -0.0675463 0.259067 2
-0.0655835 -0.0665968 0.258 2
-0.00648694 -0.0677179 0.258 2
-0.00483334 -0.0675478 0.2595 2
-0.0671183 -0.0647534 0.2596 2
-0.0654887 -0.0641762 0.258571 2
-0.00477918 -0.0645405 0.259364 2
-0.0663828 -0.0613839 0.259667 2
-0.0649958 -0.0617368 0.258231 2
-0.00648694 -0.0609914 0.258 2
-0.00501804 -0.0616824 0.259333 2
-0.0664055 -0.0587652 0.26 2
-0.0652117 -0.0583639 0.258429 2
-0.00649952 -0.0585806 0.2585 2
-0.00540823 -0.0586397 0.26 2
-0.0663742 -0.054968 0.26 2
-0.0650379 -0.0553009 0.25875 2
-0.00699883 -0.0553806 0.258556 2
-0.00540824 -0.0555328 0.26 2
-0.0660919 -0.052426 0.26 2
-0.0646975 -0.0525854 0.258933 2
-0.00691021 -0.0528195 0.258125 2
-0.00497186 -0.0520881 0.259375 2
-0.0660919 -0.0496015 0.26 2
-0.0647001 -0.0497117 0.258769 2
-0.0069401 -0.0493135 0.2582 2
-0.00520967 -0.0496933 0.2595 2
-0.0660919 -0.0464947 0.26 2
-0.0646872 -0.0464463 0.25875 2
-0.00705968 -0.0465072 0.2585 2
-0.00540824 -0.0464947 0.26 2
-0.0660919 -0.0433877 0.26 2
-0.0647541 -0.0434686 0.259294 2
-0.0070099 -0.0435533 0.258545 2
-0.00540824 -0.0433877 0.26 2
-0.0660919 -0.0408458 0.26 2
-0.0646738 -0.0404883 0.259 2
-0.00900765 -0.0394104 0.258 2
-0.00723006 -0.0404373 0.25875 2
-0.00540823 -0.0416931 0.26 2
-0.0643119 -0.0372315 0.259 2
-0.0627827 -0.0366077 0.258 2
-0.00900765 -0.0374486 0.258 2
-0.00729821 -0.0375058 0.259259 2
-0.0637085 -0.0345989 0.259333 2
-0.0623346 -0.0346459 0.258 2
-0.00954154 -0.0345735 0.25825 2
-0.00742668 -0.0344541 0.259429 2
-0.0634787 -0.0314894 0.2597 2
-0.0623833 -0.031643 0.258667 2
-0.00961104 -0.0315161 0.258294 2
-0.00793757 -0.0314847 0.259667 2
-0.0637185 -0.028282 0.259857 2
-0.0624983 -0.0286162 0.258111 2
-0.00957946 -0.0285167 0.258333 2
-0.00790564 -0.0284688 0.259706 2
-0.0631478 -0.0255429 0.2595 2
-0.0618628 -0.0252881 0.258687 2
-0.00959181 -0.0254611 0.258667 2
-0.00807869 -0.0257014 0.259667 2
-0.0632694 -0.0224869 0.26 2
-0.0616787 -0.0223459 0.259053 2
-0.0599819 -0.0220336 0.258 2
-0.0101637 -0.0223962 0.25896 2
-0.00851298 -0.0224869 0.26 2
-0.0632694 -0.0199449 0.26 2
-0.0615899 -0.0196498 0.259053 2
-0.0599819 -0.0195112 0.258 2
-0.0123686 -0.0192309 0.258 2
-0.0106264 -0.0196083 0.25928 2
-0.00851298 -0.0207922 0.26 2
-0.0612808 -0.0163981 0.259429 2
-0.0595018 -0.0161479 0.258 2
-0.0123686 -0.0164282 0.258 2
-0.0107357 -0.0165046 0.2592 2
-0.0611769 -0.0134228 0.2595 2
-0.0591417 -0.0133452 0.258 2
-0.0123686 -0.0133452 0.258 2
-0.0107357 -0.0134073 0.2592 2
-0.0610649 -0.0108199 0.259625 2
-0.0591417 -0.0105425 0.258 2
-0.0127527 -0.0101772 0.258222 2
-0.0107393 -0.0105946 0.25928 2
-0.0607291 -0.00808223 0.26 2
-0.0586962 -0.00747397 0.2585 2
-0.0133707 -0.00729371 0.258231 2
-0.0107448 -0.00749999 0.2594 2
-0.0585748 -0.00439689 0.2592 2
-0.056621 -0.00437653 0.258 2
-0.0135108 -0.00438347 0.25844 2
-0.0110263 -0.00458438 0.259737 2
-0.0582242 -0.00171445 0.259412 2
-0.0561377 -0.00140178 0.258154 2
-0.013519 -0.00157748 0.2586 2
-0.0113202 -0.00158398 0.259667 2
-0.0579218 0.00137873 0.25975 2
-0.0558679 0.00151194 0.2584 2
-0.0135053 0.00151054 0.258333 2
-0.0113202 0.00151892 0.259667 2
-0.0573421 0.00462775 0.26 2
-0.0554468 0.0046115 0.25905 2
-0.0535801 0.00491247 0.258 2
-0.0154494 0.0051527 0.258 2
-0.0135251 0.00460645 0.25872 2
-0.0115135 0.00424793 0.259778 2
-0.0573421 0.00632242 0.26 2
-0.0552816 0.00748136 0.259375 2
-0.0530564 0.00729296 0.258 2
-0.0159607 0.00752653 0.258222 2
-0.0137821 0.00738475 0.259524 2
-0.0119 0.00632242 0.26 2
-0.0551637 0.0103716 0.259654 2
-0.0526999 0.0107581 0.258 2
-0.0188104 0.011599 0.258 2
-0.0165898 0.0104914 0.258333 2
-0.0138757 0.0105591 0.26 2
-0.0547264 0.0134846 0.259846 2
-0.0523264 0.0136568 0.258435 2
-0.0504593 0.0141214 0.258 2
-0.0213311 0.0141214 0.258 2
-0.0194901 0.01368 0.258042 2
-0.0165619 0.0135575 0.258655 2
-0.0141177 0.0134239 0.26 2
-0.0542374 0.0164904 0.26 2
-0.0522384 0.0163943 0.25848 2
-0.0504593 0.0163636 0.258 2
-0.0213311 0.0163636 0.258 2
-0.0194062 0.0163958 0.2585 2
-0.0165615 0.0163146 0.259762 2
-0.0144402 0.0153606 0.26 2
-0.0542374 0.01875 0.26 2
-0.0521922 0.0193707 0.259 2
-0.0500555 0.0198737 0.258083 2
-0.0218112 0.0197669 0.258 2
-0.0194399 0.0195175 0.258944 2
-0.0170073 0.0194108 0.259875 2
-0.0522358 0.0225948 0.259667 2
-0.0495214 0.0226768 0.258565 2
-0.0473784 0.0233703 0.258 2
-0.0222914 0.0226897 0.258 2
-0.0194345 0.0226054 0.258867 2
-0.0164955 0.0224644 0.25984 2
-0.0522419 0.0255191 0.2599 2
-0.0495537 0.0254425 0.25912 2
-0.0469583 0.0255424 0.258 2
-0.0247854 0.0257993 0.258 2
-0.0224784 0.0253644 0.25832 2
-0.0194643 0.0254572 0.259267 2
-0.0170831 0.0252205 0.26 2
-0.0522617 0.0283531 0.26 2
-0.0495111 0.0283934 0.259222 2
-0.0466401 0.0285019 0.258345 2
-0.0438692 0.0290912 0.258 2
-0.0372556 0.0295764 0.258 2
-0.0344948 0.0288249 0.258 2
-0.0314139 0.029256 0.258 2
-0.0284157 0.028745 0.25804 2
-0.0255031 0.0283883 0.258114 2
-0.0225676 0.0284662 0.258896 2
-0.0197224 0.0281776 0.25984 2
-0.017545 0.0275057 0.26 2
-0.0516971 0.0303302 0.26 2
-0.0497283 0.0315262 0.259714 2
-0.0465608 0.0316608 0.258815 2
-0.0434054 0.0314775 0.258 2
-0.0403764 0.0317785 0.258 2
-0.0375757 0.0314982 0.258 2
-0.0345209 0.0315224 0.2582 2
-0.031424 0.0315079 0.25808 2
-0.0283505 0.0315186 0.258167 2
-0.0253501 0.0316203 0.259 2
-0.0225341 0.031612 0.259462 2
-0.0203675 0.0314599 0.26 2
-0.0492595 0.0344898 0.26 2
-0.0463148 0.0343966 0.259185 2
-0.0432919 0.034392 0.25868 2
-0.0403434 0.0345376 0.258034 2
-0.0375757 0.0345812 0.258 2
-0.0344948 0.0345812 0.258 2
-0.0314139 0.0345812 0.258 2
-0.0285146 0.0345192 0.258062 2
-0.025585 0.0345664 0.258733 2
-0.0225825 0.0345027 0.25952 2
-0.0203675 0.0345668 0.26 2
-0.0484983 0.037203 0.26 2
-0.0463204 0.0373801 0.25992 2
-0.0433276 0.037335 0.259154 2
-0.040493 0.0376671 0.258461 2
-0.0377526 0.0379297 0.258 2
-0.0342847 0.0378744 0.258 2
-0.0314139 0.0376642 0.258 2
-0.0284635 0.0377667 0.258286 2
-0.0254029 0.0375103 0.258806 2
-0.0226162 0.0373991 0.259185 2
-0.0206901 0.0370685 0.26 2
-0.0483101 0.0399332 0.26 2
-0.0462041 0.0403243 0.26 2
-0.043534 0.0405308 0.259897 2
-0.0405335 0.0406244 0.259 2
-0.0375154 0.0406004 0.258444 2
-0.0344513 0.0404752 0.258429 2
-0.0315113 0.0405933 0.2588 2
-0.0284353 0.0406136 0.258933 2
-0.0253967 0.0407003 0.25948 2
-0.0227356 0.040509 0.259917 2
-0.020932 0.0393684 0.26 2
-0.0433209 0.0434899 0.259773 2
-0.0405329 0.0434373 0.259 2
-0.0374495 0.0434488 0.259067 2
-0.0343582 0.0434511 0.25908 2
-0.0315357 0.0434373 0.259 2
-0.028464 0.0434713 0.2592 2
-0.025495 0.043558 0.26 2
-0.0234319 0.0431209 0.26 2
-0.0431307 0.0462645 0.259778 2
-0.0404997 0.0464901 0.259034 2
-0.0374503 0.0464571 0.259563 2
-0.0343564 0.0465439 0.259067 2
-0.0315357 0.0465323 0.259 2
-0.0285401 0.046502 0.259294 2
-0.0257303 0.0464295 0.26 2
-0.0426652 0.0492539 0.26 2
-0.0406659 0.049654 0.26 2
-0.0376346 0.0495973 0.259882 2
-0.0343738 0.0496664 0.2592 2
-0.0316176 0.0497582 0.25968 2
-0.0284682 0.0496895 0.259875 2
-0.025793 0.0491284 0.26 2
-0.0399367 0.0518901 0.26 2
-0.037411 0.0525129 0.26 2
-0.0344799 0.0526433 0.26 2
-0.0318187 0.0524819 0.26 2
-0.0290545 0.0523294 0.26 2
-0.0423829 0.0989641 0.26 2
-0.0405157 0.0984427 0.26 2
-0.0387136 0.0989641 0.26 2
-0.0431359 0.101039 0.2596 2
-0.0404915 0.100447 0.258733 2
-0.0376765 0.100879 0.2596 2
-0.0346916 0.101083 0.26 2
-0.0325041 0.101507 0.26 2
-0.0251658 0.100941 0.26 2
-0.0228372 0.101083 0.26 2
-0.0206497 0.101507 0.26 2
-0.0454876 0.102636 0.26 2
-0.0436598 0.10253 0.259429 2
-0.0403764 0.102127 0.258 2
-0.0372291 0.102579 0.2595 2
-0.0344799 0.102636 0.26 2
-0.0325041 0.102636 0.26 2
-0.0271415 0.102636 0.26 2
-0.025448 0.102636 0.26 2
-0.0226255 0.102635 0.26 2
-0.0206497 0.102636 0.26 2
-0.00344569 -0.0781453 0.261 2
-0.00232271 -0.0781636 0.262333 2
-0.00345097 -0.0765609 0.2614 2
-0.00232418 -0.0764926 0.262467 2
-0.00344569 -0.0736089 0.261 2
-0.00232271 -0.073604 0.262333 2
-0.070138 -0.0697871 0.261857 2
-0.0686128 -0.0690724 0.261 2
-0.00345009 -0.0705786 0.261333 2
-0.00246363 -0.0709472 0.262167 2
-0.0700319 -0.0676464 0.262067 2
-0.068718 -0.0674731 0.2614 2
-0.00345889 -0.0676293 0.262 2
-0.00289005 -0.0676293 0.262 2
-0.0691795 -0.0645359 0.261 2
-0.0683699 -0.0642119 0.261 2
-0.00345889 -0.0644985 0.262 2
-0.00289005 -0.0644985 0.262 2
-0.0693562 -0.0615725 0.261667 2
-0.0681472 -0.0616525 0.26125 2
-0.0038308 -0.0611376 0.261556 2
-0.00289005 -0.0613677 0.262 2
-0.0694445 -0.0585216 0.262 2
-0.0680247 -0.0584863 0.261278 2
-0.00405113 -0.0585904 0.261412 2
-0.00289446 -0.0586113 0.2624 2
-0.0694387 -0.0552463 0.262286 2
-0.0680313 -0.0555728 0.261667 2
-0.00401676 -0.0555337 0.261333 2
-0.00289005 -0.0556754 0.262 2
-0.0694343 -0.0530735 0.2625 2
-0.067812 -0.0525134 0.261474 2
-0.00379361 -0.0529181 0.2616 2
-0.00289005 -0.0525446 0.262 2
-0.0678771 -0.0495001 0.261636 2
-0.00401764 -0.0493004 0.2614 2
-0.00289226 -0.0494507 0.2622 2
-0.0680224 -0.0465677 0.262 2
-0.00398684 -0.0464161 0.26175 2
-0.00290108 -0.0464597 0.263 2
-0.0679805 -0.043506 0.261636 2
-0.00405733 -0.0433226 0.261824 2
-0.00290108 -0.043317 0.263 2
-0.0691386 -0.0401742 0.263 2
-0.0675764 -0.0404011 0.2617 2
-0.0657794 -0.0393016 0.261 2
-0.00463751 -0.0403153 0.26175 2
-0.00290108 -0.0407456 0.263 2
-0.0671954 -0.0374421 0.262375 2
-0.0657794 -0.0376005 0.261 2
-0.00487224 -0.0374023 0.2616 2
-0.0691386 -0.0353173 0.263 2
-0.0670139 -0.034673 0.262238 2
-0.0649295 -0.0339146 0.261 2
-0.00483259 -0.0344934 0.262273 2
-0.0670131 -0.0315422 0.2625 2
-0.0650538 -0.0314213 0.2615 2
-0.00656237 -0.0316463 0.261 2
-0.00494019 -0.0314077 0.262455 2
-0.0669972 -0.0286747 0.263 2
-0.0651782 -0.0283522 0.262 2
-0.00656237 -0.0285275 0.261 2
-0.00544984 -0.0283522 0.262 2
-0.066569 -0.0264605 0.263 2
-0.0648122 -0.0254726 0.261667 2
-0.00688619 -0.0251657 0.261 2
-0.00546648 -0.0255831 0.2628 2
-0.0662835 -0.0213178 0.263 2
-0.065023 -0.0225851 0.262375 2
-0.00714162 -0.0226166 0.2615 2
-0.00547063 -0.0224606 0.263 2
-0.0662835 -0.0204607 0.263 2
-0.0645367 -0.01943 0.261933 2
-0.0629461 -0.0183204 0.261 2
-0.00911239 -0.019171 0.261 2
-0.0073837 -0.0194365 0.261414 2
-0.00547064 -0.0193179 0.263 2
-0.0643425 -0.0164016 0.262067 2
-0.0629461 -0.0163357 0.261 2
-0.00911239 -0.0163357 0.261 2
-0.00742716 -0.0163702 0.26156 2
-0.00547064 -0.0164609 0.263 2
-0.0641638 -0.013578 0.2625 2
-0.00911239 -0.0135004 0.261 2
-0.00744429 -0.0135625 0.2622 2
-0.0641638 -0.0107264 0.2625 2
-0.0620961 -0.00981448 0.261 2
-0.00911239 -0.0106651 0.261 2
-0.00738269 -0.0105896 0.262259 2
-0.0636332 -0.007593 0.262667 2
-0.0618722 -0.00726887 0.26125 2
-0.00911239 -0.00754626 0.261 2
-0.00750369 -0.00747726 0.262143 2
-0.0617907 -0.00444565 0.2621 2
-0.00958555 -0.00412215 0.261273 2
-0.00772139 -0.00463094 0.262421 2
-0.0613923 -0.00171354 0.2621 2
-0.0595461 -0.00130859 0.261 2
-0.00969534 -0.00159453 0.261467 2
-0.00835245 -0.00192729 0.262571 2
-0.0609645 0.00153532 0.262222 2
-0.0592517 0.00198241 0.2612 2
-0.00969069 0.00152867 0.261333 2
-0.00802928 0.00153647 0.262667 2
-0.0610119 0.00449849 0.262615 2
-0.0590554 0.00465149 0.261333 2
-0.0100974 0.00481497 0.261381 2
-0.00821598 0.00429279 0.262556 2
-0.060294 0.00766246 0.262889 2
-0.058323 0.00754855 0.261263 2
-0.0125124 0.00776439 0.261 2
-0.0105171 0.00754794 0.261966 2
-0.00861121 0.00753818 0.263 2
-0.0602879 0.0103952 0.263 2
-0.0582418 0.0103359 0.2615 2
-0.0564293 0.0114503 0.261 2
-0.0125124 0.0103162 0.261 2
-0.010618 0.0103179 0.262035 2
-0.00861121 0.0101095 0.263 2
-0.0602879 0.0121094 0.263 2
-0.0584458 0.0135093 0.262417 2
-0.0562983 0.0136457 0.261143 2
-0.0129414 0.013865 0.261083 2
-0.0108615 0.0134987 0.262233 2
-0.0585086 0.016661 0.2627 2
-0.0559708 0.0165855 0.2615 2
-0.0156291 0.0174045 0.261 2
-0.0135823 0.0166662 0.261217 2
-0.0112799 0.0165206 0.262588 2
-0.0583493 0.0192964 0.262625 2
-0.0558322 0.0195002 0.261455 2
-0.0538794 0.0202397 0.261 2
-0.0156291 0.0193891 0.261 2
-0.0136758 0.0194337 0.2616 2
-0.011451 0.0195129 0.262667 2
-0.0580038 0.0223947 0.263 2
-0.0557004 0.0223554 0.261769 2
-0.0538794 0.022508 0.261 2
-0.0156291 0.022508 0.261 2
-0.0135235 0.0224454 0.261871 2
-0.0112966 0.0217301 0.262857 2
-0.0580038 0.0255375 0.263 2
-0.0557956 0.0254725 0.261828 2
-0.0538794 0.0256268 0.261 2
-0.0159529 0.0258698 0.261 2
-0.0133595 0.0255534 0.262294 2
-0.0580038 0.0286802 0.263 2
-0.0557506 0.0285494 0.2618 2
-0.0538794 0.0284621 0.261 2
-0.0185191 0.029256 0.261 2
-0.0164122 0.0285934 0.261522 2
-0.0140136 0.028637 0.2626 2
-0.0571473 0.0312515 0.263 2
-0.0553146 0.0314655 0.262182 2
-0.0526813 0.031565 0.2611 2
-0.0187458 0.0315809 0.261 2
-0.0165704 0.0314551 0.261769 2
-0.0140358 0.0315372 0.263 2
-0.0549801 0.0341642 0.262875 2
-0.0523835 0.034596 0.261522 2
-0.0504793 0.0352668 0.261 2
-0.0187597 0.0347268 0.2612 2
-0.0165672 0.0345057 0.262074 2
-0.0142805 0.0341494 0.263 2
-0.0545777 0.0363942 0.263 2
-0.0524965 0.0375892 0.262259 2
-0.0499562 0.0377096 0.261 2
-0.0192664 0.0376905 0.261391 2
-0.0166596 0.0374812 0.262696 2
-0.0523411 0.0404581 0.262619 2
-0.0498029 0.0405493 0.261294 2
-0.0473626 0.0415045 0.261 2
-0.0212958 0.0409375 0.261 2
-0.0193757 0.0405068 0.26188 2
-0.0173667 0.0402988 0.263 2
-0.0514372 0.0435368 0.263 2
-0.049544 0.0433784 0.26204 2
-0.0465272 0.0435595 0.26108 2
-0.0448126 0.0443398 0.261 2
-0.0244125 0.0449069 0.261 2
-0.0221107 0.0437035 0.261174 2
-0.019412 0.0434314 0.26236 2
-0.0173667 0.0439177 0.263 2
-0.0514372 0.0463938 0.263 2
-0.0495292 0.0464834 0.262172 2
-0.0466562 0.0465609 0.261445 2
-0.0445698 0.0469321 0.261 2
-0.0244125 0.0466081 0.261 2
-0.022376 0.0465404 0.261219 2
-0.0194895 0.0464419 0.262556 2
-0.0172203 0.046218 0.263 2
-0.0520082 0.0495365 0.263 2
-0.0496235 0.0496106 0.262231 2
-0.0466136 0.04955 0.26156 2
-0.044246 0.0494434 0.261 2
-0.0246554 0.0497674 0.261 2
-0.0224482 0.0494879 0.261233 2
-0.0194981 0.0494723 0.2626 2
-0.0177474 0.0486794 0.263 2
-0.0514372 0.0518222 0.263 2
-0.0494168 0.0525057 0.26281 2
-0.0466365 0.0524236 0.261958 2
-0.0437265 0.0523357 0.26128 2
-0.0409691 0.052969 0.261 2
-0.0385793 0.0536963 0.261 2
-0.0309292 0.0536963 0.261 2
-0.027907 0.0533183 0.261 2
-0.0256407 0.0524722 0.261333 2
-0.0225226 0.0524997 0.2621 2
-0.019609 0.0527393 0.262909 2
-0.048525 0.0550792 0.263 2
-0.0463651 0.055514 0.262762 2
-0.0435096 0.0553041 0.262 2
-0.0403723 0.0555257 0.2616 2
-0.0373987 0.0556338 0.261 2
-0.0346126 0.055681 0.261 2
-0.0314959 0.055681 0.261 2
-0.0284531 0.0555824 0.261 2
-0.0253551 0.0555145 0.262296 2
-0.0223711 0.0554685 0.262885 2
-0.0198997 0.0550968 0.263 2
-0.0456318 0.0582029 0.263 2
-0.0434301 0.0583758 0.26292 2
-0.0404957 0.0582613 0.2624 2
-0.0375246 0.0585099 0.261708 2
-0.0346343 0.0585527 0.26116 2
-0.0315592 0.0586368 0.261533 2
-0.0284124 0.0585896 0.261889 2
-0.0255088 0.0582486 0.262714 2
-0.023172 0.0575362 0.263 2
-0.042872 0.0603933 0.263 2
-0.0403284 0.0612244 0.263 2
-0.0376496 0.0617227 0.262828 2
-0.0344058 0.0616108 0.262357 2
-0.0313846 0.0616914 0.26244 2
-0.0285876 0.0618033 0.26292 2
-0.026079 0.0614062 0.263 2
-0.0397314 0.0638217 0.263 2
-0.0372189 0.0642788 0.263 2
-0.0345264 0.0641074 0.263 2
-0.0317372 0.0638217 0.263 2
-0.0343068 0.0861065 0.263 2
-0.031642 0.0864875 0.263 2
-0.0366316 0.0889228 0.263 2
-0.0342399 0.0885023 0.26248 2
-0.0314175 0.0885827 0.26272 2
-0.0288822 0.0892493 0.263 2
-0.0394459 0.0926777 0.263 2
-0.0374474 0.0915349 0.263 2
-0.034212 0.091564 0.262267 2
-0.0313321 0.0914715 0.262 2
-0.0288822 0.0915349 0.263 2
-0.0244365 0.0921879 0.263 2
-0.0223631 0.0915825 0.263 2
-0.0206025 0.0918206 0.263 2
-0.045156 0.0955347 0.263 2
-0.0431988 0.0956986 0.2622 2
-0.0403429 0.0950523 0.262071 2
-0.0374912 0.0944971 0.262571 2
-0.0343068 0.0946776 0.263 2
-0.0314517 0.0946776 0.263 2
-0.0285637 0.0945841 0.262889 2
-0.0254051 0.0947098 0.262844 2
-0.0223155 0.0943919 0.263 2
-0.0197292 0.094728 0.263 2
-0.0168909 0.095249 0.263 2
-0.0459935 0.0977442 0.263 2
-0.0437222 0.0974948 0.261857 2
-0.0405626 0.0973342 0.261 2
-0.0373606 0.0974538 0.261781 2
-0.0344303 0.0975216 0.262758 2
-0.0314318 0.097472 0.262833 2
-0.0285168 0.0974128 0.262071 2
-0.0254191 0.0975095 0.261765 2
-0.0224036 0.0975239 0.262781 2
-0.019429 0.0973726 0.262567 2
-0.0165877 0.0974352 0.262733 2
-0.0148923 0.0975347 0.263 2
-0.0520082 0.101534 0.263 2
-0.0492181 0.101183 0.262733 2
-0.0465842 0.100715 0.262111 2
-0.0442786 0.099994 0.261429 2
-0.0370836 0.0995758 0.261111 2
-0.0342735 0.0997404 0.261364 2
-0.0313435 0.10037 0.261484 2
-0.0284489 0.100349 0.261276 2
-0.0258074 0.0999554 0.261 2
-0.0222588 0.0998893 0.2615 2
-0.0193214 0.100397 0.261655 2
-0.0165543 0.100371 0.2622 2
-0.0140123 0.100968 0.262882 2
-0.0517292 0.102409 0.262 2
-0.0494625 0.102703 0.261611 2
-0.0468217 0.102644 0.261 2
-0.0309292 0.102747 0.261 2
-0.0285535 0.102703 0.261 2
-0.0266792 0.10218 0.261 2
-0.0190291 0.102747 0.261 2
-0.016529 0.102777 0.2618 2
-0.0135649 0.102983 0.262455 2
-0.0114663 0.102678 0.263 2
-0.000476254 -0.0786228 0.265 2
0.000530985 -0.0787755 0.266 2
-0.000784664 -0.0767505 0.264714 2
0.000530985 -0.0776196 0.266 2
-0.000909401 -0.0735855 0.265 2
-0.00129114 -0.0702927 0.264889 2
-0.00148258 -0.067539 0.265 2
-0.00148155 -0.064588 0.2647 2
-0.00153407 -0.0616085 0.264818 2
-0.00143079 -0.0584784 0.265091 2
-0.00148258 -0.0554482 0.265 2
-0.00148258 -0.0525694 0.265 2
-0.00167423 -0.0497663 0.264889 2
-0.00206011 -0.0465251 0.265 2
-0.00206011 -0.0436464 0.265 2
-0.00348529 -0.0394666 0.264 2
-0.00212684 -0.0404245 0.265077 2
-0.0694014 -0.0374591 0.264 2
-0.0688283 -0.0374591 0.264 2
-0.00348529 -0.0374591 0.264 2
-0.00238447 -0.0374559 0.26525 2
-0.0034985 -0.0344344 0.265 2
-0.00292314 -0.0344344 0.265 2
-0.0034985 -0.0315556 0.265 2
-0.00292314 -0.0315556 0.265 2
-0.0679685 -0.0277082 0.264 2
-0.00403091 -0.0285275 0.264625 2
-0.00293049 -0.0284589 0.265667 2
-0.0676635 -0.0252405 0.2646 2
-0.00406728 -0.025573 0.264667 2
-0.00293417 -0.0253175 0.266 2
-0.0678323 -0.0224669 0.265333 2
-0.00409996 -0.0225113 0.264588 2
-0.00293417 -0.0224279 0.266 2
-0.0677784 -0.0194276 0.265316 2
-0.0659623 -0.0191046 0.264 2
-0.00407825 -0.0194893 0.265333 2
-0.00293417 -0.0195383 0.266 2
-0.0675739 -0.0167113 0.264944 2
-0.0659623 -0.0165235 0.264 2
-0.00407825 -0.0166069 0.265333 2
-0.00293417 -0.0166486 0.266 2
-0.0671775 -0.0135545 0.264615 2
-0.0659623 -0.0136556 0.264 2
-0.0046 -0.0136327 0.264846 2
-0.00293417 -0.0134701 0.266 2
-0.0670567 -0.0107809 0.265529 2
-0.0653891 -0.0100229 0.264 2
-0.00472437 -0.0105293 0.264714 2
-0.00293417 -0.0105804 0.266 2
-0.0667509 -0.00855771 0.266 2
-0.0653985 -0.00737742 0.2652 2
-0.00492649 -0.00736012 0.2645 2
-0.0641015 -0.00448718 0.2646 2
-0.00663781 -0.00390473 0.264 2
-0.0050035 -0.00462675 0.265222 2
-0.0640148 -0.00147211 0.264833 2
-0.0625232 -0.000750049 0.264 2
-0.00715848 -0.00148518 0.264444 2
-0.00551224 -0.00161652 0.265 2
-0.0639366 0.00137098 0.26525 2
-0.0625232 0.00154427 0.264 2
-0.0066378 0.00154427 0.264 2
-0.0055164 0.00126406 0.2652 2
-0.0636512 0.00422647 0.265286 2
-0.0624468 0.00503942 0.264714 2
-0.00708341 0.00492517 0.264625 2
-0.00553304 0.00444559 0.266 2
-0.0635266 0.00761931 0.2658 2
-0.0620922 0.00758433 0.2646 2
-0.00722356 0.00758118 0.2645 2
-0.00553304 0.00762417 0.266 2
-0.0635744 0.0105138 0.266 2
-0.0622637 0.0104874 0.265333 2
-0.00921713 0.0115819 0.264 2
-0.0072964 0.0105165 0.264667 2
-0.00553304 0.0105138 0.266 2
-0.0635744 0.0134034 0.266 2
-0.0616562 0.0134462 0.264869 2
-0.00921713 0.0133026 0.264 2
-0.00752949 0.0133631 0.2652 2
-0.00553304 0.0122476 0.266 2
-0.0635744 0.0151372 0.266 2
-0.0613061 0.0163236 0.26487 2
-0.00971841 0.0168035 0.264286 2
-0.00785303 0.0161702 0.2654 2
-0.0614389 0.0195495 0.265273 2
-0.0593707 0.0204724 0.264 2
-0.00980196 0.0196368 0.264333 2
-0.00808831 0.0195348 0.265706 2
-0.0608838 0.0226174 0.2656 2
-0.0593707 0.0224799 0.264 2
-0.0101012 0.0226834 0.264263 2
-0.00812099 0.0226218 0.265667 2
-0.0609755 0.0255398 0.266 2
-0.0593707 0.0253478 0.264 2
-0.0103811 0.0253946 0.26448 2
-0.00812318 0.0255145 0.265733 2
-0.0608838 0.028388 0.2656 2
-0.0594157 0.0282379 0.2642 2
-0.0123696 0.0287893 0.264 2
-0.0103996 0.0283188 0.26496 2
-0.00846192 0.0280992 0.266 2
-0.0609756 0.0307411 0.266 2
-0.0588364 0.0314947 0.264476 2
-0.0567914 0.0328043 0.264 2
-0.0123696 0.0316572 0.264 2
-0.0105217 0.0313172 0.265231 2
-0.00870943 0.0310301 0.266 2
-0.0601093 0.0344976 0.266 2
-0.0583682 0.0346619 0.265043 2
-0.0563001 0.0347709 0.264 2
-0.0128054 0.034757 0.264125 2
-0.0106628 0.0345818 0.265636 2
-0.0579798 0.0376054 0.2655 2
-0.0555017 0.037608 0.264 2
-0.0158087 0.0385401 0.264 2
-0.0135419 0.0374689 0.264533 2
-0.0113083 0.0376762 0.266 2
-0.0580014 0.0405053 0.2656 2
-0.0554026 0.0404866 0.264454 2
-0.0536389 0.0416948 0.264 2
-0.0160723 0.0408787 0.2641 2
-0.0134659 0.0403633 0.265071 2
-0.0113083 0.0405658 0.266 2
-0.0577029 0.0432628 0.266 2
-0.0555242 0.0435269 0.2652 2
-0.0529118 0.0435439 0.264125 2
-0.0159451 0.0434408 0.264238 2
-0.0133842 0.0432916 0.265609 2
-0.0575104 0.0454782 0.266 2
-0.055384 0.0463265 0.265385 2
-0.0529832 0.0466087 0.264222 2
-0.0156684 0.0466605 0.264333 2
-0.0139228 0.0463877 0.265625 2
-0.055736 0.0495699 0.265545 2
-0.0536389 0.0494381 0.264 2
-0.0183881 0.0502985 0.264 2
-0.0162421 0.0495647 0.264333 2
-0.0138572 0.0495536 0.265706 2
-0.0552899 0.0525754 0.265529 2
-0.0527133 0.0525269 0.2641 2
-0.0183881 0.0520192 0.264 2
-0.0164336 0.0524781 0.264867 2
-0.0140997 0.052317 0.266 2
-0.0546458 0.0554304 0.265727 2
-0.052342 0.0553163 0.26468 2
-0.049812 0.055815 0.264 2
-0.0476205 0.0568946 0.264 2
-0.0190568 0.0562255 0.264 2
-0.0166178 0.0553729 0.265259 2
-0.0144847 0.054725 0.266 2
-0.0524214 0.0584796 0.265407 2
-0.0494009 0.0586867 0.26432 2
-0.0470914 0.0587918 0.264 2
-0.0244065 0.0597625 0.264 2
-0.0222404 0.05879 0.264048 2
-0.0195839 0.058767 0.26468 2
-0.0167657 0.0583849 0.26556 2
-0.0522549 0.0613711 0.266 2
-0.0494904 0.0616696 0.2648 2
-0.0464741 0.0614833 0.264 2
-0.0437892 0.061755 0.264 2
-0.0415447 0.0622863 0.264 2
-0.0244065 0.0614833 0.264 2
-0.0224165 0.0615298 0.2642 2
-0.0196084 0.0617162 0.265 2
-0.0170836 0.0613711 0.266 2
-0.0517929 0.0640874 0.266 2
-0.0495057 0.0645659 0.26488 2
-0.0464741 0.0643512 0.264 2
-0.0436082 0.0643512 0.264 2
-0.0408241 0.064597 0.264 2
-0.0384495 0.0652115 0.264 2
-0.0340278 0.0651705 0.264 2
-0.0313802 0.0650203 0.264 2
-0.0287054 0.064638 0.264 2
-0.025471 0.0644331 0.264 2
-0.0224165 0.0643999 0.2642 2
-0.0196084 0.0645949 0.265 2
-0.0172761 0.0642607 0.266 2
-0.0514464 0.0671504 0.266 2
-0.0494929 0.067488 0.265348 2
-0.046517 0.0672808 0.26424 2
-0.0436082 0.0675058 0.264 2
-0.0404557 0.0675059 0.264 2
-0.0373031 0.0675058 0.264 2
-0.0344811 0.0674653 0.264034 2
-0.0315362 0.0674584 0.264214 2
-0.0287054 0.0675058 0.264 2
-0.0256479 0.0673909 0.26425 2
-0.0224711 0.0674335 0.26484 2
-0.0196427 0.0675962 0.26548 2
-0.0176611 0.0668614 0.266 2
-0.0485587 0.0697511 0.266 2
-0.0465736 0.0703953 0.265455 2
-0.0436053 0.0705426 0.264476 2
-0.0403133 0.0705268 0.264077 2
-0.0374019 0.0706075 0.264174 2
-0.0344476 0.0707067 0.264423 2
-0.0318106 0.0705659 0.264956 2
-0.0285265 0.0706403 0.265 2
-0.025314 0.0704004 0.265 2
-0.0224917 0.0703739 0.26508 2
-0.0200763 0.0704355 0.265824 2
-0.0462486 0.0734663 0.266 2
-0.043418 0.0734344 0.265 2
-0.0403852 0.073679 0.265 2
-0.0373294 0.0735758 0.26463 2
-0.0344372 0.0735284 0.264 2
-0.0316298 0.0735207 0.264827 2
-0.028631 0.073456 0.265242 2
-0.0253923 0.0733207 0.26532 2
-0.0225426 0.0734201 0.26568 2
-0.0208375 0.0735075 0.266 2
-0.0462486 0.0764453 0.266 2
-0.0433235 0.0764532 0.265428 2
-0.0403212 0.0766857 0.265 2
-0.0374334 0.0766629 0.26492 2
-0.0344894 0.0765134 0.2644 2
-0.031676 0.0766512 0.26488 2
-0.0284732 0.0765978 0.265242 2
-0.0254258 0.0765886 0.265667 2
-0.0226212 0.0764822 0.265852 2
-0.0208375 0.0763971 0.266 2
-0.0459599 0.0784198 0.266 2
-0.043361 0.0792868 0.266 2
-0.0403644 0.079648 0.26528 2
-0.0375197 0.0793882 0.265143 2
-0.0345677 0.0795644 0.265 2
-0.0316909 0.0795644 0.265 2
-0.0285143 0.0795615 0.264806 2
-0.025362 0.0795644 0.265 2
-0.0224439 0.0794536 0.26525 2
-0.0203369 0.079554 0.265929 2
-0.043135 0.0821764 0.266 2
-0.0403212 0.0824432 0.265 2
-0.0374241 0.082247 0.265138 2
-0.0345677 0.0824432 0.265 2
-0.0316909 0.0824432 0.265 2
-0.0285165 0.0824829 0.265 2
-0.025362 0.0824432 0.265 2
-0.0224852 0.0824432 0.265 2
-0.0196187 0.0824182 0.26569 2
-0.0168911 0.0828506 0.266 2
-0.0423023 0.0854513 0.266 2
-0.0402713 0.0853758 0.264961 2
-0.0373651 0.0854256 0.264433 2
-0.0344807 0.0845323 0.264333 2
-0.0315178 0.08505 0.264391 2
-0.028568 0.0854483 0.264765 2
-0.025362 0.085322 0.265 2
-0.0224852 0.085322 0.265 2
-0.0196141 0.0853474 0.26508 2
-0.0164718 0.0854717 0.265467 2
-0.0141959 0.0865109 0.266 2
-0.0465706 0.0895556 0.265706 2
-0.0432132 0.0890564 0.265429 2
-0.0403262 0.0883828 0.2644 2
-0.0377235 0.0881355 0.264 2
-0.0283822 0.0879338 0.2642 2
-0.025519 0.0883977 0.264529 2
-0.0224569 0.0883758 0.264667 2
-0.0195838 0.0883759 0.264667 2
-0.016444 0.0884886 0.265 2
-0.0137628 0.0887503 0.266 2
-0.0488475 0.0914232 0.266 2
-0.0466501 0.0916552 0.265 2
-0.0436455 0.0917192 0.265 2
-0.0405881 0.091219 0.264083 2
-0.0384495 0.0901622 0.264 2
-0.027559 0.0913094 0.264 2
-0.0257292 0.091177 0.264 2
-0.0222093 0.0902578 0.264 2
-0.0193781 0.0912312 0.264 2
-0.0165427 0.0916715 0.265286 2
-0.0136694 0.0915591 0.266 2
-0.0115971 0.092579 0.266 2
-0.0488475 0.0943128 0.266 2
-0.0466474 0.0946848 0.264759 2
-0.0435569 0.0945526 0.264733 2
-0.0411174 0.0938465 0.2642 2
-0.027559 0.0933169 0.264 2
-0.0264126 0.0933169 0.264 2
-0.0190568 0.0936993 0.264 2
-0.0163651 0.094031 0.264461 2
-0.0134757 0.0944737 0.26471 2
-0.011037 0.0946257 0.265563 2
-0.0548514 0.0975739 0.265923 2
-0.0525619 0.0977059 0.2658 2
-0.0494833 0.097394 0.265258 2
-0.0471428 0.0974275 0.264 2
-0.0132386 0.0975775 0.2642 2
-0.0104973 0.0977048 0.265522 2
-0.0541297 0.09914 0.265 2
-0.0520717 0.100019 0.264429 2
-0.0497011 0.100031 0.264474 2
-0.0129161 0.100114 0.264111 2
-0.0104486 0.100386 0.265077 2
-0.00765939 0.101458 0.266 2
-0.00466675 0.101537 0.266 2
-0.00293417 0.101537 0.266 2
-0.0120831 0.103546 0.264 2
-0.0102581 0.103352 0.264592 2
-0.00762971 0.103459 0.266 2
-0.00466675 0.102693 0.266 2
-0.00293417 0.102693 0.266 2
-0.00813191 0.105293 0.266 2
0.00140253 -0.0782015 0.267 2
-4.67165e-05 -0.0761712 0.267 2
0.00171877 -0.0761904 0.267462 2
-4.67165e-05 -0.0735607 0.267 2
0.00169831 -0.0733153 0.2678 2
-4.67748e-05 -0.0704566 0.267333 2
0.00165707 -0.0704891 0.268308 2
-4.68915e-05 -0.0674313 0.268 2
0.00153771 -0.0676786 0.268762 2
-4.68215e-05 -0.0644249 0.2676 2
0.00174485 -0.0644609 0.268759 2
-4.67515e-05 -0.0614238 0.2672 2
0.00170433 -0.061288 0.26864 2
-4.68915e-05 -0.0586972 0.268 2
0.000925223 -0.0589244 0.268444 2
-4.69789e-05 -0.0555966 0.2685 2
0.000535975 -0.0555966 0.2685 2
-4.69265e-05 -0.0523322 0.2682 2
0.000535376 -0.0523322 0.2682 2
-0.000521141 -0.0490137 0.267727 2
0.000536175 -0.0494902 0.2686 2
-0.00062653 -0.0464118 0.267667 2
0.000536973 -0.046643 0.269 2
-0.000771396 -0.043596 0.267333 2
0.000536973 -0.0445974 0.269 2
-0.000916949 -0.0405247 0.2672 2
-0.000920267 -0.0374668 0.268167 2
-0.00149939 -0.0345319 0.268 2
-0.00155178 -0.0314781 0.267909 2
-0.00149939 -0.0284192 0.268 2
-0.00164832 -0.0256166 0.268375 2
-0.00150173 -0.0226216 0.2683 2
-0.00208343 -0.0196852 0.268 2
-0.00208343 -0.0164827 0.268 2
-0.00175192 -0.0133779 0.268286 2
-0.0685015 -0.00979805 0.268333 2
-0.0035249 -0.00916997 0.267 2
-0.00216319 -0.0102661 0.268091 2
-0.0676369 -0.00747377 0.2686 2
-0.0035249 -0.00742968 0.267 2
-0.00237587 -0.00746679 0.268333 2
-0.0676564 -0.00455311 0.26844 2
-0.0655525 -0.0045292 0.267 2
-0.00378277 -0.00420983 0.267714 2
-0.00295623 -0.00454616 0.268 2
-0.0676564 -0.00163802 0.26844 2
-0.0655525 -0.00162872 0.267 2
-0.00411252 -0.00163209 0.2676 2
-0.00296505 -0.00163883 0.2688 2
-0.0672951 0.00109407 0.268105 2
-0.0656016 0.00127359 0.2672 2
-0.00411164 0.00127474 0.267533 2
-0.00296285 0.00128069 0.2686 2
-0.0672833 0.00463682 0.2687 2
-0.0651011 0.00464985 0.267375 2
-0.00411706 0.00447764 0.267889 2
-0.00296726 0.00449573 0.269 2
-0.0673106 0.00756421 0.268706 2
-0.0651192 0.0076709 0.2676 2
-0.00411164 0.00766768 0.267533 2
-0.00296285 0.00769739 0.2686 2
-0.0669196 0.0106324 0.269 2
-0.0649253 0.0105928 0.268 2
-0.00411383 0.0105807 0.267667 2
-0.00296285 0.0106179 0.2686 2
-0.0667736 0.0134815 0.269 2
-0.0647799 0.013474 0.2674 2
-0.00472351 0.0135192 0.267762 2
-0.00296726 0.0129701 0.269 2
-0.0663356 0.0158923 0.269 2
-0.0643561 0.0165316 0.267778 2
-0.00671324 0.0169344 0.267 2
-0.00499684 0.0164346 0.2683 2
-0.0644169 0.0193492 0.2683 2
-0.00671324 0.0195449 0.267 2
-0.005001 0.0193629 0.2685 2
-0.0642302 0.0222652 0.268333 2
-0.0623642 0.0227353 0.267 2
-0.00671324 0.0227353 0.267 2
-0.00528782 0.0222582 0.26825 2
-0.0645284 0.0256248 0.268546 2
-0.0623642 0.0256358 0.267 2
-0.00671826 0.0256559 0.2672 2
-0.00558712 0.0257908 0.2686 2
-0.0643513 0.0285284 0.268529 2
-0.0623642 0.0285363 0.267 2
-0.00724249 0.0287246 0.267556 2
-0.00559544 0.0287501 0.269 2
-0.0639994 0.0310878 0.269 2
-0.0621664 0.0317533 0.267571 2
-0.00932187 0.032597 0.267 2
-0.00737912 0.0315714 0.267667 2
-0.00559544 0.0307956 0.269 2
-0.0631233 0.0345945 0.269 2
-0.0616802 0.0344408 0.2678 2
-0.00932187 0.0343373 0.267 2
-0.00761469 0.0344916 0.2682 2
-0.0613215 0.037415 0.268267 2
-0.0598115 0.0375638 0.26725 2
-0.00991089 0.037662 0.267267 2
-0.00820659 0.0374432 0.268467 2
-0.061131 0.0402302 0.268583 2
-0.0599793 0.0402886 0.268 2
-0.00991322 0.0405751 0.267333 2
-0.00821271 0.0403888 0.268667 2
-0.0610114 0.0433134 0.2687 2
-0.0593545 0.0437298 0.267429 2
-0.0125103 0.044779 0.267 2
-0.0104974 0.0435748 0.26744 2
-0.00821271 0.0433074 0.268667 2
-0.0610792 0.0462833 0.269 2
-0.0588467 0.0467517 0.267381 2
-0.0125102 0.0465193 0.267 2
-0.010553 0.0465037 0.268217 2
-0.00880766 0.0462833 0.269 2
-0.0607872 0.0491081 0.269 2
-0.0585919 0.0494246 0.267435 2
-0.0125102 0.0494198 0.267 2
-0.0104793 0.0495225 0.268571 2
-0.00880766 0.0494978 0.269 2
-0.0602031 0.0527122 0.269 2
-0.0585263 0.0525162 0.268 2
-0.0568571 0.0529004 0.267 2
-0.0128415 0.0525689 0.267 2
-0.0105275 0.0525554 0.2682 2
-0.00826855 0.052892 0.269 2
-0.0581372 0.0556169 0.268444 2
-0.0561808 0.0555108 0.267 2
-0.0151188 0.056381 0.267 2
-0.0132952 0.0554444 0.267348 2
-0.0106329 0.0554149 0.268304 2
-0.00880766 0.05505 0.269 2
-0.0578792 0.0582014 0.268375 2
-0.05539 0.0586215 0.267222 2
-0.0151188 0.0587013 0.267 2
-0.013419 0.0584114 0.2678 2
-0.0111021 0.0583062 0.269 2
-0.057575 0.0614788 0.269 2
-0.0555747 0.0614961 0.2678 2
-0.0536687 0.0618918 0.267 2
-0.0154087 0.0616018 0.267 2
-0.0134572 0.0615215 0.268148 2
-0.0114359 0.0608944 0.269 2
-0.057575 0.0632322 0.269 2
-0.0554125 0.0644395 0.268588 2
-0.0531129 0.0646924 0.267231 2
-0.0157399 0.0647509 0.267 2
-0.0134294 0.0645148 0.268522 2
-0.0548794 0.0674339 0.268667 2
-0.0526875 0.0676135 0.267294 2
-0.0180173 0.0682729 0.267 2
-0.0161576 0.0676432 0.267636 2
-0.0137071 0.0671934 0.269 2
-0.0547296 0.0701518 0.268889 2
-0.0523852 0.0705255 0.26784 2
-0.0495384 0.0707384 0.267 2
-0.01851 0.0706921 0.267273 2
-0.0163571 0.0706511 0.26832 2
-0.0142887 0.0704253 0.269 2
-0.0543627 0.0737521 0.269 2
-0.0525337 0.0736424 0.2686 2
-0.049326 0.0734882 0.267357 2
-0.0473887 0.0738806 0.267 2
-0.0191218 0.0736266 0.267107 2
-0.0163809 0.0735337 0.267962 2
-0.014356 0.0737521 0.269 2
-0.0543627 0.0760899 0.269 2
-0.0524254 0.0764742 0.268565 2
-0.0494984 0.0765444 0.26708 2
-0.0475819 0.076491 0.267 2
-0.0191767 0.0766843 0.267 2
-0.0163261 0.0764483 0.2678 2
-0.013898 0.0767858 0.268625 2
-0.0522609 0.0795084 0.2687 2
-0.0493374 0.079477 0.267381 2
-0.0465589 0.0799943 0.267 2
-0.0187675 0.0794483 0.267 2
-0.0162548 0.0794255 0.267276 2
-0.013439 0.0793598 0.2682 2
-0.0116306 0.0797913 0.269 2
-0.0517346 0.0816421 0.269 2
-0.0494925 0.0824606 0.268037 2
-0.0464225 0.0824853 0.267 2
-0.0443936 0.0833554 0.267 2
-0.0157951 0.0820019 0.267 2
-0.0134136 0.0824102 0.2677 2
-0.0114426 0.0825377 0.268545 2
-0.0491497 0.0855924 0.268294 2
-0.0465199 0.0855654 0.26756 2
-0.0439289 0.0855185 0.267111 2
-0.0133311 0.0854653 0.267565 2
-0.0111293 0.0855292 0.268667 2
-0.0495909 0.0883856 0.267846 2
-0.0464396 0.0880289 0.2671 2
-0.0439509 0.0878903 0.267154 2
-0.0127072 0.0880595 0.267273 2
-0.0108233 0.0884292 0.268318 2
-0.0518465 0.0916043 0.268714 2
-0.0500518 0.0913178 0.267143 2
-0.0126069 0.0913157 0.267 2
-0.0107651 0.0915435 0.267826 2
-0.0551512 0.0948036 0.268391 2
-0.0525797 0.0947007 0.268281 2
-0.0501905 0.0946674 0.267 2
-0.00976357 0.0942883 0.267467 2
-0.00836144 0.0948495 0.26875 2
-0.055118 0.0964076 0.267 2
-0.0523296 0.096376 0.267143 2
-0.00961172 0.0966977 0.267 2
-0.00774679 0.0977171 0.268542 2
-0.00471938 0.0985909 0.269 2
-0.00296726 0.0985909 0.269 2
-0.00749147 0.100017 0.267348 2
-0.00469131 0.100036 0.2674 2
-0.00206392 0.0999001 0.267526 2
-0.0046843 0.104239 0.267 2
-0.0029452 0.104239 0.267 2
-0.00671323 0.105399 0.267 2
-0.00497414 0.105399 0.267 2
0.0025907 -0.0676412 0.27 2
0.00215105 -0.0583287 0.27 2
0.00201264 -0.0555257 0.271 2
0.00201672 -0.0523853 0.2715 2
0.00186842 -0.0496348 0.271375 2
0.00142616 -0.0467804 0.2715 2
-4.72414e-05 -0.0430034 0.27 2
0.00113218 -0.0432157 0.271333 2
-4.72414e-05 -0.0403636 0.27 2
0.00113218 -0.0405629 0.271333 2
-4.73464e-05 -0.0375124 0.2706 2
0.000540167 -0.0375124 0.2706 2
-4.74164e-05 -0.0346252 0.271 2
0.000540966 -0.0346252 0.271 2
-4.73814e-05 -0.0316588 0.2708 2
0.00108717 -0.0311991 0.271538 2
-4.73581e-05 -0.0284054 0.270667 2
0.0005403 -0.0284054 0.270667 2
-0.000438242 -0.0253453 0.271111 2
0.000542962 -0.0252976 0.272 2
-0.000298674 -0.0219363 0.271143 2
0.000542164 -0.0223087 0.2716 2
-0.000633568 -0.019293 0.270667 2
0.000542962 -0.019388 0.272 2
-0.000633556 -0.0163489 0.2706 2
0.000542563 -0.016422 0.2718 2
-0.000526979 -0.0133036 0.270636 2
0.000541764 -0.0134474 0.2714 2
-0.000780634 -0.0106126 0.2705 2
0.000542962 -0.0114101 0.272 2
-0.0692201 -0.00721986 0.27 2
-0.0686339 -0.00721986 0.27 2
-0.000931362 -0.00755082 0.2714 2
-0.00176707 -0.00484486 0.270714 2
-0.00210675 -0.00165312 0.271 2
-0.0692201 0.00187267 0.27 2
-0.0686339 0.00187267 0.27 2
-0.00176707 0.0013745 0.270714 2
-0.0692201 0.00421913 0.27 2
-0.0686339 0.00421913 0.27 2
-0.00210675 0.00423476 0.271 2
-0.00151749 0.00747696 0.271167 2
-0.00176929 0.0104591 0.271 2
-0.0677546 0.0138983 0.27 2
-0.00356451 0.0144849 0.27 2
-0.00225201 0.0137936 0.270833 2
-0.0674913 0.0168079 0.270286 2
-0.00356715 0.0165512 0.2702 2
-0.00240319 0.0166241 0.2714 2
-0.0672121 0.0194744 0.271062 2
-0.00357771 0.0195432 0.271 2
-0.00273939 0.0192261 0.271286 2
-0.0670739 0.0224694 0.2708 2
-0.0654097 0.0232841 0.27 2
-0.00405014 0.0227619 0.270455 2
-0.00298933 0.0224872 0.271 2
-0.0669748 0.0253757 0.2704 2
-0.00391479 0.0254837 0.270895 2
-0.00298933 0.0242535 0.271 2
-0.0670075 0.0283269 0.270533 2
-0.0659462 0.0295526 0.271 2
-0.003939 0.0282677 0.271222 2
-0.0670318 0.031252 0.271143 2
-0.0651199 0.0316089 0.270385 2
-0.00489377 0.0317156 0.270625 2
-0.0664848 0.0340938 0.272 2
-0.0648521 0.0344647 0.271154 2
-0.00503991 0.0345061 0.2706 2
-0.0644257 0.0372474 0.271562 2
-0.0627718 0.0376562 0.27 2
-0.00678866 0.0376562 0.27 2
-0.00505689 0.0375699 0.2715 2
-0.0630043 0.0407396 0.271 2
-0.0624159 0.0413284 0.271 2
-0.00678866 0.0405892 0.27 2
-0.00520193 0.0403527 0.271375 2
-0.0630043 0.0436835 0.271 2
-0.0624159 0.0436835 0.271 2
-0.00678866 0.0435223 0.27 2
-0.00563705 0.0436835 0.271 2
-0.0637937 0.0465403 0.271706 2
-0.0624159 0.0466275 0.271 2
-0.00738242 0.0465077 0.2703 2
-0.00564952 0.046732 0.2716 2
-0.0635013 0.0492587 0.271444 2
-0.0618107 0.0497916 0.270455 2
-0.00738745 0.0494799 0.2705 2
-0.00565785 0.0497543 0.272 2
-0.0631903 0.0526712 0.2718 2
-0.0617679 0.0524645 0.270733 2
-0.00712364 0.0520701 0.27 2
-0.0056412 0.0525549 0.2712 2
-0.0632368 0.054482 0.272 2
-0.061373 0.0554732 0.271067 2
-0.0598407 0.0555479 0.27 2
-0.00942661 0.0564278 0.27 2
-0.00740354 0.0555485 0.270526 2
-0.00565785 0.0553684 0.272 2
-0.0611443 0.0585975 0.271444 2
-0.0592545 0.0588721 0.27 2
-0.00990622 0.0588276 0.27 2
-0.00769753 0.0584294 0.27112 2
-0.0610585 0.0614603 0.2715 2
-0.0589614 0.0617074 0.27 2
-0.0103305 0.0617978 0.270263 2
-0.00830442 0.061498 0.271667 2
-0.0608531 0.0642082 0.271714 2
-0.0584821 0.064658 0.2704 2
-0.0566166 0.0655204 0.27 2
-0.0106454 0.0645454 0.270565 2
-0.00830442 0.0644492 0.271667 2
-0.0587528 0.0674276 0.271526 2
-0.0566166 0.0675735 0.27 2
-0.0126508 0.0681601 0.27 2
-0.0106241 0.0673905 0.27068 2
-0.00830879 0.0674339 0.2718 2
-0.0583493 0.0703152 0.271526 2
-0.056056 0.0707027 0.270231 2
-0.012902 0.0705904 0.27 2
-0.0106135 0.0705183 0.270963 2
-0.00890589 0.0704379 0.272 2
-0.0578515 0.073499 0.271667 2
-0.0558068 0.0735304 0.270333 2
-0.0129439 0.0734397 0.27 2
-0.0107979 0.0735728 0.271524 2
-0.00890589 0.0728018 0.272 2
-0.0578515 0.0764502 0.271667 2
-0.0557292 0.0765345 0.270312 2
-0.0539786 0.077546 0.27 2
-0.0128373 0.0760528 0.27 2
-0.0109494 0.0764872 0.27145 2
-0.0578515 0.0794014 0.271667 2
-0.055599 0.0795261 0.27075 2
-0.0539786 0.0793058 0.27 2
-0.0123577 0.0781326 0.27 2
-0.0105005 0.0794022 0.271095 2
-0.00890589 0.0798933 0.272 2
-0.060284 0.083439 0.272 2
-0.0580335 0.0824804 0.271706 2
-0.0554882 0.0825826 0.270864 2
-0.0528407 0.0826875 0.27 2
-0.0100426 0.0825888 0.270833 2
-0.00890043 0.0825011 0.271833 2
-0.060284 0.08403 0.272 2
-0.0583155 0.0855074 0.272 2
-0.0555274 0.0857529 0.27184 2
-0.0524954 0.0857553 0.271 2
-0.0504614 0.0860519 0.27 2
-0.00970258 0.085684 0.270273 2
-0.00802994 0.086 0.271278 2
-0.058217 0.0887577 0.272 2
-0.0555187 0.0886915 0.2718 2
-0.0526549 0.0885904 0.271 2
-0.00942661 0.0886917 0.27 2
-0.00769989 0.0886139 0.2712 2
-0.00565785 0.0890532 0.272 2
-0.0578851 0.0913295 0.271176 2
-0.0554489 0.091469 0.270536 2
-0.0533325 0.0913601 0.270154 2
-0.00942661 0.0916247 0.27 2
-0.00777475 0.091444 0.27113 2
-0.0574959 0.0933846 0.27 2
-0.0557373 0.0933846 0.27 2
-0.0539786 0.0933846 0.27 2
-0.00732747 0.0943978 0.270667 2
-0.00535737 0.0953179 0.27175 2
-0.00678866 0.096611 0.27 2
-0.00465713 0.0971738 0.270692 2
-0.00145955 0.0979876 0.27112 2
0.000541631 0.0985604 0.271333 2
-0.00121966 0.0992507 0.27 2
0.000538969 0.0992507 0.27 2
0.00380494 -0.0553438 0.273 2
0.00380494 -0.0526747 0.273 2
0.00261949 -0.0488193 0.273 2
0.00380494 -0.0497091 0.273 2
0.00245289 -0.0463671 0.273286 2
0.00381423 -0.0465588 0.273667 2
0.00242992 -0.043613 0.273833 2
0.00383281 -0.043501 0.275 2
0.00243311 -0.0401928 0.274167 2
0.00387546 -0.0406843 0.275 2
0.00203636 -0.0373897 0.274 2
0.00383281 -0.0375262 0.275 2
0.00203061 -0.0343383 0.2734 2
0.00381888 -0.0344132 0.274 2
0.00242512 -0.0315568 0.273333 2
0.0038133 -0.0313904 0.2736 2
0.00196789 -0.0285686 0.273778 2
0.00383282 -0.0288628 0.275 2
0.00143929 -0.0254836 0.274 2
0.00178198 -0.0224452 0.274286 2
0.00178198 -0.0192949 0.274286 2
0.00203899 -0.0165843 0.2745 2
0.00383282 -0.016017 0.275 2
0.00188775 -0.0138075 0.274125 2
0.00383282 -0.014822 0.275 2
-4.77663e-05 -0.00996917 0.273 2
0.0011973 -0.0106588 0.274091 2
-4.79063e-05 -0.00761804 0.2738 2
0.000546555 -0.00761804 0.2738 2
-0.000532849 -0.0043192 0.273727 2
0.000548152 -0.00465682 0.2746 2
-0.000640582 -0.001669 0.273533 2
0.000548152 -0.00167638 0.2746 2
-0.000532849 0.00119656 0.273727 2
0.000548152 0.00130927 0.2746 2
-0.000640606 0.00427643 0.273667 2
0.00054895 0.00429726 0.275 2
-4.80113e-05 0.00726745 0.2744 2
0.000547752 0.00726745 0.2744 2
-0.000532833 0.0108688 0.273636 2
0.000547752 0.0102509 0.2744 2
-0.000640606 0.0135906 0.273667 2
0.00054895 0.0132594 0.275 2
-0.000641979 0.0165888 0.274067 2
0.00054895 0.0162468 0.275 2
-0.00153258 0.01975 0.273875 2
-0.00153301 0.0224374 0.274 2
-0.00153301 0.0254139 0.274 2
-0.00330775 0.0297707 0.273 2
-0.00168519 0.0282803 0.274375 2
-0.00330775 0.0315501 0.273 2
-0.00213629 0.031759 0.2748 2
-0.0667292 0.035702 0.273 2
-0.00330775 0.0345158 0.273 2
-0.00193494 0.0349035 0.2745 2
-0.066827 0.0375376 0.2734 2
-0.0655438 0.0383712 0.273 2
-0.00330775 0.0374814 0.273 2
-0.0016028 0.037547 0.274444 2
-0.066774 0.0406554 0.2744 2
-0.0647344 0.0404965 0.273333 2
-0.00364991 0.0407446 0.273286 2
-0.00213629 0.0407146 0.2748 2
-0.0668392 0.0436778 0.274667 2
-0.0647344 0.0434658 0.273333 2
-0.00390653 0.0434923 0.2735 2
-0.00213785 0.0428346 0.275 2
-0.0667414 0.0465927 0.274267 2
-0.0654864 0.0465483 0.274 2
-0.00390653 0.0464634 0.2735 2
-0.0668066 0.0496218 0.274533 2
-0.0649851 0.0498399 0.273556 2
-0.00391017 0.0494893 0.2738 2
-0.0667891 0.0523501 0.274909 2
-0.064845 0.0524644 0.2738 2
-0.00391259 0.0525014 0.274 2
-0.0663225 0.0547841 0.275 2
-0.0645514 0.0554911 0.274067 2
-0.0628765 0.0558686 0.273 2
-0.00398259 0.0553908 0.274222 2
-0.0642543 0.0586477 0.274412 2
-0.0628765 0.057648 0.273 2
-0.0050958 0.0583695 0.2736 2
-0.0634042 0.0614309 0.274 2
-0.0068641 0.0617999 0.273 2
-0.0051107 0.0615211 0.2744 2
-0.0636804 0.0645862 0.274333 2
-0.0619874 0.0653587 0.273 2
-0.0068641 0.0647655 0.273 2
-0.00511278 0.064525 0.2745 2
-0.0636357 0.0670325 0.275 2
-0.0614298 0.0677092 0.273444 2
-0.00678725 0.0678306 0.273182 2
-0.0052116 0.0671807 0.274467 2
-0.0617376 0.0705499 0.274222 2
-0.0596166 0.0715865 0.273 2
-0.00720449 0.0706661 0.273783 2
-0.00542172 0.0706173 0.275 2
-0.0615561 0.0732134 0.274375 2
-0.0596165 0.0736625 0.273 2
-0.00953135 0.0745523 0.273 2
-0.00730959 0.0735972 0.273741 2
-0.00542172 0.0736047 0.275 2
-0.0612143 0.0764593 0.275 2
-0.0596166 0.0766282 0.273 2
-0.00953135 0.0766282 0.273 2
-0.0076849 0.0765334 0.274167 2
-0.00542172 0.0753971 0.275 2
-0.0611098 0.0797959 0.274571 2
-0.0595836 0.0794621 0.273 2
-0.00953135 0.0787041 0.273 2
-0.00762779 0.0793684 0.274364 2
-0.061047 0.0819683 0.274286 2
-0.0595178 0.0824607 0.273 2
-0.00735449 0.0825159 0.27412 2
-0.00542172 0.0831644 0.275 2
-0.00700273 0.0849757 0.273706 2
-0.00527113 0.0860492 0.274385 2
-0.00416087 0.0882699 0.2735 2
-0.00213785 0.0888404 0.275 2
-0.00441025 0.0915896 0.273143 2
-0.0014057 0.0915839 0.27452 2
0.00114602 0.0921265 0.275 2
-0.0068641 0.0935325 0.273 2
-0.00431741 0.0944439 0.273461 2
-0.00117426 0.0946375 0.274179 2
0.00114393 0.0946411 0.2745 2
-0.00330775 0.0964981 0.273 2
-0.00103681 0.0968726 0.2735 2
0.00113977 0.097268 0.2735 2
0.00376046 -0.040407 0.277 2
0.00264828 -0.0274686 0.276 2
0.00384675 -0.0274686 0.276 2
0.00264828 -0.0256696 0.276 2
0.00384675 -0.0256696 0.276 2
0.00264828 -0.0228713 0.276 2
0.00384675 -0.0226714 0.276 2
0.00264828 -0.0202728 0.276 2
0.00384675 -0.0196731 0.276 2
0.00384675 -0.0175744 0.276 2
0.00264828 -0.0127771 0.276 2
0.00384675 -0.0133768 0.276 2
0.00245333 -0.0104967 0.2765 2
0.00386348 -0.0107239 0.2772 2
0.00205576 -0.00769895 0.2767 2
0.00387463 -0.00773578 0.278 2
0.00205384 -0.00469035 0.2765 2
0.00386069 -0.00469883 0.277 2
0.00205384 -0.00168667 0.2765 2
0.00386627 -0.00169085 0.2774 2
0.00205916 0.00132031 0.2771 2
0.00387463 0.00132416 0.278 2
0.00206126 0.00433633 0.2775 2
0.00387463 0.00434414 0.278 2
0.00206074 0.0073478 0.2774 2
0.00387463 0.00736412 0.278 2
0.00206074 0.0103621 0.2774 2
0.00387463 0.0103841 0.278 2
0.00205969 0.0133649 0.2772 2
0.00387463 0.0124981 0.278 2
0.00165625 0.0161644 0.277 2
-4.83262e-05 0.019319 0.2762 2
0.00115732 0.0194023 0.2774 2
-4.83962e-05 0.0223496 0.2766 2
0.00115759 0.0224259 0.277533 2
-4.82912e-05 0.0253007 0.276 2
0.00111055 0.0252276 0.277231 2
-0.000447862 0.0287447 0.276444 2
0.000552544 0.0283818 0.2768 2
-0.000647647 0.0313728 0.276667 2
0.000554939 0.031524 0.278 2
-0.000647623 0.0343612 0.276533 2
0.000554141 0.0344929 0.2776 2
-4.84662e-05 0.0374288 0.277 2
0.000552943 0.0374288 0.277 2
-0.000647647 0.0403892 0.276667 2
0.000554939 0.0405839 0.278 2
-0.00120867 0.0435547 0.276667 2
0.000554939 0.0423959 0.278 2
-0.0015481 0.0463723 0.2765 2
-0.00154947 0.0494478 0.2769 2
-0.0674625 0.0534842 0.276 2
-0.00155059 0.0524937 0.2771 2
-0.0673942 0.0555009 0.276333 2
-0.0659644 0.0561827 0.276 2
-0.0015537 0.0555836 0.2775 2
-0.0672708 0.0585153 0.27675 2
-0.0659644 0.0579816 0.276 2
-0.0033441 0.0582814 0.276 2
-0.00215339 0.0584926 0.277 2
-0.067148 0.0615204 0.277368 2
-0.0650656 0.0615795 0.276 2
-0.0033441 0.0612797 0.276 2
-0.00215339 0.0615017 0.277 2
-0.0668603 0.0643346 0.276846 2
-0.0652454 0.064218 0.276 2
-0.0033441 0.064278 0.276 2
-0.00215962 0.064698 0.2778 2
-0.0662034 0.06752 0.277 2
-0.0649051 0.0675175 0.276167 2
-0.00355394 0.0676792 0.276833 2
-0.00216117 0.0668577 0.278 2
-0.0663946 0.0707336 0.2778 2
-0.0646316 0.0704529 0.2767 2
-0.00395303 0.0704788 0.2768 2
-0.0664424 0.0728977 0.278 2
-0.0646449 0.0733984 0.277533 2
-0.0626686 0.074472 0.276 2
-0.00402069 0.0733745 0.276889 2
-0.0640905 0.0760737 0.277833 2
-0.0624142 0.0763271 0.2762 2
-0.00604067 0.0768706 0.276 2
-0.00415643 0.0764471 0.277304 2
-0.0638333 0.0795881 0.277714 2
-0.0621144 0.0793258 0.2762 2
-0.00604067 0.0792692 0.276 2
-0.00419234 0.0794751 0.277185 2
-0.0642505 0.0812098 0.277 2
-0.0629682 0.081368 0.276 2
-0.00604067 0.0816678 0.276 2
-0.00414544 0.0823444 0.276522 2
-0.00195998 0.0824609 0.278 2
-0.00387945 0.0852004 0.276222 2
-0.00136888 0.0853466 0.277615 2
0.000554939 0.0855816 0.278 2
-0.0033441 0.0870647 0.276 2
-0.000922248 0.0881569 0.276955 2
0.00162144 0.0887004 0.277731 2
-0.00040787 0.090488 0.2762 2
0.00142544 0.0907018 0.276455 2
0.00388857 0.0140585 0.279 2
0.00267706 0.0167862 0.279 2
0.00389414 0.0165081 0.2794 2
0.00267898 0.0195288 0.2792 2
0.00391644 0.0196539 0.281 2
0.0026128 0.0224185 0.28025 2
0.00368765 0.0224775 0.281 2
0.00192839 0.0258156 0.28 2
0.0030013 0.0248432 0.281 2
0.00146767 0.0286488 0.2794 2
0.00147082 0.0317507 0.28 2
0.00146872 0.0347415 0.2796 2
0.00165069 0.0373275 0.2794 2
0.0030013 0.0370536 0.281 2
0.00147082 0.0402675 0.28 2
-4.88161e-05 0.0440638 0.279 2
0.00121346 0.0436353 0.280429 2
-4.88161e-05 0.0464885 0.279 2
0.00121346 0.0465085 0.280429 2
-4.88161e-05 0.0492162 0.279 2
0.00116969 0.0494514 0.280333 2
-4.88161e-05 0.0522471 0.279 2
0.00116689 0.0523963 0.2798 2
-4.89211e-05 0.0553981 0.2796 2
0.00117009 0.0555822 0.280533 2
-0.000608039 0.0585757 0.279385 2
0.000820969 0.0582286 0.280286 2
-0.000697923 0.0613626 0.2795 2
0.000560428 0.0614202 0.28075 2
-0.000655142 0.0643521 0.2798 2
0.000560927 0.0642214 0.281 2
-0.00114893 0.0676492 0.279875 2
0.000560927 0.0663581 0.281 2
-0.00163241 0.0704374 0.279556 2
-0.0663785 0.0743722 0.279 2
-0.00156662 0.073421 0.28 2
-0.0665213 0.0766596 0.2796 2
-0.065167 0.0771 0.279 2
-0.00133525 0.0765882 0.27988 2
0.000560927 0.0770422 0.281 2
-0.0664975 0.0793625 0.2795 2
-0.0651671 0.0792216 0.279 2
-0.00128793 0.0795092 0.279783 2
0.000822395 0.0798331 0.281 2
-0.000617181 0.0821719 0.279375 2
0.00154584 0.0827235 0.279833 2
-4.88161e-05 0.084374 0.279 2
0.0019992 0.0855286 0.279 2
0.00267706 0.087708 0.279 2
0.00515491 0.0169667 0.282 2
0.00519146 0.0189381 0.284 2
0.00486249 0.023001 0.28275 2
0.00239972 0.0261571 0.282 2
0.00442019 0.025412 0.283 2
0.00239972 0.0283014 0.282 2
0.00425894 0.0284381 0.28336 2
0.00239972 0.0313649 0.282 2
0.00425086 0.0314624 0.28288 2
0.00239972 0.0344283 0.282 2
0.0042494 0.034526 0.2828 2
0.00239972 0.0376959 0.282 2
0.00436578 0.0377043 0.283391 2
0.00240653 0.0406711 0.2828 2
0.00381011 0.0404565 0.2836 2
0.00240823 0.0434658 0.283 2
0.00369094 0.0433552 0.283714 2
0.00240823 0.0462327 0.283 2
0.00353298 0.0462096 0.283545 2
0.00240681 0.0495843 0.282833 2
0.00392368 0.0496973 0.28365 2
0.00240185 0.0525499 0.28225 2
0.00423513 0.0524512 0.283682 2
0.00240823 0.0554556 0.283 2
0.00328997 0.055159 0.283286 2
0.00179124 0.0586185 0.282444 2
0.00302622 0.057984 0.283333 2
0.00148657 0.0616042 0.283 2
0.00148657 0.0646785 0.283 2
-4.9341e-05 0.068126 0.282 2
0.00127342 0.0678389 0.282769 2
-4.9341e-05 0.0705768 0.282 2
0.00113294 0.0706189 0.282923 2
-4.9341e-05 0.0736402 0.282 2
0.00118219 0.073577 0.283333 2
-4.9341e-05 0.0757847 0.282 2
0.00148739 0.0766674 0.283 2
0.00426656 0.0775562 0.284 2
0.00183586 0.0793856 0.282154 2
0.00343492 0.0790542 0.283111 2
0.00241674 0.0824924 0.284 2
0.00303334 0.0824924 0.284 2
0.00520975 0.0143608 0.285 2
0.00520975 0.0155992 0.285 2
0.00520975 0.0409866 0.285 2
0.00520975 0.0434634 0.285 2
0.00485616 0.0466479 0.285 2
0.00520975 0.0490362 0.285 2
0.00520975 0.0539899 0.285 2
0.00467937 0.0556706 0.285 2
0.00242525 0.0595627 0.285 2
0.00445651 0.0584113 0.285737 2
0.00242865 0.0615078 0.2854 2
0.00356745 0.0613551 0.286273 2
0.00243376 0.0647427 0.286 2
0.00305471 0.0647427 0.286 2
0.00243036 0.0677534 0.2856 2
0.00305043 0.0677534 0.2856 2
0.00242738 0.0704614 0.28525 2
0.00361872 0.0705332 0.2863 2
0.00243376 0.073442 0.286 2
0.00305471 0.073442 0.286 2
0.0024295 0.0761038 0.2855 2
0.00430198 0.0763171 0.2863 2
0.00526458 0.0204563 0.288 2
0.00526458 0.0217078 0.288 2
0.00653779 0.0597708 0.289 2
0.00502178 0.0615269 0.2884 2
0.0065491 0.0614478 0.2895 2
0.00465757 0.0644789 0.289 2
0.00656042 0.064073 0.29 2
0.00465757 0.0676184 0.289 2
0.00656042 0.0678535 0.29 2
0.00507139 0.0703001 0.288833 2
0.00653779 0.070445 0.289 2
0.00464661 0.0734313 0.2884 2
0.00653327 0.0735327 0.2888 2
0.00463929 0.075207 0.288 2
0.00651517 0.075207 0.288 2
0.00658303 0.0658746 0.291 2
0.00658303 0.0665068 0.291 2
