-0.0340751 -0.0734126 0.242 2
-0.0323556 -0.0724566 0.242 2
-0.0339902 -0.0711714 0.242 2
-0.0323556 -0.0708793 0.242 2
-0.0286498 -0.0751759 0.244 2
-0.0246766 -0.0751759 0.244 2
-0.0484487 -0.0733548 0.245 2
-0.0466073 -0.0733501 0.244862 2
-0.0434131 -0.0732003 0.2436 2
-0.0404031 -0.07302 0.243 2
-0.037426 -0.0734725 0.243 2
-0.0356548 -0.0740759 0.243 2
-0.0313022 -0.0736799 0.243 2
-0.0286498 -0.0735855 0.244 2
-0.0257224 -0.073559 0.243294 2
-0.0225331 -0.0733018 0.244571 2
-0.0484487 -0.0717579 0.245 2
-0.0463145 -0.0704905 0.244875 2
-0.0435389 -0.0705621 0.244031 2
-0.0404409 -0.0704438 0.243222 2
-0.0375014 -0.0703802 0.243 2
-0.0349513 -0.0700282 0.243 2
-0.0311326 -0.0702294 0.243 2
-0.0283647 -0.0706213 0.243833 2
-0.0254712 -0.0706699 0.244 2
-0.0228092 -0.0705765 0.244706 2
-0.046321 -0.0674995 0.245 2
-0.0435164 -0.0675317 0.2445 2
-0.0405605 -0.0674735 0.243944 2
-0.0374027 -0.0675113 0.244083 2
-0.0345202 -0.0675711 0.2443 2
-0.0315488 -0.0674575 0.243889 2
-0.0284551 -0.067657 0.244611 2
-0.0255582 -0.0677187 0.244833 2
-0.0233592 -0.0679431 0.245 2
-0.0457072 -0.0649609 0.245 2
-0.043668 -0.0645722 0.244828 2
-0.0405694 -0.0645734 0.244 2
-0.0374004 -0.0645726 0.244545 2
-0.0345844 -0.0646346 0.244462 2
-0.0315447 -0.0645731 0.244194 2
-0.0286642 -0.064735 0.245 2
-0.0258796 -0.0656745 0.245 2
-0.0436265 -0.061434 0.2448 2
-0.0405694 -0.0616577 0.244 2
-0.0375326 -0.0614782 0.244513 2
-0.0344657 -0.0616554 0.244172 2
-0.0316662 -0.0615677 0.244538 2
-0.0296031 -0.0619485 0.245 2
-0.0430169 -0.0585493 0.244909 2
-0.040435 -0.0585873 0.244187 2
-0.0374917 -0.0584677 0.244656 2
-0.0343661 -0.0584618 0.244242 2
-0.0316773 -0.0584839 0.244885 2
-0.0298311 -0.0579182 0.245 2
-0.042815 -0.0556438 0.245 2
-0.0404697 -0.0555229 0.245 2
-0.0375441 -0.0555229 0.245 2
-0.0343447 -0.05551 0.244944 2
-0.0314269 -0.0555229 0.245 2
-0.0298311 -0.0555228 0.245 2
-0.0423314 -0.0531275 0.245 2
-0.0404697 -0.0525952 0.245 2
-0.0379309 -0.052692 0.245 2
-0.0343525 -0.0531275 0.245 2
-0.0315905 -0.0531685 0.245 2
-0.0298311 -0.0536598 0.245 2
-0.0394058 -0.0507322 0.245 2
-0.0386079 -0.0507322 0.245 2
-0.0185446 -0.0750269 0.247 2
-0.0170044 -0.0753307 0.248 2
-0.0544264 -0.072906 0.248 2
-0.0526464 -0.0731378 0.2476 2
-0.0499435 -0.0731961 0.246 2
-0.0196274 -0.0734131 0.246353 2
-0.0171121 -0.0733371 0.248 2
-0.0524166 -0.0705237 0.247636 2
-0.0495657 -0.070418 0.24625 2
-0.0216742 -0.0696457 0.246 2
-0.0196065 -0.0704329 0.246889 2
-0.0172352 -0.0707122 0.248 2
-0.051888 -0.0673639 0.248 2
-0.0494769 -0.0675574 0.246529 2
-0.0473111 -0.0661716 0.246 2
-0.0240777 -0.0664389 0.246 2
-0.0222326 -0.0672163 0.246 2
-0.019604 -0.0675003 0.247647 2
-0.0175429 -0.0683261 0.248 2
-0.0511957 -0.0645543 0.248 2
-0.0493793 -0.0645598 0.247172 2
-0.0469373 -0.0643188 0.246 2
-0.0276028 -0.06382 0.246 2
-0.0252686 -0.0644111 0.246194 2
-0.022448 -0.0644452 0.246813 2
-0.0196564 -0.0646457 0.247733 2
-0.0492293 -0.061487 0.247583 2
-0.0466168 -0.0615333 0.246303 2
-0.0304869 -0.0602925 0.246 2
-0.0283581 -0.0615074 0.246069 2
-0.0255275 -0.061486 0.246842 2
-0.0223629 -0.0615212 0.247722 2
-0.0198462 -0.0618902 0.248 2
-0.0511957 -0.0572803 0.248 2
-0.049412 -0.0582784 0.2478 2
-0.0465569 -0.0584047 0.246556 2
-0.0446406 -0.0581546 0.246 2
-0.0304869 -0.0594907 0.246 2
-0.0284645 -0.058518 0.246125 2
-0.0254929 -0.058316 0.247088 2
-0.0223809 -0.0583381 0.247917 2
-0.0205043 -0.058358 0.248 2
-0.0511957 -0.0556639 0.248 2
-0.0494938 -0.0554048 0.247769 2
-0.0466902 -0.0554547 0.246643 2
-0.0444626 -0.0553041 0.246 2
-0.0283497 -0.055422 0.2465 2
-0.0256604 -0.0554729 0.247697 2
-0.022485 -0.0553752 0.248 2
-0.0205043 -0.0552148 0.248 2
-0.0492867 -0.0526269 0.248 2
-0.0467081 -0.052575 0.247143 2
-0.0437861 -0.0523823 0.246 2
-0.040902 -0.0512064 0.246 2
-0.0368072 -0.0520972 0.246 2
-0.0344927 -0.0517409 0.246 2
-0.0314294 -0.0518981 0.246 2
-0.0286897 -0.0524482 0.246344 2
-0.0255316 -0.0525598 0.247581 2
-0.0224273 -0.0524695 0.248 2
-0.0205043 -0.0527004 0.248 2
-0.0490289 -0.0494545 0.247933 2
-0.0464537 -0.049481 0.247118 2
-0.0434592 -0.0495219 0.246241 2
-0.0404441 -0.0495267 0.246 2
-0.0373858 -0.0495585 0.246 2
-0.0344927 -0.0496031 0.246 2
-0.0313779 -0.049478 0.246207 2
-0.0285938 -0.0495785 0.246849 2
-0.0255545 -0.049498 0.247 2
-0.0226242 -0.0493955 0.24764 2
-0.0492774 -0.0464206 0.247762 2
-0.0464309 -0.0465848 0.247 2
-0.0433188 -0.0465923 0.246407 2
-0.0404318 -0.046736 0.246389 2
-0.0374711 -0.0467128 0.246267 2
-0.0345007 -0.0466737 0.246056 2
-0.031387 -0.0466403 0.246294 2
-0.0284658 -0.0465848 0.247 2
-0.0255162 -0.0465848 0.247 2
-0.0226045 -0.0465179 0.247828 2
-0.0488747 -0.0439144 0.247833 2
-0.0466465 -0.0436095 0.24725 2
-0.0435045 -0.0435296 0.246059 2
-0.0404033 -0.0434962 0.246222 2
-0.0375824 -0.0436332 0.247 2
-0.0345168 -0.0434866 0.246167 2
-0.0313361 -0.043525 0.246389 2
-0.0284658 -0.0436333 0.247 2
-0.02553 -0.0436572 0.247139 2
-0.0228329 -0.0436576 0.24787 2
-0.0458596 -0.0408118 0.247611 2
-0.0434115 -0.0403466 0.2466 2
-0.0404811 -0.0403623 0.246694 2
-0.0375824 -0.0404134 0.247 2
-0.0345788 -0.0403484 0.246611 2
-0.031408 -0.040404 0.246945 2
-0.0284845 -0.04044 0.247167 2
-0.0256427 -0.0405915 0.247857 2
-0.0233042 -0.0412236 0.248 2
-0.0453626 -0.0374339 0.248 2
-0.0434666 -0.0374908 0.247593 2
-0.0404944 -0.0375724 0.247357 2
-0.0375949 -0.0374737 0.24708 2
-0.0346329 -0.0374619 0.247 2
-0.0314153 -0.0374619 0.247 2
-0.0285526 -0.0375766 0.24776 2
-0.0260426 -0.0377675 0.248 2
-0.0432344 -0.0349579 0.248 2
-0.0404268 -0.03465 0.248 2
-0.0376546 -0.0345749 0.247467 2
-0.0346329 -0.0345103 0.247 2
-0.0314991 -0.0346025 0.247667 2
-0.0286579 -0.034727 0.248 2
-0.0269657 -0.0351889 0.248 2
-0.0432536 -0.0312824 0.248 2
-0.0404268 -0.0314171 0.248 2
-0.037527 -0.0313383 0.247882 2
-0.0345523 -0.0314353 0.247625 2
-0.0315425 -0.0314171 0.248 2
-0.0286181 -0.0314636 0.248 2
-0.04279 -0.0285734 0.248 2
-0.0404268 -0.0284536 0.248 2
-0.0374653 -0.0284536 0.248 2
-0.0345039 -0.0284536 0.248 2
-0.0317081 -0.028578 0.248 2
-0.0293887 -0.0295313 0.248 2
-0.0423113 -0.0268372 0.248 2
-0.0403691 -0.0255864 0.248 2
-0.0376336 -0.0255575 0.248 2
-0.0351769 -0.0267025 0.248 2
-0.0326193 -0.0265678 0.248 2
-0.0397089 -0.0234247 0.248 2
-0.038273 -0.0233349 0.248 2
-0.0154511 -0.0753639 0.249 2
-0.013208 -0.0756795 0.250429 2
-0.0109431 -0.0751513 0.251 2
-0.0579061 -0.073001 0.250571 2
-0.0556222 -0.0728464 0.249333 2
-0.01576 -0.0737024 0.249 2
-0.0133984 -0.0736136 0.250258 2
-0.0115709 -0.0732854 0.250833 2
-0.0584581 -0.0703803 0.250552 2
-0.0551881 -0.070497 0.249172 2
-0.0532943 -0.0691426 0.249 2
-0.0158836 -0.0702786 0.249 2
-0.0134866 -0.0704211 0.2497 2
-0.0116538 -0.0706939 0.250667 2
-0.0582939 -0.0675991 0.2505 2
-0.0553571 -0.067455 0.249767 2
-0.0532943 -0.0675196 0.249 2
-0.016366 -0.0673947 0.249 2
-0.0134688 -0.0675677 0.250091 2
-0.0114881 -0.0680619 0.251 2
-0.0581502 -0.0647217 0.251 2
-0.0555624 -0.0644667 0.250429 2
-0.0527681 -0.0645723 0.24932 2
-0.0508615 -0.0631917 0.249 2
-0.0165496 -0.0646159 0.249278 2
-0.0142245 -0.0645056 0.250647 2
-0.0578096 -0.0615179 0.251 2
-0.0553896 -0.0614389 0.250185 2
-0.0526386 -0.0615579 0.249444 2
-0.0508615 -0.0615687 0.249 2
-0.018875 -0.0613884 0.249 2
-0.0165063 -0.0615221 0.249588 2
-0.0143763 -0.0612998 0.251 2
-0.0577755 -0.058689 0.251 2
-0.0554684 -0.0585126 0.250077 2
-0.0525206 -0.0585908 0.249077 2
-0.0508615 -0.0591343 0.249 2
-0.0192355 -0.0585933 0.249 2
-0.0166051 -0.0585488 0.249758 2
-0.0142128 -0.0585186 0.251 2
-0.0572646 -0.0555192 0.251 2
-0.0554102 -0.0555597 0.250172 2
-0.0526893 -0.0555663 0.249 2
-0.0211276 -0.0558883 0.249 2
-0.0193583 -0.0556424 0.249 2
-0.0166297 -0.055511 0.249914 2
-0.0147578 -0.0555192 0.251 2
-0.0551271 -0.0527451 0.250778 2
-0.0525617 -0.0527193 0.249367 2
-0.0505912 -0.0521014 0.249 2
-0.0211276 -0.0512899 0.249 2
-0.0193015 -0.0526214 0.24916 2
-0.0166851 -0.0525632 0.250697 2
-0.0147578 -0.0530652 0.251 2
-0.0547442 -0.049725 0.251 2
-0.0526398 -0.0495416 0.249733 2
-0.0505912 -0.0493964 0.249 2
-0.0211276 -0.0493965 0.249 2
-0.0194199 -0.0494835 0.249818 2
-0.0169014 -0.0497514 0.250857 2
-0.0550167 -0.0463849 0.251 2
-0.0527057 -0.0465158 0.249846 2
-0.0505912 -0.0466013 0.249 2
-0.0211276 -0.046421 0.249 2
-0.0192492 -0.0465228 0.250094 2
-0.0172101 -0.0465212 0.251 2
-0.0550848 -0.0435219 0.251 2
-0.0526122 -0.0435342 0.250033 2
-0.0500186 -0.043127 0.249053 2
-0.0213438 -0.0432292 0.249 2
-0.0193692 -0.0435296 0.249941 2
-0.0172101 -0.0435219 0.251 2
-0.0547442 -0.0408634 0.251 2
-0.0525292 -0.0404418 0.2505 2
-0.0494119 -0.0403881 0.249571 2
-0.0471673 -0.0402898 0.249 2
-0.0243713 -0.0393882 0.249 2
-0.0221863 -0.0403574 0.249 2
-0.019328 -0.0403965 0.250222 2
-0.0172101 -0.0405225 0.251 2
-0.0545398 -0.0377959 0.251 2
-0.0525287 -0.037519 0.250724 2
-0.0493702 -0.0374882 0.249963 2
-0.0468319 -0.037509 0.24925 2
-0.0249891 -0.0369537 0.249 2
-0.0224792 -0.0374947 0.249 2
-0.019337 -0.0374235 0.250333 2
-0.0172101 -0.0383412 0.251 2
-0.0519361 -0.0348268 0.251 2
-0.0495441 -0.0344593 0.250533 2
-0.0466514 -0.0345101 0.249385 2
-0.0441038 -0.0337078 0.249 2
-0.0273447 -0.0337078 0.249 2
-0.0254525 -0.0345193 0.249 2
-0.0224568 -0.0343921 0.249471 2
-0.0194908 -0.0345997 0.250562 2
-0.0512701 -0.0320698 0.251 2
-0.0494728 -0.0315517 0.250652 2
-0.0465323 -0.0315188 0.249172 2
-0.0446444 -0.0326258 0.249 2
-0.0271516 -0.0313506 0.249 2
-0.0254525 -0.0315438 0.249 2
-0.0226131 -0.0314684 0.24975 2
-0.0199349 -0.0315245 0.251 2
-0.049054 -0.0286615 0.250647 2
-0.0467161 -0.0284675 0.249643 2
-0.0444642 -0.0283881 0.249 2
-0.0305884 -0.0277569 0.249 2
-0.0283085 -0.0284415 0.249035 2
-0.0253805 -0.0283082 0.249758 2
-0.0225132 -0.0285711 0.250758 2
-0.0202982 -0.0289796 0.251 2
-0.0489738 -0.025432 0.25075 2
-0.0465219 -0.0255213 0.249778 2
-0.0435932 -0.0255549 0.24903 2
-0.0414007 -0.0242405 0.249 2
-0.0362649 -0.0250519 0.249 2
-0.0343367 -0.0253585 0.249 2
-0.0313221 -0.0255156 0.249 2
-0.0284929 -0.0255801 0.249257 2
-0.0253323 -0.025475 0.2505 2
-0.0228064 -0.0259453 0.251 2
-0.0484544 -0.0229809 0.251 2
-0.0462183 -0.022454 0.2502 2
-0.0434033 -0.0224026 0.249633 2
-0.0407651 -0.02229 0.249308 2
-0.0374137 -0.0224146 0.249 2
-0.0343727 -0.0226175 0.249 2
-0.0313671 -0.0225616 0.249077 2
-0.0285199 -0.0224208 0.249833 2
-0.0254521 -0.0225798 0.250882 2
-0.0234771 -0.0230718 0.251 2
-0.0460883 -0.0196908 0.250895 2
-0.0435301 -0.0194766 0.25036 2
-0.04045 -0.0194992 0.249968 2
-0.037471 -0.0197223 0.249484 2
-0.0344118 -0.019663 0.249278 2
-0.0314662 -0.0196139 0.249241 2
-0.0285582 -0.0194623 0.250167 2
-0.0253845 -0.0195272 0.251 2
-0.0234771 -0.0195272 0.251 2
-0.0457864 -0.0166982 0.251 2
-0.0434817 -0.0164491 0.250939 2
-0.0403829 -0.0165454 0.250151 2
-0.0374961 -0.016462 0.25 2
-0.0345033 -0.016458 0.249944 2
-0.0315168 -0.0164572 0.249933 2
-0.0285645 -0.0164763 0.250222 2
-0.0255084 -0.0166022 0.251 2
-0.0234771 -0.0173458 0.251 2
-0.0457785 -0.0133607 0.251 2
-0.0433681 -0.0135285 0.251 2
-0.040256 -0.01349 0.25028 2
-0.0374961 -0.0134746 0.25 2
-0.0345564 -0.0134914 0.250333 2
-0.0313864 -0.0134732 0.25069 2
-0.0284311 -0.0135637 0.250885 2
-0.0260762 -0.0139479 0.251 2
-0.0456025 -0.0109654 0.251 2
-0.0436406 -0.0105291 0.251 2
-0.0404814 -0.0104872 0.25 2
-0.0373566 -0.010524 0.250889 2
-0.0343763 -0.0105291 0.251 2
-0.0317424 -0.0107109 0.251 2
-0.0291992 -0.0116198 0.251 2
-0.0430957 -0.00752979 0.251 2
-0.0403709 -0.0075298 0.251 2
-0.0377408 -0.0075535 0.251 2
-0.0340433 -0.00765098 0.251 2
-0.0321575 -0.00776351 0.251 2
-0.042711 -0.00493144 0.251 2
-0.0403709 -0.00480312 0.251 2
-0.0378137 -0.00539041 0.251 2
-0.0335589 -0.00589379 0.251 2
-0.032469 -0.00589379 0.251 2
-0.00961887 -0.0754507 0.252 2
-0.00802388 -0.0756244 0.2535 2
-0.0617095 -0.0732301 0.253273 2
-0.0596813 -0.0729869 0.252 2
-0.0101724 -0.0735823 0.252167 2
-0.00821334 -0.0737444 0.253667 2
-0.0617029 -0.0704317 0.25287 2
-0.0596813 -0.0716181 0.252 2
-0.0101371 -0.0705258 0.252545 2
-0.00859227 -0.0710828 0.254 2
-0.0616747 -0.067526 0.25325 2
-0.0124093 -0.0664716 0.252 2
-0.0104462 -0.0674917 0.253185 2
-0.0609775 -0.064438 0.252833 2
-0.0594077 -0.063953 0.252 2
-0.0127091 -0.0643031 0.252474 2
-0.0110883 -0.0644522 0.253562 2
-0.0611491 -0.0614935 0.253412 2
-0.0594077 -0.0614892 0.252 2
-0.0129683 -0.0615226 0.25225 2
-0.011028 -0.0614351 0.253706 2
-0.0609821 -0.0583902 0.254 2
-0.0593861 -0.0582176 0.252571 2
-0.0126119 -0.0584619 0.252375 2
-0.0110912 -0.0584071 0.253625 2
-0.0608902 -0.0557536 0.254 2
-0.0588395 -0.0554613 0.252545 2
-0.0569456 -0.0540979 0.252 2
-0.0132386 -0.0555322 0.252517 2
-0.0110647 -0.0555867 0.2538 2
-0.0601549 -0.0525957 0.254 2
-0.0584076 -0.052361 0.25325 2
-0.0563301 -0.0522501 0.252 2
-0.0153637 -0.0516341 0.252 2
-0.0132696 -0.052402 0.2528 2
-0.0116254 -0.0525957 0.254 2
-0.0601549 -0.0495606 0.254 2
-0.0583542 -0.0494362 0.25336 2
-0.0560077 -0.0493658 0.252 2
-0.015692 -0.0490061 0.252 2
-0.0135602 -0.0494612 0.252727 2
-0.0116254 -0.0495606 0.254 2
-0.0601549 -0.0465254 0.254 2
-0.0585424 -0.0466087 0.253091 2
-0.0565626 -0.0464328 0.252 2
-0.0159231 -0.0464692 0.2522 2
-0.0137637 -0.0464771 0.253483 2
-0.0601549 -0.0445939 0.254 2
-0.0583745 -0.0437806 0.25345 2
-0.0566472 -0.0432971 0.252 2
-0.0159312 -0.043479 0.252333 2
-0.0140107 -0.0433528 0.253636 2
-0.0584061 -0.0405375 0.253437 2
-0.0561249 -0.0404102 0.252 2
-0.0159149 -0.0404212 0.252067 2
-0.0135125 -0.0405166 0.253233 2
-0.0116254 -0.0401791 0.254 2
-0.0581863 -0.0375448 0.253429 2
-0.0557519 -0.0373321 0.252167 2
-0.0163411 -0.037253 0.252154 2
-0.0137346 -0.0376067 0.253226 2
-0.0116254 -0.0385235 0.254 2
-0.057838 -0.03468 0.253857 2
-0.0555671 -0.0344597 0.253 2
-0.0532069 -0.0342051 0.252 2
-0.0183729 -0.0335663 0.252 2
-0.0164521 -0.0344024 0.252577 2
-0.0143988 -0.0345145 0.253688 2
-0.0573976 -0.0316253 0.254 2
-0.0555714 -0.0315712 0.253571 2
-0.0527526 -0.0313209 0.252296 2
-0.0509272 -0.0305551 0.252 2
-0.0183729 -0.0313764 0.252 2
-0.0165433 -0.0314232 0.252759 2
-0.0149342 -0.0313494 0.254 2
-0.054824 -0.0289581 0.254 2
-0.0525595 -0.0285244 0.252952 2
-0.0504713 -0.0282739 0.252 2
-0.0190693 -0.0282656 0.252 2
-0.0165081 -0.0284551 0.2528 2
-0.014483 -0.0282892 0.254 2
-0.0540887 -0.025555 0.254 2
-0.0523666 -0.0254037 0.253286 2
-0.0505364 -0.0258621 0.252 2
-0.0220205 -0.0251712 0.252 2
-0.0194034 -0.0255308 0.252062 2
-0.0165352 -0.0254738 0.2532 2
-0.0147274 -0.0258999 0.254 2
-0.0540887 -0.0225198 0.254 2
-0.0524861 -0.0224286 0.253783 2
-0.0498826 -0.0224186 0.25225 2
-0.0241178 -0.0215213 0.252 2
-0.0223081 -0.022532 0.252 2
-0.0195621 -0.0225718 0.252412 2
-0.0165612 -0.0224843 0.2536 2
-0.0149342 -0.0225198 0.254 2
-0.0543645 -0.0188408 0.254 2
-0.0523122 -0.0194288 0.253786 2
-0.0494716 -0.0194783 0.252643 2
-0.0473709 -0.0190574 0.252 2
-0.0222029 -0.019605 0.252 2
-0.0195263 -0.0193904 0.252778 2
-0.0168529 -0.0194711 0.253833 2
-0.0546402 -0.0164494 0.254 2
-0.0522867 -0.0164031 0.25328 2
-0.0493203 -0.0164731 0.252481 2
-0.0472145 -0.0163981 0.252 2
-0.0241178 -0.0157724 0.252 2
-0.0223549 -0.0165024 0.252 2
-0.0195445 -0.0163847 0.253 2
-0.0168644 -0.0164494 0.254 2
-0.0543251 -0.0140055 0.254 2
-0.0523595 -0.0134319 0.253448 2
-0.0493258 -0.0135932 0.2522 2
-0.0471885 -0.0137649 0.252 2
-0.0249546 -0.0132603 0.252 2
-0.0225039 -0.0135993 0.25232 2
-0.0194972 -0.0134538 0.253235 2
-0.0168644 -0.0134142 0.254 2
-0.0519605 -0.0105839 0.253778 2
-0.0494691 -0.0106094 0.252933 2
-0.0469708 -0.0103596 0.2522 2
-0.0307746 -0.0102061 0.252 2
-0.0283686 -0.0104026 0.252 2
-0.0255019 -0.0105773 0.252167 2
-0.0223705 -0.0105479 0.253 2
-0.0196541 -0.0106933 0.253833 2
-0.0171401 -0.0110689 0.254 2
-0.0513314 -0.00789572 0.254 2
-0.049599 -0.00766023 0.253833 2
-0.04664 -0.00757384 0.25248 2
-0.0449088 -0.00755979 0.252 2
-0.036311 -0.00748158 0.252 2
-0.035373 -0.00724693 0.252 2
-0.0308201 -0.00735448 0.252 2
-0.0285079 -0.00756313 0.25212 2
-0.0255797 -0.00758757 0.252933 2
-0.0223105 -0.0075965 0.253233 2
-0.0200813 -0.00798769 0.254 2
-0.0493461 -0.00452942 0.254 2
-0.0466195 -0.00456378 0.252867 2
-0.0440881 -0.00424433 0.252 2
-0.0405317 -0.00317974 0.252 2
-0.0372727 -0.00406051 0.252 2
-0.0345719 -0.00445074 0.252 2
-0.0314397 -0.00446799 0.252 2
-0.0285617 -0.00455861 0.2526 2
-0.0255868 -0.00456655 0.253 2
-0.0225659 -0.00462149 0.253613 2
-0.0204489 -0.00596424 0.254 2
-0.0491255 -0.00154942 0.254 2
-0.046223 -0.00154454 0.2532 2
-0.0433227 -0.00153813 0.25232 2
-0.0405317 -0.00153722 0.252 2
-0.0375225 -0.00153722 0.252 2
-0.0345133 -0.00153722 0.252 2
-0.0315202 -0.0015376 0.252133 2
-0.0286079 -0.00154332 0.253 2
-0.0256127 -0.00154437 0.253267 2
-0.0228079 -0.00170659 0.253952 2
-0.0488191 0.000995237 0.254 2
-0.0462958 0.00148459 0.2536 2
-0.0434624 0.00148128 0.253133 2
-0.0404179 0.00147992 0.253 2
-0.0373967 0.00147992 0.253 2
-0.0344406 0.00154441 0.252882 2
-0.0314412 0.00141102 0.252875 2
-0.0283691 0.00148187 0.253333 2
-0.0254122 0.00148577 0.254 2
-0.0232063 0.00148577 0.254 2
-0.0459086 0.00406109 0.254 2
-0.0435567 0.00451596 0.25368 2
-0.0404234 0.0045039 0.253033 2
-0.0373967 0.00450316 0.253 2
-0.0343755 0.00450316 0.253 2
-0.0313544 0.00450316 0.253 2
-0.0283993 0.00451457 0.2536 2
-0.0254122 0.00452096 0.254 2
-0.0232487 0.00435116 0.254 2
-0.0434102 0.00720497 0.254 2
-0.040521 0.0075464 0.253639 2
-0.0374117 0.00752992 0.2531 2
-0.0343792 0.00752738 0.253028 2
-0.0314239 0.00754445 0.253567 2
-0.0284453 0.00728022 0.254 2
-0.0254122 0.00728022 0.254 2
-0.0237578 0.00728022 0.254 2
-0.0425078 0.0100395 0.254 2
-0.0404792 0.0105322 0.254 2
-0.037533 0.0105883 0.25392 2
-0.0344886 0.0105851 0.253833 2
-0.0314784 0.0105913 0.254 2
-0.039199 0.0125228 0.254 2
-0.0373082 0.0128382 0.254 2
-0.0344196 0.013228 0.254 2
-0.0317379 0.013026 0.254 2
-0.0336843 0.0150062 0.254 2
-0.0325813 0.0150062 0.254 2
-0.00641152 -0.0757949 0.255 2
-0.00534063 -0.0760353 0.25675 2
-0.0667243 -0.0730391 0.257 2
-0.0647691 -0.0730295 0.255571 2
-0.00680296 -0.073464 0.255889 2
-0.00534583 -0.0747142 0.257 2
-0.0667243 -0.071364 0.257 2
-0.064693 -0.0704142 0.255583 2
-0.00746044 -0.070616 0.256 2
-0.0645633 -0.0675284 0.256053 2
-0.0626063 -0.0663764 0.255 2
-0.00973338 -0.0663764 0.255 2
-0.00810793 -0.0675137 0.256167 2
-0.06393 -0.064515 0.256 2
-0.0626063 -0.0644373 0.255 2
-0.00973338 -0.0644374 0.255 2
-0.00762279 -0.0644738 0.255929 2
-0.0634077 -0.061631 0.256 2
-0.0623295 -0.0608362 0.255 2
-0.00973338 -0.0613902 0.255 2
-0.0080639 -0.0615655 0.256364 2
-0.063796 -0.0585685 0.256545 2
-0.0623295 -0.0586201 0.255 2
-0.00973338 -0.0586201 0.255 2
-0.00816804 -0.058549 0.256455 2
-0.0639343 -0.0557296 0.257 2
-0.0621749 -0.0554038 0.2555 2
-0.00989967 -0.0554208 0.255214 2
-0.00840207 -0.0556475 0.256625 2
-0.0630974 -0.0523794 0.257 2
-0.061857 -0.0525677 0.255632 2
-0.0102575 -0.0524865 0.255545 2
-0.00869375 -0.0523794 0.257 2
-0.0618366 -0.0494405 0.255455 2
-0.0122248 -0.0480936 0.255 2
-0.0104119 -0.0493819 0.255435 2
-0.00869375 -0.0495876 0.257 2
-0.0639343 -0.0470749 0.257 2
-0.0618981 -0.0465226 0.2555 2
-0.0122248 -0.0464315 0.255 2
-0.0105404 -0.046482 0.255963 2
-0.00869375 -0.0465165 0.257 2
-0.0630974 -0.0423287 0.257 2
-0.0617211 -0.0436591 0.25564 2
-0.0598381 -0.0433844 0.255 2
-0.0125939 -0.0440308 0.255 2
-0.0106315 -0.0435339 0.256185 2
-0.00869375 -0.0434455 0.257 2
-0.0630974 -0.0406536 0.257 2
-0.0613754 -0.0406775 0.255783 2
-0.0598381 -0.0406143 0.255 2
-0.0122248 -0.0419993 0.255 2
-0.0103747 -0.0405064 0.255571 2
-0.0630974 -0.0386994 0.257 2
-0.0613324 -0.0375686 0.25615 2
-0.0596167 -0.0371239 0.255 2
-0.012244 -0.0370699 0.2554 2
-0.0107043 -0.0375991 0.25628 2
-0.0608987 -0.0344668 0.256667 2
-0.0591774 -0.0343797 0.255333 2
-0.0129713 -0.0343503 0.255368 2
-0.0111894 -0.0344668 0.256667 2
-0.0608292 -0.0314863 0.256706 2
-0.0586364 -0.0313788 0.255294 2
-0.0133539 -0.0315277 0.25544 2
-0.0108066 -0.0312559 0.256783 2
-0.0607354 -0.0286241 0.256786 2
-0.0582928 -0.0284805 0.2555 2
-0.0558242 -0.027941 0.255 2
-0.0130431 -0.0286576 0.255273 2
-0.0110654 -0.0285495 0.256667 2
-0.0603074 -0.0255776 0.257 2
-0.0584338 -0.0254897 0.25612 2
-0.0556858 -0.0253786 0.255 2
-0.0133477 -0.0254099 0.25532 2
-0.0111925 -0.0255508 0.256733 2
-0.0581656 -0.0224329 0.256167 2
-0.0556858 -0.0226085 0.255 2
-0.0133152 -0.0225054 0.255857 2
-0.0115535 -0.0228556 0.257 2
-0.0582421 -0.0193977 0.2565 2
-0.0556166 -0.0197229 0.255 2
-0.053748 -0.0201153 0.255 2
-0.0155466 -0.0195613 0.255 2
-0.013929 -0.0195566 0.255828 2
-0.0117627 -0.0205523 0.257 2
-0.0581676 -0.0167318 0.256444 2
-0.0562394 -0.0165142 0.255 2
-0.0155466 -0.0165142 0.255 2
-0.0139489 -0.0165919 0.2562 2
-0.0577515 -0.0138402 0.2568 2
-0.0557313 -0.0132993 0.255261 2
-0.0155466 -0.0134671 0.255 2
-0.0139489 -0.0135304 0.2562 2
-0.0556017 -0.010455 0.25588 2
-0.0534712 -0.0101429 0.255 2
-0.0185917 -0.00958888 0.255 2
-0.0162586 -0.0100488 0.255211 2
-0.0138677 -0.010552 0.256478 2
-0.0557291 -0.00741432 0.256467 2
-0.052942 -0.00746136 0.255174 2
-0.0509798 -0.00654174 0.255 2
-0.0190069 -0.00744203 0.255 2
-0.0164542 -0.00740667 0.256222 2
-0.0142736 -0.00854735 0.257 2
-0.0550996 -0.00473182 0.257 2
-0.0526563 -0.00450978 0.255357 2
-0.0509798 -0.00460265 0.255 2
-0.0210831 -0.00432564 0.255 2
-0.0194091 -0.00456074 0.255345 2
-0.016756 -0.00449209 0.256583 2
-0.0547276 -0.00156772 0.257 2
-0.0527246 -0.00155796 0.2554 2
-0.0509798 -0.00155552 0.255 2
-0.0214522 -0.00118617 0.255 2
-0.0194513 -0.00155796 0.2554 2
-0.0170293 -0.00156467 0.2565 2
-0.0544486 0.00150332 0.257 2
-0.05271 0.00141727 0.255714 2
-0.0501801 0.00198409 0.255 2
-0.0216367 0.00149162 0.255 2
-0.0194719 0.0014961 0.255667 2
-0.0164827 0.00150137 0.256667 2
-0.0541696 0.00373681 0.257 2
-0.0522199 0.00437224 0.2566 2
-0.0493815 0.00454532 0.25532 2
-0.0469766 0.00496493 0.255 2
-0.0218141 0.00467264 0.255177 2
-0.0194977 0.00455717 0.256 2
-0.0167731 0.00443234 0.256833 2
-0.0516586 0.00680784 0.257 2
-0.0495677 0.00734609 0.25628 2
-0.0465169 0.00743641 0.255148 2
-0.0443361 0.00855544 0.255 2
-0.0285572 0.00897096 0.255 2
-0.0255122 0.00897096 0.255 2
-0.022336 0.00749664 0.255322 2
-0.0195522 0.00735853 0.25672 2
-0.0173425 0.00666825 0.257 2
-0.0495333 0.0102561 0.256769 2
-0.0467287 0.0104811 0.255643 2
-0.0437825 0.0107715 0.255 2
-0.0285572 0.010633 0.255 2
-0.0255522 0.010651 0.2554 2
-0.0224806 0.0105246 0.25603 2
-0.0195745 0.0104373 0.257 2
-0.0490847 0.0134908 0.256667 2
-0.0466615 0.0134347 0.2556 2
-0.0435056 0.0134032 0.255 2
-0.0405569 0.0134754 0.255 2
-0.0378308 0.0140957 0.255 2
-0.035201 0.0145112 0.255 2
-0.0310487 0.0140957 0.255 2
-0.0285931 0.0134207 0.255333 2
-0.0256123 0.0134557 0.256 2
-0.0226158 0.0134929 0.2567 2
-0.0201754 0.0133365 0.257 2
-0.0490847 0.0165578 0.256667 2
-0.0465708 0.0165871 0.255939 2
-0.0434977 0.0164207 0.255697 2
-0.040493 0.0164639 0.2552 2
-0.0374155 0.0164503 0.255 2
-0.034432 0.0166042 0.255 2
-0.031522 0.0165496 0.2551 2
-0.0285771 0.0164465 0.255543 2
-0.0256123 0.0165148 0.256 2
-0.0227532 0.0164914 0.256818 2
-0.0206904 0.0157418 0.257 2
-0.0487419 0.0192443 0.257 2
-0.0463184 0.0195645 0.256423 2
-0.0433983 0.0195739 0.256 2
-0.0405758 0.0195528 0.25572 2
-0.0374155 0.0194974 0.255 2
-0.0343705 0.0194974 0.255 2
-0.0313853 0.0195357 0.2555 2
-0.0283913 0.0195739 0.256 2
-0.0255028 0.0196475 0.256148 2
-0.0229664 0.0193741 0.256842 2
-0.045915 0.0220063 0.256923 2
-0.0434262 0.022369 0.25616 2
-0.0405946 0.0223411 0.25584 2
-0.0373447 0.0224214 0.25503 2
-0.0343705 0.0225446 0.255 2
-0.0314702 0.0224258 0.255625 2
-0.0284 0.0223622 0.25608 2
-0.0253926 0.022408 0.2566 2
-0.0232014 0.0224422 0.257 2
-0.0452418 0.0255133 0.257 2
-0.0435457 0.0255006 0.256867 2
-0.0405944 0.0255348 0.2565 2
-0.0376003 0.0255102 0.256323 2
-0.034554 0.0257294 0.25636 2
-0.0313864 0.0254989 0.256029 2
-0.0285175 0.0253754 0.256607 2
-0.025605 0.0251052 0.257 2
-0.0232014 0.0241173 0.257 2
-0.0452418 0.0283051 0.257 2
-0.0435214 0.0285378 0.257 2
-0.0405848 0.0284125 0.257 2
-0.0376691 0.0280658 0.257 2
-0.0346401 0.0277467 0.257 2
-0.031476 0.0284043 0.256923 2
-0.029116 0.0281376 0.257 2
-0.0432889 0.0302594 0.257 2
-0.0416149 0.0302594 0.257 2
-0.0304552 0.0315623 0.257 2
-0.0290602 0.031833 0.257 2
-0.0304552 0.0338888 0.257 2
-0.0287812 0.0338888 0.257 2
-0.00397943 -0.0762123 0.258933 2
-0.00286799 -0.0761513 0.26 2
-0.0682802 -0.0723873 0.258667 2
-0.00470948 -0.0734225 0.258783 2
-0.00286799 -0.0744566 0.26 2
-0.067396 -0.0703781 0.2585 2
-0.00648694 -0.0696798 0.258 2
-0.00488182 -0.0704827 0.259364 2
-0.0670928 -0.0675463 0.259067 2
-0.0655835 -0.0665968 0.258 2
-0.00648694 -0.0677179 0.258 2
-0.00483334 -0.0675478 0.2595 2
-0.0666109 -0.0645612 0.259333 2
-0.0654887 -0.0641762 0.258571 2
-0.00648694 -0.0635138 0.258 2
-0.00497186 -0.0649094 0.259375 2
-0.066377 -0.0615639 0.259889 2
-0.0648427 -0.0614201 0.258091 2
-0.00648694 -0.0615519 0.258 2
-0.0054013 -0.061666 0.259667 2
-0.0664341 -0.0584317 0.2595 2
-0.0653236 -0.0584812 0.2583 2
-0.00649114 -0.0585058 0.258167 2
-0.00540823 -0.0586397 0.26 2
-0.066737 -0.0553311 0.26 2
-0.0652433 -0.0553053 0.2585 2
-0.00699883 -0.0553806 0.258556 2
-0.00540824 -0.0555329 0.26 2
-0.0660919 -0.0518611 0.26 2
-0.0648291 -0.0527113 0.258632 2
-0.0070099 -0.0525409 0.258545 2
-0.00540824 -0.052426 0.26 2
-0.0669387 -0.0490366 0.26 2
-0.0648698 -0.0495956 0.2585 2
-0.00710946 -0.0494596 0.258455 2
-0.00540824 -0.0496015 0.26 2
-0.0669387 -0.047342 0.26 2
-0.0651641 -0.0463055 0.258714 2
-0.00705967 -0.0465072 0.2585 2
-0.00540824 -0.0464947 0.26 2
-0.0660919 -0.0425404 0.26 2
-0.0648669 -0.0436873 0.2586 2
-0.00706423 -0.0434453 0.258667 2
-0.00540823 -0.044235 0.26 2
-0.0660919 -0.0405633 0.26 2
-0.0646077 -0.0405587 0.258706 2
-0.00900765 -0.0405315 0.258 2
-0.00740095 -0.040496 0.259154 2
-0.0660919 -0.0383038 0.26 2
-0.0644542 -0.037483 0.259263 2
-0.0627827 -0.0371683 0.258 2
-0.00939274 -0.0371225 0.258333 2
-0.00743483 -0.0373366 0.259261 2
-0.0633549 -0.0343815 0.259091 2
-0.0623346 -0.0346459 0.258 2
-0.00957248 -0.0346642 0.258133 2
-0.00738208 -0.0344809 0.259259 2
-0.0634787 -0.0314894 0.2597 2
-0.0623833 -0.031643 0.258667 2
-0.00942778 -0.0319833 0.258 2
-0.00747293 -0.0315782 0.259083 2
-0.0634667 -0.0284964 0.259545 2
-0.0621547 -0.0282384 0.258714 2
-0.0095301 -0.0283239 0.258154 2
-0.00788946 -0.0284092 0.259176 2
-0.0631478 -0.0255429 0.2595 2
-0.0618094 -0.0254559 0.258611 2
-0.0095459 -0.025609 0.258375 2
-0.00797148 -0.0253803 0.259625 2
-0.0632694 -0.0224869 0.26 2
-0.0615705 -0.0224764 0.258952 2
-0.0599819 -0.0225942 0.258 2
-0.0101374 -0.0225086 0.258815 2
-0.00851298 -0.0224869 0.26 2
-0.0632694 -0.0205097 0.26 2
-0.0614587 -0.0196815 0.258941 2
-0.0599819 -0.0195112 0.258 2
-0.0123686 -0.0192309 0.258 2
-0.0105089 -0.0196273 0.259259 2
-0.00851298 -0.0202273 0.26 2
-0.0612808 -0.0163981 0.259429 2
-0.0595018 -0.0161479 0.258 2
-0.0123686 -0.0164282 0.258 2
-0.0107357 -0.0165046 0.2592 2
-0.0607291 -0.0134487 0.26 2
-0.0590696 -0.0131831 0.2585 2
-0.0123686 -0.0133452 0.258 2
-0.0107357 -0.0134073 0.2592 2
-0.0607291 -0.0106242 0.26 2
-0.0586962 -0.0105629 0.2585 2
-0.0123686 -0.0105425 0.258 2
-0.0107357 -0.0105915 0.2592 2
-0.0607291 -0.00808223 0.26 2
-0.0586962 -0.00747397 0.2585 2
-0.0133786 -0.00729749 0.258385 2
-0.0110587 -0.00770882 0.259545 2
-0.0585148 -0.00449559 0.259261 2
-0.0561826 -0.00407193 0.258091 2
-0.0154494 -0.00381599 0.258 2
-0.013519 -0.00438671 0.2586 2
-0.0113202 -0.0044048 0.259667 2
-0.058115 -0.00158398 0.259667 2
-0.056134 -0.00157585 0.258333 2
-0.0154495 -0.00157382 0.258 2
-0.013519 -0.00157748 0.2586 2
-0.0113202 -0.00158398 0.259667 2
-0.0580317 0.00163311 0.2598 2
-0.0559111 0.00151311 0.2586 2
-0.0134985 0.00151034 0.2582 2
-0.0113202 0.00151892 0.259667 2
-0.0573421 0.00462775 0.26 2
-0.0554936 0.00470126 0.258833 2
-0.0534841 0.00537692 0.258 2
-0.0154494 0.0051527 0.258 2
-0.0135292 0.004607 0.2588 2
-0.0115135 0.00424793 0.259778 2
-0.0573421 0.00632242 0.26 2
-0.0552994 0.00748402 0.259458 2
-0.0527373 0.00754435 0.258 2
-0.0162642 0.00764966 0.258 2
-0.0135672 0.00743878 0.25952 2
-0.0119 0.0074522 0.26 2
-0.0549918 0.0103416 0.259682 2
-0.0524069 0.0105828 0.258461 2
-0.0504593 0.011599 0.258 2
-0.0165898 0.0104914 0.258333 2
-0.0136503 0.010461 0.259571 2
-0.0119 0.00999418 0.26 2
-0.0547585 0.0134922 0.26 2
-0.0522219 0.0135819 0.2584 2
-0.0504593 0.0135608 0.258 2
-0.0189235 0.0138239 0.258077 2
-0.0165702 0.0135649 0.258793 2
-0.0140639 0.0131953 0.26 2
-0.0542374 0.0164904 0.26 2
-0.0522706 0.0164042 0.25864 2
-0.0504593 0.0163636 0.258 2
-0.0213311 0.0172043 0.258 2
-0.0192386 0.0164475 0.258333 2
-0.0165551 0.0163083 0.259667 2
-0.0542374 0.0193148 0.26 2
-0.0522834 0.019422 0.259 2
-0.0498331 0.0200129 0.258071 2
-0.0216672 0.019895 0.258 2
-0.0194731 0.0194713 0.258857 2
-0.0169805 0.0193148 0.26 2
-0.0522546 0.0226034 0.259762 2
-0.0494853 0.022597 0.25876 2
-0.047005 0.0229966 0.258 2
-0.0218913 0.0225295 0.258 2
-0.0194008 0.022565 0.259032 2
-0.0169805 0.0224218 0.26 2
-0.0516972 0.0255286 0.26 2
-0.0495693 0.0254501 0.2592 2
-0.0468182 0.0253322 0.258 2
-0.024412 0.026173 0.258 2
-0.0223927 0.025447 0.258174 2
-0.0194643 0.0254572 0.259267 2
-0.0170831 0.0252205 0.26 2
-0.0516971 0.0283531 0.26 2
-0.0496001 0.0282838 0.25936 2
-0.0468063 0.0284985 0.25824 2
-0.0448577 0.0298166 0.258 2
-0.0400964 0.0298166 0.258 2
-0.0372701 0.029358 0.258 2
-0.0346699 0.0292911 0.258 2
-0.0319741 0.0298166 0.258 2
-0.0280899 0.0288265 0.258056 2
-0.0255144 0.0284014 0.258229 2
-0.0225264 0.0285113 0.258867 2
-0.0199005 0.028302 0.25975 2
-0.0497214 0.03146 0.26 2
-0.0466116 0.031547 0.2584 2
-0.0435133 0.0317224 0.258 2
-0.0403298 0.0315449 0.258 2
-0.0375757 0.0314982 0.258 2
-0.0344948 0.0314982 0.258 2
-0.0316793 0.0314392 0.258 2
-0.0279726 0.0311237 0.258176 2
-0.0254597 0.0316643 0.258852 2
-0.022555 0.0316447 0.2592 2
-0.0203343 0.031543 0.26 2
-0.0490359 0.0344861 0.26 2
-0.0464832 0.0344502 0.258963 2
-0.0432813 0.0343205 0.258143 2
-0.0403764 0.0345812 0.258 2
-0.0375757 0.0345812 0.258 2
-0.0344948 0.0345812 0.258 2
-0.0317195 0.034785 0.258 2
-0.028293 0.0352218 0.258 2
-0.0256628 0.0344891 0.258625 2
-0.022555 0.0344605 0.2592 2
-0.0205557 0.0341902 0.26 2
-0.0483101 0.0368264 0.26 2
-0.0462781 0.0373461 0.25968 2
-0.0433719 0.0373835 0.25916 2
-0.0404464 0.0377289 0.25844 2
-0.0375757 0.0376642 0.258 2
-0.0344948 0.0376642 0.258 2
-0.0314139 0.0376642 0.258 2
-0.0284717 0.0377775 0.258357 2
-0.0254159 0.0375287 0.258935 2
-0.022662 0.0372181 0.259304 2
-0.020932 0.0368264 0.26 2
-0.0461227 0.039792 0.26 2
-0.043534 0.0405309 0.259897 2
-0.0405335 0.0406244 0.259 2
-0.0375154 0.0406004 0.258444 2
-0.0344513 0.0404752 0.258429 2
-0.0315113 0.0405933 0.2588 2
-0.028457 0.0406451 0.259133 2
-0.0254284 0.0407501 0.2598 2
-0.0230206 0.0402722 0.26 2
-0.0432861 0.0434356 0.26 2
-0.0405651 0.0434709 0.2592 2
-0.0374495 0.0434488 0.259067 2
-0.0343473 0.0434373 0.259 2
-0.0315357 0.0434373 0.259 2
-0.0285 0.0435272 0.259533 2
-0.025602 0.043528 0.26 2
-0.0237545 0.0427577 0.26 2
-0.0427421 0.0463268 0.26 2
-0.04059 0.0463159 0.25936 2
-0.0375651 0.0464063 0.259867 2
-0.0342968 0.0464448 0.259071 2
-0.0315357 0.0465323 0.259 2
-0.0285805 0.046468 0.259625 2
-0.0257302 0.0464295 0.26 2
-0.0426652 0.0481241 0.26 2
-0.0406289 0.0494355 0.26 2
-0.0375846 0.0495364 0.26 2
-0.034474 0.049595 0.259482 2
-0.0316087 0.0497435 0.2596 2
-0.0284796 0.0496084 0.259941 2
-0.0257046 0.0492282 0.26 2
-0.0237545 0.0484065 0.26 2
-0.0399367 0.0518901 0.26 2
-0.037411 0.0525129 0.26 2
-0.0344799 0.0526433 0.26 2
-0.0316574 0.0526433 0.26 2
-0.0287264 0.0525129 0.26 2
-0.0262947 0.0515135 0.26 2
-0.0344799 0.0546203 0.26 2
-0.0327864 0.0546203 0.26 2
-0.0271415 0.0989641 0.26 2
-0.0260125 0.0989641 0.26 2
-0.0428435 0.101571 0.259857 2
-0.0407831 0.101611 0.259769 2
-0.0374435 0.101224 0.26 2
-0.034454 0.100863 0.2598 2
-0.0318993 0.101184 0.26 2
-0.0282111 0.101046 0.26 2
-0.0255216 0.100757 0.26 2
-0.0234722 0.101507 0.26 2
-0.0430277 0.102613 0.2598 2
-0.0403795 0.102587 0.259571 2
-0.0375847 0.102636 0.26 2
-0.0344799 0.102635 0.26 2
-0.0316574 0.102636 0.26 2
-0.0285528 0.102635 0.26 2
-0.025448 0.102635 0.26 2
-0.0234722 0.102635 0.26 2
-0.00157929 -0.0766209 0.2618 2
-0.00344833 -0.0730969 0.2612 2
-0.00232138 -0.0733578 0.262133 2
-0.0702048 -0.0704488 0.262385 2
-0.0686128 -0.0696394 0.261 2
-0.00345889 -0.0704755 0.262 2
-0.00264848 -0.0708788 0.262286 2
-0.0700316 -0.0674121 0.261941 2
-0.068718 -0.0674731 0.2614 2
-0.00345889 -0.0676293 0.262 2
-0.00289005 -0.0676293 0.262 2
-0.0699159 -0.0646824 0.262167 2
-0.0681801 -0.0645219 0.261375 2
-0.00387949 -0.064274 0.261667 2
-0.00289373 -0.0645791 0.262333 2
-0.0693782 -0.0615944 0.26175 2
-0.0680619 -0.0616702 0.261214 2
-0.00402116 -0.0616677 0.261667 2
-0.00290108 -0.061602 0.263 2
-0.0694003 -0.0587679 0.261833 2
-0.0681191 -0.0586438 0.261278 2
-0.00405346 -0.0586297 0.261588 2
-0.00290108 -0.0587449 0.263 2
-0.0694445 -0.0556754 0.262 2
-0.0683104 -0.0557257 0.261857 2
-0.00401676 -0.0555337 0.261333 2
-0.00289005 -0.0556754 0.262 2
-0.0694445 -0.0525446 0.262 2
-0.0679571 -0.0525823 0.261545 2
-0.00398354 -0.052621 0.2615 2
-0.00289373 -0.05261 0.262333 2
-0.0694445 -0.0505523 0.262 2
-0.0681178 -0.049712 0.261429 2
-0.00405539 -0.049558 0.261706 2
-0.00290108 -0.0496024 0.263 2
-0.0691386 -0.0453169 0.263 2
-0.0679342 -0.0461849 0.26125 2
-0.00399713 -0.0465272 0.262375 2
-0.00290108 -0.0464597 0.263 2
-0.0678537 -0.0432317 0.261545 2
-0.00451125 -0.043373 0.261857 2
-0.00290108 -0.0438884 0.263 2
-0.0691386 -0.0407456 0.263 2
-0.0679566 -0.0402917 0.262111 2
-0.00656237 -0.0390181 0.261 2
-0.00492435 -0.0404046 0.261636 2
-0.0691386 -0.0376029 0.263 2
-0.067607 -0.0373967 0.262222 2
-0.0657794 -0.0367499 0.261 2
-0.00656237 -0.0384511 0.261 2
-0.00487059 -0.0373885 0.2615 2
-0.0691386 -0.0341745 0.263 2
-0.0672611 -0.0344084 0.262852 2
-0.0649295 -0.0344817 0.261 2
-0.00482731 -0.0344575 0.262 2
-0.0668953 -0.0312358 0.263 2
-0.0651367 -0.0314621 0.261833 2
-0.00656237 -0.0305122 0.261 2
-0.00494019 -0.0314077 0.262455 2
-0.066569 -0.0290318 0.263 2
-0.0650787 -0.0283085 0.2616 2
-0.00656237 -0.0285275 0.261 2
-0.00544984 -0.0283522 0.262 2
-0.0648127 -0.0254736 0.261667 2
-0.00657243 -0.0254463 0.2614 2
-0.00546648 -0.0255831 0.2628 2
-0.0662835 -0.0216035 0.263 2
-0.064826 -0.0226219 0.262077 2
-0.00714162 -0.0226166 0.2615 2
-0.00547064 -0.0224606 0.263 2
-0.0643352 -0.0193687 0.26175 2
-0.0629461 -0.0188875 0.261 2
-0.00911239 -0.0186039 0.261 2
-0.00729981 -0.0193983 0.261519 2
-0.00547064 -0.0193179 0.263 2
-0.0644082 -0.0164192 0.262333 2
-0.0629461 -0.0163357 0.261 2
-0.00911239 -0.0163357 0.261 2
-0.00743423 -0.0163858 0.2618 2
-0.00547063 -0.0164609 0.263 2
-0.0662835 -0.012461 0.263 2
-0.0642376 -0.0135248 0.262524 2
-0.062096 -0.0135004 0.261 2
-0.00911239 -0.0135004 0.261 2
-0.00744027 -0.0135537 0.26204 2
-0.00547063 -0.0138895 0.263 2
-0.0662835 -0.0118896 0.263 2
-0.0642914 -0.0106297 0.262565 2
-0.0620961 -0.0106651 0.261 2
-0.00911239 -0.0106651 0.261 2
-0.00738269 -0.0105896 0.262259 2
-0.0638079 -0.00771703 0.262714 2
-0.0618722 -0.00726887 0.26125 2
-0.00960808 -0.00722986 0.261286 2
-0.00787845 -0.00767114 0.2624 2
-0.0637139 -0.00531845 0.263 2
-0.0616655 -0.00438692 0.261857 2
-0.0595461 -0.0032933 0.261 2
-0.00969069 -0.00443307 0.261333 2
-0.00802928 -0.00445569 0.262667 2
-0.0615298 -0.00159944 0.2622 2
-0.0595461 -0.00159212 0.261 2
-0.00969069 -0.00159415 0.261333 2
-0.00802928 -0.00160228 0.262667 2
-0.0615298 0.00153374 0.2622 2
-0.0595461 0.00152672 0.261 2
-0.00969069 0.00152867 0.261333 2
-0.00802928 0.00153647 0.262667 2
-0.0609746 0.0046694 0.262267 2
-0.059025 0.00464955 0.2612 2
-0.0100974 0.00481497 0.261381 2
-0.00858501 0.00466778 0.2622 2
-0.0610676 0.00752863 0.262667 2
-0.0585753 0.00759126 0.261391 2
-0.010275 0.00750379 0.2618 2
-0.00861121 0.00753818 0.263 2
-0.0606142 0.0101503 0.263 2
-0.0582639 0.0103403 0.2616 2
-0.0564293 0.0108832 0.261 2
-0.0125124 0.0114503 0.261 2
-0.0103392 0.0103902 0.261769 2
-0.00861121 0.0103952 0.263 2
-0.0602879 0.0121094 0.263 2
-0.0584458 0.0135084 0.262417 2
-0.0562983 0.0136457 0.261143 2
-0.0131703 0.0140138 0.261214 2
-0.0108078 0.013455 0.262258 2
-0.00861121 0.0121094 0.263 2
-0.0583301 0.0164358 0.263 2
-0.0559708 0.0165855 0.2615 2
-0.0156291 0.0174045 0.261 2
-0.0135542 0.0166625 0.261704 2
-0.0111907 0.0164018 0.2628 2
-0.0580038 0.0195377 0.263 2
-0.0559708 0.0194263 0.2615 2
-0.0156291 0.0193891 0.261 2
-0.0134218 0.0194787 0.2622 2
-0.0111808 0.0186806 0.263 2
-0.0580038 0.0223947 0.263 2
-0.0556678 0.0223428 0.261615 2
-0.0538794 0.022508 0.261 2
-0.0156291 0.022508 0.261 2
-0.013482 0.0224156 0.262 2
-0.0578814 0.0256191 0.263 2
-0.0557275 0.0254401 0.261889 2
-0.0533127 0.0256268 0.261 2
-0.0159529 0.0258698 0.261 2
-0.0133595 0.0255534 0.262294 2
-0.0580038 0.0281088 0.263 2
-0.0557506 0.0285494 0.2618 2
-0.0533127 0.0284621 0.261 2
-0.018422 0.0287861 0.261 2
-0.0164935 0.0284888 0.26124 2
-0.0140081 0.0286257 0.2625 2
-0.0571473 0.0312515 0.263 2
-0.0553146 0.0314655 0.262182 2
-0.0525717 0.0314937 0.261 2
-0.0187458 0.031581 0.261 2
-0.0165655 0.0314462 0.261692 2
-0.0135266 0.0315761 0.262643 2
-0.0549282 0.0341318 0.262625 2
-0.0522765 0.034764 0.26148 2
-0.0502365 0.0350238 0.261 2
-0.0191741 0.0349065 0.261333 2
-0.0165491 0.0343937 0.26212 2
-0.0141198 0.0342262 0.263 2
-0.0545517 0.0374071 0.263 2
-0.0524052 0.0376965 0.26212 2
-0.0496144 0.0377141 0.261 2
-0.0212958 0.0383857 0.261 2
-0.0193611 0.0376331 0.26168 2
-0.016559 0.0375716 0.262897 2
-0.0146068 0.0363942 0.263 2
-0.0524767 0.0406001 0.26248 2
-0.0493692 0.0403892 0.26112 2
-0.0468904 0.0411265 0.261 2
-0.0214847 0.0405594 0.261 2
-0.019388 0.0405318 0.26204 2
-0.0171764 0.0406797 0.263 2
-0.0517744 0.0431198 0.262778 2
-0.0495438 0.043379 0.26204 2
-0.0464908 0.0434239 0.261214 2
-0.044586 0.0444532 0.261 2
-0.0244125 0.0443398 0.261 2
-0.0223456 0.0435495 0.261133 2
-0.0194004 0.0434044 0.2622 2
-0.0171764 0.0435368 0.263 2
-0.0514372 0.0463938 0.263 2
-0.0495685 0.0465194 0.262379 2
-0.0467218 0.0466271 0.261815 2
-0.0442864 0.0466891 0.261 2
-0.0244125 0.0466081 0.261 2
-0.022376 0.0465404 0.261219 2
-0.0194895 0.0464419 0.262556 2
-0.0173667 0.0460129 0.263 2
-0.0517798 0.0495365 0.263 2
-0.0496234 0.0496106 0.262231 2
-0.0466839 0.0496254 0.26196 2
-0.0437831 0.0495751 0.261174 2
-0.0247525 0.0502373 0.261 2
-0.0223423 0.0495379 0.261179 2
-0.0194981 0.0494723 0.2626 2
-0.0177474 0.0486794 0.263 2
-0.0514372 0.0518222 0.263 2
-0.0494871 0.0524399 0.2628 2
-0.0466769 0.0524632 0.26192 2
-0.043658 0.0525343 0.261104 2
-0.0409691 0.052969 0.261 2
-0.0385793 0.0536963 0.261 2
-0.0275291 0.0536963 0.261 2
-0.0254589 0.0526952 0.26104 2
-0.0224856 0.0524131 0.261667 2
-0.0195984 0.0527117 0.262773 2
-0.048525 0.0553077 0.263 2
-0.0465423 0.0553522 0.262381 2
-0.0437477 0.0555974 0.262 2
-0.0404482 0.0553654 0.261091 2
-0.0373987 0.0556338 0.261 2
-0.0346126 0.0562481 0.261 2
-0.0313947 0.0557418 0.261 2
-0.0284531 0.0555824 0.261 2
-0.0254444 0.0555981 0.262 2
-0.0224615 0.0553857 0.262571 2
-0.0198937 0.0550809 0.262923 2
-0.0480111 0.0572505 0.263 2
-0.0460805 0.0583389 0.263 2
-0.0433906 0.0583233 0.26268 2
-0.0404711 0.0582254 0.26224 2
-0.0376168 0.0586495 0.261885 2
-0.0346553 0.0585891 0.26132 2
-0.031527 0.0585767 0.261267 2
-0.0284124 0.0585896 0.261889 2
-0.0255088 0.0582486 0.262714 2
-0.023172 0.0575362 0.263 2
-0.0454415 0.0603933 0.263 2
-0.0431167 0.0608831 0.263 2
-0.0405879 0.0615361 0.263 2
-0.0375794 0.0618425 0.262815 2
-0.0343688 0.0615427 0.262071 2
-0.0313603 0.0616439 0.26224 2
-0.0285655 0.0617567 0.26272 2
-0.026079 0.0614062 0.263 2
-0.042872 0.0643931 0.263 2
-0.0405403 0.0646312 0.263 2
-0.0375352 0.064503 0.263 2
-0.0343068 0.0643931 0.263 2
-0.0314517 0.0638217 0.263 2
-0.0285967 0.0638217 0.263 2
-0.0403024 0.066393 0.263 2
-0.0385894 0.066393 0.263 2
-0.0373644 0.0916248 0.262917 2
-0.0344789 0.0916804 0.262517 2
-0.0313236 0.0921576 0.262765 2
-0.0288333 0.0922025 0.262733 2
-0.0249993 0.0923349 0.263 2
-0.023172 0.0926777 0.263 2
-0.0371211 0.0937389 0.263 2
-0.0342524 0.0946096 0.263 2
-0.0313851 0.0944631 0.262259 2
-0.0284942 0.0944631 0.262259 2
-0.0254561 0.0943919 0.263 2
-0.023172 0.0943919 0.263 2
-0.0168695 0.0954129 0.262667 2
-0.0425865 0.0989632 0.263 2
-0.0402628 0.0984615 0.262909 2
-0.0374891 0.0982475 0.262706 2
-0.0342297 0.097552 0.262577 2
-0.0315239 0.0975325 0.261966 2
-0.0284229 0.0975707 0.261742 2
-0.0254513 0.0974578 0.262225 2
-0.0223621 0.0975443 0.262903 2
-0.0194316 0.0973852 0.2626 2
-0.0165002 0.0973966 0.262038 2
-0.014864 0.0973487 0.2625 2
-0.0523651 0.10082 0.263 2
-0.0505806 0.101535 0.263 2
-0.045727 0.101154 0.263 2
-0.043562 0.100577 0.262 2
-0.0405139 0.100242 0.261704 2
-0.0375888 0.100189 0.261385 2
-0.0346568 0.0994709 0.261333 2
-0.0312323 0.0999277 0.261167 2
-0.0288514 0.100006 0.261 2
-0.0246959 0.0996283 0.261 2
-0.0224673 0.100356 0.261758 2
-0.0193896 0.10031 0.26204 2
-0.0165639 0.100433 0.26236 2
-0.0148923 0.100677 0.263 2
-0.0519266 0.1028 0.263 2
-0.0496039 0.103324 0.263 2
-0.0462766 0.102797 0.262333 2
-0.0445293 0.102747 0.261 2
-0.0374459 0.10218 0.261 2
-0.0218219 0.102781 0.261308 2
-0.0193865 0.102856 0.262 2
-0.0166054 0.103249 0.263 2
-0.0143213 0.103249 0.263 2
-4.61916e-05 -0.07847 0.264 2
0.000526992 -0.07847 0.264 2
-0.000443092 -0.0760423 0.264462 2
0.000844548 -0.076856 0.265273 2
-0.069688 -0.0721606 0.264 2
-0.000763874 -0.07354 0.264667 2
0.00110851 -0.0741521 0.266 2
-0.069688 -0.071587 0.264 2
-0.00143016 -0.0705242 0.264909 2
-0.00148258 -0.067539 0.265 2
-0.00153508 -0.0645295 0.265 2
-0.00148647 -0.0616107 0.2655 2
-0.0014322 -0.0585192 0.265273 2
-0.00148258 -0.0554482 0.265 2
-0.00176843 -0.0526399 0.264625 2
-0.00206011 -0.0494039 0.265 2
-0.00206011 -0.0465251 0.265 2
-0.00348529 -0.0426213 0.264 2
-0.00220211 -0.0434755 0.264833 2
-0.00348529 -0.0406138 0.264 2
-0.00231253 -0.0405541 0.264941 2
-0.00348529 -0.0374591 0.264 2
-0.00238447 -0.0374559 0.26525 2
-0.0694014 -0.034878 0.264 2
-0.0688283 -0.034878 0.264 2
-0.00349322 -0.0343811 0.2646 2
-0.00254058 -0.0348478 0.265222 2
-0.0679685 -0.0316277 0.264 2
-0.0034985 -0.0315556 0.265 2
-0.00292314 -0.0315556 0.265 2
-0.067875 -0.0282174 0.26475 2
-0.00406288 -0.0286047 0.264333 2
-0.00292314 -0.0286768 0.265 2
-0.0676693 -0.0254043 0.265273 2
-0.00402843 -0.025635 0.264437 2
-0.00292498 -0.0255253 0.265167 2
-0.0678182 -0.022414 0.265474 2
-0.0659623 -0.0224504 0.264 2
-0.00409996 -0.0225113 0.264588 2
-0.00293417 -0.0224279 0.266 2
-0.0677417 -0.0194902 0.26535 2
-0.0659623 -0.0193914 0.264 2
-0.00407825 -0.0194893 0.265333 2
-0.00293417 -0.0195383 0.266 2
-0.0675739 -0.0167113 0.264944 2
-0.0659623 -0.0165235 0.264 2
-0.00407825 -0.0166069 0.265333 2
-0.00293417 -0.0166486 0.266 2
-0.0670609 -0.0136078 0.264 2
-0.0659623 -0.0139424 0.264 2
-0.00419648 -0.0134715 0.264778 2
-0.00293417 -0.0134701 0.266 2
-0.0672325 -0.0104294 0.264353 2
-0.0659623 -0.0102141 0.264 2
-0.00472437 -0.0105293 0.264714 2
-0.00293417 -0.0105804 0.266 2
-0.0671074 -0.00731173 0.264947 2
-0.0651981 -0.00721874 0.264 2
-0.00663781 -0.00705942 0.264 2
-0.00494139 -0.00738151 0.2653 2
-0.0671518 -0.00449971 0.2653 2
-0.0647035 -0.00426479 0.264125 2
-0.00663781 -0.00447831 0.264 2
-0.00500813 -0.00463124 0.265444 2
-0.0671526 -0.00183803 0.265875 2
-0.0646527 -0.00161347 0.2645 2
-0.00663781 -0.00161042 0.264 2
-0.00552888 -0.00162053 0.2658 2
-0.0648336 0.00142143 0.265455 2
-0.00666295 0.00155012 0.265 2
-0.00553304 0.001267 0.266 2
-0.0646154 0.00459294 0.265259 2
-0.0625232 0.00469895 0.264 2
-0.00722356 0.00470785 0.2645 2
-0.00553304 0.00444559 0.266 2
-0.0644504 0.00744613 0.265524 2
-0.062618 0.00757962 0.2644 2
-0.00722356 0.00758118 0.2645 2
-0.00553304 0.00762417 0.266 2
-0.0640156 0.0103208 0.265615 2
-0.062162 0.0107656 0.264455 2
-0.00722903 0.0104633 0.2647 2
-0.00553304 0.0102248 0.266 2
-0.063431 0.0133745 0.2654 2
-0.0615644 0.0134273 0.264478 2
-0.00921713 0.0135894 0.264 2
-0.00748306 0.0134134 0.26525 2
-0.0635744 0.0151372 0.266 2
-0.0612854 0.016319 0.264783 2
-0.0593707 0.0173177 0.264 2
-0.00971342 0.0167946 0.264143 2
-0.00765123 0.0162233 0.26525 2
-0.0615014 0.0195692 0.265545 2
-0.0593707 0.019612 0.264 2
-0.0102117 0.0198011 0.264333 2
-0.00808831 0.0195348 0.265706 2
-0.0608838 0.0226174 0.2656 2
-0.0593707 0.0224799 0.264 2
-0.0103797 0.0225168 0.26444 2
-0.00812099 0.0226218 0.265667 2
-0.0609756 0.0255398 0.266 2
-0.0593707 0.0253478 0.264 2
-0.0103858 0.0254054 0.2646 2
-0.00812099 0.0255078 0.265667 2
-0.0609756 0.0284294 0.266 2
-0.0591396 0.0286721 0.264429 2
-0.0123696 0.0287893 0.264 2
-0.010453 0.0284185 0.264704 2
-0.00845724 0.0280846 0.265857 2
-0.0609756 0.0307411 0.266 2
-0.0588574 0.0315066 0.264571 2
-0.0567914 0.0328043 0.264 2
-0.0123696 0.03051 0.264 2
-0.0103722 0.0315199 0.264815 2
-0.00870943 0.0313191 0.266 2
-0.0601093 0.0344976 0.266 2
-0.0584982 0.0345795 0.265048 2
-0.0564093 0.0349074 0.264 2
-0.0126562 0.0347457 0.264 2
-0.0106264 0.0345932 0.265143 2
-0.00870943 0.0330528 0.266 2
-0.0579798 0.0376054 0.2655 2
-0.0559316 0.0373929 0.264 2
-0.0133616 0.037591 0.264461 2
-0.0109783 0.0374286 0.266 2
-0.0579277 0.0403701 0.265556 2
-0.0554053 0.0405235 0.264286 2
-0.0158087 0.0408344 0.264 2
-0.0135549 0.0403833 0.2648 2
-0.0113083 0.0405658 0.266 2
-0.0575104 0.0434555 0.266 2
-0.0555242 0.0435269 0.2652 2
-0.0530516 0.0437779 0.264167 2
-0.015541 0.0435656 0.264333 2
-0.0132983 0.0433574 0.2654 2
-0.0113083 0.0425885 0.266 2
-0.0553538 0.0464676 0.265643 2
-0.0528907 0.0465284 0.264375 2
-0.0159023 0.0466962 0.264273 2
-0.0133497 0.0463316 0.265538 2
-0.0556661 0.0496224 0.265522 2
-0.0531747 0.0492979 0.264067 2
-0.0183881 0.0502985 0.264 2
-0.0162551 0.0496064 0.264555 2
-0.0138636 0.049576 0.265824 2
-0.0551095 0.0524776 0.265632 2
-0.0525725 0.0525817 0.264474 2
-0.0183881 0.0520192 0.264 2
-0.0164208 0.0524381 0.264667 2
-0.0140997 0.052317 0.266 2
-0.0545815 0.0552616 0.266 2
-0.052413 0.0553918 0.26504 2
-0.0498723 0.0555836 0.264 2
-0.0190568 0.0562255 0.264 2
-0.0165641 0.0554636 0.265032 2
-0.0144847 0.0553029 0.266 2
-0.0524508 0.0585117 0.265556 2
-0.049538 0.0586291 0.264461 2
-0.0476205 0.0589021 0.264 2
-0.0244065 0.0597625 0.264 2
-0.0222366 0.0587792 0.264 2
-0.0195574 0.0586873 0.26432 2
-0.0167607 0.0585977 0.26548 2
-0.0521642 0.0612632 0.265533 2
-0.0494309 0.0615954 0.26448 2
-0.0466379 0.0616471 0.264 2
-0.0438948 0.0620568 0.264 2
-0.0244065 0.0614833 0.264 2
-0.0224132 0.0615207 0.26416 2
-0.0196053 0.061707 0.26496 2
-0.017012 0.0614741 0.265889 2
-0.0519414 0.0642195 0.266 2
-0.0495057 0.0645659 0.26488 2
-0.0464741 0.0643512 0.264 2
-0.0442769 0.06416 0.264 2
-0.0315713 0.0652115 0.264 2
-0.0287054 0.0652115 0.264 2
-0.025471 0.0644331 0.264 2
-0.0224299 0.0644394 0.26436 2
-0.0196084 0.0645949 0.265 2
-0.0171523 0.0643708 0.266 2
-0.0514464 0.0665724 0.266 2
-0.0492981 0.0673526 0.265588 2
-0.0465809 0.067373 0.2646 2
-0.0435468 0.0674034 0.264 2
-0.0405659 0.067947 0.264 2
-0.0372213 0.0675878 0.264 2
-0.0344372 0.0675058 0.264 2
-0.0315713 0.0675058 0.264 2
-0.0287054 0.0675058 0.264 2
-0.0256594 0.0674224 0.264375 2
-0.0224852 0.0674737 0.265 2
-0.0196314 0.067556 0.26532 2
-0.0176611 0.0668614 0.266 2
-0.0485587 0.0697511 0.266 2
-0.0466058 0.070443 0.265636 2
-0.0436157 0.0705281 0.26488 2
-0.0402352 0.0706164 0.264 2
-0.0373031 0.0706605 0.264 2
-0.0345025 0.0705081 0.2645 2
-0.0316556 0.070561 0.2647 2
-0.0284811 0.0705301 0.264583 2
-0.025314 0.0704004 0.265 2
-0.0224917 0.0703739 0.26508 2
-0.0200763 0.0704355 0.265824 2
-0.0460011 0.0734663 0.266 2
-0.0433343 0.0734106 0.265062 2
-0.0401815 0.073551 0.26408 2
-0.0373697 0.0736624 0.26448 2
-0.0345677 0.0735191 0.265 2
-0.0316909 0.0735191 0.265 2
-0.0286072 0.0733771 0.265323 2
-0.0254003 0.073343 0.2654 2
-0.022532 0.0733869 0.26556 2
-0.0208375 0.0735075 0.266 2
-0.0455267 0.0762527 0.266 2
-0.0432236 0.0765482 0.265304 2
-0.0402914 0.0766284 0.2648 2
-0.037427 0.0766512 0.26488 2
-0.0345677 0.0766857 0.265 2
-0.0316909 0.0766857 0.265 2
-0.0285337 0.0765695 0.265457 2
-0.0254258 0.0765886 0.265667 2
-0.0226212 0.0764822 0.265852 2
-0.0208375 0.0763971 0.266 2
-0.0573646 0.0809849 0.264 2
-0.0567914 0.0809849 0.264 2
-0.0453824 0.0792868 0.266 2
-0.0432989 0.0794731 0.265481 2
-0.0403212 0.0795644 0.265 2
-0.0374444 0.0795644 0.265 2
-0.0345677 0.0795644 0.265 2
-0.0315925 0.0796024 0.264704 2
-0.0285471 0.079606 0.264412 2
-0.0255082 0.0797516 0.264733 2
-0.022485 0.0794068 0.265259 2
-0.0203044 0.0794646 0.266 2
-0.0573364 0.0827171 0.2644 2
-0.0567014 0.0824978 0.26425 2
-0.0453824 0.0821764 0.266 2
-0.0433063 0.0824964 0.265385 2
-0.0402059 0.0825158 0.264643 2
-0.0374775 0.0824853 0.264923 2
-0.0345677 0.0824432 0.265 2
-0.0317558 0.0825165 0.264913 2
-0.0285038 0.0826667 0.264792 2
-0.0251892 0.0826365 0.264346 2
-0.0224595 0.0824483 0.265231 2
-0.0198157 0.0826432 0.266 2
-0.016737 0.0831589 0.266 2
-0.0574023 0.0846182 0.2655 2
-0.0564312 0.0841705 0.265 2
-0.0429063 0.0854142 0.265706 2
-0.0403141 0.0854768 0.264783 2
-0.0373407 0.0855134 0.264552 2
-0.0346217 0.0854256 0.264926 2
-0.0316909 0.085322 0.265 2
-0.0286863 0.085322 0.265 2
-0.0254871 0.0854658 0.264034 2
-0.0225445 0.085437 0.264963 2
-0.0198474 0.085699 0.266 2
-0.0166837 0.0855106 0.266 2
-0.0454994 0.089928 0.265 2
-0.0432542 0.0892696 0.265765 2
-0.0403669 0.0885498 0.265034 2
-0.0373206 0.0884817 0.26412 2
-0.0344168 0.0883636 0.264321 2
-0.031671 0.088432 0.264833 2
-0.0285264 0.0884886 0.265 2
-0.0252663 0.0884415 0.264 2
-0.0223624 0.0883516 0.264286 2
-0.0196321 0.0885985 0.265333 2
-0.0176611 0.0885336 0.266 2
-0.0488475 0.092579 0.266 2
-0.0466908 0.0914149 0.265 2
-0.04352 0.0914351 0.264867 2
-0.0404477 0.0914192 0.26432 2
-0.0376307 0.090408 0.264 2
-0.0341097 0.090408 0.264 2
-0.0315713 0.0907358 0.264 2
-0.028494 0.0909012 0.264111 2
-0.025679 0.0912176 0.264 2
-0.0224004 0.0913094 0.264 2
-0.0195928 0.0915861 0.2648 2
-0.0171477 0.0915516 0.266 2
-0.0514464 0.0954686 0.266 2
-0.0490674 0.0946116 0.265625 2
-0.0465667 0.0943633 0.26452 2
-0.0436048 0.0943597 0.264385 2
-0.040433 0.0944294 0.264032 2
-0.0374942 0.09542 0.264 2
-0.0218272 0.094464 0.264 2
-0.0195633 0.094606 0.2644 2
-0.0164838 0.0942862 0.265333 2
-0.0138878 0.095057 0.2651 2
-0.0548427 0.0982343 0.265667 2
-0.0524159 0.0977028 0.265792 2
-0.0497554 0.0975547 0.265893 2
-0.0466788 0.0974717 0.26516 2
-0.0436121 0.097456 0.2646 2
-0.0406992 0.0972604 0.264043 2
-0.0373031 0.0970451 0.264 2
-0.035297 0.0967584 0.264 2
-0.0132253 0.0975101 0.264846 2
-0.010547 0.0979117 0.266 2
-0.00870943 0.0980693 0.266 2
-0.0547051 0.09914 0.265 2
-0.0523183 0.0996191 0.264263 2
-0.0494479 0.10045 0.264793 2
-0.0467551 0.100238 0.26468 2
-0.0442875 0.0995568 0.264143 2
-0.0132673 0.100445 0.2648 2
-0.0112121 0.100285 0.266 2
-0.0487668 0.102637 0.264 2
-0.0473339 0.102207 0.264 2
-0.0128276 0.103215 0.2646 2
-0.0111494 0.103862 0.265667 2
-0.0107307 0.105293 0.266 2
0.00163825 -0.075993 0.2674 2
-4.67165e-05 -0.0729806 0.267 2
0.00138965 -0.0734011 0.268539 2
-4.68623e-05 -0.0705889 0.267833 2
0.000534644 -0.0705889 0.267833 2
-4.68915e-05 -0.0674313 0.268 2
0.000534977 -0.0674313 0.268 2
-4.68915e-05 -0.0645199 0.268 2
0.00101391 -0.0640137 0.268546 2
-4.68915e-05 -0.0616086 0.268 2
0.00162844 -0.0612294 0.268783 2
-4.68915e-05 -0.0586972 0.268 2
0.00170465 -0.0584049 0.2688 2
-4.68915e-05 -0.0554947 0.268 2
0.00137992 -0.0557627 0.268667 2
-0.000521157 -0.0522564 0.267818 2
0.000536574 -0.0524475 0.2688 2
-0.000792091 -0.0496232 0.267286 2
0.000536973 -0.0504418 0.269 2
-0.00066792 -0.0463118 0.267571 2
0.000536973 -0.0463508 0.269 2
-0.00062653 -0.043504 0.267667 2
0.000536973 -0.0437207 0.269 2
-0.000838493 -0.040683 0.267545 2
0.000536973 -0.0419674 0.269 2
-0.000919695 -0.0377355 0.268 2
-0.00130654 -0.0344497 0.268111 2
-0.00155178 -0.0314781 0.267909 2
-0.00149939 -0.0284192 0.268 2
-0.00156342 -0.0256272 0.267889 2
-0.00156342 -0.0224573 0.267889 2
-0.00175192 -0.0199566 0.268286 2
-0.00164832 -0.016359 0.268375 2
-0.00155178 -0.0134339 0.267909 2
-0.0035249 -0.00916997 0.267 2
-0.00183147 -0.010533 0.2682 2
-0.0035249 -0.00742968 0.267 2
-0.00237483 -0.0074625 0.2682 2
-0.00378277 -0.00420983 0.267714 2
-0.00295623 -0.00454616 0.268 2
-0.0681612 -0.000758571 0.267 2
-0.004109 -0.00163075 0.267333 2
-0.00295623 -0.00163482 0.268 2
-0.067658 0.00127385 0.2673 2
-0.00411383 0.00127596 0.267667 2
-0.00296285 0.00128069 0.2686 2
-0.0676878 0.00446881 0.267417 2
-0.00412437 0.00448459 0.268333 2
-0.00296726 0.00449573 0.269 2
-0.0670432 0.0076114 0.267 2
-0.0655525 0.00852298 0.267 2
-0.00411559 0.00767518 0.2678 2
-0.00296726 0.00771016 0.269 2
-0.0668792 0.0105797 0.267667 2
-0.0653041 0.0108848 0.267 2
-0.00433476 0.0106607 0.267875 2
-0.00296726 0.0103401 0.269 2
-0.0670298 0.0136067 0.268563 2
-0.064984 0.0133817 0.267214 2
-0.00498237 0.013479 0.2675 2
-0.0667736 0.0162576 0.269 2
-0.0642754 0.0165109 0.267444 2
-0.00671323 0.0175145 0.267 2
-0.00499268 0.0164221 0.2681 2
-0.0643693 0.0193345 0.2681 2
-0.00671324 0.0195448 0.267 2
-0.005001 0.0193629 0.2685 2
-0.0639624 0.0223326 0.268143 2
-0.0623642 0.0227353 0.267 2
-0.00671324 0.0227353 0.267 2
-0.00505315 0.0224348 0.268455 2
-0.0638567 0.0257715 0.2684 2
-0.0623642 0.0256358 0.267 2
-0.00671323 0.0256358 0.267 2
-0.00514701 0.0253421 0.2685 2
-0.0639994 0.0287501 0.269 2
-0.0623642 0.0285363 0.267 2
-0.0072397 0.0287132 0.267444 2
-0.00559544 0.0287501 0.269 2
-0.0639994 0.0310878 0.269 2
-0.0621664 0.0317533 0.267571 2
-0.00731599 0.0315439 0.2679 2
-0.0631233 0.0343023 0.269 2
-0.0616843 0.0343833 0.268 2
-0.00932187 0.0346273 0.267 2
-0.00772855 0.0343614 0.2681 2
-0.0610983 0.0375433 0.2678 2
-0.0597555 0.0378179 0.267 2
-0.00980888 0.0379217 0.267364 2
-0.00820659 0.0374432 0.268467 2
-0.0611418 0.0403036 0.268455 2
-0.0595402 0.0409629 0.267333 2
-0.00991322 0.0405751 0.267333 2
-0.00821271 0.0403888 0.268667 2
-0.0609945 0.0430093 0.268625 2
-0.059296 0.0435709 0.267375 2
-0.0103349 0.0437321 0.267524 2
-0.00831493 0.0429691 0.268545 2
-0.0602031 0.04716 0.269 2
-0.0584978 0.0464561 0.267429 2
-0.0105105 0.0465418 0.2678 2
-0.00880766 0.0462833 0.269 2
-0.0602031 0.0494978 0.269 2
-0.0585576 0.0495129 0.267952 2
-0.0125102 0.0494198 0.267 2
-0.010474 0.0495376 0.268 2
-0.00858864 0.049863 0.269 2
-0.0602031 0.0527122 0.269 2
-0.0585263 0.0525163 0.268 2
-0.0567122 0.0530454 0.267 2
-0.0128415 0.0525689 0.267 2
-0.0105173 0.0525089 0.26796 2
-0.00832981 0.0523934 0.269 2
-0.0602031 0.0547578 0.269 2
-0.0581548 0.0554237 0.268364 2
-0.0557805 0.0558423 0.267 2
-0.0151188 0.0569611 0.267 2
-0.0132196 0.0555201 0.267348 2
-0.0106396 0.0554507 0.268478 2
-0.00880766 0.05505 0.269 2
-0.058052 0.0584478 0.2685 2
-0.05539 0.0586216 0.267222 2
-0.0151188 0.0587013 0.267 2
-0.0133923 0.0585195 0.267783 2
-0.0114358 0.0585566 0.269 2
-0.0578476 0.061164 0.268714 2
-0.0556122 0.0616114 0.267727 2
-0.0536688 0.0618918 0.267 2
-0.01542 0.0616482 0.2672 2
-0.0134647 0.0615553 0.268296 2
-0.0114358 0.0603099 0.269 2
-0.057575 0.0632322 0.269 2
-0.0556284 0.0646516 0.268471 2
-0.0534498 0.0646301 0.267091 2
-0.0155404 0.0646078 0.267 2
-0.0134294 0.0645148 0.268522 2
-0.0549308 0.0673349 0.268714 2
-0.0523951 0.0675948 0.2673 2
-0.0501905 0.068563 0.267 2
-0.0180173 0.0682729 0.267 2
-0.0161411 0.0675741 0.267364 2
-0.0138657 0.0671508 0.268933 2
-0.0543627 0.0699532 0.269 2
-0.0524166 0.0704872 0.26825 2
-0.0496526 0.0706204 0.267222 2
-0.0184916 0.0706197 0.267 2
-0.0163261 0.0705139 0.2678 2
-0.0141892 0.0707464 0.269 2
-0.0523186 0.0737521 0.269 2
-0.0494193 0.0734816 0.267769 2
-0.047292 0.074074 0.267 2
-0.0191146 0.0735974 0.267 2
-0.0163654 0.0735074 0.267429 2
-0.0137613 0.0736966 0.2688 2
-0.0523186 0.0766743 0.269 2
-0.04941 0.076509 0.267593 2
-0.0470914 0.0768182 0.267 2
-0.0191767 0.0766843 0.267 2
-0.0162997 0.0765547 0.267783 2
-0.0136296 0.0767016 0.268818 2
-0.0117279 0.077551 0.269 2
-0.0522802 0.0795367 0.2688 2
-0.0493962 0.0794711 0.2674 2
-0.0470022 0.0795848 0.267 2
-0.0187675 0.0794483 0.267 2
-0.0162627 0.0794665 0.267414 2
-0.0134934 0.0794291 0.268 2
-0.0116233 0.0797413 0.268833 2
-0.05707 0.0836677 0.268 2
-0.0559876 0.0833554 0.267 2
-0.0521606 0.0825102 0.268455 2
-0.049469 0.0824932 0.267445 2
-0.0470022 0.0824853 0.267 2
-0.018597 0.0816151 0.267 2
-0.0160298 0.0819466 0.267 2
-0.013338 0.0824301 0.267429 2
-0.0114386 0.0825102 0.268455 2
-0.0576145 0.0865944 0.2685 2
-0.0559312 0.0856841 0.267929 2
-0.0523835 0.0855708 0.269 2
-0.0495057 0.0857056 0.268 2
-0.0465406 0.0855493 0.267826 2
-0.0443936 0.0859659 0.267 2
-0.0188868 0.0856759 0.267 2
-0.0154087 0.086546 0.267 2
-0.0133968 0.0855011 0.26736 2
-0.0113143 0.0859776 0.268444 2
-0.058159 0.0871943 0.269 2
-0.0555308 0.0871943 0.269 2
-0.0521781 0.0883723 0.268546 2
-0.049425 0.0884704 0.26756 2
-0.0465984 0.0884492 0.267889 2
-0.0439204 0.0881675 0.267143 2
-0.0159239 0.0884152 0.267 2
-0.0133889 0.0883524 0.2672 2
-0.0109204 0.0886228 0.26855 2
-0.0523194 0.0913021 0.268667 2
-0.0496636 0.0914068 0.267348 2
-0.0464225 0.0900266 0.267 2
-0.0156985 0.0911868 0.267 2
-0.0134787 0.0915562 0.267704 2
-0.0106868 0.091483 0.26855 2
-0.00880766 0.0921621 0.269 2
-0.0554562 0.0954065 0.268053 2
-0.0523849 0.0945571 0.268031 2
-0.0501906 0.0940873 0.267 2
-0.0154087 0.0935072 0.267 2
-0.0129267 0.0941094 0.267375 2
-0.0104777 0.0944159 0.267794 2
-0.00767199 0.0945744 0.268577 2
-0.00489589 0.0953666 0.268846 2
-0.00296726 0.0959609 0.269 2
-0.0556977 0.0969877 0.267 2
-0.0533789 0.0966977 0.267 2
-0.0101914 0.0966977 0.267 2
-0.00745922 0.0972475 0.267185 2
-0.00470843 0.097511 0.26844 2
-0.0025779 0.0981039 0.269 2
-0.0099982 0.100952 0.267 2
-0.00759033 0.100407 0.2673 2
-0.00471273 0.100517 0.26868 2
-0.0025779 0.100247 0.269 2
-0.0100465 0.103152 0.267 2
-0.00756013 0.103367 0.267621 2
-0.00479123 0.103518 0.268357 2
-0.00296175 0.103074 0.2685 2
-0.00961172 0.105399 0.267 2
-0.00758278 0.105399 0.267 2
-0.00555384 0.105399 0.267 2
0.0025907 -0.077027 0.27 2
0.0023985 -0.07311 0.270333 2
0.00200449 -0.0702809 0.27 2
0.00200449 -0.0673479 0.27 2
0.00225573 -0.0646662 0.27 2
0.00259071 -0.062655 0.27 2
0.00236006 -0.0547572 0.2704 2
0.003791 -0.0545501 0.272 2
0.00189756 -0.0526409 0.2713 2
0.003791 -0.0533682 0.272 2
-4.72414e-05 -0.0491628 0.27 2
0.00122264 -0.0494143 0.271385 2
-4.72414e-05 -0.0479896 0.27 2
0.00134503 -0.0466088 0.271273 2
0.00142564 -0.0435199 0.2714 2
-4.72414e-05 -0.0403636 0.27 2
0.00113218 -0.0405629 0.271333 2
-4.74164e-05 -0.0375692 0.271 2
0.000935555 -0.0380247 0.271444 2
-4.74164e-05 -0.0346252 0.271 2
0.000540966 -0.0346252 0.271 2
-4.74164e-05 -0.0316813 0.271 2
0.000540966 -0.0316813 0.271 2
-4.74164e-05 -0.0287373 0.271 2
0.000540966 -0.0287373 0.271 2
-0.000267289 -0.0253015 0.27125 2
0.000542297 -0.0255603 0.271667 2
-0.000298724 -0.0227987 0.271429 2
0.000542962 -0.0223428 0.272 2
-0.000588493 -0.0191198 0.270769 2
0.000542962 -0.019388 0.272 2
-0.000438223 -0.0167644 0.271 2
0.000542563 -0.016422 0.2718 2
-4.74164e-05 -0.0134289 0.271 2
0.000540966 -0.0134289 0.271 2
-0.000574935 -0.010235 0.2706 2
0.000541964 -0.0107981 0.2715 2
-0.000930676 -0.00754438 0.2712 2
-0.0015162 -0.00459706 0.271 2
-0.0015162 -0.00165312 0.271 2
-0.0015162 0.00129082 0.271 2
-0.00151931 0.00424144 0.2714 2
-0.00151749 0.00747696 0.271167 2
-0.00356451 0.0118451 0.27 2
-0.00185197 0.0105611 0.2712 2
-0.00356451 0.013605 0.27 2
-0.00239727 0.0136386 0.270667 2
-0.0677546 0.017418 0.27 2
-0.00356451 0.016538 0.27 2
-0.0023983 0.0165876 0.2708 2
-0.066995 0.0194121 0.270187 2
-0.00356451 0.0194711 0.27 2
-0.00240245 0.0195673 0.271333 2
-0.067123 0.0224872 0.271 2
-0.0654097 0.0226975 0.27 2
-0.00357243 0.0224553 0.2706 2
-0.00244929 0.0223441 0.271462 2
-0.0671728 0.0254493 0.2712 2
-0.0654097 0.0253373 0.27 2
-0.00379009 0.0259128 0.271 2
-0.00298933 0.0248423 0.271 2
-0.0671575 0.028496 0.271437 2
-0.0653771 0.02814 0.27 2
-0.00412282 0.0281227 0.271 2
-0.0669277 0.0313607 0.272 2
-0.0648598 0.0319194 0.270556 2
-0.00504485 0.0316012 0.2709 2
-0.0666816 0.0341923 0.272 2
-0.064814 0.0346028 0.271357 2
-0.0627718 0.0358963 0.27 2
-0.00678866 0.035603 0.27 2
-0.00499012 0.0344502 0.271444 2
-0.0664848 0.0361622 0.272 2
-0.0646357 0.037334 0.271474 2
-0.0627718 0.0376562 0.27 2
-0.00678866 0.0376562 0.27 2
-0.00510963 0.0374298 0.271455 2
-0.0638576 0.0404699 0.2715 2
-0.0625555 0.0406404 0.270333 2
-0.00678866 0.0405892 0.27 2
-0.0054133 0.0402401 0.2716 2
-0.0637498 0.043397 0.271667 2
-0.0620989 0.0439727 0.270714 2
-0.00713801 0.0438665 0.270571 2
-0.00565785 0.0432537 0.272 2
-0.0636925 0.0461878 0.271615 2
-0.0616762 0.0465128 0.270333 2
-0.00738493 0.0465238 0.2704 2
-0.00565438 0.0464746 0.271833 2
-0.0632368 0.0497543 0.272 2
-0.0617529 0.0495104 0.270667 2
-0.00737488 0.0493885 0.27 2
-0.00512135 0.049784 0.271444 2
-0.0632368 0.0527091 0.272 2
-0.0618135 0.0525033 0.270933 2
-0.00698826 0.0525501 0.270167 2
-0.0056412 0.0525549 0.2712 2
-0.0632368 0.054482 0.272 2
-0.0614487 0.055488 0.270923 2
-0.0598407 0.0561345 0.27 2
-0.00942661 0.0564278 0.27 2
-0.00746184 0.0554478 0.270667 2
-0.00565785 0.0553684 0.272 2
-0.0611184 0.0584324 0.270625 2
-0.0598407 0.058481 0.27 2
-0.0100175 0.0586079 0.270133 2
-0.00770251 0.0584638 0.27128 2
-0.0612144 0.0616167 0.271375 2
-0.0591812 0.0619274 0.27 2
-0.0105302 0.0617311 0.270217 2
-0.00830442 0.0614981 0.271667 2
-0.0608531 0.0642082 0.271714 2
-0.0584821 0.064658 0.2704 2
-0.0106321 0.0644625 0.270217 2
-0.00830442 0.0644492 0.271667 2
-0.0587528 0.0674276 0.271526 2
-0.0566166 0.0675735 0.27 2
-0.0127485 0.0679646 0.27 2
-0.0106255 0.0674004 0.27072 2
-0.00850491 0.0670347 0.271778 2
-0.0582323 0.0702742 0.271476 2
-0.0557292 0.0706615 0.270312 2
-0.0539786 0.0716798 0.27 2
-0.0129439 0.0705066 0.27 2
-0.0106135 0.0705176 0.270963 2
-0.00890589 0.0704379 0.272 2
-0.0578515 0.073499 0.271667 2
-0.0554963 0.0735077 0.27025 2
-0.0539786 0.0734397 0.27 2
-0.0123577 0.0734397 0.27 2
-0.0106317 0.0735612 0.27088 2
-0.00890589 0.0733927 0.272 2
-0.0579188 0.0763718 0.271786 2
-0.0555608 0.0765342 0.270789 2
-0.0539786 0.0763727 0.27 2
-0.0123577 0.0760794 0.27 2
-0.0105913 0.0765066 0.271083 2
-0.00890589 0.0763475 0.272 2
-0.0575843 0.0789646 0.272 2
-0.0556511 0.0794518 0.271 2
-0.0539786 0.0793058 0.27 2
-0.0103425 0.0794518 0.271 2
-0.00890589 0.0793023 0.272 2
-0.0576687 0.0825772 0.271818 2
-0.0556166 0.0826386 0.270833 2
-0.0539786 0.0825322 0.27 2
-0.0100615 0.082448 0.271333 2
-0.00890589 0.0822571 0.272 2
-0.0579218 0.08403 0.272 2
-0.0550445 0.0854386 0.27 2
-0.0539786 0.0857586 0.27 2
-0.0101663 0.0853745 0.270842 2
-0.0082634 0.086121 0.271917 2
-0.058137 0.0890135 0.2708 2
-0.0555561 0.088717 0.270187 2
-0.0539786 0.0886917 0.27 2
-0.00958625 0.0883733 0.270375 2
-0.00774593 0.0885607 0.271192 2
-0.00526414 0.0892501 0.272 2
-0.0580159 0.0914076 0.27175 2
-0.055599 0.0914377 0.27075 2
-0.0539786 0.0916247 0.27 2
-0.00942661 0.0910381 0.27 2
-0.00761241 0.0913672 0.27056 2
-0.00490285 0.0917578 0.271818 2
-0.0574417 0.0937122 0.270667 2
-0.0557412 0.0939204 0.270353 2
-0.0539786 0.0939712 0.27 2
-0.00718785 0.0933036 0.270333 2
-0.00456702 0.0939877 0.270565 2
-0.00187367 0.0950114 0.27155 2
0.00113351 0.0958492 0.272 2
-0.00119958 0.097246 0.270593 2
0.00102351 0.0970387 0.271273 2
-0.000926556 0.0992507 0.27 2
0.00262909 -0.0513794 0.274 2
0.00381191 -0.0518788 0.2735 2
0.00263101 -0.0493309 0.2742 2
0.00381888 -0.0501888 0.274 2
0.00263101 -0.046354 0.2742 2
0.00262909 -0.0433428 0.274 2
0.00382817 -0.0428522 0.274667 2
0.00262909 -0.0403663 0.274 2
0.00381888 -0.0403663 0.274 2
0.00209796 -0.0371973 0.273556 2
0.00381888 -0.0373897 0.274 2
0.00203157 -0.0343504 0.2735 2
0.00381888 -0.0344132 0.274 2
0.00203349 -0.0314016 0.2737 2
0.00383003 -0.0315276 0.2748 2
0.00203689 -0.0284701 0.2741 2
0.00383282 -0.0288628 0.275 2
0.00163919 -0.0256983 0.274167 2
0.00143929 -0.0225071 0.274 2
0.0014393 -0.0195306 0.274 2
0.00188841 -0.0163457 0.27425 2
0.00383282 -0.0154195 0.275 2
0.00203445 -0.0135674 0.2738 2
0.00383282 -0.014822 0.275 2
-4.77663e-05 -0.00937604 0.273 2
0.00135895 -0.0104959 0.274091 2
-4.78363e-05 -0.00760647 0.2734 2
0.000802555 -0.00796098 0.273857 2
-4.79413e-05 -0.00464794 0.274 2
0.000546954 -0.00464794 0.274 2
-4.79413e-05 -0.00167142 0.274 2
0.000546954 -0.00167142 0.274 2
-4.79413e-05 0.00130511 0.274 2
0.000546954 0.00130511 0.274 2
-4.79413e-05 0.00428164 0.274 2
0.000546954 0.00428164 0.274 2
-4.79413e-05 0.00725816 0.274 2
0.000546954 0.00725816 0.274 2
-0.000532833 0.0108688 0.273636 2
0.000547752 0.0102509 0.2744 2
-0.000640606 0.0135906 0.273667 2
0.00054895 0.0132594 0.275 2
-0.000640606 0.0165635 0.273667 2
0.00054895 0.0162468 0.275 2
-0.000641521 0.0195565 0.273933 2
0.00054895 0.0192342 0.275 2
-0.0010535 0.0227743 0.273923 2
0.00054895 0.0210266 0.275 2
-0.0015981 0.0255595 0.273778 2
-0.00330775 0.0291776 0.273 2
-0.00193364 0.028426 0.274333 2
-0.0679147 0.0318466 0.273 2
-0.0033126 0.0315976 0.2734 2
-0.00213785 0.0311838 0.275 2
-0.00331987 0.0346422 0.274 2
-0.00213785 0.0353661 0.275 2
-0.0667292 0.037778 0.273 2
-0.00331986 0.0376187 0.274 2
-0.00213785 0.037756 0.275 2
-0.0665912 0.0403401 0.274 2
-0.0655192 0.0402573 0.273429 2
-0.00384135 0.0406612 0.273556 2
-0.00213785 0.0401459 0.275 2
-0.0666304 0.043755 0.274 2
-0.0654864 0.0435718 0.274 2
-0.00391259 0.0435718 0.274 2
-0.0668053 0.0467125 0.274154 2
-0.0652612 0.0465017 0.273333 2
-0.00391017 0.0465137 0.2738 2
-0.0668713 0.0496699 0.2748 2
-0.0648291 0.0494779 0.273733 2
-0.0036551 0.049219 0.273714 2
-0.0663225 0.052693 0.275 2
-0.0649712 0.0525653 0.274333 2
-0.00384404 0.0525913 0.273778 2
-0.0663225 0.0553816 0.275 2
-0.0646618 0.0555242 0.274059 2
-0.0628765 0.0558686 0.273 2
-0.00391424 0.0554986 0.2741 2
-0.0643449 0.0584977 0.2742 2
-0.0628765 0.0582411 0.273 2
-0.00459334 0.0583849 0.274071 2
-0.0638903 0.061319 0.274167 2
-0.0628765 0.060317 0.273 2
-0.00686409 0.0617999 0.273 2
-0.00511278 0.061543 0.2745 2
-0.0634505 0.0644554 0.2742 2
-0.0619874 0.0653587 0.273 2
-0.0068641 0.0647655 0.273 2
-0.00517797 0.0643792 0.274444 2
-0.0636357 0.0676299 0.275 2
-0.0614298 0.0677092 0.273444 2
-0.00707699 0.0678964 0.273667 2
-0.0055143 0.0673503 0.274667 2
-0.0617367 0.0705508 0.274222 2
-0.0596166 0.0715865 0.273 2
-0.00717927 0.0705464 0.2738 2
-0.00542172 0.0706173 0.275 2
-0.0615561 0.0732134 0.274375 2
-0.0596166 0.0736625 0.273 2
-0.00717927 0.0735208 0.2738 2
-0.00542172 0.0736047 0.275 2
-0.0610658 0.0762751 0.274333 2
-0.0596166 0.0766282 0.273 2
-0.00740032 0.0764198 0.273571 2
-0.00542172 0.0753971 0.275 2
-0.0607156 0.0795818 0.274714 2
-0.058954 0.0797512 0.273133 2
-0.00733752 0.079536 0.273636 2
-0.00542172 0.0804757 0.275 2
-0.0605621 0.0824455 0.2746 2
-0.0588757 0.0819664 0.273 2
-0.00733295 0.0822908 0.273455 2
-0.00492674 0.0829008 0.2745 2
-0.00734079 0.0852593 0.2731 2
-0.00457714 0.0854335 0.273941 2
-0.00213785 0.085853 0.275 2
-0.00409906 0.0881219 0.273083 2
-0.00140226 0.0885057 0.274636 2
0.00114602 0.0894378 0.275 2
-0.00330775 0.0914565 0.273 2
-0.00123672 0.091493 0.274 2
0.00110845 0.0915988 0.274875 2
-0.000957559 0.0941078 0.273467 2
0.00117599 0.0944746 0.273765 2
0.00384675 -0.049056 0.276 2
0.00384675 -0.0466574 0.276 2
0.00384675 -0.0445586 0.276 2
0.00384675 -0.0274686 0.276 2
0.00264828 -0.0253698 0.276 2
0.00384675 -0.0256696 0.276 2
0.00264828 -0.0226714 0.276 2
0.00386069 -0.0227535 0.277 2
0.00264828 -0.0196731 0.276 2
0.00386069 -0.0197444 0.277 2
0.00264828 -0.0175743 0.276 2
0.00384675 -0.0169747 0.276 2
0.00384675 -0.0133768 0.276 2
0.00265404 -0.0107003 0.2766 2
0.00386906 -0.0107407 0.2776 2
0.00212095 -0.00756233 0.276556 2
0.00386348 -0.00771438 0.2772 2
0.00205384 -0.00469035 0.2765 2
0.00386069 -0.00469883 0.277 2
0.00205384 -0.00168667 0.2765 2
0.00386627 -0.00169085 0.2774 2
0.00205916 0.00132031 0.2771 2
0.00387463 0.00132416 0.278 2
0.00206126 0.00433633 0.2775 2
0.00387463 0.00454547 0.278 2
0.00205864 0.00733763 0.277 2
0.00387463 0.00736412 0.278 2
0.00205969 0.0103549 0.2772 2
0.00387463 0.0103841 0.278 2
0.00199391 0.0132431 0.277444 2
0.00145506 0.016365 0.277 2
0.00145506 0.0193741 0.277 2
-4.82912e-05 0.0226023 0.276 2
0.00119974 0.0224926 0.277286 2
-4.83962e-05 0.025357 0.2766 2
0.000552144 0.025357 0.2766 2
-0.000601556 0.0285548 0.276692 2
0.00055454 0.0284844 0.2778 2
-0.00099245 0.0314525 0.277 2
0.000554939 0.030618 0.278 2
-0.00124871 0.0342928 0.276778 2
0.000554939 0.0354499 0.278 2
-0.000647647 0.0373838 0.276667 2
0.000554939 0.0375639 0.278 2
-0.0674625 0.0411914 0.276 2
-0.000873617 0.0404949 0.276875 2
0.000554939 0.0402819 0.278 2
-0.0674625 0.0423907 0.276 2
-0.00154879 0.0434006 0.2767 2
-0.00154982 0.0464562 0.277 2
-0.00154913 0.0494289 0.2768 2
-0.0674625 0.0525847 0.276 2
-0.00154913 0.0524371 0.2768 2
-0.0674625 0.0552832 0.276 2
-0.00154982 0.0554835 0.277 2
-0.0672402 0.0584903 0.276625 2
-0.0659644 0.0579816 0.276 2
-0.00155137 0.0585355 0.2772 2
-0.0668253 0.0614125 0.2775 2
-0.0650656 0.0621792 0.276 2
-0.0033441 0.0612797 0.276 2
-0.0015537 0.0616128 0.2775 2
-0.0668252 0.0643749 0.2775 2
-0.0650656 0.064278 0.276 2
-0.00334895 0.0643724 0.2764 2
-0.00195868 0.0645043 0.277833 2
-0.0662034 0.0687236 0.277 2
-0.0653224 0.0671906 0.276 2
-0.00394939 0.0673981 0.2765 2
-0.0662034 0.0705291 0.277 2
-0.0646248 0.0705071 0.276389 2
-0.00395545 0.0705291 0.277 2
-0.0664424 0.0728977 0.278 2
-0.0645827 0.0733285 0.277267 2
-0.0626686 0.074472 0.276 2
-0.00402434 0.0734342 0.277111 2
-0.0640905 0.0760737 0.277833 2
-0.062369 0.076271 0.276 2
-0.00604067 0.0768706 0.276 2
-0.00415643 0.0764471 0.277304 2
-0.0642092 0.0787564 0.278 2
-0.0622493 0.0794998 0.2768 2
-0.00604067 0.0789694 0.276 2
-0.0042086 0.0793023 0.277167 2
-0.0635735 0.0814591 0.277333 2
-0.0621819 0.082115 0.2765 2
-0.00375167 0.0820638 0.276667 2
-0.00174681 0.0831384 0.277636 2
0.0017621 0.0834676 0.278 2
-0.000921213 0.0850651 0.276682 2
0.00175682 0.0853242 0.277167 2
-0.00034794 0.0877169 0.276167 2
0.00183258 0.0881721 0.276227 2
0.00264828 0.0900629 0.276 2
0.00388856 0.00405669 0.279 2
0.00267706 0.0146646 0.279 2
0.00435148 0.0137051 0.2795 2
0.00267706 0.0164831 0.279 2
0.00451408 0.0165547 0.2802 2
0.00267707 0.019514 0.279 2
0.00452375 0.0196405 0.2808 2
0.00268474 0.0226103 0.2798 2
0.00422149 0.0219433 0.281 2
0.00173003 0.0255408 0.279571 2
0.0030013 0.0254538 0.281 2
0.00146977 0.0286894 0.2798 2
-4.88161e-05 0.0322435 0.279 2
0.00122157 0.0316639 0.279727 2
-4.88161e-05 0.034062 0.279 2
0.00126153 0.0341925 0.280077 2
0.00147082 0.0372258 0.28 2
-4.88161e-05 0.0419422 0.279 2
0.00138964 0.0404733 0.280273 2
-4.88161e-05 0.0437607 0.279 2
0.00112255 0.0433902 0.280231 2
-4.89036e-05 0.0465729 0.2795 2
0.000557933 0.0465729 0.2795 2
-4.88161e-05 0.0492162 0.279 2
0.00116969 0.0494514 0.280333 2
-4.88161e-05 0.0522471 0.279 2
0.00116969 0.0524968 0.280333 2
-4.88161e-05 0.0552779 0.279 2
0.00116969 0.0555421 0.280333 2
-4.88161e-05 0.0583088 0.279 2
0.00116969 0.0585874 0.280333 2
-0.0681958 0.0619458 0.279 2
-4.89561e-05 0.0615164 0.2798 2
0.000820684 0.0612426 0.280143 2
-0.0678929 0.0631581 0.279 2
-0.000594063 0.0647048 0.2794 2
0.000558931 0.064297 0.28 2
-0.00135259 0.0675153 0.2796 2
0.000560927 0.0663581 0.281 2
-0.00156491 0.0705584 0.2795 2
-0.0663785 0.0743722 0.279 2
-0.00156491 0.0735946 0.2795 2
-0.0665213 0.0766596 0.2796 2
-0.0651671 0.0771 0.279 2
-0.00126176 0.0765911 0.2798 2
0.000560927 0.0764317 0.281 2
-0.0646824 0.0800096 0.279 2
-0.00128793 0.0795092 0.279783 2
0.00123551 0.0798992 0.280556 2
-0.0651671 0.0813432 0.279 2
-0.000974505 0.0820389 0.279526 2
0.00177232 0.0821359 0.27964 2
0.00484878 0.0229404 0.282 2
0.00455274 0.0252928 0.2826 2
0.00239972 0.0283014 0.282 2
0.00425378 0.0284063 0.28304 2
0.00239972 0.0313649 0.282 2
0.00426117 0.0315343 0.28352 2
0.00239972 0.0344283 0.282 2
0.00426228 0.0346236 0.2836 2
0.00239972 0.0374917 0.282 2
0.00425782 0.0376616 0.28328 2
0.00240312 0.040614 0.2824 2
0.00411645 0.0403399 0.283529 2
0.0021021 0.0439771 0.283 2
0.003028 0.0435437 0.2835 2
0.00179313 0.0465867 0.282667 2
0.00303334 0.0463961 0.284 2
0.00241334 0.0494102 0.2836 2
0.00302907 0.0494102 0.2836 2
0.00240823 0.0523813 0.283 2
0.00378814 0.0529698 0.283615 2
0.00240823 0.0554556 0.283 2
0.00426442 0.0556123 0.2838 2
0.00240823 0.0585299 0.283 2
0.00343848 0.0582104 0.283444 2
0.00185549 0.0618049 0.2828 2
0.00303334 0.0615133 0.284 2
0.00174858 0.0643161 0.282571 2
0.00303334 0.0639815 0.284 2
-4.9341e-05 0.068126 0.282 2
0.00123467 0.067631 0.282727 2
-4.9341e-05 0.0705768 0.282 2
0.00118219 0.0704991 0.283333 2
-4.9341e-05 0.0736402 0.282 2
0.00118219 0.073577 0.283333 2
0.00161946 0.0767935 0.283143 2
0.00303334 0.0775562 0.284 2
0.00183717 0.079429 0.282308 2
0.0035933 0.0793093 0.283231 2
0.00459097 0.0416058 0.285 2
0.00459462 0.0434946 0.2852 2
0.0046029 0.046674 0.2857 2
0.0045928 0.0496724 0.2851 2
0.00479723 0.0522355 0.285 2
0.00480869 0.0589793 0.285667 2
0.00649255 0.059669 0.287 2
0.00445869 0.0614828 0.286375 2
0.00649255 0.0606043 0.287 2
0.00242525 0.0657548 0.285 2
0.00388764 0.0646801 0.286333 2
0.00242525 0.0676124 0.285 2
0.00368139 0.067513 0.286333 2
0.0024295 0.0705234 0.2855 2
0.00361979 0.0701839 0.2864 2
0.00243376 0.073442 0.286 2
0.00305471 0.073442 0.286 2
0.0024295 0.0761038 0.2855 2
0.00435014 0.0765175 0.286083 2
0.00459097 0.0781389 0.285 2
0.00526458 0.0626926 0.288 2
0.00651517 0.0620669 0.288 2
0.00526458 0.0645698 0.288 2
0.00653213 0.0644251 0.28875 2
0.00526458 0.0673855 0.288 2
0.00653779 0.0673055 0.289 2
0.00507139 0.0706129 0.288833 2
0.00653779 0.070445 0.289 2
0.00464661 0.0734313 0.2884 2
0.00653327 0.0735327 0.2888 2
0.00463929 0.075207 0.288 2
0.00651517 0.075207 0.288 2
