-0.0373908 -0.0751759 0.244 2
-0.0315635 -0.0751759 0.244 2
-0.0286498 -0.0751759 0.244 2
-0.0254712 -0.0751759 0.244 2
-0.023617 -0.0751759 0.244 2
-0.045789 -0.0733548 0.245 2
-0.043577 -0.0733287 0.244238 2
-0.0405694 -0.0733205 0.244 2
-0.0375612 -0.0734412 0.243667 2
-0.0345996 -0.0735479 0.243 2
-0.03146 -0.0733452 0.2432 2
-0.0284143 -0.0734677 0.244 2
-0.0254712 -0.0735855 0.244 2
-0.0226177 -0.0734317 0.244667 2
-0.0205222 -0.0741533 0.245 2
-0.045789 -0.0704271 0.245 2
-0.043553 -0.0705905 0.24429 2
-0.0405694 -0.0706698 0.244 2
-0.0375375 -0.0705668 0.243875 2
-0.0345474 -0.0704926 0.243176 2
-0.0314446 -0.0704039 0.243083 2
-0.0283453 -0.0706111 0.243973 2
-0.025501 -0.0704857 0.244286 2
-0.0229917 -0.0706541 0.244867 2
-0.045789 -0.0674995 0.245 2
-0.0434549 -0.0675313 0.244733 2
-0.0404962 -0.0675594 0.244029 2
-0.0374711 -0.0676336 0.244528 2
-0.0345765 -0.0676815 0.2447 2
-0.0315635 -0.0674891 0.244 2
-0.0284915 -0.0676161 0.2446 2
-0.0255756 -0.0674995 0.245 2
-0.0237138 -0.0677657 0.245 2
-0.045523 -0.0659026 0.245 2
-0.0435341 -0.064672 0.244937 2
-0.0404401 -0.0645442 0.244111 2
-0.037497 -0.064595 0.244943 2
-0.0346557 -0.0646297 0.244857 2
-0.0315247 -0.0645304 0.244032 2
-0.0286446 -0.0646924 0.244839 2
-0.0258796 -0.0656745 0.245 2
-0.0432565 -0.0614938 0.244857 2
-0.0405052 -0.0615313 0.244231 2
-0.0375714 -0.0614146 0.244946 2
-0.0344715 -0.0613588 0.244636 2
-0.0317695 -0.0616958 0.244486 2
-0.0295119 -0.0623895 0.245 2
-0.0425088 -0.0586279 0.245 2
-0.0404697 -0.0584505 0.245 2
-0.0375441 -0.0584505 0.245 2
-0.0343525 -0.0584505 0.245 2
-0.0320474 -0.0582731 0.245 2
-0.0423314 -0.0565875 0.245 2
-0.0404127 -0.0556179 0.245 2
-0.0375441 -0.0555228 0.245 2
-0.0343525 -0.0555229 0.245 2
-0.0318701 -0.055789 0.245 2
-0.0399378 -0.0531275 0.245 2
-0.0379551 -0.0533211 0.245 2
-0.0343525 -0.0536598 0.245 2
-0.0322248 -0.0536598 0.245 2
-0.0493805 -0.0750269 0.247 2
-0.0185446 -0.0750269 0.247 2
-0.0170044 -0.0753307 0.248 2
-0.0524929 -0.0733224 0.248 2
-0.0495078 -0.0734058 0.246625 2
-0.0473112 -0.073387 0.246 2
-0.0194969 -0.073274 0.2464 2
-0.017389 -0.0736373 0.248 2
-0.0521829 -0.0706609 0.248 2
-0.0496538 -0.0704601 0.246706 2
-0.0473111 -0.0704474 0.246 2
-0.0216743 -0.0701802 0.246 2
-0.0196285 -0.0705118 0.247167 2
-0.0175429 -0.0704813 0.248 2
-0.0517342 -0.0675178 0.248 2
-0.0493629 -0.0675702 0.247 2
-0.0472495 -0.067405 0.246 2
-0.0240777 -0.0664389 0.246 2
-0.0223246 -0.0674671 0.246154 2
-0.0196087 -0.0675166 0.247706 2
-0.0175428 -0.0683261 0.248 2
-0.0515547 -0.0649136 0.248 2
-0.0494341 -0.0646325 0.247448 2
-0.0465808 -0.0645464 0.246154 2
-0.0276028 -0.06382 0.246 2
-0.0252686 -0.0644111 0.246194 2
-0.0225417 -0.0644918 0.246733 2
-0.0198915 -0.0646732 0.247571 2
-0.0511957 -0.0626685 0.248 2
-0.0493844 -0.0616349 0.247846 2
-0.0466584 -0.061582 0.246688 2
-0.0446406 -0.0608269 0.246 2
-0.0308074 -0.0606132 0.246 2
-0.0284308 -0.0613865 0.246294 2
-0.0255644 -0.0614543 0.246872 2
-0.0223128 -0.0613839 0.247167 2
-0.0199659 -0.0615909 0.248 2
-0.0492995 -0.0582057 0.248 2
-0.0467081 -0.0584815 0.247143 2
-0.0441551 -0.0583003 0.246 2
-0.0309447 -0.0587272 0.246 2
-0.0287054 -0.0583667 0.2465 2
-0.0255501 -0.0581998 0.247333 2
-0.0223983 -0.0583213 0.247686 2
-0.0200638 -0.0589213 0.248 2
-0.0511957 -0.0562027 0.248 2
-0.0495647 -0.0553767 0.24792 2
-0.0466888 -0.055424 0.247138 2
-0.0436487 -0.0554059 0.246 2
-0.0414361 -0.0544133 0.246 2
-0.0309239 -0.0551907 0.246 2
-0.0287323 -0.0554391 0.247 2
-0.0256195 -0.0553945 0.248 2
-0.0228119 -0.0555484 0.248 2
-0.0492867 -0.0526269 0.248 2
-0.0465116 -0.0524769 0.247194 2
-0.0433862 -0.05262 0.246161 2
-0.0406349 -0.0521418 0.246 2
-0.0373089 -0.0521539 0.246 2
-0.0344927 -0.0522754 0.246 2
-0.0314531 -0.0524188 0.246069 2
-0.028721 -0.0525559 0.2469 2
-0.0255718 -0.0524514 0.247914 2
-0.0226581 -0.052431 0.248 2
-0.0490419 -0.0494675 0.248 2
-0.046442 -0.0495497 0.247257 2
-0.0434351 -0.0494818 0.246733 2
-0.0404499 -0.0494344 0.2465 2
-0.0374865 -0.049408 0.246367 2
-0.0344927 -0.049603 0.246 2
-0.0313717 -0.0494689 0.246667 2
-0.0284658 -0.0495363 0.247 2
-0.025569 -0.0493392 0.247097 2
-0.0226504 -0.0494515 0.24792 2
-0.0490419 -0.046504 0.248 2
-0.0465738 -0.046506 0.247364 2
-0.0434814 -0.0465848 0.247 2
-0.0405319 -0.0465848 0.247 2
-0.0375824 -0.0465848 0.247 2
-0.0345786 -0.0467778 0.246611 2
-0.0314153 -0.0465848 0.247 2
-0.0284658 -0.0465848 0.247 2
-0.0254919 -0.0465691 0.247194 2
-0.0226581 -0.046504 0.248 2
-0.0488266 -0.0442948 0.248 2
-0.0463946 -0.0436915 0.247677 2
-0.0434814 -0.0436332 0.247 2
-0.0405319 -0.0436332 0.247 2
-0.0375824 -0.0436333 0.247 2
-0.0345869 -0.0435755 0.246667 2
-0.0314006 -0.0436139 0.246889 2
-0.0284771 -0.0436504 0.2471 2
-0.0256186 -0.0437048 0.247629 2
-0.0229115 -0.0438574 0.248 2
-0.0457662 -0.0407348 0.247937 2
-0.0435055 -0.0404352 0.247133 2
-0.0405814 -0.0404623 0.247306 2
-0.0375981 -0.0404294 0.2471 2
-0.0345713 -0.0403398 0.246556 2
-0.0314357 -0.0404401 0.247167 2
-0.0285731 -0.0405657 0.247933 2
-0.0262119 -0.0411697 0.248 2
-0.023735 -0.0419241 0.248 2
-0.0453626 -0.0374339 0.248 2
-0.0434043 -0.0375494 0.247828 2
-0.0404824 -0.037649 0.247962 2
-0.0376137 -0.0374922 0.2472 2
-0.0346329 -0.0374619 0.247 2
-0.0315077 -0.0375723 0.247733 2
-0.028581 -0.0376135 0.248 2
-0.0269657 -0.0376135 0.248 2
-0.0431729 -0.0352966 0.248 2
-0.0403025 -0.0348158 0.248 2
-0.037615 -0.0345647 0.247875 2
-0.0346269 -0.0346467 0.247529 2
-0.0315425 -0.03465 0.248 2
-0.028581 -0.03465 0.248 2
-0.0269657 -0.0349194 0.248 2
-0.0398884 -0.0314171 0.248 2
-0.0374653 -0.0314171 0.248 2
-0.0345039 -0.0314171 0.248 2
-0.0315425 -0.0314171 0.248 2
-0.0286181 -0.0314636 0.248 2
-0.0400126 -0.0280392 0.248 2
-0.0375118 -0.0284908 0.248 2
-0.0346834 -0.0290823 0.248 2
-0.0315424 -0.0292619 0.248 2
-0.0293887 -0.0295313 0.248 2
-0.0402249 -0.0256922 0.248 2
-0.0378588 -0.025656 0.248 2
-0.0397089 -0.0234247 0.248 2
-0.038273 -0.0233349 0.248 2
-0.0154511 -0.0753639 0.249 2
-0.013208 -0.0756795 0.250429 2
-0.0114881 -0.0751513 0.251 2
-0.0579716 -0.0730844 0.250857 2
-0.0553433 -0.0730799 0.2497 2
-0.0159917 -0.0734705 0.249 2
-0.0134203 -0.0735002 0.250294 2
-0.0114881 -0.0735153 0.251 2
-0.058068 -0.0705139 0.250783 2
-0.0552507 -0.0705014 0.249556 2
-0.0532943 -0.0702245 0.249 2
-0.0159917 -0.070495 0.249 2
-0.0134069 -0.0705166 0.250034 2
-0.0114881 -0.0718793 0.251 2
-0.0579697 -0.067703 0.250947 2
-0.0554286 -0.0675674 0.249821 2
-0.0532943 -0.0675196 0.249 2
-0.0163095 -0.0673257 0.249143 2
-0.0137554 -0.0676588 0.250407 2
-0.0577755 -0.0646876 0.251 2
-0.0554059 -0.0646074 0.250071 2
-0.0528618 -0.0643278 0.249 2
-0.0186948 -0.0637327 0.249 2
-0.0166374 -0.0646316 0.249647 2
-0.0144853 -0.0645172 0.251 2
-0.0572646 -0.0615179 0.251 2
-0.0554096 -0.0615398 0.250172 2
-0.0526697 -0.0614965 0.249385 2
-0.0508615 -0.0612982 0.249 2
-0.0186948 -0.0615687 0.249 2
-0.0165141 -0.0615515 0.249706 2
-0.014667 -0.0616997 0.251 2
-0.0572646 -0.0585186 0.251 2
-0.0555306 -0.0584486 0.250286 2
-0.0524407 -0.0585137 0.249071 2
-0.050707 -0.0590956 0.249 2
-0.0211276 -0.0572408 0.249 2
-0.0191359 -0.0582658 0.249 2
-0.0165926 -0.0585418 0.249941 2
-0.0147578 -0.0585186 0.251 2
-0.0572646 -0.0566099 0.251 2
-0.0552109 -0.0558733 0.250789 2
-0.0527375 -0.0555298 0.24948 2
-0.021488 -0.0552572 0.249 2
-0.0195058 -0.0556178 0.249 2
-0.0166866 -0.0555741 0.250382 2
-0.0147578 -0.0555192 0.251 2
-0.0548123 -0.0533379 0.251 2
-0.0526267 -0.0526429 0.249759 2
-0.0505912 -0.0521014 0.249 2
-0.0211276 -0.0526424 0.249 2
-0.0194322 -0.0526189 0.249375 2
-0.0166497 -0.0526097 0.250781 2
-0.0147578 -0.0530652 0.251 2
-0.0545398 -0.0492479 0.251 2
-0.0526365 -0.0495273 0.249897 2
-0.0505912 -0.0493965 0.249 2
-0.0211276 -0.0493964 0.249 2
-0.0193445 -0.0495438 0.249943 2
-0.0168987 -0.0497543 0.251 2
-0.0545398 -0.0465212 0.251 2
-0.0527217 -0.0465298 0.249923 2
-0.0505912 -0.046421 0.249 2
-0.0211276 -0.046421 0.249 2
-0.0192645 -0.0465574 0.250281 2
-0.0172101 -0.0473392 0.251 2
-0.0545398 -0.0435219 0.251 2
-0.0526204 -0.0435931 0.250531 2
-0.0496793 -0.0433017 0.24936 2
-0.0473475 -0.0420931 0.249 2
-0.0219085 -0.0429647 0.249 2
-0.0194071 -0.0436117 0.250412 2
-0.0545398 -0.0405226 0.251 2
-0.0524238 -0.0404923 0.250812 2
-0.0494245 -0.04035 0.249933 2
-0.0471673 -0.0402898 0.249 2
-0.0252981 -0.0403155 0.249 2
-0.0224223 -0.0403883 0.249125 2
-0.0193456 -0.0404324 0.250444 2
-0.0523273 -0.0374991 0.25084 2
-0.0494455 -0.0373795 0.25004 2
-0.0468319 -0.037509 0.24925 2
-0.0254525 -0.0374947 0.249 2
-0.0225734 -0.0374676 0.249353 2
-0.0198941 -0.0374485 0.2505 2
-0.0519361 -0.0348268 0.251 2
-0.0495571 -0.0344681 0.2506 2
-0.0467094 -0.0344287 0.249607 2
-0.0438335 -0.0339783 0.249 2
-0.0414007 -0.0337078 0.249 2
-0.0270744 -0.0334373 0.249 2
-0.0254525 -0.0345193 0.249 2
-0.0225537 -0.0343628 0.249833 2
-0.0199009 -0.0344661 0.250583 2
-0.0512701 -0.0326152 0.251 2
-0.0492919 -0.0317667 0.250882 2
-0.0466088 -0.0314821 0.249704 2
-0.0435632 -0.0315438 0.249 2
-0.0414007 -0.0315438 0.249 2
-0.0271516 -0.0313506 0.249 2
-0.0254591 -0.0315519 0.249067 2
-0.0225926 -0.0314317 0.250267 2
-0.0201166 -0.0319789 0.251 2
-0.0487117 -0.028258 0.250733 2
-0.046632 -0.0285554 0.249615 2
-0.0435632 -0.0285684 0.249 2
-0.0410403 -0.0290192 0.249 2
-0.0362649 -0.0274864 0.249 2
-0.0342038 -0.0279936 0.249 2
-0.0313993 -0.0280274 0.249 2
-0.0283432 -0.0282801 0.249212 2
-0.0253264 -0.0283782 0.250057 2
-0.0226396 -0.028906 0.250913 2
-0.0487572 -0.025647 0.251 2
-0.0462311 -0.0254807 0.24992 2
-0.0434671 -0.0256816 0.249152 2
-0.0414007 -0.0247814 0.249 2
-0.0365893 -0.0251601 0.249 2
-0.0344177 -0.0256265 0.249333 2
-0.0314706 -0.0256501 0.249567 2
-0.0285762 -0.0254698 0.249935 2
-0.0253323 -0.025475 0.2505 2
-0.0234771 -0.0255258 0.251 2
-0.0482728 -0.0227992 0.251 2
-0.0462861 -0.0224864 0.250567 2
-0.0434673 -0.0224361 0.25 2
-0.0407752 -0.0223838 0.249167 2
-0.0374137 -0.0224146 0.249 2
-0.0344095 -0.022642 0.249267 2
-0.0314211 -0.0225013 0.249643 2
-0.0285586 -0.022451 0.250167 2
-0.0253612 -0.0225058 0.250778 2
-0.0234771 -0.0225265 0.251 2
-0.0461073 -0.0196994 0.251 2
-0.0435515 -0.0194727 0.250846 2
-0.0404037 -0.0196305 0.249938 2
-0.0374804 -0.0197275 0.249548 2
-0.0344272 -0.0196716 0.249389 2
-0.031557 -0.0195518 0.249778 2
-0.0286343 -0.0195142 0.250833 2
-0.0257089 -0.0197349 0.251 2
-0.0458205 -0.0165278 0.251 2
-0.0433682 -0.0165278 0.251 2
-0.040297 -0.0164967 0.250533 2
-0.0374961 -0.016462 0.25 2
-0.0345108 -0.016462 0.25 2
-0.0315254 -0.016462 0.25 2
-0.0286343 -0.0165168 0.250833 2
-0.0267469 -0.0165278 0.251 2
-0.0457214 -0.0138259 0.251 2
-0.0433681 -0.0135285 0.251 2
-0.0403583 -0.0135238 0.25092 2
-0.0374961 -0.0134746 0.25 2
-0.0345564 -0.0134914 0.250333 2
-0.0313692 -0.0134656 0.250552 2
-0.0285357 -0.0136396 0.250958 2
-0.0267469 -0.0140738 0.251 2
-0.0452755 -0.0116198 0.251 2
-0.0431979 -0.0105973 0.251 2
-0.0403709 -0.0105291 0.251 2
-0.0373736 -0.0105291 0.251 2
-0.0344754 -0.0109257 0.251 2
-0.031379 -0.0116198 0.251 2
-0.0291992 -0.0116198 0.251 2
-0.0430246 -0.00762463 0.251 2
-0.0403709 -0.00752979 0.251 2
-0.0378368 -0.00772066 0.251 2
-0.0425507 -0.00534846 0.251 2
-0.0403709 -0.00534846 0.251 2
-0.0384635 -0.00589379 0.251 2
-0.0100091 -0.0754671 0.252667 2
-0.00770314 -0.0757689 0.2538 2
-0.0613632 -0.0731126 0.252824 2
-0.0596813 -0.0729869 0.252 2
-0.0101883 -0.0734291 0.252583 2
-0.00840844 -0.074026 0.254 2
-0.0615976 -0.0705653 0.252966 2
-0.0596813 -0.0705231 0.252 2
-0.012081 -0.0699756 0.252 2
-0.0105007 -0.0704863 0.253037 2
-0.061402 -0.0676175 0.253167 2
-0.0594381 -0.0671773 0.252 2
-0.0124832 -0.0670629 0.252091 2
-0.0107849 -0.0676154 0.253136 2
-0.0610584 -0.0643892 0.253312 2
-0.0592253 -0.064318 0.252 2
-0.0129091 -0.0645071 0.25287 2
-0.0112041 -0.0644634 0.253833 2
-0.0608611 -0.0613447 0.253231 2
-0.0588606 -0.0614893 0.252 2
-0.0131952 -0.0614129 0.252815 2
-0.0112945 -0.0618669 0.254 2
-0.0609821 -0.0583902 0.254 2
-0.058996 -0.0584118 0.252364 2
-0.0131955 -0.0584427 0.252815 2
-0.0116254 -0.0583902 0.254 2
-0.0601549 -0.055631 0.254 2
-0.0584764 -0.0554972 0.252956 2
-0.0564532 -0.0549739 0.252 2
-0.0132727 -0.0554768 0.252741 2
-0.0116254 -0.055631 0.254 2
-0.0601549 -0.0525957 0.254 2
-0.0583943 -0.0524988 0.253533 2
-0.0557146 -0.0522501 0.252 2
-0.0153637 -0.0516341 0.252 2
-0.0132696 -0.052402 0.2528 2
-0.0116254 -0.0525957 0.254 2
-0.0601549 -0.0495606 0.254 2
-0.0583171 -0.0494045 0.2532 2
-0.0557938 -0.0495161 0.252 2
-0.0158327 -0.0491312 0.252 2
-0.0135664 -0.0494844 0.252848 2
-0.0116254 -0.0495606 0.254 2
-0.0601549 -0.047905 0.254 2
-0.0581736 -0.0465766 0.253304 2
-0.0558514 -0.0464328 0.252 2
-0.0163104 -0.0463024 0.252143 2
-0.0137637 -0.0464771 0.253483 2
-0.0581896 -0.0434959 0.253526 2
-0.056029 -0.0434766 0.252095 2
-0.0164702 -0.043456 0.2522 2
-0.0142406 -0.0434021 0.253667 2
-0.0581122 -0.0405454 0.253333 2
-0.0554243 -0.0405403 0.252217 2
-0.0164907 -0.0404933 0.25252 2
-0.0137831 -0.0404749 0.253828 2
-0.0578482 -0.0376292 0.253556 2
-0.0553784 -0.0374478 0.252333 2
-0.0183729 -0.0373989 0.252 2
-0.0165182 -0.0375366 0.252933 2
-0.0138646 -0.0374603 0.253846 2
-0.0573976 -0.0343847 0.254 2
-0.0556626 -0.0343945 0.253357 2
-0.0532422 -0.0342272 0.252167 2
-0.0183729 -0.0343876 0.252 2
-0.0164793 -0.0344609 0.253 2
-0.0143827 -0.0343846 0.254 2
-0.0553031 -0.0314121 0.253739 2
-0.0526565 -0.031414 0.25269 2
-0.0504348 -0.0308836 0.252 2
-0.0191024 -0.0310114 0.252 2
-0.0165622 -0.031457 0.253034 2
-0.0143827 -0.0313494 0.254 2
-0.0547675 -0.0290147 0.254 2
-0.0523365 -0.0285358 0.25352 2
-0.0501369 -0.0284868 0.252 2
-0.0219293 -0.0276807 0.252 2
-0.0194967 -0.0284098 0.2524 2
-0.0165953 -0.02857 0.253417 2
-0.0149342 -0.0288661 0.254 2
-0.0540887 -0.025555 0.254 2
-0.0523531 -0.0255148 0.2536 2
-0.0501456 -0.0253146 0.252 2
-0.0222029 -0.0256275 0.252 2
-0.0194558 -0.0255053 0.252706 2
-0.0168358 -0.0255126 0.253583 2
-0.0540887 -0.0225198 0.254 2
-0.0524595 -0.0224173 0.253652 2
-0.0498353 -0.0225534 0.252136 2
-0.0222029 -0.0226163 0.252 2
-0.0196211 -0.0225443 0.253125 2
-0.0170022 -0.0227268 0.254 2
-0.0540887 -0.0197605 0.254 2
-0.0523614 -0.0195185 0.253828 2
-0.0494718 -0.0194776 0.252643 2
-0.0473709 -0.0190574 0.252 2
-0.0247257 -0.0191183 0.252 2
-0.0224764 -0.019605 0.252 2
-0.0194912 -0.0195025 0.253176 2
-0.0174158 -0.0194846 0.254 2
-0.0520126 -0.0165468 0.254 2
-0.0493719 -0.0164895 0.252741 2
-0.0473709 -0.0165936 0.252 2
-0.0252121 -0.0165936 0.252 2
-0.0224764 -0.0165936 0.252 2
-0.0196104 -0.016487 0.253 2
-0.0174158 -0.0164494 0.254 2
-0.0518828 -0.0134142 0.254 2
-0.0494958 -0.0135643 0.252846 2
-0.0470582 -0.0133478 0.252 2
-0.0274006 -0.0127611 0.252 2
-0.0253337 -0.0135216 0.252 2
-0.02246 -0.0135469 0.252538 2
-0.0195458 -0.0134287 0.253543 2
-0.0169145 -0.0132888 0.254 2
-0.0515677 -0.0106944 0.254 2
-0.0495051 -0.0105779 0.25331 2
-0.0466552 -0.0104982 0.252143 2
-0.0449088 -0.0100236 0.252 2
-0.0342397 -0.00947607 0.252 2
-0.0315041 -0.0100236 0.252 2
-0.0283686 -0.0104026 0.252 2
-0.025535 -0.0105911 0.2525 2
-0.022342 -0.0105796 0.253143 2
-0.0195035 -0.0105367 0.254 2
-0.0168644 -0.0114828 0.254 2
-0.0493243 -0.00760736 0.2536 2
-0.0466694 -0.00757847 0.25264 2
-0.0446743 -0.00724693 0.252 2
-0.0365924 -0.00717654 0.252 2
-0.0345133 -0.00755979 0.252 2
-0.0315041 -0.0075598 0.252 2
-0.0285166 -0.00756579 0.2522 2
-0.0255868 -0.00758979 0.253 2
-0.0223394 -0.0076065 0.253567 2
-0.0200813 -0.00798769 0.254 2
-0.0488335 -0.00460084 0.254 2
-0.0464609 -0.0045659 0.253 2
-0.0436777 -0.00434319 0.252 2
-0.0405317 -0.00372724 0.252 2
-0.0374581 -0.00446799 0.252 2
-0.0345133 -0.00454851 0.252 2
-0.0315108 -0.0045492 0.252055 2
-0.0285617 -0.00455861 0.2526 2
-0.0256002 -0.00456849 0.253139 2
-0.0227759 -0.0048359 0.25388 2
-0.0204489 -0.00596424 0.254 2
-0.0484737 -0.00185043 0.254 2
-0.0462817 -0.00154614 0.25352 2
-0.0433914 -0.00154065 0.25272 2
-0.0404811 -0.00147764 0.252444 2
-0.0374569 -0.00159649 0.252214 2
-0.0344212 -0.00147701 0.252222 2
-0.0314765 -0.00159867 0.252571 2
-0.0284258 -0.00150718 0.253414 2
-0.0254637 -0.00159066 0.253885 2
-0.0232063 -0.00154942 0.254 2
-0.0480225 0.000382068 0.254 2
-0.0461984 0.00140087 0.254 2
-0.0434857 0.00148206 0.253267 2
-0.0404179 0.00147992 0.253 2
-0.037416 0.00148128 0.253133 2
-0.0343987 0.00148162 0.253167 2
-0.0313544 0.00147992 0.253 2
-0.0284323 0.00148464 0.253889 2
-0.0254122 0.00148577 0.254 2
-0.0237578 0.00148577 0.254 2
-0.0459086 0.00406109 0.254 2
-0.0435974 0.0045198 0.25392 2
-0.0404557 0.00450811 0.253233 2
-0.0374429 0.00450877 0.25332 2
-0.0344083 0.0045076 0.253233 2
-0.0313641 0.00450493 0.25308 2
-0.0283993 0.00451457 0.2536 2
-0.0254122 0.00452096 0.254 2
-0.0237578 0.00452096 0.254 2
-0.0430593 0.0070043 0.254 2
-0.0405734 0.00755547 0.253972 2
-0.0375097 0.00755004 0.253767 2
-0.0345004 0.00755412 0.253917 2
-0.0315239 0.007455 0.253893 2
-0.0282447 0.00697921 0.254 2
-0.0256222 0.00722767 0.254 2
-0.0237578 0.00617652 0.254 2
-0.0425078 0.0100395 0.254 2
-0.0404792 0.0105322 0.254 2
-0.0375446 0.0105913 0.254 2
-0.0345115 0.0105913 0.254 2
-0.0320298 0.0105913 0.254 2
-0.039199 0.0125228 0.254 2
-0.0375446 0.0125228 0.254 2
-0.03396 0.0128907 0.254 2
-0.0325813 0.0125228 0.254 2
-0.00643666 -0.075814 0.256 2
-0.00533543 -0.0759604 0.2565 2
-0.0648778 -0.0731522 0.256 2
-0.0071168 -0.0735018 0.255923 2
-0.00534583 -0.0747142 0.257 2
-0.0647994 -0.0705291 0.256 2
-0.0078592 -0.0706092 0.255857 2
-0.0642704 -0.0675662 0.256176 2
-0.0626063 -0.0669305 0.255 2
-0.00973338 -0.0672075 0.255 2
-0.00816496 -0.0674395 0.256364 2
-0.0639744 -0.0647796 0.256357 2
-0.0627291 -0.0645621 0.2555 2
-0.0100102 -0.0645759 0.255 2
-0.00811885 -0.0645378 0.2565 2
-0.0634077 -0.061631 0.256 2
-0.0623295 -0.0613902 0.255 2
-0.010234 -0.0613199 0.255222 2
-0.00806966 -0.06161 0.256545 2
-0.0638864 -0.0586525 0.256909 2
-0.0623702 -0.0583803 0.255167 2
-0.0102575 -0.0585938 0.255545 2
-0.00831424 -0.0588419 0.256778 2
-0.0634322 -0.0555063 0.257 2
-0.0617966 -0.0555775 0.255571 2
-0.0103547 -0.0555456 0.255455 2
-0.00869375 -0.0554505 0.257 2
-0.0630974 -0.0523794 0.257 2
-0.0616613 -0.052477 0.255667 2
-0.0102575 -0.0524865 0.255545 2
-0.00869375 -0.0523794 0.257 2
-0.0630974 -0.0495876 0.257 2
-0.0616096 -0.0495107 0.255588 2
-0.0122248 -0.0480936 0.255 2
-0.0104156 -0.0493983 0.255522 2
-0.00869375 -0.0495876 0.257 2
-0.0630974 -0.0465165 0.257 2
-0.0615152 -0.0465425 0.256048 2
-0.0598381 -0.0464315 0.255 2
-0.0122248 -0.0464315 0.255 2
-0.0105492 -0.0465229 0.256185 2
-0.00869374 -0.0473541 0.257 2
-0.0630974 -0.0434455 0.257 2
-0.0614638 -0.043554 0.256 2
-0.0598381 -0.0436614 0.255 2
-0.0127358 -0.0438319 0.255 2
-0.0106315 -0.0435339 0.256185 2
-0.0630974 -0.041212 0.257 2
-0.0612943 -0.0406461 0.255842 2
-0.0598381 -0.0406143 0.255 2
-0.0122248 -0.0406143 0.255 2
-0.0106521 -0.0405837 0.256154 2
-0.0612775 -0.0376019 0.256632 2
-0.0595305 -0.037444 0.255 2
-0.0122248 -0.0375671 0.255 2
-0.0107818 -0.0377461 0.256217 2
-0.0608987 -0.0344668 0.256667 2
-0.0588881 -0.0346575 0.2552 2
-0.0127917 -0.0345573 0.255278 2
-0.0108312 -0.0343803 0.256591 2
-0.0603074 -0.0314405 0.257 2
-0.0584152 -0.0315129 0.255846 2
-0.0127944 -0.031514 0.255333 2
-0.0105915 -0.0314414 0.256621 2
-0.0603074 -0.0283695 0.257 2
-0.058314 -0.0284622 0.255759 2
-0.0558242 -0.027941 0.255 2
-0.0155466 -0.0273177 0.255 2
-0.0134512 -0.0283908 0.255313 2
-0.0110654 -0.0285495 0.256667 2
-0.0603074 -0.0255776 0.257 2
-0.0584338 -0.0254897 0.25612 2
-0.0556858 -0.0253786 0.255 2
-0.0155466 -0.0253786 0.255 2
-0.0136424 -0.0254444 0.255667 2
-0.0113805 -0.025927 0.256778 2
-0.0603074 -0.0236234 0.257 2
-0.0583227 -0.0225379 0.256385 2
-0.0556858 -0.0226085 0.255 2
-0.0159157 -0.0222391 0.255 2
-0.0137604 -0.0225624 0.25625 2
-0.0117627 -0.0233442 0.257 2
-0.0582421 -0.0193977 0.2565 2
-0.0556304 -0.0195059 0.255 2
-0.053748 -0.0181763 0.255 2
-0.0160015 -0.019465 0.2552 2
-0.0139054 -0.0195173 0.25625 2
-0.0580672 -0.016832 0.256467 2
-0.0554266 -0.016519 0.25508 2
-0.0535404 -0.0163064 0.255 2
-0.0158534 -0.0165466 0.2555 2
-0.0139389 -0.0168636 0.256714 2
-0.0577965 -0.0144102 0.257 2
-0.0556134 -0.0135153 0.255933 2
-0.0534712 -0.0134671 0.255 2
-0.015683 -0.0139417 0.255222 2
-0.0141147 -0.0132485 0.25613 2
-0.0556889 -0.010472 0.25628 2
-0.0529791 -0.0102968 0.255 2
-0.0185917 -0.00958888 0.255 2
-0.0164718 -0.0101615 0.255174 2
-0.0142465 -0.0107278 0.2562 2
-0.0554073 -0.0075209 0.256917 2
-0.0527536 -0.00752693 0.255741 2
-0.0509798 -0.00764979 0.255 2
-0.018977 -0.0072859 0.255222 2
-0.016447 -0.00740394 0.256111 2
-0.0142736 -0.00854735 0.257 2
-0.054329 -0.00459887 0.257 2
-0.0525215 -0.00442094 0.255952 2
-0.0504608 -0.00442952 0.255 2
-0.0215361 -0.00402345 0.255 2
-0.0194754 -0.00445598 0.255444 2
-0.016756 -0.00449209 0.256583 2
-0.0541696 -0.00156772 0.257 2
-0.0524628 -0.00158755 0.256091 2
-0.0500354 -0.00132739 0.255 2
-0.0216367 -0.00155552 0.255 2
-0.0194822 -0.0015604 0.2558 2
-0.0170293 -0.00156467 0.2565 2
-0.0543091 0.00122414 0.257 2
-0.0523605 0.0015 0.256333 2
-0.049398 0.00157077 0.255 2
-0.047658 0.00204564 0.255 2
-0.0222014 0.00149269 0.255133 2
-0.0195027 0.00149873 0.256067 2
-0.0170635 0.00150332 0.257 2
-0.0519201 0.0043309 0.256714 2
-0.0494129 0.00454765 0.25548 2
-0.0469766 0.00496493 0.255 2
-0.0222446 0.00455032 0.25564 2
-0.0195616 0.00457169 0.25684 2
-0.0176215 0.00373681 0.257 2
-0.0516586 0.00680784 0.257 2
-0.0495677 0.00734609 0.25628 2
-0.0465169 0.00743641 0.255148 2
-0.0440593 0.00786291 0.255 2
-0.0307718 0.00897096 0.255 2
-0.0288736 0.00849608 0.255 2
-0.0250201 0.00835538 0.255 2
-0.0225354 0.00742459 0.2558 2
-0.0199684 0.00723483 0.257 2
-0.0496166 0.0104189 0.256533 2
-0.0467287 0.0104811 0.255643 2
-0.0437825 0.0107715 0.255 2
-0.0307719 0.010633 0.255 2
-0.0285716 0.010639 0.255133 2
-0.0255599 0.0106542 0.25548 2
-0.0225369 0.0104474 0.256257 2
-0.0201325 0.0104373 0.257 2
-0.049232 0.0134277 0.256909 2
-0.0463997 0.0134557 0.256 2
-0.0433961 0.0133561 0.255259 2
-0.0405569 0.0134754 0.255 2
-0.0372771 0.0138187 0.255 2
-0.034626 0.0138293 0.255 2
-0.031506 0.0134754 0.255 2
-0.0286006 0.0134245 0.2554 2
-0.0254539 0.013527 0.256214 2
-0.0225289 0.0133971 0.256923 2
-0.0206904 0.0132291 0.257 2
-0.0484701 0.0163799 0.257 2
-0.0462564 0.0165437 0.256433 2
-0.0434041 0.0165171 0.256033 2
-0.040493 0.0164639 0.2552 2
-0.0374156 0.0164503 0.255 2
-0.0343705 0.0164503 0.255 2
-0.0314769 0.0165405 0.255212 2
-0.0285218 0.0164278 0.255818 2
-0.0255646 0.0164738 0.256065 2
-0.0228678 0.0166161 0.256828 2
-0.0480317 0.0185336 0.257 2
-0.0460935 0.019474 0.257 2
-0.0434604 0.0196019 0.25636 2
-0.0406005 0.0195652 0.25588 2
-0.037475 0.019529 0.2554 2
-0.034381 0.0195035 0.25508 2
-0.031444 0.0195715 0.255967 2
-0.0283913 0.0195739 0.256 2
-0.025422 0.0196446 0.256414 2
-0.0230869 0.0193871 0.256923 2
-0.0454809 0.0221231 0.257 2
-0.0435545 0.0224356 0.25692 2
-0.0406193 0.0223549 0.256 2
-0.0375623 0.0223549 0.256 2
-0.0345053 0.0223549 0.256 2
-0.0314483 0.0223549 0.256 2
-0.0284172 0.0223764 0.25624 2
-0.025513 0.0223624 0.257 2
-0.0432889 0.0255132 0.257 2
-0.0405534 0.0255622 0.256824 2
-0.0374796 0.0254079 0.256625 2
-0.0345773 0.0254685 0.256533 2
-0.031482 0.0254427 0.256278 2
-0.0285233 0.0252802 0.256808 2
-0.0262703 0.0245361 0.257 2
-0.0432269 0.0284602 0.257 2
-0.0404989 0.0285843 0.257 2
-0.037895 0.028119 0.257 2
-0.0317944 0.0276909 0.257 2
-0.0296182 0.0274675 0.257 2
-0.0427309 0.0302594 0.257 2
-0.0404989 0.0302594 0.257 2
-0.00426552 -0.0761878 0.259167 2
-0.0678386 -0.0730831 0.259429 2
-0.00482502 -0.073353 0.2591 2
-0.0677064 -0.0706975 0.259333 2
-0.00648694 -0.0702403 0.258 2
-0.00494416 -0.0706215 0.2594 2
-0.067 -0.0676712 0.259308 2
-0.0656343 -0.0672085 0.2582 2
-0.00648694 -0.0674376 0.258 2
-0.0052062 -0.0673165 0.259333 2
-0.0663926 -0.0641911 0.259286 2
-0.0653513 -0.0641195 0.258556 2
-0.00648694 -0.0643546 0.258 2
-0.00478297 -0.0645861 0.259545 2
-0.0665818 -0.0613404 0.259909 2
-0.0648427 -0.0614201 0.258091 2
-0.00648694 -0.0615519 0.258 2
-0.00523506 -0.0617307 0.259429 2
-0.0666308 -0.0588427 0.2599 2
-0.0652899 -0.0585108 0.2585 2
-0.00686876 -0.0582631 0.258333 2
-0.00540824 -0.0586397 0.26 2
-0.0663742 -0.0555329 0.26 2
-0.0648669 -0.0554861 0.2586 2
-0.00705967 -0.0554933 0.2585 2
-0.00540823 -0.0555328 0.26 2
-0.0660919 -0.052426 0.26 2
-0.0646312 -0.0525308 0.258667 2
-0.00705465 -0.052645 0.2583 2
-0.00540824 -0.052426 0.26 2
-0.0660919 -0.0496015 0.26 2
-0.0645785 -0.04953 0.258588 2
-0.00705548 -0.0495635 0.258333 2
-0.00540824 -0.0496015 0.26 2
-0.0660919 -0.0464947 0.26 2
-0.0646872 -0.0464463 0.25875 2
-0.00900765 -0.0458567 0.258 2
-0.00719753 -0.0464005 0.25904 2
-0.0660919 -0.0445175 0.26 2
-0.0645162 -0.0435803 0.259077 2
-0.00900765 -0.0436145 0.258 2
-0.00737966 -0.0434806 0.259185 2
-0.0642189 -0.0402653 0.258923 2
-0.0627827 -0.0396907 0.258 2
-0.00900765 -0.0405315 0.258 2
-0.00755799 -0.0406378 0.259 2
-0.0642308 -0.0374072 0.259444 2
-0.0627827 -0.0377288 0.258 2
-0.00947549 -0.0371818 0.258273 2
-0.00776897 -0.0374794 0.259588 2
-0.063405 -0.0348325 0.2594 2
-0.0623673 -0.0341633 0.2586 2
-0.0093811 -0.0350195 0.258 2
-0.00737966 -0.0344707 0.259185 2
-0.0632694 -0.0309602 0.26 2
-0.0617571 -0.0315444 0.258529 2
-0.00900765 -0.0315628 0.258 2
-0.00740095 -0.0314872 0.259154 2
-0.0631234 -0.0286357 0.2594 2
-0.0617749 -0.0285318 0.258467 2
-0.00953547 -0.028341 0.258308 2
-0.00775677 -0.028594 0.259579 2
-0.0630667 -0.0255108 0.259167 2
-0.0618029 -0.0256148 0.258437 2
-0.00993591 -0.025375 0.2585 2
-0.00807869 -0.0257014 0.259667 2
-0.0632694 -0.0224869 0.26 2
-0.0616278 -0.0224944 0.258857 2
-0.0599819 -0.0220336 0.258 2
-0.0123686 -0.0217534 0.258 2
-0.0103982 -0.0224733 0.2592 2
-0.00851298 -0.0224869 0.26 2
-0.0612926 -0.0195711 0.2588 2
-0.0599819 -0.0195112 0.258 2
-0.0123686 -0.0195112 0.258 2
-0.0106719 -0.0196477 0.259231 2
-0.00851298 -0.0207922 0.26 2
-0.0611209 -0.0166913 0.259579 2
-0.0592117 -0.0160078 0.258 2
-0.0128556 -0.0161164 0.258143 2
-0.0107387 -0.0165086 0.259267 2
-0.0607292 -0.0134487 0.26 2
-0.0588649 -0.0131673 0.258625 2
-0.0127527 -0.0137311 0.258222 2
-0.0107393 -0.0134117 0.25928 2
-0.0607291 -0.0106242 0.26 2
-0.0586962 -0.0105629 0.2585 2
-0.0129004 -0.0103823 0.258308 2
-0.0107498 -0.0106039 0.25952 2
-0.0607291 -0.00864712 0.26 2
-0.0586095 -0.00740711 0.259 2
-0.056621 -0.00689897 0.258 2
-0.0133786 -0.00729749 0.258385 2
-0.0107618 -0.00751156 0.2598 2
-0.0585341 -0.00449697 0.259348 2
-0.0559107 -0.00428557 0.258167 2
-0.0154494 -0.00381599 0.258 2
-0.0135292 -0.00438949 0.2588 2
-0.0110336 -0.00458671 0.259895 2
-0.058115 -0.00158398 0.259667 2
-0.0558789 -0.00157678 0.25845 2
-0.0154494 -0.00157382 0.258 2
-0.0135419 -0.00158068 0.25904 2
-0.0116581 -0.00190881 0.26 2
-0.0579218 0.00137873 0.25975 2
-0.0559111 0.00151311 0.2586 2
-0.0154494 0.00150917 0.258 2
-0.0135286 0.00151385 0.2588 2
-0.0113355 0.00152087 0.26 2
-0.0573421 0.00434531 0.26 2
-0.0553995 0.00466712 0.259143 2
-0.0533161 0.00481637 0.258 2
-0.0163974 0.00472151 0.258 2
-0.013546 0.00461296 0.25912 2
-0.0119 0.00462775 0.26 2
-0.0552825 0.00744073 0.2596 2
-0.0526599 0.0076351 0.258 2
-0.0188104 0.00767514 0.258 2
-0.0165778 0.00739913 0.258133 2
-0.0137821 0.00738475 0.259524 2
-0.0119 0.00632242 0.26 2
-0.0546972 0.0105393 0.2595 2
-0.0524198 0.0104779 0.258 2
-0.0188104 0.0104779 0.258 2
-0.0165969 0.0104964 0.258444 2
-0.0138665 0.010553 0.259833 2
-0.0547741 0.0136594 0.259867 2
-0.0523439 0.0136618 0.258522 2
-0.0504593 0.0141214 0.258 2
-0.0213311 0.0146819 0.258 2
-0.0192626 0.0136845 0.258125 2
-0.0164946 0.0135673 0.259296 2
-0.0144402 0.0128186 0.26 2
-0.0544793 0.0161676 0.26 2
-0.052327 0.0164224 0.25892 2
-0.0499422 0.016536 0.258 2
-0.0213311 0.0163636 0.258 2
-0.0194062 0.0163958 0.2585 2
-0.0168026 0.0163467 0.259824 2
-0.0542374 0.01875 0.26 2
-0.0522614 0.0192621 0.259292 2
-0.0495356 0.0196191 0.258481 2
-0.0473784 0.0202874 0.258 2
-0.0218112 0.0197669 0.258 2
-0.0194819 0.0194794 0.258971 2
-0.0169805 0.0193148 0.26 2
-0.0520039 0.0222091 0.259933 2
-0.049623 0.0226593 0.25948 2
-0.0469213 0.0226742 0.258222 2
-0.024412 0.0236506 0.258 2
-0.022468 0.022547 0.2582 2
-0.0194185 0.022585 0.259258 2
-0.0169805 0.0224218 0.26 2
-0.0514149 0.0249637 0.26 2
-0.0496462 0.0254893 0.2596 2
-0.0466116 0.0253715 0.2584 2
-0.0448577 0.0253322 0.258 2
-0.0252267 0.025587 0.258 2
-0.0224955 0.0253837 0.25852 2
-0.0194919 0.025493 0.259633 2
-0.0170831 0.0252205 0.26 2
-0.0496763 0.0283274 0.25976 2
-0.0466236 0.028467 0.258467 2
-0.0446476 0.0287656 0.258 2
-0.0371448 0.0291267 0.258 2
-0.0345948 0.0287556 0.258 2
-0.0313151 0.0291241 0.258 2
-0.0284815 0.0285255 0.258034 2
-0.0255311 0.0284365 0.2584 2
-0.0226226 0.0283977 0.259259 2
-0.0200686 0.0280208 0.26 2
-0.0494135 0.0312545 0.26 2
-0.0466834 0.0315959 0.2588 2
-0.0435507 0.0316228 0.258 2
-0.0403764 0.0317785 0.258 2
-0.0375757 0.0314982 0.258 2
-0.0344948 0.0314982 0.258 2
-0.0314139 0.0314982 0.258 2
-0.0286131 0.0314982 0.258 2
-0.0255968 0.0315796 0.258667 2
-0.0225457 0.0315351 0.259786 2
-0.020932 0.0314599 0.26 2
-0.0486865 0.0340961 0.26 2
-0.0462498 0.0345039 0.25952 2
-0.0433452 0.0344345 0.259 2
-0.0403671 0.0344705 0.258333 2
-0.0375757 0.0345812 0.258 2
-0.0344948 0.0345812 0.258 2
-0.0314139 0.0345812 0.258 2
-0.0285169 0.0343779 0.258259 2
-0.0255385 0.0344212 0.258759 2
-0.0225894 0.0345136 0.2596 2
-0.020932 0.0345668 0.26 2
-0.0461607 0.0367829 0.26 2
-0.043479 0.0373631 0.2598 2
-0.0405203 0.0375489 0.258778 2
-0.0375757 0.0376642 0.258 2
-0.0344991 0.0376692 0.258033 2
-0.0315155 0.037787 0.25884 2
-0.0283767 0.0374461 0.259 2
-0.0253113 0.0375773 0.259 2
-0.0225894 0.0373338 0.2596 2
-0.020932 0.0373913 0.26 2
-0.0428668 0.0401754 0.26 2
-0.0406375 0.0406194 0.259385 2
-0.0374635 0.0406363 0.258828 2
-0.0343863 0.0405511 0.258808 2
-0.0315547 0.0406494 0.25916 2
-0.0286099 0.0406556 0.259875 2
-0.0254284 0.0407501 0.2598 2
-0.0230207 0.0402722 0.26 2
-0.0429474 0.043605 0.26 2
-0.0406894 0.043605 0.26 2
-0.0375268 0.0435392 0.2596 2
-0.0344269 0.0435392 0.2596 2
-0.0316277 0.0435656 0.25976 2
-0.0285528 0.043605 0.26 2
-0.025495 0.043558 0.26 2
-0.0237545 0.0433226 0.26 2
-0.0427216 0.0462035 0.26 2
-0.0406894 0.0464295 0.26 2
-0.0375846 0.0464295 0.26 2
-0.0344799 0.0464295 0.26 2
-0.0316574 0.0464295 0.26 2
-0.0285528 0.0464295 0.26 2
-0.0260125 0.0457234 0.26 2
-0.0406289 0.0494355 0.26 2
-0.0375847 0.0495364 0.26 2
-0.0344799 0.0495364 0.26 2
-0.0316574 0.0495364 0.26 2
-0.0291173 0.0495363 0.26 2
-0.0399367 0.0518901 0.26 2
-0.0375847 0.0520784 0.26 2
-0.0346536 0.0520349 0.26 2
-0.0316574 0.0515135 0.26 2
-0.0291172 0.0515135 0.26 2
-0.0404072 0.0989641 0.26 2
-0.0375847 0.0989641 0.26 2
-0.0344799 0.0989641 0.26 2
-0.0423503 0.101145 0.2598 2
-0.0405278 0.10068 0.259207 2
-0.0374391 0.100551 0.259 2
-0.0344136 0.100745 0.2595 2
-0.032128 0.101137 0.259571 2
-0.0249776 0.10113 0.26 2
-0.0233029 0.101055 0.26 2
-0.0430277 0.102613 0.2598 2
-0.0404716 0.102364 0.2586 2
-0.0373423 0.102259 0.258333 2
-0.0343473 0.102522 0.259 2
-0.0314145 0.102607 0.25975 2
-0.029964 0.102636 0.26 2
-0.0251657 0.102635 0.26 2
-0.02319 0.102635 0.26 2
-0.00344569 -0.0781453 0.261 2
-0.00232271 -0.0781636 0.262333 2
-0.00345449 -0.0763537 0.261667 2
-0.00246547 -0.0766918 0.262333 2
-0.00345889 -0.0733216 0.262 2
-0.00264848 -0.0730751 0.262286 2
-0.0701879 -0.0698198 0.262455 2
-0.0686128 -0.0696394 0.261 2
-0.0038308 -0.0699779 0.261556 2
-0.00242887 -0.0709339 0.262545 2
-0.0700144 -0.0672611 0.262789 2
-0.0682022 -0.0672022 0.261286 2
-0.00391533 -0.0677978 0.261455 2
-0.00289005 -0.0676293 0.262 2
-0.069955 -0.0648221 0.262364 2
-0.0680196 -0.0644616 0.261231 2
-0.00345889 -0.0644985 0.262 2
-0.00289005 -0.0644985 0.262 2
-0.0691795 -0.0617006 0.261 2
-0.0680897 -0.0618751 0.261 2
-0.00397689 -0.0614516 0.261615 2
-0.00289667 -0.061507 0.2626 2
-0.0692237 -0.0586182 0.261167 2
-0.0681304 -0.0584456 0.261187 2
-0.00405346 -0.0586297 0.261588 2
-0.00290108 -0.0587449 0.263 2
-0.0694264 -0.0557368 0.262889 2
-0.067865 -0.055555 0.261937 2
-0.00398272 -0.0554487 0.261438 2
-0.00289189 -0.0554251 0.262167 2
-0.0691386 -0.0513167 0.263 2
-0.0676764 -0.0524895 0.2622 2
-0.00402116 -0.0525716 0.261667 2
-0.00290108 -0.0524595 0.263 2
-0.0692338 -0.0497929 0.263 2
-0.0678249 -0.0494767 0.262333 2
-0.00434058 -0.0495203 0.261625 2
-0.00290108 -0.0504595 0.263 2
-0.0691386 -0.0453169 0.263 2
-0.06802 -0.0465564 0.2621 2
-0.00487389 -0.0465146 0.2617 2
-0.0691386 -0.043317 0.263 2
-0.0675324 -0.043392 0.262143 2
-0.0657794 -0.0432711 0.261 2
-0.00481983 -0.0434904 0.261545 2
-0.0691386 -0.0410313 0.263 2
-0.0675302 -0.0402998 0.261957 2
-0.0657794 -0.0404358 0.261 2
-0.00656237 -0.0395852 0.261 2
-0.00492853 -0.0404318 0.261818 2
-0.0669471 -0.0373355 0.261133 2
-0.0657794 -0.037317 0.261 2
-0.00656237 -0.0376005 0.261 2
-0.00488507 -0.0375031 0.2623 2
-0.0668438 -0.0351656 0.262583 2
-0.0649808 -0.0341864 0.261857 2
-0.0048307 -0.0344824 0.262182 2
-0.0646811 -0.0316384 0.262286 2
-0.00493641 -0.0313851 0.262273 2
-0.0649942 -0.0283958 0.2624 2
-0.00656237 -0.028244 0.261 2
-0.005454 -0.028373 0.2622 2
-0.0647836 -0.0255592 0.261714 2
-0.00690056 -0.0252207 0.261571 2
-0.00547063 -0.0256034 0.263 2
-0.0645107 -0.0226248 0.2616 2
-0.00714162 -0.0226166 0.2615 2
-0.00547064 -0.0224606 0.263 2
-0.0643534 -0.0195364 0.262111 2
-0.0629461 -0.0194545 0.261 2
-0.00911239 -0.019171 0.261 2
-0.00738747 -0.019446 0.261552 2
-0.00547064 -0.0196036 0.263 2
-0.064169 -0.0164575 0.262375 2
-0.0623794 -0.0160522 0.261 2
-0.00911239 -0.0163357 0.261 2
-0.00744429 -0.0164108 0.2622 2
-0.0637024 -0.0133703 0.262167 2
-0.062096 -0.0135004 0.261 2
-0.00911239 -0.0135004 0.261 2
-0.00744429 -0.0135625 0.2622 2
-0.06396 -0.0107241 0.262444 2
-0.062096 -0.0106651 0.261 2
-0.00911239 -0.0106651 0.261 2
-0.00738269 -0.0105896 0.262259 2
-0.0637139 -0.00788979 0.263 2
-0.0617855 -0.00733678 0.2616 2
-0.00911239 -0.00754626 0.261 2
-0.00750369 -0.00747726 0.262143 2
-0.0617553 -0.0043938 0.262238 2
-0.0595461 -0.0032933 0.261 2
-0.0095792 -0.00411926 0.261091 2
-0.00752059 -0.00454762 0.262261 2
-0.0613313 -0.00176177 0.262048 2
-0.0595461 -0.00159212 0.261 2
-0.0101794 -0.00149483 0.261217 2
-0.00802928 -0.00160228 0.262667 2
-0.0609645 0.00153532 0.262222 2
-0.0592517 0.00198241 0.2612 2
-0.00969069 0.00152867 0.261333 2
-0.00810773 0.00186243 0.262571 2
-0.0610119 0.00449849 0.262615 2
-0.0588798 0.00478421 0.261294 2
-0.0102661 0.0046563 0.26156 2
-0.00859811 0.00467534 0.2626 2
-0.060294 0.00766246 0.262889 2
-0.0582934 0.00743934 0.261429 2
-0.0125124 0.00776439 0.261 2
-0.0105165 0.00754854 0.261966 2
-0.00861121 0.00753818 0.263 2
-0.0602879 0.0095381 0.263 2
-0.0582864 0.0103447 0.2617 2
-0.0564293 0.0103162 0.261 2
-0.0125124 0.0103162 0.261 2
-0.0108599 0.0103636 0.2622 2
-0.0584645 0.0135122 0.2625 2
-0.0564293 0.013435 0.261 2
-0.0134509 0.0138085 0.261227 2
-0.0110816 0.0132927 0.262375 2
-0.0584645 0.016649 0.2625 2
-0.0559497 0.0166874 0.261111 2
-0.0156291 0.0168374 0.261 2
-0.0134641 0.0166616 0.262069 2
-0.0112545 0.0165714 0.262909 2
-0.0583493 0.0192964 0.262625 2
-0.0558322 0.0195002 0.261455 2
-0.0538794 0.0202397 0.261 2
-0.0156291 0.0193891 0.261 2
-0.0134292 0.0194882 0.262333 2
-0.0111808 0.0186806 0.263 2
-0.057861 0.0224424 0.263 2
-0.0556159 0.0223427 0.261833 2
-0.0533937 0.022832 0.261 2
-0.0156291 0.022508 0.261 2
-0.0134429 0.022361 0.2626 2
-0.0577183 0.0254423 0.263 2
-0.0553783 0.0255064 0.262172 2
-0.0526127 0.0257269 0.261 2
-0.0159529 0.0258698 0.261 2
-0.0140081 0.0254889 0.2625 2
-0.0571473 0.0286802 0.263 2
-0.0553343 0.0286282 0.26252 2
-0.0524627 0.0284621 0.261 2
-0.0188819 0.028907 0.261077 2
-0.016526 0.028546 0.26176 2
-0.0142647 0.0284051 0.262714 2
-0.055045 0.0314773 0.2625 2
-0.0522603 0.031662 0.261 2
-0.0504793 0.032148 0.261 2
-0.0193636 0.0315527 0.261172 2
-0.0165662 0.0314653 0.2624 2
-0.0146068 0.0315372 0.263 2
-0.0549282 0.0341318 0.262625 2
-0.0522765 0.034764 0.26148 2
-0.0497819 0.035136 0.261 2
-0.019285 0.0346648 0.261231 2
-0.0166189 0.0344001 0.262538 2
-0.0146068 0.0338229 0.263 2
-0.0545777 0.0363942 0.263 2
-0.0524365 0.0377197 0.26228 2
-0.0493769 0.0375583 0.26116 2
-0.0467015 0.0381966 0.261 2
-0.0193553 0.037622 0.2616 2
-0.0168677 0.0373671 0.262857 2
-0.0521416 0.0405184 0.262824 2
-0.0494911 0.0404886 0.26176 2
-0.0465126 0.0403704 0.261 2
-0.0443404 0.0405594 0.261 2
-0.0214847 0.0405594 0.261 2
-0.0193939 0.0405445 0.26212 2
-0.0177474 0.0406797 0.263 2
-0.0514372 0.0432511 0.263 2
-0.0495674 0.0433931 0.262417 2
-0.0465797 0.0433735 0.261615 2
-0.0443674 0.0432867 0.261 2
-0.0244125 0.0449069 0.261 2
-0.0222384 0.0435133 0.261143 2
-0.0194295 0.0434706 0.2626 2
-0.0177474 0.0435368 0.263 2
-0.0514372 0.0472509 0.263 2
-0.049448 0.0466275 0.262462 2
-0.0467001 0.0465203 0.261828 2
-0.0442082 0.0467593 0.261 2
-0.0252792 0.0469416 0.261 2
-0.0223969 0.0465853 0.261469 2
-0.0195487 0.0464093 0.26296 2
-0.0177474 0.0461081 0.263 2
-0.0514372 0.0495365 0.263 2
-0.0496235 0.0496106 0.262231 2
-0.0466561 0.0495949 0.2618 2
-0.0436793 0.0494434 0.261 2
-0.0275292 0.0494434 0.261 2
-0.0255496 0.0494511 0.26104 2
-0.0225163 0.0496393 0.262033 2
-0.0200315 0.0495937 0.263 2
-0.049115 0.0525269 0.263 2
-0.046651 0.0524401 0.262042 2
-0.0437402 0.0523515 0.26136 2
-0.0409691 0.052969 0.261 2
-0.0374459 0.0536963 0.261 2
-0.0344237 0.0535073 0.261 2
-0.0314959 0.0531293 0.261 2
-0.0282375 0.0528457 0.261 2
-0.0256476 0.0524868 0.261407 2
-0.0225285 0.0525123 0.262167 2
-0.0200315 0.0526793 0.263 2
-0.0484783 0.0552246 0.263 2
-0.046487 0.0554208 0.26245 2
-0.0436113 0.0553644 0.262 2
-0.0404034 0.0555677 0.2618 2
-0.0375176 0.0555047 0.2615 2
-0.0345386 0.0555824 0.261 2
-0.0314959 0.055681 0.261 2
-0.0284532 0.0555059 0.26119 2
-0.0253551 0.0555145 0.262296 2
-0.0224639 0.0553742 0.262792 2
-0.0200315 0.0549649 0.263 2
-0.0480111 0.0572505 0.263 2
-0.0460805 0.0583389 0.263 2
-0.043443 0.0583933 0.263 2
-0.0405389 0.0583233 0.26268 2
-0.0376011 0.0581894 0.26208 2
-0.0345674 0.0586458 0.261903 2
-0.0313328 0.0585774 0.261462 2
-0.0284448 0.0584974 0.261966 2
-0.0257247 0.058214 0.262833 2
-0.0454415 0.0603933 0.263 2
-0.0442995 0.0603933 0.263 2
-0.0400169 0.0612504 0.263 2
-0.0375313 0.0616033 0.263 2
-0.0343228 0.0616886 0.262615 2
-0.0313846 0.0616914 0.26244 2
-0.0285876 0.0618033 0.26292 2
-0.0262174 0.0612504 0.263 2
-0.0374474 0.0638217 0.263 2
-0.0343068 0.0638217 0.263 2
-0.0331648 0.089535 0.263 2
-0.0325937 0.089535 0.263 2
-0.0363053 0.0926777 0.263 2
-0.0338401 0.0918003 0.2627 2
-0.0316354 0.0918036 0.26275 2
-0.0294532 0.0926777 0.263 2
-0.0257416 0.0926777 0.263 2
-0.0397861 0.0951789 0.262417 2
-0.0374971 0.0946848 0.262387 2
-0.0344602 0.0945286 0.262069 2
-0.031418 0.094615 0.261933 2
-0.0286234 0.094715 0.262667 2
-0.025534 0.0945625 0.262964 2
-0.0223155 0.095249 0.263 2
-0.0194604 0.095249 0.263 2
-0.0534357 0.0989632 0.263 2
-0.0485821 0.0985347 0.263 2
-0.0464737 0.0984358 0.263 2
-0.0430881 0.098045 0.262882 2
-0.0404718 0.0975157 0.261645 2
-0.0374155 0.0975403 0.261214 2
-0.0346392 0.0974336 0.2612 2
-0.0315473 0.0975224 0.261438 2
-0.0284879 0.0974484 0.262 2
-0.0254864 0.0973856 0.262057 2
-0.0225177 0.0974749 0.262514 2
-0.0194163 0.0973107 0.2624 2
-0.0168854 0.0975035 0.262917 2
-0.052484 0.100677 0.263 2
-0.0493302 0.100704 0.262857 2
-0.0463974 0.100603 0.263 2
-0.0437062 0.100409 0.262044 2
-0.0419793 0.0996283 0.261 2
-0.0311472 0.100196 0.26125 2
-0.0284559 0.100463 0.2617 2
-0.0258663 0.10009 0.261056 2
-0.0222193 0.100195 0.26163 2
-0.0194331 0.10054 0.26264 2
-0.0167611 0.100755 0.263 2
-0.0148923 0.101535 0.263 2
-0.0517292 0.102409 0.262 2
-0.0494752 0.102811 0.262 2
-0.0466908 0.102856 0.262 2
-0.0443709 0.102563 0.2614 2
-0.0303626 0.10218 0.261 2
-0.0283792 0.102747 0.261 2
-0.0266792 0.102747 0.261 2
-0.0215547 0.102791 0.2614 2
-0.0194006 0.102934 0.2622 2
-0.0166054 0.103249 0.263 2
-0.0143213 0.103249 0.263 2
-0.000621781 -0.0785781 0.265333 2
0.000530985 -0.0787755 0.266 2
-0.00119451 -0.0763052 0.264778 2
0.000530985 -0.0776196 0.266 2
-0.00119451 -0.0736186 0.264778 2
0.000530985 -0.0729963 0.266 2
-0.00129076 -0.0702636 0.264778 2
-0.00148258 -0.067539 0.265 2
-0.00148258 -0.0646602 0.265 2
-0.00153438 -0.06163 0.264909 2
-0.00143079 -0.0584784 0.265091 2
-0.069688 -0.0543797 0.264 2
-0.00162502 -0.0556846 0.26475 2
-0.0697198 -0.0527864 0.264 2
-0.0688283 -0.0529457 0.264 2
-0.00205881 -0.0525366 0.264833 2
-0.00348529 -0.0489307 0.264 2
-0.00230354 -0.0492687 0.264714 2
-0.00348529 -0.0463496 0.264 2
-0.00234411 -0.0464666 0.264667 2
-0.00348529 -0.0434817 0.264 2
-0.00234411 -0.0435915 0.264667 2
-0.00348529 -0.0406138 0.264 2
-0.00231253 -0.0405541 0.264941 2
-0.00348969 -0.0375049 0.264333 2
-0.00249184 -0.0377684 0.265167 2
-0.0675864 -0.0338264 0.264 2
-0.0034985 -0.0344344 0.265 2
-0.00292314 -0.0344344 0.265 2
-0.0676253 -0.0315441 0.2649 2
-0.0656757 -0.0311497 0.264 2
-0.0034985 -0.0315556 0.265 2
-0.00292314 -0.0315556 0.265 2
-0.0676113 -0.0284799 0.264636 2
-0.00402926 -0.0285141 0.2645 2
-0.00292682 -0.0284232 0.265333 2
-0.0675446 -0.0256367 0.265333 2
-0.0659623 -0.0245536 0.264 2
-0.00406728 -0.025573 0.264667 2
-0.00293417 -0.0253175 0.266 2
-0.0663766 -0.0220968 0.265 2
-0.0659623 -0.02398 0.264 2
-0.00409996 -0.0225113 0.264588 2
-0.00293417 -0.0224279 0.266 2
-0.0664998 -0.0194648 0.265 2
-0.00440154 -0.0194248 0.265 2
-0.00293417 -0.0204052 0.266 2
-0.0671637 -0.0164419 0.265412 2
-0.0651025 -0.0153763 0.264 2
-0.00492648 -0.0165548 0.2645 2
-0.0666861 -0.0138604 0.265167 2
-0.0651025 -0.0139424 0.264 2
-0.00492648 -0.0136814 0.2645 2
-0.0666253 -0.0105589 0.2655 2
-0.0651025 -0.00964052 0.264 2
-0.00494201 -0.010553 0.265333 2
-0.0667509 -0.00797978 0.266 2
-0.0649864 -0.00712268 0.264857 2
-0.00493679 -0.00737725 0.2651 2
-0.0647656 -0.00462675 0.265222 2
-0.00663781 -0.00333115 0.264 2
-0.00494095 -0.00449971 0.2653 2
-0.0640148 -0.00147211 0.264833 2
-0.0625232 -0.000750049 0.264 2
-0.00664786 -0.00161155 0.2644 2
-0.00533013 -0.00181112 0.2655 2
-0.063876 0.0013706 0.265 2
-0.0625232 0.00154427 0.264 2
-0.00694326 0.00126186 0.26475 2
-0.00553304 0.001267 0.266 2
-0.0640404 0.00434139 0.265533 2
-0.0623791 0.00503527 0.264429 2
-0.00722356 0.00470785 0.2645 2
-0.00553304 0.00444559 0.266 2
-0.0635266 0.00761931 0.2658 2
-0.0620922 0.00758433 0.2646 2
-0.00722356 0.00758118 0.2645 2
-0.00553304 0.00762417 0.266 2
-0.0635744 0.0105138 0.266 2
-0.0617646 0.0106363 0.264952 2
-0.00921713 0.0104347 0.264 2
-0.00752949 0.0104822 0.2652 2
-0.0635744 0.0132589 0.266 2
-0.0615054 0.0133163 0.26475 2
-0.00960701 0.0136969 0.264222 2
-0.00794317 0.0132387 0.265412 2
-0.0635744 0.0151372 0.266 2
-0.0612787 0.0164344 0.26456 2
-0.00980196 0.0164781 0.264333 2
-0.00815572 0.016378 0.265625 2
-0.0613463 0.0196948 0.2651 2
-0.0593707 0.0204724 0.264 2
-0.0102117 0.0198011 0.264333 2
-0.00808831 0.0195348 0.265706 2
-0.0612654 0.0225247 0.265375 2
-0.0593707 0.0224799 0.264 2
-0.0103886 0.022538 0.26468 2
-0.00812536 0.0226336 0.2658 2
-0.0612654 0.0252631 0.265375 2
-0.0593707 0.0253478 0.264 2
-0.0123696 0.0253478 0.264 2
-0.0103928 0.0254246 0.2648 2
-0.00870943 0.0255398 0.266 2
-0.0608838 0.028388 0.2656 2
-0.0588068 0.0284019 0.264273 2
-0.0127518 0.0287893 0.264 2
-0.0104125 0.0283534 0.26528 2
-0.00870943 0.0284294 0.266 2
-0.0608312 0.0314635 0.266 2
-0.0585664 0.0314659 0.264696 2
-0.0567914 0.0316572 0.264 2
-0.0129428 0.0316572 0.264 2
-0.0107601 0.0314119 0.265455 2
-0.0601093 0.0339197 0.266 2
-0.0583204 0.034605 0.265238 2
-0.0563001 0.0347709 0.264 2
-0.0132411 0.0347017 0.26425 2
-0.0106628 0.0345818 0.265636 2
-0.057849 0.0373982 0.265562 2
-0.0555282 0.0376263 0.264125 2
-0.0158087 0.0379665 0.264 2
-0.0135581 0.0375161 0.264867 2
-0.0113083 0.0376762 0.266 2
-0.0575104 0.039699 0.266 2
-0.0555902 0.0404299 0.2651 2
-0.0536389 0.0411212 0.264 2
-0.0161261 0.0406816 0.264154 2
-0.0133675 0.0404403 0.265461 2
-0.0113083 0.0399879 0.266 2
-0.0554858 0.043463 0.26575 2
-0.0526321 0.0436674 0.264286 2
-0.0161067 0.0436203 0.2642 2
-0.0133187 0.0434228 0.2658 2
-0.0553975 0.0463713 0.265769 2
-0.0525045 0.0462841 0.264417 2
-0.0183881 0.0477174 0.264 2
-0.0161291 0.0465879 0.264222 2
-0.0137607 0.0462545 0.265667 2
-0.0554937 0.0495412 0.265828 2
-0.0528465 0.0495005 0.264333 2
-0.0188657 0.0495337 0.264 2
-0.0164073 0.0495195 0.264433 2
-0.0138572 0.0495536 0.265706 2
-0.0550453 0.0525317 0.265824 2
-0.0523768 0.0525014 0.264478 2
-0.0501998 0.0531664 0.264 2
-0.0186747 0.052306 0.264 2
-0.0164422 0.0525041 0.265 2
-0.0140997 0.052317 0.266 2
-0.054334 0.055014 0.266 2
-0.0523905 0.0553988 0.265435 2
-0.0498723 0.0555836 0.264 2
-0.021254 0.0566078 0.264 2
-0.0191523 0.0558431 0.264 2
-0.0166178 0.0553729 0.265259 2
-0.0144847 0.054725 0.266 2
-0.0522738 0.0584382 0.2658 2
-0.0495666 0.0586637 0.264615 2
-0.0476205 0.0589021 0.264 2
-0.0244065 0.0591889 0.264 2
-0.0224167 0.0586604 0.2642 2
-0.0195901 0.0587849 0.26476 2
-0.0168155 0.0584627 0.265333 2
-0.0517929 0.0611399 0.266 2
-0.0494122 0.0615654 0.264783 2
-0.0466379 0.0616471 0.264 2
-0.0434444 0.0616471 0.264 2
-0.0414196 0.0617961 0.264 2
-0.024734 0.0617291 0.264 2
-0.02245 0.061623 0.2646 2
-0.0197019 0.0616768 0.265261 2
-0.0168748 0.0613771 0.2659 2
-0.0514464 0.0645497 0.266 2
-0.049655 0.064548 0.265333 2
-0.0464885 0.0643709 0.26408 2
-0.0436082 0.0643512 0.264 2
-0.0406735 0.0645118 0.264 2
-0.0373031 0.0652115 0.264 2
-0.0344372 0.0652115 0.264 2
-0.0315713 0.064638 0.264 2
-0.0287054 0.064638 0.264 2
-0.025471 0.0644331 0.264 2
-0.0224433 0.0644779 0.26452 2
-0.0195497 0.0644845 0.265074 2
-0.0174961 0.0643433 0.266 2
-0.0492 0.0674014 0.265562 2
-0.0465809 0.067373 0.2646 2
-0.043577 0.0673052 0.264077 2
-0.0404556 0.0675058 0.264 2
-0.0373744 0.0674219 0.264071 2
-0.0345358 0.0674134 0.26476 2
-0.0316817 0.0674536 0.26492 2
-0.0286246 0.067521 0.264133 2
-0.0255461 0.0672947 0.264448 2
-0.0224852 0.0674737 0.265 2
-0.0196314 0.067556 0.26532 2
-0.0176611 0.0668614 0.266 2
-0.0488475 0.069751 0.266 2
-0.0465182 0.0704304 0.265809 2
-0.0435744 0.0704191 0.265 2
-0.0403596 0.070524 0.264714 2
-0.0373527 0.0704854 0.264909 2
-0.0345677 0.0703524 0.265 2
-0.0316909 0.0703524 0.265 2
-0.0285264 0.0705296 0.265 2
-0.0253768 0.0703954 0.26516 2
-0.0225051 0.0704169 0.26524 2
-0.0200763 0.0704355 0.265824 2
-0.0456711 0.0735075 0.266 2
-0.0431872 0.0735171 0.265172 2
-0.0403212 0.0735191 0.265 2
-0.0374444 0.0735191 0.265 2
-0.0345677 0.073519 0.265 2
-0.0316909 0.073519 0.265 2
-0.0286173 0.0734039 0.265419 2
-0.0254497 0.0734857 0.26592 2
-0.0226182 0.0734594 0.266 2
-0.0208375 0.0732186 0.266 2
-0.0454786 0.0760119 0.266 2
-0.0432236 0.0765482 0.265304 2
-0.0403212 0.0766857 0.265 2
-0.0374444 0.0766857 0.265 2
-0.0345677 0.0766857 0.265 2
-0.0316909 0.0766857 0.265 2
-0.0285921 0.0765747 0.265618 2
-0.0254577 0.0763971 0.266 2
-0.0230032 0.0766139 0.266 2
-0.0450936 0.0784198 0.266 2
-0.0432744 0.0793156 0.266 2
-0.0403104 0.0794313 0.265286 2
-0.0374444 0.0795644 0.265 2
-0.0345677 0.0795644 0.265 2
-0.0316909 0.0795644 0.265 2
-0.028443 0.0796207 0.264853 2
-0.0254539 0.0792686 0.265321 2
-0.0227276 0.0793656 0.266 2
-0.0208375 0.0801537 0.266 2
-0.0428175 0.0821764 0.266 2
-0.0404565 0.0823967 0.265621 2
-0.0374444 0.0824432 0.265 2
-0.0345677 0.0824432 0.265 2
-0.0316909 0.0824432 0.265 2
-0.0285584 0.0825712 0.265 2
-0.0253117 0.0823606 0.265148 2
-0.0225418 0.0823606 0.265667 2
-0.0196578 0.0823606 0.265667 2
-0.0172539 0.0831311 0.265667 2
-0.0488475 0.0867998 0.266 2
-0.0471149 0.0865109 0.266 2
-0.0426102 0.0858751 0.266 2
-0.0403834 0.0854508 0.2654 2
-0.0373498 0.0853774 0.264778 2
-0.0344846 0.0854039 0.264367 2
-0.0317208 0.0853508 0.264885 2
-0.0285546 0.0854087 0.265267 2
-0.02537 0.085348 0.26508 2
-0.0224852 0.085322 0.265 2
-0.0196084 0.085322 0.265 2
-0.0170504 0.085483 0.2655 2
-0.0488475 0.0879556 0.266 2
-0.0466108 0.0884881 0.265448 2
-0.0434811 0.0886045 0.265228 2
-0.0404345 0.0885999 0.265483 2
-0.0374663 0.0885423 0.265 2
-0.034485 0.0883937 0.264 2
-0.0315399 0.0882965 0.264428 2
-0.0286643 0.0885167 0.265625 2
-0.0253237 0.0884153 0.265259 2
-0.0224852 0.0884886 0.265 2
-0.0196179 0.0885331 0.265133 2
-0.0166837 0.0886669 0.266 2
-0.0141959 0.0896894 0.266 2
-0.046715 0.0915487 0.26536 2
-0.0434468 0.0915751 0.264767 2
-0.0402534 0.0915344 0.264846 2
-0.0374456 0.0914807 0.264692 2
-0.0351059 0.0911182 0.264 2
-0.0309981 0.0905924 0.264 2
-0.0284577 0.0914499 0.265 2
-0.0254035 0.091394 0.264786 2
-0.0224852 0.0916552 0.265 2
-0.0196084 0.0916552 0.265 2
-0.0164708 0.0915193 0.265444 2
-0.0136826 0.0915516 0.266 2
-0.0514464 0.0954686 0.266 2
-0.0490674 0.0950437 0.265625 2
-0.0467548 0.0946667 0.265064 2
-0.0437733 0.094534 0.265 2
-0.0408378 0.0940817 0.264 2
-0.0378763 0.0933169 0.264 2
-0.0281322 0.0933169 0.264 2
-0.0252663 0.0933169 0.264 2
-0.0224252 0.0939965 0.2643 2
-0.0195573 0.0939965 0.2643 2
-0.0164888 0.0946099 0.264647 2
-0.0134202 0.0943534 0.265615 2
-0.0115971 0.0946018 0.266 2
-0.0548083 0.097307 0.2655 2
-0.0524669 0.097695 0.26497 2
-0.0497071 0.0972607 0.264593 2
-0.0463021 0.0971812 0.264111 2
-0.0440004 0.0969839 0.264444 2
-0.0154568 0.0972309 0.264286 2
-0.0135922 0.097412 0.265355 2
-0.0115971 0.0969134 0.266 2
-0.0519193 0.0996263 0.264 2
-0.0504864 0.0996263 0.264 2
-0.0155222 0.1002 0.264 2
-0.0137199 0.100598 0.265214 2
-0.0115971 0.101537 0.266 2
-0.0128185 0.103136 0.2644 2
-0.0106306 0.103659 0.265333 2
-0.00957572 0.105293 0.266 2
0.00140253 -0.0782015 0.267 2
-4.67165e-05 -0.0761712 0.267 2
0.00171957 -0.076234 0.267615 2
-4.67165e-05 -0.0737541 0.267 2
0.00180132 -0.0733662 0.268044 2
-4.6804e-05 -0.0705003 0.2675 2
0.00138136 -0.0703189 0.26825 2
-4.68915e-05 -0.0674313 0.268 2
0.0012922 -0.0674714 0.268706 2
-4.68915e-05 -0.0645199 0.268 2
0.00174499 -0.0644773 0.268828 2
-4.68915e-05 -0.0616086 0.268 2
0.00170465 -0.0613249 0.2688 2
-4.67865e-05 -0.0585658 0.2674 2
0.00142756 -0.0585779 0.268579 2
-0.000394657 -0.0552 0.2677 2
0.00053531 -0.0555283 0.268167 2
-0.00062653 -0.0526139 0.267667 2
0.000536973 -0.0524874 0.269 2
-0.000660616 -0.0495098 0.267588 2
0.000536973 -0.0495652 0.269 2
-0.00062653 -0.0464118 0.267667 2
0.000536973 -0.046643 0.269 2
-0.00062653 -0.0435041 0.267667 2
0.000536973 -0.0437207 0.269 2
-0.000838493 -0.040683 0.267545 2
0.000536973 -0.0419674 0.269 2
-0.00120997 -0.0373156 0.268125 2
-0.00149939 -0.0345319 0.268 2
-0.00155178 -0.0314781 0.267909 2
-0.00149939 -0.0284192 0.268 2
-0.0690307 -0.0245426 0.267 2
-0.068451 -0.0245426 0.267 2
-0.00208343 -0.0255079 0.268 2
-0.0692892 -0.0225965 0.268 2
-0.068215 -0.0227309 0.268 2
-0.00208343 -0.0225965 0.268 2
-0.0692892 -0.0196852 0.268 2
-0.0683148 -0.0196562 0.2676 2
-0.0035249 -0.0190316 0.267 2
-0.0022823 -0.0195343 0.267769 2
-0.0692892 -0.0176472 0.268 2
-0.0682894 -0.0176143 0.2675 2
-0.0035249 -0.0167112 0.267 2
-0.0023369 -0.0165499 0.267706 2
-0.0681612 -0.0135207 0.267 2
-0.0035249 -0.0135207 0.267 2
-0.0024066 -0.0133704 0.267625 2
-0.0683654 -0.0103637 0.2678 2
-0.0035249 -0.0103302 0.267 2
-0.0023738 -0.0103706 0.268067 2
-0.0679028 -0.00718809 0.267286 2
-0.0035249 -0.00742968 0.267 2
-0.00237587 -0.00746679 0.268333 2
-0.0677057 -0.00448626 0.267762 2
-0.0655525 -0.00336901 0.267 2
-0.0035381 -0.00454616 0.268 2
-0.00295623 -0.00454616 0.268 2
-0.0675758 -0.0016352 0.26812 2
-0.0655525 -0.00162872 0.267 2
-0.00406508 -0.00145257 0.267385 2
-0.00295623 -0.00163482 0.268 2
-0.067063 0.00127873 0.2684 2
-0.0656016 0.00127359 0.2672 2
-0.00411164 0.00127474 0.267533 2
-0.00296285 0.00128069 0.2686 2
-0.0671291 0.00449016 0.268667 2
-0.0655192 0.0048374 0.26775 2
-0.00423679 0.00430552 0.268067 2
-0.00296726 0.00361906 0.269 2
-0.0668057 0.00755268 0.268933 2
-0.0649605 0.00757121 0.267818 2
-0.0041653 0.00777317 0.268286 2
-0.00296726 0.00800238 0.269 2
-0.0663356 0.0106324 0.269 2
-0.0649253 0.0105928 0.268 2
-0.00474386 0.0105343 0.26775 2
-0.00296726 0.0103401 0.269 2
-0.0668547 0.0136845 0.269 2
-0.0646916 0.0135925 0.267833 2
-0.00671323 0.0137439 0.267 2
-0.00499728 0.0135202 0.2683 2
-0.0669196 0.0164768 0.269 2
-0.0643023 0.0165172 0.267556 2
-0.00671324 0.0163543 0.267 2
-0.005001 0.0164462 0.2685 2
-0.0667944 0.0184806 0.269 2
-0.0642724 0.0193061 0.2677 2
-0.00671324 0.0195448 0.267 2
-0.005001 0.0193629 0.2685 2
-0.0639624 0.0223326 0.268143 2
-0.0623642 0.0230253 0.267 2
-0.00671324 0.0227353 0.267 2
-0.00511573 0.0223292 0.2684 2
-0.0643864 0.0253849 0.268444 2
-0.0623642 0.026506 0.267 2
-0.00730048 0.0256653 0.2673 2
-0.00559544 0.0258279 0.269 2
-0.0638091 0.0286655 0.2682 2
-0.0623642 0.0285363 0.267 2
-0.00731053 0.0286118 0.2677 2
-0.00559544 0.0275812 0.269 2
-0.0639994 0.0316723 0.269 2
-0.0624576 0.0314852 0.2674 2
-0.00932187 0.0314368 0.267 2
-0.00761469 0.0315781 0.2682 2
-0.0631233 0.0351789 0.269 2
-0.0617139 0.0343913 0.267667 2
-0.0597555 0.0354975 0.267 2
-0.00932187 0.0343373 0.267 2
-0.00777682 0.034305 0.268048 2
-0.0631233 0.0363478 0.269 2
-0.0613617 0.0373245 0.268353 2
-0.0594188 0.0379141 0.267222 2
-0.00991322 0.037671 0.267333 2
-0.00821271 0.0374702 0.268667 2
-0.0607135 0.0403194 0.268909 2
-0.0586127 0.0407702 0.2676 2
-0.0102159 0.0407884 0.267263 2
-0.00821271 0.0403888 0.268667 2
-0.0604221 0.0431419 0.269 2
-0.0584793 0.0435491 0.267545 2
-0.0104974 0.0435748 0.26744 2
-0.00821271 0.0433074 0.268667 2
-0.0602031 0.0462833 0.269 2
-0.0583883 0.046559 0.267579 2
-0.0125102 0.0468094 0.267 2
-0.0105105 0.0465418 0.2678 2
-0.0084183 0.0458937 0.269 2
-0.0602031 0.0494978 0.269 2
-0.0585576 0.0495129 0.267952 2
-0.0125102 0.0494198 0.267 2
-0.0104926 0.0496234 0.268462 2
-0.00880766 0.0494978 0.269 2
-0.0602031 0.0521278 0.269 2
-0.0582761 0.0525541 0.268191 2
-0.0562774 0.0529004 0.267 2
-0.0128415 0.0525689 0.267 2
-0.0105367 0.0526026 0.26844 2
-0.00880766 0.0527122 0.269 2
-0.0578476 0.0553258 0.268714 2
-0.0556577 0.0557597 0.2675 2
-0.0539586 0.056671 0.267 2
-0.0151188 0.056381 0.267 2
-0.0132993 0.055462 0.267435 2
-0.0107782 0.0555595 0.268905 2
-0.00880766 0.0547578 0.269 2
-0.057575 0.0585566 0.269 2
-0.05568 0.0584683 0.268 2
-0.0539586 0.0587013 0.267 2
-0.0151188 0.0587013 0.267 2
-0.0134227 0.0584292 0.26788 2
-0.0114358 0.0585566 0.269 2
-0.057575 0.0606022 0.269 2
-0.055533 0.0616124 0.268417 2
-0.0532759 0.0616824 0.267154 2
-0.0153504 0.0618773 0.26725 2
-0.0134442 0.06144 0.26832 2
-0.0114358 0.0603099 0.269 2
-0.0550352 0.0645153 0.268667 2
-0.0528658 0.0645828 0.267333 2
-0.0159239 0.0646312 0.267 2
-0.0134691 0.0644696 0.2688 2
-0.0545874 0.0670454 0.268667 2
-0.052354 0.0675937 0.267545 2
-0.0501905 0.068563 0.267 2
-0.0180173 0.0682729 0.267 2
-0.0161576 0.0676432 0.267636 2
-0.0138657 0.0671509 0.268933 2
-0.0543627 0.0693688 0.269 2
-0.0523286 0.0705303 0.268364 2
-0.0496471 0.0706296 0.267 2
-0.0184977 0.0706441 0.267091 2
-0.0163518 0.07063 0.26824 2
-0.014356 0.0705377 0.269 2
-0.0522609 0.0736701 0.2687 2
-0.0493628 0.0733976 0.267462 2
-0.047292 0.0734939 0.267 2
-0.0214955 0.0749441 0.267 2
-0.0192253 0.0736266 0.267107 2
-0.0163386 0.0734773 0.268 2
-0.0138369 0.073882 0.269 2
-0.0522417 0.0765608 0.2686 2
-0.0494696 0.0764483 0.2678 2
-0.0468573 0.0769019 0.267 2
-0.021882 0.0762976 0.267 2
-0.0194778 0.0766352 0.267167 2
-0.0163392 0.0763893 0.268 2
-0.0137613 0.0766167 0.2688 2
-0.0521726 0.0793774 0.269 2
-0.0494696 0.0793575 0.2678 2
-0.0465233 0.0796605 0.267 2
-0.0446834 0.0801649 0.267 2
-0.0214955 0.0790047 0.267 2
-0.0193213 0.079485 0.267069 2
-0.0163062 0.0794319 0.267467 2
-0.0135456 0.0794664 0.268304 2
-0.0117279 0.080181 0.269 2
-0.0521726 0.0827379 0.269 2
-0.0495396 0.0825428 0.267966 2
-0.046479 0.0825849 0.26732 2
-0.0442776 0.0828334 0.267 2
-0.0180173 0.0816151 0.267 2
-0.0160753 0.0822823 0.267 2
-0.0134779 0.0825058 0.268173 2
-0.0117279 0.0825187 0.269 2
-0.052248 0.0855709 0.268909 2
-0.0494776 0.0855228 0.267583 2
-0.0463597 0.0852564 0.267091 2
-0.043995 0.0853495 0.267 2
-0.0154087 0.0853858 0.267 2
-0.0134262 0.0855754 0.26796 2
-0.01125 0.0857598 0.269 2
-0.0521253 0.0880914 0.268429 2
-0.0500287 0.0885355 0.267167 2
-0.045553 0.0871261 0.267 2
-0.0443936 0.0871261 0.267 2
-0.0154087 0.0877062 0.267 2
-0.0133716 0.088473 0.267769 2
-0.0111749 0.088431 0.268875 2
-0.0517346 0.0912854 0.269 2
-0.0496436 0.0915002 0.267455 2
-0.0125774 0.0910804 0.2672 2
-0.0111062 0.091467 0.268111 2
-0.057283 0.0950842 0.269 2
-0.0553409 0.0953377 0.268412 2
-0.0523892 0.0947287 0.268167 2
-0.0500339 0.0938789 0.2674 2
-0.0122204 0.0935072 0.267 2
-0.0103592 0.0944626 0.267783 2
-0.00845724 0.0956102 0.269 2
-0.055118 0.0964076 0.267 2
-0.053089 0.0964076 0.267 2
-0.0122204 0.098728 0.267 2
-0.0102707 0.09745 0.267286 2
-0.00790934 0.0978221 0.26879 2
-0.0122204 0.100178 0.267 2
-0.0103899 0.100491 0.267539 2
-0.00762124 0.100412 0.2684 2
-0.00990158 0.102644 0.267 2
-0.00768017 0.10347 0.268286 2
-0.00487866 0.103479 0.269 2
-0.00296726 0.102682 0.269 2
-0.00747283 0.105779 0.268333 2
-0.00530342 0.10575 0.269 2
0.00259071 -0.0720408 0.27 2
0.00259071 -0.0704765 0.27 2
0.0025907 -0.0679345 0.27 2
0.0026035 -0.0582468 0.271333 2
0.00142354 -0.0555272 0.271 2
0.00201672 -0.0523853 0.2715 2
0.00186842 -0.0496348 0.271375 2
0.00142354 -0.046401 0.271 2
0.00142564 -0.0435199 0.2714 2
-4.72414e-05 -0.0403636 0.27 2
0.00113218 -0.0405629 0.271333 2
-4.73464e-05 -0.0375124 0.2706 2
0.000540167 -0.0375124 0.2706 2
-4.74864e-05 -0.034675 0.2714 2
0.000541764 -0.034675 0.2714 2
-4.74864e-05 -0.0317293 0.2714 2
0.000541764 -0.0317293 0.2714 2
-4.75039e-05 -0.0284938 0.2715 2
0.000541964 -0.0284938 0.2715 2
-0.00084665 -0.0257692 0.270182 2
0.000542962 -0.0264795 0.272 2
-0.000858943 -0.022371 0.270154 2
0.000542962 -0.0211609 0.272 2
-0.000633568 -0.019293 0.270667 2
0.000542962 -0.019388 0.272 2
-0.000633568 -0.0163527 0.270667 2
0.000542962 -0.0164332 0.272 2
-0.0694765 -0.0125457 0.271 2
-0.0688881 -0.0125457 0.271 2
-0.000633568 -0.0134123 0.270667 2
0.000542962 -0.0134784 0.272 2
-0.000780634 -0.0106126 0.2705 2
0.000542962 -0.0114101 0.272 2
-0.000931362 -0.00755082 0.2714 2
-0.0015162 -0.00459706 0.271 2
-0.0015162 -0.00165312 0.271 2
-0.0693227 0.0012884 0.2704 2
-0.0687356 0.0012884 0.2704 2
-0.00151698 0.00129173 0.2711 2
-0.0692201 0.00363252 0.27 2
-0.0686339 0.00363252 0.27 2
-0.00356451 0.00539236 0.27 2
-0.00212462 0.00431077 0.270933 2
-0.0677546 0.00861874 0.27 2
-0.00356451 0.00656559 0.27 2
-0.00217379 0.00740328 0.270923 2
-0.0677546 0.0106719 0.27 2
-0.00356451 0.0118451 0.27 2
-0.00218598 0.0108145 0.270909 2
-0.0677546 0.0124317 0.27 2
-0.00356451 0.013605 0.27 2
-0.00239727 0.0136386 0.270667 2
-0.00356451 0.016538 0.27 2
-0.00240245 0.0166197 0.271333 2
-0.0669586 0.0200825 0.270333 2
-0.00357507 0.0195297 0.2708 2
-0.00240539 0.0195868 0.2716 2
-0.0671234 0.0224882 0.271 2
-0.0654097 0.0226975 0.27 2
-0.00382517 0.0227987 0.270714 2
-0.00298933 0.0224872 0.271 2
-0.0667554 0.0252828 0.2715 2
-0.0654097 0.0265105 0.27 2
-0.00391479 0.0254837 0.270895 2
-0.00298933 0.0242535 0.271 2
-0.0666324 0.028923 0.272 2
-0.0653771 0.02814 0.27 2
-0.00457579 0.0283742 0.271 2
-0.0668223 0.031519 0.272 2
-0.0653578 0.031319 0.271 2
-0.00505065 0.0313428 0.2712 2
-0.0664848 0.0343893 0.272 2
-0.0648157 0.0344447 0.271 2
-0.00678866 0.035603 0.27 2
-0.00505689 0.0343261 0.2715 2
-0.0664848 0.0361622 0.272 2
-0.0647067 0.0373813 0.271556 2
-0.0627718 0.0382428 0.27 2
-0.00678866 0.0376562 0.27 2
-0.00520453 0.0370544 0.2715 2
-0.0638031 0.040509 0.271714 2
-0.062067 0.0407704 0.270333 2
-0.00678866 0.0405892 0.27 2
-0.00565785 0.0402989 0.272 2
-0.0636143 0.0431267 0.271545 2
-0.0618419 0.0437361 0.270417 2
-0.00678867 0.0435223 0.27 2
-0.00565785 0.0432537 0.272 2
-0.0637937 0.0465403 0.271706 2
-0.0616762 0.0465128 0.270333 2
-0.00723775 0.0467407 0.270375 2
-0.00565784 0.046504 0.272 2
-0.0632368 0.0497543 0.272 2
-0.0617529 0.0495104 0.270667 2
-0.00738745 0.0494799 0.2705 2
-0.00565785 0.0497543 0.272 2
-0.0632368 0.0524136 0.272 2
-0.0617261 0.0525282 0.271067 2
-0.0598407 0.0534948 0.27 2
-0.00738745 0.0524184 0.2705 2
-0.00565785 0.0527091 0.272 2
-0.0611681 0.0556243 0.271294 2
-0.0593382 0.055506 0.27 2
-0.00942661 0.0558412 0.27 2
-0.00752718 0.0554844 0.270727 2
-0.00565785 0.055073 0.272 2
-0.0607577 0.0582115 0.271286 2
-0.0589614 0.058481 0.27 2
-0.0100128 0.0585788 0.27 2
-0.00769989 0.0584463 0.2712 2
-0.0605348 0.0615291 0.2718 2
-0.0585837 0.0619211 0.270571 2
-0.0105302 0.0617311 0.270217 2
-0.00830442 0.0614981 0.271667 2
-0.0605793 0.0636419 0.272 2
-0.0587058 0.0644756 0.271222 2
-0.0566166 0.0649338 0.27 2
-0.0106454 0.0645454 0.270565 2
-0.00830442 0.0644492 0.271667 2
-0.0582511 0.0672771 0.271588 2
-0.0558756 0.0676313 0.270231 2
-0.0127485 0.0679646 0.27 2
-0.0106283 0.06742 0.2708 2
-0.00851219 0.0670892 0.272 2
-0.0578515 0.0703516 0.271667 2
-0.0556683 0.0706011 0.270611 2
-0.0539786 0.0710932 0.27 2
-0.0129439 0.0705066 0.27 2
-0.0106198 0.0705568 0.271111 2
-0.00890589 0.0704379 0.272 2
-0.0578144 0.0732853 0.272 2
-0.0556511 0.073564 0.271 2
-0.0539786 0.0734397 0.27 2
-0.0127485 0.0730486 0.27 2
-0.0106715 0.0735399 0.271217 2
-0.00890589 0.0733927 0.272 2
-0.0578144 0.0760252 0.272 2
-0.0556511 0.0765079 0.271 2
-0.0539786 0.0763727 0.27 2
-0.0123577 0.0763727 0.27 2
-0.0109494 0.0764872 0.27145 2
-0.0573312 0.0793023 0.272 2
-0.0556511 0.0794518 0.271 2
-0.0537274 0.079641 0.27 2
-0.0123577 0.0787192 0.27 2
-0.0107244 0.0794022 0.271095 2
-0.00890589 0.0804842 0.272 2
-0.0578191 0.0827601 0.271714 2
-0.0556166 0.0826386 0.270833 2
-0.053539 0.0820922 0.27 2
-0.0103826 0.0824721 0.270952 2
-0.00890589 0.0822571 0.272 2
-0.0581717 0.0853122 0.2711 2
-0.0555964 0.085627 0.270091 2
-0.0539786 0.0857586 0.27 2
-0.0100306 0.0852954 0.2705 2
-0.0080826 0.0859629 0.271526 2
-0.0580458 0.0884975 0.2712 2
-0.0555603 0.0886026 0.270722 2
-0.0534761 0.0889431 0.27 2
-0.00976779 0.0887068 0.270444 2
-0.00766274 0.0886713 0.271583 2
-0.00526414 0.0892501 0.272 2
-0.0578233 0.0915155 0.272 2
-0.0553888 0.0915341 0.271269 2
-0.0531792 0.0917314 0.27 2
-0.00973716 0.0915 0.2705 2
-0.00771588 0.0916177 0.27172 2
-0.00447674 0.0917125 0.272 2
-0.0574417 0.0937122 0.270667 2
-0.0557412 0.0939204 0.270353 2
-0.0536269 0.0937366 0.27 2
-0.00943825 0.0934992 0.270333 2
-0.00760281 0.0944158 0.270679 2
-0.00453734 0.0945372 0.271312 2
-0.00211453 0.0958492 0.272 2
-0.00678867 0.0971976 0.27 2
-0.00437461 0.0973726 0.271071 2
-0.00211453 0.0970311 0.272 2
-0.0045467 0.100474 0.271118 2
-0.00223728 0.10088 0.271571 2
-0.00473693 0.102184 0.27 2
-0.0029783 0.102184 0.27 2
0.00262909 -0.0573325 0.274 2
0.00261949 -0.0553438 0.273 2
0.00380494 -0.0526747 0.273 2
0.00261949 -0.0488193 0.273 2
0.00381191 -0.0495013 0.2735 2
0.00262269 -0.0465021 0.273333 2
0.00381888 -0.0463193 0.274 2
0.00262909 -0.0436404 0.274 2
0.00383281 -0.0437001 0.275 2
0.00245015 -0.0403037 0.273 2
0.00383282 -0.0405135 0.275 2
0.00203253 -0.037334 0.2736 2
0.00383282 -0.0375262 0.275 2
0.00203794 -0.0344502 0.2743 2
0.00383281 -0.0345388 0.275 2
0.00203794 -0.0314718 0.2743 2
0.00383282 -0.0321489 0.275 2
0.00178198 -0.0287459 0.274286 2
-4.77663e-05 -0.0250941 0.273 2
0.00118677 -0.0254248 0.274286 2
-4.77663e-05 -0.0227215 0.273 2
0.00118752 -0.022627 0.274429 2
0.00144035 -0.0195457 0.2742 2
0.0014393 -0.0165541 0.274 2
0.0014414 -0.013596 0.2744 2
-4.77663e-05 -0.00996917 0.273 2
0.00119921 -0.0106741 0.274455 2
-4.78363e-05 -0.00760647 0.2734 2
0.000545756 -0.00760647 0.2734 2
-4.79413e-05 -0.00464794 0.274 2
0.000546954 -0.00464794 0.274 2
-4.79413e-05 -0.00167142 0.274 2
0.000546954 -0.00167142 0.274 2
-4.79413e-05 0.00130511 0.274 2
0.000546954 0.00130511 0.274 2
-0.000595016 0.00445967 0.273692 2
0.000548551 0.00429501 0.2748 2
-0.000640606 0.00724933 0.273667 2
0.00054895 0.00728465 0.275 2
-0.000675458 0.0104286 0.273588 2
0.00054895 0.010272 0.275 2
-0.000640606 0.0135906 0.273667 2
0.00054895 0.0132594 0.275 2
-0.000640606 0.0165635 0.273667 2
0.00054895 0.0162468 0.275 2
-0.000684888 0.0195145 0.274143 2
0.00054895 0.0189355 0.275 2
-0.00159772 0.0225764 0.273667 2
-0.0683901 0.0259174 0.274778 2
-0.00153612 0.0254518 0.2744 2
-0.067808 0.0285517 0.273167 2
-0.00330775 0.0291776 0.273 2
-0.00193624 0.0284613 0.274667 2
-0.0679147 0.0306604 0.273 2
-0.00331744 0.0316434 0.2738 2
-0.00213785 0.0311838 0.275 2
-0.00331744 0.034616 0.2738 2
-0.00213785 0.0347686 0.275 2
-0.0667292 0.037778 0.273 2
-0.00365337 0.0378147 0.273571 2
-0.00213785 0.037756 0.275 2
-0.0668745 0.040463 0.274 2
-0.0655374 0.0403322 0.273111 2
-0.00390896 0.0405515 0.2737 2
-0.00213785 0.0401459 0.275 2
-0.0661778 0.0436367 0.2744 2
-0.0650382 0.0439326 0.273778 2
-0.00391259 0.0435718 0.274 2
-0.0660813 0.0471436 0.274 2
-0.0655192 0.046198 0.273429 2
-0.00391259 0.0465483 0.274 2
-0.0662421 0.0498459 0.274667 2
-0.0647952 0.0497636 0.273818 2
-0.00390896 0.04947 0.2737 2
-0.0668736 0.0528768 0.275 2
-0.0649083 0.0525133 0.274067 2
-0.00390896 0.0524446 0.2737 2
-0.0663225 0.0547841 0.275 2
-0.0644162 0.0554904 0.274222 2
-0.0628765 0.0549789 0.273 2
-0.00436136 0.0554274 0.274125 2
-0.0636418 0.0582908 0.274167 2
-0.0619875 0.0591308 0.273 2
-0.0050958 0.0583695 0.2736 2
-0.0636357 0.0616552 0.275 2
-0.0619875 0.0615033 0.273 2
-0.00686409 0.0617999 0.273 2
-0.0051107 0.0615211 0.2744 2
-0.0636357 0.0643438 0.275 2
-0.0615443 0.0649184 0.273286 2
-0.00686409 0.0647655 0.273 2
-0.00511278 0.064525 0.2745 2
-0.0617371 0.0675717 0.274222 2
-0.0596166 0.0683243 0.273 2
-0.00720926 0.067967 0.2735 2
-0.00540924 0.0670655 0.2744 2
-0.0614296 0.0701778 0.274286 2
-0.0596166 0.0706969 0.273 2
-0.00717927 0.0705464 0.2738 2
-0.00542172 0.0706173 0.275 2
-0.0611138 0.0734454 0.2744 2
-0.0592779 0.0737473 0.273 2
-0.0073398 0.0734526 0.273727 2
-0.00542172 0.0727085 0.275 2
-0.0609438 0.0765717 0.27475 2
-0.0590633 0.0768536 0.273333 2
-0.00953135 0.0766282 0.273 2
-0.00775953 0.0766066 0.274217 2
-0.0605406 0.0794348 0.2745 2
-0.0587999 0.0794926 0.273333 2
-0.00953135 0.0792973 0.273 2
-0.00762522 0.0794608 0.273786 2
-0.00542172 0.0804757 0.275 2
-0.0606142 0.0821911 0.2745 2
-0.0591244 0.0820472 0.273091 2
-0.00717927 0.0824438 0.2738 2
-0.00542172 0.0825669 0.275 2
-0.00700273 0.0849757 0.273706 2
-0.00475986 0.0859745 0.274619 2
-0.00413344 0.0881117 0.273385 2
-0.00179445 0.0887048 0.274714 2
-0.00330775 0.0902703 0.273 2
-0.00159082 0.0915098 0.274455 2
-0.00130684 0.0946541 0.27388 2
0.00114324 0.0954786 0.274333 2
-0.00081484 0.097569 0.273118 2
0.00109401 0.0973685 0.273462 2
-0.0011015 0.0995628 0.273 2
0.000544958 0.0991672 0.273 2
0.00386069 -0.0435164 0.277 2
0.00384675 -0.0307667 0.276 2
0.00264828 -0.0280682 0.276 2
0.00384954 -0.0286878 0.2762 2
0.00265596 -0.0257432 0.2768 2
0.0038607 -0.0257627 0.277 2
0.00265596 -0.022738 0.2768 2
0.00386069 -0.0227535 0.277 2
0.00264828 -0.0196731 0.276 2
0.00384954 -0.0196883 0.2762 2
0.00264828 -0.0166749 0.276 2
0.00384675 -0.0166749 0.276 2
0.00265596 -0.0137154 0.2768 2
0.00385791 -0.0137154 0.2768 2
0.00246133 -0.010529 0.277333 2
0.00387463 -0.0107558 0.278 2
0.0020548 -0.00769725 0.2766 2
0.00387463 -0.00773578 0.278 2
0.00205384 -0.00469035 0.2765 2
0.00386069 -0.00469883 0.277 2
0.00205384 -0.00168667 0.2765 2
0.00386069 -0.00168972 0.277 2
0.0020548 0.00131793 0.2766 2
0.00387463 0.00132416 0.278 2
0.00206074 0.0043352 0.2774 2
0.00387463 0.00374015 0.278 2
0.00206126 0.00735088 0.2775 2
0.00190971 0.0104363 0.277375 2
0.00199274 0.0132321 0.277222 2
0.00145506 0.016365 0.277 2
-4.82912e-05 0.0205035 0.276 2
0.00137286 0.0194768 0.276909 2
-4.82912e-05 0.0223024 0.276 2
0.00115649 0.0224 0.2772 2
-4.84662e-05 0.0253923 0.277 2
0.000552943 0.0253923 0.277 2
-0.000601556 0.0285548 0.276692 2
0.00055454 0.0284844 0.2778 2
-0.00099245 0.0314525 0.277 2
0.000554939 0.030618 0.278 2
-0.00099147 0.0343413 0.276714 2
0.000554939 0.0354499 0.278 2
-0.000647647 0.0373838 0.276667 2
0.000554939 0.0375639 0.278 2
-0.000873617 0.0404949 0.276875 2
0.000554939 0.0402819 0.278 2
-0.0675603 0.0433534 0.2764 2
-0.00154947 0.0434318 0.2769 2
-0.0674625 0.0456888 0.276 2
-0.00154982 0.0464562 0.277 2
-0.0672378 0.0498114 0.276 2
-0.0659644 0.0495865 0.276 2
-0.00154982 0.0494652 0.277 2
-0.0674625 0.0513855 0.276 2
-0.00154982 0.0524744 0.277 2
-0.0674783 0.055864 0.2768 2
-0.0659644 0.0561827 0.276 2
-0.0033441 0.0561827 0.276 2
-0.00170265 0.0553076 0.27725 2
-0.067174 0.0584762 0.277555 2
-0.0651442 0.0589529 0.276333 2
-0.0033441 0.0582814 0.276 2
-0.00215339 0.0584926 0.277 2
-0.0667442 0.0605158 0.278 2
-0.0653013 0.0615017 0.277 2
-0.0033441 0.0612797 0.276 2
-0.00181071 0.0616515 0.277286 2
-0.067046 0.0656497 0.278 2
-0.0653013 0.0645109 0.277 2
-0.0033441 0.064278 0.276 2
-0.0021565 0.0646053 0.2774 2
-0.0664424 0.0677637 0.278 2
-0.0646078 0.0674229 0.2766 2
-0.0038011 0.0676534 0.276625 2
-0.00216117 0.0674617 0.278 2
-0.0664424 0.0695757 0.278 2
-0.0645336 0.0705178 0.27725 2
-0.0626686 0.071174 0.276 2
-0.00395467 0.0705047 0.2769 2
-0.0637978 0.0732373 0.277 2
-0.0626686 0.0732727 0.276 2
-0.00604067 0.0741722 0.276 2
-0.00417099 0.073587 0.2773 2
-0.0637694 0.0760471 0.278 2
-0.0624594 0.0763828 0.2764 2
-0.00604067 0.076271 0.276 2
-0.00467848 0.0762854 0.276824 2
-0.0637263 0.0798436 0.278 2
-0.0622943 0.0795564 0.277 2
-0.00604067 0.0789694 0.276 2
-0.00437666 0.079496 0.277 2
-0.0635735 0.0814591 0.277333 2
-0.0621818 0.082115 0.2765 2
-0.00389767 0.0823191 0.276727 2
-0.00216117 0.0828636 0.278 2
-0.00374763 0.0848679 0.276333 2
-0.00147797 0.0855768 0.277417 2
0.000554939 0.0861856 0.278 2
-0.000760392 0.0880297 0.276562 2
0.00130734 0.0883944 0.27745 2
-4.82912e-05 0.0912622 0.276 2
0.00115369 0.0914827 0.276667 2
-4.82912e-05 0.0939607 0.276 2
0.00115018 0.0939607 0.276 2
0.00390251 -0.0412502 0.28 2
0.00388857 0.00526902 0.279 2
0.00388856 0.00739061 0.279 2
0.00267706 0.0101184 0.279 2
0.00389414 0.0104377 0.2794 2
0.00267706 0.0146646 0.279 2
0.00267706 0.0164831 0.279 2
0.00430314 0.0166228 0.279667 2
0.00267898 0.0195288 0.2792 2
0.00436356 0.0198317 0.28025 2
0.00268666 0.0226256 0.28 2
0.00422149 0.0219433 0.281 2
0.00177411 0.0256368 0.279667 2
0.0030013 0.025759 0.281 2
0.00168079 0.0285455 0.279769 2
0.0030013 0.0282011 0.281 2
-4.88161e-05 0.0322435 0.279 2
0.00122157 0.0316639 0.279727 2
-4.88161e-05 0.034062 0.279 2
0.00126153 0.0341925 0.280077 2
0.00146994 0.0375068 0.279833 2
-4.88161e-05 0.0419422 0.279 2
0.00136927 0.040724 0.279889 2
-4.88598e-05 0.0434974 0.27925 2
0.00116985 0.0432716 0.280417 2
-0.0684402 0.0475676 0.28 2
-4.89911e-05 0.0463509 0.28 2
0.000558931 0.0463509 0.28 2
-0.0684402 0.0487843 0.28 2
-4.89561e-05 0.0493565 0.2798 2
0.000820684 0.0497661 0.280143 2
-4.88161e-05 0.0522471 0.279 2
0.00116969 0.0524968 0.280333 2
-0.000308499 0.0557102 0.279429 2
0.000966103 0.0551138 0.280222 2
-0.000654626 0.0583784 0.279333 2
0.000558931 0.0585178 0.28 2
-0.0678332 0.0616502 0.279375 2
-0.000544511 0.0611089 0.279455 2
0.000558931 0.0615595 0.28 2
-0.067348 0.0641245 0.27925 2
-0.000697936 0.0644151 0.279571 2
0.000560927 0.0645266 0.281 2
-0.000808353 0.0673892 0.28 2
0.000560927 0.0663581 0.281 2
-0.0663785 0.0710383 0.279 2
-0.00163241 0.0704374 0.279556 2
-0.0665689 0.0736745 0.2798 2
-0.0651671 0.0737661 0.279 2
-0.00156896 0.0735007 0.2803 2
-0.0666759 0.0765329 0.28025 2
-0.0650819 0.0768341 0.2795 2
-0.00338044 0.0767969 0.279 2
-0.00157051 0.0765998 0.2805 2
-0.0667592 0.0793698 0.2806 2
-0.0649544 0.0794271 0.279571 2
-0.00338045 0.0786154 0.279 2
-0.00142946 0.0795851 0.280091 2
0.00129304 0.0805831 0.281 2
0.0030013 0.0807052 0.281 2
-0.0651671 0.0813432 0.279 2
-0.000930893 0.0823017 0.279545 2
0.00155779 0.0826156 0.28028 2
0.0030013 0.0819263 0.281 2
-0.000412267 0.0847377 0.279 2
0.00193958 0.0854164 0.27916 2
0.00267706 0.0877079 0.279 2
0.00394153 0.0136329 0.2828 2
0.00393038 0.015435 0.282 2
0.00484878 0.0229404 0.282 2
0.00454265 0.025238 0.282 2
0.00239972 0.0295268 0.282 2
0.00448244 0.0284368 0.282762 2
0.00239972 0.0313649 0.282 2
0.00425525 0.0314898 0.28312 2
0.00239972 0.0344283 0.282 2
0.00425525 0.0345647 0.28312 2
0.00239972 0.0374917 0.282 2
0.0042494 0.0375981 0.2828 2
0.00239972 0.0405552 0.282 2
0.00419876 0.0404988 0.283238 2
0.00209926 0.0439252 0.282667 2
0.00385192 0.0428483 0.283667 2
0.00179199 0.0465653 0.282533 2
0.00302907 0.046332 0.2836 2
0.0018411 0.0494553 0.282769 2
0.00303334 0.0494812 0.284 2
0.00240823 0.0523813 0.283 2
0.00302266 0.0523813 0.283 2
0.00199816 0.0558212 0.282778 2
0.00302693 0.0555353 0.2834 2
0.0016988 0.0583408 0.282769 2
0.00303334 0.0581197 0.284 2
0.00148657 0.0616042 0.283 2
0.00148657 0.0646785 0.283 2
-4.9341e-05 0.068126 0.282 2
0.00123467 0.067631 0.282727 2
-4.9341e-05 0.0705768 0.282 2
0.00118219 0.0704991 0.283333 2
-4.9341e-05 0.0736402 0.282 2
0.00118219 0.073577 0.283333 2
-4.9341e-05 0.0767037 0.282 2
0.0013262 0.0766968 0.283176 2
0.00303334 0.0775562 0.284 2
-4.9341e-05 0.0791544 0.282 2
0.00158548 0.0792469 0.282333 2
0.00343492 0.0790542 0.283111 2
0.00520975 0.013432 0.285 2
0.00479723 0.0439794 0.285 2
0.00460063 0.0466588 0.2856 2
0.00459785 0.0497241 0.2854 2
0.00459097 0.0527515 0.285 2
0.00459325 0.0555627 0.285125 2
0.00242525 0.0595627 0.285 2
0.00446284 0.058497 0.286158 2
0.00242525 0.0614203 0.285 2
0.0035655 0.0613153 0.286091 2
0.00242525 0.0645164 0.285 2
0.00304402 0.0645164 0.285 2
0.00243163 0.0674807 0.28575 2
0.00305204 0.0674807 0.28575 2
0.0024295 0.0705207 0.2855 2
0.00328704 0.0708475 0.285875 2
0.00243376 0.0737527 0.286 2
0.00406693 0.0739186 0.286778 2
0.00649255 0.0746341 0.287 2
0.00242525 0.0759716 0.285 2
0.00434461 0.0764066 0.285667 2
0.00459097 0.0781389 0.285 2
0.00526458 0.0154506 0.288 2
0.00653779 0.0597708 0.289 2
0.0050653 0.0617575 0.2885 2
0.00653779 0.0616545 0.289 2
0.00457794 0.0645299 0.288444 2
0.00655476 0.0646482 0.28975 2
0.00465575 0.0675955 0.2889 2
0.00656042 0.0675384 0.29 2
0.00472299 0.0705292 0.288778 2
0.00655589 0.0706391 0.2898 2
0.00527373 0.0731427 0.2885 2
0.00652648 0.0731427 0.2885 2
