-0.0237138 -0.0517967 0.245 2
-0.0271714 -0.0496675 0.245 2
-0.0256723 -0.0492804 0.245 2
-0.0228955 -0.0493195 0.245 2
-0.0205222 -0.0483368 0.245 2
-0.0271714 -0.0478045 0.245 2
-0.0254119 -0.0473131 0.245 2
-0.0229539 -0.0473482 0.245 2
-0.0205222 -0.0478045 0.245 2
-0.0289916 -0.0513738 0.247667 2
-0.0222436 -0.0523608 0.2464 2
-0.0194766 -0.0524298 0.247308 2
-0.0165479 -0.05222 0.247737 2
-0.0132738 -0.0518922 0.248 2
-0.0116199 -0.0516228 0.248 2
-0.0361192 -0.0494675 0.248 2
-0.0344271 -0.049356 0.24744 2
-0.0314919 -0.0493447 0.247 2
-0.0285709 -0.0495071 0.246111 2
-0.0220303 -0.0504938 0.246 2
-0.0194612 -0.0497336 0.246552 2
-0.0163996 -0.0495364 0.247 2
-0.0135185 -0.0494831 0.247214 2
-0.0116199 -0.0494675 0.248 2
-0.0361192 -0.0473122 0.248 2
-0.034293 -0.0467635 0.247826 2
-0.0314672 -0.0465648 0.246897 2
-0.0285521 -0.0467256 0.246156 2
-0.0255775 -0.0460506 0.2463 2
-0.0223308 -0.0461915 0.246263 2
-0.0195109 -0.0465463 0.246806 2
-0.0165962 -0.0466303 0.247533 2
-0.0136991 -0.0471535 0.247875 2
-0.0336962 -0.0443487 0.248 2
-0.0315006 -0.0440191 0.247667 2
-0.0285119 -0.0439714 0.2474 2
-0.0255297 -0.0439458 0.247548 2
-0.0224697 -0.0436547 0.247546 2
-0.0199155 -0.0442019 0.247737 2
-0.0178121 -0.0443487 0.248 2
-0.0242734 -0.0419241 0.248 2
-0.0223889 -0.0419241 0.248 2
-0.00712838 -0.0548376 0.251 2
-0.00467607 -0.0544286 0.251 2
-0.0409158 -0.0511565 0.251 2
-0.0152418 -0.0531254 0.25 2
-0.014699 -0.0531254 0.25 2
-0.010191 -0.0523574 0.249474 2
-0.00732087 -0.0526112 0.250625 2
-0.00467607 -0.0525199 0.251 2
-0.0422783 -0.0497932 0.251 2
-0.0402781 -0.0495747 0.25028 2
-0.037744 -0.0493444 0.249154 2
-0.0101936 -0.0494137 0.249615 2
-0.00753745 -0.0498302 0.250733 2
-0.00467607 -0.0503386 0.251 2
-0.042142 -0.0467939 0.251 2
-0.040346 -0.0463231 0.250357 2
-0.0376852 -0.0463955 0.249519 2
-0.0352609 -0.0457254 0.249 2
-0.0157214 -0.0456095 0.249 2
-0.0132071 -0.0458275 0.249588 2
-0.0108384 -0.0467572 0.250481 2
-0.00849078 -0.0478845 0.251 2
-0.0400984 -0.0446125 0.251 2
-0.0373805 -0.0437893 0.250583 2
-0.0346938 -0.0432754 0.249357 2
-0.0313993 -0.0423636 0.249 2
-0.0284259 -0.0423636 0.249 2
-0.0257228 -0.0423636 0.249 2
-0.0193123 -0.0427906 0.249125 2
-0.0164946 -0.0434933 0.249647 2
-0.0136521 -0.0436797 0.250724 2
-0.0114881 -0.0446125 0.251 2
-0.036647 -0.0412497 0.251 2
-0.0343037 -0.040435 0.250467 2
-0.0315675 -0.0404135 0.250333 2
-0.0285152 -0.0403242 0.249778 2
-0.0255142 -0.0402951 0.2496 2
-0.0225188 -0.0402699 0.249444 2
-0.0194188 -0.0403521 0.250353 2
-0.0164818 -0.0405596 0.250812 2
-0.013767 -0.0409191 0.251 2
-0.0309249 -0.0381594 0.251 2
-0.0283181 -0.0375432 0.250833 2
-0.0254453 -0.0374102 0.250643 2
-0.0224943 -0.0375612 0.250852 2
-0.0199349 -0.0383412 0.251 2
-0.0281093 -0.0358872 0.251 2
-0.0253845 -0.0358872 0.251 2
-0.0223872 -0.0358872 0.251 2
-0.000868219 -0.057061 0.253 2
-0.0283882 -0.0546953 0.2535 2
-0.00974859 -0.0546791 0.253 2
-0.00332687 -0.0543716 0.252 2
-0.00151241 -0.0553368 0.25256 2
0.00050703 -0.0545272 0.254 2
-0.0469022 -0.0519072 0.2536 2
-0.0434358 -0.0514262 0.253 2
-0.0394515 -0.0522925 0.2528 2
-0.0386475 -0.0525957 0.254 2
-0.0312027 -0.0525957 0.254 2
-0.0281239 -0.0533942 0.2536 2
-0.0265151 -0.0525957 0.254 2
-0.00332687 -0.0524554 0.252 2
-0.00150228 -0.0525343 0.253125 2
0.00050703 -0.0534235 0.254 2
-0.0463216 -0.0494256 0.252826 2
-0.0438466 -0.0494501 0.252185 2
-0.00688321 -0.048349 0.252 2
-0.00432705 -0.0491161 0.252364 2
-0.00212201 -0.0496653 0.253444 2
-0.0458313 -0.0470104 0.253643 2
-0.0437368 -0.0464141 0.25265 2
-0.00989244 -0.0457484 0.252 2
-0.00744688 -0.0465426 0.2526 2
-0.00461697 -0.0465244 0.253538 2
-0.0028018 -0.0476291 0.254 2
-0.0452652 -0.044318 0.254 2
-0.0432832 -0.0437323 0.25324 2
-0.0406612 -0.0433015 0.252538 2
-0.0386167 -0.0426002 0.252 2
-0.012081 -0.0431478 0.252 2
-0.010415 -0.0434334 0.252345 2
-0.00746845 -0.0436507 0.253333 2
-0.00528343 -0.0434902 0.254 2
-0.0430593 -0.0418346 0.254 2
-0.0402134 -0.0406889 0.253739 2
-0.0376171 -0.0402023 0.252222 2
-0.0129227 -0.0399048 0.252 2
-0.0104548 -0.0404744 0.2524 2
-0.00771842 -0.0406961 0.253786 2
-0.00528343 -0.0418346 0.254 2
-0.0393672 -0.0378645 0.25375 2
-0.0374176 -0.0375657 0.253133 2
-0.0345688 -0.0374571 0.2524 2
-0.031732 -0.0369427 0.252 2
-0.0295891 -0.036304 0.252 2
-0.0193109 -0.0370861 0.252 2
-0.0164621 -0.0374086 0.252067 2
-0.0134706 -0.0374592 0.252417 2
-0.0106184 -0.0377552 0.253269 2
-0.00859226 -0.0385235 0.254 2
-0.037085 -0.0351204 0.254 2
-0.0344892 -0.0343769 0.253353 2
-0.0312756 -0.0344357 0.25236 2
-0.0284996 -0.0343929 0.25204 2
-0.0254856 -0.0343876 0.252 2
-0.0224764 -0.0343876 0.252 2
-0.0194872 -0.0344232 0.252267 2
-0.0165383 -0.0342798 0.253233 2
-0.0136847 -0.0346268 0.253759 2
-0.0112945 -0.0354332 0.254 2
-0.0337049 -0.0319616 0.253857 2
-0.0313443 -0.0316467 0.253393 2
-0.0285221 -0.0314496 0.253156 2
-0.0254938 -0.0315497 0.252882 2
-0.0224815 -0.031457 0.253219 2
-0.0195037 -0.0316302 0.253529 2
-0.016913 -0.0316091 0.254 2
-0.0149342 -0.0324531 0.254 2
-0.0312027 -0.0296939 0.254 2
-0.0281695 -0.029142 0.254 2
-0.0256485 -0.0291026 0.254 2
-0.0223791 -0.0294179 0.254 2
-0.0198974 -0.0294179 0.254 2
0.00209398 -0.0580562 0.257 2
-0.0454434 -0.0541879 0.255 2
-0.0448897 -0.0541879 0.255 2
-0.030495 -0.0547419 0.255 2
-0.0285573 -0.0547419 0.255 2
-0.0260659 -0.0547419 0.255 2
-0.0158855 -0.0557909 0.256 2
-0.0142181 -0.0555128 0.256 2
-4.46169e-05 -0.05585 0.255 2
0.00178181 -0.0554892 0.2562 2
-0.0493862 -0.0517705 0.2562 2
-0.0454434 -0.0530798 0.255 2
-0.0440685 -0.0531043 0.256091 2
-0.0409898 -0.0531026 0.256 2
-0.030495 -0.0536339 0.255 2
-0.0285573 -0.0536339 0.255 2
-0.0259077 -0.053159 0.255 2
-4.46169e-05 -0.0519718 0.255 2
0.00154571 -0.0525232 0.256143 2
-0.0491685 -0.0495282 0.255909 2
-0.000721731 -0.0492559 0.255444 2
0.000990436 -0.0497828 0.256571 2
-0.0487736 -0.0469822 0.2565 2
-0.0470356 -0.0462912 0.255375 2
-0.00336648 -0.0461545 0.255 2
-0.00135141 -0.0464748 0.256032 2
0.000513019 -0.0467957 0.257 2
-0.0480317 -0.0440039 0.257 2
-0.0465482 -0.0436439 0.256143 2
-0.0447513 -0.0429689 0.255 2
-0.00388882 -0.0435995 0.25525 2
-0.0019219 -0.0436799 0.256333 2
-0.0458407 -0.0408502 0.2566 2
-0.0434329 -0.0405529 0.255593 2
-0.041291 -0.0397832 0.255 2
-0.00669463 -0.0396832 0.25525 2
-0.00446481 -0.040577 0.255741 2
-0.00246046 -0.04099 0.256778 2
-0.0452418 -0.0389785 0.257 2
-0.0431336 -0.0378734 0.256684 2
-0.0408904 -0.0372558 0.255636 2
-0.00973338 -0.0367361 0.255 2
-0.00747173 -0.0373022 0.255647 2
-0.00472574 -0.0375904 0.25668 2
-0.0028349 -0.0389785 0.257 2
-0.0427309 -0.0356283 0.257 2
-0.0406393 -0.0344921 0.256385 2
-0.0380169 -0.0340421 0.255111 2
-0.0130157 -0.0333724 0.255 2
-0.0104214 -0.0343516 0.25532 2
-0.00755864 -0.0344307 0.2564 2
-0.00534584 -0.0347908 0.257 2
-0.0397196 -0.031582 0.256857 2
-0.037438 -0.0315204 0.255862 2
-0.0348071 -0.0310558 0.255077 2
-0.0324327 -0.0303648 0.255 2
-0.0159619 -0.0309188 0.255 2
-0.0135895 -0.0315019 0.255552 2
-0.0105762 -0.0313944 0.256241 2
-0.00813238 -0.0318186 0.2569 2
-0.0367314 -0.0292005 0.256727 2
-0.034514 -0.0286216 0.256345 2
-0.0315925 -0.0283321 0.255667 2
-0.0286623 -0.027822 0.255111 2
-0.0253046 -0.0277332 0.255 2
-0.0224822 -0.0278895 0.255167 2
-0.0192837 -0.0281487 0.255 2
-0.0164042 -0.0284748 0.255444 2
-0.0134118 -0.0285952 0.256533 2
-0.0108454 -0.0285874 0.256909 2
-0.00869375 -0.0294862 0.257 2
-0.0338031 -0.0264152 0.257 2
-0.0314516 -0.0256789 0.256778 2
-0.0284055 -0.0254886 0.25612 2
-0.0254536 -0.0254383 0.256214 2
-0.0224431 -0.0255867 0.256481 2
-0.0195135 -0.0254971 0.2562 2
-0.0165663 -0.025628 0.256714 2
-0.0136758 -0.0260961 0.257 2
-0.0117627 -0.0264152 0.257 2
-0.0307342 -0.0239025 0.257 2
-0.0285022 -0.0239025 0.257 2
-0.0254333 -0.0233442 0.257 2
-0.0223644 -0.0233442 0.257 2
-0.0195745 -0.0233442 0.257 2
-0.0170635 -0.0239025 0.257 2
-0.0129447 -0.0571413 0.258333 2
-0.0102235 -0.0576264 0.259 2
-0.00848024 -0.0572888 0.259 2
0.00489763 -0.0581031 0.259538 2
0.006164 -0.0586397 0.26 2
-0.0516971 -0.0541206 0.26 2
-0.0429409 -0.0551093 0.259714 2
-0.0405256 -0.0550878 0.259231 2
-0.0379767 -0.0547139 0.2596 2
-0.0340804 -0.0552701 0.259714 2
-0.0320161 -0.0551769 0.258333 2
-0.0129447 -0.0560187 0.258333 2
-0.0107296 -0.0562932 0.259 2
-0.00848024 -0.0564447 0.259 2
0.00449617 -0.0555024 0.258846 2
0.006164 -0.0555329 0.26 2
-0.0515381 -0.0522655 0.2592 2
-0.0501792 -0.053424 0.258 2
-0.0426652 -0.0535557 0.26 2
-0.037469 -0.0536161 0.2592 2
-0.0341704 -0.0536123 0.25925 2
-0.0326604 -0.0536311 0.259 2
0.00247557 -0.0517424 0.258 2
0.00417323 -0.0525041 0.259 2
-0.0518493 -0.0496785 0.259143 2
-0.0501792 -0.0480989 0.258 2
0.00219788 -0.0492668 0.25825 2
0.00403842 -0.0496941 0.259375 2
-0.0516971 -0.0479069 0.26 2
-0.0500258 -0.0463297 0.258857 2
-4.51418e-05 -0.0452962 0.258 2
0.00191036 -0.0463612 0.258783 2
0.00362375 -0.0470596 0.26 2
-0.0491315 -0.0433772 0.259267 2
-0.0477201 -0.0425476 0.258333 2
-0.000381289 -0.0431595 0.2583 2
0.00151503 -0.0435467 0.259269 2
-0.0486463 -0.041186 0.259857 2
-0.0468482 -0.0399293 0.258333 2
-0.00107643 -0.040364 0.25844 2
0.00108311 -0.0405317 0.2598 2
-0.0461656 -0.0373742 0.259222 2
-0.0443536 -0.0372244 0.258 2
-0.00340608 -0.0374486 0.258 2
-0.00163789 -0.0374339 0.2592 2
0.000519008 -0.0388686 0.26 2
-0.0454002 -0.0345638 0.2595 2
-0.0436164 -0.0343215 0.258636 2
-0.00411353 -0.0343472 0.2585 2
-0.00217437 -0.0345248 0.259667 2
-0.0454876 -0.0326549 0.26 2
-0.0433674 -0.0315144 0.259385 2
-0.0410396 -0.0312594 0.258143 2
-0.00691021 -0.031087 0.258125 2
-0.00465311 -0.0315943 0.259154 2
-0.00286799 -0.0318075 0.26 2
-0.0427655 -0.0292371 0.25975 2
-0.0405243 -0.0285108 0.259077 2
-0.0379227 -0.0282286 0.258118 2
-0.0358952 -0.0273588 0.258 2
-0.00942778 -0.0279193 0.258 2
-0.00723753 -0.0283823 0.258692 2
-0.00498226 -0.0288981 0.259875 2
-0.0401934 -0.0261413 0.259833 2
-0.0374323 -0.0256017 0.259333 2
-0.0347474 -0.0254015 0.25819 2
-0.0322542 -0.0245561 0.258 2
-0.0154494 -0.0245561 0.258 2
-0.0131235 -0.0249455 0.258167 2
-0.0103551 -0.0254042 0.258765 2
-0.00782708 -0.0259313 0.2595 2
-0.0364556 -0.0233342 0.26 2
-0.0342388 -0.0226933 0.259154 2
-0.0315664 -0.0225005 0.258741 2
-0.0286044 -0.0223126 0.2585 2
-0.0254559 -0.0217912 0.258059 2
-0.0224514 -0.0217534 0.258 2
-0.0196506 -0.0217534 0.258 2
-0.0165035 -0.0224241 0.258062 2
-0.0135734 -0.0226224 0.258897 2
-0.0110245 -0.0229945 0.259846 2
-0.0339154 -0.0207922 0.26 2
-0.0314961 -0.0198238 0.26 2
-0.0285063 -0.0196289 0.259567 2
-0.0253043 -0.0195502 0.25852 2
-0.0224514 -0.0195112 0.258 2
-0.0195535 -0.0194757 0.25837 2
-0.0165143 -0.0196247 0.258714 2
-0.0137927 -0.019694 0.259714 2
-0.0119 -0.0207922 0.26 2
-0.0305285 -0.0176854 0.26 2
-0.0282589 -0.0173012 0.259889 2
-0.0253189 -0.0166029 0.2595 2
-0.022573 -0.0165159 0.2594 2
-0.0194957 -0.0165329 0.259667 2
-0.0165411 -0.0167241 0.259923 2
-0.0144402 -0.0176854 0.26 2
0.00820236 -0.0602293 0.262 2
0.00363769 -0.0585818 0.261 2
0.0075671 -0.0585544 0.261455 2
0.0093757 -0.0570307 0.263 2
-0.0500096 -0.0544594 0.263 2
-0.0455532 -0.0553908 0.262 2
-0.0435622 -0.05596 0.262 2
-0.0401627 -0.0563346 0.261286 2
-0.0374459 -0.0558598 0.261 2
-0.0354626 -0.0557464 0.261 2
0.00768642 -0.0555184 0.262 2
0.0093757 -0.0564593 0.263 2
-0.0548186 -0.0524225 0.262333 2
-0.0530293 -0.0523441 0.261 2
0.00562104 -0.0526276 0.261 2
0.00717899 -0.0526895 0.262044 2
-0.0544081 -0.0493179 0.2615 2
-0.0533127 -0.0493197 0.261 2
0.00520142 -0.0491301 0.26125 2
0.00675712 -0.0496023 0.262438 2
-0.0524755 -0.047042 0.262 2
0.00481271 -0.0462487 0.26165 2
0.00644036 -0.0467494 0.262625 2
-0.0514372 -0.0441741 0.263 2
-0.0508661 -0.0441741 0.263 2
0.00250435 -0.0424205 0.261 2
0.00427668 -0.0434499 0.26188 2
0.00623512 -0.0444598 0.263 2
-0.0490997 -0.0402749 0.2618 2
-0.047646 -0.0390181 0.261 2
0.00234382 -0.0402546 0.261143 2
0.00416694 -0.0405181 0.262556 2
-0.048431 -0.0376017 0.261667 2
-0.047719 -0.0373729 0.2614 2
-4.56667e-05 -0.037317 0.261 2
0.00166175 -0.0374417 0.26188 2
0.00366557 -0.03846 0.263 2
-0.0482966 -0.035603 0.263 2
-0.0467959 -0.0344817 0.261 2
-0.00053146 -0.0342535 0.261429 2
0.00145195 -0.0346299 0.262667 2
-0.0463894 -0.0314695 0.2619 2
-0.00344569 -0.0305122 0.261 2
-0.00127592 -0.0313904 0.261867 2
0.000769716 -0.031644 0.263 2
-0.0457547 -0.0286465 0.26275 2
-0.0439506 -0.0283645 0.2616 2
-0.0419793 -0.0273934 0.261 2
-0.00409614 -0.0279832 0.261214 2
-0.00167172 -0.0285161 0.262393 2
0.000524996 -0.0293175 0.263 2
-0.043122 -0.0255958 0.262563 2
-0.0406886 -0.0249495 0.261286 2
-0.0385793 -0.0245581 0.261 2
-0.00694015 -0.0249361 0.261 2
-0.00459132 -0.0254815 0.26176 2
-0.00219575 -0.02602 0.262769 2
-0.0401866 -0.0229192 0.262444 2
-0.0377793 -0.0222877 0.261833 2
-0.0354626 -0.0214393 0.261 2
-0.0101231 -0.0221976 0.261294 2
-0.00743344 -0.0226383 0.26176 2
-0.00478342 -0.0225216 0.262692 2
-0.00290108 -0.0236035 0.263 2
-0.0370782 -0.0196446 0.262882 2
-0.0346967 -0.0193793 0.261462 2
-0.0323459 -0.0184622 0.261 2
-0.0127553 -0.018847 0.261 2
-0.0105159 -0.0194666 0.261714 2
-0.00745615 -0.0195701 0.262567 2
-0.00547064 -0.0196036 0.263 2
-0.0363624 -0.0172609 0.263 2
-0.034344 -0.0163254 0.262091 2
-0.0315022 -0.0163276 0.261231 2
-0.028622 -0.0158091 0.261 2
-0.0266792 -0.0154851 0.261 2
-0.0156291 -0.0154851 0.261 2
-0.0135891 -0.0162581 0.261348 2
-0.0106901 -0.0164899 0.2625 2
-0.00778065 -0.0171362 0.263 2
-0.0337358 -0.014461 0.263 2
-0.0312721 -0.0139286 0.262556 2
-0.0285151 -0.0135634 0.26224 2
-0.0255736 -0.0135139 0.26128 2
-0.0224572 -0.0135166 0.261333 2
-0.0193396 -0.013518 0.26136 2
-0.0164917 -0.0135099 0.2612 2
-0.0135192 -0.0136592 0.2625 2
-0.0111808 -0.014461 0.263 2
-0.0282757 -0.011418 0.262909 2
-0.0254785 -0.0107311 0.26264 2
-0.0224023 -0.0105671 0.262563 2
-0.0194401 -0.0107344 0.26272 2
-0.0165771 -0.0107277 0.26256 2
-0.0140265 -0.0113107 0.262833 2
-0.02203 -0.00846119 0.263 2
0.00948264 -0.0634605 0.266 2
0.00998016 -0.0614966 0.265556 2
-0.0370165 -0.0572476 0.264 2
-0.0066881 -0.0585482 0.266 2
-0.00495551 -0.0585482 0.266 2
0.0100793 -0.0586949 0.264778 2
-0.0561435 -0.0540099 0.265 2
-0.0536389 -0.0546665 0.264 2
-0.0483762 -0.0548735 0.265 2
-0.0478008 -0.0548735 0.265 2
-0.0370165 -0.056674 0.264 2
0.0100795 -0.0553364 0.265091 2
-0.0561435 -0.0534341 0.265 2
0.00826497 -0.0517986 0.264 2
0.00945412 -0.0523212 0.2652 2
0.00827541 -0.0495653 0.264333 2
0.00948264 -0.0495903 0.266 2
-0.054665 -0.0460356 0.2655 2
-0.0524644 -0.0457385 0.264333 2
0.00771953 -0.0465065 0.2649 2
-0.0549115 -0.044678 0.266 2
-0.0523274 -0.0438468 0.265333 2
0.00568565 -0.0431949 0.264 2
0.00755469 -0.0435196 0.265308 2
-0.0502949 -0.0398276 0.2645 2
0.00547609 -0.040149 0.26425 2
0.00700551 -0.0405804 0.2651 2
-0.0499119 -0.0376979 0.265 2
0.00464287 -0.0373021 0.2646 2
0.0065436 -0.0377229 0.265571 2
-0.0491058 -0.0344804 0.264714 2
0.00253314 -0.0337308 0.264 2
0.00451132 -0.0344924 0.265083 2
0.00630625 -0.0348532 0.266 2
-0.0486639 -0.0315556 0.265 2
-0.0473339 -0.0302894 0.264 2
0.00202577 -0.0313348 0.264222 2
0.00427794 -0.0316151 0.2655 2
-0.0487863 -0.0293255 0.265667 2
-0.0471088 -0.0283828 0.264571 2
-4.61916e-05 -0.027995 0.264 2
0.00184041 -0.0284383 0.26472 2
0.00399614 -0.0287851 0.266 2
-0.0459239 -0.0256886 0.265375 2
-0.0444086 -0.0251739 0.2645 2
-0.000877678 -0.0251789 0.26425 2
0.00155086 -0.0255498 0.265423 2
-0.0453824 -0.0235837 0.266 2
-0.0433463 -0.0224283 0.265167 2
-0.0411174 -0.021874 0.2642 2
-0.00348529 -0.0219725 0.264 2
-0.00147207 -0.0223953 0.264742 2
0.000778211 -0.0227455 0.265857 2
-0.0426391 -0.0201162 0.266 2
-0.0402625 -0.0195061 0.264917 2
-0.0381629 -0.0188178 0.264 2
-0.00422939 -0.019269 0.264176 2
-0.00164562 -0.0195611 0.265444 2
0.000530985 -0.0204052 0.266 2
-0.0399844 -0.0168411 0.265625 2
-0.0375327 -0.0163346 0.2642 2
-0.00921713 -0.0156631 0.264 2
-0.00725193 -0.0159909 0.264 2
-0.00463957 -0.0165557 0.26452 2
-0.0019415 -0.0167989 0.265762 2
-0.0396071 -0.0146259 0.266 2
-0.0371423 -0.0137792 0.2653 2
-0.0346741 -0.0134045 0.264421 2
-0.0318988 -0.0127542 0.264 2
-0.0123696 -0.0125084 0.264 2
-0.0102014 -0.013494 0.264048 2
-0.007512 -0.0136813 0.26452 2
-0.00460698 -0.0136483 0.265154 2
-0.00243757 -0.0137924 0.265857 2
-0.0344281 -0.0107792 0.265583 2
-0.0316676 -0.010531 0.2648 2
-0.0289095 -0.00994964 0.26421 2
-0.0259111 -0.00928203 0.264 2
-0.0235467 -0.00906694 0.264 2
-0.0195344 -0.00906694 0.264 2
-0.0166685 -0.00906694 0.264 2
-0.0132376 -0.0100764 0.264167 2
-0.010381 -0.0105184 0.264467 2
-0.00753101 -0.010548 0.2652 2
-0.00487675 -0.0107345 0.265667 2
-0.00293417 -0.0111583 0.266 2
-0.0338896 -0.00821095 0.266 2
-0.0314694 -0.00756391 0.265905 2
-0.0284935 -0.00739962 0.265185 2
-0.0253692 -0.00739978 0.264385 2
-0.0224954 -0.0071394 0.264476 2
-0.0195696 -0.00735835 0.26448 2
-0.0164949 -0.00733386 0.265034 2
-0.0133609 -0.00742529 0.265308 2
-0.0104185 -0.00738386 0.2654 2
-0.0075481 -0.00739568 0.2658 2
-0.00553304 -0.00797978 0.266 2
-0.0278641 -0.00499384 0.266 2
-0.0253407 -0.00460396 0.265565 2
-0.0225361 -0.00450415 0.2656 2
-0.0197306 -0.0045604 0.266 2
-0.0167123 -0.005214 0.266 2
-0.0133296 -0.00537912 0.266 2
-0.010442 -0.00537912 0.266 2
-0.00870943 -0.00537913 0.266 2
-0.0248802 -0.00277847 0.266 2
-0.0225701 -0.00277847 0.266 2
-0.0199712 -0.00277847 0.266 2
-0.00732024 -0.060444 0.268 2
-0.00478969 -0.0606931 0.267 2
-0.00212398 -0.0613491 0.267083 2
0.000534977 -0.060444 0.268 2
0.00431495 -0.0613175 0.268 2
0.0115818 -0.0615635 0.2678 2
0.0125768 -0.0610363 0.268333 2
-0.0573609 -0.0575327 0.268 2
-0.0558228 -0.0571629 0.269 2
-0.00732024 -0.0598618 0.268 2
-0.00435304 -0.0593898 0.267 2
-0.00222062 -0.0592592 0.26725 2
0.000534977 -0.0598618 0.268 2
0.0115472 -0.0584782 0.267 2
0.0127715 -0.0583806 0.268333 2
-0.0573862 -0.0562021 0.267667 2
-0.0560435 -0.0557314 0.2675 2
0.0115905 -0.0554929 0.268 2
0.0121723 -0.0554929 0.268 2
0.0109963 -0.0526139 0.267667 2
0.0122178 -0.0524874 0.269 2
0.0105406 -0.0494111 0.267714 2
0.010118 -0.0463829 0.2675 2
-0.0545482 -0.0430712 0.268 2
-0.0531726 -0.0431638 0.267667 2
0.0101415 -0.043574 0.2681 2
-0.0546548 -0.041383 0.269 2
-0.0528493 -0.040556 0.268455 2
0.00835889 -0.0402051 0.267 2
0.00973099 -0.0406067 0.268286 2
-0.0525726 -0.0373535 0.26844 2
-0.0504804 -0.0370146 0.267 2
0.00791705 -0.0374019 0.2677 2
0.00958959 -0.0381685 0.269 2
-0.0522528 -0.0350736 0.268538 2
-0.0503785 -0.0339507 0.268 2
0.00575026 -0.033534 0.267 2
0.00770238 -0.0343954 0.268217 2
-0.0503159 -0.0315809 0.267667 2
0.00575026 -0.0315037 0.267 2
0.00747921 -0.0314155 0.268154 2
-0.0494754 -0.028266 0.267545 2
-0.0475819 -0.027153 0.267 2
0.00522178 -0.028167 0.267308 2
0.00712165 -0.0286121 0.268529 2
-0.0488684 -0.0258514 0.268273 2
-0.0472746 -0.0250678 0.267444 2
0.00256192 -0.0242525 0.267 2
0.00456003 -0.0255479 0.267917 2
0.00637737 -0.0258952 0.269 2
-0.0485224 -0.0235575 0.269 2
-0.0464535 -0.022539 0.268053 2
0.00204877 -0.0224013 0.267222 2
0.00432626 -0.0226387 0.2685 2
-0.0456022 -0.019856 0.269 2
-0.043928 -0.0193458 0.267588 2
-0.0417849 -0.0184515 0.267 2
-4.67165e-05 -0.0190316 0.267 2
0.00186125 -0.019454 0.26772 2
0.00374919 -0.0200508 0.269 2
-0.0431327 -0.0164913 0.268167 2
-0.041484 -0.0162066 0.2673 2
-0.000394552 -0.0161947 0.2671 2
0.00163944 -0.0163891 0.268179 2
-0.0427427 -0.01399 0.268857 2
-0.0406385 -0.0133798 0.26781 2
-0.0384226 -0.0128246 0.267 2
-0.000930761 -0.0132513 0.267429 2
0.00129158 -0.0134464 0.268588 2
-0.0400538 -0.0107464 0.268882 2
-0.0375784 -0.0103677 0.268 2
-0.0356981 -0.00975008 0.267 2
-0.00387272 -0.00951804 0.267 2
-0.00155802 -0.0103699 0.26804 2
0.000536973 -0.0112842 0.269 2
-0.0391777 -0.00865422 0.269 2
-0.0374173 -0.00742468 0.268583 2
-0.0346326 -0.00717781 0.267222 2
-0.03222 -0.00655954 0.267 2
-0.00441248 -0.00725213 0.267211 2
-0.00220664 -0.00760899 0.268529 2
-0.0367759 -0.00473985 0.268846 2
-0.0344034 -0.00454895 0.2682 2
-0.0314118 -0.00453681 0.26752 2
-0.0289229 -0.00408588 0.267231 2
-0.0264229 -0.00336901 0.267 2
-0.0183071 -0.00336901 0.267 2
-0.0162782 -0.0039491 0.267 2
-0.0133798 -0.0039491 0.267 2
-0.0104887 -0.00395163 0.2672 2
-0.00749251 -0.00445904 0.267391 2
-0.00486433 -0.00462891 0.268273 2
-0.00296726 -0.00543979 0.269 2
-0.0362575 -0.0028098 0.269 2
-0.0343065 -0.00226871 0.268846 2
-0.0315617 -0.00163883 0.2688 2
-0.0285851 -0.00163524 0.26824 2
-0.0256504 -0.00147103 0.267182 2
-0.0226549 -0.00133867 0.267 2
-0.0193774 -0.00145023 0.267 2
-0.0162923 -0.0016294 0.26724 2
-0.0134155 -0.00163215 0.26772 2
-0.010526 -0.00163466 0.26816 2
-0.00779657 -0.00180473 0.268667 2
-0.00530342 -0.00237147 0.269 2
-0.0281783 0.000794258 0.269 2
-0.0256841 0.00127929 0.26836 2
-0.022692 0.00132342 0.268231 2
-0.0195017 0.00123794 0.268173 2
-0.0163392 0.00127653 0.268 2
-0.0134336 0.00127726 0.26808 2
-0.0107557 0.00107644 0.2688 2
-0.00880766 0.00040463 0.269 2
-0.0256074 0.00379095 0.269 2
-0.0226786 0.00376517 0.269 2
-0.0191359 0.00392666 0.269 2
-0.016388 0.00420125 0.2688 2
-0.0136082 0.00378897 0.268824 2
-0.0114358 0.00303462 0.269 2
0.0026099 -0.0634146 0.272 2
0.0131912 -0.0634758 0.271 2
-0.00447674 -0.0622326 0.272 2
-0.000633451 -0.061775 0.27 2
0.00112868 -0.0619275 0.270667 2
0.0136424 -0.0616179 0.2706 2
-0.0571205 -0.0581767 0.271 2
-0.055658 -0.0578004 0.272 2
-0.051721 -0.0575049 0.272 2
-0.0494715 -0.0580295 0.271 2
0.0143856 -0.0585416 0.271333 2
-0.0497657 -0.0569991 0.271 2
0.013353 -0.0556233 0.270857 2
0.0132009 -0.0523265 0.2712 2
0.011677 -0.0497494 0.27 2
0.0129143 -0.0496011 0.271333 2
0.011677 -0.046523 0.27 2
0.0128614 -0.0465112 0.271 2
0.0117116 -0.0434241 0.2708 2
0.0125682 -0.043817 0.271143 2
0.0110794 -0.0405542 0.270714 2
0.012354 -0.040958 0.272 2
0.010398 -0.0373484 0.271 2
-0.0524154 -0.0338446 0.270143 2
0.0102514 -0.0346252 0.271 2
-0.052446 -0.0314045 0.271167 2
0.0101937 -0.0318379 0.271222 2
-0.0526602 -0.0282253 0.271739 2
-0.0504614 -0.0280447 0.27 2
0.00846847 -0.0283894 0.2705 2
0.00968941 -0.0288213 0.2718 2
-0.0518509 -0.025552 0.271571 2
-0.0501458 -0.0250259 0.270667 2
0.00581487 -0.024525 0.27 2
0.00784166 -0.0254737 0.27112 2
-0.0514257 -0.0235247 0.272 2
-0.0492513 -0.0224088 0.271222 2
-0.0472372 -0.0210053 0.27 2
0.00560311 -0.0221352 0.270375 2
0.00698206 -0.0223849 0.271188 2
-0.0487682 -0.0205699 0.272 2
-0.0468707 -0.0191765 0.270889 2
0.00493191 -0.0191005 0.270579 2
0.00669142 -0.0196942 0.271571 2
-0.0459648 -0.0163797 0.271133 2
-0.0446323 -0.0163236 0.2702 2
0.00460839 -0.0164069 0.27075 2
0.00644849 -0.0167287 0.272 2
-0.0457015 -0.0137939 0.271571 2
-0.0438088 -0.0130652 0.270647 2
0.00259071 -0.013086 0.27 2
0.00437137 -0.0134429 0.2713 2
-0.0455202 -0.0114101 0.272 2
-0.0434149 -0.0106978 0.2712 2
-0.0411203 -0.00972155 0.27025 2
-4.72414e-05 -0.00985961 0.27 2
0.00182139 -0.0104056 0.270956 2
0.003791 -0.0114101 0.272 2
-0.0428627 -0.00815978 0.272 2
-0.0406837 -0.00748888 0.270917 2
-0.000588412 -0.0073409 0.270308 2
0.00155427 -0.00772644 0.271619 2
-0.040431 -0.00478979 0.271421 2
-0.0382486 -0.00438455 0.27 2
-0.00356451 -0.00399348 0.27 2
-0.0014623 -0.00457657 0.271111 2
0.000985876 -0.00520498 0.272 2
-0.0396782 -0.00199542 0.271857 2
-0.0375881 -0.00167602 0.270545 2
-0.0348291 -0.000962633 0.27 2
-0.00678866 -0.000767094 0.27 2
-0.00446417 -0.00130313 0.270235 2
-0.00181474 -0.00165559 0.27152 2
-0.0368711 0.000881609 0.2718 2
-0.0345905 0.00121109 0.270909 2
-0.0317123 0.00128679 0.27008 2
-0.0292225 0.0017373 0.27 2
-0.00977833 0.00210732 0.27 2
-0.00756822 0.00136336 0.270087 2
-0.00466388 0.00126954 0.271077 2
-0.00240613 0.000408642 0.271667 2
-0.0342858 0.00415063 0.271889 2
-0.0314674 0.0042131 0.270963 2
-0.0283372 0.00444766 0.270154 2
-0.025574 0.00549902 0.27 2
-0.0223233 0.00539236 0.27 2
-0.0197119 0.00549902 0.27 2
-0.0164611 0.00597897 0.27 2
-0.0134768 0.00533903 0.27 2
-0.0105353 0.00432734 0.270348 2
-0.00770146 0.00423945 0.2712 2
-0.00545753 0.00405151 0.271833 2
-0.0308548 0.00671271 0.272 2
-0.0283835 0.00764544 0.271259 2
-0.0252917 0.00775159 0.2704 2
-0.0223894 0.00776262 0.2708 2
-0.0194387 0.00775821 0.27064 2
-0.0164996 0.00775821 0.27064 2
-0.0135235 0.00764339 0.271185 2
-0.0107504 0.0074096 0.271714 2
-0.00794624 0.00676196 0.272 2
-0.027213 0.00986451 0.272 2
-0.0254414 0.00986451 0.272 2
-0.0224886 0.00986451 0.272 2
-0.0194046 0.0103898 0.272 2
-0.0165831 0.0104555 0.272 2
-0.0138272 0.0100615 0.272 2
-0.000943716 -0.0641139 0.275 2
0.00183909 -0.0647552 0.274333 2
0.00440463 -0.0637643 0.2735 2
0.0145535 -0.0645949 0.2745 2
0.0158795 -0.0642379 0.27425 2
-0.0576651 -0.0602304 0.275 2
-0.0564112 -0.0605889 0.275 2
-0.0513958 -0.0605291 0.275 2
-0.0502017 -0.0605291 0.275 2
0.014474 -0.0624615 0.273 2
0.0159717 -0.0616328 0.273267 2
-0.0576651 -0.0596329 0.275 2
-0.0549605 -0.0587252 0.273769 2
-0.0526537 -0.0587794 0.274 2
-0.049344 -0.0592622 0.274667 2
-0.0463207 -0.0593342 0.275 2
0.0162038 -0.0583164 0.273546 2
0.0144739 -0.0553438 0.273 2
0.0163712 -0.0554505 0.275 2
0.0145093 -0.0525047 0.273667 2
0.0163712 -0.0524631 0.275 2
0.0145004 -0.0495041 0.2735 2
0.0163049 -0.0496085 0.275 2
0.0145093 -0.0465588 0.273667 2
0.0157741 -0.0470858 0.275 2
0.0136645 -0.043553 0.273714 2
0.0118067 -0.0393293 0.273 2
0.0131971 -0.0402415 0.274167 2
0.0118067 -0.0372533 0.273 2
0.013057 -0.0374352 0.274333 2
0.0118067 -0.0342876 0.273 2
0.013057 -0.0344551 0.274333 2
0.0114404 -0.0310018 0.273667 2
0.0127202 -0.0318257 0.274429 2
0.0109105 -0.0284023 0.273857 2
0.0124903 -0.0294602 0.275 2
-0.0525039 -0.0242044 0.273 2
0.0102245 -0.0257304 0.27425 2
-0.0519346 -0.0224347 0.273125 2
-0.0501329 -0.0212387 0.273 2
0.008553 -0.0224405 0.2732 2
0.00980347 -0.022888 0.275 2
-0.0515063 -0.0207212 0.274 2
-0.0498092 -0.019405 0.274111 2
0.00804422 -0.0193822 0.273778 2
-0.0488398 -0.0167561 0.274308 2
-0.0475005 -0.0165048 0.2732 2
0.00587948 -0.0153074 0.273 2
0.00785419 -0.0166397 0.274368 2
-0.0487108 -0.0137323 0.274444 2
-0.0469855 -0.0133645 0.273385 2
0.00587948 -0.013528 0.273 2
0.00709009 -0.0135733 0.273933 2
-0.0484105 -0.0115359 0.275 2
-0.0463928 -0.010634 0.273875 2
-0.0442058 -0.00937604 0.273 2
0.00487475 -0.0104141 0.273571 2
0.00706346 -0.0108113 0.274692 2
-0.0456683 -0.00823905 0.274667 2
-0.0439133 -0.00734946 0.273286 2
0.00261949 -0.00670694 0.273 2
0.00460694 -0.00769821 0.27387 2
0.00651962 -0.00824978 0.275 2
-0.0433017 -0.00475261 0.274 2
-0.0415892 -0.00404205 0.273333 2
-4.77663e-05 -0.00344472 0.273 2
0.00207907 -0.00435186 0.273 2
0.0043558 -0.00478826 0.274444 2
-0.0427672 -0.0025119 0.2748 2
-0.0408679 -0.00148758 0.274 2
-4.77663e-05 -0.00166532 0.273 2
0.00173432 -0.00166738 0.27348 2
0.00383003 -0.00167543 0.2748 2
-0.0395021 0.00105128 0.274143 2
-0.03791 0.00176031 0.273462 2
-0.00330775 0.00248661 0.273 2
-0.00106422 0.00147211 0.273286 2
0.00145853 0.00111995 0.274474 2
-0.0394545 0.00369978 0.275 2
-0.0374304 0.00420552 0.274044 2
-0.0353149 0.00515571 0.273 2
-0.00383731 0.00440201 0.273222 2
-0.00134173 0.00421057 0.274391 2
0.00090719 0.00346079 0.275 2
-0.0371212 0.00677901 0.274667 2
-0.0344806 0.00715739 0.274044 2
-0.0319728 0.00770166 0.273462 2
-0.00953135 0.00841794 0.273 2
-0.00735803 0.00802252 0.273 2
-0.00450053 0.00724623 0.273533 2
-0.00160712 0.00715188 0.275 2
-0.0338421 0.00943557 0.275 2
-0.0315397 0.0101792 0.274565 2
-0.0286882 0.0105824 0.273556 2
-0.0255545 0.0110952 0.2732 2
-0.0224345 0.0112924 0.273 2
-0.0199464 0.0117225 0.273 2
-0.016644 0.0119767 0.273 2
-0.0136265 0.0113297 0.273 2
-0.0106637 0.0104272 0.273095 2
-0.00776454 0.0102136 0.2734 2
-0.0045137 0.0102482 0.274333 2
-0.00213785 0.00967455 0.275 2
-0.0307971 0.0123632 0.275 2
-0.0287073 0.0123633 0.275 2
-0.025476 0.0130323 0.2746 2
-0.0227429 0.0133792 0.274091 2
-0.0195921 0.0136409 0.273909 2
-0.016705 0.0135105 0.274 2
-0.0136536 0.0133792 0.274091 2
-0.0106818 0.0132116 0.274462 2
-0.00750817 0.0128367 0.2749 2
-0.00482465 0.0123633 0.275 2
-0.0248263 0.0150519 0.275 2
-0.0223955 0.0153079 0.275 2
-0.0198891 0.0157412 0.275 2
-0.016766 0.0156493 0.275 2
-0.0137806 0.0156493 0.275 2
-0.0110938 0.0150519 0.275 2
-0.000954011 -0.0663234 0.278 2
0.00386069 -0.0660848 0.277 2
0.0131156 -0.0668328 0.277429 2
-0.00335622 -0.0645803 0.277 2
-0.000501151 -0.0650332 0.277 2
0.000550946 -0.0643471 0.276 2
0.00386069 -0.065483 0.277 2
0.00867197 -0.0645803 0.277 2
0.012904 -0.0656012 0.2775 2
-0.0547767 -0.0606684 0.277 2
-0.0527381 -0.0613609 0.27775 2
-0.0491939 -0.06161 0.277167 2
-0.0466969 -0.0613541 0.277833 2
-0.0400422 -0.0609693 0.277 2
-0.0476877 -0.0595499 0.276 2
0.01703 -0.0484564 0.276 2
0.0165422 -0.0462131 0.276429 2
0.014633 -0.0430595 0.276 2
0.0165441 -0.0433555 0.2779 2
0.0146596 -0.0404326 0.2765 2
0.0159462 -0.0403516 0.278 2
0.014686 -0.0374982 0.277 2
0.0159462 -0.0382376 0.278 2
0.014686 -0.03479 0.277 2
0.0138265 -0.0318117 0.276833 2
0.0150409 -0.0321976 0.278 2
0.0119365 -0.0280682 0.276 2
0.0133197 -0.028444 0.277333 2
0.0115562 -0.0253107 0.276444 2
0.0125014 -0.0252576 0.277143 2
0.0108579 -0.0225115 0.2765 2
0.0123248 -0.0234397 0.278 2
-0.0518823 -0.0193733 0.276 2
0.0105328 -0.0195793 0.277 2
-0.0520703 -0.0167353 0.277 2
-0.0504841 -0.016475 0.276 2
0.00864066 -0.0154756 0.276 2
0.0103408 -0.016758 0.277375 2
-0.0517464 -0.0139762 0.2772 2
-0.0501358 -0.0137159 0.276833 2
0.00864066 -0.0136766 0.276 2
0.00987479 -0.0137262 0.277 2
-0.0485202 -0.0101267 0.277333 2
-0.0470885 -0.00947907 0.276 2
0.00844613 -0.0104842 0.276167 2
0.00989617 -0.010739 0.2776 2
-0.0486368 -0.00894377 0.278 2
-0.0468923 -0.00744543 0.276857 2
0.00594409 -0.00678064 0.276 2
0.00782255 -0.00769895 0.2767 2
0.00968408 -0.00796228 0.278 2
-0.0460299 -0.00483963 0.277444 2
-0.0446637 -0.00420467 0.2762 2
0.0056965 -0.00434555 0.276429 2
0.00713512 -0.00489201 0.277462 2
-0.0452628 -0.00229633 0.277667 2
-0.0436725 -0.001503 0.276692 2
-0.0419949 -0.000784143 0.276 2
0.00536264 -0.00168775 0.276867 2
0.006586 -0.00169373 0.2778 2
-0.0429021 0.00106488 0.277714 2
-0.0409574 0.00145622 0.276462 2
0.00264828 0.00191429 0.276 2
0.00446201 0.00132001 0.2769 2
-0.042601 0.00313615 0.278 2
-0.0408474 0.0044397 0.277294 2
-0.0389987 0.00521236 0.276 2
-4.82912e-05 0.00521236 0.276 2
0.00195915 0.00452277 0.276 2
0.00447124 0.00433633 0.2775 2
-0.0398354 0.00729153 0.277273 2
-0.0378798 0.00780737 0.276182 2
-0.0354033 0.00851044 0.276 2
-0.000305108 0.0076538 0.276 2
0.00175529 0.00733109 0.27672 2
0.00427702 0.00686079 0.278 2
-0.0392813 0.00917611 0.278 2
-0.0371968 0.0101847 0.277238 2
-0.0345464 0.0106807 0.276471 2
-0.000963694 0.0105197 0.276526 2
0.00158877 0.0102018 0.277714 2
-0.0362634 0.0131021 0.278 2
-0.0343213 0.0133231 0.277333 2
-0.0314219 0.0136027 0.276211 2
-0.0282125 0.0139073 0.276 2
-0.0261151 0.014507 0.276 2
-0.00933648 0.014507 0.276 2
-0.00689672 0.01425 0.276 2
-0.00405928 0.0136131 0.276421 2
-0.00130229 0.0133262 0.277417 2
0.000554939 0.0131021 0.278 2
-0.0338491 0.0156691 0.278 2
-0.0313725 0.016392 0.27744 2
-0.028246 0.0163255 0.27632 2
-0.025298 0.0164695 0.276 2
-0.0224448 0.0167557 0.276 2
-0.0192239 0.0172054 0.276 2
-0.0162277 0.0172054 0.276 2
-0.0130318 0.0170055 0.276 2
-0.0101598 0.0164808 0.276182 2
-0.00725541 0.0163448 0.27664 2
-0.00426211 0.0163828 0.27728 2
-0.00155681 0.0164186 0.2779 2
-0.0306531 0.0188234 0.27775 2
-0.0283075 0.0193541 0.277417 2
-0.0253259 0.019389 0.2772 2
-0.0223167 0.019389 0.2772 2
-0.0192913 0.019373 0.27696 2
-0.0162747 0.0193623 0.2768 2
-0.0132734 0.0193676 0.27688 2
-0.0102913 0.0194117 0.27752 2
-0.00737391 0.0192793 0.278 2
-0.00450004 0.018991 0.278 2
-0.00216117 0.018538 0.278 2
-0.0281151 0.021256 0.278 2
-0.025399 0.021256 0.278 2
-0.0219787 0.0216587 0.278 2
-0.0191907 0.0222914 0.278 2
-0.0163453 0.022464 0.278 2
-0.0135131 0.0218135 0.278 2
-0.0103095 0.021256 0.278 2
-0.00819697 0.021256 0.278 2
0.0112375 -0.0694812 0.281 2
0.0124134 -0.0692339 0.28 2
-4.88161e-05 -0.066562 0.279 2
0.000556935 -0.066562 0.279 2
0.00513662 -0.0667339 0.281 2
0.00716334 -0.0665128 0.27975 2
0.0108496 -0.0672976 0.280167 2
0.0131916 -0.0686642 0.279333 2
-0.0556738 -0.0634547 0.28 2
-0.047163 -0.0631505 0.28 2
-4.88161e-05 -0.0659558 0.279 2
0.000556935 -0.0659558 0.279 2
0.00673049 -0.065505 0.279667 2
-0.0571937 -0.062238 0.28 2
-0.0559778 -0.062238 0.28 2
-0.0494175 -0.0626218 0.279 2
-0.0459411 -0.0623539 0.2795 2
-0.043923 -0.0617764 0.280667 2
0.0172151 -0.0462553 0.279 2
0.0184266 -0.0453461 0.279 2
0.0184266 -0.0435276 0.279 2
0.0172151 -0.0404967 0.279 2
0.0184266 -0.0414059 0.279 2
0.0167834 -0.0372873 0.279375 2
0.016293 -0.0348226 0.2805 2
0.0145411 -0.0309084 0.28 2
0.015703 -0.0318436 0.280571 2
0.0145411 -0.028475 0.28 2
0.0151491 -0.028475 0.28 2
0.0139177 -0.025402 0.279667 2
0.0151816 -0.0254865 0.2806 2
0.0131596 -0.022315 0.279842 2
0.0152032 -0.0236926 0.281 2
0.013028 -0.0193564 0.2801 2
0.0111576 -0.0153407 0.279 2
0.0126242 -0.0165214 0.280167 2
-0.0515377 -0.0120068 0.279 2
-0.0504457 -0.0120355 0.279667 2
0.0111576 -0.0132191 0.279 2
0.0124578 -0.0133139 0.281 2
-0.0515133 -0.0100998 0.280333 2
-0.0502689 -0.0103317 0.279909 2
0.0111576 -0.0104914 0.279 2
0.0124578 -0.0102613 0.281 2
-0.0516021 -0.00690348 0.281 2
-0.0496406 -0.0074934 0.28025 2
0.0108343 -0.0075191 0.279571 2
0.0124578 -0.00812452 0.281 2
-0.0487204 -0.0050238 0.280714 2
-0.0473054 -0.00467174 0.279444 2
0.00818504 -0.00439272 0.279429 2
0.0100136 -0.00511369 0.280353 2
-0.0482465 -0.00293515 0.281 2
-0.0464985 -0.00166086 0.280077 2
-0.0448744 -0.000792666 0.279 2
0.00776097 -0.0018479 0.28 2
0.00909143 -0.00232115 0.280667 2
-0.0454202 0.00103244 0.2805 2
-0.0440183 0.00193813 0.279333 2
0.00694429 0.00133369 0.28 2
-0.0434298 0.00428849 0.28 2
0.00694881 0.00437917 0.2802 2
-0.0429841 0.00712672 0.2805 2
-0.0413656 0.0075978 0.279167 2
0.00480176 0.00815603 0.27925 2
0.00688907 0.00729663 0.280556 2
-0.0421456 0.0101909 0.281 2
-0.0405264 0.0103628 0.280111 2
-0.038514 0.0113307 0.279 2
0.00267707 0.0113307 0.279 2
0.0045099 0.0104564 0.2799 2
0.00635681 0.00988566 0.281 2
-0.0394547 0.013432 0.280667 2
-0.037718 0.0134358 0.279333 2
-0.0357881 0.0146646 0.279 2
-4.88161e-05 0.0146646 0.279 2
0.00195538 0.0134817 0.2796 2
0.00381476 0.013413 0.281 2
-0.0372597 0.0165729 0.2805 2
-0.0347886 0.0167904 0.2794 2
-4.88161e-05 0.0164831 0.279 2
0.00147244 0.0165422 0.28 2
0.0030013 0.0166013 0.281 2
-0.0342235 0.0193732 0.280714 2
-0.0319453 0.0198247 0.279353 2
-0.0297306 0.0207263 0.279 2
-0.00671208 0.0207263 0.279 2
-0.00388524 0.0203222 0.279 2
-0.00108902 0.019735 0.279667 2
0.00112347 0.0194448 0.280692 2
-0.0339094 0.0214854 0.281 2
-0.0316941 0.0226497 0.28028 2
-0.0286255 0.0228158 0.279476 2
-0.0255274 0.0228815 0.2794 2
-0.0226888 0.0229995 0.279 2
-0.0203415 0.0234541 0.279 2
-0.0131734 0.023252 0.279 2
-0.0103466 0.0228479 0.279 2
-0.00723882 0.0226503 0.279 2
-0.00429559 0.0225845 0.27948 2
-0.00162508 0.0223824 0.280529 2
0.000560927 0.0214854 0.281 2
-0.0311639 0.0248432 0.281 2
-0.028566 0.0253663 0.280778 2
-0.0255462 0.0256063 0.280478 2
-0.0225332 0.025657 0.27988 2
-0.0194442 0.025591 0.27916 2
-0.0164133 0.025591 0.27916 2
-0.0133959 0.0256171 0.27944 2
-0.0103688 0.025632 0.2796 2
-0.00734223 0.0256647 0.27996 2
-0.00459841 0.0253578 0.280529 2
-0.024819 0.0279568 0.281 2
-0.0224963 0.0283216 0.280765 2
-0.0195167 0.0284261 0.2802 2
-0.0164855 0.0284464 0.2804 2
-0.0134552 0.0281684 0.280667 2
-0.0104084 0.0281684 0.280667 2
-0.00755347 0.028139 0.280846 2
-0.00554001 0.0275905 0.281 2
-0.0217074 0.0300326 0.281 2
-0.0195722 0.0300326 0.281 2
-0.0165217 0.0300326 0.281 2
0.00807827 -0.0672454 0.2825 2
0.00978146 -0.0684385 0.283 2
-0.0550415 -0.0641345 0.283 2
-0.0528666 -0.0640859 0.282333 2
-0.0454642 -0.0643668 0.282667 2
-0.0437854 -0.063771 0.283 2
-0.0415165 -0.0640526 0.284 2
0.00760396 -0.0654396 0.282 2
-0.0549491 -0.0627847 0.282 2
-0.0536225 -0.0629889 0.282 2
-0.0453569 -0.0629889 0.282 2
-0.0430903 -0.0623417 0.2824 2
-0.0418311 -0.06229 0.283 2
0.0187568 -0.0396799 0.284 2
0.0187128 -0.0380485 0.283333 2
0.0174372 -0.0342641 0.2826 2
0.0187304 -0.0343853 0.2836 2
0.0169796 -0.0311982 0.282625 2
0.0187304 -0.0313071 0.2836 2
0.0167473 -0.028587 0.282444 2
0.018704 -0.0281843 0.2832 2
0.0167674 -0.0258216 0.282778 2
0.0187568 -0.0264137 0.284 2
0.014645 -0.0222452 0.282 2
0.015987 -0.0225662 0.283286 2
0.0147073 -0.0195702 0.2832 2
0.0153222 -0.0195702 0.2832 2
0.0140231 -0.0164219 0.282909 2
0.0153655 -0.0171582 0.284 2
0.0137753 -0.0134086 0.283 2
0.0137558 -0.0103193 0.2826 2
-0.0519693 -0.00818234 0.283 2
-0.0505612 -0.00600902 0.282 2
0.0133039 -0.00702334 0.28275 2
-0.0511078 -0.00418996 0.283333 2
-0.0499064 -0.00440123 0.282545 2
0.0109714 -0.00401779 0.282 2
0.0130876 -0.00462948 0.283286 2
-0.0512281 -0.00234945 0.284 2
-0.0495308 -0.00176513 0.283412 2
-0.047806 -0.00141387 0.282 2
0.00852236 -0.000801187 0.282 2
0.0105544 -0.00163953 0.282727 2
0.012576 -0.00234597 0.283667 2
-0.0484533 0.000427193 0.284 2
-0.0467943 0.00155243 0.282667 2
0.0085284 0.00134504 0.2822 2
0.00978707 0.00134977 0.283133 2
-0.0463279 0.00419534 0.28325 2
-0.0444385 0.00532568 0.282 2
0.00854049 0.00441472 0.2826 2
0.0098009 0.00443017 0.283533 2
-0.045062 0.00875712 0.284 2
-0.0442738 0.00759711 0.282545 2
0.00828155 0.00783911 0.282714 2
0.00975612 0.00732302 0.283615 2
-0.045062 0.00999118 0.284 2
-0.0433787 0.0105584 0.282667 2
-0.0416833 0.0114526 0.282 2
0.00760785 0.0107535 0.282684 2
0.00919293 0.0106016 0.2838 2
-0.0425206 0.0133624 0.2835 2
-0.040915 0.013698 0.2825 2
0.00495082 0.0138012 0.282 2
0.00716624 0.0135791 0.283364 2
0.00919941 0.0127678 0.284 2
-0.04016 0.0164965 0.283125 2
-0.038622 0.0175795 0.282 2
0.00454996 0.0166845 0.2824 2
0.0066668 0.016274 0.2838 2
-0.0398208 0.0189381 0.284 2
-0.0375181 0.0194805 0.2829 2
-0.0352546 0.0200302 0.282 2
0.00209359 0.019928 0.282 2
0.00425671 0.0195001 0.2832 2
0.00642469 0.0180126 0.284 2
-0.0368406 0.0219205 0.284 2
-0.0348735 0.0224535 0.282625 2
-0.0004167 0.0230323 0.282 2
0.00159997 0.0224827 0.2825 2
0.0036471 0.0223112 0.283733 2
-0.0364295 0.0241829 0.284 2
-0.0343478 0.0253031 0.283048 2
-0.0314981 0.0259683 0.282167 2
-0.0034168 0.0261571 0.282 2
-0.00119464 0.0253764 0.282348 2
0.00138664 0.0252554 0.283333 2
0.00340331 0.0245531 0.284 2
-0.0336653 0.0278574 0.283714 2
-0.0313426 0.0282713 0.283364 2
-0.0285189 0.0284333 0.282714 2
-0.0260764 0.0285377 0.282063 2
-0.0233154 0.0295268 0.282 2
-0.0135192 0.0295268 0.282 2
-0.0104578 0.0295268 0.282 2
-0.00704665 0.0292642 0.282 2
-0.00423436 0.0284263 0.282435 2
-0.0014182 0.0281035 0.283778 2
0.00118352 0.0275766 0.284 2
-0.0305717 0.0303532 0.284 2
-0.027902 0.0310711 0.283615 2
-0.0253974 0.0315457 0.282864 2
-0.0227042 0.0314377 0.282381 2
-0.0196564 0.0316941 0.2822 2
-0.0165916 0.0316941 0.2822 2
-0.0135383 0.0314107 0.2824 2
-0.0104727 0.0314107 0.2824 2
-0.00741453 0.0314462 0.28272 2
-0.00479462 0.031404 0.283647 2
-0.0250223 0.0337469 0.284 2
-0.0222012 0.034587 0.2838 2
-0.0195813 0.0345343 0.283545 2
-0.0166746 0.0346249 0.2836 2
-0.0135767 0.0345757 0.2832 2
-0.0105927 0.0345028 0.283478 2
-0.00757945 0.034269 0.283778 2
-0.00559915 0.0337469 0.284 2
-0.0188562 0.0365236 0.284 2
-0.0166981 0.0365236 0.284 2
-0.013615 0.0365236 0.284 2
-0.0111486 0.0365236 0.284 2
0.00520975 -0.0692318 0.285 2
0.00688999 -0.0693478 0.286333 2
0.01016 -0.0701606 0.285 2
-0.0412397 -0.0665749 0.286 2
0.00520975 -0.0686126 0.285 2
0.00768486 -0.0686126 0.285 2
-0.053327 -0.065041 0.287 2
-0.0436737 -0.065207 0.285 2
-0.0406821 -0.0646377 0.2866 2
-0.0402415 -0.0628586 0.287 2
0.0188229 -0.0367236 0.285 2
0.0175853 -0.0243395 0.285 2
0.0195286 -0.0250676 0.28625 2
0.0175399 -0.0225488 0.286429 2
0.0185544 -0.0225951 0.287 2
0.0165988 -0.0197373 0.285615 2
0.0180203 -0.0198337 0.287 2
0.0148008 -0.0156706 0.285 2
0.01626 -0.0165115 0.286167 2
0.0148008 -0.0135034 0.285 2
0.0161148 -0.0135666 0.286333 2
0.0148008 -0.0104074 0.285 2
0.0161148 -0.0104561 0.286333 2
0.0148319 -0.00732545 0.2856 2
0.0159011 -0.00775769 0.286222 2
0.0145347 -0.00422802 0.285833 2
0.0154872 -0.00454397 0.28625 2
-0.0514084 -0.00080971 0.285 2
-0.0507897 -0.00080971 0.285 2
0.013775 -0.00163284 0.285588 2
0.0155278 -0.00237427 0.287 2
-0.0514084 0.000428698 0.285 2
-0.0496294 0.00146403 0.285444 2
0.0113975 0.0013575 0.285 2
0.0130545 0.00109769 0.286429 2
-0.0495307 0.00385747 0.286667 2
-0.0475526 0.00540122 0.286 2
0.0113975 0.00445353 0.285 2
0.0127237 0.00448478 0.287 2
-0.0480305 0.00666721 0.287 2
-0.0463856 0.00740763 0.2855 2
0.0112246 0.00777802 0.285833 2
0.0127237 0.0066672 0.287 2
-0.046183 0.010845 0.286167 2
-0.0446019 0.0115744 0.285 2
0.0108148 0.0106796 0.2859 2
-0.045538 0.0129027 0.287 2
-0.0437254 0.0136182 0.285667 2
0.00861303 0.0143608 0.285 2
0.0103447 0.0135017 0.286067 2
-0.0430253 0.0161805 0.286167 2
-0.0411986 0.0174568 0.285 2
0.00806519 0.0167315 0.2853 2
0.00994246 0.0163855 0.286357 2
-0.0426843 0.0188053 0.286667 2
-0.0409276 0.0196191 0.285571 2
0.00747738 0.0194728 0.285739 2
0.00955901 0.0190846 0.286857 2
-0.0401779 0.0223263 0.286421 2
-0.0379446 0.0227703 0.285273 2
0.00520975 0.0224105 0.285 2
0.00723799 0.0224195 0.286182 2
0.00929659 0.0216324 0.287 2
-0.0395543 0.025317 0.286857 2
-0.037654 0.0256524 0.285895 2
-0.035939 0.0261257 0.285 2
0.00242525 0.0264353 0.285 2
0.00450825 0.025778 0.2856 2
0.00695706 0.025441 0.286875 2
-0.0368758 0.0282512 0.286667 2
-0.0347114 0.0288273 0.285545 2
-0.0322647 0.0298758 0.285333 2
-0.000933835 0.0295755 0.285 2
0.00163225 0.0290375 0.285357 2
0.00424607 0.028514 0.286476 2
-0.0340489 0.0310266 0.2868 2
-0.0315656 0.0315327 0.285733 2
-0.0289637 0.0321488 0.285 2
-0.00345314 0.0320081 0.285 2
-0.00128961 0.0314673 0.2857 2
0.0015059 0.031562 0.286563 2
0.00368762 0.0311846 0.286917 2
-0.0311583 0.0341754 0.287 2
-0.028669 0.0345273 0.285952 2
-0.0256489 0.0349288 0.28525 2
-0.0235634 0.0354137 0.285 2
-0.00623765 0.0351041 0.285 2
-0.00424919 0.0346075 0.285444 2
-0.00129459 0.0343869 0.28676 2
0.00119603 0.0339995 0.287 2
0.00306539 0.0331681 0.287 2
-0.0305831 0.0362858 0.287 2
-0.0283652 0.0367845 0.286909 2
-0.0254173 0.0373447 0.286174 2
-0.0224391 0.037489 0.285364 2
-0.0196298 0.0377137 0.285 2
-0.0167876 0.0379621 0.285533 2
-0.0136824 0.0379445 0.2854 2
-0.0103834 0.0376003 0.285263 2
-0.00749181 0.0373565 0.28564 2
-0.00440012 0.0374401 0.28628 2
-0.0014664 0.0374479 0.287 2
0.000572904 0.0365976 0.287 2
-0.0250789 0.0401311 0.287 2
-0.0224434 0.0402697 0.2865 2
-0.0193332 0.0402697 0.2865 2
-0.0162283 0.0402835 0.2866 2
-0.0134473 0.0403389 0.287 2
-0.0106433 0.0403389 0.287 2
-0.00790927 0.0400645 0.286923 2
-0.00441206 0.0394036 0.287 2
-0.00160802 0.0394036 0.287 2
-0.00414336 -0.0701313 0.29 2
-0.000995192 -0.0701313 0.29 2
0.00245928 -0.0698895 0.289 2
0.00434167 -0.0703919 0.289 2
0.00728491 -0.0713095 0.289667 2
0.00936137 -0.0711454 0.289 2
-0.0526251 -0.0669811 0.29 2
-0.0485104 -0.0662062 0.288 2
-0.0472599 -0.0662062 0.288 2
-0.0397291 -0.0663027 0.289333 2
-0.00412084 -0.0678893 0.2885 2
-0.00224668 -0.0686338 0.289 2
-0.0485104 -0.0655805 0.288 2
-0.0472599 -0.0655805 0.288 2
-0.039802 -0.0646124 0.288333 2
-0.038391 -0.06435 0.2895 2
0.019829 -0.0221994 0.288375 2
0.0174578 -0.0183384 0.288 2
0.019585 -0.0192693 0.289182 2
0.0175184 -0.0165184 0.289 2
0.0192371 -0.0169766 0.289667 2
0.0175305 -0.0137015 0.2892 2
0.0181584 -0.0137015 0.2892 2
0.0175548 -0.0105767 0.2896 2
0.0181835 -0.0105767 0.2896 2
0.0165772 -0.00678608 0.289 2
0.0165772 -0.0042745 0.289 2
0.0149566 -0.000818236 0.288 2
0.016424 -0.00132684 0.2896 2
0.0140187 0.00199752 0.288 2
0.0153329 0.00137838 0.2892 2
-0.0498485 0.00544843 0.2885 2
0.0140186 0.00450041 0.288 2
0.0153753 0.00453166 0.29 2
-0.0493458 0.00753055 0.288471 2
-0.0475725 0.00825474 0.288 2
0.0135862 0.00788407 0.28875 2
0.0153753 0.0067369 0.29 2
-0.0490216 0.0104882 0.289167 2
-0.0476551 0.0104629 0.2885 2
0.0130643 0.0102927 0.289 2
-0.0491176 0.0133411 0.289733 2
-0.0467126 0.0136571 0.288588 2
0.0115175 0.0141991 0.288 2
0.0128301 0.0133263 0.2894 2
-0.046014 0.0162176 0.289714 2
-0.0441335 0.0170149 0.288 2
0.0115255 0.0164014 0.2882 2
0.0128567 0.0161879 0.29 2
-0.0456992 0.0190232 0.29 2
-0.0438637 0.0198253 0.288571 2
0.0109928 0.0197102 0.288778 2
-0.0429934 0.0226209 0.289444 2
-0.0415984 0.0231636 0.2882 2
0.00870369 0.0232721 0.288 2
0.0106568 0.0227131 0.289238 2
-0.042127 0.0255734 0.28925 2
-0.0408286 0.0256944 0.2885 2
0.00839608 0.0257902 0.288167 2
0.0103894 0.0252527 0.289187 2
-0.0422362 0.0272141 0.29 2
-0.0402383 0.0283088 0.289214 2
-0.0383207 0.0288432 0.288286 2
0.00754593 0.0284257 0.288391 2
0.00989419 0.0280859 0.289545 2
-0.0394028 0.0303644 0.29 2
-0.0372765 0.031322 0.289375 2
-0.0349977 0.032073 0.288364 2
0.0050592 0.0316339 0.288167 2
0.0073159 0.0314609 0.289273 2
0.00939377 0.0306794 0.29 2
-0.0345261 0.0344384 0.28919 2
-0.0323137 0.0349998 0.288143 2
0.00198181 0.0351608 0.288 2
0.00430907 0.0345549 0.288636 2
0.00687523 0.0339873 0.29 2
-0.0340222 0.037158 0.28975 2
-0.0314687 0.0375135 0.288444 2
-0.0286887 0.038352 0.288 2
-0.0269379 0.0386023 0.288 2
-5.03908e-05 0.0382894 0.288 2
0.00156901 0.037716 0.288118 2
0.00443711 0.0374086 0.289545 2
-0.0334213 0.0391854 0.29 2
-0.0311119 0.0400847 0.289529 2
-0.0284377 0.0407061 0.289111 2
-0.0263126 0.040688 0.288 2
-0.00683927 0.0409711 0.288 2
-0.00443505 0.0408684 0.288533 2
-0.00122564 0.0408033 0.288625 2
0.00145635 0.0404423 0.289067 2
0.00363406 0.0395965 0.289714 2
-0.0275499 0.0428922 0.2895 2
-0.0254632 0.043447 0.289 2
-0.0225766 0.0433261 0.2882 2
-0.0194479 0.0433261 0.2882 2
-0.0163193 0.0433261 0.2882 2
-0.0135035 0.0433261 0.2882 2
-0.0106878 0.0433261 0.2882 2
-0.00758004 0.0434527 0.28904 2
-0.00475216 0.0432079 0.289882 2
-0.00157985 0.0430108 0.29 2
0.00120853 0.0426507 0.29 2
-0.0255509 0.0454861 0.29 2
-0.0226914 0.0460638 0.289667 2
-0.0194384 0.0462182 0.289706 2
-0.0164071 0.046392 0.28975 2
-0.0133295 0.0464479 0.289789 2
-0.0105044 0.0462541 0.289235 2
-0.0078251 0.0463571 0.289882 2
-0.00571744 0.0454861 0.29 2
-0.018625 0.0480063 0.29 2
-0.0164212 0.0480063 0.29 2
-0.0132731 0.0480063 0.29 2
-0.0104397 0.0480063 0.29 2
-0.00792116 0.0480063 0.29 2
-0.00641274 -0.0724483 0.293 2
-0.00449945 -0.0723494 0.2926 2
-0.000957802 -0.0726152 0.292571 2
0.00144621 -0.0728932 0.292 2
0.00437172 -0.0729021 0.291 2
0.00723746 -0.0731527 0.292 2
-0.0466483 -0.069029 0.292 2
-0.00686633 -0.0699814 0.292 2
-0.00493271 -0.0708073 0.292 2
-0.00143494 -0.0710921 0.292182 2
0.00144585 -0.0710605 0.291818 2
0.00373991 -0.0716377 0.291 2
0.00784665 -0.0716377 0.291 2
-0.051543 -0.0668959 0.291 2
-0.0498087 -0.067184 0.291333 2
-0.0468385 -0.068014 0.292 2
-0.0402406 -0.0679608 0.2915 2
-0.0377705 -0.0668086 0.292 2
-0.00991154 -0.0673556 0.293 2
-0.00773979 -0.0677026 0.292474 2
-0.00535808 -0.0684133 0.291 2
-0.0369224 -0.0647344 0.2918 2
-0.0356755 -0.064491 0.293 2
-0.00991154 -0.0654459 0.293 2
0.0198626 -0.015693 0.291167 2
0.0218958 -0.0157922 0.293 2
0.0198393 -0.01366 0.292143 2
0.0218958 -0.014519 0.293 2
0.0192852 -0.0119318 0.292 2
0.0177123 -0.0074952 0.2922 2
0.0183468 -0.0074952 0.2922 2
0.0177366 -0.00432731 0.2926 2
0.0183719 -0.00432731 0.2926 2
0.0177609 -0.00146902 0.293 2
0.018397 -0.00146902 0.293 2
0.0167263 0.00139025 0.2916 2
0.0167493 0.00456291 0.292 2
0.0163281 0.00762924 0.292 2
0.0141647 0.0108697 0.291 2
0.0158675 0.0100155 0.292429 2
0.0141842 0.0134184 0.2914 2
0.0155343 0.0128542 0.293 2
-0.0484838 0.0165953 0.2916 2
-0.0471744 0.0172125 0.291333 2
0.0140028 0.0168282 0.292 2
-0.0486611 0.0191989 0.292667 2
-0.0468341 0.0198825 0.291833 2
0.013506 0.0196398 0.291889 2
-0.0464711 0.0224139 0.292625 2
-0.0445386 0.022382 0.291333 2
0.0136769 0.0225099 0.292556 2
-0.0451405 0.0252255 0.2925 2
-0.0436868 0.0253713 0.291571 2
0.0116375 0.0260435 0.291 2
0.0129543 0.0255169 0.2922 2
-0.04326 0.0284673 0.292273 2
-0.0414283 0.0291179 0.2914 2
0.0112879 0.0288724 0.291286 2
0.0129898 0.0281322 0.293 2
-0.042355 0.0303602 0.293 2
-0.0403093 0.0315265 0.292 2
-0.0382751 0.032682 0.291 2
0.00879435 0.0320497 0.291 2
0.0103987 0.0314895 0.291667 2
0.0120355 0.0309968 0.293 2
-0.0398104 0.0332249 0.293 2
-0.0377738 0.0346986 0.292 2
0.00803484 0.0348224 0.291615 2
0.0100682 0.0342663 0.292692 2
-0.0368561 0.037588 0.292267 2
-0.0352134 0.0378411 0.291429 2
0.0074491 0.0374761 0.292043 2
0.00949094 0.0370444 0.293 2
-0.0366686 0.0399457 0.2928 2
-0.0345249 0.0404948 0.291867 2
-0.032431 0.0412172 0.291 2
0.0024763 0.0415334 0.291 2
0.0045795 0.0408711 0.291625 2
0.0069407 0.0400344 0.29275 2
-0.0339616 0.0432773 0.292714 2
-0.031434 0.0435804 0.292 2
-0.0290423 0.0436913 0.291333 2
-0.00352585 0.0440623 0.291 2
-0.000682722 0.0440623 0.291 2
0.00171984 0.0438397 0.2912 2
0.00428908 0.0433281 0.292444 2
-0.0315406 0.0456383 0.293 2
-0.0285152 0.0463524 0.292174 2
-0.0255455 0.0470058 0.291308 2
-0.02248 0.0475396 0.291 2
-0.0202687 0.0475396 0.291 2
-0.00636897 0.0469074 0.291 2
-0.00436473 0.0463718 0.291087 2
-0.00131724 0.0463784 0.29164 2
0.00134606 0.0461917 0.292333 2
0.00312947 0.0456383 0.293 2
-0.0279688 0.0492503 0.2929 2
-0.0254285 0.0493238 0.2922 2
-0.022527 0.0495389 0.2916 2
-0.0197193 0.0495463 0.291 2
-0.0164778 0.0497525 0.291 2
-0.0133188 0.0497525 0.291 2
-0.0104757 0.0497525 0.291 2
-0.0075724 0.0496772 0.291 2
-0.00448103 0.049532 0.29156 2
-0.00138771 0.0493372 0.292579 2
0.000584882 0.0491395 0.293 2
-0.0274056 0.0510493 0.293 2
-0.025123 0.0520229 0.293 2
-0.0225967 0.0525515 0.2925 2
-0.0196778 0.0523901 0.2916 2
-0.0164778 0.0522814 0.291 2
-0.0133367 0.0523542 0.2914 2
-0.0105022 0.0524167 0.29175 2
-0.0076588 0.0524611 0.292 2
-0.00449706 0.0525693 0.2926 2
-0.00195971 0.0515268 0.293 2
-0.0216803 0.0545505 0.293 2
-0.0194205 0.055094 0.2925 2
-0.0165628 0.055094 0.2925 2
-0.0133383 0.0553748 0.292583 2
-0.0105401 0.0554682 0.2928 2
-0.00768101 0.0554756 0.29284 2
-0.00480366 0.0551309 0.293 2
-0.0130923 0.0574151 0.293 2
-0.0105477 0.0574151 0.293 2
-0.00768503 0.0580517 0.293 2
-0.00577659 0.0580517 0.293 2
-0.0125836 -0.0728686 0.296 2
-0.0112984 -0.0728686 0.296 2
-0.00744239 -0.0728686 0.296 2
-0.0035743 -0.0739042 0.295 2
-0.00164724 -0.0736538 0.294 2
-0.0396894 -0.0702304 0.295143 2
-0.0374057 -0.0702922 0.295462 2
-0.035919 -0.0690973 0.295 2
-0.0154756 -0.0693315 0.296 2
-0.0132781 -0.0704206 0.295429 2
-0.0106017 -0.0705809 0.2945 2
-0.00824319 -0.0706729 0.294 2
-0.0456912 -0.0685437 0.294 2
-0.0375098 -0.0681371 0.294083 2
-0.0348733 -0.0670067 0.295071 2
-0.0154756 -0.0674022 0.296 2
-0.0136126 -0.0674143 0.295565 2
-0.0112221 -0.0679049 0.294 2
-0.0364356 -0.0656692 0.294 2
-0.0345672 -0.0651731 0.294909 2
-0.0125411 -0.0658926 0.295 2
0.0203747 -0.0123329 0.294 2
0.0218089 -0.0128607 0.2944 2
0.0197931 -0.0104451 0.294833 2
0.0216201 -0.0107997 0.29575 2
0.0195361 -0.00758929 0.2958 2
0.0195098 -0.00436959 0.2954 2
0.0194834 -0.00147905 0.295 2
0.0178215 0.00140037 0.294 2
0.0191862 0.00140672 0.295333 2
0.0178215 0.00459416 0.294 2
0.0191862 0.004615 0.295333 2
0.0178215 0.00746858 0.294 2
0.0190046 0.00717243 0.295 2
0.0173537 0.0107248 0.294909 2
0.0185603 0.0104006 0.2956 2
0.016649 0.0137565 0.295067 2
0.0185854 0.0123427 0.296 2
0.016283 0.016467 0.295 2
0.0160227 0.0190943 0.295286 2
-0.0476061 0.0234376 0.294 2
0.0156403 0.0225559 0.295 2
-0.0481698 0.0254842 0.2955 2
-0.046649 0.0255305 0.294615 2
-0.0447337 0.0269507 0.294 2
0.0143108 0.0256732 0.294 2
0.0156669 0.0254842 0.2955 2
-0.0482513 0.027134 0.296 2
-0.0463272 0.0283442 0.2952 2
-0.0448098 0.0285972 0.2945 2
0.0140943 0.0288182 0.2948 2
0.0156934 0.0274555 0.296 2
-0.0482513 0.0306711 0.296 2
-0.0466061 0.0306452 0.29575 2
-0.0434915 0.031436 0.2945 2
-0.041223 0.0326995 0.294 2
0.0114383 0.0323801 0.294 2
0.0133955 0.0314098 0.294889 2
-0.0426442 0.0334517 0.295 2
-0.0407754 0.034518 0.294714 2
0.0111321 0.0348683 0.294333 2
0.0127809 0.0344718 0.2955 2
-0.0403644 0.0371472 0.2955 2
-0.0386697 0.0374902 0.294 2
0.00888502 0.0384484 0.294 2
0.0107762 0.0375178 0.294571 2
0.012569 0.0369393 0.295556 2
-0.0398065 0.0403994 0.295692 2
-0.0377986 0.0408831 0.294667 2
-0.0357973 0.0416421 0.294 2
0.00811284 0.0409208 0.294462 2
0.0102577 0.0402865 0.295429 2
0.0121588 0.039353 0.296 2
-0.0392541 0.0425685 0.296 2
-0.0373007 0.0434954 0.295429 2
-0.0354258 0.0440506 0.294444 2
0.00537426 0.0445165 0.294 2
0.0075487 0.0435324 0.295 2
0.00958812 0.0435332 0.296 2
-0.0367906 0.045784 0.296 2
-0.0343189 0.0465919 0.295 2
-0.0316482 0.0470716 0.294 2
0.00250183 0.0470716 0.294 2
0.00456986 0.0466096 0.294667 2
0.00748626 0.0464621 0.295789 2
0.00958812 0.0451409 0.296 2
-0.0337915 0.0493212 0.296 2
-0.0314112 0.0494358 0.29476 2
-0.0291548 0.0496968 0.294143 2
-5.14406e-05 0.0505848 0.294 2
0.00178532 0.049419 0.294187 2
0.00435733 0.0494515 0.295522 2
0.00669615 0.048678 0.296 2
-0.031335 0.0524544 0.295632 2
-0.0285537 0.0526535 0.294474 2
-0.0263821 0.0531398 0.294 2
-0.00102769 0.0528768 0.294 2
0.00154858 0.0526175 0.29465 2
0.00375063 0.0525916 0.295615 2
-0.0309798 0.0548679 0.296 2
-0.028293 0.0556823 0.295625 2
-0.0254907 0.0554098 0.294556 2
-0.0226661 0.0556492 0.294 2
-0.0195202 0.0569723 0.294 2
-0.0166477 0.0569723 0.294 2
-0.0147328 0.0569723 0.294 2
-0.00388135 0.0564932 0.294 2
-0.0013288 0.0554512 0.2944 2
0.00155067 0.0555876 0.295125 2
0.00373777 0.0551361 0.2958 2
-0.0252227 0.0575743 0.296 2
-0.0223216 0.0583601 0.295476 2
-0.0195079 0.0588738 0.295235 2
-0.0166255 0.0586773 0.294789 2
-0.0135502 0.058872 0.294313 2
-0.0105837 0.0588886 0.294 2
-0.00771126 0.0595274 0.294 2
-0.00430059 0.0587201 0.294471 2
-0.00138749 0.0584781 0.295417 2
0.00141686 0.0582048 0.295857 2
0.00316151 0.0576814 0.296 2
-0.0190103 0.060897 0.296 2
-0.0164396 0.0608969 0.296 2
-0.0133954 0.0614229 0.295778 2
-0.0103835 0.0614825 0.295474 2
-0.00751555 0.0613143 0.295177 2
-0.00478415 0.0612896 0.295563 2
-0.00187266 0.0607898 0.296 2
-0.0103344 0.0634694 0.296 2
-0.00840638 0.0634694 0.296 2
-0.00751782 -0.0752311 0.299 2
-0.0369148 -0.0723619 0.297 2
-0.0341339 -0.0726327 0.299 2
-0.0282914 -0.0726327 0.299 2
-0.0253701 -0.0726327 0.299 2
-0.0227734 -0.0726327 0.299 2
-0.0185538 -0.0726327 0.299 2
-0.0162185 -0.0726729 0.297833 2
-0.0143447 -0.0730468 0.297286 2
-0.00911018 -0.0733609 0.298 2
-0.00749376 -0.0741159 0.298 2
-0.00521062 -0.0744053 0.297 2
-0.0456684 -0.0699644 0.2976 2
-0.0434946 -0.0705533 0.298643 2
-0.0410456 -0.0713056 0.2978 2
-0.0371298 -0.0715015 0.297 2
-0.0342237 -0.0704071 0.2981 2
-0.0314669 -0.069987 0.298333 2
-0.028522 -0.0705325 0.298583 2
-0.0255847 -0.0706568 0.298619 2
-0.0227202 -0.0704075 0.298304 2
-0.0194589 -0.0704263 0.298429 2
-0.0165936 -0.0707413 0.2976 2
-0.0148831 -0.0708563 0.297 2
-0.0343355 -0.0682752 0.297 2
-0.031659 -0.0673301 0.2971 2
-0.0284724 -0.0674216 0.2975 2
-0.0255228 -0.0673073 0.297 2
-0.0226211 -0.0673073 0.297 2
-0.0193355 -0.0673841 0.297 2
-0.0168176 -0.0676299 0.297 2
-0.0316487 -0.0653714 0.297 2
-0.0285167 -0.0650027 0.297 2
-0.0253079 -0.0649412 0.297 2
-0.0229435 -0.0653714 0.297 2
-0.0200418 -0.0653715 0.297 2
0.0221948 -0.00987766 0.297 2
0.0205966 -0.00762347 0.2972 2
0.021907 -0.00763002 0.297467 2
0.0206243 -0.004403 0.2976 2
0.0219763 -0.00441338 0.2984 2
0.0205827 -0.00148908 0.297 2
0.0219471 -0.00149482 0.298 2
0.0205966 0.00141648 0.2972 2
0.0219369 0.00141966 0.297867 2
0.0206058 0.00399953 0.297333 2
0.0216885 0.00374894 0.298 2
0.0199378 0.00775988 0.297 2
0.0212275 0.00689951 0.297 2
0.019655 0.0104709 0.2976 2
0.0190284 0.0137147 0.297875 2
0.0189703 0.0162408 0.298429 2
0.0170361 0.0201277 0.297 2
0.0184244 0.0195886 0.2986 2
0.0170361 0.0227088 0.297 2
0.0184491 0.0225369 0.299 2
0.0170648 0.0256567 0.2975 2
0.0184492 0.0241609 0.299 2
-0.0484144 0.0288389 0.297 2
-0.0477695 0.0288389 0.297 2
0.0165325 0.0286904 0.297857 2
-0.0462363 0.0321193 0.2975 2
0.0144567 0.0323879 0.297 2
0.016241 0.0311109 0.298167 2
-0.0462008 0.0339761 0.298667 2
-0.0438318 0.0346399 0.297625 2
0.0144762 0.0343713 0.2974 2
0.0158418 0.0345326 0.2988 2
-0.0437582 0.0373216 0.298857 2
-0.0416436 0.0378728 0.297 2
0.0139318 0.0377139 0.297571 2
-0.0430366 0.0405408 0.298833 2
-0.0415825 0.0402849 0.297333 2
0.011555 0.0407765 0.297 2
0.0131914 0.0404263 0.298077 2
-0.042178 0.0432534 0.2985 2
-0.0405239 0.043517 0.297824 2
-0.0387419 0.0440029 0.297 2
0.0109305 0.0434363 0.297533 2
0.0126965 0.0431521 0.298556 2
-0.0399353 0.0458649 0.2982 2
-0.0376406 0.0467813 0.297308 2
0.00897568 0.0469066 0.297 2
0.010625 0.0465784 0.298 2
0.012282 0.0465729 0.299 2
-0.0372338 0.0493334 0.298571 2
-0.0351953 0.0494878 0.297 2
0.00758753 0.0497591 0.297333 2
0.0101467 0.0494774 0.298474 2
0.012282 0.0481969 0.299 2
-0.0367307 0.0517699 0.299 2
-0.0345705 0.0523855 0.297778 2
-0.032616 0.053682 0.297 2
0.0054291 0.0523915 0.297 2
0.00731747 0.052425 0.298 2
0.00936071 0.0517699 0.299 2
-0.0343973 0.0552428 0.298462 2
-0.0319517 0.0556351 0.297091 2
-0.0297142 0.0565858 0.297 2
0.00500226 0.055757 0.297167 2
0.00719303 0.055204 0.298833 2
-0.0331602 0.0576164 0.299 2
-0.0313388 0.058248 0.298429 2
-0.028511 0.0587002 0.2979 2
-0.0256694 0.0590133 0.2972 2
-0.0235883 0.0594895 0.297 2
0.00252736 0.0591668 0.297 2
0.00470313 0.0586025 0.2979 2
0.00676402 0.0579413 0.299 2
-0.0305635 0.0605397 0.299 2
-0.0281627 0.0609278 0.298778 2
-0.0255415 0.0612294 0.298286 2
-0.0227371 0.0616777 0.297364 2
-0.0196119 0.0621782 0.297 2
-0.0164952 0.0623933 0.297 2
-0.0148831 0.0623933 0.297 2
-0.00359854 0.0623933 0.297 2
-0.00104165 0.0620256 0.2974 2
0.00151332 0.0614999 0.297684 2
0.00425378 0.0610874 0.2985 2
-0.0245587 0.0636255 0.299 2
-0.022278 0.0645776 0.298571 2
-0.0194568 0.0645247 0.2979 2
-0.0165229 0.0644385 0.2975 2
-0.0136163 0.0644385 0.2975 2
-0.0103693 0.0649744 0.297 2
-0.00733248 0.0644525 0.297143 2
-0.00457348 0.0644385 0.2975 2
-0.00134687 0.0646328 0.2984 2
0.00124603 0.0642931 0.299 2
0.00319356 0.0631382 0.299 2
-0.0214751 0.0667112 0.299 2
-0.0192493 0.0670824 0.299 2
-0.0166062 0.0673608 0.299 2
-0.0136765 0.0673162 0.2988 2
-0.0103393 0.0674756 0.298565 2
-0.00755848 0.0675233 0.298579 2
-0.00459127 0.0672938 0.2987 2
-0.00189164 0.0671442 0.299 2
-0.00978993 0.0696345 0.299 2
-0.0078424 0.0696345 0.299 2
-0.0127963 -0.0754074 0.301 2
-0.00923247 -0.0756579 0.302 2
-0.00857678 -0.0756579 0.302 2
-0.0361157 -0.0740176 0.302 2
-0.0348865 -0.0727594 0.300286 2
-0.0312182 -0.0732385 0.300444 2
-0.028386 -0.0738533 0.3 2
-0.02652 -0.0740994 0.301 2
-0.0216187 -0.0727915 0.301 2
-0.0197693 -0.0736105 0.301286 2
-0.0170071 -0.0739354 0.300333 2
-0.010216 -0.0743456 0.302 2
-0.0316427 -0.0712461 0.3 2
0.0207906 0.00566562 0.3 2
0.0219678 0.00551157 0.3005 2
0.0207906 0.00827279 0.3 2
0.0225248 0.00785362 0.3014 2
0.0242076 0.00832794 0.302 2
0.0207906 0.0105541 0.3 2
0.0225252 0.0106029 0.3014 2
0.0242076 0.0106244 0.302 2
0.0208426 0.0135217 0.30075 2
0.0224387 0.0134731 0.301133 2
0.0241541 0.013219 0.301333 2
0.0204103 0.016898 0.300778 2
0.0218352 0.0161322 0.301571 2
0.0201854 0.0193963 0.300667 2
0.0215848 0.0194823 0.302 2
0.0198795 0.0223607 0.301 2
0.01922 0.0256193 0.300875 2
0.0188472 0.0282643 0.3012 2
0.0172081 0.0320633 0.3 2
0.0186096 0.0315803 0.3016 2
-0.0468408 0.0353223 0.3 2
0.0172512 0.0344313 0.30075 2
0.0186343 0.0335893 0.302 2
-0.0465357 0.0372725 0.300833 2
-0.0446697 0.0385812 0.3 2
0.0166865 0.0375472 0.301 2
-0.0459602 0.0406338 0.3012 2
-0.0446252 0.0403268 0.30025 2
0.0146028 0.0408625 0.3 2
0.0159717 0.0403791 0.30125 2
-0.0457871 0.0426112 0.302 2
-0.0436793 0.0434553 0.3008 2
0.014201 0.0437835 0.300667 2
0.0160115 0.0434314 0.302 2
-0.0428783 0.0461922 0.3016 2
-0.0407236 0.0468908 0.3002 2
0.0139007 0.0463262 0.300444 2
0.0160115 0.0457279 0.302 2
-0.0398518 0.0493054 0.301 2
-0.0381562 0.0506394 0.3 2
0.0116717 0.0499876 0.3 2
0.0133405 0.049479 0.300875 2
0.015028 0.0490086 0.302 2
-0.0397219 0.0519612 0.302 2
-0.0378067 0.0529289 0.300667 2
0.0106368 0.0528681 0.300625 2
0.0129783 0.0522863 0.3016 2
-0.0375559 0.0552723 0.301143 2
-0.0355508 0.0561797 0.3 2
0.00808932 0.0561797 0.3 2
0.0102637 0.0553345 0.301111 2
0.0124052 0.0549138 0.302 2
-0.0368226 0.0582292 0.30175 2
-0.0346613 0.0586076 0.30075 2
-0.0326198 0.0591127 0.3 2
0.00784497 0.0587741 0.3006 2
0.00945463 0.0585226 0.302 2
-0.033957 0.0610968 0.30175 2
-0.0315217 0.0616686 0.3007 2
-0.0287117 0.0622087 0.3 2
-0.0264319 0.0626976 0.3 2
0.00504972 0.0624803 0.3 2
0.00738717 0.0614202 0.300833 2
0.00945463 0.060491 0.302 2
-0.0334929 0.0634436 0.302 2
-0.0312698 0.0643625 0.3015 2
-0.0284806 0.0645431 0.301 2
-0.02568 0.0646667 0.30025 2
-0.0235009 0.0656307 0.3 2
0.00206438 0.0653048 0.3 2
0.00451381 0.0645439 0.3004 2
0.00726523 0.0642833 0.301833 2
-0.0305423 0.0663963 0.302 2
-0.0282474 0.0668884 0.302 2
-0.0255564 0.0672446 0.301647 2
-0.0226463 0.0677503 0.300615 2
-0.0202442 0.0682379 0.3 2
-0.000540999 0.067912 0.3 2
0.001578 0.0676424 0.30025 2
0.00441864 0.0672684 0.301333 2
0.00683188 0.0663963 0.302 2
-0.0245943 0.0699582 0.302 2
-0.0226973 0.0704551 0.301529 2
-0.0196201 0.0702873 0.3004 2
-0.0163361 0.0701932 0.3 2
-0.0134051 0.0701932 0.3 2
-0.0107532 0.0704726 0.3 2
-0.00734756 0.0705843 0.3 2
-0.00461191 0.0701932 0.3 2
-0.00135746 0.0703345 0.3006 2
0.00158219 0.0704567 0.301125 2
0.00381358 0.0700243 0.3018 2
-0.0222007 0.0729752 0.3018 2
-0.019515 0.073415 0.301546 2
-0.0164232 0.0735176 0.3016 2
-0.0134587 0.0734197 0.3012 2
-0.0105159 0.0734197 0.3012 2
-0.00757313 0.0734197 0.3012 2
-0.00463229 0.0734589 0.30136 2
-0.00159215 0.0733361 0.3018 2
0.00125853 0.0726296 0.302 2
-0.0105438 0.0759103 0.302 2
-0.00759325 0.0759103 0.302 2
-0.00529834 0.0759103 0.302 2
-0.0347048 -0.0751682 0.304 2
-0.0215041 -0.0751682 0.304 2
-0.0202505 -0.0764095 0.305 2
-0.0165879 -0.0763093 0.3046 2
-0.0142438 -0.076159 0.304 2
-0.0109628 -0.0762842 0.3045 2
-0.0341543 -0.0745497 0.3035 2
-0.032946 -0.0745918 0.303 2
-0.0243938 -0.0745918 0.303 2
-0.02262 -0.0745497 0.3035 2
0.0231329 0.00456011 0.303857 2
0.0244481 0.00476606 0.305 2
0.0231106 0.00691017 0.303571 2
0.0243946 0.00673854 0.304333 2
0.022972 0.0169135 0.303 2
0.0242878 0.0169135 0.303 2
0.022998 0.0195684 0.303333 2
0.0243679 0.0196114 0.304 2
0.0209985 0.0221801 0.303 2
0.0224789 0.0225639 0.304222 2
0.0244481 0.0216638 0.305 2
0.0216908 0.0253912 0.3044 2
0.0200116 0.0287632 0.303 2
0.0214682 0.0272964 0.305 2
0.0200777 0.0315 0.304 2
0.0195843 0.0347199 0.304 2
0.0190225 0.0372463 0.304 2
0.0173946 0.0406472 0.30325 2
0.018804 0.0401861 0.30475 2
-0.0462347 0.044036 0.303 2
-0.0447874 0.0445627 0.303 2
0.0174376 0.0433888 0.304 2
-0.0461968 0.0469178 0.304857 2
-0.0441788 0.0468076 0.303333 2
0.0170453 0.0465995 0.303714 2
-0.0431133 0.0491678 0.304333 2
-0.0411692 0.0501583 0.303 2
0.0144199 0.0508167 0.303 2
0.0166205 0.049585 0.303947 2
-0.0410147 0.0527997 0.3038 2
0.0140989 0.052821 0.303167 2
0.0157839 0.0526219 0.303917 2
-0.0404265 0.0550574 0.304 2
-0.0385377 0.0567415 0.303 2
0.0117884 0.0564123 0.303 2
0.0135824 0.0555695 0.303562 2
0.0157583 0.0552063 0.3047 2
-0.0400061 0.058294 0.305 2
-0.0382934 0.0586262 0.303667 2
0.0111435 0.0584515 0.303333 2
0.0132799 0.0585859 0.304692 2
0.0151773 0.057116 0.305 2
-0.0391232 0.0604293 0.305 2
-0.0370869 0.0612104 0.304091 2
-0.0351133 0.0620594 0.30325 2
0.0106267 0.0616033 0.3036 2
0.0130149 0.0610421 0.30475 2
-0.0364744 0.0640739 0.305 2
-0.0346678 0.0644535 0.303667 2
-0.0324526 0.0654641 0.303 2
0.00817022 0.0652995 0.303 2
0.0104449 0.0644018 0.304158 2
0.0125285 0.0637426 0.305 2
-0.0338994 0.0670934 0.304667 2
-0.0313533 0.0677157 0.3035 2
-0.028801 0.0682025 0.303222 2
-0.0263674 0.0685911 0.303 2
0.00553878 0.0685911 0.303 2
0.00761019 0.067777 0.303143 2
0.0101951 0.0672767 0.3045 2
-0.0313552 0.0699258 0.3048 2
-0.0284215 0.0704347 0.30385 2
-0.0257167 0.0706953 0.303083 2
0.00510326 0.0707149 0.303167 2
0.00745057 0.0703943 0.304286 2
0.00954855 0.0693751 0.305 2
-0.0280764 0.0731412 0.304714 2
-0.0254392 0.0735309 0.303687 2
-0.0229234 0.0740529 0.303125 2
-5.30154e-05 0.0741867 0.303 2
0.00178899 0.0739234 0.303 2
0.00456392 0.0734346 0.3037 2
0.00689975 0.0730198 0.305 2
-0.0272036 0.075339 0.305 2
-0.0253485 0.0761739 0.304583 2
-0.022491 0.0764016 0.30395 2
-0.0194813 0.0765757 0.303333 2
-0.0165176 0.0765757 0.303333 2
-0.0134518 0.0767153 0.303143 2
-0.0105788 0.0774783 0.303 2
-0.00761839 0.0774782 0.303 2
-0.00437609 0.0771021 0.303 2
-0.00126037 0.0763842 0.303444 2
0.00159914 0.0764926 0.304312 2
0.00434478 0.076126 0.304929 2
-0.0245548 0.078321 0.305 2
-0.0225399 0.0782183 0.3046 2
-0.0195669 0.0788981 0.304667 2
-0.0164062 0.0793959 0.304762 2
-0.0136676 0.0795907 0.304222 2
-0.0105962 0.0795855 0.3035 2
-0.00763096 0.0795855 0.3035 2
-0.00467056 0.0796903 0.3039 2
-0.00149061 0.07947 0.304652 2
0.00127104 0.0786523 0.305 2
0.00325764 0.078321 0.305 2
-0.015284 0.0819656 0.305 2
-0.0134078 0.0824074 0.305 2
-0.0106311 0.0824939 0.3045 2
-0.00732971 0.0825477 0.3047 2
-0.00435767 0.0819656 0.305 2
-0.0252713 -0.0764658 0.307 2
-0.0225029 -0.076661 0.3068 2
-0.0189882 -0.07666 0.306 2
-0.0229744 -0.0749979 0.306 2
0.0239418 0.0231399 0.307 2
0.0246084 0.0231399 0.307 2
0.023248 0.0257884 0.30775 2
0.0244389 0.0254193 0.307667 2
0.0222776 0.0284748 0.307 2
0.0219609 0.0317203 0.306571 2
0.0215737 0.0344238 0.3065 2
0.0202098 0.0380232 0.306 2
0.0216794 0.0376025 0.308 2
0.0202758 0.040482 0.307 2
0.0195983 0.0434558 0.3068 2
0.0195303 0.0466528 0.306889 2
-0.0456375 0.0497399 0.3065 2
-0.0442343 0.0503225 0.306 2
0.0192226 0.0495179 0.3072 2
-0.0458609 0.052659 0.308 2
-0.0435604 0.0525777 0.306444 2
0.0175523 0.0526494 0.306 2
0.0189428 0.052488 0.307 2
-0.0458609 0.0553356 0.308 2
-0.0437759 0.0555682 0.307438 2
-0.0415768 0.056306 0.306 2
0.017321 0.0559504 0.3066 2
0.0190044 0.0553357 0.308 2
-0.0458608 0.0570086 0.308 2
-0.0429974 0.0580031 0.3076 2
-0.0413794 0.058491 0.307 2
0.0145626 0.0589653 0.306 2
0.0163062 0.0584849 0.30675 2
0.0180014 0.0586816 0.308 2
-0.0421829 0.0606891 0.308 2
-0.0403442 0.0613486 0.307308 2
-0.0382137 0.0622639 0.3062 2
0.0140882 0.0620577 0.3065 2
0.0159699 0.0614815 0.3075 2
-0.0394653 0.0643006 0.307667 2
-0.0377346 0.0645252 0.306538 2
-0.0359296 0.0656136 0.306 2
0.0119052 0.0656136 0.306 2
0.0137386 0.0646097 0.306643 2
0.0153141 0.0646524 0.30775 2
-0.0371234 0.0674765 0.307167 2
-0.0352653 0.0678297 0.306 2
0.0119052 0.0676081 0.306 2
0.0135503 0.0674428 0.306941 2
0.0153265 0.0670462 0.308 2
-0.0364989 0.0700575 0.308 2
-0.0343818 0.0704982 0.307 2
-0.0318327 0.0712647 0.306 2
0.00825111 0.0719295 0.306 2
0.0106958 0.0706509 0.306222 2
0.0131327 0.0702773 0.3075 2
-0.033824 0.0723996 0.308 2
-0.0316199 0.0734036 0.307 2
-0.0296181 0.073924 0.306 2
0.00799076 0.0738398 0.3062 2
0.0104716 0.0734407 0.307222 2
0.0126517 0.0727342 0.308 2
-0.0306231 0.0763529 0.30775 2
-0.0284991 0.0765248 0.306714 2
-0.0261302 0.0774144 0.306 2
0.00515071 0.0772482 0.306 2
0.00760588 0.0764384 0.30675 2
0.0100831 0.0762622 0.307833 2
-0.0279504 0.0790275 0.30775 2
-0.025657 0.0796078 0.306857 2
-0.0225681 0.0799352 0.306286 2
-0.0196525 0.0805723 0.306 2
-0.0176594 0.0805723 0.306 2
-5.35403e-05 0.0805723 0.306 2
0.0018067 0.0799739 0.306 2
0.00476793 0.0796622 0.306762 2
0.00763067 0.079362 0.30775 2
-0.024981 0.0819827 0.3078 2
-0.0223192 0.0824758 0.307429 2
-0.0196852 0.0823696 0.3065 2
-0.0168954 0.0827995 0.306 2
-0.0143376 0.0835641 0.306 2
-0.00437196 0.083564 0.306 2
-0.00141959 0.082686 0.306167 2
0.00160977 0.0823359 0.306375 2
0.00461843 0.082598 0.30735 2
0.00696761 0.0814335 0.308 2
-0.0217871 0.0844448 0.308 2
-0.0195537 0.0854122 0.307333 2
-0.0165215 0.085516 0.306111 2
-0.013341 0.0855585 0.306 2
-0.0103636 0.0856642 0.306375 2
-0.00737366 0.0856994 0.3065 2
-0.0044785 0.085656 0.306857 2
-0.00127697 0.0853602 0.307278 2
0.00154936 0.0852715 0.3076 2
0.00426139 0.0849674 0.307909 2
-0.0186034 0.0880896 0.307875 2
-0.0164013 0.0885968 0.307313 2
-0.0133886 0.0885353 0.3071 2
-0.0104059 0.0886871 0.307625 2
-0.00749157 0.0885257 0.307938 2
-0.00417763 0.0875676 0.308 2
-0.00139132 0.0871215 0.308 2
0.00128354 0.0871215 0.308 2
-0.0181092 0.0904674 0.308 2
-0.0161593 0.0911707 0.307909 2
-0.0134914 0.091372 0.307842 2
-0.0107533 0.090802 0.308 2
-0.00874718 0.0904674 0.308 2
-0.0154343 0.0931441 0.308 2
-0.0137626 0.0931441 0.308 2
0.0259418 0.0261442 0.311 2
0.0230915 0.0296684 0.309 2
0.0252271 0.0284633 0.3105 2
0.0230915 0.0310111 0.309 2
0.025237 0.0315113 0.310625 2
0.0231288 0.0347608 0.3095 2
0.0247901 0.0343295 0.310667 2
0.0232036 0.0375716 0.3105 2
0.0224767 0.0405073 0.30975 2
0.0223888 0.0431171 0.309857 2
0.0218201 0.0462657 0.31 2
0.0204079 0.0498089 0.309 2
0.0218905 0.0494556 0.311 2
0.0204245 0.0522016 0.30925 2
0.0218905 0.0514826 0.311 2
-0.0460097 0.0555153 0.309 2
0.020474 0.0553582 0.31 2
-0.0450519 0.0586003 0.309333 2
-0.0437779 0.0591392 0.309143 2
0.017389 0.0598791 0.309 2
0.0194612 0.0582964 0.309923 2
-0.045149 0.0607464 0.31 2
-0.0434798 0.0615355 0.309538 2
-0.041649 0.0622288 0.309 2
0.0174311 0.0617077 0.30975 2
0.0187552 0.0612485 0.3105 2
-0.0424568 0.0637773 0.31 2
-0.0408065 0.0643872 0.309545 2
-0.0389654 0.0659212 0.309 2
0.0166943 0.064572 0.309429 2
0.0181475 0.0645558 0.3105 2
-0.0401079 0.0671788 0.310333 2
-0.0382945 0.0679353 0.309 2
0.0147054 0.0686066 0.309 2
0.016674 0.0677052 0.310077 2
0.0181767 0.0666858 0.311 2
-0.0395553 0.0693886 0.311 2
-0.0375937 0.0708853 0.309667 2
0.0142082 0.0709852 0.309125 2
0.0159706 0.0704011 0.3101 2
-0.0369652 0.0735203 0.310714 2
-0.034661 0.0737614 0.3095 2
-0.0325921 0.0746487 0.309 2
0.0136412 0.0737759 0.309562 2
0.015581 0.0730989 0.3104 2
-0.0342937 0.0762326 0.310615 2
-0.0321097 0.0765773 0.309429 2
0.0110156 0.0769984 0.309 2
0.0133445 0.076454 0.310158 2
-0.0331051 0.0791019 0.310667 2
-0.031285 0.0793813 0.31 2
-0.0290938 0.0800845 0.30925 2
0.0104271 0.0795551 0.309222 2
0.0126994 0.0792707 0.3108 2
-0.0307773 0.0823393 0.311 2
-0.0286719 0.0826694 0.310125 2
-0.0264081 0.0827721 0.30925 2
0.00788475 0.082593 0.309 2
0.0103792 0.0826369 0.31 2
0.0124373 0.0818888 0.311 2
-0.028019 0.0852817 0.310778 2
-0.0254818 0.085256 0.31 2
-0.0226246 0.0854862 0.309 2
0.00262948 0.086733 0.309 2
0.00492966 0.0861576 0.309 2
0.007687 0.085331 0.31 2
0.00973639 0.0856051 0.311 2
-0.0249253 0.0884206 0.311 2
-0.0226774 0.0885114 0.31 2
-0.0200688 0.0886352 0.309 2
-0.00441482 0.0890828 0.309 2
-0.00139584 0.0887471 0.309 2
0.00170348 0.0887768 0.309462 2
0.00437914 0.0885657 0.309882 2
0.00704543 0.0883284 0.310632 2
-0.0226746 0.0910107 0.311 2
-0.0196354 0.0915049 0.309842 2
-0.0170946 0.0923723 0.309 2
-0.01213 0.0927751 0.309 2
-0.0102515 0.0921709 0.309 2
-0.00731713 0.09152 0.309 2
-0.00448936 0.0912832 0.309 2
-0.0013988 0.0913331 0.3098 2
0.0016284 0.0913916 0.31 2
0.0043319 0.0916127 0.31075 2
0.00602264 0.0916864 0.311 2
-0.0194237 0.0941151 0.310467 2
-0.0165065 0.0945413 0.309286 2
-0.0133879 0.0947052 0.309 2
-0.0104528 0.0944535 0.309 2
-0.00743381 0.0944535 0.309 2
-0.00435067 0.0945042 0.309778 2
-0.00140035 0.0944224 0.31 2
0.00157225 0.094328 0.310471 2
0.00399695 0.0943892 0.311 2
-0.0189608 0.0967541 0.311 2
-0.0165458 0.0969476 0.31 2
-0.0134012 0.0970859 0.309 2
-0.0104528 0.0971389 0.309 2
-0.00754562 0.097027 0.309 2
-0.00442088 0.0969599 0.3095 2
-0.00140035 0.0971165 0.31 2
0.00152045 0.0966497 0.310667 2
0.00332172 0.0964162 0.311 2
0.0261087 0.0348128 0.313 2
0.025451 0.0376029 0.312333 2
0.0253687 0.0404966 0.31225 2
0.0233157 0.0445306 0.312 2
0.0254708 0.0433832 0.3135 2
0.0233157 0.0465642 0.312 2
0.0255104 0.0451572 0.314 2
0.0233904 0.0494336 0.313 2
0.0228205 0.0526133 0.313143 2
0.0219785 0.0554216 0.31225 2
0.0206061 0.0594436 0.312 2
0.0219296 0.058079 0.313167 2
0.0199828 0.0619809 0.312833 2
0.0213864 0.06041 0.3135 2
-0.0432952 0.0650925 0.312 2
0.0195799 0.0641704 0.3129 2
-0.0431548 0.0674479 0.3136 2
-0.0410372 0.0682559 0.312 2
0.018779 0.0677461 0.313 2
-0.0426638 0.0690346 0.314 2
-0.0407172 0.0707415 0.313 2
0.0174223 0.0704929 0.312 2
0.018693 0.0707401 0.314 2
-0.0401841 0.0732181 0.3138 2
-0.0384462 0.0739603 0.312571 2
0.0169821 0.0734484 0.312727 2
0.018693 0.0727867 0.314 2
-0.0399368 0.0751745 0.314 2
-0.037403 0.0766779 0.313571 2
-0.0353924 0.0773152 0.313 2
0.0148482 0.0774071 0.312 2
0.0165457 0.0763306 0.313333 2
-0.0361872 0.0789266 0.314 2
-0.0344366 0.079317 0.312727 2
-0.0325697 0.0807964 0.312 2
0.0142723 0.0797325 0.312556 2
0.015966 0.0796088 0.314 2
-0.0339837 0.0819439 0.313429 2
-0.031938 0.0827223 0.312444 2
0.013978 0.0825313 0.313071 2
-0.0334603 0.0843843 0.314 2
-0.0315929 0.0853867 0.313154 2
-0.0291101 0.0862539 0.312125 2
0.0111225 0.0858804 0.312 2
0.0135495 0.0852717 0.31325 2
-0.0309864 0.0882852 0.3138 2
-0.0283963 0.0885673 0.312444 2
-0.0261345 0.0889308 0.312 2
0.0084129 0.0892697 0.312 2
0.0104668 0.0887697 0.312625 2
0.0128261 0.0882451 0.3139 2
-0.0303924 0.0905242 0.314 2
-0.0282806 0.0916699 0.31325 2
-0.0254676 0.0916792 0.312125 2
-0.0227475 0.092659 0.312 2
0.00773887 0.0916792 0.312125 2
0.0104809 0.0916145 0.313063 2
0.0122164 0.0915475 0.314 2
-0.0279843 0.0940313 0.31375 2
-0.025683 0.094635 0.313571 2
-0.0224793 0.0947637 0.312375 2
-0.0203766 0.0953705 0.312 2
0.0053646 0.0946927 0.312 2
0.00740759 0.0945421 0.3124 2
0.0103841 0.0941917 0.313071 2
0.0121905 0.0940755 0.313333 2
-0.0252794 0.0968347 0.314 2
-0.0225886 0.0971614 0.312824 2
-0.0203766 0.0970652 0.312 2
0.0046872 0.0967262 0.312 2
0.00724093 0.0963712 0.3125 2
0.00979901 0.0960162 0.313 2
0.0278188 0.0448999 0.317 2
0.0256055 0.0466948 0.315167 2
0.0278188 0.0462773 0.317 2
0.0255981 0.0494123 0.316 2
0.0251519 0.0524759 0.317 2
0.023491 0.0550779 0.315 2
0.0231344 0.058352 0.316 2
0.022456 0.0614147 0.316385 2
0.0201204 0.0658325 0.315 2
0.0215905 0.0644279 0.3165 2
-0.0441675 0.06857 0.315 2
0.0201204 0.0675434 0.315 2
0.0216246 0.0672836 0.317 2
-0.0435011 0.0706515 0.315125 2
0.0201363 0.0703376 0.31525 2
0.0216246 0.0693498 0.317 2
-0.0435291 0.073449 0.316455 2
-0.0414757 0.0741242 0.315333 2
0.0197176 0.0736685 0.315833 2
-0.0430714 0.0758927 0.317 2
-0.0405811 0.0768656 0.316364 2
-0.038476 0.0777129 0.316 2
0.0177266 0.077467 0.315 2
0.0194189 0.0763108 0.316286 2
-0.0396742 0.0790112 0.3168 2
-0.0374985 0.0796804 0.315636 2
-0.0356186 0.0805467 0.315 2
0.0173984 0.0792416 0.31525 2
0.0188716 0.0796807 0.317 2
-0.0370826 0.0823482 0.3164 2
-0.0351622 0.0830732 0.3155 2
0.0168074 0.0825549 0.315556 2
0.0188715 0.0814025 0.317 2
-0.036533 0.0851905 0.317 2
-0.0347036 0.0856076 0.316 2
-0.0328829 0.0860218 0.315 2
0.0167284 0.0854729 0.3155 2
-0.0339157 0.0883278 0.316429 2
-0.0323265 0.0887903 0.315286 2
0.0143754 0.0884172 0.315 2
0.0167846 0.0885121 0.316562 2
0.0188715 0.0893229 0.317 2
-0.0334359 0.0913891 0.317 2
-0.0314685 0.0919187 0.315667 2
0.0136932 0.0914766 0.315385 2
0.016245 0.091412 0.316571 2
0.0188715 0.090356 0.317 2
-0.0334359 0.0944884 0.317 2
-0.0312479 0.0944593 0.31575 2
-0.0287794 0.0954321 0.315 2
0.0132811 0.09355 0.315 2
-0.0336734 0.0965932 0.316 2
-0.0316151 0.0965933 0.316 2
-0.0283442 0.0972519 0.315 2
-0.0263858 0.0976563 0.315 2
0.0279066 0.0478051 0.318 2
0.0277168 0.0493569 0.3182 2
0.0266351 0.0525619 0.318714 2
0.0276481 0.0524604 0.319 2
0.0255774 0.055492 0.319071 2
0.0274246 0.0555306 0.319857 2
0.025329 0.0585668 0.319333 2
0.0273873 0.0578392 0.32 2
0.0245314 0.0614704 0.319 2
0.0231026 0.064469 0.3184 2
0.0246083 0.0640965 0.32 2
0.0231825 0.0678153 0.3195 2
0.0225648 0.0709561 0.319143 2
0.0224558 0.0735981 0.319 2
-0.0428621 0.0771684 0.318 2
0.0203119 0.0775139 0.318 2
0.0217383 0.0762924 0.318667 2
-0.0426174 0.0787358 0.31875 2
-0.0405935 0.0796853 0.318 2
-0.0387195 0.0809684 0.318 2
0.0203439 0.0793668 0.3185 2
0.0218292 0.0786966 0.32 2
-0.0400384 0.0821165 0.319333 2
-0.038354 0.0830069 0.3184 2
0.019834 0.0827711 0.318625 2
-0.0396578 0.0846062 0.32 2
-0.0379057 0.085274 0.318889 2
-0.0359578 0.0864956 0.318 2
0.0196535 0.0855936 0.3185 2
-0.0370942 0.0882521 0.319714 2
-0.0349221 0.0892592 0.318 2
0.0197293 0.088114 0.318143 2
0.0217951 0.0879438 0.3195 2
-0.0364817 0.0914097 0.32 2
-0.0349954 0.0915241 0.318667 2
-0.0361274 0.0941912 0.3195 2
-0.0349814 0.0942041 0.318889 2
-0.0345769 0.0961682 0.318 2
0.027473 0.0594148 0.321 2
0.026079 0.0618558 0.321 2
0.0274729 0.0611584 0.321 2
0.0257712 0.0647461 0.3215 2
0.0276014 0.064248 0.3225 2
0.0252424 0.0672129 0.322167 2
0.0247813 0.0704991 0.32225 2
0.024839 0.0734694 0.323 2
0.0232913 0.0765016 0.321 2
0.024839 0.0762765 0.323 2
-0.042613 0.0804208 0.321333 2
0.0230706 0.0796981 0.3218 2
0.024839 0.0780309 0.323 2
-0.0427021 0.0823378 0.322 2
-0.0408913 0.0832561 0.3215 2
0.0225492 0.0823884 0.321444 2
-0.0427515 0.0851628 0.3229 2
-0.0405 0.0858562 0.322083 2
0.022696 0.0854621 0.321333 2
0.0252809 0.0857777 0.322667 2
-0.0421334 0.0882065 0.323 2
-0.0402953 0.0885434 0.322313 2
-0.0380991 0.0895431 0.3215 2
0.0232913 0.0876603 0.321 2
-0.0398357 0.0912215 0.322 2
-0.0379478 0.0916097 0.3214 2
-0.0392065 0.0931803 0.322 2
-0.0375754 0.0937857 0.3212 2
0.0292265 0.0654511 0.325 2
0.0263228 0.0680654 0.324 2
0.0285434 0.067623 0.32525 2
0.026404 0.0703938 0.325 2
0.026404 0.0735713 0.325 2
0.0264582 0.0765532 0.325667 2
0.0258968 0.0795451 0.32525 2
0.0279009 0.0805264 0.326 2
0.0256356 0.0825464 0.3242 2
0.0282564 0.0825548 0.325429 2
0.0256194 0.0846079 0.324 2
0.0277297 0.0846079 0.324 2
0.0286964 0.070827 0.327 2
0.0287403 0.0737825 0.3275 2
0.0287628 0.0766856 0.32775 2
0.0288107 0.0792344 0.327143 2
0.0294064 0.0811286 0.327 2
