-0.0487727 0.0178846 0.248 2
-0.0475343 0.0176691 0.248 2
-0.0487727 0.0189622 0.248 2
-0.0466189 0.019501 0.248 2
-0.0434591 0.0199831 0.248 2
-0.0404268 0.0205787 0.248 2
-0.0374653 0.0205787 0.248 2
-0.0345039 0.0205787 0.248 2
-0.0455421 0.0213869 0.248 2
-0.043119 0.0216563 0.248 2
-0.0402718 0.0222817 0.247808 2
-0.0374438 0.022452 0.247861 2
-0.0345039 0.0224645 0.248 2
-0.0315425 0.0227339 0.248 2
-0.0292989 0.0228536 0.248 2
-0.0336962 0.0243504 0.248 2
-0.0315424 0.0243504 0.248 2
-0.0296579 0.0243504 0.248 2
-0.0618968 0.0112842 0.251 2
-0.0545398 0.0148289 0.251 2
-0.0493627 0.0145563 0.251 2
-0.0463654 0.0145562 0.251 2
-0.0441856 0.0145563 0.251 2
-0.0545398 0.0159196 0.251 2
-0.0524613 0.0163825 0.250643 2
-0.0494352 0.016446 0.249462 2
-0.0463474 0.016458 0.249581 2
-0.0434375 0.0165966 0.250118 2
-0.0403515 0.0166441 0.250727 2
-0.0374644 0.0163766 0.250593 2
-0.0344964 0.0164966 0.250607 2
-0.0313791 0.0170103 0.251 2
-0.0283441 0.0169869 0.250667 2
-0.0253671 0.0169986 0.250833 2
-0.0226845 0.0171094 0.251 2
-0.0199349 0.0175556 0.251 2
-0.0515153 0.0189978 0.2506 2
-0.0497991 0.0198349 0.249286 2
-0.0433191 0.0186336 0.249154 2
-0.0404732 0.019007 0.249357 2
-0.037494 0.0191122 0.249185 2
-0.0344043 0.0191316 0.249548 2
-0.0314683 0.0193383 0.249968 2
-0.0284494 0.0193885 0.249543 2
-0.0254622 0.0193108 0.249613 2
-0.0225328 0.0194263 0.250029 2
-0.019426 0.0195159 0.250647 2
-0.0163927 0.0197369 0.251 2
-0.0147578 0.0197369 0.251 2
-0.0486072 0.0220129 0.2502 2
-0.0466237 0.0222372 0.249667 2
-0.0438725 0.0229105 0.249462 2
-0.0414007 0.0236371 0.249 2
-0.0330212 0.0212026 0.249 2
-0.0313993 0.0212026 0.249 2
-0.0280956 0.0224249 0.249 2
-0.0254941 0.022347 0.249 2
-0.0225325 0.0223392 0.2496 2
-0.0195589 0.0221346 0.250636 2
-0.016756 0.0217365 0.251 2
-0.0147578 0.0213729 0.251 2
-0.0452755 0.0240996 0.251 2
-0.0430748 0.0242785 0.250429 2
-0.0402431 0.0248382 0.2502 2
-0.0373611 0.0254223 0.250091 2
-0.0345027 0.0254403 0.250053 2
-0.0312692 0.0257744 0.249889 2
-0.0285731 0.0253712 0.249952 2
-0.0255458 0.0249095 0.250474 2
-0.0226282 0.0243399 0.250667 2
-0.0664969 0.00452096 0.254 2
-0.0647243 0.00467863 0.254 2
-0.0623608 0.00521078 0.254 2
-0.0378203 0.00562467 0.254 2
-0.0664968 0.00617652 0.254 2
-0.0643307 0.00742882 0.253071 2
-0.061601 0.00758237 0.253219 2
-0.0588022 0.00812219 0.253682 2
-0.0565152 0.00860467 0.254 2
-0.0436108 0.00893578 0.254 2
-0.0400262 0.00830509 0.254 2
-0.037565 0.00770944 0.254 2
-0.0345115 0.00783208 0.254 2
-0.0314784 0.00783207 0.254 2
-0.0295482 0.00783208 0.254 2
-0.0638395 0.00974142 0.252 2
-0.061401 0.0103042 0.252042 2
-0.0584279 0.0105278 0.2525 2
-0.0554615 0.0106943 0.253556 2
-0.0524141 0.0108628 0.2539 2
-0.0494377 0.0107966 0.253545 2
-0.0464184 0.0108929 0.253455 2
-0.0435421 0.0105733 0.2536 2
-0.0405138 0.0105733 0.2536 2
-0.0375086 0.0105805 0.25376 2
-0.0344487 0.0105709 0.253533 2
-0.0314681 0.0105877 0.25392 2
-0.0292331 0.0108278 0.254 2
-0.0248607 0.0114191 0.254 2
-0.0223791 0.0114191 0.254 2
-0.0204489 0.0114191 0.254 2
-0.0611349 0.0130097 0.252421 2
-0.0584521 0.0133159 0.25208 2
-0.055626 0.0134858 0.252114 2
-0.0525438 0.0134693 0.252375 2
-0.0494889 0.013035 0.252273 2
-0.0465502 0.0129717 0.252 2
-0.0434219 0.0133137 0.252267 2
-0.0404514 0.0134912 0.252706 2
-0.0374439 0.0136198 0.252625 2
-0.0344161 0.0134912 0.252706 2
-0.0314105 0.0136198 0.252625 2
-0.0284657 0.0135314 0.253471 2
-0.0254776 0.0136738 0.253625 2
-0.0225128 0.0135327 0.253563 2
-0.0194861 0.013652 0.253294 2
-0.0165668 0.0136072 0.253667 2
-0.0135377 0.0136072 0.253667 2
-0.0107183 0.013681 0.25375 2
-0.00748932 0.0139025 0.254 2
-0.00473196 0.0133506 0.254 2
-0.0582385 0.0160919 0.253714 2
-0.0557438 0.016674 0.2525 2
-0.0408053 0.0157093 0.252 2
-0.0315041 0.0157093 0.252 2
-0.0284949 0.0157093 0.252 2
-0.0254856 0.0157093 0.252 2
-0.022242 0.0160221 0.252 2
-0.0193942 0.0163716 0.252154 2
-0.0164841 0.0165554 0.2524 2
-0.0134701 0.0165554 0.2524 2
-0.0104054 0.0164506 0.252667 2
-0.00753731 0.0162702 0.253471 2
-0.00500769 0.0154201 0.254 2
-0.0553593 0.0185566 0.2535 2
-0.052947 0.0195817 0.2525 2
-0.0183729 0.018173 0.252 2
-0.016458 0.018173 0.252 2
-0.0132361 0.0195108 0.252161 2
-0.0105111 0.0193889 0.252731 2
-0.00830807 0.0187132 0.25375 2
-0.0516071 0.0219043 0.254 2
-0.0498148 0.0229952 0.252833 2
-0.0468237 0.0236481 0.252 2
-0.0189201 0.0233743 0.252 2
-0.0162936 0.0230217 0.252625 2
-0.0138124 0.0225035 0.25319 2
-0.0109544 0.0213906 0.2538 2
-0.0493051 0.0243396 0.2535 2
-0.0462764 0.0248424 0.253 2
-0.0433606 0.0255886 0.253 2
-0.0406296 0.0261741 0.2526 2
-0.0279477 0.0266594 0.252 2
-0.0253892 0.0263222 0.252556 2
-0.02237 0.0259091 0.253 2
-0.019644 0.0249452 0.253111 2
-0.0174158 0.0246636 0.254 2
-0.0402711 0.0274012 0.2538 2
-0.0373967 0.0273148 0.253 2
-0.0343755 0.0273148 0.253 2
-0.0315604 0.0273836 0.253 2
-0.0282129 0.0279086 0.2539 2
-0.0253121 0.02704 0.253 2
-0.0226361 0.0271255 0.2538 2
-0.0683982 -0.00324283 0.257 2
-0.0675889 -0.00141492 0.256818 2
-0.0656083 -0.000730163 0.257 2
-0.067265 0.00141427 0.255571 2
-0.0644387 0.00149562 0.256056 2
-0.0616294 0.00217031 0.2567 2
-0.0597494 0.00262007 0.257 2
-0.0483107 0.00262007 0.257 2
-0.0463113 0.00178251 0.257 2
-0.0437355 0.00219874 0.25675 2
-0.0176215 0.00262007 0.257 2
-0.0637136 0.00370772 0.255 2
-0.0611994 0.00433984 0.255583 2
-0.0587152 0.0047642 0.256364 2
-0.0559668 0.00535165 0.2568 2
-0.0523239 0.00517568 0.257 2
-0.0494415 0.00453203 0.256828 2
-0.0463392 0.00460784 0.256538 2
-0.0434395 0.00456005 0.25624 2
-0.040668 0.00462265 0.255696 2
-0.0387997 0.00509278 0.255 2
-0.0249586 0.00564681 0.255 2
-0.0221521 0.00544654 0.255375 2
-0.0193612 0.00482939 0.256526 2
-0.0174355 0.00476048 0.257 2
-0.0606686 0.00620083 0.255 2
-0.0582025 0.00668266 0.255286 2
-0.0554132 0.00745671 0.255552 2
-0.052569 0.00761405 0.256 2
-0.0495284 0.00765369 0.255807 2
-0.0465322 0.0075306 0.255727 2
-0.0434214 0.00738107 0.255407 2
-0.0407863 0.00704816 0.255 2
-0.0387997 0.00620083 0.255 2
-0.0280036 0.00786291 0.255 2
-0.0254529 0.00768483 0.255 2
-0.0224787 0.00758988 0.255139 2
-0.0195548 0.00740648 0.256192 2
-0.0165853 0.00744598 0.257 2
-0.0134366 0.00820376 0.257 2
-0.0106467 0.00820376 0.257 2
-0.00757778 0.00820376 0.257 2
-0.00450885 0.00820376 0.257 2
-0.00143993 0.00820376 0.257 2
0.001071 0.00820376 0.257 2
-0.0548553 0.00952499 0.255 2
-0.0526407 0.00952499 0.255 2
-0.0495957 0.00952499 0.255 2
-0.0465507 0.00952499 0.255 2
-0.0278652 0.0104253 0.255 2
-0.0256871 0.0103706 0.255 2
-0.0224672 0.010079 0.255 2
-0.0193214 0.010336 0.255296 2
-0.0165109 0.0103222 0.255824 2
-0.0134592 0.0104417 0.255438 2
-0.0105827 0.0103735 0.255467 2
-0.00753846 0.0103816 0.255667 2
-0.00448239 0.0103735 0.255467 2
-0.00143227 0.0103936 0.255944 2
0.000847809 0.00999055 0.257 2
-0.00973338 0.0125721 0.255 2
-0.0075188 0.0125721 0.255 2
-0.00336648 0.0134032 0.255 2
-0.00178226 0.0133533 0.25587 2
-0.06047 0.0161039 0.255333 2
-0.0591095 0.0171289 0.2552 2
-0.00641152 0.0178354 0.255 2
-0.00444675 0.0166198 0.255353 2
-0.00249569 0.0154948 0.2566 2
-0.0600728 0.0187396 0.256 2
-0.0583328 0.0192522 0.256222 2
-0.0551675 0.0201883 0.255714 2
-0.0539588 0.0206863 0.256 2
-0.00740791 0.019655 0.255444 2
-0.00532503 0.0184615 0.256 2
-0.0547769 0.0217922 0.256857 2
-0.0529062 0.0225571 0.256889 2
-0.0127062 0.0233096 0.255143 2
-0.0104611 0.0224038 0.256133 2
-0.00869374 0.0216046 0.257 2
-0.0511797 0.0243016 0.256 2
-0.0491112 0.0259523 0.256294 2
-0.0466958 0.0262841 0.2558 2
-0.0446129 0.0264228 0.255 2
-0.0210831 0.0266998 0.255 2
-0.0191026 0.0264002 0.255667 2
-0.016469 0.0257215 0.256 2
-0.0137965 0.0247996 0.256182 2
-0.0117169 0.0240235 0.256 2
-0.0452418 0.0277467 0.257 2
-0.043185 0.0279733 0.256143 2
-0.0403875 0.0288908 0.256 2
-0.0374889 0.0289044 0.2555 2
-0.0344249 0.0286838 0.2554 2
-0.031434 0.0289423 0.255571 2
-0.02897 0.0289304 0.255667 2
-0.0254045 0.0287719 0.256048 2
-0.0226194 0.0284283 0.256176 2
-0.0198482 0.0276458 0.256429 2
-0.0176215 0.0274675 0.257 2
-0.039383 0.0302594 0.257 2
-0.037709 0.0302594 0.257 2
-0.0310132 0.0302594 0.257 2
-0.0293392 0.0302594 0.257 2
-0.0693453 -0.00694017 0.2595 2
-0.068184 -0.00660861 0.2598 2
-0.0692117 -0.00523757 0.259 2
-0.0674361 -0.00447233 0.258821 2
-0.064778 -0.00380591 0.259688 2
-0.0627049 -0.00328068 0.26 2
-0.0514149 -0.00328068 0.26 2
-0.0496462 -0.00327563 0.2596 2
-0.0667465 -0.00241637 0.258167 2
-0.0642327 -0.00163898 0.258607 2
-0.0614939 -0.00136878 0.259429 2
-0.0584711 -0.00130357 0.26 2
-0.0553032 -0.00130272 0.2597 2
-0.0523939 -0.00136947 0.259524 2
-0.0495998 -0.00158289 0.25936 2
-0.0473784 -0.000733 0.258 2
-0.0144402 -0.000738685 0.26 2
-0.061329 0.000548669 0.258286 2
-0.0585329 0.00151137 0.258562 2
-0.0555049 0.00144822 0.258941 2
-0.0523587 0.00158117 0.258562 2
-0.0495128 0.00133704 0.258231 2
-0.0473784 0.000388085 0.258 2
-0.0159464 0.00173807 0.2588 2
-0.0136509 0.00159782 0.259571 2
-0.0114766 0.0023682 0.26 2
-0.0577413 0.00375134 0.258 2
-0.0553762 0.0042496 0.258 2
-0.0528866 0.00393819 0.258 2
-0.0159474 0.00446759 0.258 2
-0.0135137 0.00459948 0.25848 2
-0.0104477 0.00460844 0.259 2
-0.00736965 0.00461791 0.25952 2
-0.00472945 0.00522928 0.259692 2
-0.00127989 0.00522379 0.259813 2
0.00182148 0.00488156 0.259316 2
0.00446569 0.00462119 0.25968 2
0.00654033 0.00425116 0.26 2
-0.0154494 0.00627379 0.258 2
-0.0134889 0.00683433 0.258 2
-0.010408 0.00683433 0.258 2
-0.00733447 0.00684081 0.258267 2
-0.00453312 0.00684406 0.2584 2
-0.00144888 0.00684649 0.2585 2
0.00181389 0.00713575 0.258263 2
0.0042436 0.00737718 0.259238 2
0.006164 0.00632242 0.26 2
0.0020332 0.0107264 0.2586 2
0.00360982 0.00939304 0.259 2
-0.0635884 0.0144574 0.259 2
-0.0624637 0.0144574 0.259 2
-0.000326422 0.0137845 0.258667 2
0.000938259 0.0130384 0.25875 2
-0.0630261 0.0161457 0.259 2
-0.0619576 0.0166521 0.259 2
-0.00340608 0.0172043 0.258 2
-0.00194042 0.0161993 0.25875 2
-0.0616203 0.0181151 0.259 2
-0.0576072 0.0205439 0.2584 2
-0.056621 0.0202874 0.258 2
-0.00648694 0.0205676 0.258 2
-0.00492683 0.0191977 0.2584 2
-0.0575775 0.0220112 0.259429 2
-0.0556606 0.022773 0.259333 2
-0.0535401 0.0233703 0.258 2
-0.00995397 0.0234009 0.258333 2
-0.00743842 0.0222677 0.259143 2
-0.00540823 0.0210095 0.26 2
-0.0542374 0.0246812 0.26 2
-0.0525006 0.0252069 0.258923 2
-0.0506548 0.0265559 0.259 2
-0.0135395 0.0260494 0.259 2
-0.010963 0.0248315 0.2592 2
-0.0494907 0.0279169 0.259444 2
-0.0464374 0.0285264 0.259 2
-0.0434648 0.0293691 0.258286 2
-0.0409366 0.0298166 0.258 2
-0.0364553 0.0298166 0.258 2
-0.0344948 0.0298166 0.258 2
-0.0325342 0.0298166 0.258 2
-0.028333 0.0298166 0.258 2
-0.0269327 0.0298166 0.258 2
-0.0219188 0.0295745 0.258333 2
-0.0194451 0.0288779 0.259 2
-0.0164332 0.0278835 0.259 2
-0.0144402 0.0275057 0.26 2
-0.043376 0.030623 0.259556 2
-0.0407464 0.0312101 0.259538 2
-0.037452 0.0313394 0.259538 2
-0.0344855 0.0310539 0.25925 2
-0.031694 0.0313175 0.259455 2
-0.0283788 0.0311627 0.258933 2
-0.0257882 0.0309382 0.259167 2
-0.0228626 0.0308357 0.2595 2
-0.0195208 0.0300477 0.26 2
-0.0691386 -0.0153181 0.263 2
-0.0685676 -0.0153181 0.263 2
-0.0693354 -0.0133976 0.262667 2
-0.0677771 -0.0132494 0.262889 2
-0.0657125 -0.012461 0.263 2
-0.0696225 -0.0106909 0.2616 2
-0.0675552 -0.0107229 0.2624 2
-0.0649735 -0.010209 0.263 2
-0.0522937 -0.0090326 0.263 2
-0.0500096 -0.0090326 0.263 2
-0.0694628 -0.00868038 0.261 2
-0.0672426 -0.00788599 0.2615 2
-0.0645211 -0.00729577 0.262143 2
-0.0617154 -0.00674697 0.263 2
-0.0583672 -0.00709071 0.262778 2
-0.0555507 -0.00697627 0.262818 2
-0.0524653 -0.00726257 0.262667 2
-0.0503262 -0.00750066 0.262667 2
-0.0643105 -0.00512177 0.261286 2
-0.0615106 -0.00441744 0.261593 2
-0.0585565 -0.00443932 0.26164 2
-0.0555787 -0.00450177 0.261593 2
-0.0525178 -0.00445701 0.261385 2
-0.050196 -0.00471095 0.261 2
-0.0127818 -0.00430477 0.262667 2
-0.0107341 -0.0041432 0.262944 2
-0.00861121 -0.00331854 0.263 2
-0.0612461 -0.00272624 0.261 2
-0.0584127 -0.00272624 0.261 2
-0.0555794 -0.00272624 0.261 2
-0.0530294 -0.00272624 0.261 2
-0.0133849 -0.00165312 0.261158 2
-0.0105826 -0.00160139 0.262367 2
-0.00773273 -0.00107686 0.263 2
-0.00461412 -0.000747207 0.263 2
-0.00290108 -0.000747207 0.263 2
-0.0125124 0.000392596 0.261 2
-0.0102562 0.00128443 0.261286 2
-0.0074386 0.00152957 0.261933 2
-0.00459965 0.00153171 0.2622 2
-0.00146981 0.00153307 0.262333 2
0.00166082 0.00153035 0.262067 2
0.00450489 0.00152967 0.262 2
0.00677427 0.00152837 0.261778 2
-0.00439014 0.00398398 0.261 2
-0.00166473 0.00395698 0.261 2
0.00108767 0.00379496 0.261 2
0.00562104 0.00719733 0.261 2
0.00618771 0.00719733 0.261 2
0.00421133 0.0100529 0.2615 2
-4.56667e-05 0.0148527 0.261 2
0.00179113 0.0136602 0.262333 2
-0.00107604 0.0166281 0.261364 2
0.000523665 0.0160699 0.262333 2
-0.00410295 0.0196966 0.26225 2
-0.00289005 0.0186096 0.262 2
-0.0586152 0.0229087 0.262333 2
-0.0566456 0.0234481 0.262 2
-0.00911239 0.0239256 0.261 2
-0.00697916 0.0233159 0.2618 2
-0.00523391 0.0223611 0.2626 2
-0.0580038 0.024109 0.263 2
-0.0552804 0.0251558 0.262 2
-0.0526637 0.0268635 0.262 2
-0.0125124 0.0264774 0.261 2
-0.0101523 0.0255871 0.261889 2
-0.00755633 0.0245776 0.262455 2
-0.0521922 0.0279666 0.2622 2
-0.0482127 0.0293127 0.261 2
-0.047646 0.0293127 0.261 2
-0.0181791 0.0295962 0.261 2
-0.0161422 0.0292938 0.261667 2
-0.0146068 0.0289659 0.263 2
-0.0462168 0.0309444 0.262 2
-0.0437241 0.031967 0.261833 2
-0.0404336 0.0325558 0.262 2
-0.0375894 0.0325558 0.262 2
-0.0344608 0.0325558 0.262 2
-0.0310307 0.0326752 0.26125 2
-0.0283792 0.032715 0.261 2
-0.0253768 0.0322226 0.2616 2
-0.0219646 0.0317181 0.261909 2
-0.0195634 0.0314204 0.262333 2
-0.016894 0.0305733 0.262429 2
-0.0430765 0.0331882 0.2625 2
-0.0404336 0.033125 0.262 2
-0.0375894 0.033125 0.262 2
-0.0344608 0.033125 0.262 2
-0.031574 0.0339447 0.262833 2
-0.0285967 0.0341086 0.263 2
-0.025899 0.033495 0.262667 2
-0.0676171 -0.0186714 0.266 2
-0.0674328 -0.0166047 0.26528 2
-0.065307 -0.0159262 0.266 2
-0.067037 -0.0143009 0.264 2
-0.064655 -0.0137335 0.264724 2
-0.0615734 -0.013366 0.265968 2
-0.0584817 -0.0130498 0.266 2
-0.0552415 -0.0126445 0.266 2
-0.0523893 -0.0135826 0.265762 2
-0.0503447 -0.0134309 0.265727 2
-0.0638368 -0.0108267 0.264167 2
-0.0615907 -0.0103097 0.264731 2
-0.0584563 -0.0102866 0.264827 2
-0.0554418 -0.0102671 0.264696 2
-0.0524542 -0.0106788 0.264321 2
-0.0500011 -0.0108079 0.264467 2
-0.0124633 -0.00913563 0.266 2
-0.0113083 -0.00913563 0.266 2
-0.0630964 -0.00849336 0.264 2
-0.0612005 -0.00796391 0.264 2
-0.0585109 -0.00849336 0.264 2
-0.055645 -0.00849336 0.264 2
-0.0539255 -0.00849336 0.264 2
-0.0124071 -0.00737064 0.2648 2
-0.0104805 -0.00721889 0.265 2
-0.00775949 -0.0069592 0.265625 2
-0.00466675 -0.00653497 0.266 2
-0.00293417 -0.00653497 0.266 2
-0.00964702 -0.00505189 0.264 2
-0.00746311 -0.0045355 0.2645 2
-0.00465026 -0.00449689 0.26508 2
-0.0018085 -0.00405887 0.265722 2
0.00206892 -0.00373887 0.265778 2
0.00456937 -0.00393095 0.265733 2
0.0074613 -0.00393431 0.266 2
-0.00721099 -0.002184 0.264 2
-0.00463751 -0.00218748 0.264333 2
-0.00137875 -0.00167677 0.264536 2
0.00167766 -0.00161664 0.26472 2
0.0045453 -0.0016135 0.26432 2
0.00744197 -0.00161953 0.26528 2
0.00254273 0.0142167 0.265 2
-0.000909401 0.0176711 0.265 2
0.00139202 0.0159461 0.265 2
-0.00348529 0.0198988 0.264 2
-0.00234411 0.0191814 0.264667 2
-0.00436153 0.0228551 0.265 2
-0.0574618 0.0259581 0.265333 2
-0.0562182 0.0258258 0.264 2
-0.0106692 0.0265451 0.2645 2
-0.00781366 0.0257317 0.265 2
-0.00553304 0.0246729 0.266 2
-0.0552323 0.0279449 0.264769 2
-0.0529536 0.0290423 0.264556 2
-0.0499132 0.0296496 0.264 2
-0.0131666 0.0283833 0.264667 2
-0.0109887 0.0276301 0.26525 2
-0.054334 0.0301632 0.266 2
-0.052129 0.0304981 0.265556 2
-0.0493613 0.0312937 0.265429 2
-0.0470761 0.0322128 0.2648 2
-0.0447545 0.0328043 0.264 2
-0.0241199 0.0328043 0.264 2
-0.0227076 0.0328354 0.26425 2
-0.0189845 0.0325586 0.264333 2
-0.016517 0.0315961 0.264857 2
-0.013889 0.030414 0.265667 2
-0.0462955 0.033349 0.2656 2
-0.0433395 0.0342779 0.264909 2
-0.0403212 0.034368 0.265 2
-0.0374307 0.0349325 0.2649 2
-0.0345025 0.0348789 0.2645 2
-0.0316909 0.0355195 0.265 2
-0.0285264 0.0355194 0.265 2
-0.0255215 0.0346275 0.265067 2
-0.0228022 0.0337339 0.264857 2
-0.0199325 0.0335676 0.2655 2
-0.0170836 0.0330528 0.266 2
-0.0663799 -0.0220142 0.268 2
-0.0651271 -0.0219677 0.268727 2
-0.0667626 -0.0194615 0.267385 2
-0.0644918 -0.019676 0.268414 2
-0.0615659 -0.0190768 0.269 2
-0.0582007 -0.0181723 0.269 2
-0.0566989 -0.0182975 0.269 2
-0.0517346 -0.0182975 0.269 2
-0.0505665 -0.0182975 0.269 2
-0.0661322 -0.0175814 0.267 2
-0.0642378 -0.0169274 0.2672 2
-0.0615686 -0.0167324 0.26732 2
-0.0584942 -0.0165172 0.2676 2
-0.0554276 -0.0165146 0.2685 2
-0.0523573 -0.0164653 0.2677 2
-0.0495498 -0.0162258 0.268095 2
-0.0478789 -0.0156488 0.268667 2
-0.0612048 -0.0146808 0.267 2
-0.0583063 -0.0146808 0.267 2
-0.0559151 -0.0142458 0.267 2
-0.0536687 -0.0146808 0.267 2
-0.0492293 -0.0140909 0.267231 2
-0.0476413 -0.0138287 0.267333 2
-0.0125805 -0.010681 0.2685 2
-0.0104569 -0.0104839 0.268304 2
-0.0077594 -0.0099744 0.268412 2
-0.00471353 -0.00981164 0.268667 2
-0.00150531 -0.00981355 0.268722 2
0.00138648 -0.00971683 0.269 2
0.00494186 -0.00971371 0.268909 2
0.00764093 -0.0103238 0.268783 2
-0.00990158 -0.00858988 0.267 2
-0.0072019 -0.0082103 0.267222 2
-0.00469014 -0.0080205 0.267333 2
-0.00139466 -0.00751134 0.267679 2
0.00169998 -0.00746394 0.2682 2
0.00460599 -0.00745676 0.26792 2
0.00749686 -0.00743843 0.26728 2
-0.00101288 -0.00520598 0.267 2
0.00147499 -0.00496427 0.267 2
0.00459086 -0.00539934 0.267 2
0.00748935 -0.00539934 0.267 2
0.00575026 0.00852298 0.267 2
0.00632995 0.00852298 0.267 2
0.00479483 0.011066 0.267667 2
0.00632995 0.00968317 0.267 2
0.00392921 0.0133101 0.268 2
-4.67165e-05 0.0175145 0.267 2
0.00223419 0.0166715 0.267769 2
0.00433323 0.0156001 0.269 2
-0.0035249 0.0209951 0.267 2
-0.00125445 0.01946 0.267167 2
0.0013848 0.0186707 0.268455 2
-0.0035249 0.0221553 0.267 2
-0.0024572 0.0217491 0.268143 2
-0.0604952 0.0243667 0.269 2
-0.0589962 0.0259755 0.2675 2
-0.00932187 0.026796 0.267 2
-0.00735119 0.0263561 0.267571 2
-0.00559544 0.0261201 0.269 2
-0.0561808 0.0291164 0.267 2
-0.0125103 0.0294065 0.267 2
-0.0103677 0.0289233 0.268067 2
-0.00844414 0.0278908 0.2686 2
-0.0552942 0.0309875 0.2675 2
-0.0526709 0.0318277 0.267833 2
-0.0501905 0.032307 0.267 2
-0.0154893 0.0322978 0.2674 2
-0.0135307 0.0314911 0.267909 2
-0.0114358 0.0307956 0.269 2
-0.0490776 0.0338513 0.2682 2
-0.0467335 0.0345204 0.267667 2
-0.0436553 0.0356038 0.2678 2
-0.0406255 0.0354975 0.267 2
-0.0250042 0.0355418 0.267333 2
-0.0225349 0.0350541 0.267692 2
-0.0193734 0.0346329 0.268 2
-0.0164081 0.0339716 0.268273 2
-0.0146481 0.0334256 0.269 2
-0.0436553 0.0361857 0.2678 2
-0.0404196 0.0368237 0.2682 2
-0.0372865 0.0370861 0.268 2
-0.0343015 0.0370031 0.2674 2
-0.0311672 0.0373608 0.267571 2
-0.0287631 0.0373608 0.267571 2
-0.0257192 0.0368737 0.268182 2
-0.0228068 0.0363208 0.2688 2
-0.062351 -0.027366 0.272 2
-0.0636114 -0.0252721 0.270667 2
-0.0614885 -0.0251891 0.271652 2
-0.0596935 -0.0247067 0.272 2
-0.0642047 -0.0229933 0.27 2
-0.0615277 -0.0222995 0.270774 2
-0.0587644 -0.0219859 0.271882 2
-0.0555596 -0.0214564 0.272 2
-0.0525684 -0.0220318 0.2718 2
-0.0495543 -0.0220992 0.271762 2
-0.0469674 -0.0217389 0.271833 2
-0.0610575 -0.0201403 0.2702 2
-0.0584953 -0.0196627 0.270632 2
-0.0553862 -0.0193698 0.270652 2
-0.0526751 -0.0194586 0.270619 2
-0.0492579 -0.019351 0.270391 2
-0.0466492 -0.0192977 0.271417 2
-0.0449296 -0.0190925 0.272 2
0.00733432 -0.0185016 0.272 2
-0.0484096 -0.0171923 0.27 2
-0.0469033 -0.0168225 0.270333 2
-0.0133351 -0.0152513 0.272 2
-0.0106775 -0.0152513 0.272 2
-0.00890589 -0.0152513 0.272 2
-0.00447674 -0.0152513 0.272 2
-0.0012287 -0.0152513 0.272 2
0.00172407 -0.0152513 0.272 2
0.0048082 -0.0159926 0.271588 2
0.00702352 -0.0163983 0.2714 2
-0.0128945 -0.0136277 0.271 2
-0.0106304 -0.0134211 0.2708 2
-0.00776126 -0.013222 0.271333 2
-0.00469256 -0.0134908 0.271308 2
-0.00146611 -0.0133784 0.270759 2
0.0017173 -0.0134285 0.27096 2
0.00464811 -0.0133982 0.27036 2
0.00750041 -0.0132843 0.27013 2
-0.00737488 -0.0113262 0.27 2
-0.00473693 -0.0113262 0.27 2
-0.00151277 -0.0113262 0.27 2
0.00196262 -0.010991 0.27 2
0.00439121 -0.010991 0.27 2
0.00640108 -0.0113262 0.27 2
0.00497211 0.0110464 0.272 2
-0.00063351 0.0203761 0.270333 2
0.00113285 0.0204767 0.271667 2
-0.062351 0.0234566 0.272 2
-0.000933422 0.0216837 0.272 2
-0.0617604 0.0252294 0.272 2
-0.00447674 0.0252295 0.272 2
-0.00946153 0.0295526 0.271 2
-0.00743244 0.0285748 0.2714 2
-0.0552643 0.0326165 0.272 2
-0.0130416 0.0323766 0.27 2
-0.0107691 0.0314498 0.271 2
-0.00830442 0.0302155 0.271667 2
-0.0552643 0.0332074 0.272 2
-0.0519879 0.0344043 0.271333 2
-0.0499375 0.0350596 0.270333 2
-0.0211508 0.0358963 0.27 2
-0.0205646 0.0358963 0.27 2
-0.0163434 0.0351886 0.271333 2
-0.0135309 0.0338101 0.2715 2
-0.0492691 0.0363907 0.2715 2
-0.0468238 0.0363237 0.271 2
-0.0431443 0.0376509 0.2708 2
-0.0404271 0.0386049 0.271 2
-0.0375647 0.0385361 0.27 2
-0.0346337 0.0385361 0.27 2
-0.0322888 0.0385361 0.27 2
-0.0278922 0.0385361 0.27 2
-0.0251857 0.0382147 0.270833 2
-0.0225642 0.0374496 0.271333 2
-0.0193553 0.036401 0.271333 2
-0.0428627 0.039117 0.272 2
-0.0401068 0.039708 0.272 2
-0.0372524 0.0400035 0.272 2
-0.0342997 0.0400034 0.272 2
-0.0313469 0.0400034 0.272 2
-0.0295752 0.0400034 0.272 2
-0.0245555 0.039117 0.272 2
-0.0613948 -0.0301357 0.273 2
-0.0516943 -0.0303565 0.275 2
-0.0609659 -0.0282702 0.273444 2
-0.0587547 -0.0279805 0.274714 2
-0.0553433 -0.0278502 0.274833 2
-0.0524216 -0.0283553 0.274545 2
-0.0497373 -0.0281989 0.275 2
-0.0466193 -0.0276678 0.275 2
-0.0436185 -0.0276578 0.2749 2
-0.0408535 -0.0275807 0.274875 2
-0.0385589 -0.0273691 0.275 2
-0.0605056 -0.0262804 0.273 2
-0.0584151 -0.0255488 0.273461 2
-0.0555266 -0.0254742 0.273609 2
-0.0524663 -0.0253615 0.273357 2
-0.0493729 -0.0254589 0.27372 2
-0.046437 -0.0254781 0.27392 2
-0.0434242 -0.0254549 0.27368 2
-0.0405706 -0.0255286 0.27448 2
-0.0385589 -0.0261741 0.275 2
-0.0581347 -0.0231664 0.273 2
-0.0557638 -0.0230181 0.273 2
-0.0525038 -0.0236112 0.273 2
-0.0491253 -0.0234926 0.273 2
-0.0459468 -0.0227586 0.273 2
-0.0433853 -0.0224606 0.27344 2
-0.0412331 -0.0227415 0.274615 2
-0.0188557 -0.0219918 0.275 2
-0.016766 -0.0219918 0.275 2
-0.0141218 -0.0216504 0.275 2
-0.00721291 -0.0213943 0.275 2
-0.00542172 -0.0213943 0.275 2
0.0050696 -0.0216504 0.275 2
0.00651962 -0.0219918 0.275 2
-0.0453911 -0.0206456 0.273 2
-0.0435836 -0.0201378 0.273538 2
-0.0416906 -0.0207212 0.274 2
-0.0188557 -0.0207968 0.275 2
-0.016298 -0.020051 0.274846 2
-0.0137606 -0.0195747 0.2746 2
-0.0106146 -0.0193265 0.274545 2
-0.00744038 -0.0195747 0.2746 2
-0.00443164 -0.0193043 0.274826 2
-0.00124225 -0.0193031 0.275 2
0.00174308 -0.0193031 0.275 2
0.00472032 -0.0195743 0.2746 2
0.00649117 -0.0195185 0.2738 2
-0.0134085 -0.0168221 0.2735 2
-0.0107364 -0.016822 0.2735 2
-0.00771562 -0.0165696 0.273417 2
-0.00450143 -0.016822 0.2735 2
-0.00123547 -0.016822 0.2735 2
0.00173358 -0.016822 0.2735 2
0.00439767 -0.0173834 0.273 2
-0.00745682 -0.0147142 0.273 2
0.00500867 0.0141042 0.274 2
0.00261949 0.0193909 0.273 2
-0.00330775 0.0238394 0.273 2
-0.00104058 0.0228641 0.274333 2
0.000546954 0.0224406 0.274 2
-0.0625802 0.0259154 0.273 2
-0.00410902 0.0258812 0.273667 2
-0.0633372 0.0273001 0.275 2
-0.062143 0.0273001 0.275 2
-0.0592401 0.0283915 0.274 2
-0.00688924 0.0298798 0.274 2
-0.00568905 0.0283408 0.2735 2
-0.0582621 0.0314825 0.275 2
-0.00979551 0.0322976 0.2738 2
-0.00801122 0.0311734 0.27425 2
-0.0534855 0.0356648 0.275 2
-0.0155152 0.0358328 0.274 2
-0.0136671 0.0351608 0.273818 2
-0.0110513 0.0337492 0.274 2
-0.051022 0.0365918 0.273 2
-0.0491285 0.0379164 0.274 2
-0.0463485 0.0378333 0.2734 2
-0.0443676 0.0388093 0.274 2
-0.0222783 0.0384944 0.273571 2
-0.0197807 0.0379853 0.273909 2
-0.0172207 0.0371688 0.274333 2
-0.0137806 0.0365611 0.275 2
-0.043331 0.0401479 0.2745 2
-0.0406271 0.0410225 0.274286 2
-0.0375263 0.0414882 0.274 2
-0.0345519 0.0414882 0.274 2
-0.0316452 0.0415791 0.2746 2
-0.0286651 0.0406248 0.2746 2
-0.0256645 0.0403564 0.2744 2
-0.0226353 0.0393759 0.2738 2
-0.0209454 0.0395485 0.275 2
-0.0610102 -0.0337076 0.278 2
-0.0589408 -0.0333625 0.278 2
-0.0552488 -0.0335978 0.278 2
-0.0525601 -0.0340096 0.278 2
-0.0493913 -0.0338586 0.278 2
-0.0468261 -0.0331036 0.278 2
-0.0608652 -0.0315739 0.277091 2
-0.0585805 -0.0314976 0.277524 2
-0.0554731 -0.0315466 0.277158 2
-0.0525573 -0.0318651 0.276476 2
-0.0496493 -0.0316296 0.27672 2
-0.0465818 -0.0314416 0.27745 2
-0.0434542 -0.0312548 0.277667 2
-0.0403764 -0.0311885 0.27775 2
-0.037546 -0.0312161 0.278 2
-0.0346036 -0.0311406 0.278 2
-0.0314348 -0.0309896 0.278 2
-0.0291714 -0.0305366 0.278 2
-0.0608709 -0.0298672 0.276 2
-0.058394 -0.0294535 0.276333 2
-0.0559111 -0.0292856 0.276167 2
-0.0533804 -0.0298672 0.276 2
-0.0494426 -0.0296102 0.276 2
-0.0467288 -0.0293388 0.276313 2
-0.0436451 -0.0293036 0.276333 2
-0.0405573 -0.0291229 0.276294 2
-0.0372973 -0.0286824 0.27636 2
-0.034304 -0.0287519 0.2768 2
-0.0312805 -0.0287354 0.27664 2
-0.028499 -0.0284826 0.277263 2
-0.025458 -0.0280121 0.277947 2
-0.0223543 -0.0282384 0.277667 2
-0.0192545 -0.0280592 0.277889 2
-0.0163453 -0.0279696 0.278 2
-0.0133274 -0.0279696 0.278 2
-0.0105359 -0.0278186 0.278 2
-0.00819697 -0.0273656 0.278 2
-4.86412e-05 -0.0279696 0.278 2
0.00100762 -0.0276676 0.278 2
-0.037201 -0.0255197 0.276 2
-0.0342048 -0.0256696 0.276 2
-0.0312353 -0.0256912 0.27624 2
-0.0283019 -0.0257512 0.27688 2
-0.0252022 -0.0254657 0.277045 2
-0.0223382 -0.0256827 0.276885 2
-0.0193439 -0.0255577 0.276545 2
-0.0162682 -0.0254348 0.2767 2
-0.0132838 -0.0254712 0.2771 2
-0.010291 -0.0255088 0.2775 2
-0.00727849 -0.0255088 0.2775 2
-0.00449758 -0.0253915 0.277875 2
-0.0011552 -0.0252517 0.278 2
0.00175721 -0.025499 0.2774 2
0.00386069 -0.0248599 0.277 2
-0.0400193 -0.0228625 0.2765 2
-0.0373358 -0.0236563 0.277 2
-0.0355316 -0.0236563 0.277 2
-0.0241918 -0.0234397 0.278 2
-0.0218895 -0.023218 0.276462 2
-0.0194807 -0.0232282 0.276 2
-0.0162277 -0.0235709 0.276 2
-0.0131875 -0.0229242 0.276286 2
-0.0102502 -0.0227056 0.2764 2
-0.00725226 -0.0230139 0.2765 2
-0.00420144 -0.0227705 0.276583 2
-0.00117253 -0.0226393 0.27687 2
0.00175142 -0.0227113 0.27648 2
0.00444599 -0.0229712 0.276 2
-0.0410961 -0.0208724 0.276 2
-0.012033 -0.0208724 0.276 2
-0.0102353 -0.0208724 0.276 2
-0.00394334 -0.0208724 0.276 2
-0.00124677 -0.0208724 0.276 2
0.00174942 -0.0208724 0.276 2
0.00146031 0.022162 0.278 2
-0.00335622 0.0256932 0.277 2
-0.0015537 0.0245338 0.2775 2
-0.0615067 0.0289777 0.277273 2
-0.0598031 0.029712 0.278 2
-0.00455903 0.0287046 0.277 2
-0.0614745 0.0310129 0.278 2
-0.0598031 0.03092 0.278 2
-0.00684023 0.0316299 0.2768 2
-0.00501009 0.0308098 0.277 2
-0.0582941 0.0336379 0.278 2
-0.0550774 0.0341188 0.277 2
-0.012033 0.0351949 0.276 2
-0.0102929 0.0349157 0.2776 2
-0.00819697 0.0333359 0.278 2
-0.0516547 0.0384699 0.278 2
-0.0157668 0.0378856 0.276667 2
-0.0132395 0.0368342 0.277556 2
-0.0115167 0.0366579 0.278 2
-0.0493053 0.0394876 0.276667 2
-0.0468054 0.0400562 0.276889 2
-0.0440945 0.0410202 0.276286 2
-0.0419949 0.0414912 0.276 2
-0.028232 0.0415213 0.2762 2
-0.0249382 0.0413416 0.276714 2
-0.0224303 0.0408613 0.277273 2
-0.0192774 0.0395066 0.2768 2
-0.0175525 0.0396779 0.278 2
-0.0432985 0.0421926 0.276667 2
-0.0408599 0.0430981 0.277333 2
-0.0375898 0.0430942 0.276667 2
-0.0343288 0.0431461 0.277 2
-0.0313656 0.0432084 0.2774 2
-0.0287166 0.0426461 0.277 2
-0.0253063 0.0422434 0.277 2
-0.0235883 0.0423959 0.278 2
-0.0517224 -0.0394252 0.28 2
-0.0492907 -0.0394252 0.28 2
-0.0458458 -0.0398308 0.28 2
-0.0433658 -0.0401765 0.281 2
-0.0411694 -0.0399323 0.281 2
-0.0585038 -0.0365566 0.279 2
-0.0557779 -0.0371628 0.279 2
-0.0525553 -0.0374639 0.27952 2
-0.0493863 -0.0375034 0.279778 2
-0.0462511 -0.0376002 0.28 2
-0.0433406 -0.0377135 0.28084 2
-0.0403949 -0.0376282 0.281 2
-0.0374005 -0.0373613 0.281 2
-0.0345194 -0.0368186 0.281 2
-0.0329942 -0.0368186 0.281 2
-0.025063 -0.0365134 0.281 2
-0.0232327 -0.0365134 0.281 2
-0.018352 -0.0365134 0.281 2
-0.0165217 -0.0365134 0.281 2
-0.0129289 -0.0371917 0.281 2
-0.0105643 -0.0373035 0.281 2
-0.00764802 -0.0363835 0.28 2
-0.060321 -0.0353443 0.279 2
-0.0585038 -0.0347381 0.279 2
-0.0560375 -0.0349979 0.279 2
-0.0527492 -0.0353443 0.279 2
-0.0497204 -0.0353443 0.279 2
-0.0465091 -0.034747 0.279174 2
-0.0436383 -0.0344213 0.279522 2
-0.0407507 -0.0345346 0.2798 2
-0.0376704 -0.0344955 0.27948 2
-0.034665 -0.0345252 0.27972 2
-0.0317015 -0.0346044 0.28036 2
-0.0286502 -0.0345941 0.28028 2
-0.0256435 -0.0346434 0.28068 2
-0.0227022 -0.0345757 0.281 2
-0.0195141 -0.0344493 0.281 2
-0.0165217 -0.0346819 0.281 2
-0.0134712 -0.0346819 0.281 2
-0.0104153 -0.0346627 0.28084 2
-0.00739472 -0.0345077 0.28 2
-0.00505612 -0.03389 0.2795 2
-0.0454802 -0.0326165 0.279 2
-0.0436629 -0.0326165 0.279 2
-0.0406341 -0.0326165 0.279 2
-0.0376054 -0.0326165 0.279 2
-0.0343495 -0.0323892 0.279 2
-0.0315479 -0.0323135 0.279 2
-0.0283269 -0.0316395 0.2792 2
-0.0255483 -0.0314772 0.27964 2
-0.022526 -0.0314951 0.2798 2
-0.0194886 -0.0314951 0.2798 2
-0.0164511 -0.0314951 0.2798 2
-0.0134137 -0.0314951 0.2798 2
-0.0103763 -0.0314951 0.2798 2
-0.00733531 -0.0314769 0.27964 2
-0.00428907 -0.0314042 0.279 2
-0.00186607 -0.0306465 0.279 2
-0.0276105 -0.0295857 0.279 2
-0.0254904 -0.0295857 0.279 2
-0.0224616 -0.0295857 0.279 2
-0.0194329 -0.0295857 0.279 2
-0.0164041 -0.0295857 0.279 2
-0.0133753 -0.0295857 0.279 2
-0.00994275 -0.0291816 0.279 2
-0.00714476 -0.0285465 0.279 2
-0.00428907 -0.0283733 0.279 2
-0.00156319 -0.0283733 0.279 2
-0.025368 -0.0243031 0.281 2
-0.00338045 -0.0262518 0.279 2
-0.00216895 -0.0262518 0.279 2
-0.0395639 -0.0226958 0.28 2
-0.038956 -0.0226958 0.28 2
-0.025368 -0.0236926 0.281 2
-0.00338045 0.026788 0.279 2
-0.0014142 0.0258751 0.2795 2
0.000556935 0.0246664 0.279 2
-0.0630469 0.0298188 0.279 2
-0.0624412 0.0298188 0.279 2
-0.0033865 0.0283558 0.2795 2
-0.00217672 0.0281007 0.28 2
-0.0630469 0.030425 0.279 2
-0.061316 0.0317915 0.280333 2
-0.00701495 0.0328497 0.279 2
-0.00340468 0.0306431 0.281 2
-0.0607534 0.0330852 0.281 2
-0.0581056 0.0350967 0.28 2
-0.0562827 0.0352744 0.279 2
-0.00947179 0.0354008 0.28 2
-0.00784228 0.0341442 0.279667 2
-0.0573979 0.036443 0.281 2
-0.0556098 0.0367752 0.279667 2
-0.0535644 0.037826 0.2805 2
-0.0137038 0.0380707 0.2795 2
-0.0102824 0.0366175 0.28 2
-0.0534323 0.0391903 0.281 2
-0.0496531 0.0407299 0.279 2
-0.0460859 0.0419422 0.279 2
-0.0448744 0.0419422 0.279 2
-0.0227645 0.0419422 0.279 2
-0.0194864 0.0411506 0.2798 2
-0.0164977 0.0402932 0.2806 2
-0.0143351 0.0390508 0.28 2
-0.0460859 0.0425484 0.279 2
-0.0434531 0.0435517 0.2796 2
-0.0409254 0.0446849 0.281 2
-0.0369598 0.0446849 0.281 2
-0.0347006 0.0445259 0.28 2
-0.031661 0.0445259 0.28 2
-0.0283595 0.0439485 0.2798 2
-0.0255078 0.0434888 0.2792 2
-0.0226064 0.0430823 0.280167 2
-0.0421456 0.0452954 0.281 2
-0.0409254 0.0452954 0.281 2
-0.0369598 0.0452954 0.281 2
-0.0347006 0.0451343 0.28 2
-0.031661 0.0451343 0.28 2
-0.0290286 0.0452954 0.281 2
-0.0340893 -0.0422323 0.2825 2
-0.0313857 -0.042307 0.283 2
-0.0283136 -0.042307 0.283 2
-0.0264703 -0.042307 0.283 2
-0.0399486 -0.0402174 0.282 2
-0.0373975 -0.0400132 0.282 2
-0.034295 -0.0402807 0.282083 2
-0.0313857 -0.0404624 0.283 2
-0.0283136 -0.0404624 0.283 2
-0.0255611 -0.0401792 0.282529 2
-0.0227031 -0.0400131 0.282 2
-0.0197779 -0.0399451 0.282 2
-0.0165805 -0.0394005 0.282 2
-0.0138253 -0.0390941 0.282 2
-0.036173 -0.0381751 0.282 2
-0.0343362 -0.0381751 0.282 2
-0.0312748 -0.0375624 0.282 2
-0.0285702 -0.0376301 0.2825 2
-0.0258725 -0.0377245 0.282 2
-0.0225098 -0.0375463 0.282 2
-0.0197483 -0.037336 0.282 2
-0.0165805 -0.0378687 0.282 2
-0.0138253 -0.0378687 0.282 2
-0.0410541 -0.021786 0.284 2
-0.0385876 -0.02302 0.284 2
0.00393038 0.0175794 0.282 2
0.00195003 0.0224484 0.2835 2
0.00302266 0.0213309 0.283 2
-4.9691e-05 0.0263425 0.284 2
0.00102937 0.0252627 0.284 2
-0.00104825 0.0280194 0.283 2
0.000566916 0.0275766 0.284 2
-0.00464133 0.0322839 0.282 2
-0.00220781 0.0303532 0.284 2
-0.00717949 0.0347196 0.2825 2
-0.00555972 0.0335093 0.282 2
-0.0582175 0.0373821 0.2835 2
-0.0556634 0.0381044 0.282 2
-0.0129069 0.0385129 0.282 2
-0.0100732 0.037786 0.282667 2
-0.00835423 0.0370548 0.283333 2
-0.054847 0.0393298 0.282 2
-0.052436 0.0406052 0.2832 2
-0.013213 0.0393298 0.282 2
-0.0515364 0.0420768 0.284 2
-0.0490305 0.0426995 0.282 2
-0.0464853 0.0436203 0.282667 2
-0.043214 0.044844 0.282 2
-0.0257645 0.044844 0.282 2
-0.0215794 0.0441326 0.283333 2
-0.0198124 0.0430566 0.283 2
-0.0179313 0.0430024 0.284 2
-0.0434183 0.0462886 0.283333 2
-0.0398208 0.0454705 0.284 2
-0.0363012 0.0465401 0.283 2
-0.0342436 0.0466121 0.2825 2
-0.0315203 0.046667 0.282833 2
-0.0281068 0.0462828 0.283571 2
-0.0254177 0.0458573 0.283091 2
-0.0231724 0.0454705 0.284 2
-0.0336548 0.0482472 0.284 2
-0.0324216 0.0482472 0.284 2
-0.0280906 -0.0245103 0.287 2
-0.0268444 -0.0245103 0.287 2
-0.0432804 -0.021044 0.2865 2
-0.0406569 -0.0217043 0.287 2
-0.0480305 -0.0185866 0.287 2
-0.0463688 -0.0192101 0.287 2
-0.0438253 -0.0201217 0.286667 2
-0.0414877 -0.0204572 0.287 2
-0.0490172 -0.0163956 0.286467 2
-0.0470335 -0.0175889 0.287 2
0.00524631 0.0175793 0.287 2
0.00453019 0.0193418 0.286714 2
0.00242525 0.0227201 0.285 2
0.00304402 0.0227201 0.285 2
0.00150233 0.0252853 0.286 2
-0.000978032 0.0289121 0.285 2
-0.0636085 0.0334799 0.287 2
-0.0616831 0.0344468 0.286 2
-0.00625953 0.0352273 0.286 2
-0.00502861 0.034478 0.286667 2
-0.0603807 0.036033 0.285 2
-0.00700905 0.0369944 0.2862 2
-0.0056583 0.0365976 0.287 2
-0.0558955 0.0402958 0.2858 2
-0.0536053 0.0412874 0.286 2
-0.0161812 0.0417226 0.2858 2
-0.0135624 0.0406895 0.285923 2
-0.0114118 0.0399925 0.28675 2
-0.053327 0.0425213 0.287 2
-0.0502757 0.0439282 0.2856 2
-0.0475526 0.044548 0.286 2
-0.0191717 0.0443921 0.285667 2
-0.0163792 0.0429353 0.285923 2
-0.014382 0.0425213 0.287 2
-0.0480305 0.0459509 0.287 2
-0.0462249 0.0463703 0.286286 2
-0.0433635 0.0468735 0.2854 2
-0.0401819 0.0467997 0.285833 2
-0.0377875 0.0469576 0.285364 2
-0.0353202 0.0477978 0.285 2
-0.0310243 0.0478537 0.285333 2
-0.0286137 0.0479656 0.286 2
-0.024801 0.046869 0.285 2
-0.0217564 0.0457373 0.285667 2
-0.0195227 0.0454832 0.287 2
-0.0435151 0.0484923 0.286667 2
-0.040553 0.0484451 0.287 2
-0.0372412 0.0490277 0.286556 2
-0.0347776 0.0492814 0.286091 2
-0.0317949 0.0492969 0.286182 2
-0.0286137 0.0485869 0.286 2
-0.0259097 0.0484451 0.287 2
-0.0363173 -0.0245956 0.288 2
-0.0344897 -0.0246298 0.2884 2
-0.0313598 -0.0246298 0.2884 2
-0.0294391 -0.0245956 0.288 2
-0.0398463 -0.0215443 0.2882 2
-0.0376637 -0.0224682 0.289182 2
-0.0346208 -0.0228358 0.2895 2
-0.0314676 -0.0228281 0.2894 2
-0.0283932 -0.0227006 0.288667 2
-0.0256066 -0.0228392 0.288667 2
-0.0231879 -0.0226122 0.289333 2
-0.045384 -0.0183384 0.288 2
-0.043269 -0.0189965 0.2885 2
-0.0406159 -0.0196914 0.289154 2
-0.0380768 -0.0206354 0.2895 2
-0.0483652 -0.0158905 0.289 2
-0.046404 -0.016303 0.2891 2
-0.0444399 -0.0172056 0.29 2
-0.0522249 -0.0129915 0.288462 2
-0.0496266 -0.0138029 0.289043 2
-0.047533 -0.0141435 0.289667 2
-0.052471 -0.0108798 0.289789 2
-0.0500436 -0.0114721 0.29 2
0.00530114 0.0205984 0.29 2
0.00245078 0.0238978 0.288 2
0.0043379 0.0223077 0.288615 2
0.002079 0.0256852 0.2884 2
0.00308319 0.0252082 0.288667 2
-5.03908e-05 0.0292164 0.288 2
0.00104387 0.0281214 0.288 2
-0.00350161 0.0327713 0.289 2
-0.00130379 0.0310954 0.2892 2
0.000578893 0.0306794 0.29 2
-0.0636438 0.0350899 0.29 2
-0.0623845 0.0350899 0.29 2
-0.00433823 0.0348643 0.289 2
-0.00634708 0.0382403 0.29 2
-0.00571744 0.0382403 0.29 2
-0.0582025 0.0402709 0.288 2
-0.0569519 0.0411052 0.288 2
-0.0104037 0.04062 0.289 2
-0.00852131 0.0390503 0.289 2
-0.0576622 0.0426508 0.29 2
-0.0550617 0.0431236 0.2888 2
-0.0525778 0.0440911 0.2887 2
-0.0491358 0.0445466 0.288 2
-0.0161181 0.0442853 0.288333 2
-0.0133219 0.0430635 0.289143 2
-0.0541992 0.0454861 0.29 2
-0.0524899 0.0453684 0.28925 2
-0.0493746 0.0463436 0.288692 2
-0.0477377 0.0475269 0.289 2
-0.0226066 0.0474611 0.2886 2
-0.0195427 0.0466112 0.288833 2
-0.017007 0.045841 0.28925 2
-0.0488474 0.0483214 0.29 2
-0.0460478 0.0488691 0.288889 2
-0.0431485 0.050003 0.28925 2
-0.0405219 0.0500384 0.289 2
-0.0382381 0.049923 0.288333 2
-0.034561 0.0509803 0.289 2
-0.0308374 0.0500883 0.2882 2
-0.0282459 0.0499692 0.2886 2
-0.0254856 0.0497689 0.28925 2
-0.023662 0.0489515 0.29 2
-0.0198842 0.0480063 0.29 2
-0.0375139 0.0514717 0.29 2
-0.034561 0.0516082 0.289 2
-0.0320135 0.051499 0.2898 2
-0.0363797 -0.0213746 0.291 2
-0.0342375 -0.0214186 0.2916 2
-0.0314329 -0.021448 0.292 2
-0.0285026 -0.0213893 0.2912 2
-0.0253231 -0.0213746 0.291 2
-0.0221641 -0.0216907 0.291 2
-0.0200358 -0.0216875 0.291571 2
-0.0400623 -0.0188206 0.2916 2
-0.0375188 -0.0198253 0.292143 2
-0.0347353 -0.020405 0.292222 2
-0.0314329 -0.0208136 0.292 2
-0.0281564 -0.0203892 0.292 2
-0.0254052 -0.0201736 0.291933 2
-0.0222392 -0.0197808 0.292 2
-0.0198097 -0.0198836 0.292579 2
-0.0455389 -0.0155797 0.292 2
-0.0434785 -0.0166885 0.292 2
-0.041353 -0.0173639 0.292667 2
-0.0485503 -0.0125662 0.292 2
-0.0468597 -0.0138351 0.292 2
-0.0518589 -0.00967812 0.291 2
-0.0494815 -0.0106275 0.292125 2
-0.0547862 -0.00737088 0.291909 2
-0.0528466 -0.00779165 0.292053 2
-0.0507692 -0.00844255 0.292 2
-0.0546764 -0.00468026 0.292556 2
-0.0535645 -0.00441553 0.292429 2
0.00531942 0.0231984 0.291 2
0.0044924 0.0249699 0.292 2
0.00152859 0.0282563 0.291 2
-0.003542 0.0350554 0.292333 2
-0.00227001 0.0334287 0.292 2
-0.0634487 0.0366008 0.292 2
-0.0616015 0.0376446 0.2915 2
-0.00454816 0.0375262 0.2918 2
-0.0606996 0.0404781 0.2925 2
-0.0591247 0.0415334 0.291 2
-0.00991154 0.0415005 0.293 2
-0.00726094 0.039803 0.293 2
-0.0608034 0.0421371 0.293 2
-0.0587392 0.0434434 0.292 2
-0.0565975 0.0440623 0.291 2
-0.0124136 0.0442137 0.292 2
-0.0107343 0.0426756 0.292333 2
-0.0571089 0.0451653 0.292 2
-0.0555954 0.0458591 0.292375 2
-0.0521294 0.0467506 0.291333 2
-0.0507692 0.047703 0.292 2
-0.0186892 0.0475396 0.291 2
-0.0162986 0.046674 0.292 2
-0.0140131 0.0455345 0.292333 2
-0.0499889 0.0488212 0.293 2
-0.0471204 0.0497525 0.291 2
-0.0244168 0.0504707 0.2915 2
-0.0224329 0.0494495 0.292143 2
-0.0199603 0.0490941 0.29225 2
-0.0175453 0.0485029 0.293 2
-0.0452177 0.0513676 0.293 2
-0.0438969 0.0514149 0.292667 2
-0.0402674 0.0515922 0.291125 2
-0.0372215 0.0530112 0.292286 2
-0.0342858 0.0530955 0.292 2
-0.0314351 0.0524632 0.292 2
-0.0285396 0.0517557 0.2916 2
-0.0261029 0.051945 0.292667 2
-0.0235887 0.0510493 0.293 2
-0.0373931 -0.0187205 0.294 2
-0.0343979 -0.0192633 0.295 2
-0.0314356 -0.019423 0.295 2
-0.0287669 -0.01921 0.295 2
-0.0256203 -0.018746 0.2944 2
-0.0230309 -0.0187205 0.294 2
-0.0188818 -0.0187205 0.294 2
-0.0171982 -0.0191676 0.294333 2
-0.045372 -0.0152073 0.294 2
-0.0432261 -0.0157696 0.294286 2
-0.0404257 -0.0168698 0.295167 2
-0.0382901 -0.0175616 0.296 2
-0.0244729 -0.0175616 0.296 2
-0.0225158 -0.0175379 0.2956 2
-0.0194449 -0.0168207 0.295556 2
-0.0169116 -0.0169765 0.295429 2
-0.0464195 -0.0131072 0.294941 2
-0.0441947 -0.0146016 0.294667 2
-0.0487288 -0.0102384 0.295 2
-0.0474478 -0.0110931 0.295 2
-0.0518427 -0.00675445 0.2945 2
-0.0504153 -0.00790065 0.2955 2
-0.0525707 -0.0051644 0.295 2
-0.000692162 0.032527 0.295333 2
0.00059087 0.0326004 0.296 2
-0.00165455 0.0344703 0.2955 2
-0.0637804 0.0382586 0.295 2
-0.0622874 0.038129 0.294 2
-0.00356219 0.0374902 0.294 2
-0.0023011 0.0364591 0.296 2
-0.0636722 0.0401123 0.2945 2
-0.0623934 0.0401123 0.2945 2
-0.00901847 0.0417838 0.295 2
-0.00778158 0.0409374 0.294667 2
-0.00517994 0.0402268 0.295333 2
-0.0101394 0.0438084 0.294692 2
-0.0080151 0.0429256 0.2958 2
-0.0589624 0.0455696 0.296 2
-0.0533511 0.047391 0.294 2
-0.0153711 0.0470716 0.294 2
-0.0135106 0.046751 0.2952 2
-0.0100131 0.0451409 0.296 2
-0.0522428 0.0488316 0.2945 2
-0.0494328 0.0501774 0.294286 2
-0.0221099 0.0506708 0.2945 2
-0.0193303 0.0500033 0.294333 2
-0.0170246 0.0491545 0.295 2
-0.0482513 0.0518935 0.296 2
-0.0461973 0.0522678 0.2952 2
-0.043383 0.0527725 0.2948 2
-0.0408605 0.05312 0.2946 2
-0.0378405 0.0539615 0.295 2
-0.0306907 0.0534592 0.294 2
-0.0285284 0.0535956 0.29475 2
-0.0255713 0.0528764 0.29475 2
-0.0227404 0.0520107 0.2952 2
-0.0202271 0.0513977 0.295 2
-0.0392541 0.0544659 0.296 2
-0.0377646 0.0545478 0.2954 2
-0.035919 0.0546024 0.295 2
-0.0260796 0.0541444 0.296 2
-0.0340758 -0.0180342 0.2985 2
-0.0315372 -0.0180645 0.299 2
-0.0288438 -0.018004 0.298 2
-0.042658 -0.0153797 0.297333 2
-0.040231 -0.0160423 0.297667 2
-0.0374685 -0.0169306 0.297857 2
-0.0345564 -0.0174641 0.298 2
-0.0315372 -0.0174148 0.299 2
-0.028035 -0.0171936 0.298 2
-0.0257474 -0.0169385 0.298 2
-0.0225233 -0.0162139 0.297833 2
-0.0194518 -0.0154039 0.2978 2
-0.0165083 -0.0153754 0.29725 2
-0.0149332 -0.0154142 0.298 2
-0.0456659 -0.0125007 0.298 2
-0.0437622 -0.0136615 0.2984 2
-0.0412749 -0.0148163 0.299 2
-0.0217997 -0.0148163 0.299 2
-0.0191025 -0.0144954 0.298143 2
-0.0165649 -0.0141301 0.29825 2
-0.0149332 -0.0141193 0.298 2
-0.0484144 -0.00987766 0.297 2
-0.0467496 -0.0106556 0.298143 2
-0.0511654 -0.00634996 0.298 2
-0.0492742 -0.00805085 0.298308 2
-0.0525235 -0.00425861 0.297556 2
-0.0505184 -0.00570251 0.298 2
0.00221062 0.0287961 0.297667 2
0.00366813 0.0279659 0.298 2
0.00156012 0.0304521 0.297 2
-0.00102265 0.0354105 0.298 2
-0.00361066 0.0389715 0.298 2
-0.00232442 0.0381278 0.299 2
-0.00650028 0.0414218 0.297 2
-0.00435892 0.0402199 0.297667 2
-0.0633468 0.0426752 0.299 2
-0.00911018 0.0447985 0.298 2
-0.00736029 0.0436369 0.298286 2
-0.00589488 0.0426752 0.299 2
-0.0126687 0.0473883 0.298 2
-0.010546 0.0463092 0.298 2
-0.00846318 0.045446 0.298 2
-0.0542178 0.0494877 0.297 2
-0.0528701 0.0501364 0.2974 2
-0.0509937 0.0504557 0.297 2
-0.0161728 0.0497028 0.297 2
-0.0137759 0.0484391 0.2975 2
-0.0524014 0.0512156 0.297667 2
-0.0492751 0.0526296 0.298333 2
-0.0468023 0.0533594 0.297 2
-0.024878 0.053682 0.297 2
-0.0221213 0.0529439 0.2972 2
-0.0194365 0.0520454 0.2976 2
-0.0175212 0.0515967 0.298 2
-0.0484158 0.0540435 0.299 2
-0.0458191 0.055018 0.299 2
-0.0434891 0.0549444 0.2986 2
-0.0401924 0.0553905 0.2982 2
-0.038029 0.0563172 0.299 2
-0.0341007 0.0554005 0.298 2
-0.0314318 0.0554814 0.298 2
-0.0285203 0.0554814 0.298 2
-0.0258553 0.0552208 0.298333 2
-0.023261 0.0543601 0.2986 2
-0.0398281 -0.0155349 0.300333 2
-0.0372219 -0.0161867 0.300333 2
-0.0346186 -0.0165174 0.3004 2
-0.0314015 -0.0165394 0.3008 2
-0.0285569 -0.016204 0.300667 2
-0.0255576 -0.0155797 0.3012 2
-0.0231753 -0.0155177 0.3 2
-0.0430213 -0.0129525 0.301 2
-0.0408126 -0.0143408 0.300714 2
-0.0386101 -0.0149155 0.301 2
-0.0282474 -0.014965 0.302 2
-0.0255576 -0.0149254 0.3012 2
-0.022404 -0.0142758 0.301333 2
-0.0199528 -0.0139113 0.3005 2
-0.0153591 -0.0125846 0.3 2
-0.0462072 -0.0100925 0.301 2
-0.0444918 -0.0113187 0.301 2
-0.0491753 -0.00706785 0.301 2
-0.0474326 -0.00837579 0.301 2
-0.0519058 -0.00372945 0.3008 2
-0.050452 -0.00526151 0.3005 2
-0.054948 -0.0021631 0.301 2
-0.0531041 -0.00216789 0.301667 2
0.00419519 0.0292273 0.301 2
0.00202807 0.0318822 0.301091 2
0.00365416 0.0311158 0.301333 2
-5.24905e-05 0.0349964 0.3 2
0.00131287 0.0343768 0.300545 2
0.0032256 0.0335893 0.302 2
-0.000835513 0.0375488 0.3006 2
0.000600851 0.0370749 0.301 2
-0.0040772 0.0412792 0.300667 2
-0.00658783 0.0442685 0.301 2
-0.0052808 0.0433966 0.301 2
-0.0102682 0.0474334 0.300333 2
-0.00786863 0.0458596 0.3 2
-0.0557793 0.0499248 0.3016 2
-0.0154103 0.0504812 0.301 2
-0.0135881 0.04973 0.3012 2
-0.0108166 0.0484387 0.3005 2
-0.0544399 0.0516171 0.3 2
-0.0524213 0.052821 0.300667 2
-0.0501871 0.0529062 0.300375 2
-0.0189618 0.0533058 0.300333 2
-0.0166079 0.0521113 0.3005 2
-0.0141502 0.0513051 0.302 2
-0.0511965 0.0545858 0.302 2
-0.0493275 0.0550745 0.3018 2
-0.0467076 0.0557815 0.300857 2
-0.0435484 0.0564137 0.30125 2
-0.0409848 0.0564779 0.3002 2
-0.0368535 0.0565056 0.3 2
-0.0348699 0.0565218 0.300667 2
-0.0313171 0.0568315 0.3 2
-0.0290374 0.0568315 0.3 2
-0.0248305 0.0559159 0.300333 2
-0.0225816 0.0553416 0.30075 2
-0.0206384 0.054732 0.301 2
-0.045951 0.0572103 0.302 2
-0.0435485 0.0570682 0.30125 2
-0.0401531 0.0579598 0.3018 2
-0.037427 0.0581946 0.302 2
-0.0346562 0.0578033 0.301667 2
-0.0318719 0.0580929 0.301714 2
-0.0282306 0.057393 0.300667 2
-0.0259084 0.0574432 0.3015 2
-0.037222 -0.0153438 0.303 2
-0.0345906 -0.0153437 0.303 2
-0.0316302 -0.0153438 0.303 2
-0.0296567 -0.0153437 0.303 2
-0.042156 -0.0127105 0.303 2
-0.0402805 -0.0132356 0.30375 2
-0.0376975 -0.0140826 0.3042 2
-0.0344878 -0.0141197 0.305 2
-0.0315079 -0.0141197 0.305 2
-0.028454 -0.0140826 0.3042 2
-0.0253806 -0.014027 0.303 2
-0.0228079 -0.0131466 0.304429 2
-0.0195883 -0.0127944 0.305 2
-0.0171965 -0.0127384 0.303667 2
-0.0457638 -0.00943891 0.303667 2
-0.0436755 -0.0109793 0.303667 2
-0.041772 -0.011469 0.305 2
-0.0155639 -0.0114315 0.304 2
-0.0485349 -0.00686001 0.3034 2
-0.046656 -0.00774514 0.304273 2
-0.0510429 -0.00351716 0.305 2
-0.0497191 -0.00485231 0.304077 2
-0.0477318 -0.00583646 0.305 2
-0.0545056 -0.00086369 0.304 2
-0.0525256 -0.00152418 0.304 2
0.00425094 0.0322663 0.305 2
0.00208502 0.0351817 0.303 2
0.00403686 0.0342495 0.3038 2
-5.31903e-05 0.0384351 0.304 2
0.00145395 0.0372686 0.303714 2
-0.00144111 0.0405775 0.303895 2
0.000608171 0.039844 0.304667 2
-0.00454839 0.0437946 0.303 2
-0.00237107 0.0425375 0.305 2
-0.00713047 0.0469057 0.30325 2
-0.0059836 0.0466155 0.3035 2
-0.057996 0.0494955 0.305 2
-0.010798 0.0493903 0.303 2
-0.00860518 0.0485125 0.303 2
-0.0570027 0.0521461 0.305 2
-0.0554363 0.0527958 0.303667 2
-0.0159698 0.0528504 0.303333 2
-0.0136285 0.0521461 0.305 2
-0.0549567 0.0547368 0.304667 2
-0.0522629 0.055219 0.3044 2
-0.0493917 0.0563629 0.3038 2
-0.0474188 0.0567415 0.303 2
-0.0217856 0.0564744 0.303333 2
-0.0198113 0.0555966 0.303333 2
-0.016884 0.0542868 0.304 2
-0.0484861 0.0574945 0.3035 2
-0.0465091 0.0585215 0.304429 2
-0.0435591 0.0585029 0.3036 2
-0.0405761 0.0589784 0.303857 2
-0.0374677 0.0597666 0.305 2
-0.0344878 0.0597666 0.305 2
-0.0313199 0.0590048 0.3038 2
-0.0283958 0.0588327 0.3036 2
-0.0253478 0.0588728 0.304286 2
-0.0232549 0.0579093 0.3036 2
-0.0397854 0.0604293 0.305 2
-0.0374677 0.0604293 0.305 2
-0.0344878 0.0604293 0.305 2
-0.0321701 0.0604293 0.305 2
-0.0372819 -0.0128447 0.3062 2
-0.0344079 -0.0128888 0.30725 2
-0.0314026 -0.0128867 0.3072 2
-0.0283367 -0.0128573 0.3065 2
-0.0256319 -0.0128363 0.306 2
-0.0432793 -0.00992803 0.306727 2
-0.0404119 -0.0108845 0.30725 2
-0.0377738 -0.0115631 0.3075 2
-0.0278056 -0.0115819 0.308 2
-0.025465 -0.0115819 0.308 2
-0.0224559 -0.0115819 0.308 2
-0.01916 -0.0111995 0.308 2
-0.0166062 -0.0106535 0.307 2
-0.0461563 -0.00720874 0.307 2
-0.0443983 -0.00815794 0.3076 2
-0.0490447 -0.00420723 0.307 2
-0.0470451 -0.00587474 0.307 2
-0.051834 -0.00120501 0.30675 2
-0.0507936 -0.00154064 0.3075 2
-0.0540437 0.000461791 0.307 2
-0.0527106 0.000461791 0.307 2
-0.0641655 0.0446715 0.306 2
-0.00370758 0.0436743 0.306 2
-0.0638129 0.0458931 0.3075 2
-0.00505279 0.046485 0.307 2
-0.0581861 0.050655 0.306 2
-0.0100395 0.0504322 0.306667 2
-0.00804494 0.0495458 0.306667 2
-0.0576878 0.0524832 0.306 2
-0.0565252 0.0536467 0.306 2
-0.0156663 0.0539791 0.306 2
-0.0125301 0.052736 0.3065 2
-0.0109019 0.05224 0.3075 2
-0.0558916 0.0563394 0.308 2
-0.0532167 0.0563394 0.308 2
-0.0191543 0.0561398 0.306 2
-0.0165494 0.0556568 0.307 2
-0.0143844 0.054489 0.307 2
-0.0558916 0.0570086 0.308 2
-0.0523251 0.0576778 0.308 2
-0.0497514 0.0585395 0.30725 2
-0.0478883 0.0589653 0.306 2
-0.0429056 0.0599626 0.306 2
-0.0415768 0.0599626 0.306 2
-0.0309469 0.0599626 0.306 2
-0.0246353 0.0596301 0.306 2
-0.0225526 0.058948 0.3066 2
-0.0193141 0.0576202 0.30725 2
-0.0464551 0.0605906 0.3075 2
-0.0438877 0.0605371 0.306667 2
-0.0405268 0.0616774 0.3075 2
-0.0374054 0.0618663 0.3072 2
-0.0344356 0.0619267 0.3075 2
-0.031492 0.0612935 0.30725 2
-0.0283818 0.060492 0.307 2
-0.025631 0.0607804 0.307333 2
-0.0227401 0.0602238 0.307333 2
-0.0426553 -0.00926975 0.309 2
-0.0404094 -0.00929375 0.3098 2
-0.0375612 -0.0104309 0.309769 2
-0.0348453 -0.0110725 0.309857 2
-0.0313547 -0.0112548 0.309571 2
-0.0289136 -0.0107686 0.310333 2
-0.0256304 -0.01031 0.31 2
-0.0226017 -0.01031 0.31 2
-0.0198292 -0.00989861 0.3098 2
-0.0165185 -0.00928475 0.3095 2
-0.0457228 -0.00659146 0.309333 2
-0.0433594 -0.00782226 0.3102 2
-0.0404094 -0.00862066 0.3098 2
-0.0385424 -0.00865405 0.311 2
-0.0192685 -0.00864014 0.3105 2
-0.0162204 -0.00812642 0.31025 2
-0.0488508 -0.00357482 0.31 2
-0.0465277 -0.00519391 0.309818 2
-0.050197 -0.00155209 0.31 2
-0.0515431 0.001142 0.31 2
-5.42401e-05 0.0418878 0.31 2
0.000618817 0.0418878 0.31 2
-0.000727296 0.0430104 0.31 2
0.000618817 0.0425613 0.31 2
-0.0638109 0.0474031 0.309571 2
-0.0624464 0.0471235 0.309 2
-0.0639946 0.0489598 0.31 2
-0.0614957 0.0495377 0.31 2
-0.0597629 0.0494732 0.309 2
-0.00691085 0.0500768 0.310667 2
-0.00511862 0.0484421 0.311 2
-0.00998182 0.0528326 0.31 2
-0.00829918 0.0518222 0.31 2
-0.0134248 0.0558178 0.310143 2
-0.01101 0.0546051 0.3105 2
-0.0192342 0.0590626 0.31 2
-0.016542 0.0577156 0.31 2
-0.0486708 0.0612802 0.311 2
-0.0457228 0.0622959 0.309333 2
-0.0433621 0.0622791 0.30925 2
-0.041649 0.0622288 0.309 2
-0.0276496 0.0624302 0.31 2
-0.0256622 0.0625107 0.3104 2
-0.0223841 0.0609762 0.3098 2
-0.020919 0.0604097 0.31 2
-0.0425938 0.0639829 0.311 2
-0.0405172 0.0639007 0.3106 2
-0.0374089 0.0637773 0.31 2
-0.0344454 0.0639007 0.3106 2
-0.0324654 0.0639829 0.311 2
-0.037031 -0.00937475 0.3125 2
-0.0340063 -0.00989064 0.31275 2
-0.0319934 -0.00989814 0.313 2
-0.0285967 -0.00938974 0.313 2
-0.0254783 -0.00936725 0.31225 2
-0.0224088 -0.00935975 0.312 2
-0.043002 -0.00683319 0.31275 2
-0.0407183 -0.00742168 0.3132 2
-0.0377519 -0.00810685 0.3134 2
-0.0344269 -0.00872362 0.3135 2
-0.0317559 -0.00873753 0.314 2
-0.0285967 -0.00870971 0.313 2
-0.0254783 -0.00868884 0.31225 2
-0.0222874 -0.00808639 0.313231 2
-0.0195208 -0.00715409 0.313 2
-0.0170035 -0.00716201 0.31225 2
-0.0481499 -0.00359789 0.312 2
-0.0462347 -0.00415114 0.3128 2
-0.0439999 -0.00564845 0.313 2
-0.018743 -0.00598955 0.313 2
-0.017059 -0.00548268 0.31325 2
-0.0490876 -0.00170387 0.3128 2
-0.0477768 -0.00225652 0.314 2
-0.0510225 0.00183089 0.313 2
-0.0504615 0.000923171 0.312333 2
0.00266352 0.0371929 0.313 2
0.00334309 0.0371929 0.313 2
0.00163891 0.0397855 0.312 2
-0.00243327 0.0443333 0.313 2
-0.00380452 0.0461805 0.314 2
-0.00243327 0.0450133 0.313 2
-0.0633914 0.0506314 0.312 2
-0.0637977 0.0523204 0.314 2
-0.0616553 0.0522371 0.3135 2
-0.059327 0.0533428 0.312 2
-0.00956875 0.0538538 0.313 2
-0.00809381 0.0531728 0.3138 2
-0.012287 0.056574 0.313 2
-0.0105881 0.055554 0.313 2
-0.00888918 0.0545339 0.313 2
-0.0549239 0.057862 0.312 2
-0.0528917 0.0591047 0.312 2
-0.0508595 0.0597826 0.312 2
-0.0169108 0.059457 0.312667 2
-0.0137953 0.0581608 0.313 2
-0.0116075 0.057254 0.313 2
-0.0515369 0.0604605 0.312 2
-0.0499999 0.0616775 0.313 2
-0.031215 0.062494 0.312 2
-0.0291828 0.062494 0.312 2
-0.0224232 0.0622629 0.3122 2
-0.0195928 0.0613885 0.313273 2
-0.0160758 0.0601658 0.314 2
-0.0487994 0.0635769 0.314 2
-0.045586 0.0643945 0.313 2
-0.0438361 0.0647017 0.31325 2
-0.040555 0.065519 0.3135 2
-0.0374311 0.0654145 0.313 2
-0.0347861 0.0655538 0.313667 2
-0.0310758 0.0641358 0.313091 2
-0.0285094 0.064061 0.312727 2
-0.0255386 0.0643945 0.313 2
-0.0231789 0.0639367 0.31325 2
-0.0426638 0.0663057 0.314 2
-0.0405549 0.0662001 0.3135 2
-0.0374311 0.0660945 0.313 2
-0.0347861 0.0662353 0.313667 2
-0.0401265 -0.00638013 0.3155 2
-0.0372584 -0.00685323 0.316333 2
-0.0347025 -0.00776335 0.316 2
-0.0316151 -0.00776335 0.316 2
-0.0282858 -0.00747803 0.3156 2
-0.0256013 -0.00700082 0.316111 2
-0.0226534 -0.00665186 0.3154 2
-0.045607 -0.00363825 0.3155 2
-0.0436216 -0.00432912 0.316 2
-0.0413066 -0.00502771 0.316667 2
-0.0217355 -0.00503301 0.317 2
-0.0196098 -0.00432948 0.316 2
-0.0174948 -0.00363248 0.315 2
-0.0486129 -0.000894946 0.315 2
-0.0470509 -0.00158362 0.316 2
-0.0515116 0.00287828 0.316 2
-0.0494979 0.00132208 0.316 2
-0.0515116 0.00356483 0.316 2
-0.0501394 0.00356483 0.316 2
0.00269755 0.0387013 0.317 2
0.00338581 0.0387013 0.317 2
0.0022791 0.0405264 0.3162 2
0.00337869 0.0399937 0.316333 2
-0.000571655 0.0447277 0.317 2
0.00166032 0.0431386 0.3162 2
0.00337513 0.0430418 0.316 2
-0.00384087 0.0476548 0.317 2
-0.0017225 0.0460949 0.316429 2
0.00063279 0.0455886 0.317 2
-0.00438489 0.0496569 0.3166 2
-0.0633749 0.0538533 0.317 2
-0.0619984 0.0538533 0.317 2
-0.00657308 0.0526558 0.316 2
-0.00521738 0.0521315 0.317 2
-0.0633749 0.0545421 0.317 2
-0.0619984 0.0545421 0.317 2
-0.0589013 0.0566083 0.317 2
-0.0101428 0.0564222 0.315 2
-0.00827883 0.0551118 0.315667 2
-0.0589013 0.057297 0.317 2
-0.0561482 0.0593632 0.317 2
-0.0151012 0.059673 0.315 2
-0.0130756 0.0591128 0.315667 2
-0.0104192 0.0582955 0.3165 2
-0.0561482 0.0600519 0.317 2
-0.0532268 0.0608923 0.316 2
-0.0506422 0.0624624 0.317 2
-0.0189226 0.0626087 0.316 2
-0.0166437 0.0613565 0.315444 2
-0.0136646 0.0603885 0.3166 2
-0.0486129 0.063095 0.315 2
-0.047929 0.0634371 0.315 2
-0.0335668 0.0658325 0.315 2
-0.0328829 0.0658325 0.315 2
-0.0219808 0.064288 0.315571 2
-0.0198533 0.063691 0.3166 2
-0.0436895 0.0671785 0.3165 2
-0.0405342 0.0677579 0.316 2
-0.0374468 0.0677578 0.316 2
-0.0343657 0.067801 0.316636 2
-0.0314511 0.0663994 0.315889 2
-0.0285718 0.0664898 0.3165 2
-0.0265533 0.0665949 0.317 2
-0.0345769 -0.00643068 0.318 2
-0.03147 -0.00643068 0.318 2
-0.0290535 -0.00643068 0.318 2
-0.0425168 -0.00366707 0.318 2
-0.0403419 -0.00413921 0.319 2
-0.0374787 -0.00506793 0.3192 2
-0.034447 -0.00508064 0.32 2
-0.031668 -0.00508064 0.32 2
-0.0285415 -0.00508064 0.32 2
-0.0253356 -0.00506475 0.319 2
-0.0227732 -0.00413536 0.318667 2
-0.0458026 -0.00125247 0.31925 2
-0.0437146 -0.00229389 0.3192 2
-0.0198569 -0.00229965 0.32 2
-0.0488839 0.00221253 0.319 2
-0.0474987 0.00047984 0.319 2
-0.0488839 0.00359868 0.319 2
0.00270606 0.041587 0.318 2
0.00339649 0.041587 0.318 2
0.00202264 0.0438456 0.319333 2
0.00339649 0.0422779 0.318 2
-0.00143735 0.0473245 0.31825 2
-0.00385298 0.0505687 0.318 2
-0.00178342 0.0485722 0.3185 2
-0.00455987 0.0524637 0.319 2
-0.0634285 0.0559258 0.319 2
-0.0611583 0.0557504 0.318 2
-0.00732809 0.0559258 0.319 2
-0.00526675 0.054363 0.32 2
-0.0636273 0.0574916 0.32 2
-0.061543 0.0574916 0.32 2
-0.0580692 0.059925 0.32 2
-0.00943536 0.0595774 0.32 2
-0.00804583 0.0581868 0.32 2
-0.0575481 0.0611417 0.32 2
-0.0555223 0.0615346 0.319333 2
-0.0521828 0.062314 0.318 2
-0.015245 0.0619686 0.318 2
-0.0135402 0.0617206 0.3185 2
-0.0111476 0.0608408 0.319333 2
-0.0521282 0.064034 0.31925 2
-0.0496283 0.0651195 0.319333 2
-0.0474987 0.0656288 0.319 2
-0.0214588 0.0654231 0.318 2
-0.0192202 0.0644755 0.319 2
-0.01666 0.0634832 0.318667 2
-0.0497319 0.0661822 0.32 2
-0.0461858 0.0678153 0.3195 2
-0.0445881 0.0681867 0.318 2
-0.0315184 0.0682939 0.3185 2
-0.0295836 0.0686155 0.32 2
-0.024911 0.066805 0.318 2
-0.0228868 0.066945 0.318667 2
-0.0205516 0.0661822 0.32 2
-0.0430874 0.0699331 0.319667 2
-0.0405728 0.0697873 0.319 2
-0.0375017 0.0698748 0.3194 2
-0.0351418 0.0700061 0.32 2
-0.0390848 -0.00370167 0.321 2
-0.0374289 -0.00371032 0.32175 2
-0.0343541 -0.00371782 0.3224 2
-0.0312635 -0.00372473 0.323 2
-0.0284155 -0.00371897 0.3225 2
-0.0254945 -0.00370167 0.321 2
-0.0433721 -0.000914264 0.3218 2
-0.0407198 -0.00208009 0.322 2
-0.038627 -0.00232121 0.323 2
-0.0249521 -0.00232121 0.323 2
-0.0227774 -0.00161225 0.322 2
-0.0199189 -0.000911991 0.321 2
-0.048195 0.00222944 0.321333 2
-0.0466792 0.00121547 0.321818 2
-0.0490246 0.00454446 0.322857 2
-0.0476944 0.00434181 0.322667 2
-5.61648e-05 0.04721 0.321 2
0.00133771 0.0462801 0.321 2
-0.00180194 0.0501554 0.322 2
-0.00388933 0.0527893 0.321 2
-0.00667709 0.0566251 0.321 2
-0.00474194 0.0554359 0.3222 2
-0.0619276 0.0592501 0.322 2
-0.0596445 0.0590661 0.321 2
-0.00703596 0.0584596 0.3215 2
-0.00531613 0.0576797 0.323 2
-0.0631719 0.0608376 0.323 2
-0.0613253 0.0607435 0.3225 2
-0.0589026 0.0617106 0.322667 2
-0.0544174 0.0629019 0.321 2
-0.0537205 0.0629019 0.321 2
-0.0126011 0.0625532 0.321 2
-0.0102976 0.0617503 0.321667 2
-0.00807097 0.0601122 0.321 2
-0.0575616 0.0636447 0.323 2
-0.0556162 0.0639068 0.322556 2
-0.0531341 0.0651295 0.321667 2
-0.0509328 0.0656916 0.321 2
-0.0189134 0.0655955 0.321667 2
-0.0162456 0.0646567 0.3214 2
-0.0140233 0.0640809 0.321667 2
-0.052436 0.0665269 0.321667 2
-0.049554 0.0675526 0.322111 2
-0.0475466 0.0679261 0.321667 2
-0.027962 0.0685524 0.321333 2
-0.0256326 0.0688547 0.32275 2
-0.0223357 0.0681831 0.322333 2
-0.0200631 0.0673372 0.3222 2
-0.0463638 0.0702826 0.322333 2
-0.0446603 0.0702248 0.321 2
-0.0338577 0.0702248 0.321 2
-0.0315737 0.0705748 0.3226 2
-0.0285267 0.0701917 0.322444 2
-0.0256326 0.0695558 0.32275 2
-0.0231988 0.0696097 0.323 2
-0.0401941 -0.00092146 0.324333 2
-0.0375557 -0.0017291 0.325 2
-0.0342796 -0.00233557 0.325 2
-0.0314571 -0.00233557 0.325 2
-0.0286346 -0.00233557 0.325 2
-0.0260216 -0.0013917 0.324667 2
-0.0459474 0.00193267 0.324727 2
-0.0436905 0.00077248 0.3252 2
-0.041817 0.00049037 0.326 2
-0.0248052 0.000489868 0.325667 2
-0.0222732 0.000960803 0.324833 2
-0.0204568 0.000487362 0.324 2
-0.0469381 0.00409228 0.3252 2
0.00171245 0.0475912 0.326 2
-5.70396e-05 0.0493619 0.326 2
0.0011816 0.0488307 0.326 2
-0.00251877 0.0518748 0.324 2
-0.063563 0.0626265 0.325 2
-0.0617044 0.0620609 0.3245 2
-0.0598502 0.0624338 0.324 2
-0.0102715 0.0628827 0.3245 2
-0.0067603 0.0605083 0.325 2
-0.0611884 0.0641373 0.3255 2
-0.0585651 0.0644586 0.325333 2
-0.0155327 0.0656016 0.324 2
-0.0131329 0.0650561 0.324286 2
-0.0102715 0.0635878 0.3245 2
-0.0577423 0.0660065 0.326 2
-0.0547427 0.0668633 0.325 2
-0.052546 0.0681704 0.3245 2
-0.0190898 0.0677361 0.324667 2
-0.0170078 0.0669318 0.325333 2
-0.0493901 0.0698843 0.3246 2
-0.0473337 0.071453 0.325 2
-0.0440225 0.071937 0.324 2
-0.0412087 0.071937 0.324 2
-0.0369879 0.071937 0.324 2
-0.0274914 0.0708812 0.324 2
-0.0261374 0.071027 0.324667 2
-0.021512 0.0694733 0.324 2
-0.0205831 0.0699021 0.326 2
-0.0459702 0.0725865 0.325333 2
-0.0432599 0.0727038 0.325333 2
-0.0403526 0.0725551 0.324667 2
-0.0375423 0.0726001 0.325 2
-0.0343596 0.0726795 0.32575 2
-0.0318745 0.0726609 0.325667 2
-0.0366205 -0.000929034 0.327 2
-0.0345961 -0.000931877 0.328 2
-0.0317475 -0.000931877 0.328 2
-0.0288109 -0.000929034 0.327 2
-0.0454951 0.00297847 0.327 2
-0.0432469 0.00232867 0.327769 2
-0.0405306 0.000969911 0.328 2
-0.0375588 0.000494882 0.329 2
-0.0300585 0.000494882 0.329 2
-0.0280419 0.000780501 0.3288 2
-0.0254333 0.00194745 0.328154 2
-0.02351 0.00227105 0.327333 2
-0.0462509 0.00512264 0.32775 2
-0.0439459 0.00428958 0.328455 2
-0.0250337 0.00370773 0.328667 2
-0.0235579 0.00370021 0.328 2
-0.0464015 0.00655871 0.3284 2
-5.73896e-05 0.0507337 0.328 2
0.00136689 0.0507337 0.328 2
-0.00138411 0.0528062 0.328857 2
0.00136689 0.0514463 0.328 2
-0.00396203 0.0566178 0.327 2
-0.00255765 0.0544624 0.329 2
-0.00468022 0.0588401 0.3275 2
-0.00824697 0.0624921 0.328 2
-0.0611874 0.0655787 0.3274 2
-0.0593452 0.0658992 0.329 2
-0.0564995 0.0654986 0.327 2
-0.0110617 0.0651433 0.327 2
-0.0611874 0.06629 0.3274 2
-0.0578007 0.0671916 0.328333 2
-0.0560213 0.067413 0.327667 2
-0.018573 0.0685494 0.328 2
-0.0164046 0.0676996 0.327333 2
-0.0138648 0.0672647 0.32825 2
-0.0547139 0.0697965 0.328 2
-0.0526491 0.070188 0.327333 2
-0.0493999 0.0715374 0.327 2
-0.0247012 0.0716176 0.329 2
-0.0224897 0.0713999 0.328 2
-0.0196517 0.0703672 0.328167 2
-0.0178608 0.069262 0.328 2
-0.0484827 0.0731815 0.328 2
-0.0469505 0.0738292 0.3285 2
-0.044566 0.0746067 0.328 2
-0.0343444 0.0744768 0.329 2
-0.0315552 0.0738694 0.3282 2
-0.0284894 0.0730476 0.3274 2
-0.0256537 0.0730472 0.329 2
-0.0224897 0.0721125 0.328 2
-0.0207725 0.0723324 0.329 2
-0.0343444 0.0751916 0.329 2
-0.0322015 0.0751916 0.329 2
-0.0398224 0.00193034 0.33 2
-0.0377871 0.00193618 0.331 2
-0.034501 0.00121629 0.3305 2
-0.0314322 0.00131913 0.330571 2
-0.0287467 0.00193229 0.330333 2
-0.0432093 0.00535658 0.33125 2
-0.0409013 0.00385535 0.331 2
-0.0386221 0.00338467 0.332 2
-0.0303326 0.00338467 0.332 2
-0.0283643 0.00400149 0.331857 2
-0.0261678 0.0044641 0.33175 2
-0.0462707 0.00766613 0.33 2
-0.043601 0.00734085 0.3315 2
0.00173346 0.0499676 0.33 2
-5.79145e-05 0.0529956 0.331 2
0.000660737 0.0529956 0.331 2
-0.00113932 0.0545983 0.332 2
-0.00975969 0.0655806 0.331 2
-0.0584509 0.0678919 0.33 2
-0.0168951 0.0689674 0.33 2
-0.0126343 0.0680977 0.331 2
-0.0105301 0.0667532 0.3304 2
-0.0186862 0.0707598 0.33 2
-0.0166619 0.0703856 0.331333 2
-0.0528787 0.0724125 0.331 2
-0.0498844 0.0737309 0.331 2
-0.043177 0.0749295 0.331 2
-0.0406617 0.0749295 0.331 2
-0.0377871 0.0749295 0.331 2
-0.0359905 0.0749295 0.331 2
-0.0305081 0.0747032 0.33 2
-0.0248513 0.0738508 0.331 2
-0.0220432 0.074074 0.332 2
-0.0198208 0.0724125 0.331 2
-0.0430294 0.0758862 0.33125 2
-0.0405912 0.0763629 0.3316 2
-0.0376112 0.0765848 0.331714 2
-0.0344853 0.0768136 0.331889 2
-0.0315925 0.0764462 0.331333 2
-0.0402162 0.00534425 0.333545 2
-0.0372715 0.00461506 0.333889 2
-0.0344781 0.00449215 0.33375 2
-0.0316819 0.00460949 0.333556 2
-0.0293194 0.00550367 0.3336 2
-0.0406411 0.00739178 0.3338 2
-0.0378801 0.00705444 0.335 2
-0.0345946 0.0072339 0.334875 2
-0.0316031 0.00667055 0.334 2
-0.029065 0.00667055 0.334 2
-0.00150703 0.0560883 0.334 2
0.000666725 0.0549272 0.334 2
-0.00766009 0.0642634 0.3335 2
-0.0618742 0.0685091 0.333 2
-0.0116611 0.068352 0.334 2
-0.0577666 0.0706001 0.334333 2
-0.0564272 0.071468 0.335 2
-0.0156495 0.0716175 0.334 2
-0.0134718 0.0701661 0.334 2
-0.0112985 0.0690777 0.334 2
-0.0578818 0.0721958 0.335 2
-0.0564272 0.0721958 0.335 2
-0.0519077 0.0730688 0.334 2
-0.0227331 0.0743714 0.333333 2
-0.0192475 0.0736851 0.3335 2
-0.017151 0.0732876 0.335 2
-0.0461789 0.0767697 0.334 2
-0.0439309 0.07706 0.334 2
-0.0307855 0.077191 0.333 2
-0.0289427 0.0764553 0.334 2
-0.025879 0.0761989 0.335 2
-0.0229343 0.0760852 0.3345 2
-0.0396984 0.0787464 0.335 2
-0.0375164 0.0787464 0.335 2
-0.0346071 0.0791103 0.335 2
-0.0324251 0.0791103 0.335 2
-0.0372636 0.00780551 0.336 2
-0.0358046 0.0078055 0.336 2
-5.87893e-05 0.0563511 0.336 2
0.000670717 0.0563511 0.336 2
-0.00138773 0.0582655 0.337091 2
0.000673379 0.058042 0.337333 2
-0.0048127 0.062008 0.337 2
-0.0069891 0.0654763 0.336 2
-0.00556301 0.0647645 0.338 2
-0.0609726 0.0687613 0.336 2
-0.00990714 0.0683963 0.336 2
-0.00784189 0.0676828 0.336857 2
-0.005563 0.0662332 0.338 2
-0.0610936 0.0703614 0.336667 2
-0.0595136 0.0705863 0.336 2
-0.0142842 0.0716813 0.336 2
-0.0109122 0.0704303 0.337 2
-0.0070307 0.0691706 0.338 2
-0.0553424 0.0738215 0.338 2
-0.0523739 0.0748234 0.337 2
-0.0186612 0.0746014 0.336 2
-0.0157901 0.0737251 0.337 2
-0.0142842 0.0724113 0.336 2
-0.054364 0.0750454 0.338 2
-0.0536301 0.0750454 0.338 2
-0.0490336 0.0762123 0.336667 2
-0.02778 0.0775214 0.336 2
-0.0253002 0.0777521 0.337 2
-0.0219904 0.0769452 0.336667 2
-0.0195731 0.0758789 0.336 2
-0.0173046 0.0754126 0.338 2
-0.0459247 0.0790844 0.338 2
-0.0434645 0.0786164 0.336 2
-0.0406297 0.0797752 0.337143 2
-0.0376485 0.0805939 0.338 2
-0.0341831 0.0809203 0.338 2
-0.0309594 0.0796387 0.336571 2
-0.0283985 0.0787839 0.3364 2
-0.0253002 0.0784843 0.337 2
-0.0235423 0.0787172 0.338 2
-0.00301225 0.0599768 0.34 2
-0.00116678 0.0599768 0.34 2
0.000678702 0.0599768 0.34 2
-0.00301816 0.0615754 0.340667 2
-0.00139094 0.0614894 0.3406 2
0.000678702 0.0607155 0.34 2
-0.00413166 0.0634871 0.341 2
-0.00559593 0.0677332 0.34 2
-0.0637308 0.0712663 0.341 2
-0.0629905 0.0712663 0.341 2
-0.00857383 0.0705254 0.341 2
-0.0637308 0.0720071 0.341 2
-0.0615098 0.0725998 0.341 2
-0.0583201 0.0739395 0.339667 2
-0.0565301 0.0743825 0.34 2
-0.0134812 0.0739604 0.340333 2
-0.055957 0.0757115 0.341 2
-0.0516239 0.0772658 0.3405 2
-0.0498874 0.0775209 0.34 2
-0.0192895 0.0774879 0.340667 2
-0.0159306 0.0758588 0.34 2
-0.0515148 0.078675 0.341 2
-0.0488513 0.0791153 0.3405 2
-0.0467501 0.0801064 0.34 2
-0.0434845 0.0804231 0.339 2
-0.0412764 0.0804231 0.339 2
-0.0280549 0.0801336 0.339333 2
-0.0255451 0.0803501 0.34025 2
-0.0225743 0.0791841 0.34 2
-0.0207898 0.0790455 0.341 2
-0.0458274 0.0813991 0.34 2
-0.0434845 0.0811597 0.339 2
-0.040216 0.0825226 0.340714 2
-0.037448 0.0827498 0.341 2
-0.0344865 0.0827498 0.341 2
-0.0316554 0.0818436 0.34 2
-0.0287683 0.081887 0.3408 2
-5.98391e-05 0.0621872 0.342 2
0.000682695 0.0621872 0.342 2
-0.00359293 0.0648831 0.3425 2
-0.00173054 0.0640448 0.342 2
-0.00715551 0.0711459 0.344 2
-0.0637323 0.0731747 0.343 2
-0.0116029 0.0735473 0.343 2
-0.0585194 0.075783 0.343 2
-0.0549555 0.0774987 0.344 2
-0.053151 0.0770481 0.342 2
-0.0168137 0.077646 0.343 2
-0.0145818 0.0765282 0.343 2
-0.0549555 0.0789935 0.344 2
-0.052484 0.0793943 0.3425 2
-0.0501809 0.0800203 0.342 2
-0.0227735 0.0806269 0.343 2
-0.0168137 0.0783913 0.343 2
-0.0489805 0.081983 0.344 2
-0.0465894 0.0827189 0.343286 2
-0.0435307 0.0830531 0.34225 2
-0.0416417 0.0829924 0.342 2
-0.031276 0.0830733 0.342333 2
-0.0287591 0.0831922 0.343333 2
-0.0261247 0.0824899 0.343 2
-0.0227735 0.0813721 0.343 2
-0.0336696 0.0849726 0.344 2
-0.0329227 0.0849726 0.344 2
-0.00118394 0.0653562 0.345 2
-0.00382175 0.0674899 0.346333 2
-0.00174572 0.0666679 0.345 2
-0.0639141 0.0745664 0.346 2
-0.0615424 0.0744227 0.345333 2
-0.0101725 0.072477 0.345 2
-0.0639141 0.0753182 0.346 2
-0.0615424 0.0751731 0.345333 2
-0.0573183 0.0777976 0.347 2
-0.0565649 0.0777976 0.347 2
-0.012845 0.0767722 0.346333 2
-0.0112961 0.0754753 0.345 2
-0.0573183 0.0785515 0.347 2
-0.0565649 0.0785515 0.347 2
-0.0536172 0.0803474 0.345 2
-0.0196096 0.0802817 0.346333 2
-0.0150849 0.078701 0.346 2
-0.0143337 0.078701 0.346 2
-0.0527192 0.0820054 0.345667 2
-0.0501524 0.0825429 0.3454 2
-0.0475242 0.0838289 0.347 2
-0.0244044 0.0829709 0.345 2
-0.0222525 0.0825777 0.3465 2
-0.0482776 0.0845828 0.347 2
-0.0461203 0.0853407 0.346143 2
-0.0431305 0.0852196 0.345 2
-0.0401344 0.0852196 0.345 2
-0.0371382 0.0852196 0.345 2
-0.034891 0.0852196 0.345 2
-0.0312824 0.0855901 0.3465 2
-0.02748 0.084339 0.346 2
-0.0260527 0.0845828 0.347 2
-0.00614046 0.0712461 0.35 2
-0.00461258 0.0700994 0.349333 2
-0.00990065 0.0742554 0.348667 2
-0.00842017 0.0735274 0.35 2
-0.0618162 0.0771086 0.349 2
-0.0581939 0.0796108 0.35 2
-0.0181943 0.08029 0.348 2
-0.0167457 0.0805977 0.349333 2
-0.0552168 0.0819282 0.348 2
-0.0537057 0.0829363 0.348 2
-0.0216564 0.0835538 0.349 2
-0.0196593 0.0824651 0.348667 2
-0.0167457 0.0813566 0.349333 2
-0.0524452 0.0848529 0.349667 2
-0.0497637 0.0851916 0.3495 2
-0.0477982 0.0862077 0.349 2
-0.0284341 0.0860841 0.3485 2
-0.0257241 0.085912 0.349333 2
-0.0224141 0.0846911 0.349 2
-0.0201987 0.0845536 0.35 2
-0.0456554 0.0879755 0.35 2
-0.0436306 0.0877241 0.349 2
-0.0399561 0.0879755 0.35 2
-0.0375688 0.0877241 0.349 2
-0.0353968 0.0879755 0.35 2
-6.17638e-05 0.0653378 0.353 2
0.000704653 0.0653378 0.353 2
-6.17638e-05 0.0661047 0.353 2
0.000704653 0.0661047 0.353 2
-0.00370224 0.0708981 0.353 2
-0.00236101 0.0703229 0.353 2
-0.0092063 0.0748814 0.351 2
-0.00733178 0.0740521 0.3525 2
-0.00465514 0.072427 0.352667 2
-0.0636946 0.0775505 0.351 2
-0.0122546 0.0779318 0.351 2
-0.0103494 0.0767879 0.351 2
-0.00844423 0.075644 0.351 2
-0.0608191 0.079301 0.352 2
-0.059459 0.0806767 0.353 2
-0.0122546 0.0786944 0.351 2
-0.0106252 0.0787463 0.3526 2
-0.059459 0.0814436 0.353 2
-0.0183512 0.0828887 0.351 2
-0.0164912 0.0827413 0.352 2
-0.0146237 0.0818271 0.353 2
-0.0547051 0.0854191 0.352 2
-0.0499773 0.0863204 0.351 2
-0.0248289 0.0863204 0.351 2
-0.0223671 0.0862121 0.3518 2
-0.0199704 0.0858373 0.352667 2
-0.0491452 0.0881807 0.352333 2
-0.0469289 0.0882269 0.351 2
-0.0422147 0.0887296 0.353 2
-0.0414482 0.0887296 0.353 2
-0.0339737 0.0882269 0.351 2
-0.0310135 0.0884783 0.352 2
-0.0287605 0.0886039 0.3525 2
-0.025945 0.0881807 0.352333 2
-0.0234375 0.0875792 0.353 2
-0.00622818 0.0745779 0.355 2
-0.00488541 0.0741028 0.3555 2
-0.00928499 0.0774442 0.354 2
-0.00777555 0.0767046 0.355333 2
-0.0638547 0.0797515 0.354 2
-0.0623175 0.0797516 0.354 2
-0.0132956 0.0805343 0.3544 2
-0.0116562 0.0805889 0.356 2
-0.0634425 0.0817491 0.356 2
-0.0614238 0.082021 0.3555 2
-0.058805 0.0832959 0.356 2
-0.0154773 0.0834476 0.355 2
-0.0135678 0.0824049 0.3555 2
-0.0116562 0.0813623 0.356 2
-0.0187824 0.0856012 0.354333 2
-0.0167843 0.0851419 0.354714 2
-0.0147065 0.0842189 0.355 2
-0.0541674 0.0879367 0.356 2
-0.0524082 0.0884567 0.3556 2
-0.0504044 0.088981 0.354 2
-0.0331112 0.088981 0.354 2
-0.0323426 0.088981 0.354 2
-0.0247489 0.0893161 0.355333 2
-0.0225944 0.0884844 0.3554 2
-0.0193311 0.0873041 0.355 2
-0.0394817 0.0910306 0.356 2
-0.0377952 0.0906897 0.354667 2
-0.0282742 0.0910306 0.356 2
-6.28136e-05 0.0683983 0.359 2
0.00071663 0.0683983 0.359 2
-0.000996772 0.0705043 0.3586 2
0.00071663 0.0699583 0.359 2
-0.00362793 0.0736794 0.357 2
-0.00238777 0.0730589 0.357 2
-0.00686214 0.0773454 0.358 2
-0.00463599 0.07658 0.3585 2
-0.00936367 0.0796518 0.357 2
-0.00800725 0.07907 0.357 2
-0.0620285 0.0836079 0.359 2
-0.0132625 0.0829088 0.357667 2
-0.0109554 0.0820263 0.358333 2
-0.0620285 0.0843879 0.359 2
-0.0574199 0.0850812 0.357 2
-0.0566448 0.0850812 0.357 2
-0.0156081 0.0860974 0.358 2
-0.014079 0.0852177 0.358667 2
-0.0554044 0.0886641 0.358 2
-0.0536944 0.0895975 0.358 2
-0.0222149 0.0895975 0.358 2
-0.0196059 0.0881558 0.3572 2
-0.0171772 0.0877346 0.358333 2
-0.0544717 0.0903753 0.358 2
-0.0522355 0.0913236 0.358667 2
-0.0497631 0.0914568 0.357667 2
-0.0457934 0.0912863 0.357 2
-0.0431398 0.0914141 0.3575 2
-0.0406702 0.0919699 0.357714 2
-0.0373376 0.0922346 0.357667 2
-0.0347214 0.0917678 0.357636 2
-0.031521 0.0914781 0.35775 2
-0.0283537 0.0912863 0.357 2
-0.0257351 0.0916272 0.358333 2
-0.0222149 0.0903753 0.358 2
-0.0405569 0.0936606 0.358667 2
-0.0377603 0.0934865 0.358 2
-0.0351044 0.0936606 0.358667 2
-6.33385e-05 0.0717226 0.362 2
0.000722618 0.0717226 0.362 2
-0.00100374 0.0732901 0.3612 2
0.000722618 0.0725091 0.362 2
-0.00710337 0.0798726 0.360333 2
-0.00554966 0.0789755 0.361 2
-0.0100564 0.0827011 0.361 2
-0.0086848 0.0821128 0.361 2
-0.0639417 0.0852502 0.361 2
-0.0615061 0.0859154 0.3605 2
-0.0590749 0.0857962 0.36 2
-0.0131916 0.0858385 0.361 2
-0.0112321 0.0846619 0.361 2
-0.0585372 0.0877245 0.3615 2
-0.0184309 0.0893159 0.36 2
-0.0137794 0.087211 0.361 2
-0.0529687 0.0923091 0.361 2
-0.0485231 0.0920534 0.36 2
-0.0477415 0.0920534 0.36 2
-0.024293 0.0920534 0.36 2
-0.022401 0.0919181 0.361 2
-0.0196745 0.0908243 0.361333 2
-0.0435654 0.0938778 0.361 2
-0.0405401 0.0953176 0.362 2
-0.037588 0.0954035 0.361333 2
-0.0343554 0.0944677 0.361 2
-0.0317184 0.0936177 0.36 2
-0.02863 0.0937477 0.3605 2
-0.0267859 0.0941378 0.362 2
-0.0405401 0.0961041 0.362 2
-0.0366103 0.0961041 0.362 2
-0.0350384 0.0961041 0.362 2
-0.00323374 0.0766786 0.365 2
-0.00244127 0.0766786 0.365 2
-0.00636854 0.0805961 0.363 2
-0.00480036 0.0807442 0.363667 2
-0.00954728 0.0839815 0.364 2
-0.00727736 0.0828241 0.364125 2
-0.00512467 0.0821296 0.3642 2
-0.0126736 0.0869055 0.363 2
-0.0104241 0.0858697 0.363625 2
-0.00877301 0.0857207 0.364667 2
-0.0634615 0.0885738 0.365 2
-0.061434 0.0884313 0.363714 2
-0.0584393 0.0893535 0.363333 2
-0.015432 0.0888771 0.363 2
-0.0136499 0.0888364 0.3638 2
-0.0118854 0.0876942 0.363 2
-0.0601264 0.0903083 0.364 2
-0.0584393 0.0901429 0.363333 2
-0.05657 0.0914946 0.364 2
-0.0214018 0.0926808 0.364 2
-0.0192103 0.0923081 0.3644 2
-0.0170083 0.0900602 0.363 2
-0.0494552 0.0946579 0.364 2
-0.0467776 0.0948313 0.364667 2
-0.043135 0.0958442 0.364 2
-0.0335589 0.0955809 0.363 2
-0.0311946 0.0955809 0.363 2
-0.0289096 0.0958442 0.364 2
-0.0256776 0.0943978 0.363 2
-0.0214018 0.0934716 0.364 2
-0.0198567 0.0936428 0.364667 2
-0.0425999 0.0973625 0.3645 2
-0.0404798 0.09809 0.365 2
-0.0377062 0.09809 0.365 2
-0.0335589 0.0963695 0.363 2
-0.0311946 0.0963695 0.363 2
-0.0289096 0.096635 0.364 2
-6.43883e-05 0.0745105 0.368 2
0.000734595 0.0745105 0.368 2
-0.000661867 0.0757545 0.36725 2
0.000733597 0.0756063 0.3675 2
-0.00444669 0.0802882 0.367 2
-0.00732992 0.0853143 0.36675 2
-0.0056419 0.0850724 0.367 2
-0.0104315 0.088342 0.367333 2
-0.00825397 0.0879027 0.368 2
-0.0636353 0.0904069 0.366 2
-0.0616901 0.0908673 0.36625 2
-0.0589218 0.0920811 0.366333 2
-0.0166332 0.0916824 0.366333 2
-0.0574347 0.0938433 0.367 2
-0.0557404 0.0936728 0.366333 2
-0.052113 0.095178 0.366 2
-0.0247654 0.0954381 0.367 2
-0.023049 0.0953542 0.3676 2
-0.0191732 0.0941578 0.366667 2
-0.051857 0.0970328 0.367 2
-0.0494666 0.0970328 0.367 2
-0.0454825 0.0970328 0.367 2
-0.0440881 0.0976308 0.367 2
-0.034631 0.0983588 0.366 2
-0.0317452 0.0983155 0.366333 2
-0.0281119 0.0975207 0.367333 2
-0.0224359 0.0960979 0.368 2
-0.020838 0.0960979 0.368 2
-0.0434905 0.0990262 0.367 2
-0.0400136 0.100495 0.368 2
-0.0376166 0.100495 0.368 2
-0.0307415 0.0990262 0.367 2
-0.0292273 0.099296 0.368 2
-0.00127316 0.077536 0.371 2
-0.00328099 0.0798112 0.370333 2
-0.00199543 0.0792236 0.3706 2
-0.00407624 0.0828766 0.369667 2
-0.0024814 0.0815663 0.371 2
-0.00447092 0.0843334 0.369 2
-0.0623225 0.0926008 0.37 2
-0.0157296 0.0926008 0.37 2
-0.0130518 0.090993 0.37 2
-0.0616798 0.0943693 0.37 2
-0.0591092 0.0946105 0.37 2
-0.0545431 0.0955573 0.369 2
-0.0537419 0.0955573 0.369 2
-0.0168007 0.0942085 0.37 2
-0.0584635 0.0964782 0.371 2
-0.0552045 0.0970175 0.37075 2
-0.0537419 0.096359 0.369 2
-0.0481338 0.0975616 0.369 2
-0.0466651 0.0979624 0.369 2
-0.0449292 0.0987641 0.369 2
-0.0261729 0.097826 0.37 2
-0.0197995 0.0964782 0.371 2
-0.0523758 0.0992102 0.370667 2
-0.0492283 0.0991926 0.37 2
-0.0464713 0.0997822 0.3698 2
-0.0435807 0.100586 0.3698 2
-0.0418377 0.101043 0.37 2
-0.0361165 0.100768 0.369 2
-0.0341359 0.100837 0.36925 2
-0.0314503 0.101224 0.370667 2
-0.0278546 0.0997022 0.371 2
-0.0427563 0.102524 0.371 2
-0.0407425 0.102524 0.371 2
-0.0379233 0.102524 0.371 2
-0.00128002 0.07998 0.373 2
-0.00331348 0.0834447 0.374 2
-0.00168946 0.0823613 0.374 2
-0.00717053 0.0889296 0.374 2
-0.00574951 0.0883202 0.374 2
-0.00777953 0.0903516 0.374 2
-0.0158996 0.095227 0.374 2
-0.0142374 0.0937568 0.373 2
-0.0610441 0.0963342 0.372 2
-0.0587786 0.098214 0.373 2
-0.0557942 0.0982201 0.372 2
-0.024699 0.0983548 0.372 2
-0.0223647 0.0983457 0.3735 2
-0.0186415 0.0967383 0.372 2
-0.0158996 0.0960396 0.374 2
-0.0581242 0.0996959 0.374 2
-0.0557603 0.0994754 0.372667 2
-0.0522999 0.10105 0.373 2
-0.0496274 0.101132 0.373 2
-0.0469526 0.101275 0.372333 2
-0.044083 0.101992 0.372 2
-0.0290315 0.101544 0.372333 2
-0.0255398 0.100105 0.3725 2
-0.0227862 0.0998328 0.37375 2
-0.0487861 0.102947 0.374 2
-0.0464881 0.103216 0.3738 2
-0.0435773 0.104105 0.3732 2
-0.0405572 0.104292 0.373 2
-0.0379401 0.104239 0.373429 2
-0.0344818 0.103076 0.373 2
-0.0317338 0.103759 0.374 2
-0.0280047 0.102266 0.373 2
-0.042696 0.106196 0.374 2
-0.041072 0.106197 0.374 2
-0.00129032 0.0834825 0.376 2
-0.00394183 0.0861358 0.376 2
-0.00159984 0.085389 0.37675 2
-0.00454361 0.0873342 0.375 2
-0.0102828 0.0921825 0.3765 2
-0.0135547 0.0946382 0.3765 2
-0.0180735 0.0980386 0.377 2
-0.017255 0.0980386 0.377 2
-0.0143902 0.0968099 0.377 2
-0.0570583 0.101185 0.375 2
-0.05543 0.101185 0.375 2
-0.0216414 0.100777 0.375 2
-0.0201198 0.100496 0.377 2
-0.0570583 0.102 0.375 2
-0.05543 0.102 0.375 2
-0.0524451 0.103522 0.3752 2
-0.0497965 0.103972 0.3755 2
-0.046881 0.104444 0.375 2
-0.0367038 0.104444 0.375 2
-0.0347369 0.104652 0.37575 2
-0.0301903 0.104036 0.375 2
-0.0283928 0.104216 0.375857 2
-0.0256623 0.10299 0.375909 2
-0.0225443 0.102817 0.3765 2
-0.0519042 0.105539 0.376 2
-0.049047 0.106152 0.376 2
-0.0466383 0.106317 0.3755 2
-0.0444385 0.106481 0.375 2
-0.0395534 0.106481 0.375 2
-0.0374296 0.106387 0.375286 2
-0.0347985 0.106475 0.376417 2
-0.0319739 0.106183 0.376833 2
-0.028305 0.105615 0.377 2
-0.0254402 0.105001 0.377 2
-0.00397493 0.0890892 0.379 2
-0.00253491 0.0886775 0.379 2
-0.00715479 0.0920351 0.3796 2
-0.00512326 0.091359 0.379143 2
-0.0127869 0.0950136 0.378 2
-0.0107783 0.094773 0.3795 2
-0.00749182 0.0934523 0.38 2
-0.00584175 0.0934523 0.38 2
-0.0160697 0.0982986 0.378 2
-0.0134993 0.0979716 0.3796 2
-0.0112045 0.0971675 0.38 2
-0.0185438 0.100828 0.37825 2
-0.0165331 0.100677 0.379222 2
-0.0140921 0.10047 0.38 2
-0.0226352 0.104458 0.378 2
-0.0193859 0.10382 0.378667 2
-0.0168881 0.102975 0.3798 2
-0.0145047 0.102534 0.38 2
-0.0312525 0.107333 0.378 2
-0.0287905 0.106922 0.378 2
-0.0255077 0.106101 0.378 2
-0.0224985 0.105827 0.378 2
-0.0194037 0.105558 0.379 2
-0.00957957 0.0953538 0.381 2
-0.00767698 0.0948571 0.381 2
-0.00585712 0.094526 0.381 2
-0.00999317 0.0974232 0.381 2
-0.00792515 0.0961815 0.381 2
-0.0128884 0.100734 0.381 2
-0.011234 0.0994926 0.381 2
