-0.00926434 -0.00682343 0.236 2
-0.00875195 -0.00682343 0.236 2
-0.0306572 -0.0123624 0.239 2
-0.0283222 -0.0123624 0.239 2
-0.0259871 -0.0123624 0.239 2
-0.018463 -0.0123624 0.239 2
-0.0160908 -0.0128075 0.239 2
-0.0138793 -0.0127086 0.239 2
-0.0119766 -0.0123624 0.239 2
-0.00419306 -0.0123624 0.239 2
-0.00133908 -0.0123624 0.239 2
0.0015149 -0.0123624 0.239 2
0.00436888 -0.0123624 0.239 2
-0.0305275 -0.0109345 0.239 2
-0.0284783 -0.0105676 0.238548 2
-0.0256789 -0.0103991 0.238333 2
-0.0225385 -0.0102531 0.2382 2
-0.0193747 -0.0103525 0.23825 2
-0.0163575 -0.0105408 0.238029 2
-0.0135281 -0.0104627 0.238032 2
-0.0106879 -0.0103056 0.238258 2
-0.00754607 -0.0102596 0.238367 2
-0.00439928 -0.0104699 0.238086 2
-0.00133306 -0.0105036 0.238028 2
0.00150962 -0.0105091 0.238167 2
0.00430455 -0.010611 0.238765 2
0.0064445 -0.010545 0.239 2
-0.0301383 -0.00872759 0.239 2
-0.0279944 -0.0082961 0.238818 2
-0.0253159 -0.0079504 0.2383 2
-0.0224312 -0.00746314 0.237706 2
-0.0193512 -0.00737154 0.237167 2
-0.016471 -0.00733071 0.237194 2
-0.0136487 -0.00740771 0.237143 2
-0.0106683 -0.00739938 0.237059 2
-0.00743254 -0.00740368 0.237176 2
-0.00441946 -0.00737386 0.23725 2
-0.00146738 -0.00766198 0.238207 2
0.00151279 -0.00819616 0.238667 2
0.00384997 -0.00872759 0.239 2
-0.0220952 -0.00561202 0.239 2
-0.0190367 -0.00528637 0.2384 2
-0.0163645 -0.00508493 0.238667 2
-0.0135145 -0.00508493 0.238667 2
-0.0106385 -0.00507166 0.238056 2
-0.00753466 -0.00507166 0.238056 2
-0.00483347 -0.00521279 0.238583 2
-0.00263634 -0.00561202 0.239 2
-0.0372652 -0.0161822 0.24175 2
-0.0343861 -0.0159034 0.2415 2
-0.0315022 -0.0159033 0.2415 2
-0.0286184 -0.0159034 0.2415 2
-0.0254724 -0.0159034 0.2415 2
-0.0223321 -0.0164325 0.241563 2
-0.0195507 -0.0163714 0.241625 2
-0.0165702 -0.0164397 0.241667 2
-0.0135668 -0.0161332 0.241572 2
-0.0105507 -0.0154094 0.242 2
-0.00747326 -0.0155596 0.242 2
-0.0045084 -0.0159352 0.242 2
-0.0012508 -0.01583 0.242 2
0.00153391 -0.0159352 0.242 2
0.00442372 -0.0154094 0.242 2
0.00757623 -0.0154094 0.242 2
0.0106412 -0.0155847 0.242 2
0.0133558 -0.0159352 0.242 2
0.0157202 -0.0159352 0.242 2
-0.0366528 -0.0140801 0.24175 2
-0.0344867 -0.0136486 0.240864 2
-0.0316539 -0.0135729 0.24 2
-0.0284407 -0.0137178 0.24 2
-0.025266 -0.0135949 0.24037 2
-0.0224857 -0.0134808 0.2404 2
-0.0196807 -0.0135485 0.240286 2
-0.0167164 -0.0139785 0.24 2
-0.0131312 -0.0138339 0.2402 2
-0.0104909 -0.013494 0.24064 2
-0.00762117 -0.0134991 0.240733 2
-0.00453219 -0.0136941 0.24048 2
-0.00134748 -0.0137474 0.2405 2
0.00152441 -0.0137474 0.2405 2
0.00439629 -0.0137474 0.2405 2
0.00753089 -0.0134881 0.240533 2
0.0106817 -0.0135097 0.240933 2
0.013424 -0.0137413 0.2418 2
0.0151948 -0.0143578 0.242 2
-0.0334143 -0.0109069 0.2413 2
-0.0318701 -0.0104318 0.240526 2
-0.0245326 -0.0118927 0.24 2
-0.0224483 -0.0118927 0.24 2
-0.0201034 -0.0118927 0.24 2
-0.0104635 -0.0118927 0.24 2
-0.0075976 -0.0118927 0.24 2
-0.00577383 -0.0118927 0.24 2
0.00542931 -0.00928554 0.24 2
0.00781615 -0.0105947 0.240143 2
0.0104359 -0.0108318 0.241286 2
0.012305 -0.0111155 0.242 2
-0.0311746 -0.00812447 0.241667 2
-0.0286658 -0.00715233 0.240952 2
-0.0257586 -0.00656084 0.2405 2
-0.0234904 -0.00615693 0.24 2
-0.000787393 -0.0063914 0.240429 2
0.00152533 -0.00669376 0.2406 2
0.00440021 -0.00748071 0.240714 2
0.00736927 -0.00805305 0.241455 2
0.0096779 -0.00883714 0.242 2
-0.0278895 -0.00568246 0.242 2
-0.0250792 -0.00527639 0.2415 2
-0.0225118 -0.00447729 0.241263 2
-0.0197365 -0.00403988 0.240833 2
-0.0165178 -0.0035617 0.240889 2
-0.0133665 -0.00355817 0.240667 2
-0.0104781 -0.00355396 0.240333 2
-0.0076158 -0.00355783 0.240611 2
-0.00434332 -0.00392765 0.241043 2
-0.00163822 -0.00476559 0.241286 2
0.00153351 -0.00567776 0.2418 2
0.00337288 -0.00568246 0.242 2
-0.0192201 -0.00252778 0.242 2
-0.016593 -0.00252778 0.242 2
-0.0134405 -0.00252778 0.242 2
-0.0104097 -0.00217145 0.241444 2
-0.00764345 -0.00252255 0.2415 2
-0.00477111 -0.00252778 0.242 2
-0.0157348 -0.0243834 0.245 2
-0.0136071 -0.0243834 0.245 2
-0.0104155 -0.0243834 0.245 2
-0.00748992 -0.0243834 0.245 2
-0.00447563 -0.0247383 0.245 2
-0.0432476 -0.0214262 0.245 2
-0.0404697 -0.0211896 0.245 2
-0.0375441 -0.0211896 0.245 2
-0.0343525 -0.0211896 0.245 2
-0.0314269 -0.0211896 0.245 2
-0.0285012 -0.0211896 0.245 2
-0.0255756 -0.0211896 0.245 2
-0.02265 -0.0211896 0.245 2
-0.0194584 -0.0211896 0.245 2
-0.016162 -0.0221891 0.244895 2
-0.0136007 -0.0225107 0.244889 2
-0.0104155 -0.0225203 0.245 2
-0.00748991 -0.0225204 0.245 2
-0.00468518 -0.0224478 0.245 2
-0.00170516 -0.0213892 0.245 2
0.00155293 -0.0211896 0.245 2
0.00767015 -0.0211896 0.245 2
0.0105958 -0.0211896 0.245 2
0.0135214 -0.0211896 0.245 2
0.016447 -0.0211896 0.245 2
0.0193726 -0.0211896 0.245 2
-0.0428457 -0.0198411 0.245 2
-0.0404654 -0.0194754 0.244259 2
-0.0374632 -0.0195602 0.243857 2
-0.0345941 -0.0195295 0.244429 2
-0.031575 -0.019513 0.244448 2
-0.0284547 -0.019562 0.2446 2
-0.0255338 -0.019562 0.2446 2
-0.0225521 -0.0195094 0.243933 2
-0.0194618 -0.0195602 0.243857 2
-0.0165603 -0.0194291 0.243667 2
-0.0135396 -0.0194979 0.2438 2
-0.0103923 -0.0195512 0.244467 2
-0.00747559 -0.0195555 0.24452 2
-0.00454939 -0.0195296 0.2442 2
-0.00136821 -0.0195296 0.2442 2
0.00154939 -0.0195425 0.24436 2
0.00446942 -0.0192882 0.2445 2
0.00765762 -0.019562 0.2446 2
0.0105785 -0.019562 0.2446 2
0.0134876 -0.0195458 0.2444 2
0.0165868 -0.0194642 0.243828 2
0.0195354 -0.0195913 0.244461 2
-0.040397 -0.016712 0.24375 2
-0.0376773 -0.0175849 0.243 2
-0.0345996 -0.0175849 0.243 2
-0.0314341 -0.0175849 0.243 2
-0.0285324 -0.0175849 0.243 2
-0.0256306 -0.0175849 0.243 2
-0.0237841 -0.0175849 0.243 2
-0.0129685 -0.0175849 0.243 2
-0.010344 -0.0170811 0.243333 2
-0.00755353 -0.0171317 0.243222 2
-0.00452703 -0.0175849 0.243 2
-0.00149339 -0.0173209 0.243 2
0.00154025 -0.0175849 0.243 2
0.004442 -0.017057 0.243 2
0.00762319 -0.0170931 0.2435 2
0.0104009 -0.0171317 0.243222 2
0.013411 -0.0175849 0.243 2
0.0169784 -0.0167983 0.243083 2
0.0192853 -0.0168018 0.244182 2
-0.0375712 -0.0131915 0.2438 2
-0.0351272 -0.0123054 0.243 2
0.0143495 -0.012582 0.24325 2
0.0163745 -0.013728 0.2439 2
0.0183088 -0.0145358 0.245 2
-0.0345837 -0.010585 0.243727 2
0.0110527 -0.00941451 0.243333 2
0.0131589 -0.0106347 0.243867 2
-0.0336706 -0.00816159 0.244556 2
-0.0317906 -0.0071205 0.243714 2
-0.0293237 -0.00623389 0.243 2
0.00496958 -0.00623389 0.243 2
0.00794218 -0.00671301 0.244 2
0.0105284 -0.00782354 0.244 2
0.0125008 -0.00862002 0.2448 2
-0.0310984 -0.00574116 0.2445 2
-0.0283055 -0.00479239 0.244333 2
-0.0255651 -0.00398172 0.244 2
-0.0228307 -0.00326889 0.243375 2
-0.0206185 -0.00306618 0.243 2
-0.00320806 -0.00306618 0.243 2
-0.000834443 -0.00367542 0.243429 2
0.00154532 -0.00413348 0.2438 2
0.00437539 -0.00471473 0.244167 2
0.00766116 -0.00574507 0.244667 2
-0.0250103 -0.00255563 0.244667 2
-0.0222991 -0.0019025 0.244389 2
-0.019583 -0.00123566 0.244391 2
-0.0165724 -0.00126763 0.243455 2
-0.0135238 -0.00121976 0.2435 2
-0.0103381 -0.00111332 0.2432 2
-0.00744406 -0.00121976 0.2435 2
-0.00448532 -0.0012733 0.24364 2
-0.00170606 -0.00168232 0.244364 2
0.00155293 -0.00255911 0.245 2
-0.0162668 0.00036853 0.245 2
-0.0133841 0.000794069 0.2448 2
-0.0106104 0.000793768 0.2446 2
-0.00748992 0.000368529 0.245 2
-0.00536219 0.000368529 0.245 2
-0.0460805 -0.027376 0.248 2
-0.0218505 -0.0276454 0.248 2
0.00237002 -0.027534 0.247 2
0.00381547 -0.0280046 0.248 2
-0.0458942 -0.0256572 0.247 2
-0.0434866 -0.0251906 0.247696 2
-0.0404662 -0.0246117 0.247625 2
-0.0375756 -0.0245414 0.247667 2
-0.0345039 -0.0244125 0.248 2
-0.031258 -0.0246696 0.247875 2
-0.0283984 -0.0251797 0.247583 2
-0.0257433 -0.0251541 0.247714 2
-0.0223172 -0.0253986 0.2478 2
-0.0195633 -0.0252751 0.246897 2
-0.0171343 -0.0250174 0.246 2
-0.00324766 -0.0250174 0.246 2
-0.00117801 -0.0253514 0.246 2
0.00162443 -0.0255098 0.246741 2
0.0045303 -0.0254678 0.247778 2
0.00747973 -0.0249021 0.2475 2
0.010183 -0.0247608 0.247889 2
0.0134177 -0.0244125 0.248 2
0.0166308 -0.0246573 0.24775 2
0.0195703 -0.0249021 0.2475 2
0.0226606 -0.0252865 0.247615 2
0.0251461 -0.0249415 0.2479 2
0.0274173 -0.0244125 0.248 2
-0.0458424 -0.0234139 0.246 2
-0.0436603 -0.022998 0.246227 2
-0.0404499 -0.0226593 0.2465 2
-0.0375064 -0.0226593 0.2465 2
-0.0345628 -0.0226593 0.2465 2
-0.0314788 -0.0227121 0.246546 2
-0.028507 -0.0225722 0.246091 2
-0.0254646 -0.0226593 0.2465 2
-0.0225211 -0.0226593 0.2465 2
-0.0195043 -0.0226883 0.24624 2
-0.0172314 -0.023171 0.246 2
-0.00324766 -0.0234139 0.246 2
-0.00128292 -0.0229367 0.246 2
0.00149127 -0.0228029 0.246174 2
0.00450415 -0.0223826 0.2464 2
0.00744951 -0.0226593 0.2465 2
0.010393 -0.0226593 0.2465 2
0.0136042 -0.0226593 0.2465 2
0.0165477 -0.0226593 0.2465 2
0.0194518 -0.0226122 0.246 2
0.0224216 -0.0224662 0.246833 2
0.0245661 -0.0230431 0.24775 2
0.00449684 -0.0207416 0.246 2
0.022165 -0.0196059 0.247 2
0.0206033 -0.0162623 0.247 2
0.0217052 -0.017091 0.247333 2
-0.0402839 -0.013668 0.246818 2
-0.038655 -0.0125079 0.247 2
0.0168164 -0.0124826 0.2465 2
0.0190341 -0.0141475 0.2475 2
-0.0370461 -0.0106275 0.247 2
-0.0356332 -0.00980373 0.2465 2
0.014407 -0.0101608 0.2465 2
0.0158952 -0.0111547 0.24675 2
-0.0361192 -0.00824802 0.248 2
-0.0345692 -0.00725611 0.246667 2
-0.0326233 -0.00631086 0.246 2
0.0109578 -0.00654725 0.246286 2
0.0128716 -0.00745408 0.246909 2
-0.0336409 -0.00548127 0.2472 2
-0.0313102 -0.00457819 0.247111 2
-0.0287065 -0.0035488 0.246545 2
-0.0264812 -0.00310403 0.246 2
0.00493682 -0.00343228 0.2466 2
0.00733946 -0.00451242 0.246778 2
0.0103285 -0.00526392 0.247067 2
0.0123409 -0.00582335 0.248 2
-0.0301963 -0.00259045 0.248 2
-0.028363 -0.00208826 0.247538 2
-0.0255759 -0.00133902 0.246769 2
-0.0227424 -0.000698909 0.246 2
-0.000443664 -0.000966856 0.24625 2
0.00156627 -0.00123681 0.2469 2
0.00421514 -0.00212208 0.247286 2
-0.0245426 0.000373042 0.248 2
-0.0222484 0.000851154 0.247444 2
-0.0193374 0.00121648 0.246857 2
-0.0166123 0.0018925 0.246833 2
-0.0137855 0.00220396 0.246143 2
-0.0102112 0.00224578 0.2465 2
-0.00753839 0.00197956 0.2466 2
-0.00460227 0.001447 0.247 2
-0.00165379 0.00073125 0.247333 2
0.000495053 0.000373042 0.248 2
-0.0156583 0.00360594 0.248 2
-0.0135045 0.00360594 0.248 2
-0.0105431 0.00360594 0.248 2
0.00676807 -0.0334332 0.251 2
-0.0482728 -0.0307065 0.251 2
-0.0466379 -0.0307065 0.251 2
-0.0279595 -0.0310322 0.250875 2
-0.0254738 -0.0302156 0.2492 2
0.00547909 -0.0312406 0.250167 2
0.00726177 -0.0312536 0.250882 2
0.0105828 -0.0304338 0.251 2
0.0124901 -0.0304338 0.251 2
0.0233893 -0.0304338 0.251 2
0.0255692 -0.0304338 0.251 2
-0.0482551 -0.0288979 0.2495 2
-0.0463893 -0.0289172 0.249667 2
-0.0434452 -0.0286515 0.250214 2
-0.0404312 -0.0278706 0.250455 2
-0.0373233 -0.0279434 0.250667 2
-0.0343495 -0.0279581 0.2508 2
-0.0312887 -0.0285362 0.250565 2
-0.0283644 -0.0285991 0.249778 2
-0.0254653 -0.0285824 0.24912 2
-0.0235604 -0.0282979 0.249 2
0.00523027 -0.0287861 0.249125 2
0.00754985 -0.0286617 0.2498 2
0.0106306 -0.0285777 0.250364 2
0.0135158 -0.0282689 0.250577 2
0.0164251 -0.0277483 0.25075 2
0.0195356 -0.0284694 0.2505 2
0.0225683 -0.0285601 0.249963 2
0.0255548 -0.0285934 0.250259 2
0.0278252 -0.0281046 0.250529 2
-0.0431307 -0.0266208 0.249 2
-0.0405898 -0.0261339 0.249 2
-0.0374639 -0.0259787 0.249067 2
-0.0344187 -0.0258988 0.249333 2
-0.0315522 -0.0262311 0.249067 2
-0.0292369 -0.0266749 0.249 2
-0.0251822 -0.0266749 0.249 2
-0.0235604 -0.0266749 0.249 2
0.00752506 -0.0266749 0.249 2
0.0106697 -0.0262092 0.2492 2
0.0134899 -0.0258988 0.249333 2
0.016326 -0.0260928 0.24925 2
0.0194186 -0.0266749 0.249 2
0.0215811 -0.0266749 0.249 2
0.0259686 -0.0261065 0.249167 2
0.0277825 -0.0262046 0.249667 2
0.0238389 -0.0213504 0.25 2
0.0249245 -0.0220746 0.25 2
0.0234334 -0.0193174 0.25 2
0.0244792 -0.0203451 0.251 2
0.0206645 -0.0151645 0.251 2
0.0223582 -0.0168872 0.249667 2
0.01935 -0.0133359 0.249667 2
0.0212095 -0.0146191 0.251 2
-0.0395534 -0.0116198 0.251 2
-0.0383103 -0.00994403 0.25 2
0.0167028 -0.0102531 0.2496 2
-0.0370568 -0.00755969 0.250364 2
-0.035454 -0.00638782 0.249 2
0.0141408 -0.00730766 0.249667 2
0.0154257 -0.00831454 0.25 2
-0.0361443 -0.00534063 0.250667 2
-0.0344767 -0.00461275 0.25 2
-0.0319723 -0.00355078 0.24925 2
0.00784787 -0.00337914 0.249429 2
0.0106086 -0.00386637 0.249895 2
0.0131825 -0.00515211 0.250333 2
-0.0309819 -0.0017173 0.25 2
-0.0287428 -0.000924964 0.2494 2
0.00483786 -0.000980057 0.24975 2
0.00739376 -0.00211056 0.250154 2
0.010303 -0.00261969 0.2508 2
-0.0281266 0.00055833 0.250333 2
-0.0256 0.00155544 0.25 2
-0.0227731 0.00227056 0.24925 2
-0.0203167 0.00253851 0.249 2
-0.00382788 0.00253851 0.249 2
-0.00112811 0.00218756 0.25 2
0.00158569 0.00113837 0.2501 2
0.0040363 0.000376803 0.2505 2
-0.0220718 0.00364229 0.2505 2
-0.0192474 0.00412461 0.250333 2
-0.016566 0.00450386 0.249737 2
-0.0136089 0.00499275 0.249933 2
-0.0106281 0.00472135 0.25 2
-0.00749077 0.00422782 0.249909 2
-0.00480109 0.00391496 0.2505 2
-0.00276871 0.00364956 0.251 2
-0.0158477 0.00610357 0.251 2
-0.0136679 0.00610357 0.251 2
-0.0489385 -0.0338194 0.253667 2
-0.0463681 -0.033281 0.254 2
-0.0438865 -0.033281 0.254 2
-0.0372688 -0.033281 0.254 2
-0.0345115 -0.033281 0.254 2
-0.0313672 -0.0334947 0.253909 2
-0.029234 -0.0340647 0.253667 2
0.00808539 -0.0341393 0.253 2
0.0104262 -0.0338062 0.2538 2
0.0140181 -0.033005 0.254 2
0.0209115 -0.033005 0.254 2
0.0217387 -0.033005 0.254 2
0.0255902 -0.0332699 0.253917 2
0.0281692 -0.0333097 0.2538 2
-0.0488031 -0.0322409 0.252333 2
-0.0462631 -0.0318398 0.252571 2
-0.0434663 -0.031346 0.252609 2
-0.0405037 -0.0312958 0.253241 2
-0.0374826 -0.031205 0.253154 2
-0.0344374 -0.0312783 0.253103 2
-0.0313783 -0.0313205 0.252458 2
-0.0292271 -0.0318406 0.252417 2
0.00829964 -0.0321976 0.252 2
0.0105159 -0.031921 0.252364 2
0.0135915 -0.0314317 0.252769 2
0.0164673 -0.0310134 0.2535 2
0.0195252 -0.0310322 0.2532 2
0.022299 -0.0313554 0.252762 2
0.0254594 -0.0317276 0.252611 2
0.0278736 -0.0312609 0.252438 2
-0.0421731 -0.0294601 0.252 2
-0.0405317 -0.0294601 0.252 2
-0.0375225 -0.0294601 0.252 2
-0.0345133 -0.0294601 0.252 2
-0.0323248 -0.0294601 0.252 2
0.0163698 -0.0291863 0.252 2
0.0180112 -0.0291863 0.252 2
0.0254982 -0.0216067 0.253 2
0.0249994 -0.0194484 0.2535 2
0.0228442 -0.0164111 0.252 2
-0.0421731 -0.0127611 0.252 2
-0.041626 -0.0127611 0.252 2
0.0203671 -0.0128863 0.2534 2
0.0214208 -0.0133868 0.2535 2
-0.0405372 -0.0106434 0.25375 2
0.0174641 -0.00947607 0.252 2
0.0189419 -0.0105775 0.253 2
-0.039199 -0.00789572 0.254 2
-0.0383221 -0.00742729 0.253667 2
0.0163685 -0.0076086 0.2525 2
0.0180827 -0.00841431 0.253 2
-0.0369847 -0.00497881 0.253 2
-0.0347888 -0.00346299 0.252667 2
0.0119928 -0.00317974 0.252 2
0.0139495 -0.00414597 0.253067 2
0.0156108 -0.00594075 0.253 2
-0.0338544 -0.00192601 0.2528 2
-0.0321316 -0.00115453 0.2522 2
0.0078143 -0.000899878 0.2525 2
0.0102884 -0.00147617 0.252824 2
0.012704 -0.00217712 0.253714 2
-0.0309384 0.000748967 0.253333 2
-0.0287189 0.00209051 0.252889 2
-0.0268535 0.00256908 0.252 2
0.00187566 0.00257418 0.2525 2
0.00449859 0.00168085 0.252909 2
0.00711391 0.000602207 0.2536 2
-0.0273424 0.00369319 0.254 2
-0.0250942 0.00409017 0.252875 2
-0.0226231 0.00484571 0.252875 2
-0.0199367 0.00526073 0.2524 2
-0.0172787 0.00558038 0.252 2
-0.012081 0.00558038 0.252 2
-0.0104396 0.00558038 0.252 2
-0.00743035 0.00558038 0.252 2
-0.00413427 0.00514793 0.252727 2
-0.00140637 0.00443974 0.25304 2
0.00142407 0.00386986 0.2535 2
-0.0223791 0.00617652 0.254 2
-0.0191196 0.00648817 0.2532 2
-0.0166721 0.00684444 0.253167 2
-0.0133928 0.00691142 0.252923 2
-0.0104672 0.00669377 0.252667 2
-0.00746214 0.00670603 0.253111 2
-0.00481559 0.00653361 0.253556 2
-0.00225033 0.00617652 0.254 2
-0.0485897 -0.0395369 0.257 2
-0.0471948 -0.0395369 0.257 2
-0.049064 -0.0377521 0.256429 2
-0.0465077 -0.0373023 0.2566 2
-0.0436493 -0.0368678 0.256706 2
-0.040315 -0.037004 0.256762 2
-0.0374605 -0.037228 0.256769 2
-0.0346131 -0.0372753 0.2568 2
-0.0315804 -0.0373014 0.256429 2
-0.0292251 -0.0368802 0.256 2
0.00830322 -0.0366505 0.256333 2
0.0103102 -0.0364366 0.2564 2
0.0133467 -0.0361867 0.257 2
0.0164156 -0.0361867 0.257 2
0.0194845 -0.0361867 0.257 2
0.0229814 -0.0364935 0.2568 2
0.0255892 -0.0366981 0.256667 2
0.0286101 -0.037062 0.256727 2
0.0300863 -0.0375826 0.257 2
-0.0488575 -0.0352587 0.255 2
-0.0465149 -0.0348836 0.255375 2
-0.0433008 -0.0345656 0.255429 2
-0.0405434 -0.034314 0.25552 2
-0.037598 -0.0347001 0.2553 2
-0.0344154 -0.0348432 0.255333 2
-0.0317171 -0.0349554 0.255286 2
-0.0293877 -0.0356281 0.255 2
0.00881368 -0.035074 0.255 2
0.0104923 -0.035129 0.2554 2
0.0135462 -0.0345888 0.2555 2
0.0166173 -0.0343522 0.2558 2
0.0194697 -0.0343525 0.255962 2
0.0226009 -0.034508 0.255846 2
0.0254562 -0.0348432 0.255333 2
0.0285052 -0.0348432 0.255333 2
0.0165647 -0.0325809 0.255 2
0.0193329 -0.0325809 0.255 2
0.0266343 -0.0243657 0.256 2
0.0271901 -0.0243657 0.256 2
0.0265511 -0.0226271 0.2552 2
0.0271051 -0.0226271 0.2552 2
0.0252384 -0.0199307 0.255 2
0.0270839 -0.0206694 0.255 2
0.0229776 -0.0154363 0.2555 2
0.0247854 -0.0174813 0.257 2
-0.0425646 -0.0121294 0.256 2
0.0227717 -0.0138325 0.256667 2
-0.0425646 -0.0104608 0.256 2
-0.041291 -0.00958888 0.255 2
0.0202029 -0.0101617 0.2555 2
0.0214375 -0.01106 0.257 2
-0.0427309 -0.00854735 0.257 2
-0.0410569 -0.00854735 0.257 2
0.0174183 -0.00673461 0.255333 2
0.018841 -0.00758082 0.255833 2
-0.0369104 -0.00414626 0.255333 2
0.0146843 -0.00323021 0.256 2
0.0161968 -0.00475334 0.25575 2
-0.0364981 -0.00211913 0.256333 2
-0.0346473 -0.0012785 0.255 2
0.0113051 -0.000724478 0.255 2
0.013545 -0.00138762 0.256125 2
0.0154391 -0.00226568 0.257 2
-0.0339951 0.000385577 0.256333 2
-0.031823 0.00197691 0.256143 2
0.00549182 0.00259967 0.255 2
0.00757483 0.00190064 0.255636 2
0.0103127 0.000803499 0.256125 2
0.0125097 0.00038658 0.257 2
-0.0306951 0.00373196 0.256667 2
-0.02837 0.00452565 0.256125 2
-0.0259263 0.0052873 0.255444 2
-0.0238513 0.00564681 0.255 2
-0.000598259 0.00564681 0.255 2
0.00178895 0.00514221 0.255308 2
0.00420214 0.00435829 0.2557 2
0.00664296 0.00373196 0.256667 2
-0.0276653 0.00624947 0.257 2
-0.0251514 0.00675366 0.256538 2
-0.0222274 0.00716521 0.255923 2
-0.0197067 0.00775632 0.256 2
-0.0166539 0.00813992 0.255 2
-0.0136089 0.00813992 0.255 2
-0.0105638 0.00813992 0.255 2
-0.00751881 0.00813992 0.255 2
-0.00427711 0.00774435 0.255625 2
-0.00144483 0.00740497 0.25596 2
0.00132121 0.00668804 0.256273 2
0.00358194 0.00624947 0.257 2
-0.0165056 0.00932051 0.257 2
-0.0132256 0.0094885 0.2565 2
-0.010626 0.00986074 0.2565 2
-0.00755667 0.00929633 0.256333 2
-0.00478785 0.0093205 0.257 2
-0.0466818 -0.0462122 0.26 2
-0.0485921 -0.0432409 0.258 2
-0.0464167 -0.0436813 0.258621 2
-0.0437838 -0.0430638 0.259647 2
-0.0406894 -0.042258 0.26 2
-0.0372621 -0.0427422 0.26 2
-0.0348562 -0.0426346 0.26 2
-0.0316574 -0.042258 0.26 2
-0.0296817 -0.042258 0.26 2
0.0259215 -0.042258 0.26 2
0.0283532 -0.0427794 0.26 2
-0.0487788 -0.0410921 0.258 2
-0.0464089 -0.040704 0.258 2
-0.0436314 -0.0404271 0.258774 2
-0.0405145 -0.0403905 0.25888 2
-0.0375195 -0.0404474 0.258857 2
-0.0344374 -0.0403066 0.258741 2
-0.0315113 -0.0403783 0.2588 2
-0.0292613 -0.0405118 0.259143 2
0.00896922 -0.0402045 0.2595 2
0.0104637 -0.0401205 0.259875 2
0.0135025 -0.039716 0.26 2
0.016325 -0.039716 0.26 2
0.0194298 -0.039716 0.26 2
0.0227348 -0.0401205 0.259875 2
0.0255816 -0.0403007 0.259111 2
0.0284892 -0.0403657 0.25872 2
0.0302033 -0.039971 0.258 2
-0.0431772 -0.0382894 0.258 2
-0.0409366 -0.0382894 0.258 2
-0.0294534 -0.0382894 0.258 2
0.00891737 -0.0382894 0.258 2
0.0107697 -0.0380509 0.258533 2
0.0134246 -0.037803 0.2585 2
0.0165114 -0.037803 0.2585 2
0.0195983 -0.037803 0.2585 2
0.0222747 -0.0378571 0.258444 2
0.025442 -0.0382894 0.258 2
0.0276826 -0.0382894 0.258 2
0.026103 -0.0193033 0.259 2
0.0250748 -0.0159907 0.26 2
0.0231817 -0.0125794 0.2584 2
0.0246035 -0.0136304 0.258857 2
0.0223587 -0.0106679 0.258545 2
0.024228 -0.011754 0.26 2
-0.0420569 -0.00745952 0.258 2
-0.0406803 -0.00685648 0.259429 2
0.0200535 -0.00746915 0.258333 2
-0.0404072 -0.0046929 0.26 2
-0.0384749 -0.00429004 0.258909 2
0.0172662 -0.00416948 0.25825 2
0.0187802 -0.00479779 0.2596 2
-0.0375177 -0.00164128 0.258889 2
-0.0356151 -0.000733 0.258 2
0.0145752 -0.000735843 0.259 2
0.0160485 -0.00144019 0.259333 2
-0.0361734 0.000391093 0.26 2
-0.0340889 0.00167434 0.258857 2
0.00891737 0.00263025 0.258 2
0.0108747 0.00231868 0.258857 2
0.0135541 0.00103458 0.259429 2
0.015196 0.000391093 0.26 2
-0.0314228 0.00455738 0.258909 2
-0.0294883 0.00539463 0.2588 2
0.00522464 0.00538135 0.2582 2
0.00753166 0.00467044 0.259 2
0.0101033 0.00377558 0.259667 2
-0.0305285 0.00632242 0.26 2
-0.0282456 0.00713297 0.259778 2
-0.0257651 0.00795186 0.259143 2
-0.0227315 0.00823568 0.258 2
-4.51418e-05 0.00823568 0.258 2
0.00187814 0.0079245 0.258286 2
0.00443032 0.00745755 0.25919 2
0.00649796 0.00665649 0.2598 2
-0.0223949 0.00959946 0.2595 2
-0.019446 0.0101451 0.259 2
-0.0163596 0.0110874 0.2591 2
-0.0136548 0.0111356 0.258778 2
-0.0102426 0.0114773 0.258857 2
-0.00735231 0.0110789 0.2589 2
-0.00461258 0.0106557 0.258875 2
-0.00157856 0.00990946 0.259091 2
0.00108284 0.00941722 0.259667 2
-0.0110532 0.0128186 0.26 2
-0.045924 -0.0486527 0.2625 2
0.0262093 -0.0490105 0.262889 2
0.0278505 -0.0488863 0.262222 2
-0.0458478 -0.0470023 0.26125 2
-0.0436836 -0.0463611 0.262167 2
-0.0405879 -0.0458883 0.263 2
-0.0374006 -0.0460206 0.262667 2
-0.0344139 -0.0463443 0.262636 2
-0.0314402 -0.0464423 0.2629 2
-0.0287967 -0.046295 0.262875 2
0.0105177 -0.0450312 0.263 2
0.0133728 -0.0450312 0.263 2
0.0229214 -0.0457931 0.263 2
0.0256512 -0.0465156 0.262261 2
0.0282832 -0.0464072 0.261652 2
-0.0429709 -0.0441217 0.261 2
-0.0406269 -0.043909 0.261417 2
-0.0376595 -0.0442446 0.261167 2
-0.0342631 -0.044065 0.261222 2
-0.0314214 -0.0438639 0.261455 2
-0.0287078 -0.0437219 0.262 2
0.00820236 -0.0434369 0.262 2
0.0104777 -0.0434385 0.262 2
0.0136422 -0.0432351 0.262182 2
0.016482 -0.0429506 0.2625 2
0.0193316 -0.0429505 0.2625 2
0.022488 -0.0435301 0.261821 2
0.0253944 -0.0437402 0.261182 2
0.028099 -0.0442162 0.261 2
-0.0286625 -0.0405303 0.261 2
0.0108911 -0.0415132 0.261 2
0.0134128 -0.0411446 0.261 2
0.0163878 -0.0410029 0.261 2
0.0195045 -0.0410029 0.261 2
0.0222434 -0.0414754 0.261 2
0.0246045 -0.0418534 0.261 2
0.0263045 -0.0180369 0.261 2
0.0263045 -0.0174698 0.261 2
0.0251711 -0.0132168 0.261 2
0.0229922 -0.00985209 0.262 2
0.0206378 -0.00641213 0.261 2
0.0218129 -0.00812778 0.2615 2
-0.0401492 -0.00330592 0.262 2
0.0195276 -0.00423598 0.26225 2
0.0210815 -0.00531845 0.263 2
-0.0397225 -0.00230976 0.262 2
-0.0384426 -0.0013136 0.262 2
0.0172708 -0.00131001 0.2615 2
0.0184884 -0.00217224 0.262667 2
-0.0367339 0.000965506 0.262 2
-0.0350296 0.00267104 0.262 2
0.0137891 0.00247959 0.261833 2
0.015912 0.00134647 0.2625 2
-0.0338111 0.00454125 0.262111 2
-0.0323348 0.00530627 0.261571 2
0.00817106 0.00577968 0.261 2
0.0105962 0.00478662 0.261778 2
0.0128018 0.00382405 0.263 2
-0.0331648 0.00639537 0.263 2
-0.0319423 0.00637916 0.262333 2
-0.0287163 0.00778035 0.2615 2
0.00562104 0.00833145 0.261 2
0.0073856 0.00754605 0.262 2
0.00934004 0.00637105 0.262 2
-0.0274546 0.0095381 0.263 2
-0.0254145 0.00983353 0.262143 2
-0.0226761 0.0109114 0.261667 2
-0.0195958 0.0114503 0.261 2
-0.00401236 0.0114503 0.261 2
-0.00111102 0.0112706 0.26175 2
0.00175931 0.0105175 0.261824 2
0.00426418 0.00983353 0.262143 2
0.00623512 0.0095381 0.263 2
-0.0217026 0.0125149 0.2625 2
-0.0194684 0.0126742 0.262 2
-0.0165422 0.0129173 0.262 2
-0.0136932 0.0134833 0.2619 2
-0.010451 0.0135967 0.2619 2
-0.0076541 0.0133458 0.262 2
-0.00446379 0.0127171 0.261923 2
-0.0018981 0.0125149 0.2625 2
0.00109601 0.0121094 0.263 2
-0.0434977 -0.0519337 0.265667 2
-0.0416284 -0.051613 0.266 2
-0.0338318 -0.0513241 0.266 2
-0.0315217 -0.0513241 0.266 2
-0.0283453 -0.0513241 0.266 2
-0.0254577 -0.0513241 0.266 2
-0.0228588 -0.0513241 0.266 2
0.0232855 -0.0516708 0.266 2
0.0254337 -0.0523029 0.265364 2
0.0274666 -0.0517986 0.264 2
-0.0456143 -0.0500778 0.264 2
-0.0434118 -0.0494188 0.264862 2
-0.0404124 -0.049517 0.2656 2
-0.037411 -0.0491033 0.265444 2
-0.0344899 -0.0492487 0.265 2
-0.0316059 -0.0494218 0.264846 2
-0.0285592 -0.0493927 0.264815 2
-0.0254926 -0.0493481 0.265037 2
-0.0232438 -0.049783 0.266 2
0.00775006 -0.0493013 0.266 2
0.0103489 -0.0487234 0.266 2
0.0135253 -0.0487234 0.266 2
0.0167017 -0.0487234 0.266 2
0.0195893 -0.0487234 0.266 2
0.0225142 -0.0494098 0.265565 2
0.0251183 -0.0496814 0.264286 2
0.0274666 -0.0506514 0.264 2
-0.0438948 -0.0474967 0.264 2
-0.0404557 -0.0472099 0.264 2
-0.0375897 -0.0472099 0.264 2
-0.0276045 -0.0463626 0.264444 2
-0.0258097 -0.0469648 0.265263 2
0.00796303 -0.0467474 0.264857 2
0.0104451 -0.0466655 0.264454 2
0.0136371 -0.0467172 0.264522 2
0.0166323 -0.0465055 0.26488 2
0.0195242 -0.0465481 0.26512 2
0.0220346 -0.0468411 0.2644 2
0.0240275 -0.0472099 0.264 2
-0.027752 -0.04353 0.264286 2
-0.0266127 -0.0449669 0.266 2
0.00826497 -0.0446288 0.264 2
0.0148566 -0.0446288 0.264 2
0.0165761 -0.0446288 0.264 2
0.0194421 -0.0446288 0.264 2
0.0211616 -0.0446288 0.264 2
0.0277742 -0.0194052 0.2642 2
0.0266069 -0.0168102 0.264 2
0.0278584 -0.0177376 0.265 2
0.0232555 -0.00910129 0.265 2
0.0244984 -0.0111583 0.266 2
0.022928 -0.00712728 0.265 2
0.0203069 -0.0036867 0.2648 2
0.0217464 -0.00474383 0.265143 2
0.0194313 -0.00171922 0.264545 2
0.0213219 -0.00277847 0.266 2
-0.0365814 0.00270162 0.265 2
0.0170964 0.00154961 0.264667 2
0.018723 0.000400118 0.266 2
-0.0367194 0.00386766 0.266 2
-0.0353638 0.0044216 0.2645 2
0.0108587 0.00585349 0.264333 2
0.0136086 0.00474536 0.264647 2
0.0154882 0.00385313 0.265 2
-0.0311712 0.00768373 0.264667 2
-0.0295652 0.00842721 0.264 2
0.00826497 0.00842721 0.264 2
0.0100267 0.00743138 0.2646 2
0.0126439 0.00646021 0.265667 2
-0.0285265 0.00961063 0.265 2
-0.025539 0.0111028 0.264286 2
-0.0235467 0.0115819 0.264 2
0.00253314 0.0115819 0.264 2
0.00478296 0.0111001 0.2648 2
0.00735105 0.0101054 0.265 2
-0.0245382 0.0125378 0.2648 2
-0.0226327 0.0136198 0.264933 2
-0.0195653 0.0141845 0.2644 2
-0.0166685 0.014163 0.264 2
-0.00663781 0.014163 0.264 2
-0.0046343 0.0141737 0.2642 2
-0.00119631 0.0138223 0.264778 2
0.00158604 0.0133713 0.265333 2
0.00427794 0.0122245 0.2655 2
-0.0196824 0.0154261 0.266 2
-0.0164966 0.0154165 0.265833 2
-0.0130329 0.0156984 0.265 2
-0.0105391 0.0158948 0.265222 2
-0.00752598 0.0153682 0.265 2
-0.00495551 0.0154262 0.266 2
-0.0412218 -0.0571629 0.269 2
0.0206864 -0.0571629 0.269 2
0.0218544 -0.0577474 0.269 2
-0.0426107 -0.0546795 0.267333 2
-0.0406221 -0.0552361 0.268259 2
-0.037356 -0.055016 0.2685 2
-0.0347557 -0.0548669 0.269 2
-0.0315852 -0.0545329 0.269 2
-0.0286548 -0.0545127 0.2689 2
-0.0256969 -0.0544321 0.2685 2
-0.0225061 -0.0547621 0.268688 2
-0.0194025 -0.054713 0.268625 2
-0.0163836 -0.0547714 0.268733 2
-0.0136148 -0.054915 0.269 2
-0.00455251 -0.0552426 0.269 2
-0.00165317 -0.0549712 0.269 2
0.00170377 -0.0547983 0.268867 2
0.0044434 -0.0547492 0.268846 2
0.00754545 -0.0542407 0.269 2
0.0168901 -0.0542407 0.269 2
0.0198327 -0.0550874 0.268591 2
0.0226136 -0.0555827 0.267952 2
0.0246848 -0.0548484 0.2674 2
-0.0425095 -0.0534023 0.267 2
-0.0405645 -0.0525245 0.267 2
-0.0376191 -0.052512 0.267364 2
-0.034591 -0.0525679 0.267526 2
-0.0314056 -0.05277 0.267467 2
-0.0284874 -0.0527437 0.267333 2
-0.0255853 -0.0527437 0.267333 2
-0.022609 -0.052667 0.267312 2
-0.0195383 -0.0522917 0.268 2
-0.016558 -0.0526809 0.268579 2
-0.0142977 -0.0533056 0.269 2
-0.00471938 -0.0536563 0.269 2
-0.00114214 -0.0534371 0.269 2
0.00180245 -0.0524788 0.268565 2
0.00456109 -0.0523577 0.268083 2
0.00760528 -0.0525058 0.268273 2
0.0104462 -0.0520992 0.2685 2
0.013361 -0.0520992 0.2685 2
0.0165933 -0.0522432 0.268407 2
0.0195645 -0.0524442 0.267739 2
0.0223586 -0.0528802 0.267 2
0.0243006 -0.0535474 0.267 2
-0.0379754 -0.0507712 0.267 2
-0.0354083 -0.0509369 0.267 2
-0.0221619 -0.0496647 0.268059 2
-0.0204885 -0.0504418 0.269 2
0.00493838 -0.0500046 0.268 2
0.00655326 -0.0498942 0.26725 2
0.0103878 -0.0500668 0.267 2
0.0132863 -0.0500668 0.267 2
0.0164747 -0.0500668 0.267 2
0.0197968 -0.0502676 0.267 2
0.021692 -0.0509369 0.267 2
-0.0253582 -0.0461784 0.268 2
-0.0236126 -0.0476341 0.268 2
0.00579333 -0.0478118 0.269 2
0.00703507 -0.0468314 0.2674 2
-0.0273947 -0.0444316 0.268 2
-0.0268128 -0.0444316 0.268 2
0.0267191 -0.0159004 0.268 2
0.0278828 -0.0166768 0.268 2
0.0253693 -0.00974016 0.267923 2
0.0271991 -0.00916997 0.267 2
0.0252943 -0.0074998 0.267571 2
0.0271991 -0.00858988 0.267 2
0.0230332 -0.00446478 0.268143 2
0.0253587 -0.00543979 0.269 2
-0.0406311 -0.00114865 0.267667 2
0.0202687 -0.0011477 0.267333 2
0.0219603 -0.00236788 0.2685 2
-0.0388864 0.000401622 0.267 2
0.017634 0.00243196 0.267 2
0.0195715 0.00136181 0.268571 2
-0.0369956 0.00506129 0.268 2
-0.0345387 0.00591254 0.267 2
0.0141558 0.00591254 0.267 2
0.0165117 0.00447341 0.2676 2
0.0188638 0.00302334 0.268 2
-0.0339489 0.00758696 0.267571 2
-0.03222 0.00852298 0.267 2
0.0111233 0.00824091 0.26725 2
0.0132956 0.00743242 0.268 2
0.01543 0.00654127 0.269 2
-0.0312952 0.00991957 0.268167 2
-0.028578 0.0109374 0.2675 2
-0.0264229 0.0117135 0.267 2
0.00575026 0.0117135 0.267 2
0.00789572 0.011356 0.267667 2
0.00995518 0.0101212 0.268333 2
-0.0283213 0.0123627 0.2685 2
-0.0256864 0.0135415 0.268 2
-0.0238143 0.0143239 0.267 2
0.00256192 0.0143239 0.267 2
0.00454659 0.0136559 0.267947 2
0.00721336 0.0128382 0.268455 2
-0.0245767 0.0156001 0.269 2
-0.0225031 0.0158844 0.268143 2
-0.0195395 0.0167066 0.268 2
-0.0163279 0.0166942 0.2678 2
-0.0136415 0.0170318 0.2676 2
-0.0101781 0.0173127 0.267714 2
-0.00759953 0.0169738 0.2676 2
-0.00450568 0.0165029 0.267833 2
-0.00150064 0.0161214 0.267917 2
0.00150796 0.0157563 0.268333 2
-0.0131645 0.0181962 0.2685 2
-0.0105205 0.0181623 0.268 2
-0.00763303 0.0182165 0.2688 2
-0.0396147 -0.0634146 0.272 2
-0.0372524 -0.0640055 0.272 2
-0.0354808 -0.0640055 0.272 2
-0.040156 -0.0613954 0.272 2
-0.0372524 -0.0616416 0.272 2
-0.0346793 -0.0614306 0.272 2
-0.0322328 -0.0601643 0.272 2
-0.00447674 -0.0601643 0.272 2
-0.00211453 -0.0601643 0.272 2
0.00201934 -0.0601643 0.272 2
0.00480807 -0.0605583 0.272 2
0.00703905 -0.0601643 0.272 2
0.0117635 -0.0601643 0.272 2
0.0137168 -0.0607098 0.272 2
0.0165441 -0.0611773 0.272 2
0.0189244 -0.0613698 0.271667 2
-0.0403341 -0.058612 0.270889 2
-0.0375713 -0.0586425 0.270783 2
-0.0347226 -0.058717 0.27088 2
-0.0317319 -0.0583327 0.271579 2
-0.0283941 -0.057505 0.272 2
-0.0253259 -0.0577274 0.271909 2
-0.0224611 -0.0583205 0.271667 2
-0.0195119 -0.0583205 0.271667 2
-0.0165628 -0.0583205 0.271667 2
-0.0136136 -0.0583205 0.271667 2
-0.0106597 -0.0582919 0.271533 2
-0.00770585 -0.058249 0.271333 2
-0.00466677 -0.058474 0.27081 2
-0.00157568 -0.0582848 0.27095 2
0.00178188 -0.058505 0.271368 2
0.00466501 -0.0585367 0.2713 2
0.00752255 -0.0585172 0.271667 2
0.0106562 -0.0584652 0.272 2
0.0135249 -0.0586444 0.2718 2
0.0164631 -0.0586013 0.2716 2
0.0192837 -0.0587069 0.2705 2
0.0210563 -0.058842 0.27 2
-0.0399096 -0.0567888 0.27 2
-0.0375647 -0.0567888 0.27 2
-0.034314 -0.0563089 0.27 2
-0.0317336 -0.0562583 0.270267 2
-0.0285473 -0.0560469 0.270667 2
-0.025191 -0.0560833 0.270455 2
-0.0223646 -0.0566006 0.2705 2
-0.0194214 -0.0565796 0.2704 2
-0.0164611 -0.0564955 0.27 2
-0.0133835 -0.0561533 0.27 2
-0.010599 -0.0556156 0.27 2
-0.00766798 -0.0556156 0.27 2
-0.00561624 -0.0564955 0.27 2
-0.00121966 -0.0564955 0.27 2
0.00171139 -0.0564955 0.27 2
0.00483785 -0.0563 0.27 2
0.00758515 -0.0559926 0.2704 2
0.01053 -0.0557484 0.27064 2
0.0134669 -0.0557484 0.27064 2
0.016303 -0.0558327 0.270273 2
0.0186382 -0.0562755 0.27 2
-0.0161851 -0.0515398 0.270727 2
-0.0134233 -0.0525307 0.270667 2
-0.0106252 -0.0533999 0.270667 2
-0.00759738 -0.0529778 0.27113 2
-0.00475315 -0.0525619 0.2709 2
-0.00157941 -0.0523742 0.270522 2
0.000893596 -0.0514255 0.2708 2
0.0105046 -0.0538557 0.27 2
0.0134356 -0.0538557 0.27 2
0.0154873 -0.0538557 0.27 2
-0.0220202 -0.0489167 0.271429 2
-0.0193333 -0.0501607 0.271 2
-0.0165574 -0.0506343 0.2716 2
-0.0148114 -0.0507089 0.272 2
-4.75914e-05 -0.0507089 0.272 2
0.00219931 -0.0503237 0.271091 2
0.00434934 -0.0494561 0.27 2
-0.0249483 -0.0460323 0.270727 2
-0.0232815 -0.0475648 0.2716 2
-0.0275083 -0.0439129 0.272 2
-0.0259674 -0.0446895 0.271333 2
0.0269185 -0.0151392 0.27 2
0.0283185 -0.015674 0.270571 2
0.026215 -0.01291 0.27 2
0.0280184 -0.0133999 0.271684 2
0.0263322 -0.0109351 0.27 2
0.0274437 -0.010991 0.271333 2
0.0236943 -0.00340686 0.27 2
0.0223208 -0.00164989 0.2704 2
-0.0407666 0.000644357 0.2718 2
-0.0384441 0.00187267 0.27 2
0.0214285 0.000407639 0.271 2
-0.0385579 0.0042325 0.2708 2
0.0175391 0.00509906 0.27 2
0.0187584 0.00432659 0.270667 2
-0.0372075 0.006311 0.271667 2
-0.0353503 0.00786561 0.271 2
0.0137817 0.00865066 0.271 2
0.0161331 0.0068843 0.271 2
-0.0343564 0.0102464 0.271667 2
-0.0318421 0.0112359 0.270727 2
-0.029944 0.0118451 0.27 2
0.0109231 0.0110911 0.270667 2
0.0127742 0.0101418 0.2715 2
-0.0308084 0.0130172 0.271714 2
-0.0284911 0.0139271 0.270842 2
-0.0264267 0.0144849 0.27 2
0.00581487 0.0144849 0.27 2
0.00785033 0.0141957 0.270857 2
0.00997399 0.012944 0.2715 2
-0.027213 0.0157741 0.272 2
-0.0254459 0.0163985 0.271143 2
-0.0227791 0.0173712 0.270778 2
-0.0194074 0.0177244 0.2702 2
-0.0164611 0.0177113 0.27 2
-0.0147025 0.0177113 0.27 2
-0.00473693 0.0177113 0.27 2
-0.00151394 0.0177441 0.2705 2
0.00177026 0.0171238 0.270818 2
0.00441055 0.0160621 0.271143 2
0.00644849 0.0157741 0.272 2
-0.0224403 0.0183928 0.2714 2
-0.0194074 0.0183115 0.2702 2
-0.0162055 0.0188553 0.271091 2
-0.0136751 0.0191495 0.270727 2
-0.0106383 0.0198398 0.271 2
-0.00770141 0.019854 0.2712 2
-0.00454837 0.0190026 0.271176 2
-0.00175417 0.018727 0.2711 2
0.00113285 0.0184108 0.271667 2
-0.0245278 -0.0691925 0.275 2
-0.0239308 -0.0691925 0.275 2
-0.0341909 -0.0664383 0.2735 2
-0.0316926 -0.0665038 0.275 2
-0.0284514 -0.0668453 0.275 2
-0.0256651 -0.0671725 0.275 2
-0.0239308 -0.0674001 0.275 2
0.0082113 -0.0669022 0.275 2
0.0101994 -0.0669536 0.274727 2
0.0130073 -0.0663978 0.273333 2
-0.0341908 -0.0646556 0.2735 2
-0.0315735 -0.0644348 0.274652 2
-0.0287073 -0.0644127 0.275 2
-0.0257717 -0.0644625 0.275 2
-0.0229605 -0.0645621 0.275 2
-0.0196427 -0.0640325 0.275 2
-0.016766 -0.0638152 0.275 2
-0.0138892 -0.0640325 0.275 2
-0.0102579 -0.0645919 0.275 2
-0.0074688 -0.0644554 0.275 2
-0.00422758 -0.064114 0.275 2
-0.00124225 -0.0641139 0.275 2
0.00199897 -0.0644554 0.275 2
0.00471982 -0.0645949 0.2745 2
0.00769972 -0.0645949 0.2745 2
0.010734 -0.06465 0.273913 2
0.0135135 -0.0644654 0.27313 2
0.0158076 -0.0639443 0.273 2
-0.0335367 -0.0618683 0.273 2
-0.0315035 -0.0616242 0.273857 2
-0.0286568 -0.0613193 0.27452 2
-0.0256555 -0.0613845 0.27428 2
-0.0226375 -0.061753 0.2738 2
-0.0197169 -0.0617111 0.273833 2
-0.016705 -0.0615013 0.274 2
-0.0136728 -0.0617111 0.273833 2
-0.0107325 -0.0616633 0.2734 2
-0.00776454 -0.0616633 0.2734 2
-0.00450143 -0.0619827 0.2735 2
-0.00115787 -0.0617744 0.273435 2
0.00167698 -0.0619067 0.273476 2
0.00461994 -0.0620166 0.273 2
0.00774907 -0.0618167 0.273364 2
0.0105778 -0.0616593 0.273167 2
0.0133873 -0.0622637 0.273 2
0.0162521 -0.0624615 0.273 2
-0.0307213 -0.0593475 0.273 2
-0.0284985 -0.0589026 0.273 2
-0.0256666 -0.0590015 0.273 2
-0.0225713 -0.0597923 0.273 2
-0.0196077 -0.0597923 0.273 2
-0.016644 -0.0597923 0.273 2
-0.0136804 -0.0597923 0.273 2
-0.0107168 -0.0597923 0.273 2
-0.00775318 -0.0597923 0.273 2
-0.000640489 -0.0597923 0.273 2
0.000544958 -0.0597923 0.273 2
0.00854673 -0.0597923 0.273 2
0.0103249 -0.0597923 0.273 2
-0.0132177 -0.0514158 0.273667 2
-0.0107441 -0.0519163 0.2737 2
-0.00797442 -0.0515459 0.273833 2
-0.00450966 -0.0513794 0.274 2
-0.00152958 -0.0514885 0.273 2
-0.0214119 -0.0485813 0.273333 2
-0.0197938 -0.0487366 0.273692 2
-0.016968 -0.0498736 0.274143 2
-0.0142775 -0.0505028 0.2745 2
-0.00333199 -0.0503719 0.275 2
-0.00132432 -0.0504953 0.274286 2
0.00165326 -0.0495595 0.274286 2
0.0045305 -0.0486672 0.274077 2
0.00651962 -0.0482808 0.275 2
-0.0246459 -0.0455571 0.273 2
-0.0228639 -0.0466675 0.274 2
-0.020323 -0.0476255 0.274667 2
0.00472842 -0.0476833 0.275 2
0.00651962 -0.0476833 0.275 2
-0.0284033 -0.0428345 0.2738 2
-0.0256838 -0.0442158 0.274143 2
-0.0290058 -0.0411111 0.275 2
0.0252352 -0.00435029 0.274 2
0.0232384 -0.00107289 0.27325 2
0.0242983 -0.00137017 0.2735 2
-0.0405649 0.00198082 0.273286 2
0.0205506 0.00250483 0.275 2
0.0223023 0.00100821 0.2745 2
-0.0401755 0.00344014 0.2734 2
0.0205506 0.00310231 0.275 2
-0.0365003 0.00752824 0.273 2
0.0168233 0.00766385 0.2736 2
0.0183938 0.00636521 0.274 2
-0.0367677 0.00997328 0.275 2
-0.0350035 0.0112975 0.2738 2
-0.0326476 0.0119767 0.273 2
0.0139321 0.0105323 0.274 2
0.016044 0.00950868 0.2745 2
-0.0334026 0.0132287 0.274333 2
-0.0316964 0.0138654 0.274091 2
0.0108629 0.0137917 0.273714 2
0.0129267 0.0126507 0.27475 2
-0.0307971 0.015948 0.275 2
-0.028725 0.0165456 0.273889 2
-0.025764 0.0176334 0.273333 2
0.00261949 0.0179081 0.273 2
0.00492517 0.0172728 0.2735 2
0.00760071 0.0164016 0.274 2
0.0102015 0.0156493 0.275 2
-0.0275132 0.018338 0.275 2
-0.0254281 0.0188948 0.2744 2
-0.022509 0.0195111 0.273545 2
-0.0196555 0.019737 0.273667 2
-0.0169335 0.0202813 0.273571 2
-0.0136804 0.0205771 0.273 2
-0.0044932 0.0205771 0.273 2
-0.00109991 0.0200187 0.273769 2
0.00178383 0.0193995 0.274077 2
0.00462426 0.018415 0.274667 2
-0.0215425 0.0210266 0.275 2
-0.0197513 0.0210266 0.275 2
-0.0155718 0.0219228 0.275 2
-0.0137806 0.0219229 0.275 2
-0.0107561 0.0218432 0.274 2
-0.00778158 0.0218432 0.274 2
-0.00451918 0.0218963 0.274667 2
-0.000645183 0.0210266 0.275 2
0.00054895 0.0210266 0.275 2
-0.0222201 -0.0694441 0.276 2
-0.0192239 -0.0694441 0.276 2
-0.015891 -0.0699177 0.276857 2
-0.0132795 -0.0699967 0.277 2
-0.0103689 -0.070069 0.276889 2
-0.00718337 -0.0701594 0.27675 2
-0.00425833 -0.0699967 0.277 2
-0.00125128 -0.0699967 0.277 2
0.00155529 -0.0695955 0.277 2
0.00462677 -0.0694003 0.276889 2
0.00654332 -0.0694441 0.276 2
-0.0222201 -0.0676452 0.276 2
-0.0192239 -0.0676452 0.276 2
-0.0163195 -0.0675264 0.276182 2
-0.0132555 -0.0674684 0.2765 2
-0.0101574 -0.067504 0.276091 2
-0.00729091 -0.0676157 0.276083 2
-0.00425064 -0.0674684 0.2765 2
-0.00124902 -0.0674684 0.2765 2
0.00175259 -0.0674685 0.2765 2
0.00480268 -0.0674167 0.276 2
0.00694281 -0.0677784 0.276 2
-0.0216208 -0.0655464 0.276 2
-0.0192239 -0.0655464 0.276 2
-0.0162277 -0.0655464 0.276 2
-0.0132315 -0.0655464 0.276 2
-0.0114338 -0.0655464 0.276 2
-0.00663991 -0.0655464 0.276 2
-0.00424295 -0.0655464 0.276 2
-0.00124677 -0.0655464 0.276 2
0.00115018 -0.0655464 0.276 2
-0.0185075 -0.0483937 0.2765 2
-0.0161652 -0.0489038 0.277222 2
-0.0130539 -0.0499844 0.277 2
-0.0102724 -0.0501343 0.277 2
-0.00725816 -0.0500807 0.2767 2
-0.00430882 -0.0494467 0.277083 2
-0.00125351 -0.0489848 0.2773 2
0.00133246 -0.0485611 0.2766 2
-0.0241048 -0.045021 0.277 2
-0.0219885 -0.0459962 0.2766 2
-0.0194811 -0.0469378 0.277 2
-0.0175525 -0.0472975 0.278 2
0.00218077 -0.0474093 0.2776 2
0.00485394 -0.0468309 0.277286 2
0.00728872 -0.0466442 0.277 2
-0.0276132 -0.0424599 0.276 2
-0.0253792 -0.0430728 0.277105 2
-0.0232092 -0.044185 0.2778 2
-0.0303318 -0.0400894 0.2762 2
-0.028326 -0.040522 0.277111 2
-0.0304928 -0.0378894 0.277667 2
-0.0292619 -0.0381772 0.278 2
0.0255114 -0.00349519 0.277 2
0.0255114 -0.00289336 0.277 2
0.021982 0.00253215 0.278 2
0.0243086 0.000416664 0.277 2
-0.0410436 0.00443851 0.277667 2
0.0194973 0.00523125 0.277 2
0.021982 0.00313615 0.278 2
-0.0394407 0.0064349 0.277 2
-0.0379038 0.0080822 0.27675 2
0.0179938 0.00763854 0.277 2
0.0190228 0.00728173 0.27775 2
-0.0376603 0.0101527 0.277167 2
0.0146331 0.0112089 0.276 2
0.0164903 0.0106477 0.277 2
0.0183605 0.00917611 0.278 2
-0.0345045 0.0124082 0.276 2
-0.0321075 0.014507 0.276 2
0.0119797 0.0145595 0.277 2
0.0139176 0.0132221 0.277 2
-0.0313832 0.0165473 0.276667 2
0.00864066 0.0172054 0.276 2
0.0106433 0.0164987 0.277 2
0.0125811 0.0151613 0.277 2
-0.0301189 0.0184714 0.277 2
-0.0284006 0.0191604 0.277 2
-0.0256779 0.0201532 0.276667 2
-0.0228193 0.0205035 0.276 2
0.00205384 0.0205406 0.2765 2
0.00480377 0.019623 0.276857 2
0.00729477 0.0187263 0.2772 2
0.00900506 0.018538 0.278 2
-0.0253281 0.0211949 0.2772 2
-0.0222811 0.0218732 0.277455 2
-0.0190852 0.0225552 0.27725 2
-0.0164971 0.0228152 0.27675 2
-0.013252 0.0232355 0.2764 2
-0.0102353 0.0232019 0.276 2
-0.00723914 0.0232019 0.276 2
-0.00425439 0.0232691 0.2768 2
-0.00150903 0.0224274 0.277 2
0.00151625 0.0217378 0.2772 2
0.00387463 0.021256 0.278 2
-0.0133274 0.024578 0.278 2
-0.010296 0.0245426 0.2776 2
-0.00727981 0.0245426 0.2776 2
-0.00548086 0.024578 0.278 2
-0.0132634 -0.048576 0.279615 2
-0.010396 -0.0486074 0.280333 2
-0.0074791 -0.0485855 0.279333 2
-0.00550058 -0.04868 0.279 2
-0.021553 -0.0453461 0.279 2
-0.0190853 -0.0458858 0.279833 2
-0.0164683 -0.0468014 0.2801 2
-0.0139518 -0.0472188 0.280636 2
-0.0104207 -0.0475027 0.281 2
-0.00692879 -0.0474006 0.2804 2
-0.00431213 -0.0471123 0.2805 2
-0.00126637 -0.0470447 0.2801 2
0.00163944 -0.0461488 0.28 2
0.00395986 -0.0457787 0.2798 2
0.00682139 -0.0457863 0.279222 2
0.00903745 -0.0453461 0.279 2
-0.0243949 -0.0425167 0.280333 2
-0.0225738 -0.0435293 0.279941 2
-0.0201468 -0.0445225 0.2805 2
0.00451043 -0.0449002 0.28 2
0.00745674 -0.0440387 0.280333 2
0.00906984 -0.0433761 0.28 2
-0.0276435 -0.0399375 0.279333 2
-0.0258833 -0.0408236 0.280158 2
-0.0238428 -0.0413975 0.281 2
0.00849214 -0.0413975 0.281 2
0.00910223 -0.0413975 0.281 2
-0.0307491 -0.0366876 0.28 2
-0.0286339 -0.0376287 0.2805 2
-0.0265882 -0.0389555 0.281 2
-0.0305538 -0.0355976 0.281 2
-0.0299437 -0.0355976 0.281 2
0.0283201 -0.00690348 0.281 2
0.0266996 -0.00444555 0.28 2
0.0281176 -0.00494666 0.2808 2
0.0257416 -0.00140026 0.2795 2
0.0233004 0.00193813 0.279333 2
0.0246596 0.00164371 0.281 2
0.0205836 0.0046723 0.2795 2
0.0220651 0.00446562 0.280143 2
-0.0402135 0.00777136 0.280286 2
0.0200739 0.00766109 0.28 2
0.0212662 0.00712672 0.2805 2
-0.0398648 0.0101228 0.280286 2
-0.038514 0.0113307 0.279 2
0.0172151 0.0113307 0.279 2
0.0187763 0.0104817 0.2806 2
-0.0372214 0.012618 0.280667 2
-0.034991 0.0137533 0.2805 2
0.0141465 0.014322 0.2794 2
0.0162157 0.0132267 0.2802 2
-0.0337887 0.0153255 0.28 2
-0.0324565 0.01618 0.279 2
0.0111576 0.0173924 0.279 2
0.0130516 0.016393 0.2802 2
0.0152032 0.0153803 0.281 2
-0.0311529 0.019389 0.2798 2
-0.0287555 0.020448 0.279333 2
0.00510006 0.0207263 0.279 2
0.00748385 0.0202396 0.2798 2
0.0102103 0.0192131 0.280286 2
-0.0280382 0.0218859 0.28025 2
-0.025349 0.0224984 0.279667 2
-0.0227448 0.0233361 0.28 2
-0.0203415 0.0234541 0.279 2
-0.000654568 0.0234541 0.279 2
0.00203229 0.0231557 0.279571 2
0.00442495 0.0225518 0.280143 2
0.00665621 0.0219242 0.28075 2
-0.0195317 0.0247902 0.2804 2
-0.0163278 0.0252975 0.28 2
-0.0134233 0.0259715 0.28 2
-0.0102865 0.0262066 0.279714 2
-0.00749112 0.0261087 0.279833 2
-0.00438783 0.0252522 0.279714 2
-0.00126624 0.0248079 0.2806 2
0.00117102 0.0248432 0.281 2
-0.0101157 0.0275905 0.281 2
-0.00828543 0.0275905 0.281 2
-0.0162743 -0.0455273 0.282 2
-0.0133067 -0.0460473 0.282375 2
-0.0104764 -0.0462207 0.2825 2
-0.00754715 -0.0461616 0.282556 2
-0.00434572 -0.0456242 0.2826 2
-0.00127387 -0.0455273 0.282 2
0.000562924 -0.0455273 0.282 2
-0.0219884 -0.0426324 0.282444 2
-0.0195426 -0.0436348 0.283176 2
-0.0168546 -0.0442796 0.283167 2
-0.0135945 -0.0445533 0.2836 2
-0.0111486 -0.0446161 0.284 2
-0.00405764 -0.0446161 0.284 2
-0.00128287 -0.0445847 0.2838 2
0.00167091 -0.0442122 0.283 2
0.00424788 -0.0438115 0.2828 2
0.00700374 -0.042845 0.2825 2
-0.0248192 -0.0397014 0.2824 2
-0.0227064 -0.0407905 0.283263 2
-0.0203977 -0.0418395 0.284 2
0.00723784 -0.0415847 0.283667 2
-0.0279323 -0.0366022 0.282545 2
-0.0257253 -0.0379537 0.283176 2
-0.0304641 -0.0349287 0.283 2
-0.0286572 -0.0352827 0.283375 2
0.0269857 -0.0035709 0.283 2
0.0282145 -0.0035709 0.283 2
0.0269857 -0.00234118 0.283 2
0.0279606 -0.00186909 0.283308 2
0.0260333 0.00114506 0.282667 2
-0.0424456 0.00534456 0.283 2
-0.0418311 0.00534456 0.283 2
0.023648 0.00473914 0.2835 2
0.0261561 0.00320384 0.284 2
-0.0423706 0.00717535 0.2825 2
-0.0412611 0.00747589 0.28225 2
0.0208413 0.00872629 0.283 2
0.022275 0.00736187 0.283 2
0.020022 0.0107094 0.283 2
0.0214557 0.00934115 0.283 2
-0.03961 0.0127004 0.2825 2
-0.0377349 0.0137476 0.283 2
-0.0353796 0.0148749 0.283 2
0.0170523 0.01426 0.283 2
0.0186908 0.0127228 0.283 2
-0.0346739 0.0164915 0.2835 2
-0.0324994 0.0175795 0.282 2
0.0140825 0.0172318 0.283 2
0.0157722 0.0159509 0.283 2
-0.0303565 0.0209492 0.282 2
0.00852236 0.0209492 0.282 2
0.010881 0.0202708 0.2828 2
0.0125464 0.0188715 0.283 2
-0.0303565 0.0215619 0.282 2
-0.0286052 0.0229796 0.283286 2
-0.0257957 0.0234276 0.282333 2
0.00515491 0.0233999 0.282 2
0.0076567 0.0228058 0.282909 2
0.00969831 0.021738 0.283143 2
-0.0277651 0.0241545 0.283667 2
-0.0252019 0.0247852 0.283182 2
-0.0222444 0.0254019 0.282667 2
-0.019671 0.0261941 0.2824 2
-0.017805 0.0261571 0.282 2
-0.0034168 0.026157 0.282 2
-0.00127528 0.0262127 0.2826 2
0.00167091 0.0260047 0.283 2
0.00421026 0.0250777 0.283143 2
0.00702998 0.0241404 0.2835 2
-0.0185479 0.0275766 0.284 2
-0.0166759 0.0275378 0.2836 2
-0.0133367 0.0279422 0.283 2
-0.0107237 0.0285726 0.283667 2
-0.0071997 0.028275 0.28325 2
-0.00455942 0.0277175 0.283333 2
-0.00964092 -0.0450828 0.285 2
-0.0074752 -0.0450828 0.285 2
-0.00561887 -0.0450828 0.285 2
-0.0187592 -0.0424985 0.285667 2
-0.0164763 -0.0429898 0.2855 2
-0.0137007 -0.0430343 0.2858 2
-0.0106554 -0.0436639 0.286143 2
-0.00750726 -0.0440277 0.2862 2
-0.00439595 -0.0434899 0.285933 2
-0.00129043 -0.0433249 0.285667 2
0.00141634 -0.0431511 0.285636 2
0.00402464 -0.0425346 0.285714 2
-0.0219774 -0.0398312 0.285833 2
-0.0195298 -0.0411772 0.286143 2
0.00244227 -0.0416579 0.287 2
0.00476732 -0.0414042 0.286333 2
0.00697121 -0.0407948 0.2862 2
-0.0252422 -0.0369163 0.2865 2
-0.0233764 -0.0381612 0.2865 2
-0.0273718 -0.0349883 0.286 2
-0.0264705 -0.035133 0.286333 2
0.0258357 0.00197671 0.285 2
0.0275822 0.000430201 0.286 2
0.0256496 0.00448027 0.2866 2
0.0229996 0.00770435 0.285 2
0.0247598 0.00663623 0.285667 2
0.0209886 0.010336 0.285 2
0.0220196 0.0106196 0.285667 2
-0.039961 0.0140512 0.285 2
-0.0374859 0.01498 0.285 2
0.0175853 0.01498 0.285 2
0.0197403 0.0137027 0.286333 2
-0.0391698 0.0153433 0.286 2
-0.0371245 0.0162578 0.285667 2
-0.0348645 0.0175385 0.286333 2
0.0148008 0.0174568 0.285 2
0.0167 0.0166558 0.285727 2
0.0186434 0.0158126 0.287 2
-0.0361912 0.0182029 0.287 2
-0.0338967 0.0193369 0.286333 2
-0.0328451 0.0190048 0.285 2
0.0137799 0.019678 0.286067 2
0.01588 0.0185516 0.2866 2
-0.0312981 0.0221009 0.285 2
-0.0295452 0.0237318 0.286 2
0.00861303 0.0236489 0.285 2
0.010789 0.0226402 0.2858 2
0.0127237 0.0216324 0.287 2
-0.0283569 0.0250302 0.28575 2
-0.0254559 0.0262247 0.2854 2
-0.023254 0.0264353 0.285 2
0.00460011 0.0264817 0.2855 2
0.00723778 0.0255618 0.286067 2
0.0096575 0.0247785 0.2866 2
-0.0224221 0.0277902 0.2862 2
-0.0193779 0.0284683 0.285857 2
-0.0164774 0.0289628 0.2855 2
-0.0141667 0.0291188 0.2852 2
-0.0106062 0.0299456 0.286 2
-0.0078119 0.0299456 0.286 2
-0.00407798 0.0289628 0.2855 2
-0.00129194 0.0283944 0.286 2
0.00131605 0.0280202 0.286 2
0.00368495 0.0278355 0.286667 2
-0.0156282 0.0303621 0.287 2
-0.0135746 0.0303914 0.286857 2
-0.0106062 0.030567 0.286 2
-0.00730174 0.0304987 0.286333 2
-0.00503518 0.0303621 0.287 2
-0.0103917 -0.0425255 0.288667 2
-0.00765883 -0.0425564 0.288571 2
-0.00464539 -0.0426313 0.288667 2
-0.00130549 -0.0425761 0.289 2
0.00120086 -0.0424779 0.288333 2
-0.0213103 -0.0393002 0.288 2
-0.0192921 -0.0399834 0.288769 2
-0.0165483 -0.0409504 0.288737 2
-0.0137336 -0.0413961 0.2891 2
-0.0119724 -0.0419482 0.289 2
-0.00632519 -0.0419482 0.289 2
-0.0044428 -0.0419482 0.289 2
-0.00130549 -0.0419482 0.289 2
0.00162383 -0.0413511 0.289222 2
0.00425204 -0.0402875 0.289 2
0.00714046 -0.039613 0.288 2
-0.0247494 -0.0361715 0.288 2
-0.0226682 -0.0375746 0.288875 2
-0.0201751 -0.0385835 0.289667 2
0.00530114 -0.038628 0.29 2
0.00656042 -0.038628 0.29 2
-0.0254017 -0.034286 0.289111 2
-0.023662 -0.0357927 0.29 2
0.027968 0.00201139 0.29 2
0.0259431 0.00482271 0.2885 2
0.027968 0.00327152 0.29 2
0.0238204 0.00829368 0.289333 2
0.0244487 0.00829368 0.289333 2
0.0234646 0.0106918 0.2896 2
0.0244487 0.0101781 0.289333 2
0.0220416 0.0126926 0.289333 2
-0.040069 0.0158677 0.288 2
-0.0385059 0.016702 0.288 2
0.0175184 0.0177018 0.289 2
0.0189517 0.0169947 0.2898 2
-0.0365695 0.0193383 0.29 2
-0.0350395 0.0197605 0.2888 2
0.016124 0.019725 0.289 2
0.0181459 0.0183297 0.289 2
-0.0336198 0.0217832 0.289 2
-0.0318361 0.0232721 0.288 2
0.0115175 0.0238978 0.288 2
0.0136653 0.0226469 0.289333 2
-0.0308755 0.0253159 0.289 2
-0.0287283 0.0260619 0.2884 2
-0.0269379 0.0264007 0.288 2
0.00808847 0.0264313 0.288333 2
0.01081 0.025624 0.289 2
0.0128568 0.0243788 0.29 2
-0.0277889 0.0277005 0.289429 2
-0.0253832 0.0283702 0.288923 2
-0.0225935 0.029257 0.2884 2
-0.020685 0.0292164 0.288 2
0.00182832 0.0292502 0.288333 2
0.00461058 0.0289603 0.289 2
0.00742684 0.0278235 0.289182 2
0.0100126 0.0271828 0.289667 2
-0.0214583 0.0306794 0.29 2
-0.0195437 0.0306371 0.2896 2
-0.0166335 0.0314719 0.289 2
-0.0133395 0.0321628 0.289167 2
-0.0106116 0.0320523 0.288571 2
-0.00773207 0.0319686 0.288833 2
-0.00417389 0.0314719 0.289 2
-0.00130553 0.0305948 0.2892 2
0.00120853 0.0306794 0.29 2
-0.0129583 0.0335148 0.29 2
-0.0104397 0.0335148 0.29 2
-0.00855079 0.0335148 0.29 2
-0.0186892 -0.0390773 0.291 2
-0.0161528 -0.0396434 0.291364 2
-0.0132453 -0.040268 0.291824 2
-0.0105117 -0.0407955 0.292 2
-0.00764569 -0.0407267 0.2915 2
-0.00448124 -0.0407267 0.2915 2
-0.00131903 -0.0407817 0.2919 2
0.00145989 -0.0401165 0.291846 2
0.00348933 -0.0394835 0.2912 2
-0.0218729 -0.0368006 0.291333 2
-0.0198101 -0.037307 0.292 2
-0.0167599 -0.0380607 0.292538 2
-0.0140465 -0.0387093 0.293 2
0.00185434 -0.0386653 0.292667 2
0.00468446 -0.0374931 0.292133 2
-0.0241009 -0.0343934 0.2915 2
-0.022465 -0.0350421 0.292 2
-0.0242249 -0.0326617 0.293 2
-0.0235887 -0.0326617 0.293 2
0.0281126 0.00487285 0.2915 2
0.0257127 0.00807976 0.293 2
0.023089 0.0131275 0.292 2
-0.0376433 0.0178243 0.291 2
0.0202714 0.0165953 0.2916 2
-0.0374234 0.0194557 0.29175 2
0.0171154 0.020283 0.291286 2
0.018702 0.0192686 0.2918 2
-0.0365047 0.0210576 0.292 2
-0.0347351 0.0228035 0.291333 2
0.0160481 0.022332 0.292077 2
0.018397 0.0211298 0.293 2
-0.0336518 0.0249699 0.292 2
-0.0320408 0.0255215 0.291444 2
-0.0297458 0.0266757 0.291 2
0.0116775 0.0267674 0.292 2
0.0134615 0.0255169 0.2922 2
-0.0308832 0.0278025 0.2922 2
-0.0287189 0.0288103 0.291923 2
-0.0262708 0.0295208 0.291 2
0.00766092 0.0293173 0.291545 2
0.0103707 0.0282372 0.291889 2
0.0129898 0.0274956 0.293 2
-0.0289959 0.030042 0.293 2
-0.0254463 0.0309334 0.2924 2
-0.0223517 0.0316488 0.292286 2
-0.0193553 0.0321048 0.2915 2
-0.015846 0.0329981 0.291 2
-0.0145824 0.0329981 0.291 2
-0.00700077 0.0329981 0.291 2
-0.00510536 0.0329981 0.291 2
-0.00131456 0.0320718 0.2912 2
0.00172404 0.031907 0.292 2
0.00417542 0.0311032 0.292 2
0.00707358 0.0308058 0.293 2
0.00949094 0.030042 0.293 2
-0.0188176 0.0335432 0.293 2
-0.0163927 0.0340974 0.292077 2
-0.0133185 0.0347806 0.292077 2
-0.0105117 0.0346975 0.292 2
-0.00751805 0.0345061 0.292231 2
-0.0045579 0.0338043 0.291889 2
-0.00164163 0.0335432 0.293 2
-0.0124562 0.0364078 0.293 2
-0.0124987 -0.0394802 0.294 2
-0.0105837 -0.0394802 0.294 2
-0.00771126 -0.0394802 0.294 2
-0.00451967 -0.0394802 0.294 2
-0.00132808 -0.0394802 0.294 2
0.000586878 -0.0394802 0.294 2
-0.0188818 -0.0366057 0.294 2
-0.0164709 -0.0369017 0.294667 2
-0.0134269 -0.0375497 0.295273 2
-0.0103806 -0.038249 0.294714 2
-0.00753033 -0.0383311 0.294615 2
-0.00453315 -0.0383229 0.294933 2
-0.00133408 -0.0383573 0.2952 2
0.00161265 -0.0375541 0.294933 2
0.00361889 -0.0369251 0.294 2
-0.022122 -0.0338075 0.294667 2
-0.0195495 -0.0350981 0.295143 2
-0.0174036 -0.0355686 0.296 2
0.00251885 -0.0349255 0.296 2
0.00363654 -0.0351869 0.2955 2
-0.0218637 -0.0321371 0.2955 2
0.0267579 0.00746858 0.294 2
0.0280989 0.00748696 0.294667 2
0.0258932 0.0102419 0.295667 2
0.0275826 0.00944869 0.296 2
0.022688 0.0145442 0.295 2
0.0246907 0.0123427 0.296 2
0.02212 0.0165228 0.296 2
-0.0396714 0.0187755 0.294333 2
-0.0385748 0.0194803 0.2945 2
0.0198412 0.0195818 0.2946 2
0.0210846 0.0190329 0.295 2
-0.037236 0.0226179 0.2958 2
0.0173882 0.0231769 0.29475 2
0.0188638 0.0223688 0.295333 2
-0.0349583 0.02544 0.295 2
0.0143108 0.0259925 0.294 2
0.0160865 0.0252558 0.295333 2
-0.0334136 0.0280524 0.2955 2
-0.0318631 0.0287521 0.295 2
0.0110709 0.0291626 0.2944 2
0.0133123 0.0283265 0.295636 2
-0.0311692 0.0302983 0.2955 2
-0.0282532 0.0314868 0.2952 2
-0.0253526 0.0324903 0.295 2
-0.0236692 0.0323801 0.294 2
0.00474509 0.0324352 0.2945 2
0.00772576 0.0319422 0.295 2
0.0103179 0.0306111 0.2948 2
0.0121588 0.0303496 0.296 2
-0.0244729 0.0338866 0.296 2
-0.0225158 0.0338409 0.2956 2
-0.0198 0.0346282 0.295 2
-0.0171584 0.0351268 0.294 2
-0.0140944 0.0358933 0.294 2
-0.0105837 0.0358933 0.294 2
-0.00866874 0.0358933 0.294 2
-0.00420051 0.0349352 0.294 2
-0.0011191 0.0348411 0.295 2
0.00141236 0.0343234 0.295 2
0.00380061 0.0338485 0.295667 2
-0.0180463 0.0364591 0.296 2
-0.0162962 0.0366982 0.295333 2
-0.0136738 0.0374653 0.295538 2
-0.0104056 0.0373986 0.295429 2
-0.00767322 0.036657 0.295 2
-0.00454647 0.0364344 0.2958 2
-0.0023011 0.0364591 0.296 2
-0.0161728 -0.0360114 0.297 2
-0.0136292 -0.0361084 0.2978 2
-0.0103829 -0.0367051 0.2974 2
-0.00748429 -0.0367375 0.297667 2
-0.00457604 -0.0367375 0.297667 2
-0.00134313 -0.036697 0.297333 2
0.000980165 -0.0364228 0.2972 2
-0.0189981 -0.0339164 0.2975 2
-0.0166208 -0.0345286 0.297923 2
-0.0140137 -0.0350078 0.298455 2
-0.0104103 -0.035509 0.2982 2
-0.00751782 -0.0356042 0.299 2
-0.00459653 -0.0356042 0.299 2
-0.00119657 -0.0347149 0.298588 2
0.00124143 -0.0341881 0.298 2
-0.0196475 -0.031882 0.298375 2
0.0262392 0.0118181 0.299 2
0.028276 0.0103652 0.297667 2
0.0251005 0.0137096 0.2978 2
0.0235239 0.0166076 0.2975 2
0.0249409 0.0160407 0.299 2
-0.0395193 0.0208429 0.298 2
0.0205827 0.0207729 0.297 2
0.0221205 0.0193686 0.297444 2
-0.0395193 0.0214903 0.298 2
-0.0385488 0.0224615 0.298 2
0.019998 0.0225621 0.297889 2
0.0213228 0.022164 0.298333 2
-0.0368907 0.0254535 0.297667 2
-0.0355177 0.0262578 0.297 2
0.0170934 0.0263462 0.298 2
0.0188408 0.0247545 0.298333 2
-0.034408 0.028614 0.298 2
0.0140741 0.0292597 0.298 2
0.0157994 0.0276411 0.298 2
-0.0333728 0.0305546 0.298 2
-0.031434 0.0315258 0.298 2
-0.0288459 0.0324969 0.298 2
0.0105516 0.0318938 0.2978 2
0.0127262 0.0310402 0.298 2
-0.0283061 0.0334681 0.298 2
-0.0256088 0.0347645 0.298 2
-0.0226372 0.0353154 0.2972 2
0.00252736 0.0352916 0.297 2
0.00474344 0.0349569 0.297286 2
0.00740188 0.0341728 0.2985 2
0.00999423 0.0332 0.2985 2
-0.0224123 0.036767 0.2985 2
-0.0193698 0.0372616 0.298 2
-0.0168372 0.0379153 0.297333 2
-0.0133157 0.0389715 0.298 2
-0.00714512 0.0378728 0.297 2
-0.00457064 0.0379238 0.2974 2
-0.00110266 0.0374845 0.29775 2
0.00142822 0.0372974 0.298286 2
0.00383917 0.0367875 0.298667 2
-0.0162817 0.0391022 0.299 2
-0.0138716 0.0395549 0.298333 2
-0.0104391 0.039427 0.299 2
-0.00751782 0.039427 0.299 2
-0.00524571 0.039427 0.299 2
-0.0160105 -0.033442 0.3 2
-0.0132178 -0.0339509 0.300667 2
-0.0104945 -0.0341607 0.3006 2
-0.00756537 -0.0341914 0.300875 2
-0.00461959 -0.0341495 0.3005 2
-0.00168085 -0.033442 0.3 2
-0.0182902 -0.0314867 0.3 2
-0.0163993 -0.0316126 0.3012 2
-0.0134945 -0.0316966 0.302 2
-0.0108248 -0.0319778 0.302 2
-0.00759325 -0.0323527 0.302 2
-0.00463781 -0.0323099 0.3016 2
-0.00233997 -0.0322456 0.301 2
0.0277218 0.0118972 0.301 2
0.0277218 0.0125512 0.301 2
0.0256757 0.0167461 0.3 2
-0.0407615 0.020331 0.3 2
0.0230702 0.0198965 0.3 2
0.0245358 0.0190274 0.3 2
-0.04052 0.0227342 0.3016 2
-0.0386101 0.0236686 0.301 2
0.0208599 0.0236686 0.301 2
0.0225528 0.0222385 0.300333 2
0.0241274 0.0213797 0.301 2
-0.039722 0.0244034 0.302 2
-0.0377932 0.0259575 0.301 2
0.0196638 0.0254686 0.301286 2
0.0215134 0.0243226 0.301 2
-0.0364117 0.0286597 0.3012 2
-0.0358765 0.0278266 0.3 2
0.016612 0.0285734 0.301 2
0.0186343 0.0270279 0.302 2
-0.0350158 0.0305352 0.301 2
-0.0310947 0.0328241 0.301 2
0.0117106 0.0328241 0.301 2
0.0137967 0.0313239 0.300556 2
-0.0306546 0.0340258 0.3015 2
-0.028463 0.0348937 0.3008 2
-0.0267576 0.0356482 0.3 2
0.00722985 0.0355788 0.300333 2
0.0101008 0.034528 0.300818 2
0.0123641 0.0334781 0.301 2
-0.0248866 0.0372395 0.301 2
-0.0222861 0.0382124 0.3012 2
-0.0204613 0.0381467 0.3 2
0.00255289 0.0382553 0.3 2
0.0048005 0.0379922 0.300857 2
0.00724494 0.0367479 0.301 2
0.00945463 0.0362139 0.302 2
-0.0210348 0.0394946 0.302 2
-0.019333 0.0393638 0.301 2
-0.016411 0.0403136 0.301375 2
-0.0134497 0.0406717 0.301 2
-0.0105089 0.0406717 0.301 2
-0.00735027 0.0408897 0.301 2
-0.0043519 0.0406652 0.301286 2
-0.00150492 0.040274 0.301 2
0.00158325 0.0397238 0.30125 2
0.0032256 0.0398226 0.302 2
-0.00992091 -0.0311432 0.303 2
-0.00761839 -0.0311432 0.303 2
-0.00597374 -0.0311432 0.303 2
0.0264691 0.0141382 0.3035 2
0.027008 0.013667 0.304 2
0.0265384 0.015964 0.303667 2
0.0270969 0.0173565 0.305 2
0.0256401 0.0198746 0.305 2
0.0270969 0.0180192 0.305 2
0.0227926 0.0239831 0.305 2
-0.0401165 0.0259711 0.305 2
-0.0389095 0.0258299 0.303333 2
0.0218627 0.0252524 0.304333 2
-0.0396198 0.0277934 0.305 2
-0.0379687 0.0284545 0.304 2
0.017495 0.0296157 0.305 2
0.0188194 0.0282904 0.305 2
-0.0363548 0.0308396 0.304 2
-0.0339327 0.0320548 0.303 2
0.0144199 0.0320548 0.303 2
0.0157356 0.031177 0.303 2
-0.0304146 0.0357932 0.304 2
-0.0297545 0.0357932 0.304 2
0.0113128 0.0352406 0.3035 2
0.0134785 0.0341427 0.304 2
0.0151773 0.0335917 0.305 2
-0.0279905 0.0374041 0.3042 2
-0.0261244 0.0381049 0.304 2
-0.0220913 0.038967 0.303 2
0.00786043 0.0379098 0.30375 2
0.00997813 0.0371963 0.304667 2
-0.0248859 0.0395555 0.305 2
-0.0224514 0.0401643 0.304167 2
-0.0193788 0.0407829 0.303444 2
-0.0169227 0.0414359 0.303857 2
-0.0135838 0.0417376 0.304 2
-0.0106137 0.0417376 0.304 2
-0.00830356 0.0417376 0.304 2
-5.30154e-05 0.0412712 0.303 2
0.00159376 0.0413052 0.30325 2
0.00447273 0.0406537 0.304 2
0.00755064 0.0391599 0.3045 2
-0.018595 0.0425375 0.305 2
-0.0165657 0.042426 0.3042 2
-0.0135838 0.0423981 0.304 2
-0.0106137 0.0423981 0.304 2
-0.00764353 0.0423981 0.304 2
-0.0046734 0.0423981 0.304 2
-0.00137777 0.0425375 0.305 2
0.000608836 0.0425375 0.305 2
0.0282437 0.0141215 0.306667 2
0.0283665 0.0155197 0.308 2
0.0238639 0.0230645 0.306 2
0.0245282 0.0230645 0.306 2
0.0202098 0.0267211 0.306 2
0.0216793 0.0268957 0.308 2
-0.0401057 0.0288105 0.306 2
-0.0385871 0.0293804 0.306 2
0.0199106 0.0284295 0.3065 2
0.0216793 0.0275649 0.308 2
-0.0397527 0.0305253 0.3068 2
-0.0379197 0.0314094 0.307778 2
-0.0355975 0.0323721 0.306 2
0.0169166 0.031758 0.3065 2
0.0188811 0.0300452 0.306 2
-0.0332722 0.0337018 0.306 2
-0.0320123 0.0346645 0.306667 2
0.0146102 0.0351459 0.307 2
0.0159787 0.03433 0.307667 2
-0.0311646 0.0365862 0.3065 2
-0.029349 0.0379959 0.306667 2
0.0110776 0.0377481 0.307 2
0.0131327 0.036874 0.3075 2
-0.0277153 0.0398149 0.307 2
-0.0256727 0.0404171 0.3065 2
-0.0236388 0.0410149 0.306 2
0.00559362 0.0413473 0.306 2
0.0074737 0.0406564 0.3068 2
0.00961117 0.0394814 0.307 2
-0.0220983 0.0425752 0.307667 2
-0.0194787 0.0432465 0.307 2
-0.016384 0.043817 0.307 2
-0.0132444 0.0438434 0.306545 2
-0.0103739 0.044104 0.306667 2
-0.00752706 0.0439718 0.306462 2
-0.00438625 0.043817 0.307 2
-0.00138821 0.0439026 0.3076 2
0.00141138 0.043218 0.307 2
0.00461035 0.0425505 0.307 2
-0.0120908 0.0456326 0.308 2
-0.0104189 0.0456326 0.308 2
-0.00807846 0.0456326 0.308 2
0.0285507 0.0166308 0.31 2
0.0259419 0.0234414 0.311 2
0.0232409 0.0261441 0.311 2
0.020474 0.0297645 0.31 2
0.0225657 0.0281712 0.311 2
-0.0395553 0.0325632 0.311 2
-0.0382048 0.0325632 0.311 2
0.017389 0.0323538 0.309 2
0.0193221 0.0315721 0.310111 2
-0.0378672 0.0332389 0.311 2
-0.0344481 0.0347481 0.31 2
-0.0329275 0.0350392 0.309 2
0.0168603 0.0347525 0.309857 2
0.0185351 0.0335575 0.3102 2
-0.0333706 0.0364997 0.31 2
-0.0316373 0.0379546 0.3095 2
0.01408 0.0377345 0.31 2
0.0154261 0.0368365 0.31 2
-0.0310654 0.0397637 0.3105 2
-0.0287748 0.0409196 0.3098 2
-0.026554 0.041417 0.309 2
0.00835897 0.0418878 0.31 2
0.0105921 0.040386 0.309667 2
0.0124373 0.0396581 0.311 2
-0.0282452 0.0425297 0.311 2
-0.0251089 0.043196 0.3102 2
-0.0227896 0.043948 0.3098 2
-0.0208515 0.0441024 0.309 2
0.00196143 0.04415 0.309333 2
0.00440716 0.0440291 0.31025 2
0.00701286 0.0428981 0.31 2
0.00973639 0.0420229 0.311 2
-0.0216617 0.0457392 0.311 2
-0.0196121 0.0456804 0.3106 2
-0.0165185 0.0455186 0.3095 2
-0.0136649 0.0463425 0.31 2
-0.0104866 0.0469392 0.31 2
-0.00716941 0.0465556 0.31 2
-0.00464942 0.0459936 0.309667 2
-0.00140039 0.0456216 0.3102 2
0.00129604 0.0457392 0.311 2
0.028827 0.0178118 0.313 2
0.0281474 0.0195119 0.313 2
0.0260253 0.022161 0.312 2
0.0274678 0.021212 0.313 2
0.0253896 0.0255913 0.3125 2
0.0219609 0.0299565 0.312 2
0.0205643 0.0318964 0.3124 2
0.0216669 0.031382 0.312667 2
-0.037483 0.0343744 0.313429 2
0.0175578 0.0353794 0.312 2
0.0193141 0.0344717 0.313 2
0.021079 0.0335596 0.314 2
-0.0361872 0.0366295 0.314 2
-0.0343979 0.0372816 0.3126 2
0.0148482 0.0384298 0.312 2
0.0166738 0.0375006 0.312727 2
0.0183131 0.0368936 0.313333 2
-0.0319502 0.0410196 0.313667 2
0.0136405 0.0407097 0.313143 2
0.0161364 0.039529 0.314 2
-0.0305134 0.0428724 0.3135 2
-0.0283777 0.0434194 0.312714 2
-0.0256773 0.0444911 0.3122 2
0.0053646 0.0445306 0.312 2
0.00768307 0.0439377 0.3126 2
0.0102521 0.0429732 0.313 2
-0.0272376 0.0450133 0.313 2
-0.0254397 0.0459717 0.313571 2
-0.0224789 0.0465792 0.313 2
-0.0194225 0.0473935 0.313 2
-0.0166509 0.047242 0.312 2
-0.00378029 0.047242 0.312 2
-0.00140942 0.0472723 0.3122 2
0.00184804 0.0471224 0.313 2
0.00416201 0.0463357 0.3132 2
0.00720943 0.0454503 0.313667 2
-0.0164071 0.0488781 0.3138 2
-0.0133064 0.0487536 0.313 2
-0.0105636 0.0486367 0.31225 2
-0.00752436 0.0487224 0.3128 2
-0.00448626 0.0489093 0.314 2
-0.00175929 0.0489093 0.314 2
0.0290112 0.0206631 0.315 2
0.0284513 0.022542 0.315286 2
0.0284193 0.0241615 0.316 2
0.0235399 0.0292179 0.315 2
0.0249868 0.0286263 0.316 2
0.02261 0.0316316 0.316333 2
0.0240335 0.0307809 0.317 2
-0.0391621 0.0354897 0.316 2
-0.0377109 0.0354148 0.315333 2
0.0201039 0.0353984 0.3158 2
0.0218512 0.0342423 0.316714 2
-0.039286 0.0369795 0.317 2
-0.0374773 0.0372352 0.31625 2
-0.0357316 0.0382359 0.316 2
0.0177829 0.0385792 0.316 2
0.0195216 0.0373369 0.316375 2
0.0212804 0.0366351 0.317 2
-0.0342157 0.039985 0.31625 2
0.0165087 0.0404427 0.316 2
0.018469 0.0392658 0.316 2
-0.0330917 0.042145 0.317 2
-0.0314483 0.0435215 0.316286 2
-0.0288106 0.0446638 0.315333 2
0.0109131 0.0442095 0.31575 2
0.0129903 0.0432489 0.31625 2
-0.030243 0.0454448 0.316 2
-0.0284335 0.0461648 0.316222 2
-0.0260062 0.0471226 0.3162 2
-0.0233081 0.0473541 0.315 2
0.00474373 0.0474543 0.315667 2
0.00764817 0.0466058 0.316111 2
0.0105968 0.0455167 0.3165 2
-0.0254687 0.0482418 0.316333 2
-0.02264 0.048955 0.316091 2
-0.0194595 0.0493963 0.3158 2
-0.0165117 0.0505619 0.3158 2
-0.0133914 0.0504339 0.315 2
-0.0106557 0.0504338 0.315 2
-0.00757815 0.0504339 0.315 2
-0.00451483 0.050594 0.316 2
-0.0013027 0.0502992 0.315909 2
0.00156523 0.0494601 0.315727 2
0.00419629 0.0485724 0.3158 2
0.00613883 0.0483435 0.317 2
-0.0189824 0.0510984 0.317 2
-0.0131323 0.0521315 0.317 2
-0.0103793 0.0521315 0.317 2
-0.00797039 0.0521315 0.317 2
-5.54649e-05 0.0510984 0.317 2
0.00132104 0.0510984 0.317 2
0.028597 0.0253509 0.318 2
0.0264896 0.0283584 0.3184 2
0.02704 0.0293341 0.32 2
0.0234925 0.0323613 0.319 2
0.0251325 0.0312915 0.319714 2
0.02704 0.0300293 0.32 2
0.0228244 0.0347068 0.319333 2
0.0242609 0.0338532 0.32 2
-0.0395339 0.0385989 0.319 2
-0.0380697 0.0385183 0.318333 2
0.0202026 0.0384257 0.319 2
0.0214147 0.0379058 0.319 2
-0.0395339 0.039985 0.319 2
-0.0377736 0.0399537 0.31875 2
-0.0353406 0.0408674 0.318667 2
0.0174323 0.041198 0.319 2
0.0191638 0.0401583 0.319 2
-0.0336564 0.0427385 0.318 2
-0.0325057 0.0440051 0.318 2
0.0141424 0.0441436 0.319 2
0.0155276 0.0427574 0.319 2
-0.0308275 0.0461514 0.3185 2
-0.0291159 0.0472123 0.318667 2
-0.0269823 0.0478051 0.318 2
0.00789774 0.0478802 0.3185 2
0.0106816 0.0469158 0.319 2
0.0127572 0.0455296 0.319 2
-0.0286457 0.0484619 0.3196 2
-0.0254842 0.0494864 0.318444 2
-0.0226016 0.0508072 0.3195 2
-0.0204232 0.0505687 0.318 2
0.00270606 0.0505687 0.318 2
0.00455722 0.0499831 0.318667 2
0.00729024 0.0493041 0.3192 2
0.0100181 0.0484534 0.32 2
-0.0226016 0.0515014 0.3195 2
-0.0196229 0.0522877 0.319 2
-0.0162138 0.0526701 0.318545 2
-0.0139209 0.0532105 0.319333 2
-0.0104775 0.0536678 0.32 2
-0.00698287 0.0529819 0.319 2
-0.00468808 0.0525703 0.3184 2
-0.00144101 0.0524605 0.319 2
0.00152905 0.0523829 0.319429 2
0.0041055 0.0514745 0.319333 2
-0.0160357 0.054363 0.32 2
-0.013604 0.054363 0.32 2
-0.0104775 0.054363 0.32 2
-0.00735106 0.054363 0.32 2
-0.00526675 0.054363 0.32 2
0.0281699 0.0266361 0.321 2
0.0282576 0.0284697 0.322 2
0.0258537 0.0321445 0.321286 2
0.0276467 0.0310753 0.3222 2
0.0237134 0.035464 0.322 2
0.0253683 0.0343898 0.322714 2
0.0272935 0.0331179 0.323 2
0.0228598 0.0374017 0.3218 2
0.0243367 0.0367487 0.321 2
-0.0366455 0.0416306 0.321 2
0.0197357 0.0408768 0.32125 2
0.0216161 0.0396615 0.322 2
-0.0345547 0.0437229 0.321 2
0.0163219 0.0437229 0.321 2
-0.0321154 0.0462801 0.321 2
0.0135542 0.0465861 0.3215 2
-0.0300246 0.0486048 0.321 2
-0.0283274 0.0500775 0.3215 2
0.00830711 0.0499997 0.321 2
0.0104372 0.0496269 0.3222 2
-0.0255352 0.0514745 0.3215 2
-0.0227796 0.0529538 0.322 2
-0.0188735 0.0538355 0.321 2
-0.0174797 0.0538355 0.321 2
-0.00388933 0.0538355 0.321 2
-0.00145004 0.0538355 0.321 2
0.00203465 0.053138 0.321 2
0.00469547 0.0526419 0.3218 2
0.00707977 0.0518673 0.3222 2
0.00906015 0.0517147 0.323 2
-0.021095 0.0545218 0.323 2
-0.0191411 0.0549276 0.322143 2
-0.0166308 0.0557321 0.322556 2
-0.013689 0.0557522 0.322 2
-0.010543 0.0557522 0.322 2
-0.007397 0.0557522 0.322 2
-0.00446316 0.0555776 0.3222 2
-0.00167138 0.0553898 0.322231 2
0.00184339 0.0544269 0.322143 2
0.00344989 0.0545218 0.323 2
0.0284332 0.0314607 0.324 2
0.0256984 0.0354413 0.325 2
0.0250302 0.0372654 0.3255 2
-0.0383948 0.0416677 0.324 2
0.0221538 0.0407056 0.32475 2
0.0243619 0.0390918 0.326 2
-0.0376111 0.0431214 0.324333 2
-0.0353381 0.0446208 0.325 2
0.0171779 0.0444835 0.324 2
0.0194783 0.0433236 0.3248 2
0.0214647 0.0425024 0.325 2
-0.0360437 0.0453269 0.325 2
-0.0344069 0.04606 0.3242 2
0.0143641 0.0472992 0.324 2
0.016526 0.0463871 0.325 2
-0.0312641 0.0494532 0.3252 2
0.0115503 0.050467 0.324 2
0.0137036 0.0492116 0.325 2
0.0158684 0.0482995 0.326 2
-0.0304922 0.0511326 0.326 2
-0.0282543 0.0519815 0.324667 2
-0.0258143 0.0534472 0.325 2
0.00769854 0.0533923 0.324667 2
0.00983122 0.0525605 0.325333 2
0.0130372 0.0511326 0.326 2
-0.0240481 0.0548593 0.325 2
-0.0222498 0.055128 0.3245 2
-0.0197744 0.0561561 0.324333 2
-5.66897e-05 0.0560984 0.324 2
0.00170407 0.0561417 0.32425 2
0.00452702 0.0551702 0.32475 2
0.00631312 0.0550281 0.326 2
-0.0184597 0.0578612 0.326 2
-0.0166526 0.0577282 0.32525 2
-0.0134484 0.0576128 0.3246 2
-0.0100419 0.0580968 0.324667 2
-0.00746592 0.0583921 0.325 2
-0.00487863 0.058156 0.325 2
-0.00146952 0.0577903 0.3256 2
0.000650756 0.0578612 0.326 2
0.0230871 0.0414695 0.328 2
0.0244366 0.0402774 0.327 2
0.0187569 0.0448954 0.327 2
0.0217289 0.0440977 0.329 2
0.0197858 0.0455535 0.328333 2
-0.0336301 0.0483865 0.329 2
-0.0329158 0.0483865 0.329 2
0.0145858 0.0508884 0.329 2
0.0167044 0.0490256 0.3285 2
-0.0281009 0.0534208 0.327 2
0.0108901 0.0530599 0.3274 2
0.0131011 0.0524851 0.328556 2
-0.0273828 0.0550668 0.328333 2
-0.0254697 0.0554702 0.327714 2
-0.0226485 0.0565812 0.3272 2
0.00477399 0.0565812 0.3272 2
0.00753372 0.0556853 0.327778 2
0.0100494 0.0546913 0.3278 2
0.0120857 0.0544624 0.329 2
-0.0242701 0.0571473 0.328 2
-0.0223763 0.058165 0.328571 2
-0.0197529 0.058554 0.327889 2
-0.0166341 0.0595645 0.327857 2
-0.0135466 0.0594597 0.327 2
-0.0110617 0.0594597 0.327 2
-0.00396203 0.0594597 0.327 2
-0.00148166 0.0596415 0.328 2
0.0017219 0.0586803 0.3278 2
0.00442687 0.058165 0.328571 2
0.00707907 0.0572635 0.328667 2
-0.0193439 0.0601808 0.329 2
-0.0179153 0.0601808 0.329 2
-0.0132723 0.061253 0.329 2
-0.0104003 0.0611599 0.3285 2
-0.00753483 0.0610668 0.328 2
-0.00470057 0.061253 0.329 2
0.00172821 0.0601808 0.329 2
0.0262519 0.0394506 0.332 2
-0.037673 0.0442318 0.33 2
0.018929 0.0470997 0.33 2
-0.0349125 0.0486807 0.331 2
0.017549 0.050119 0.331 2
0.0189863 0.0486807 0.331 2
-0.0320379 0.0515573 0.331 2
-0.0294334 0.0539109 0.33 2
0.0143151 0.0529956 0.331 2
0.0157524 0.0520367 0.331 2
-0.0285802 0.05525 0.3305 2
-0.0254928 0.0567788 0.33 2
0.0085659 0.0569509 0.331 2
0.0105085 0.055978 0.330714 2
0.0129167 0.0550792 0.332 2
-0.0274493 0.0571229 0.332 2
-0.0255711 0.0579094 0.331 2
-0.0230547 0.0591083 0.331 2
-0.0208988 0.0598275 0.331 2
0.00280818 0.0596467 0.33 2
0.00496908 0.0590481 0.330667 2
0.00734685 0.0586961 0.331571 2
0.00928455 0.05767 0.331 2
-0.0225347 0.0604044 0.3318 2
-0.0188866 0.0614096 0.331 2
-0.0160745 0.0618045 0.3308 2
-0.0133742 0.0627988 0.3315 2
-0.0104636 0.0626093 0.3305 2
-0.00758078 0.0625146 0.33 2
-0.0047352 0.0627988 0.3315 2
-0.00167244 0.0617126 0.3305 2
0.0015865 0.0615515 0.331429 2
0.00440674 0.0603678 0.3316 2
-0.0155558 0.0636148 0.332 2
-0.0133742 0.063519 0.3315 2
-0.0104636 0.0633274 0.3305 2
-0.00758078 0.0632316 0.33 2
-0.0047352 0.063519 0.3315 2
-0.00258097 0.0636148 0.332 2
0.0278604 0.0353343 0.334 2
0.026331 0.0381225 0.333 2
0.0264891 0.0408989 0.335 2
-0.0394614 0.0446339 0.333 2
0.023439 0.0431869 0.333 2
0.024885 0.0421017 0.333 2
-0.0396984 0.0463576 0.335 2
-0.0374827 0.0469334 0.3334 2
0.0203068 0.0474494 0.335 2
0.0210341 0.0474494 0.335 2
-0.0372008 0.048807 0.334333 2
-0.0344532 0.0504975 0.3335 2
0.0193881 0.050094 0.3342 2
0.0210341 0.0481772 0.335 2
-0.0343309 0.0526136 0.334667 2
-0.0315569 0.0533958 0.3335 2
0.0166203 0.0529921 0.334 2
0.0180707 0.0520246 0.334 2
-0.0314244 0.0555221 0.334667 2
-0.0294276 0.0563786 0.334 2
0.0137197 0.0558948 0.334 2
0.01517 0.0549272 0.334 2
-0.0280982 0.0579508 0.334 2
-0.0261397 0.0592221 0.333667 2
0.00864353 0.0592812 0.334 2
0.0104494 0.0581494 0.33375 2
0.0123061 0.058003 0.335 2
-0.024714 0.0607326 0.334 2
-0.022566 0.0619681 0.3344 2
-0.0199406 0.0619976 0.333 2
0.00283371 0.0619977 0.333 2
0.00465513 0.0618221 0.334 2
0.00720183 0.0607931 0.334333 2
-0.0185501 0.0636352 0.334 2
-0.0163725 0.064363 0.334 2
-0.013474 0.0650865 0.334 2
-0.0105417 0.0648917 0.333 2
-0.00764969 0.0648917 0.333 2
-0.00476378 0.0649891 0.3335 2
-0.00140737 0.0644942 0.334143 2
0.00139122 0.0635717 0.333667 2
-0.00987764 0.0667371 0.335 2
-0.00769564 0.0667371 0.335 2
0.0292948 0.0353903 0.338 2
0.0300287 0.0353903 0.338 2
0.0287377 0.0378456 0.3372 2
0.0300287 0.036859 0.338 2
0.0263594 0.0419995 0.338 2
0.0279653 0.0406378 0.337143 2
0.023424 0.0449369 0.338 2
0.0252587 0.0438354 0.338 2
0.0270933 0.0427338 0.338 2
-0.0398169 0.047591 0.336 2
0.0224906 0.0464418 0.3372 2
0.0241579 0.0456712 0.338 2
-0.0398169 0.049051 0.336 2
-0.0378715 0.0497811 0.336 2
0.0204078 0.0498813 0.336667 2
0.0211388 0.0498813 0.336667 2
-0.0375122 0.052492 0.337636 2
-0.0352839 0.0537491 0.338 2
0.0175013 0.0535901 0.337 2
0.0193406 0.0525173 0.337167 2
0.0212225 0.0515461 0.338 2
-0.0360177 0.0544835 0.338 2
-0.0352839 0.0544835 0.338 2
0.0145746 0.0565189 0.337 2
0.0164038 0.0554206 0.337 2
0.018233 0.0543223 0.337 2
-0.0291454 0.0586 0.336333 2
0.0105816 0.059624 0.338 2
0.0136966 0.0581296 0.337 2
0.0153063 0.057251 0.337 2
-0.0276798 0.0607289 0.337 2
-0.0255073 0.0615534 0.3365 2
0.00577726 0.0625562 0.336 2
0.00762474 0.0621319 0.337 2
0.0100172 0.0608182 0.3375 2
-0.0245702 0.0631085 0.337 2
-0.0224094 0.0643021 0.3375 2
-0.0197993 0.064709 0.33675 2
-0.0172022 0.0654763 0.336 2
-5.87893e-05 0.0654763 0.336 2
0.00192523 0.0650134 0.336571 2
0.00457763 0.0643503 0.337111 2
0.00709589 0.0638465 0.338 2
-0.0194784 0.0661352 0.3375 2
-0.0158369 0.0673347 0.338 2
-0.0135759 0.0670359 0.3365 2
-0.0108995 0.0674363 0.336667 2
-0.00776456 0.0684362 0.338 2
-0.00480664 0.0670359 0.3365 2
-0.00188988 0.0672351 0.3375 2
0.00213891 0.0661025 0.337333 2
0.00361011 0.0662332 0.338 2
-0.00996609 0.0691706 0.338 2
-0.00776456 0.0691706 0.338 2
0.0293815 0.0343902 0.339 2
0.0301175 0.0343902 0.339 2
0.0264374 0.043965 0.339 2
0.02809 0.0434277 0.3394 2
0.0235626 0.0470496 0.34 2
0.0254211 0.0463332 0.340167 2
0.0273337 0.0457061 0.341 2
0.0228475 0.0485745 0.340333 2
0.0243723 0.0486697 0.341 2
-0.0391836 0.0514817 0.34 2
-0.0384454 0.0514817 0.34 2
-0.037448 0.0545967 0.341 2
-0.0341444 0.056102 0.3398 2
-0.0324442 0.0568543 0.339 2
0.0170531 0.0563019 0.339 2
0.0191155 0.0548742 0.339667 2
-0.0331802 0.0575908 0.339 2
-0.0313402 0.0586956 0.339 2
-0.0295001 0.0598004 0.339 2
0.011717 0.0598004 0.339 2
0.0138111 0.0594983 0.3398 2
0.0159718 0.0582298 0.3395 2
-0.0310236 0.0609489 0.340714 2
-0.0287257 0.0617557 0.339625 2
-0.0262653 0.0629316 0.34 2
0.00879881 0.0629316 0.34 2
0.0106385 0.0617938 0.339833 2
0.0132157 0.060656 0.339667 2
-0.0273726 0.0636703 0.34 2
-0.0253056 0.0642613 0.34 2
-0.0217719 0.0656926 0.339 2
0.00473875 0.0658864 0.34 2
0.00791298 0.0645567 0.34 2
0.009537 0.0636703 0.34 2
-0.0228447 0.0664434 0.340333 2
-0.0196515 0.0678328 0.3405 2
-0.0168807 0.0679697 0.339333 2
-0.0136969 0.06874 0.3395 2
-0.0114676 0.0686387 0.339 2
-0.00447721 0.0686792 0.3392 2
-0.000797563 0.0679697 0.339333 2
0.00178762 0.0677332 0.34 2
0.00474805 0.0670027 0.340667 2
0.0066036 0.0664506 0.341 2
-0.0174582 0.0690437 0.341 2
-0.0104029 0.070142 0.340333 2
-0.00783347 0.0705254 0.341 2
-0.00480154 0.0697331 0.339714 2
-0.00139098 0.0694473 0.3408 2
0.0266714 0.0473263 0.342 2
0.0283383 0.0467872 0.3424 2
0.0229818 0.0503475 0.342333 2
0.0256323 0.0493277 0.343 2
0.0274941 0.0489551 0.343 2
0.0207311 0.0532706 0.342 2
0.0224704 0.052922 0.3436 2
0.0201055 0.0560735 0.344 2
0.0215992 0.055077 0.344 2
-0.0334739 0.059215 0.342 2
-0.0327313 0.059215 0.342 2
0.0170357 0.0587759 0.342333 2
0.0185576 0.0578977 0.343 2
-0.0336696 0.0610561 0.344 2
-0.0321759 0.0620526 0.344 2
0.0118207 0.0621872 0.342 2
0.013697 0.0619066 0.3425 2
0.0163408 0.0609378 0.343333 2
-0.0306821 0.0640457 0.344 2
-0.0287311 0.0642332 0.343 2
-0.0262597 0.0653861 0.3428 2
0.00885057 0.0651594 0.342 2
0.0107393 0.0646054 0.343 2
0.0126367 0.0640457 0.344 2
-0.02543 0.0669702 0.343667 2
-0.0225042 0.0681405 0.342667 2
0.00514363 0.068198 0.342333 2
0.00775454 0.0671642 0.34275 2
0.0096492 0.0670352 0.344 2
-0.0220931 0.0696511 0.344 2
-0.0197669 0.0693474 0.3425 2
-0.0168414 0.0706693 0.3435 2
-0.013818 0.0704636 0.3425 2
-0.0107312 0.0711889 0.343 2
-0.00715551 0.0718933 0.344 2
-0.00415367 0.0710742 0.34275 2
-0.000954963 0.0704932 0.343 2
0.00180338 0.0698212 0.343 2
0.00367419 0.0700248 0.344 2
-0.00976959 0.0726406 0.344 2
-0.00715551 0.0726406 0.344 2
-0.00528832 0.0726406 0.344 2
0.0261563 0.0503649 0.345 2
0.0285532 0.0494654 0.345 2
0.0239091 0.0522388 0.345 2
0.02546 0.0522479 0.345727 2
0.0276544 0.0511145 0.345 2
-0.0364946 0.0565248 0.346 2
0.0223714 0.0558275 0.346333 2
0.0244244 0.0544264 0.347 2
-0.0364946 0.0572765 0.346 2
-0.0350933 0.0589499 0.347 2
0.0179168 0.0593597 0.345 2
0.0196106 0.0585953 0.3458 2
0.0214109 0.0574421 0.347 2
-0.0350933 0.0604577 0.347 2
0.0149206 0.0623579 0.345 2
0.0168419 0.0619765 0.346 2
0.018451 0.0612927 0.3466 2
-0.0288987 0.0653562 0.345 2
0.011959 0.0655456 0.346 2
0.0138298 0.0643875 0.345833 2
0.0164836 0.0633514 0.346333 2
-0.0279529 0.0669852 0.345667 2
-0.025578 0.0684865 0.345667 2
0.00818778 0.0684205 0.345333 2
0.0108321 0.067425 0.346 2
0.0127102 0.0662974 0.346 2
-0.0245285 0.0698315 0.34675 2
-0.0222536 0.0709106 0.3465 2
-0.0195552 0.0710465 0.345333 2
-6.0364e-05 0.0713527 0.345 2
0.00181914 0.0715595 0.346 2
0.00494567 0.0707862 0.345889 2
0.00770708 0.070102 0.346222 2
0.0097053 0.0693043 0.346 2
-0.0188954 0.0728971 0.347 2
-0.0162243 0.0727396 0.34625 2
-0.013179 0.0725295 0.34525 2
-0.0102151 0.073923 0.3465 2
-0.00721791 0.074405 0.347 2
-0.00419002 0.0730115 0.34575 2
-0.00118741 0.0727396 0.34625 2
0.000692675 0.0728972 0.347 2
0.0260806 0.0539819 0.349 2
0.0250704 0.0554984 0.349 2
-0.0368111 0.0589105 0.349 2
0.0199615 0.0598758 0.348 2
0.022292 0.0581523 0.349 2
-0.0353968 0.062121 0.35 2
0.0200379 0.0616246 0.349333 2
-0.0337802 0.0634601 0.349 2
0.013917 0.0659245 0.348 2
0.0162323 0.0649765 0.349 2
0.0185033 0.0634601 0.349 2
-0.0307492 0.066493 0.349 2
-0.0286463 0.0681927 0.348 2
0.0129333 0.0675666 0.348667 2
0.0155168 0.0666836 0.35 2
-0.0257212 0.0707317 0.349333 2
-0.0234833 0.0715951 0.348 2
0.0102224 0.0701218 0.349 2
-0.0247581 0.0723868 0.35 2
-0.0218977 0.0732833 0.3492 2
-0.0196092 0.0740011 0.349 2
-0.0161075 0.0745206 0.3486 2
-0.0132832 0.0746194 0.348 2
-0.0113943 0.0746194 0.348 2
-0.00383869 0.0746194 0.348 2
-0.00142234 0.0745633 0.3488 2
0.00199292 0.0733903 0.348571 2
0.00449462 0.0734574 0.349667 2
0.0071487 0.0722834 0.3495 2
-0.0190414 0.0753567 0.349667 2
-0.0167312 0.075213 0.349 2
-0.0122197 0.0765691 0.35 2
-0.0103199 0.0765691 0.35 2
-0.00728031 0.0765691 0.35 2
-0.00462066 0.0765691 0.35 2
-0.000818855 0.0752848 0.349333 2
0.000698664 0.0754285 0.35 2
0.0279124 0.0534502 0.353 2
0.0263796 0.056518 0.353 2
-0.0390381 0.0594169 0.352 2
-0.0384554 0.0582876 0.351333 2
0.0231819 0.0592481 0.351 2
0.024706 0.0577229 0.351 2
-0.0390381 0.0609464 0.352 2
-0.0373146 0.061489 0.3516 2
0.0216577 0.0607733 0.351 2
-0.039149 0.0641873 0.353 2
-0.0372329 0.0641873 0.353 2
-0.0353169 0.0641873 0.353 2
-0.032542 0.0655351 0.352 2
0.0196991 0.0644496 0.352333 2
-0.0311016 0.0684056 0.353 2
0.0140369 0.0683993 0.351 2
0.0166717 0.0676386 0.353 2
0.0187154 0.0661047 0.353 2
-0.0283852 0.0703058 0.351 2
0.0109886 0.0710684 0.351 2
0.0125128 0.0699245 0.351 2
0.0156498 0.0691725 0.353 2
-0.0256992 0.0732878 0.3525 2
-0.0229236 0.0741188 0.351 2
-0.0206374 0.0748814 0.351 2
0.00184377 0.0748814 0.351 2
0.0064345 0.0739476 0.352 2
0.00964618 0.0727516 0.353 2
-0.0219917 0.0756757 0.352333 2
-0.0194094 0.076937 0.352429 2
-0.0164819 0.076952 0.35175 2
-0.0137787 0.0767879 0.351 2
-0.00310971 0.0767879 0.351 2
-0.00120457 0.0768426 0.35125 2
0.00185008 0.0765157 0.3522 2
0.00453317 0.0756201 0.352667 2
-0.0123244 0.0787593 0.353 2
-0.0104084 0.0787593 0.353 2
-0.00734272 0.0787593 0.353 2
-0.00427706 0.0787593 0.353 2
-0.00236101 0.0787593 0.353 2
0.0281496 0.0558381 0.356 2
0.0261261 0.0589173 0.35475 2
0.0281496 0.057385 0.356 2
-0.0393708 0.0626228 0.355 2
-0.0386 0.0626228 0.355 2
0.0228676 0.0616773 0.354 2
0.0257231 0.060224 0.3545 2
-0.0393708 0.0633941 0.355 2
-0.0373928 0.0644585 0.3545 2
-0.0346484 0.0655229 0.354 2
0.0204204 0.0658931 0.356 2
0.0219251 0.0642271 0.355333 2
-0.0362878 0.066866 0.355 2
-0.0343364 0.0673966 0.35475 2
-0.0324949 0.0681489 0.355667 2
0.0173286 0.0689869 0.356 2
0.0193898 0.06744 0.356 2
-0.0301217 0.0714926 0.355 2
-0.0293509 0.0714926 0.355 2
0.0136564 0.0709742 0.354333 2
0.0173286 0.0697604 0.356 2
-0.0277565 0.0734123 0.354333 2
-0.0262679 0.0745779 0.355 2
0.00800823 0.0743677 0.354 2
0.0111452 0.073241 0.356 2
-0.0251825 0.0763348 0.356 2
-0.0227992 0.0765414 0.354143 2
-0.0208138 0.0774442 0.354 2
0.00391374 0.0773886 0.354333 2
0.00647106 0.0759059 0.354 2
-0.0224141 0.0780486 0.355 2
-0.0193681 0.0793543 0.355667 2
-0.0165991 0.0790382 0.35425 2
-0.013665 0.0795179 0.354667 2
-0.0104755 0.0804191 0.35525 2
-0.00738432 0.0803625 0.355 2
-0.00430129 0.0803625 0.355 2
-0.00098632 0.0796024 0.3547 2
0.00136901 0.0793394 0.354857 2
0.00392654 0.0789686 0.355667 2
-0.0132021 0.0813623 0.356 2
-0.0104755 0.0811909 0.35525 2
-0.00738432 0.0811338 0.355 2
-0.00430129 0.0811338 0.355 2
-0.00122001 0.0813052 0.35575 2
0.000710641 0.0813623 0.356 2
0.029556 0.0531887 0.359 2
0.0303355 0.0531887 0.359 2
0.0295011 0.0554248 0.358333 2
0.0302792 0.0554248 0.358333 2
0.0235782 0.0629756 0.357 2
0.0252691 0.0621585 0.359 2
0.0235782 0.0637513 0.357 2
-0.0346512 0.0693745 0.358 2
-0.0316302 0.0711282 0.359 2
0.0166509 0.071319 0.358 2
-0.0309608 0.0730674 0.358 2
-0.028935 0.0740285 0.357 2
0.00962627 0.0746102 0.357 2
0.0142769 0.0722832 0.357 2
0.0159158 0.0726882 0.359 2
-0.0281424 0.0764728 0.358 2
-0.0255141 0.0773344 0.3574 2
-0.0233155 0.0777127 0.357 2
0.00755936 0.076937 0.357 2
0.00966223 0.0764473 0.358333 2
-0.0273433 0.078538 0.359 2
-0.0251882 0.0790253 0.358429 2
-0.0227152 0.0797088 0.358 2
-0.0209902 0.0796518 0.357 2
-0.0163396 0.0808152 0.357 2
-0.0147894 0.0808152 0.357 2
0.00187529 0.0808152 0.357 2
0.00497569 0.0796518 0.357 2
0.0071787 0.0791521 0.3586 2
-0.0218872 0.081658 0.359 2
-0.0194944 0.0814305 0.358 2
-0.0166805 0.0824492 0.358273 2
-0.013799 0.0828826 0.358111 2
-0.0105345 0.0828122 0.35725 2
-0.00742592 0.0827543 0.357 2
-0.00433379 0.0829282 0.35775 2
-0.00122854 0.0829861 0.358 2
0.00158775 0.0826373 0.35775 2
0.00422173 0.0823811 0.35875 2
-0.0133133 0.0847779 0.359 2
-0.0105787 0.0847188 0.35875 2
-0.00744672 0.0845417 0.358 2
-0.00434591 0.0847188 0.35875 2
-0.00123198 0.0847779 0.359 2
0.00149607 0.0847779 0.359 2
0.00344468 0.0847779 0.359 2
0.0290521 0.0588119 0.36 2
0.03042 0.0572476 0.36 2
0.0265855 0.0625048 0.361 2
0.0273693 0.0625048 0.361 2
0.0233854 0.0654602 0.36 2
0.0249956 0.0645357 0.360667 2
-0.0367989 0.0689799 0.36 2
0.020259 0.0685888 0.36 2
0.0222455 0.0675087 0.3605 2
0.0243013 0.0673968 0.362 2
-0.0365429 0.0708069 0.361333 2
-0.0336724 0.0709353 0.36 2
-0.0328908 0.0709353 0.36 2
0.0191573 0.0708062 0.361333 2
-0.0341551 0.0734913 0.3618 2
-0.0321984 0.0737467 0.361 2
0.0136731 0.0743725 0.3615 2
0.0172277 0.0732956 0.362 2
0.0187996 0.0727713 0.362 2
-0.0311762 0.0761243 0.3605 2
-0.0297643 0.0764104 0.36 2
0.0113017 0.0766226 0.361 2
0.0129049 0.0760484 0.362 2
-0.0282011 0.0792782 0.36 2
-0.0258563 0.0803211 0.36 2
0.00814397 0.0803211 0.36 2
0.00973413 0.0797599 0.361 2
-0.024293 0.0818854 0.36 2
-0.022339 0.0830587 0.36 2
-0.0192125 0.0834498 0.36 2
0.007368 0.0827245 0.36025 2
0.0105471 0.0823403 0.362 2
-0.0188217 0.0850141 0.36 2
-0.0164769 0.0850141 0.36 2
-0.0149137 0.085014 0.36 2
-0.00944236 0.0865784 0.36 2
-0.00748833 0.0865783 0.36 2
-0.00553429 0.0865784 0.36 2
0.0285256 0.0615139 0.36325 2
0.0262747 0.0651743 0.3632 2
0.0280707 0.0648263 0.364286 2
-0.0383931 0.0677692 0.364 2
0.0228139 0.0688292 0.363333 2
0.0258441 0.0674954 0.3638 2
0.027992 0.066583 0.364 2
-0.0384986 0.0703345 0.365 2
-0.0351352 0.0715264 0.363 2
0.0204278 0.0707377 0.363 2
0.02258 0.0706451 0.364182 2
0.025683 0.0697158 0.364875 2
0.016503 0.074355 0.363333 2
0.0196294 0.0738269 0.364625 2
0.0213328 0.07311 0.365 2
0.0141428 0.0769566 0.3635 2
0.0164694 0.0764 0.364182 2
0.0189499 0.0762591 0.364889 2
0.0113644 0.0798075 0.363 2
0.0137671 0.0796319 0.364 2
0.0161818 0.0794542 0.365 2
0.0113644 0.0813848 0.363 2
0.0137665 0.081609 0.364 2
-0.0390015 0.0693344 0.366 2
-0.0382068 0.0693344 0.366 2
0.0250996 0.0714549 0.366 2
0.0205966 0.0749007 0.366 2
0.0225832 0.0734097 0.366 2
0.0205966 0.0756959 0.366 2
0.0213913 0.0756959 0.366 2
0.0174181 0.0784791 0.366 2
0.0182127 0.0784791 0.366 2
