-0.0123387 -0.036819 0.236 2
-0.0106207 -0.0368492 0.236 2
-0.00875195 -0.0370753 0.236 2
-0.0123387 -0.0357935 0.236 2
-0.0108015 -0.0357935 0.236 2
-0.0218358 -0.0396238 0.239 2
-0.0192016 -0.0398005 0.2385 2
-0.0163188 -0.039458 0.238 2
-0.0133045 -0.0396303 0.238 2
-0.0108192 -0.0396057 0.238 2
-0.00754849 -0.0395409 0.2385 2
-0.00445251 -0.0396238 0.239 2
-0.00159853 -0.0396238 0.239 2
-0.021732 -0.0381698 0.239 2
-0.0194559 -0.0374579 0.238444 2
-0.0163269 -0.0374065 0.238111 2
-0.0135604 -0.0375601 0.237 2
-0.010491 -0.0381237 0.237 2
-0.00738371 -0.0375315 0.237483 2
-0.00450015 -0.0374645 0.237727 2
-0.0012606 -0.0374645 0.237727 2
0.0015131 -0.0374739 0.238533 2
0.00436887 -0.0375467 0.239 2
0.0069634 -0.0370274 0.239 2
-0.018463 -0.0354697 0.239 2
-0.0161118 -0.0351729 0.23875 2
-0.0134773 -0.0346981 0.238 2
-0.0106335 -0.0345383 0.237969 2
-0.00757525 -0.0347857 0.238143 2
-0.00436879 -0.0347244 0.238273 2
-0.00159451 -0.0349647 0.238518 2
0.0015149 -0.03521 0.239 2
0.00436888 -0.03521 0.239 2
0.0069634 -0.0354697 0.239 2
-0.0124955 -0.0326137 0.239 2
-0.0119766 -0.0326137 0.239 2
-0.0276268 -0.0424871 0.242 2
-0.0254563 -0.04237 0.241333 2
-0.0225418 -0.0423115 0.241 2
-0.019664 -0.0423115 0.241 2
-0.0165459 -0.04237 0.241333 2
-0.0139659 -0.0424871 0.242 2
0.0115169 -0.0424871 0.242 2
0.0125677 -0.0424871 0.242 2
-0.0276268 -0.0409098 0.242 2
-0.025415 -0.0404701 0.240944 2
-0.0226939 -0.0406874 0.240238 2
-0.0199151 -0.0412419 0.240429 2
-0.0164859 -0.0411702 0.240444 2
-0.013889 -0.0412087 0.240667 2
-0.0104884 -0.0409345 0.2406 2
-0.00762925 -0.0410025 0.241 2
-0.00448977 -0.0410025 0.241 2
-0.00116339 -0.0408292 0.240857 2
0.00152441 -0.040396 0.2405 2
0.00440921 -0.0405087 0.241167 2
0.00755118 -0.0402527 0.2412 2
0.0107138 -0.0402848 0.241097 2
0.0133536 -0.0405127 0.24176 2
0.0151948 -0.0401211 0.242 2
-0.0249599 -0.0378651 0.241474 2
-0.0227737 -0.037064 0.240286 2
0.00810913 -0.037741 0.24 2
0.010637 -0.0373344 0.240743 2
0.0131487 -0.037829 0.241882 2
-0.0242116 -0.035652 0.242 2
-0.0220521 -0.034698 0.241364 2
-0.0197084 -0.0344391 0.240667 2
-0.0166643 -0.0339494 0.24 2
-0.0138505 -0.0332716 0.24 2
-0.0104635 -0.0332716 0.24 2
-0.0075976 -0.0332716 0.24 2
-0.00447114 -0.0332716 0.24 2
-0.000953889 -0.0336742 0.240083 2
0.00152335 -0.0338392 0.240333 2
0.00439325 -0.0338392 0.240333 2
0.00774436 -0.0342684 0.240667 2
0.0102725 -0.034585 0.241739 2
0.0120423 -0.0351262 0.242 2
-0.0210591 -0.0324973 0.242 2
-0.0192299 -0.0323769 0.241818 2
-0.0165573 -0.0318996 0.241467 2
-0.0133786 -0.031559 0.240875 2
-0.0104983 -0.0315491 0.2408 2
-0.0076187 -0.0315314 0.240667 2
-0.00448356 -0.0315314 0.240667 2
-0.00142213 -0.0317183 0.241182 2
0.00153011 -0.0318909 0.2414 2
0.00441576 -0.0319087 0.241533 2
0.0070411 -0.0324518 0.241667 2
-0.0129151 -0.0298684 0.242 2
-0.0102505 -0.0296431 0.242 2
-0.00766091 -0.0293426 0.242 2
-0.00490246 -0.029474 0.242 2
-0.00214402 -0.0298684 0.242 2
-0.030363 -0.045143 0.245 2
-0.0285012 -0.045143 0.245 2
-0.0255756 -0.045143 0.245 2
-0.0191924 -0.045143 0.245 2
-0.0165328 -0.045143 0.245 2
-0.014671 -0.045143 0.245 2
0.00181889 -0.045143 0.245 2
-0.0313284 -0.0432764 0.244619 2
-0.0287115 -0.0435466 0.243909 2
-0.0256144 -0.0437946 0.243588 2
-0.0225113 -0.0440741 0.2435 2
-0.0195884 -0.0439404 0.243706 2
-0.0166237 -0.0437946 0.243588 2
-0.0134405 -0.0435074 0.244111 2
-0.0103794 -0.0431345 0.244167 2
-0.00745672 -0.0430876 0.2439 2
-0.00453634 -0.0430161 0.2435 2
-0.00136429 -0.0430161 0.2435 2
0.00158933 -0.0432818 0.24375 2
0.00446405 -0.0431346 0.244167 2
0.00791263 -0.0428829 0.24425 2
0.0104348 -0.0431641 0.244 2
0.0137251 -0.0432611 0.243889 2
0.0162232 -0.0430814 0.244625 2
0.0193726 -0.0427477 0.245 2
0.0217663 -0.0427477 0.245 2
-0.031048 -0.0409796 0.244333 2
-0.0289698 -0.0403819 0.243222 2
0.01473 -0.0407269 0.243 2
0.0167707 -0.0404895 0.243452 2
0.0195829 -0.0405014 0.2443 2
0.0216333 -0.0414169 0.245 2
-0.030363 -0.0384892 0.245 2
-0.0283648 -0.0377622 0.244074 2
-0.0261782 -0.0372132 0.243188 2
0.0141314 -0.0371298 0.243071 2
0.016375 -0.0375725 0.2439 2
0.0186634 -0.0381344 0.245 2
-0.0271344 -0.0355125 0.244667 2
-0.0254119 -0.034778 0.24444 2
-0.0231794 -0.0338728 0.243462 2
0.0111258 -0.0335759 0.243286 2
0.0135133 -0.0346197 0.244064 2
0.0157893 -0.0352533 0.244545 2
-0.0248309 -0.0325807 0.245 2
-0.0224269 -0.0316839 0.244429 2
-0.0196681 -0.03093 0.243667 2
-0.0166616 -0.0305197 0.243 2
-0.0145512 -0.0305197 0.243 2
-0.000570108 -0.0305197 0.243 2
0.00154025 -0.0305197 0.243 2
0.004442 -0.0305197 0.243 2
0.00786134 -0.0311266 0.243308 2
0.0104809 -0.0315242 0.244071 2
0.0125781 -0.0323345 0.24475 2
-0.0188887 -0.0288354 0.244889 2
-0.0165284 -0.0285987 0.244278 2
-0.0136105 -0.0283608 0.244053 2
-0.0105099 -0.0283299 0.243385 2
-0.00743896 -0.0279175 0.243333 2
-0.00433384 -0.0282381 0.24325 2
-0.00129194 -0.0286075 0.243485 2
0.00154342 -0.0287293 0.2435 2
0.00446156 -0.0285276 0.244048 2
0.0075752 -0.0289543 0.244538 2
0.0103298 -0.0294401 0.245 2
-0.0125432 -0.0262464 0.245 2
-0.0104014 -0.0264757 0.244667 2
-0.00747972 -0.0264757 0.244667 2
-0.00446531 -0.0260136 0.244786 2
-0.00137158 -0.0259582 0.2448 2
0.00139944 -0.0261061 0.244762 2
0.00341469 -0.0262464 0.245 2
-0.00704318 -0.0491981 0.248 2
-0.00462018 -0.0491981 0.248 2
-0.00138574 -0.0490328 0.247167 2
0.00136953 -0.0490138 0.24775 2
-0.0342922 -0.0460543 0.247857 2
-0.031517 -0.0460692 0.24675 2
-0.0284658 -0.0463165 0.247 2
-0.0255163 -0.0463165 0.247 2
-0.022152 -0.0466971 0.246875 2
-0.01972 -0.0464436 0.246857 2
-0.0163996 -0.0463165 0.247 2
-0.0133135 -0.0465967 0.247182 2
-0.0105192 -0.0465494 0.247462 2
-0.00757001 -0.0466994 0.2476 2
-0.0046022 -0.0465863 0.247 2
-0.00138231 -0.0465105 0.2466 2
0.00151507 -0.0467634 0.246857 2
0.00432382 -0.0463276 0.247182 2
0.00731754 -0.0461223 0.247615 2
0.0104062 -0.0454808 0.246833 2
0.0136396 -0.0459997 0.247143 2
0.0161207 -0.0461081 0.247538 2
0.0196736 -0.0454548 0.247667 2
0.0226814 -0.0454359 0.247889 2
0.0244559 -0.0454264 0.248 2
-0.0340112 -0.0434626 0.246727 2
-0.0318222 -0.0447928 0.246 2
-0.0131285 -0.0447928 0.246 2
-0.0104708 -0.0448535 0.246333 2
-0.00753402 -0.0448656 0.2464 2
-0.00458292 -0.0447928 0.246 2
-0.0013783 -0.0447928 0.246 2
0.000491061 -0.0447928 0.246 2
0.00450438 -0.0448535 0.246333 2
0.00728169 -0.0443695 0.246385 2
0.0104062 -0.0449446 0.246833 2
0.0135765 -0.0447928 0.246 2
0.0169006 -0.0445174 0.246444 2
0.0194139 -0.0441878 0.2462 2
0.0226365 -0.0436194 0.246294 2
0.0244164 -0.0434707 0.2476 2
-0.0339315 -0.0414777 0.24775 2
-0.0320374 -0.0398818 0.246625 2
0.0225548 -0.0402717 0.246783 2
0.0244559 -0.0419241 0.248 2
-0.031092 -0.0377579 0.247625 2
-0.0291517 -0.0365084 0.246 2
0.0198627 -0.0373208 0.246667 2
0.021854 -0.0381847 0.247714 2
-0.0304656 -0.0357277 0.248 2
-0.0284316 -0.0346099 0.247083 2
-0.0265883 -0.0336807 0.246167 2
0.0146035 -0.033382 0.2462 2
0.0167522 -0.034286 0.24675 2
0.018867 -0.0353204 0.247667 2
-0.0278983 -0.0320765 0.247778 2
-0.0256221 -0.0312683 0.246536 2
-0.0232766 -0.0306293 0.246 2
0.0117072 -0.0306293 0.246 2
0.0136632 -0.0312896 0.246913 2
0.0156395 -0.0322835 0.247857 2
-0.0247184 -0.0292677 0.2476 2
-0.0223565 -0.0287065 0.247214 2
-0.0200362 -0.0281329 0.246375 2
0.0074344 -0.0274224 0.246 2
0.0106205 -0.0281114 0.246583 2
0.0129483 -0.0290189 0.247375 2
-0.021312 -0.0265678 0.248 2
-0.0192498 -0.0255828 0.247308 2
-0.016534 -0.0252673 0.2465 2
-0.0137342 -0.0252462 0.246333 2
-0.0104793 -0.0247993 0.2465 2
-0.00759004 -0.0248338 0.246421 2
-0.00491673 -0.0246833 0.246 2
-0.0013783 -0.0244829 0.246 2
0.00199975 -0.024713 0.246364 2
0.00464516 -0.0252259 0.24675 2
0.00733865 -0.0256799 0.24725 2
0.0100015 -0.0263703 0.247833 2
-0.0160173 -0.0231553 0.248 2
-0.0135045 -0.0227961 0.248 2
-0.0105431 -0.0227961 0.248 2
-0.0074736 -0.0227616 0.247636 2
-0.00460362 -0.0227123 0.247111 2
-0.00145885 -0.0228489 0.247273 2
0.00149954 -0.0229218 0.247478 2
0.00399495 -0.0233349 0.248 2
-0.00650474 -0.0209102 0.248 2
-0.00462018 -0.0209102 0.248 2
-0.00219717 -0.0209102 0.248 2
-0.0172101 -0.0514292 0.251 2
-0.0138848 -0.0514959 0.25 2
-0.0116668 -0.0512899 0.249 2
0.00238921 -0.0512899 0.249 2
0.00455922 -0.0513586 0.249333 2
0.00778313 -0.0514459 0.25075 2
0.00922038 -0.0514292 0.251 2
-0.0362837 -0.0487025 0.251 2
-0.0342394 -0.0485085 0.25 2
-0.0313883 -0.0485517 0.250091 2
-0.0283698 -0.0487474 0.25 2
-0.0254045 -0.0488938 0.250412 2
-0.022363 -0.0490217 0.249933 2
-0.0194409 -0.0494906 0.250308 2
-0.0165066 -0.049281 0.250071 2
-0.0136542 -0.0495424 0.249435 2
-0.0106628 -0.0493964 0.249 2
-0.00842313 -0.0493964 0.249 2
0.00238921 -0.0502079 0.249 2
0.00461927 -0.0495116 0.249176 2
0.00750274 -0.0494888 0.250222 2
0.0100295 -0.0490118 0.250786 2
0.0135571 -0.0483527 0.2506 2
0.016565 -0.0487185 0.2508 2
0.0195746 -0.0484299 0.251 2
0.0225719 -0.0484299 0.251 2
0.0255692 -0.0484299 0.251 2
0.027204 -0.0484299 0.251 2
-0.0395534 -0.0465212 0.251 2
-0.0372455 -0.0466404 0.250333 2
-0.034942 -0.0469999 0.2492 2
-0.0313993 -0.047503 0.249 2
-0.0284259 -0.047503 0.249 2
-0.0254525 -0.047503 0.249 2
-0.0232901 -0.047503 0.249 2
-0.0192355 -0.047503 0.249 2
-0.0165324 -0.047503 0.249 2
-0.0146402 -0.047503 0.249 2
-0.0105856 -0.047503 0.249 2
0.00509229 -0.047503 0.249 2
0.00784787 -0.0473529 0.249429 2
0.0105201 -0.0470574 0.2495 2
0.0132238 -0.0474892 0.250143 2
0.0169447 -0.0473692 0.25 2
0.0194706 -0.0470892 0.249667 2
0.022452 -0.0470892 0.249667 2
0.025627 -0.0467731 0.250048 2
0.0277201 -0.0463809 0.250733 2
-0.0363107 -0.0433888 0.25025 2
-0.035796 -0.0440738 0.2495 2
0.0259532 -0.0435226 0.249444 2
0.0273542 -0.0439107 0.2505 2
-0.0345118 -0.0403611 0.25 2
0.0234732 -0.0393882 0.249 2
0.0251079 -0.0406089 0.2502 2
-0.0335613 -0.0377859 0.250333 2
-0.0321088 -0.0370089 0.249545 2
0.0204999 -0.0361422 0.249 2
0.0227239 -0.0373488 0.249667 2
-0.0332864 -0.0358872 0.251 2
-0.0313374 -0.0344695 0.250143 2
-0.0295072 -0.0337078 0.249 2
0.0175265 -0.0334373 0.249 2
0.0197403 -0.0340453 0.2493 2
0.0218282 -0.0347489 0.250444 2
-0.0304254 -0.0316609 0.251 2
-0.0288686 -0.0313414 0.24955 2
-0.0265338 -0.0301913 0.249 2
0.0166967 -0.0313084 0.249286 2
0.0192717 -0.0317532 0.250273 2
0.0212095 -0.0323425 0.251 2
-0.0277275 -0.028936 0.250385 2
-0.0257248 -0.0280339 0.249727 2
-0.0235919 -0.0275225 0.249333 2
0.0139984 -0.0279974 0.249429 2
0.0164756 -0.028537 0.250412 2
0.0187571 -0.0298885 0.251 2
-0.0272919 -0.0266165 0.251 2
-0.0248872 -0.025929 0.250846 2
-0.0224182 -0.0254757 0.249692 2
-0.0203167 -0.0245109 0.249 2
0.00806568 -0.0245109 0.249 2
0.0107351 -0.0251667 0.24925 2
0.0134695 -0.0255972 0.25 2
0.0157599 -0.0262075 0.251 2
-0.0218208 -0.0227756 0.25075 2
-0.0195639 -0.0224108 0.249733 2
-0.0169255 -0.0220494 0.249286 2
-0.013559 -0.0215355 0.249 2
-0.0105856 -0.0215355 0.249 2
-0.00788251 -0.0215355 0.249 2
-0.000584184 -0.0215355 0.249 2
0.00157828 -0.0215355 0.249 2
0.0047172 -0.0220873 0.249571 2
0.00756407 -0.0224587 0.250267 2
0.0103386 -0.0229418 0.250583 2
0.0130351 -0.0236172 0.251 2
-0.0192909 -0.0198514 0.250889 2
-0.0163954 -0.0196807 0.2502 2
-0.0135624 -0.0196778 0.250032 2
-0.0105928 -0.0197645 0.250086 2
-0.00761528 -0.0196027 0.249667 2
-0.00459614 -0.0194268 0.249241 2
-0.00132513 -0.0195715 0.249697 2
0.00158577 -0.019724 0.250067 2
0.00450225 -0.0196825 0.250846 2
0.00676807 -0.0203451 0.251 2
-0.0163927 -0.0178911 0.251 2
-0.0133954 -0.0178911 0.251 2
-0.0100348 -0.0175276 0.251 2
-0.00719773 -0.017085 0.250818 2
-0.00449455 -0.0168561 0.250783 2
-0.00181411 -0.0174762 0.250917 2
0.00159096 -0.0178911 0.251 2
0.00349832 -0.0178911 0.251 2
-0.0212761 -0.0548031 0.254 2
-0.0201732 -0.0548031 0.254 2
-0.0397505 -0.0514921 0.254 2
-0.0373607 -0.0514921 0.254 2
-0.034995 -0.0513907 0.2535 2
-0.0281695 -0.0514921 0.254 2
-0.0255442 -0.0512713 0.25325 2
-0.0220197 -0.0525049 0.253467 2
-0.0196209 -0.0522995 0.252682 2
-0.0163172 -0.0524527 0.252294 2
-0.0148166 -0.0521816 0.252 2
0.0107202 -0.0521905 0.252778 2
0.0126394 -0.05163 0.254 2
-0.0396107 -0.0494167 0.252857 2
-0.0376823 -0.0495454 0.252667 2
-0.0345133 -0.0499915 0.252 2
-0.0315874 -0.0501238 0.252667 2
-0.0284949 -0.0502653 0.252 2
-0.0255516 -0.0503983 0.252667 2
-0.02275 -0.0505391 0.252 2
0.0109515 -0.0499792 0.252167 2
0.0134603 -0.0499048 0.253143 2
0.0162106 -0.0495095 0.252333 2
0.0194559 -0.0496403 0.253 2
0.0224771 -0.0496403 0.253 2
0.0254462 -0.0495422 0.2525 2
0.0285273 -0.0489477 0.252733 2
0.0308993 -0.0488861 0.254 2
-0.0397111 -0.0475278 0.252 2
-0.038265 -0.0462764 0.252 2
0.0292969 -0.0465421 0.2526 2
0.0308079 -0.0467544 0.25375 2
-0.0369754 -0.0434215 0.252 2
0.0267653 -0.0420527 0.252 2
0.0285645 -0.0436111 0.252824 2
-0.036621 -0.0403463 0.253333 2
-0.0353339 -0.039589 0.252 2
0.0263333 -0.0400368 0.253111 2
0.0277733 -0.0413731 0.2532 2
-0.0367174 -0.0385235 0.254 2
-0.0350636 -0.0373563 0.2532 2
0.0248565 -0.0374672 0.252667 2
-0.0336487 -0.0344238 0.253143 2
-0.0324616 -0.0342508 0.252 2
0.0230419 -0.0342272 0.252167 2
0.0245591 -0.0344637 0.253429 2
-0.0315584 -0.0314279 0.252952 2
-0.0295891 -0.0300076 0.252 2
0.0203365 -0.0305551 0.252 2
0.022418 -0.0315714 0.252833 2
0.024588 -0.0322692 0.254 2
-0.0306512 -0.029142 0.254 2
-0.0289634 -0.0282147 0.2525 2
0.0174641 -0.0272701 0.252 2
0.0195942 -0.028436 0.25264 2
0.0218555 -0.0291131 0.25375 2
-0.0281754 -0.0256281 0.253222 2
-0.0259202 -0.0250191 0.2525 2
0.0166113 -0.0250675 0.252636 2
0.018796 -0.0258157 0.253556 2
-0.0273423 -0.0236235 0.254 2
-0.0251317 -0.0226712 0.253182 2
-0.0231151 -0.0223156 0.252143 2
0.0108985 -0.0217403 0.252 2
0.0136763 -0.0223457 0.252769 2
0.0161458 -0.0227365 0.253529 2
0.0181541 -0.0236235 0.254 2
-0.0242613 -0.0199959 0.2535 2
-0.0224822 -0.0194797 0.252929 2
-0.0199049 -0.0188384 0.252 2
0.00515365 -0.0185099 0.252 2
0.00783188 -0.0192872 0.252333 2
0.0104072 -0.019432 0.253333 2
0.0127151 -0.0201934 0.253667 2
-0.0215519 -0.0169093 0.254 2
-0.019375 -0.0168728 0.252933 2
-0.016482 -0.0163422 0.25236 2
-0.0134595 -0.016332 0.2522 2
-0.0106058 -0.0161779 0.252238 2
-0.00774299 -0.0156942 0.252 2
-0.00410848 -0.0154595 0.252 2
-0.00120674 -0.0161146 0.252 2
0.00159849 -0.0163296 0.25216 2
0.00464403 -0.0165946 0.252667 2
0.00739733 -0.0168041 0.253429 2
0.00988205 -0.0172772 0.254 2
-0.0185187 -0.0147939 0.254 2
-0.0163975 -0.0138183 0.253476 2
-0.0135235 -0.0136565 0.2534 2
-0.0104976 -0.0136565 0.2534 2
-0.00739827 -0.0135443 0.25325 2
-0.00443868 -0.0133596 0.253 2
-0.00141752 -0.0133596 0.253 2
0.00156367 -0.013588 0.253308 2
0.00403587 -0.0139232 0.253529 2
0.00602175 -0.0147939 0.254 2
-0.00638638 -0.0114828 0.254 2
-0.00415542 -0.0110313 0.254 2
-0.00176779 -0.0112759 0.254 2
0.00050703 -0.0114828 0.254 2
-0.0405586 -0.0543671 0.2565 2
-0.0225553 -0.0544004 0.256 2
0.013019 -0.0541212 0.256 2
-0.0404525 -0.0531768 0.256 2
-0.0376817 -0.052707 0.255875 2
-0.0343258 -0.0527821 0.256429 2
-0.0315853 -0.0525251 0.256091 2
-0.0287421 -0.0529633 0.256667 2
-0.0255405 -0.0530095 0.256667 2
-0.0232964 -0.053288 0.256 2
0.0136989 -0.0526803 0.25575 2
0.0165685 -0.0521159 0.256286 2
0.0196097 -0.0514178 0.255 2
0.0229306 -0.0513604 0.25575 2
0.0248557 -0.0512857 0.256 2
0.0284123 -0.0521002 0.257 2
0.0315269 -0.0517952 0.256706 2
0.0333908 -0.0517545 0.256667 2
0.014627 -0.0508637 0.255 2
0.0162879 -0.0508637 0.255 2
0.0196097 -0.0508637 0.255 2
0.0218243 -0.0508637 0.255 2
0.0262535 -0.0508637 0.255 2
0.0287448 -0.050679 0.255 2
0.031907 -0.0500206 0.2555 2
0.0332174 -0.0498215 0.255333 2
0.0319769 -0.0464249 0.2565 2
-0.0394767 -0.0437992 0.2558 2
-0.0382866 -0.0437074 0.255267 2
0.0296333 -0.0429133 0.2555 2
0.0308631 -0.0441958 0.2565 2
-0.0393533 -0.0419993 0.255 2
-0.0381476 -0.0408425 0.255769 2
0.0280407 -0.040325 0.255429 2
-0.0374841 -0.0377939 0.256 2
0.026274 -0.0370413 0.2552 2
0.0275538 -0.0378315 0.2568 2
-0.0361727 -0.0352094 0.256 2
-0.0350158 -0.0344241 0.255667 2
0.0261191 -0.0342972 0.256 2
0.0272963 -0.0333948 0.257 2
-0.0339835 -0.0316258 0.25625 2
-0.0324327 -0.0303648 0.255 2
0.0234853 -0.0306418 0.255 2
0.0251222 -0.0314181 0.256067 2
-0.0318105 -0.0285086 0.256 2
0.0209938 -0.0273177 0.255 2
0.0228382 -0.028376 0.255667 2
0.0247854 -0.0294862 0.257 2
-0.0308936 -0.0257027 0.256538 2
-0.0293774 -0.02536 0.255444 2
0.019992 -0.0252098 0.255167 2
0.0217817 -0.0260087 0.256667 2
-0.0301762 -0.0239025 0.257 2
-0.0281855 -0.0224878 0.256048 2
-0.0263771 -0.0215278 0.255333 2
0.0172562 -0.0217976 0.255545 2
0.0192687 -0.0227435 0.256238 2
-0.0276653 -0.0205523 0.257 2
-0.0257043 -0.0194092 0.25575 2
-0.0238513 -0.0184533 0.255 2
0.0139072 -0.0192161 0.255333 2
0.0162669 -0.0197883 0.256263 2
0.0183686 -0.0205523 0.257 2
-0.0250074 -0.0167047 0.256714 2
-0.022805 -0.01638 0.255381 2
-0.0199758 -0.0154061 0.255 2
0.0080277 -0.0156522 0.255143 2
0.0106743 -0.0162874 0.255579 2
0.0132001 -0.0169547 0.256556 2
0.0150206 -0.0174813 0.257 2
-0.0243174 -0.0149686 0.257 2
-0.0218826 -0.0142461 0.256385 2
-0.0195111 -0.013461 0.255889 2
-0.0170383 -0.0124619 0.255222 2
-0.0136089 -0.012082 0.255 2
-0.0105638 -0.012082 0.255 2
-0.00807245 -0.012082 0.255 2
0.00189313 -0.012082 0.255 2
0.00481819 -0.0127826 0.255385 2
0.00732823 -0.0136445 0.255933 2
0.0102418 -0.0144959 0.256727 2
-0.0189983 -0.0111883 0.25675 2
-0.0165093 -0.0104333 0.25631 2
-0.0134563 -0.0105076 0.256154 2
-0.0106014 -0.0104541 0.25588 2
-0.00761053 -0.0103569 0.255429 2
-0.00471698 -0.0099162 0.255286 2
-0.00130495 -0.0101096 0.255455 2
0.00167004 -0.0104159 0.256083 2
0.00440761 -0.0110277 0.256267 2
0.00642293 -0.0112743 0.2568 2
-0.0103677 -0.00854735 0.257 2
-0.00735458 -0.00810065 0.257 2
-0.00450008 -0.00797235 0.2565 2
-0.00163764 -0.00838306 0.256857 2
0.000513019 -0.00854735 0.257 2
-0.0426652 -0.0580748 0.26 2
-0.0425558 -0.0562363 0.259333 2
-0.0402809 -0.0555462 0.258929 2
-0.0377213 -0.055039 0.259 2
-0.0343473 -0.0547565 0.259 2
-0.0315357 -0.0547566 0.259 2
-0.0284781 -0.054827 0.259333 2
-0.0254293 -0.0549257 0.2598 2
-0.0236631 -0.0547566 0.259 2
-0.0190905 -0.0545451 0.258 2
-0.0179702 -0.0548254 0.258 2
0.0141129 -0.0547384 0.25825 2
0.0160132 -0.0548625 0.2595 2
0.019712 -0.0541206 0.26 2
0.0225345 -0.0541206 0.26 2
0.025357 -0.0541206 0.26 2
0.027615 -0.0541206 0.26 2
0.0145189 -0.0537043 0.258 2
0.0168702 -0.0536242 0.258625 2
0.0195604 -0.0528635 0.258 2
0.0224478 -0.0530694 0.259 2
0.0255917 -0.0528104 0.258714 2
0.0286688 -0.053606 0.259333 2
0.0313471 -0.0534655 0.2582 2
0.0334132 -0.0536311 0.259 2
-0.0395362 -0.046137 0.258 2
0.0319136 -0.0430716 0.259375 2
0.0334132 -0.044065 0.259 2
-0.0395362 -0.0405316 0.258 2
0.029376 -0.0401756 0.2586 2
0.0314868 -0.0405792 0.259692 2
-0.0396895 -0.0384378 0.259 2
-0.0375847 -0.0363266 0.26 2
0.0288804 -0.0373463 0.259 2
0.0304375 -0.0385862 0.26 2
-0.0369128 -0.034255 0.25875 2
-0.0358952 -0.033805 0.258 2
0.0278678 -0.0347483 0.2592 2
-0.0364276 -0.0315 0.2598 2
-0.035055 -0.0310023 0.258 2
0.0263162 -0.0313223 0.258333 2
0.027478 -0.03187 0.259375 2
-0.0342259 -0.0286808 0.258875 2
-0.0325342 -0.0276391 0.258 2
0.0234814 -0.0276391 0.258 2
0.0252608 -0.0283711 0.259 2
-0.0332654 -0.0255267 0.259333 2
-0.0321873 -0.0251267 0.258583 2
0.0228837 -0.0250837 0.25875 2
0.0243931 -0.0257553 0.2595 2
-0.0312923 -0.0227376 0.25919 2
-0.0295099 -0.0220053 0.258143 2
0.0201403 -0.0216338 0.25825 2
0.0218866 -0.0228211 0.259 2
-0.0307536 -0.0199738 0.259857 2
-0.0287703 -0.019469 0.258739 2
0.0174771 -0.0189687 0.25825 2
0.0195249 -0.019699 0.259 2
0.0216877 -0.0207922 0.26 2
-0.0281881 -0.0166281 0.259667 2
-0.0262199 -0.0162618 0.258333 2
0.0135947 -0.0155038 0.258167 2
0.0163544 -0.0166686 0.259077 2
0.0185115 -0.0176173 0.259 2
-0.0271415 -0.014296 0.26 2
-0.0251738 -0.0136033 0.2592 2
-0.0227915 -0.013087 0.258118 2
-0.0207709 -0.0122241 0.258 2
0.00858127 -0.0125604 0.258 2
0.0107976 -0.0131053 0.258526 2
0.0132846 -0.0136244 0.2596 2
0.015196 -0.014296 0.26 2
-0.0246013 -0.011754 0.26 2
-0.0223992 -0.0107528 0.259238 2
-0.0199514 -0.010231 0.258471 2
0.00443611 -0.00970169 0.258 2
0.00774469 -0.010404 0.25848 2
0.0104968 -0.0107615 0.259429 2
0.0126557 -0.011754 0.26 2
-0.0214965 -0.00864712 0.26 2
-0.0192145 -0.00825944 0.259667 2
-0.0162773 -0.0075684 0.259071 2
-0.0135348 -0.00748197 0.258867 2
-0.0105258 -0.007034 0.258231 2
-0.0075139 -0.00652528 0.258 2
-0.0045264 -0.00633843 0.258 2
-0.00132028 -0.00685918 0.258455 2
0.00172036 -0.00739585 0.258643 2
0.00431757 -0.00777557 0.25925 2
0.00737026 -0.00848097 0.259857 2
0.009551 -0.00864712 0.26 2
-0.013029 -0.00525779 0.26 2
-0.0103426 -0.00473506 0.259546 2
-0.00736978 -0.00468279 0.2595 2
-0.00454856 -0.00467962 0.2593 2
-0.00165677 -0.0050935 0.259857 2
0.00164801 -0.00525779 0.26 2
-0.042301 -0.0590306 0.263 2
-0.0407949 -0.0580242 0.261889 2
-0.0374227 -0.0578511 0.262833 2
-0.0343068 -0.0578878 0.263 2
-0.0254561 -0.0570307 0.263 2
0.0167837 -0.0578328 0.26275 2
0.0191781 -0.0573164 0.263 2
0.0262206 -0.0570307 0.263 2
0.0279336 -0.0570307 0.263 2
-0.0371626 -0.0563135 0.261 2
-0.0346126 -0.0563135 0.261 2
-0.0314959 -0.0563135 0.261 2
-0.0284653 -0.0564861 0.2618 2
-0.0254561 -0.0564593 0.263 2
-0.0230839 -0.0565292 0.262 2
0.0135544 -0.0563135 0.261 2
0.0166192 -0.0562683 0.261667 2
0.0192156 -0.0557209 0.261875 2
0.0224234 -0.0553908 0.262 2
0.0256906 -0.0556048 0.262077 2
0.0284437 -0.0554353 0.2614 2
0.031736 -0.0552639 0.2614 2
0.0336713 -0.0551794 0.261 2
0.0336713 -0.0486582 0.261 2
0.0325378 -0.0455393 0.261 2
0.0337745 -0.0465313 0.2618 2
0.0314046 -0.0390181 0.261 2
-0.0394459 -0.0373172 0.263 2
-0.0388749 -0.0373172 0.263 2
0.0299879 -0.0370334 0.261 2
0.0312648 -0.0373569 0.261857 2
-0.0397585 -0.033976 0.2628 2
-0.0383015 -0.0341861 0.262 2
0.0292495 -0.0343263 0.262 2
0.0305032 -0.035603 0.263 2
-0.0377732 -0.0313298 0.262429 2
0.0282695 -0.0313093 0.261571 2
-0.0394459 -0.0287461 0.263 2
-0.0375018 -0.0288119 0.262625 2
-0.0352631 -0.0278111 0.2612 2
0.0263381 -0.0277115 0.261333 2
0.027578 -0.0295267 0.262333 2
-0.0360198 -0.0253177 0.263 2
-0.0347678 -0.0255404 0.261625 2
0.0257564 -0.0255874 0.262 2
-0.0339317 -0.022457 0.261867 2
-0.0325974 -0.0221362 0.2612 2
0.0233896 -0.022203 0.261667 2
0.024957 -0.0227493 0.262571 2
-0.0330891 -0.0198426 0.2624 2
-0.0317062 -0.0192603 0.261765 2
0.0202847 -0.0185328 0.261143 2
0.0222167 -0.0195874 0.262118 2
-0.0309211 -0.0166193 0.262125 2
-0.0292292 -0.0154851 0.261 2
0.0172377 -0.0154851 0.261 2
0.0192688 -0.0163701 0.262 2
0.0214081 -0.0172475 0.2628 2
-0.0285161 -0.0135781 0.262 2
-0.0263596 -0.012716 0.2612 2
0.014359 -0.012716 0.2612 2
0.0165563 -0.013481 0.262087 2
0.0185119 -0.0138895 0.263 2
-0.0277763 -0.0115377 0.2628 2
-0.0256178 -0.0106777 0.262 2
-0.0235625 -0.00981448 0.261 2
0.0115711 -0.00981448 0.261 2
0.0136908 -0.010471 0.26184 2
0.0160696 -0.0111829 0.262923 2
-0.0246759 -0.00781934 0.2626 2
-0.0225435 -0.00748761 0.261667 2
-0.0195774 -0.00674319 0.261286 2
-0.0176124 -0.00641213 0.261 2
0.00505437 -0.00641213 0.261 2
0.00745993 -0.00692711 0.261444 2
0.0106055 -0.00742039 0.261625 2
0.012951 -0.00771702 0.262714 2
-0.021459 -0.00531845 0.263 2
-0.0192194 -0.00488232 0.262625 2
-0.0164901 -0.0044885 0.261917 2
-0.0138502 -0.00416548 0.261474 2
-0.0108889 -0.00350752 0.261125 2
-0.00741238 -0.0032933 0.261 2
-0.00457903 -0.0032933 0.261 2
-0.00128667 -0.00382886 0.261312 2
0.00165646 -0.00386457 0.261333 2
0.00445848 -0.00449082 0.262 2
0.00718286 -0.00512462 0.262833 2
0.0099467 -0.00531845 0.263 2
-0.0163199 -0.00274713 0.263 2
-0.0133287 -0.00169365 0.2628 2
-0.0103582 -0.00164109 0.262192 2
-0.00744646 -0.00159726 0.2622 2
-0.00460008 -0.00159727 0.2622 2
-0.00147029 -0.00160044 0.262567 2
0.00166575 -0.00160223 0.2628 2
0.00394759 -0.00231596 0.26275 2
-0.0123228 0.000395605 0.263 2
-0.0103242 0.000395605 0.263 2
-0.00746918 0.000395605 0.263 2
-0.00461412 0.000395605 0.263 2
-0.00290108 0.000395605 0.263 2
-0.0430469 -0.0606559 0.264571 2
-0.0408333 -0.0608276 0.265143 2
-0.0378745 -0.0608598 0.266 2
-0.0395959 -0.0592551 0.264 2
-0.0373866 -0.0593898 0.2646 2
-0.0346186 -0.0595693 0.2654 2
-0.0315443 -0.0589785 0.265091 2
-0.028471 -0.058218 0.2645 2
-0.025399 -0.0584161 0.2654 2
-0.0234363 -0.0585482 0.266 2
0.0149129 -0.0589038 0.265 2
0.0164849 -0.0591146 0.2644 2
0.0194029 -0.0587266 0.264571 2
0.0224206 -0.0581146 0.265333 2
0.0251883 -0.058248 0.265538 2
0.0286741 -0.0583624 0.265714 2
0.0316379 -0.0581146 0.265333 2
0.0339709 -0.0581628 0.265556 2
0.022308 -0.056674 0.264 2
0.0246007 -0.056674 0.264 2
0.0294728 -0.056674 0.264 2
0.0314789 -0.056674 0.264 2
0.0338577 -0.0568171 0.264667 2
-0.0404557 -0.0360252 0.264 2
-0.0404557 -0.034878 0.264 2
0.0307931 -0.0342098 0.2655 2
-0.0393689 -0.0314854 0.2644 2
0.0292719 -0.0313797 0.264125 2
-0.0393093 -0.0297158 0.264 2
-0.037829 -0.0276473 0.264333 2
0.0285021 -0.0285797 0.264857 2
-0.0375718 -0.0260013 0.264875 2
0.0266069 -0.0248404 0.264 2
0.0278934 -0.0255398 0.265333 2
-0.0361568 -0.0236932 0.264 2
-0.0352457 -0.0225731 0.264333 2
0.0262957 -0.0224297 0.264571 2
0.0275303 -0.0225724 0.266 2
-0.0343372 -0.0195026 0.264923 2
-0.0327177 -0.0182442 0.264 2
0.023197 -0.0188408 0.264333 2
0.0247494 -0.0197214 0.265143 2
-0.0339468 -0.0169293 0.265455 2
-0.0323906 -0.0161684 0.264444 2
0.0205884 -0.0156631 0.264 2
0.0224195 -0.0165427 0.264875 2
0.0244984 -0.0178045 0.266 2
-0.0313123 -0.0136581 0.2652 2
-0.0296772 -0.0125558 0.265 2
0.0198576 -0.013622 0.26475 2
0.021735 -0.0143232 0.26575 2
-0.0300779 -0.0100025 0.266 2
-0.0287265 -0.0104053 0.264909 2
-0.0265559 -0.00949712 0.264 2
0.0148566 -0.00906694 0.264 2
0.0169516 -0.00996516 0.264588 2
0.0191117 -0.0110587 0.265375 2
-0.0276543 -0.00758914 0.265833 2
-0.0258551 -0.00711567 0.264571 2
0.0143448 -0.00717795 0.264308 2
0.0165024 -0.00755025 0.265429 2
-0.0251314 -0.00484081 0.265412 2
-0.0226216 -0.00432377 0.264667 2
-0.0199337 -0.00371634 0.264222 2
-0.0178149 -0.00333115 0.264 2
0.00568565 -0.00333115 0.264 2
0.00759053 -0.00386449 0.264308 2
0.0107171 -0.00420818 0.264238 2
0.013499 -0.00463466 0.26519 2
0.0155467 -0.00537913 0.266 2
-0.0243026 -0.00277847 0.266 2
-0.0221669 -0.00239086 0.265778 2
-0.0194624 -0.00178144 0.265238 2
-0.0167482 -0.00139341 0.264381 2
-0.0146624 -0.000750049 0.264 2
0.00481408 -0.0012742 0.264235 2
0.00727883 -0.00178243 0.265333 2
0.0101563 -0.00224098 0.265615 2
0.0126439 -0.00277499 0.265667 2
-0.0185274 0.000400118 0.266 2
-0.0164198 0.00144111 0.265308 2
-0.0135838 0.00162278 0.2642 2
-0.0103635 0.00211785 0.264 2
-0.00749758 0.00211785 0.264 2
-0.00464043 0.00212294 0.2645 2
-0.00139725 0.00161638 0.264529 2
0.00163414 0.0013295 0.264769 2
0.0043623 0.00106296 0.2654 2
0.00630625 0.000400118 0.266 2
-0.0160007 0.00365094 0.266 2
-0.0132904 0.00385603 0.2652 2
-0.0104224 0.00443832 0.2655 2
-0.00754018 0.00443832 0.2655 2
-0.00490832 0.00419375 0.265714 2
-0.00149036 0.00386766 0.266 2
0.00176854 0.00361998 0.266 2
0.00370738 0.00300078 0.266 2
-0.0424561 -0.0639119 0.2685 2
-0.040818 -0.0637519 0.26875 2
-0.0375716 -0.0634457 0.269 2
-0.0353815 -0.0630073 0.269 2
0.0347033 -0.0630073 0.269 2
-0.0431052 -0.0627731 0.268 2
-0.0404349 -0.0624042 0.267667 2
-0.0373444 -0.0621915 0.268 2
-0.0347132 -0.0613773 0.267714 2
-0.0315135 -0.061409 0.2684 2
-0.028594 -0.0611037 0.268333 2
-0.0260108 -0.0610247 0.268455 2
-0.0237007 -0.0603774 0.269 2
0.0162454 -0.060444 0.268 2
0.0206094 -0.060444 0.268 2
0.0230039 -0.0607589 0.268286 2
0.0256189 -0.0611788 0.268667 2
0.0284647 -0.060444 0.268 2
0.0319335 -0.0608624 0.2683 2
0.0342175 -0.0613747 0.268539 2
-0.0284519 -0.0596384 0.267 2
-0.0256291 -0.0598171 0.2678 2
-0.0223651 -0.0587683 0.267 2
0.0162454 -0.0598618 0.268 2
0.0206094 -0.0598618 0.268 2
0.022646 -0.0598618 0.268 2
0.0255553 -0.0598618 0.268 2
0.0284647 -0.0598618 0.268 2
0.0316443 -0.0598246 0.267833 2
0.0341554 -0.0596384 0.267 2
0.0323671 -0.0364152 0.269 2
0.0334105 -0.036571 0.268 2
0.0323316 -0.03413 0.2675 2
0.0334518 -0.0350108 0.26775 2
0.0313086 -0.0315959 0.268143 2
0.0292279 -0.0274431 0.267 2
0.0306326 -0.0285725 0.268455 2
-0.0375774 -0.0243433 0.268 2
0.0293155 -0.0254867 0.2678 2
-0.0372303 -0.0225916 0.268375 2
-0.035988 -0.0216421 0.267 2
0.0286894 -0.0226924 0.268143 2
-0.0365715 -0.019587 0.268444 2
-0.0356667 -0.0191614 0.2672 2
0.0261369 -0.019408 0.2674 2
0.0277644 -0.0202866 0.26825 2
-0.0361766 -0.0167976 0.2684 2
-0.0350419 -0.0161278 0.267818 2
0.0234603 -0.0155697 0.267333 2
0.0251315 -0.0166353 0.268125 2
-0.0336706 -0.0136936 0.268 2
-0.03222 -0.0123605 0.267 2
0.0208224 -0.0123606 0.267 2
0.0226734 -0.013238 0.267875 2
0.0247746 -0.0144986 0.269 2
-0.0315914 -0.0104195 0.267737 2
-0.0296113 -0.00916997 0.267 2
0.0201564 -0.00990675 0.267615 2
0.0219161 -0.0107795 0.268556 2
-0.0305696 -0.00779266 0.268143 2
-0.0291605 -0.00727076 0.267769 2
0.017634 -0.00655954 0.267 2
0.019527 -0.00751611 0.268143 2
0.0215624 -0.00865422 0.269 2
-0.0282392 -0.00468049 0.268333 2
-0.0261578 -0.00380724 0.26725 2
0.0141558 -0.00336901 0.267 2
0.0164998 -0.00451572 0.267818 2
0.0186422 -0.00505016 0.269 2
-0.027789 -0.0028098 0.269 2
-0.0255528 -0.00175151 0.2682 2
-0.0229049 -0.00119471 0.267375 2
-0.020626 -0.000758571 0.267 2
0.00835889 -0.000758571 0.267 2
0.0105883 -0.000952411 0.267167 2
0.0134073 -0.00147362 0.267818 2
0.0156151 -0.00183399 0.268833 2
-0.0245767 0.00040463 0.269 2
-0.022531 0.00114185 0.26881 2
-0.0196184 0.00136698 0.26732 2
0.00540244 0.0020839 0.267 2
0.0076034 0.00135083 0.267435 2
0.0102051 0.000738167 0.268714 2
0.0128018 0.00040463 0.269 2
-0.0216565 0.00303462 0.269 2
-0.018936 0.00392107 0.268412 2
-0.0164976 0.00503927 0.267579 2
-0.0133965 0.00533983 0.267333 2
-0.0105135 0.00593026 0.2678 2
-0.00758278 0.00591254 0.267 2
-0.0043681 0.00543792 0.267 2
-0.00149635 0.00533614 0.267167 2
0.00169449 0.00533983 0.267333 2
0.00462666 0.00453204 0.267815 2
0.00708474 0.00374823 0.268539 2
-0.0160412 0.00678133 0.268571 2
-0.0134633 0.00711761 0.268667 2
-0.0104047 0.00728578 0.268529 2
-0.00761686 0.0076894 0.2682 2
-0.0046957 0.00767222 0.26764 2
-0.00150116 0.00768728 0.268167 2
0.00156577 0.00729046 0.268706 2
0.00433323 0.00654127 0.269 2
-0.00676352 0.00975569 0.269 2
-0.00471938 0.00975569 0.269 2
-0.00238322 0.00975569 0.269 2
-0.0398205 -0.0667139 0.271 2
-0.0384335 -0.0666648 0.272 2
0.0336139 -0.0660739 0.272 2
-0.0402271 -0.0650419 0.270167 2
-0.0372738 -0.0645905 0.270733 2
-0.0346231 -0.0641709 0.271444 2
-0.0313474 -0.063796 0.271286 2
-0.0284257 -0.0640884 0.27125 2
-0.0255075 -0.063435 0.271667 2
0.0226887 -0.0634146 0.272 2
0.0251286 -0.0641654 0.271615 2
0.0281949 -0.0634758 0.271 2
0.0311336 -0.0633281 0.271 2
0.0338469 -0.0644794 0.2715 2
-0.0340888 -0.0627323 0.270333 2
-0.03182 -0.062887 0.271 2
-0.0284785 -0.062655 0.27 2
-0.025081 -0.0621102 0.2705 2
-0.0229437 -0.0617141 0.2718 2
0.019354 -0.061958 0.2708 2
0.0222288 -0.061775 0.27 2
0.025253 -0.062887 0.271 2
0.028545 -0.0622067 0.2706 2
0.0313736 -0.062127 0.27 2
0.0336599 -0.062655 0.27 2
0.0324875 -0.0306844 0.27 2
0.0321654 -0.0286975 0.270167 2
0.0330234 -0.0276615 0.272 2
-0.0399483 -0.0246372 0.27125 2
-0.0388089 -0.0248631 0.2705 2
0.0314317 -0.0254976 0.271 2
0.0332596 -0.0248249 0.272 2
-0.0398289 -0.0226352 0.270778 2
-0.0385474 -0.0218788 0.270429 2
0.0295929 -0.0216178 0.270333 2
0.0309564 -0.0223428 0.272 2
-0.039469 -0.0193167 0.271 2
-0.0381987 -0.0192692 0.270333 2
0.0269185 -0.0183655 0.27 2
0.0286582 -0.019232 0.271 2
0.0305135 -0.0201267 0.272 2
-0.0373994 -0.0164626 0.270727 2
-0.0358061 -0.0151392 0.27 2
0.0260713 -0.0157445 0.270333 2
0.0273627 -0.0166969 0.2715 2
-0.0367077 -0.0141384 0.271714 2
-0.035082 -0.0132695 0.270444 2
0.0236943 -0.0124994 0.27 2
0.0254644 -0.013513 0.271 2
-0.0342347 -0.0107422 0.271143 2
-0.0325819 -0.00927301 0.27 2
0.0229998 -0.01016 0.270909 2
0.0241295 -0.0105068 0.2716 2
-0.0335615 -0.00771656 0.272 2
-0.0320482 -0.00749601 0.27075 2
0.0221617 -0.00747979 0.271053 2
0.0241651 -0.00875074 0.272 2
-0.030829 -0.00474973 0.271333 2
-0.0295582 -0.00443975 0.2705 2
0.0175391 -0.00340686 0.27 2
0.019686 -0.00431223 0.270588 2
0.0215076 -0.00550046 0.272 2
-0.0304611 -0.00284114 0.272 2
-0.0283151 -0.00161596 0.270875 2
-0.0264267 -0.000767094 0.27 2
0.017018 -0.00146806 0.270308 2
0.0189446 -0.00210905 0.271385 2
-0.0276309 0.000704246 0.27175 2
-0.0254478 0.0014086 0.2708 2
-0.0232026 0.00245929 0.27 2
0.0108355 0.00198181 0.270273 2
0.0136506 0.00156851 0.270579 2
0.0162344 0.00108667 0.2712 2
0.0182596 0.000409143 0.272 2
-0.0248283 0.00350886 0.27175 2
-0.022472 0.00439378 0.270818 2
-0.0198178 0.00504417 0.2702 2
0.00581487 0.00597897 0.27 2
0.00785541 0.00496721 0.270267 2
0.0104488 0.00416153 0.271174 2
0.0132 0.0035489 0.271727 2
0.0156021 0.00306846 0.272 2
-0.0213075 0.00631874 0.272 2
-0.0194464 0.00692786 0.27125 2
-0.0166395 0.00812213 0.270778 2
-0.013541 0.00862513 0.2702 2
-0.0108921 0.00861874 0.27 2
0.0020045 0.00861874 0.27 2
0.00471056 0.00798316 0.270667 2
0.00753362 0.00747024 0.271304 2
0.00969653 0.00631874 0.272 2
-0.0159925 0.00986451 0.272 2
-0.0134773 0.0103737 0.271556 2
-0.0106544 0.0104337 0.2714 2
-0.00781362 0.0108311 0.271 2
-0.00474278 0.0112731 0.270333 2
-0.00129522 0.0109185 0.270625 2
0.00164394 0.0106257 0.271391 2
0.00438156 0.00986451 0.272 2
-0.00742951 0.0125238 0.272 2
-0.00422014 0.0130516 0.271615 2
-0.00152208 0.0130205 0.271786 2
0.00113351 0.0125238 0.272 2
-0.0391676 -0.0677996 0.273 2
-0.038008 -0.067352 0.274364 2
-0.0345308 -0.0665101 0.274889 2
-0.0316926 -0.0665038 0.275 2
-0.0285799 -0.0664571 0.2745 2
-0.0266175 -0.0665039 0.275 2
0.023536 -0.0665038 0.275 2
0.0246403 -0.0665597 0.274 2
-0.0363366 -0.0659644 0.274 2
-0.0339777 -0.06506 0.2732 2
-0.0317585 -0.064834 0.273 2
-0.0287949 -0.0657237 0.273 2
-0.025383 -0.064755 0.2735 2
-0.0226444 -0.0644537 0.2739 2
-0.0206469 -0.0647114 0.275 2
0.0166204 -0.0639275 0.2742 2
0.0197819 -0.06408 0.274 2
0.0223869 -0.0649529 0.274333 2
0.0256813 -0.0655179 0.274 2
0.0273172 -0.0650714 0.274 2
0.0321537 -0.0652298 0.274667 2
0.0332662 -0.0650714 0.274 2
-0.0218146 -0.0616478 0.274667 2
0.0165836 -0.0625987 0.2736 2
-0.0406494 -0.0274666 0.273 2
-0.0406494 -0.0259838 0.273 2
0.0331448 -0.0256872 0.273 2
0.0323502 -0.0224902 0.2738 2
0.0296968 -0.0186376 0.274 2
0.0315726 -0.019743 0.2735 2
0.028718 -0.0164855 0.273571 2
0.0309993 -0.0175106 0.275 2
-0.0374286 -0.0130814 0.274 2
0.0263285 -0.0126382 0.273 2
0.0279132 -0.0143216 0.274 2
-0.036634 -0.0108965 0.274 2
-0.035358 -0.00998062 0.273333 2
0.0257659 -0.0107333 0.274 2
-0.0344924 -0.00762273 0.274 2
0.0237046 -0.00731236 0.2735 2
0.0248973 -0.00786838 0.2742 2
-0.0333864 -0.00465047 0.2742 2
-0.032249 -0.0043186 0.273727 2
0.0225409 -0.00454435 0.273778 2
0.0244316 -0.00556112 0.275 2
-0.0334838 -0.00287247 0.275 2
-0.0313089 -0.00183086 0.274067 2
-0.0293876 -0.000775616 0.273 2
0.020031 -0.00117199 0.273333 2
0.0220236 -0.00242176 0.27475 2
-0.030797 0.000413656 0.275 2
-0.0289353 0.00158441 0.273824 2
-0.0267204 0.00248661 0.273 2
0.0173913 0.00213255 0.2732 2
0.0194547 0.00102848 0.2744 2
-0.0282013 0.00383196 0.274538 2
-0.0258706 0.00462551 0.273588 2
0.0118067 0.00515571 0.273 2
0.013854 0.00482217 0.273286 2
0.016308 0.00411751 0.2736 2
0.0183938 0.00309103 0.274 2
-0.0251943 0.00677901 0.274667 2
-0.0226507 0.00722128 0.273619 2
-0.0199572 0.00816814 0.273143 2
0.00854673 0.00841794 0.273 2
0.0108175 0.00742077 0.273667 2
0.013376 0.00691902 0.274412 2
-0.0218851 0.00942896 0.2748 2
-0.019595 0.0101686 0.274261 2
-0.0169164 0.0107597 0.273286 2
-0.013878 0.0116802 0.273 2
-0.0107168 0.0119767 0.273 2
-0.00893863 0.0119767 0.273 2
0.00261949 0.0119767 0.273 2
0.00489519 0.0108961 0.273167 2
0.00776261 0.0103915 0.273818 2
0.0103437 0.00998698 0.274882 2
0.0124903 0.00907709 0.275 2
-0.01652 0.0127945 0.274625 2
-0.0137092 0.0132894 0.274222 2
-0.0106726 0.0135554 0.274048 2
-0.00767223 0.0138334 0.273823 2
-0.00479476 0.0143627 0.27325 2
-0.00103564 0.0144481 0.273 2
0.00181393 0.0139374 0.273364 2
0.00451021 0.0130225 0.2744 2
0.00711668 0.0123633 0.275 2
-0.012885 0.0150519 0.275 2
-0.0104968 0.0150519 0.275 2
-0.00698901 0.015724 0.275 2
-0.00422758 0.015948 0.275 2
-0.00123773 0.01589 0.274 2
0.00174268 0.0159364 0.2748 2
0.00383282 0.0150519 0.275 2
-0.037284 -0.0699684 0.277187 2
-0.0353581 -0.0693434 0.278 2
-0.0368014 -0.0681141 0.276857 2
-0.0346229 -0.0681329 0.277286 2
-0.0311881 -0.0681578 0.277 2
-0.0283747 -0.0683389 0.2776 2
-0.0251846 -0.0676855 0.277111 2
-0.0223006 -0.0675915 0.277 2
-0.0193555 -0.0671003 0.277286 2
-0.0172507 -0.0663234 0.278 2
0.014109 -0.0662041 0.2775 2
0.016188 -0.0671254 0.277909 2
0.0194671 -0.0672294 0.278 2
0.0219008 -0.0669876 0.277 2
0.0322429 -0.0672294 0.278 2
0.0334501 -0.0672294 0.278 2
-0.0210216 -0.0634476 0.276 2
-0.0191058 -0.0643987 0.276956 2
-0.0172507 -0.0657194 0.278 2
0.0142532 -0.0645929 0.277375 2
0.0168698 -0.0655393 0.276111 2
0.0194269 -0.0655464 0.276 2
0.0290148 -0.0655464 0.276 2
0.0308124 -0.0655464 0.276 2
-0.0210724 -0.0614945 0.276667 2
-0.020149 -0.0618557 0.2772 2
0.0144373 -0.0623974 0.278 2
0.0150409 -0.0623974 0.278 2
-0.0211739 -0.0596794 0.278 2
-0.0205704 -0.0596794 0.278 2
0.0320109 -0.0187737 0.276 2
0.0299136 -0.016375 0.276 2
0.0317361 -0.0164541 0.276222 2
-0.0392107 -0.0134506 0.2775 2
0.0286853 -0.0132078 0.276667 2
0.0306781 -0.0145038 0.2775 2
-0.0379154 -0.0106934 0.2764 2
0.0266178 -0.00947907 0.276 2
0.0279372 -0.0107239 0.2772 2
-0.0366749 -0.00794803 0.277 2
-0.0354674 -0.00739258 0.2765 2
0.0260758 -0.00745587 0.2766 2
0.0273817 -0.00792747 0.277667 2
-0.0362634 -0.0047158 0.278 2
-0.0349063 -0.00469486 0.2768 2
0.0239212 -0.00438205 0.276 2
0.0251765 -0.00465133 0.277167 2
-0.0362634 -0.00290381 0.278 2
-0.0340578 -0.0018509 0.277067 2
-0.0321075 -0.000784143 0.276 2
0.0226507 -0.00118486 0.276333 2
0.0243671 -0.00229633 0.277667 2
-0.0335473 0.000418168 0.278 2
-0.0317162 0.00154325 0.2765 2
0.0202612 0.00200256 0.276286 2
0.0222595 0.000952009 0.277692 2
-0.0309034 0.00392488 0.276833 2
-0.0289882 0.00491726 0.27625 2
0.0174956 0.00491726 0.27625 2
0.019233 0.00399658 0.276727 2
0.0210767 0.00313615 0.278 2
-0.0302276 0.00645813 0.278 2
-0.0281256 0.00713327 0.2772 2
-0.0256368 0.00811753 0.276222 2
-0.0234186 0.00851044 0.276 2
0.0143467 0.00806841 0.27625 2
0.016418 0.00720216 0.276889 2
0.0183605 0.00645813 0.278 2
-0.0275115 0.00917611 0.278 2
-0.0251829 0.00992941 0.277176 2
-0.0225512 0.0106855 0.276588 2
0.0114979 0.0109192 0.27625 2
0.0135228 0.0102518 0.277111 2
0.0154936 0.00962911 0.278 2
-0.0218524 0.0128858 0.277667 2
-0.0193623 0.0134104 0.276478 2
-0.0165791 0.0142575 0.276143 2
-0.0141304 0.014507 0.276 2
0.00558455 0.0141472 0.276 2
0.00793717 0.0136027 0.276211 2
0.0104143 0.0132289 0.277111 2
0.0123248 0.0124981 0.278 2
-0.0190156 0.0156953 0.277727 2
-0.0161974 0.0163037 0.277261 2
-0.0133537 0.0165197 0.276818 2
-0.0102539 0.0166369 0.2765 2
-0.00749596 0.0168627 0.276 2
-0.00424295 0.0172054 0.276 2
-0.00124677 0.0172054 0.276 2
0.00174942 0.0172054 0.276 2
0.00483499 0.0164478 0.276609 2
0.0074619 0.0159515 0.277467 2
0.00945774 0.0156691 0.278 2
-0.0131262 0.0187393 0.278 2
-0.0102951 0.0191154 0.2776 2
-0.00720147 0.01931 0.277565 2
-0.00434574 0.01931 0.277565 2
-0.00125354 0.0191087 0.2775 2
0.00175893 0.0191087 0.2775 2
0.00447821 0.018538 0.278 2
-0.00668802 0.021256 0.278 2
-0.00487728 0.021256 0.278 2
-0.0366967 -0.0720175 0.279 2
-0.0350455 -0.0729711 0.280333 2
-0.0366967 -0.0714113 0.279 2
-0.0346134 -0.070705 0.279588 2
-0.0316976 -0.0705355 0.280333 2
-0.0286814 -0.0699919 0.2806 2
-0.0256379 -0.0702967 0.2806 2
-0.0225891 -0.0702967 0.2806 2
-0.0195722 -0.0703969 0.281 2
-0.0172884 -0.0699338 0.280714 2
0.0106275 -0.0694812 0.281 2
0.0133625 -0.0694317 0.2808 2
0.0163775 -0.0692834 0.2802 2
0.0194738 -0.0694812 0.281 2
0.0223209 -0.0694812 0.281 2
0.0243546 -0.0694812 0.281 2
0.0293878 -0.0696338 0.281 2
0.0315554 -0.0700643 0.280714 2
-0.0339709 -0.0689866 0.279 2
-0.0327594 -0.0689866 0.279 2
-0.01913 -0.0686835 0.279 2
-0.0163803 -0.0675358 0.280263 2
-0.0143863 -0.0673444 0.281 2
0.0106275 -0.0676496 0.281 2
0.0131274 -0.0676723 0.279895 2
0.0163775 -0.0686746 0.2802 2
0.0192776 -0.0682486 0.280111 2
0.0225186 -0.0687637 0.279857 2
0.025912 -0.0677511 0.2794 2
0.0286713 -0.067943 0.280077 2
0.0311598 -0.0679736 0.279364 2
0.0335703 -0.0683805 0.279 2
-0.0165557 -0.0645327 0.280261 2
-0.0143864 -0.0655129 0.281 2
0.0112375 -0.0655129 0.281 2
0.0128628 -0.06411 0.279875 2
-0.0190496 -0.0615569 0.2795 2
-0.0173632 -0.0623545 0.2808 2
0.01325 -0.0619537 0.280286 2
0.015095 -0.0614095 0.279 2
-0.0197357 -0.0598941 0.279 2
-0.0395639 -0.016004 0.28 2
-0.038956 -0.0166124 0.28 2
-0.0404758 -0.0132682 0.28 2
0.0293301 -0.0120068 0.279 2
0.0314104 -0.0130365 0.28 2
-0.0401655 -0.0100442 0.280667 2
-0.038514 -0.00958211 0.279 2
0.0294563 -0.0102299 0.2802 2
0.0310656 -0.0110244 0.281 2
-0.0390951 -0.00690348 0.281 2
-0.0381514 -0.00762989 0.279667 2
0.0286261 -0.00769004 0.28 2
-0.0390951 -0.00568245 0.281 2
-0.0375888 -0.00490054 0.28 2
0.0263991 -0.00439452 0.279571 2
0.0277467 -0.00516118 0.280333 2
-0.0366658 -0.00163421 0.2805 2
-0.0351824 -0.00119678 0.279 2
0.0255195 -0.0015451 0.279933 2
0.027405 -0.00293515 0.281 2
-0.0344847 0.00142059 0.28 2
0.0229906 0.00208891 0.27925 2
0.0246158 0.00103244 0.2805 2
-0.0338691 0.00377675 0.280667 2
-0.0320914 0.00487121 0.279333 2
0.0201108 0.00497066 0.27925 2
0.0223396 0.00425783 0.2802 2
-0.0311391 0.00736961 0.280273 2
-0.0294098 0.00825158 0.2794 2
0.0172151 0.00860295 0.279 2
0.0194215 0.0075245 0.280222 2
0.0213041 0.00652782 0.281 2
-0.0305538 0.00927513 0.281 2
-0.028331 0.0102956 0.279933 2
-0.0258406 0.011351 0.2795 2
0.0144892 0.0113307 0.279 2
0.016567 0.0106652 0.2798 2
0.0188472 0.00972478 0.28075 2
-0.025334 0.0131626 0.280412 2
-0.0229662 0.0139423 0.279462 2
0.0111576 0.0146646 0.279 2
0.0134383 0.0136135 0.2798 2
0.0156473 0.012927 0.28075 2
-0.0244529 0.0159908 0.281 2
-0.0223888 0.0162826 0.280474 2
-0.0197133 0.0170638 0.279286 2
-0.0176156 0.0173924 0.279 2
0.00783602 0.0174132 0.279333 2
0.0104953 0.0167505 0.2799 2
0.0127517 0.0158245 0.28075 2
-0.0192612 0.0192712 0.280647 2
-0.0164568 0.0195772 0.27988 2
-0.0135768 0.0201897 0.279308 2
-0.0103466 0.0207263 0.279 2
-0.00822645 0.0207263 0.279 2
-0.00338045 0.0207263 0.279 2
-0.00126032 0.0207263 0.279 2
0.00177228 0.020756 0.2794 2
0.00450883 0.020181 0.279833 2
0.00717152 0.0194381 0.280273 2
0.0095598 0.0190434 0.281 2
-0.018352 0.0214854 0.281 2
-0.0161026 0.0218754 0.280778 2
-0.0133059 0.0222391 0.280529 2
-0.0103911 0.022644 0.2802 2
-0.00741235 0.0227484 0.279455 2
-0.00421346 0.0227484 0.279455 2
-0.00126325 0.0226178 0.27988 2
0.00145637 0.0224884 0.280263 2
0.00397466 0.0220196 0.2808 2
0.00635681 0.0214854 0.281 2
-0.00737029 0.0248432 0.281 2
-0.00431982 0.0248432 0.281 2
-0.0015744 0.0248432 0.281 2
-0.0335362 -0.0755094 0.283 2
-0.0334888 -0.073562 0.2826 2
-0.0319724 -0.0733253 0.283667 2
-0.0196359 -0.0723884 0.283889 2
-0.0166981 -0.0723825 0.284 2
-0.0129984 -0.0723825 0.284 2
-0.010532 -0.0723825 0.284 2
0.0079662 -0.0723825 0.284 2
0.0104326 -0.0723825 0.284 2
0.0283582 -0.07322 0.284 2
-0.0301569 -0.0715128 0.283 2
-0.0284501 -0.071547 0.283 2
-0.0252414 -0.0718203 0.283 2
-0.0224764 -0.0718203 0.283 2
-0.0209403 -0.0718203 0.283 2
-0.0158567 -0.0702074 0.2822 2
-0.0135431 -0.07016 0.2825 2
-0.0104764 -0.07016 0.2825 2
-0.00741904 -0.0702589 0.2829 2
-0.00435825 -0.0704084 0.2835 2
-0.00128065 -0.0704084 0.2835 2
0.00135791 -0.0703378 0.283571 2
0.00426656 -0.0699144 0.284 2
0.0073168 -0.0702343 0.2828 2
0.0101684 -0.0705267 0.282333 2
0.0134681 -0.0708979 0.283 2
0.0165402 -0.070898 0.283 2
0.0196687 -0.0710984 0.2838 2
0.0227015 -0.0709481 0.2832 2
0.0256985 -0.0701179 0.282857 2
0.0285092 -0.0706987 0.282706 2
0.0305639 -0.0712602 0.282 2
-0.0129069 -0.0672777 0.282 2
-0.0104605 -0.0672964 0.28208 2
-0.0074189 -0.0674869 0.28288 2
-0.00435364 -0.0675631 0.2832 2
-0.00127901 -0.067535 0.28308 2
0.00148657 -0.0675162 0.283 2
0.00425153 -0.0675162 0.283 2
0.00730904 -0.0673919 0.28248 2
0.00939703 -0.0669276 0.282 2
-0.0156621 -0.0636016 0.282 2
-0.0134639 -0.0642251 0.282522 2
-0.0105017 -0.0644859 0.2832 2
-0.00763794 -0.0649131 0.283789 2
-0.00471829 -0.0656393 0.284 2
-0.000945933 -0.0653356 0.283727 2
0.00149008 -0.0652094 0.283667 2
0.00437053 -0.0646997 0.283783 2
0.00733648 -0.064559 0.28352 2
0.0102071 -0.0643651 0.282667 2
-0.0184173 -0.0608445 0.282 2
-0.0164029 -0.0614761 0.282917 2
-0.0138793 -0.0621575 0.284 2
-0.0111486 -0.0625101 0.284 2
0.0108482 -0.0618043 0.2836 2
0.0125169 -0.0606089 0.282333 2
-0.0184173 -0.0599254 0.282 2
-0.0161796 -0.059525 0.2836 2
-0.0401291 -0.012222 0.284 2
-0.0401291 -0.0109879 0.284 2
0.0317243 -0.00979834 0.282333 2
-0.040295 -0.00756748 0.283 2
0.0296051 -0.00674851 0.2822 2
0.0315561 -0.00748862 0.283471 2
0.0288073 -0.00438718 0.282778 2
0.0301286 -0.0048112 0.283667 2
-0.0379041 -0.00142031 0.2835 2
0.026938 -0.00141529 0.2825 2
0.0281739 -0.0019737 0.2832 2
-0.0365826 0.0013492 0.2828 2
-0.0352546 0.00256859 0.282 2
0.0258292 0.00155243 0.282667 2
0.0273893 0.000427193 0.284 2
-0.0367378 0.00320384 0.284 2
-0.0350119 0.00468417 0.282857 2
0.0235229 0.00532568 0.282 2
0.0253195 0.00419534 0.28325 2
-0.0336605 0.0068759 0.28275 2
-0.032269 0.00769378 0.282667 2
0.0207922 0.00809305 0.282333 2
0.022715 0.00746843 0.283 2
0.0249229 0.00659752 0.284 2
-0.0310227 0.0104946 0.283286 2
-0.0291319 0.0114526 0.282 2
0.0197497 0.0108421 0.2826 2
0.0218864 0.00973777 0.2838 2
-0.0284866 0.0135869 0.283105 2
-0.0263026 0.0143046 0.282143 2
0.014645 0.0148223 0.282 2
0.0168777 0.0139154 0.282588 2
0.0191459 0.0131642 0.283667 2
-0.0274727 0.0161524 0.283833 2
-0.0254859 0.0168599 0.283056 2
-0.0230092 0.0175794 0.282 2
0.0136752 0.0169972 0.2825 2
0.0164775 0.0163486 0.283667 2
-0.0271804 0.0180126 0.284 2
-0.0251936 0.0188353 0.284 2
-0.0224775 0.0194874 0.283 2
-0.020152 0.0203365 0.282 2
0.0079101 0.0209492 0.282 2
0.0107482 0.0197457 0.282308 2
0.0134321 0.01938 0.283579 2
0.0157355 0.0183828 0.284 2
-0.0216309 0.0218176 0.284 2
-0.0196399 0.0223263 0.283 2
-0.0169311 0.0229213 0.282273 2
-0.0138253 0.0233999 0.282 2
0.00239972 0.0233999 0.282 2
0.00464875 0.0230099 0.282222 2
0.00741809 0.0226373 0.282667 2
0.0103785 0.0222196 0.283273 2
0.0125908 0.0214063 0.284 2
-0.0189048 0.0245361 0.2838 2
-0.0165532 0.0252798 0.283348 2
-0.013615 0.0253726 0.282917 2
-0.0104696 0.0255722 0.2823 2
-0.00739652 0.0261571 0.282 2
-0.00433519 0.0261571 0.282 2
-0.00107355 0.0260301 0.282833 2
0.00153982 0.0255192 0.282706 2
0.0040813 0.025183 0.283333 2
0.00715224 0.0247263 0.283692 2
0.00981601 0.0241829 0.284 2
-0.0123818 0.0275766 0.284 2
-0.0102581 0.0279014 0.283714 2
-0.00757143 0.0280711 0.283444 2
-0.00435541 0.0275183 0.2834 2
-0.00159121 0.0275766 0.284 2
-0.0330756 -0.0768884 0.287 2
-0.031887 -0.0761454 0.286714 2
-0.02996 -0.0753296 0.287 2
-0.012469 -0.0750671 0.286 2
-0.0118481 -0.0750671 0.286 2
0.00867347 -0.0753296 0.287 2
0.00929659 -0.0753296 0.287 2
0.0233168 -0.0753296 0.287 2
0.0252573 -0.0757628 0.286462 2
0.0272717 -0.0750671 0.286 2
-0.0308278 -0.0740221 0.2858 2
-0.0287171 -0.0735753 0.285909 2
-0.0254568 -0.0733594 0.2854 2
-0.0225238 -0.0734911 0.285778 2
-0.0192995 -0.0738244 0.286 2
-0.0165052 -0.0738244 0.286 2
-0.0139388 -0.0734117 0.2856 2
-0.0106062 -0.0741351 0.286 2
-0.00750143 -0.0735158 0.286 2
-0.00439669 -0.0735158 0.286 2
-0.00129194 -0.0735158 0.286 2
0.0015034 -0.0735477 0.286125 2
0.00430412 -0.0736433 0.2865 2
0.00712445 -0.0736701 0.285571 2
0.0102898 -0.0738415 0.285667 2
0.0135633 -0.0726374 0.285 2
0.0166105 -0.0730867 0.285714 2
0.0193029 -0.0727887 0.286 2
0.0226469 -0.073499 0.286667 2
0.0253859 -0.0734505 0.28575 2
0.0272002 -0.0733217 0.28525 2
0.00242525 -0.071399 0.285 2
0.00428158 -0.071399 0.285 2
0.0262482 -0.0717086 0.285 2
0.0271764 -0.0717086 0.285 2
-0.00964092 -0.0630398 0.285 2
-0.00714425 -0.0636068 0.285273 2
-0.00428163 -0.064323 0.285565 2
-0.00148647 -0.0641136 0.285579 2
0.00149812 -0.0637143 0.28525 2
0.00392799 -0.0633052 0.285 2
0.00737547 -0.0630398 0.285 2
0.0092318 -0.0630398 0.285 2
-0.0132781 -0.0608886 0.285286 2
-0.010516 -0.0611966 0.285864 2
-0.0077333 -0.0617314 0.28655 2
-0.00441009 -0.0625249 0.2869 2
-0.00129575 -0.0624811 0.2867 2
0.00169199 -0.061815 0.2866 2
0.00429599 -0.0613953 0.286 2
0.00739039 -0.0613099 0.2856 2
0.00965585 -0.0608395 0.285333 2
-0.0139182 -0.0590707 0.285385 2
-0.010635 -0.0590761 0.2868 2
-0.00846234 -0.0591173 0.287 2
0.00244227 -0.0597408 0.287 2
0.00430432 -0.0596576 0.2866 2
0.00740135 -0.0595327 0.286 2
0.00988515 -0.0595327 0.286 2
0.0318172 -0.00607295 0.285 2
-0.0393883 -0.00421954 0.285333 2
0.0296515 -0.00359613 0.285 2
0.0317926 -0.00447849 0.285588 2
-0.0395907 -0.00174863 0.2868 2
0.0292852 -0.00132794 0.285444 2
0.0314794 -0.00218385 0.286059 2
-0.0382651 0.00136409 0.2862 2
0.0282931 0.00145103 0.286 2
-0.0372716 0.00447315 0.2862 2
0.0262482 0.00538234 0.285 2
0.0276594 0.00448252 0.2868 2
-0.0361281 0.00727914 0.2865 2
-0.0347567 0.00791276 0.285909 2
-0.0328451 0.00878796 0.285 2
0.0234637 0.00878796 0.285 2
0.0256942 0.00773968 0.285933 2
-0.0337158 0.0106356 0.286556 2
-0.0324117 0.0109445 0.285857 2
0.0209886 0.0115744 0.285 2
0.0227752 0.010961 0.285667 2
0.0247146 0.0103616 0.286455 2
-0.0314371 0.0134914 0.28625 2
-0.0294418 0.01498 0.285 2
0.0196479 0.0143608 0.285 2
0.0218379 0.0133034 0.286667 2
-0.0308947 0.0160205 0.287 2
-0.0289557 0.016686 0.285429 2
0.0175853 0.0174568 0.285 2
0.0195803 0.0164141 0.286 2
-0.0285105 0.0192725 0.2862 2
-0.0256416 0.0200486 0.285167 2
0.0148008 0.0202432 0.285 2
0.0168002 0.0194984 0.285667 2
0.0190041 0.0190008 0.2868 2
-0.0274675 0.0216324 0.287 2
-0.0253065 0.0219672 0.286714 2
-0.0227374 0.0227499 0.285588 2
-0.0204695 0.0236489 0.285 2
0.0113975 0.0236489 0.285 2
0.0137265 0.0225986 0.2858 2
0.0159816 0.0219253 0.28675 2
-0.0219686 0.025166 0.286538 2
-0.019774 0.0258567 0.285667 2
-0.0179944 0.0264353 0.285 2
0.00520975 0.0264353 0.285 2
0.00758677 0.0262444 0.285167 2
0.010585 0.0257505 0.285818 2
0.0130021 0.0248406 0.28625 2
-0.0212363 0.0278679 0.287 2
-0.0190815 0.0281965 0.286714 2
-0.0165202 0.0284186 0.28625 2
-0.0138223 0.0284068 0.285444 2
-0.010831 0.0293255 0.2854 2
-0.00712474 0.0295905 0.285143 2
-0.00452816 0.0291506 0.285231 2
-0.00108493 0.0287902 0.285833 2
0.00149971 0.0283436 0.2855 2
0.00429919 0.0284036 0.2861 2
0.00741429 0.0284429 0.2865 2
0.00975583 0.0281554 0.28675 2
-0.0131357 0.0303621 0.287 2
-0.010544 0.0311333 0.286714 2
-0.00746401 0.0313357 0.286 2
-0.00455181 0.030985 0.286769 2
-0.00129646 0.0303621 0.287 2
0.00150759 0.0303621 0.287 2
0.00368851 0.0303621 0.287 2
-0.0072161 0.0331681 0.287 2
-0.031112 -0.0790486 0.289857 2
-0.0286541 -0.0786823 0.29 2
-0.025362 -0.0785743 0.29 2
-0.0227176 -0.0789523 0.29 2
-0.0198842 -0.0783223 0.29 2
0.0200975 -0.0783222 0.29 2
0.0217906 -0.0783442 0.2895 2
-0.0311915 -0.0768784 0.2886 2
-0.0283754 -0.0765282 0.289 2
-0.0255492 -0.0763332 0.288615 2
-0.0226131 -0.0763949 0.288667 2
-0.0195244 -0.0765721 0.289333 2
-0.0163835 -0.0765721 0.289333 2
-0.0136226 -0.0765162 0.288909 2
-0.0106381 -0.0766041 0.289286 2
-0.00758012 -0.0758545 0.289 2
-0.0044428 -0.0758545 0.289 2
-0.00130549 -0.0758545 0.289 2
0.00151809 -0.0758545 0.289 2
0.00434167 -0.0758545 0.289 2
0.00748007 -0.0763271 0.289 2
0.01095 -0.0756712 0.2895 2
0.0134864 -0.0758019 0.29 2
0.0164342 -0.0762458 0.289556 2
0.0194272 -0.0762747 0.2894 2
0.0222729 -0.0765402 0.288625 2
-0.0285011 -0.0749663 0.288 2
-0.0256873 -0.0749663 0.288 2
-0.0225609 -0.0749663 0.288 2
-0.0194344 -0.0749663 0.288 2
-0.016308 -0.0749663 0.288 2
-0.0138068 -0.0749663 0.288 2
0.013706 -0.0743406 0.288 2
0.0196016 -0.0741618 0.288 2
0.0216785 -0.074497 0.288 2
-0.00667848 -0.0609501 0.288 2
-0.00442743 -0.0612004 0.288 2
-0.00130097 -0.0612004 0.288 2
0.000950075 -0.0609501 0.288 2
-0.0069286 -0.0593233 0.288 2
-0.00442743 -0.0593233 0.288 2
-0.00130097 -0.0593233 0.288 2
0.00120019 -0.0593233 0.288 2
-0.041007 -0.00613687 0.288 2
-0.041007 -0.00425971 0.288 2
-0.041007 -0.00144396 0.288 2
0.0315268 -0.000818236 0.288 2
-0.0405575 0.00106516 0.28925 2
0.0291265 0.00263235 0.289 2
0.0303813 0.000434714 0.289 2
-0.039088 0.00547676 0.29 2
-0.03849 0.00461728 0.288667 2
0.0291668 0.00452185 0.2894 2
-0.037266 0.00751448 0.288889 2
-0.035692 0.00888046 0.288 2
0.0265245 0.00888046 0.288 2
0.0285011 0.00734156 0.289 2
-0.0364854 0.0101803 0.289333 2
-0.0351486 0.010574 0.288667 2
0.0262925 0.0105828 0.288889 2
0.0270235 0.0114624 0.29 2
-0.0341589 0.0132169 0.289 2
0.0232623 0.0138986 0.28825 2
0.0251298 0.012976 0.289273 2
0.0270235 0.0120925 0.29 2
-0.0337362 0.0155578 0.29 2
-0.0321191 0.0166375 0.288667 2
0.022139 0.0162946 0.288778 2
-0.0311405 0.0195305 0.288857 2
-0.0294391 0.0204563 0.288 2
0.0198782 0.0200629 0.288333 2
0.0216467 0.0190021 0.289667 2
-0.0307193 0.0221547 0.28975 2
-0.0287072 0.0224792 0.288714 2
-0.0259555 0.0233513 0.2882 2
0.0149566 0.0238978 0.288 2
0.0167971 0.0230173 0.288364 2
0.0192046 0.022005 0.289167 2
-0.0280694 0.0243788 0.29 2
-0.025399 0.0254422 0.289286 2
-0.0232066 0.0259543 0.28825 2
0.0138558 0.0257953 0.288222 2
0.0159472 0.0255128 0.289385 2
-0.0249213 0.0272141 0.29 2
-0.0226577 0.0282938 0.289222 2
-0.0200597 0.0292165 0.288 2
0.011114 0.0288331 0.288333 2
0.0133007 0.0281785 0.289375 2
0.0153753 0.0272141 0.29 2
-0.0214583 0.0306794 0.29 2
-0.0193857 0.031169 0.289333 2
-0.0163533 0.0314959 0.2888 2
-0.0136523 0.0318649 0.2885 2
-0.0110436 0.0324059 0.288143 2
-0.00776232 0.0326579 0.288 2
-0.00401326 0.032266 0.288222 2
-0.00130248 0.03207 0.288333 2
0.00151459 0.03207 0.288333 2
0.00453191 0.0317559 0.288474 2
0.00742257 0.0314472 0.288833 2
0.0103999 0.0310991 0.2895 2
-0.0160615 0.0337848 0.29 2
-0.0133532 0.0341651 0.289786 2
-0.010496 0.0342872 0.289 2
-0.00761777 0.0344603 0.289111 2
-0.00444644 0.034378 0.2893 2
-0.00130888 0.034431 0.28975 2
0.00152203 0.034431 0.28975 2
0.0042733 0.0341875 0.289687 2
0.00719005 0.0335148 0.29 2
-0.0104397 0.036035 0.29 2
-0.00760635 0.036035 0.29 2
-0.00445818 0.036035 0.29 2
-0.00131001 0.036035 0.29 2
0.00152334 0.036035 0.29 2
0.00309743 0.036035 0.29 2
-0.0184364 -0.0814001 0.292 2
-0.0165789 -0.0816231 0.2928 2
-0.0133646 -0.0814001 0.292 2
-0.0105117 -0.0814001 0.292 2
-0.00800311 -0.0816788 0.293 2
-0.0278503 -0.0798568 0.291 2
-0.0259549 -0.0798568 0.291 2
-0.0194368 -0.0796918 0.291167 2
-0.0165284 -0.0794698 0.2919 2
-0.0133238 -0.079252 0.2911 2
-0.0104926 -0.0793607 0.2915 2
-0.00767324 -0.0796602 0.2926 2
-0.00529948 -0.0794508 0.293 2
-0.000528376 -0.0794508 0.293 2
0.0015391 -0.0797691 0.293 2
0.00416321 -0.0796099 0.293 2
0.0075825 -0.0791325 0.293 2
0.0104452 -0.0791325 0.293 2
0.0135285 -0.0795086 0.292625 2
0.0161585 -0.0791689 0.291375 2
0.0185873 -0.0785923 0.291 2
-0.00763257 -0.0773278 0.291 2
-0.00448498 -0.0775404 0.2918 2
-0.00131764 -0.0774341 0.2914 2
0.00152859 -0.0773278 0.291 2
0.00437172 -0.0773278 0.291 2
0.00732014 -0.0773278 0.291 2
0.01072 -0.0775404 0.2918 2
0.0135669 -0.0775272 0.29175 2
0.0151124 -0.0773278 0.291 2
-0.0403086 0.00265967 0.292 2
0.0314538 0.00148191 0.292286 2
-0.0403086 0.00477438 0.292 2
0.0306967 0.00329409 0.292 2
-0.0400611 0.00743084 0.2925 2
-0.0383193 0.00792843 0.291333 2
0.0280644 0.00897297 0.291 2
-0.0394924 0.00998951 0.293 2
-0.0378278 0.0105335 0.291714 2
0.028193 0.0102858 0.292333 2
-0.0370282 0.0132252 0.292375 2
-0.0351161 0.014347 0.291 2
0.0260793 0.0140668 0.29175 2
0.0272565 0.0137865 0.2925 2
-0.0346946 0.0167074 0.292 2
0.0234839 0.0167179 0.291 2
0.0250524 0.0165926 0.29225 2
-0.0340464 0.0191989 0.292667 2
-0.0325889 0.0200372 0.291 2
0.0226415 0.019872 0.291667 2
0.0244404 0.0185834 0.293 2
-0.0330178 0.0220093 0.292 2
-0.0317499 0.0228552 0.292 2
0.0198861 0.0232383 0.2915 2
0.0221204 0.0223728 0.2926 2
-0.0310373 0.0249283 0.29275 2
-0.0286608 0.0258955 0.292 2
-0.0262708 0.0266757 0.291 2
0.0174199 0.0258501 0.291857 2
0.0193322 0.0251614 0.292412 2
-0.0280181 0.0279496 0.29275 2
-0.0255227 0.0287442 0.291667 2
-0.0234277 0.0295208 0.291 2
0.0142134 0.0296222 0.292 2
0.0162514 0.0283029 0.292231 2
0.018397 0.0274956 0.293 2
-0.0250353 0.0310393 0.2928 2
-0.022672 0.0315859 0.291714 2
-0.0198475 0.032682 0.291 2
0.00879435 0.0329981 0.291 2
0.0109606 0.0324562 0.291 2
0.0133843 0.0313507 0.292333 2
0.0155343 0.030042 0.293 2
-0.0219199 0.0340296 0.2928 2
-0.0195148 0.034436 0.292125 2
-0.01669 0.034981 0.291308 2
-0.0133188 0.0355271 0.291 2
0.00468762 0.0355271 0.291 2
0.00762684 0.0348917 0.291625 2
0.0105052 0.034217 0.292143 2
-0.0188176 0.0364078 0.293 2
-0.0165617 0.0369777 0.292467 2
-0.0132599 0.0374885 0.29213 2
-0.0105212 0.0379037 0.29225 2
-0.00764569 0.0378058 0.2915 2
-0.00448124 0.0378058 0.2915 2
-0.00131679 0.0378058 0.2915 2
0.00153229 0.0378223 0.291625 2
0.00425951 0.0374275 0.292 2
0.00715338 0.0368046 0.292778 2
0.00949094 0.0364078 0.293 2
-0.00418622 0.039909 0.293 2
-0.00132356 0.039909 0.293 2
0.00122103 0.039909 0.293 2
-0.00643463 -0.0819576 0.294 2
-0.00452452 -0.0820691 0.2944 2
-0.00133256 -0.0821806 0.2948 2
0.00154435 -0.0819576 0.294 2
0.00441679 -0.0819576 0.294 2
0.00763426 -0.0822364 0.295 2
0.0101725 -0.0820505 0.294333 2
-0.00398774 -0.0802542 0.294 2
-0.00186001 -0.0802542 0.294 2
0.00537426 -0.08068 0.294 2
0.00760838 -0.0806801 0.294 2
0.0104808 -0.08068 0.294 2
0.0123958 -0.08068 0.294 2
0.0321837 0.00267789 0.294 2
-0.0407227 0.00428933 0.295 2
0.0312885 0.00461335 0.2952 2
-0.0404976 0.0104591 0.294 2
-0.0389889 0.0116205 0.294 2
0.0283538 0.0116205 0.294 2
-0.040012 0.0134046 0.294308 2
-0.0384417 0.0138105 0.294 2
0.0284309 0.0135745 0.2948 2
-0.0395755 0.0158798 0.296 2
-0.0372651 0.0162355 0.294667 2
0.0268489 0.0164692 0.295 2
0.028018 0.0161745 0.2955 2
-0.0360408 0.0197384 0.296 2
-0.0351993 0.0192703 0.295 2
0.0253405 0.0194428 0.295 2
-0.0341582 0.0227174 0.295 2
-0.0326057 0.0234376 0.294 2
0.0232867 0.0228386 0.2945 2
0.0246629 0.0219652 0.295667 2
-0.0334136 0.0254842 0.2955 2
-0.0322639 0.0257826 0.29525 2
0.0204441 0.026081 0.295 2
0.021883 0.0256036 0.2954 2
-0.0309722 0.0278534 0.295667 2
-0.0288984 0.0291505 0.29525 2
0.0174627 0.0291626 0.2944 2
0.0194356 0.028164 0.295385 2
0.021156 0.0274555 0.296 2
-0.0283052 0.0308063 0.29575 2
-0.0261462 0.031991 0.294333 2
0.0143108 0.0323801 0.294 2
0.0163139 0.0313805 0.2952 2
0.0185854 0.0303496 0.296 2
-0.0250456 0.0344336 0.295167 2
-0.0232106 0.0346455 0.29425 2
-0.0201585 0.0358933 0.294 2
0.0109596 0.0354142 0.294 2
0.0135374 0.0344721 0.294889 2
0.0156934 0.0338866 0.296 2
-0.0244729 0.0361375 0.296 2
-0.0224102 0.0366643 0.295429 2
-0.0196647 0.0377288 0.294786 2
-0.0166717 0.0385007 0.2944 2
-0.0147328 0.0384484 0.294 2
0.00537426 0.0384484 0.294 2
0.00798146 0.038044 0.294909 2
0.0106043 0.0373964 0.295385 2
0.0126305 0.0367498 0.29575 2
-0.0180463 0.0396746 0.296 2
-0.0162142 0.0398514 0.2954 2
-0.0136021 0.0404831 0.295438 2
-0.0102591 0.040759 0.294941 2
-0.00750693 0.0407433 0.294824 2
-0.00474964 0.0412627 0.295083 2
-0.00133034 0.0413936 0.2945 2
0.00173965 0.041152 0.2946 2
0.00446525 0.0404094 0.294833 2
0.00737825 0.0394988 0.295714 2
0.00958812 0.039353 0.296 2
-0.00969171 0.0425685 0.296 2
-0.00744239 0.0425685 0.296 2
-0.00455042 0.0425685 0.296 2
-0.000966649 0.0427414 0.295286 2
0.00136081 0.0431042 0.2957 2
0.00316151 0.0425685 0.296 2
0.0324768 0.00476118 0.297667 2
0.0330556 0.00564673 0.299 2
0.0297698 0.0105061 0.2986 2
0.0304181 0.0105061 0.2986 2
0.0298097 0.0131174 0.299 2
0.0304589 0.0131174 0.299 2
-0.0398428 0.0172819 0.298 2
-0.0384195 0.017224 0.297 2
0.0288359 0.0173399 0.299 2
-0.0399765 0.0186392 0.299 2
-0.0375104 0.0193634 0.2978 2
-0.0355177 0.0207729 0.297 2
0.0260637 0.0207729 0.297 2
0.0274271 0.019537 0.2978 2
-0.0365886 0.0221247 0.297833 2
-0.0355476 0.0224058 0.29725 2
0.0256923 0.0228677 0.297667 2
0.0275376 0.0215625 0.299 2
-0.0363655 0.0247836 0.298667 2
-0.0349109 0.0254186 0.297818 2
0.023524 0.0256567 0.2975 2
0.0253737 0.0248106 0.299 2
-0.0338802 0.028136 0.298667 2
-0.031613 0.0292263 0.297667 2
0.0202096 0.0294397 0.2972 2
0.022019 0.0285711 0.298182 2
-0.0313661 0.030876 0.2986 2
-0.0290941 0.0319312 0.29725 2
0.0170361 0.0323879 0.297 2
0.0193896 0.0315712 0.297882 2
0.0213466 0.0312726 0.298667 2
-0.0280913 0.0341464 0.297857 2
-0.0265347 0.0347058 0.2975 2
0.0167004 0.034667 0.297571 2
0.0187583 0.0337151 0.29875 2
-0.0273176 0.0365038 0.299 2
-0.025379 0.0374685 0.297923 2
-0.022753 0.0384536 0.297182 2
0.0109231 0.0388843 0.297333 2
0.013812 0.0377824 0.297467 2
0.0162675 0.0372206 0.298667 2
-0.0248291 0.0397519 0.299 2
-0.0224113 0.0406593 0.2985 2
-0.019585 0.0406178 0.297667 2
-0.0168176 0.0410991 0.297 2
0.00750335 0.0409609 0.2974 2
0.0102742 0.0406916 0.298438 2
0.0133423 0.0395771 0.2985 2
-0.0182292 0.0426752 0.299 2
-0.0164438 0.0431708 0.298571 2
-0.0135431 0.0433022 0.297818 2
-0.0105901 0.0437338 0.297474 2
-0.00747591 0.044053 0.297333 2
-0.00457091 0.044053 0.297333 2
-0.00154176 0.0440988 0.297308 2
0.0018857 0.0444007 0.2975 2
0.00458567 0.0435518 0.297739 2
0.00718926 0.0430607 0.298667 2
-0.0127112 0.0455985 0.299 2
-0.0104275 0.0461973 0.298667 2
-0.00750944 0.0461973 0.298667 2
-0.00494364 0.0460607 0.298545 2
-0.00134915 0.0461871 0.2986 2
0.0015687 0.0461846 0.298583 2
0.00411942 0.0458551 0.298857 2
0.0319165 0.00763478 0.3005 2
0.0332214 0.00763479 0.3005 2
0.0319079 0.0104902 0.300857 2
0.0332767 0.0102623 0.301 2
0.0299094 0.0144648 0.3 2
0.0315694 0.0136572 0.301333 2
0.0299094 0.0157684 0.3 2
0.0310705 0.016354 0.301538 2
-0.0395252 0.0200385 0.3005 2
-0.0384819 0.0200051 0.3 2
0.0289806 0.0193867 0.3005 2
-0.0395692 0.0218645 0.301667 2
-0.038065 0.0227108 0.300909 2
0.0282463 0.0223589 0.301 2
-0.037553 0.0254593 0.301091 2
-0.0358765 0.026523 0.3 2
0.025841 0.0259713 0.3004 2
0.0277218 0.0243226 0.301 2
-0.0369087 0.0276222 0.301333 2
-0.0353426 0.0287913 0.301 2
0.0234349 0.0285269 0.3005 2
0.0250119 0.0280212 0.3014 2
-0.0341832 0.0310065 0.301333 2
-0.0320222 0.0322808 0.3005 2
0.0207906 0.0327151 0.3 2
0.0225411 0.0314261 0.300615 2
0.0242076 0.0306367 0.302 2
-0.0310788 0.034393 0.301077 2
-0.0289918 0.0352154 0.3002 2
0.0197497 0.0349067 0.300429 2
0.021865 0.0341702 0.301333 2
-0.0302145 0.0365419 0.302 2
-0.0283992 0.0375935 0.300923 2
-0.0267576 0.0379294 0.3 2
0.0172081 0.0382553 0.3 2
0.0193195 0.0373179 0.300941 2
0.0215848 0.0362139 0.302 2
-0.0278587 0.0400624 0.301333 2
-0.025743 0.040931 0.3005 2
0.0116717 0.0415143 0.3 2
0.0136617 0.0410427 0.300769 2
0.0161573 0.0400635 0.301333 2
-0.0275917 0.0421191 0.302 2
-0.0251961 0.0433875 0.301692 2
-0.0226365 0.0436881 0.3015 2
-0.0197671 0.0436075 0.300444 2
-0.0176388 0.0441215 0.3 2
0.00808932 0.0441215 0.3 2
0.0104012 0.0436016 0.3009 2
0.0130518 0.0432539 0.301778 2
0.015028 0.0421191 0.302 2
-0.0210348 0.0457279 0.302 2
-0.0192464 0.0462687 0.301857 2
-0.0163862 0.0462158 0.3009 2
-0.0135791 0.046687 0.30025 2
-0.010474 0.0477063 0.3 2
-0.00754296 0.0477063 0.3 2
-0.00418037 0.0473071 0.300222 2
-0.00135518 0.0477063 0.3 2
0.00157587 0.0477063 0.3 2
0.00457532 0.0470808 0.300545 2
0.00746386 0.0462315 0.301 2
0.0101103 0.0457279 0.302 2
-0.0158986 0.0487899 0.302 2
-0.0133759 0.0494311 0.301429 2
-0.0105043 0.0494771 0.30085 2
-0.00755827 0.0494394 0.300625 2
-0.00462751 0.0495096 0.30105 2
-0.00147461 0.0492995 0.300824 2
0.00158254 0.0492018 0.301167 2
0.00438187 0.0489842 0.301692 2
0.00683188 0.0483525 0.302 2
-0.0128388 0.0513051 0.302 2
-0.0101648 0.051562 0.301857 2
-0.00758487 0.0519046 0.301667 2
-0.00499851 0.0518265 0.301909 2
-0.00234775 0.0513051 0.302 2
0.0318532 0.0175718 0.303 2
0.0312467 0.0195802 0.3035 2
-0.0400179 0.0233321 0.303 2
0.0292538 0.0231937 0.303333 2
0.0312105 0.0225572 0.30475 2
-0.0399412 0.0251985 0.303667 2
-0.0388667 0.0254717 0.303 2
0.0286596 0.0255557 0.304 2
0.0314012 0.0246458 0.305 2
-0.03715 0.0291655 0.30375 2
0.0258329 0.0291641 0.30375 2
0.0276567 0.0283202 0.3046 2
-0.0364146 0.0315529 0.3045 2
-0.0353648 0.0321606 0.304 2
0.0236299 0.0320548 0.303 2
0.0251773 0.0316533 0.3042 2
-0.0339226 0.0340936 0.303889 2
-0.0325059 0.0349109 0.3035 2
0.0230996 0.0347135 0.3038 2
0.024408 0.0341992 0.3045 2
-0.0331634 0.0369049 0.305 2
-0.03129 0.0375236 0.303615 2
-0.0296567 0.0383087 0.303 2
0.0209985 0.0373212 0.303 2
0.0222714 0.0374691 0.3042 2
-0.0309612 0.040152 0.3045 2
-0.0291037 0.0408646 0.3034 2
0.01708 0.0411752 0.3035 2
0.0192733 0.0399941 0.3038 2
-0.0305146 0.0425375 0.305 2
-0.0282849 0.0434269 0.3038 2
-0.0260385 0.0445627 0.303 2
0.0138628 0.0441603 0.303143 2
0.0161097 0.043357 0.304308 2
-0.0278432 0.0456481 0.30475 2
-0.0252715 0.046523 0.304333 2
-0.0225998 0.04668 0.303444 2
-0.0204466 0.0471959 0.303 2
0.0106985 0.0470025 0.303167 2
0.0134241 0.0465346 0.304267 2
0.0155647 0.0455561 0.3048 2
-0.0222842 0.0492492 0.3045 2
-0.0194364 0.0493544 0.303529 2
-0.0170186 0.0500451 0.303231 2
-0.014197 0.0508167 0.303 2
-0.000710873 0.0508167 0.303 2
0.00159163 0.0508167 0.303 2
0.00499773 0.0504523 0.303444 2
0.00774063 0.0494451 0.303333 2
0.0103798 0.0493506 0.304556 2
0.0125285 0.0488328 0.305 2
-0.0212438 0.0514834 0.305 2
-0.0194712 0.0517959 0.304889 2
-0.0164575 0.0525226 0.304353 2
-0.0136659 0.0527286 0.303714 2
-0.0107923 0.0528965 0.303308 2
-0.00761839 0.0534499 0.303 2
-0.00421946 0.053011 0.303 2
-0.00126036 0.0526404 0.303389 2
0.00159676 0.0526262 0.303937 2
0.00413165 0.0523636 0.304333 2
0.00756195 0.0514834 0.305 2
-0.0156151 0.0544654 0.305 2
-0.0132868 0.0549177 0.30475 2
-0.0105234 0.0552692 0.304556 2
-0.00758003 0.0554529 0.303526 2
-0.00475263 0.0554227 0.303609 2
-0.00144465 0.0553218 0.304526 2
0.00140328 0.0550439 0.3049 2
0.00325764 0.0544654 0.305 2
-0.00998639 0.057116 0.305 2
-0.00719042 0.0579995 0.305 2
-0.0045784 0.0577786 0.305 2
-0.00170887 0.057116 0.305 2
0.0321685 0.0230645 0.306 2
-0.0399159 0.0267211 0.306 2
0.029511 0.0267211 0.306 2
0.0308398 0.0260562 0.306 2
-0.0399149 0.0282304 0.3065 2
-0.0386186 0.0284072 0.30625 2
0.0292501 0.0284535 0.30675 2
0.0309742 0.0281744 0.307333 2
-0.0393798 0.0301434 0.307 2
-0.0377812 0.0314662 0.306875 2
0.026608 0.0318131 0.307 2
0.0276078 0.0312565 0.307 2
-0.0364594 0.0342203 0.307667 2
-0.0349128 0.0350112 0.3064 2
0.0256082 0.0344811 0.307 2
-0.0344421 0.0373632 0.307308 2
-0.0326078 0.0383556 0.306 2
0.0234808 0.0375157 0.3062 2
0.0244402 0.037804 0.307286 2
-0.0322155 0.0408157 0.307 2
0.0202098 0.0410149 0.306 2
0.0220533 0.0402611 0.307 2
-0.0310004 0.0435788 0.307 2
-0.0299503 0.0436743 0.306 2
0.0175714 0.0440553 0.306333 2
0.0194297 0.0430213 0.307667 2
-0.0301134 0.0462524 0.307667 2
-0.0283896 0.047137 0.306667 2
-0.0262962 0.0476632 0.306 2
0.0145626 0.0476632 0.306 2
0.0165476 0.0467318 0.306769 2
0.0180014 0.046971 0.308 2
-0.027917 0.0489785 0.308 2
-0.0256443 0.0497434 0.306933 2
-0.0236388 0.0503226 0.306 2
0.0119052 0.0503225 0.306 2
0.0137415 0.0498695 0.306714 2
0.0160374 0.0492251 0.307636 2
0.0180014 0.0483093 0.308 2
-0.0246095 0.0522822 0.30775 2
-0.0225058 0.0525351 0.306714 2
-0.0197949 0.0531243 0.306 2
-0.0173272 0.0539791 0.306 2
0.00515071 0.0533143 0.306 2
0.00758674 0.0529818 0.306 2
0.0104681 0.0524336 0.307111 2
0.0133204 0.0519898 0.308 2
-0.0219369 0.0549567 0.30775 2
-0.019599 0.055347 0.307294 2
-0.0164834 0.0556489 0.306462 2
-0.0137943 0.0562363 0.306222 2
-0.0113479 0.0566384 0.306 2
-5.35403e-05 0.0566384 0.306 2
0.001941 0.0563368 0.306167 2
0.00473112 0.0554507 0.307 2
0.00740588 0.0550534 0.307667 2
-0.0184436 0.0573432 0.308 2
-0.0162934 0.057908 0.3078 2
-0.0133834 0.0584826 0.30695 2
-0.0104384 0.0585903 0.306308 2
-0.00775846 0.0591512 0.306714 2
-0.00404692 0.058896 0.3065 2
-0.00130294 0.0587424 0.307 2
0.00154712 0.058451 0.307133 2
0.00401822 0.0580866 0.307909 2
-0.0130405 0.0606133 0.307857 2
-0.0104077 0.0609583 0.307667 2
-0.00740173 0.0609583 0.307667 2
-0.00472775 0.0607584 0.3075 2
-0.00139132 0.0603545 0.308 2
0.00128354 0.0603545 0.308 2
-0.0406426 0.0296684 0.309 2
0.0294649 0.0296684 0.309 2
0.0301358 0.0296684 0.309 2
-0.0399447 0.0314166 0.309667 2
-0.0389654 0.0313468 0.309 2
0.0288568 0.031527 0.309667 2
0.0302658 0.0311464 0.310333 2
-0.0394917 0.0341963 0.3105 2
-0.0377528 0.034567 0.309444 2
0.0268247 0.0347608 0.3095 2
0.0281659 0.0342317 0.3102 2
-0.0366963 0.0371339 0.309667 2
-0.0352755 0.038396 0.309 2
0.026061 0.0373763 0.31 2
0.0276299 0.0366174 0.311 2
-0.0346054 0.0404265 0.309857 2
0.0230914 0.041417 0.309 2
0.0248895 0.0402689 0.3105 2
-0.0337803 0.0434393 0.310667 2
-0.032515 0.0432548 0.309333 2
0.020474 0.0442451 0.31 2
0.0225305 0.0429673 0.3105 2
0.0245914 0.0420229 0.311 2
-0.0331406 0.0457392 0.311 2
-0.0314165 0.0462555 0.309727 2
-0.029573 0.0477948 0.309 2
0.0195137 0.0463138 0.31 2
-0.0309905 0.0488316 0.310714 2
-0.0288247 0.0497713 0.3096 2
0.0169977 0.0501101 0.3092 2
0.0188058 0.0495566 0.310222 2
-0.0278543 0.0522086 0.310143 2
-0.0260983 0.0526255 0.309333 2
0.0134533 0.0531484 0.309333 2
0.0164366 0.0523283 0.31 2
0.0181572 0.0521031 0.310667 2
-0.0274011 0.0541854 0.311 2
-0.0252275 0.0553264 0.310357 2
-0.023051 0.0558965 0.30925 2
0.008332 0.0561867 0.309 2
0.0103703 0.0556517 0.30975 2
0.0131153 0.0552744 0.310533 2
0.0161345 0.0541273 0.310667 2
-0.0226302 0.0584605 0.310375 2
-0.0197858 0.05844 0.309375 2
-0.0167144 0.0592077 0.309 2
0.00262948 0.0598791 0.309 2
0.00519104 0.0586584 0.309 2
0.00769265 0.0584367 0.31025 2
0.00973639 0.0579018 0.311 2
-0.0219993 0.0606045 0.311 2
-0.0194082 0.0610494 0.310529 2
-0.0166488 0.0612564 0.310143 2
-0.0137022 0.0620538 0.309538 2
-0.010462 0.0626151 0.30925 2
-0.00744213 0.0626455 0.3094 2
-0.00408652 0.0621622 0.3095 2
-0.00139979 0.0621078 0.310067 2
0.00162873 0.0619593 0.310167 2
0.00440226 0.061363 0.310231 2
0.00652422 0.0608937 0.31075 2
-0.0122085 0.0639829 0.311 2
-0.0105046 0.0638806 0.3105 2
-0.00746202 0.0638192 0.3102 2
-0.00465895 0.0637339 0.310333 2
-0.00140487 0.0636451 0.311 2
0.00129604 0.0636451 0.311 2
-0.0410372 0.0319901 0.312 2
0.0298463 0.0327726 0.313 2
0.0314526 0.0315362 0.313 2
0.0295224 0.0348317 0.313167 2
0.031264 0.0345378 0.313583 2
-0.0381058 0.0374614 0.3124 2
0.0285521 0.0375111 0.3132 2
0.0306234 0.0366295 0.314 2
-0.0375853 0.0401826 0.313333 2
-0.035618 0.0414802 0.312 2
0.0260531 0.0408467 0.312333 2
0.0274678 0.039573 0.313 2
-0.0365502 0.0431916 0.3136 2
-0.0349532 0.0437267 0.312444 2
0.0224374 0.0444648 0.312333 2
0.0251091 0.0433487 0.31325 2
-0.0361872 0.0451572 0.314 2
-0.0343112 0.0467231 0.313273 2
-0.0325697 0.047242 0.312 2
0.0206061 0.047242 0.312 2
0.0226552 0.0463616 0.313571 2
0.0248287 0.0451572 0.314 2
-0.0334603 0.0489093 0.314 2
-0.0318163 0.0498919 0.313143 2
-0.0298602 0.0509703 0.312 2
0.020199 0.0495699 0.31225 2
0.0218837 0.0496959 0.3138 2
-0.0306028 0.0524386 0.312667 2
-0.0292246 0.0528537 0.312444 2
0.0175578 0.0536818 0.312 2
0.0195863 0.0524787 0.312909 2
0.0210455 0.0522382 0.3135 2
-0.0303924 0.054367 0.314 2
-0.0282584 0.0555539 0.313 2
-0.0261345 0.0563933 0.312 2
0.0144513 0.0560227 0.3122 2
0.0165641 0.0556207 0.312417 2
0.018903 0.0547051 0.313429 2
-0.0276361 0.0580582 0.313667 2
-0.025499 0.0585207 0.3125 2
0.0106828 0.0590553 0.312333 2
0.0135775 0.0583352 0.313 2
0.016003 0.0577365 0.3134 2
-0.0253401 0.0607181 0.313333 2
-0.022614 0.0617465 0.3125 2
-0.0203766 0.062494 0.312 2
0.00797029 0.0617696 0.312333 2
0.0102744 0.061579 0.313667 2
0.013239 0.0601658 0.314 2
-0.0215845 0.0639457 0.3138 2
-0.0194432 0.0641241 0.313333 2
-0.0164962 0.0643142 0.312933 2
-0.0137335 0.0646147 0.312417 2
-0.0104144 0.0655259 0.312143 2
-0.00750598 0.0655444 0.312 2
-0.00424141 0.0651189 0.312667 2
-0.00141306 0.0650958 0.3131 2
0.00184843 0.0648454 0.3132 2
0.00428962 0.0642597 0.312667 2
0.00714455 0.0639924 0.31325 2
-0.015735 0.0663057 0.314 2
-0.0129873 0.0665412 0.3135 2
-0.0107314 0.0671918 0.313889 2
-0.00759559 0.0673566 0.313333 2
-0.0044815 0.0669175 0.313667 2
-0.00162699 0.0669029 0.313846 2
0.00164941 0.0663057 0.314 2
0.00403551 0.0663057 0.314 2
-0.00789497 0.0690346 0.314 2
-0.0401911 0.0375494 0.316 2
0.0312909 0.0376587 0.315 2
-0.0400114 0.0404589 0.3162 2
-0.0383542 0.0408525 0.315 2
0.0285859 0.0404394 0.315333 2
0.0305237 0.0403605 0.3165 2
-0.0396332 0.0429432 0.316111 2
-0.0378826 0.0437222 0.315727 2
0.0263033 0.0439794 0.315333 2
0.0282484 0.0429038 0.316667 2
0.0305719 0.0424893 0.317 2
-0.039286 0.0455886 0.317 2
-0.0372775 0.0463125 0.3163 2
-0.0356563 0.0467199 0.315333 2
0.0235399 0.0473541 0.315 2
0.025784 0.0466432 0.316143 2
-0.0364177 0.048191 0.316 2
-0.0345889 0.0496402 0.316 2
-0.0328829 0.0504339 0.315 2
0.0235697 0.0494713 0.3154 2
0.0253902 0.0488219 0.31675 2
-0.0338947 0.0517872 0.317 2
-0.0319581 0.0526536 0.316 2
0.0224348 0.0524834 0.3158 2
0.0240335 0.0521315 0.317 2
-0.0315022 0.0556287 0.316 2
-0.0291214 0.0569355 0.315 2
0.0177266 0.0569355 0.315 2
0.0197928 0.0557582 0.315222 2
0.0217463 0.0550999 0.31625 2
-0.0306344 0.0582391 0.3165 2
-0.0287794 0.0586465 0.315 2
0.014991 0.059673 0.315 2
0.0169278 0.0589269 0.3154 2
0.0192346 0.0582908 0.316273 2
-0.0285519 0.0605964 0.31625 2
-0.0260648 0.0619468 0.31525 2
0.0112294 0.0624106 0.315 2
0.0134461 0.0617723 0.315769 2
0.0158433 0.0612215 0.316429 2
-0.0247543 0.0640962 0.316 2
-0.0230494 0.0642996 0.3152 2
-0.0195467 0.0658325 0.315 2
-0.0174948 0.0658325 0.315 2
0.00541619 0.0658325 0.315 2
0.0076959 0.0653762 0.315 2
0.0106777 0.0644734 0.316 2
0.0131228 0.0636584 0.316667 2
-0.0220571 0.0665248 0.316667 2
-0.0193972 0.0673255 0.3159 2
-0.0165075 0.0677698 0.315733 2
-0.0136097 0.0680194 0.3153 2
-0.0106557 0.06857 0.315 2
-0.00735018 0.06857 0.315 2
-0.00450055 0.06857 0.315 2
-0.00103213 0.0682767 0.315 2
0.00165467 0.0678856 0.315 2
0.00439551 0.0677866 0.315333 2
0.00761525 0.0672662 0.316059 2
0.0106125 0.0665949 0.317 2
-0.0189824 0.0693498 0.317 2
-0.0164032 0.0700142 0.316769 2
-0.0133771 0.0704958 0.316267 2
-0.0105903 0.0705795 0.316059 2
-0.00748243 0.0705791 0.316059 2
-0.00451483 0.0705057 0.316 2
-0.00142746 0.0705057 0.316 2
0.00165992 0.0705057 0.316 2
0.00441378 0.0704722 0.316625 2
0.00665502 0.0696941 0.317 2
-0.0131323 0.072449 0.317 2
-0.0103793 0.072449 0.317 2
-0.00728214 0.072449 0.317 2
-0.00452912 0.072449 0.317 2
-0.00143197 0.072449 0.317 2
0.00166517 0.072449 0.317 2
0.00407406 0.072449 0.317 2
0.0292875 0.0440051 0.318 2
0.0303231 0.0440051 0.318 2
-0.0394512 0.0471643 0.318333 2
-0.0383296 0.0474206 0.3182 2
0.0283275 0.046168 0.318286 2
0.0305138 0.0456724 0.32 2
-0.0396165 0.0494454 0.319667 2
-0.037652 0.0495847 0.318846 2
-0.0359578 0.0495324 0.318 2
0.0261805 0.0500505 0.318 2
0.0279066 0.048496 0.318 2
-0.0364172 0.0514208 0.319 2
-0.0346868 0.0529803 0.319 2
0.0234188 0.0533323 0.318 2
0.0252082 0.0524288 0.3188 2
-0.0338784 0.0553482 0.319 2
0.0229378 0.0558379 0.3185 2
0.0243392 0.0550601 0.3192 2
-0.0336995 0.0587912 0.3195 2
-0.032211 0.0586072 0.3185 2
0.0206896 0.0586071 0.3185 2
0.0221006 0.058177 0.318889 2
-0.0312902 0.0609485 0.318889 2
-0.0289693 0.062149 0.318333 2
0.0173917 0.0616718 0.31825 2
0.0194767 0.0610546 0.319 2
0.0214818 0.0609678 0.32 2
-0.0281576 0.0640645 0.3188 2
-0.0260322 0.0649116 0.3182 2
0.0135635 0.0652982 0.3184 2
0.0159812 0.0639794 0.318833 2
-0.0248558 0.0674677 0.3195 2
-0.0227595 0.0680819 0.3188 2
-0.0207684 0.0681867 0.318 2
0.010646 0.0681867 0.318 2
0.013247 0.0676185 0.319667 2
0.0155763 0.0661822 0.32 2
-0.02156 0.0705919 0.3195 2
-0.0197248 0.0706984 0.318643 2
-0.0164878 0.0715722 0.318 2
-0.0145546 0.0719867 0.318 2
0.00546777 0.0719867 0.318 2
0.00797222 0.0706735 0.318308 2
0.0106805 0.0704815 0.319 2
-0.0189424 0.0730197 0.3198 2
-0.0164086 0.0734755 0.318923 2
-0.0135369 0.0739841 0.318417 2
-0.010423 0.0741377 0.318333 2
-0.00731277 0.0741377 0.318333 2
-0.00454341 0.0737139 0.318 2
-0.00131098 0.0738295 0.318091 2
0.00157741 0.0740607 0.318273 2
0.00455722 0.0737533 0.318667 2
0.00738999 0.0732444 0.319467 2
-0.0160357 0.075568 0.32 2
-0.0134979 0.0763566 0.319727 2
-0.0104576 0.0764677 0.3194 2
-0.00768696 0.0763185 0.3195 2
-0.00457199 0.0755681 0.32 2
-0.0015999 0.0755803 0.319889 2
0.00188686 0.0756343 0.3194 2
0.00411262 0.0755681 0.32 2
0.0293063 0.047357 0.322 2
0.0303549 0.047357 0.322 2
0.0286505 0.0495337 0.3225 2
-0.039556 0.0515546 0.322 2
-0.0376142 0.0523792 0.321333 2
0.0265922 0.0531183 0.323 2
-0.0367597 0.054353 0.322 2
-0.0352882 0.0559865 0.321333 2
0.0251376 0.0561608 0.322333 2
-0.0353889 0.0585968 0.32225 2
0.0232805 0.0591431 0.3218 2
0.024839 0.0576797 0.323 2
-0.034393 0.0614921 0.32275 2
-0.031976 0.062344 0.321 2
0.0200287 0.0625222 0.3212 2
0.0225609 0.0610303 0.322167 2
-0.0313257 0.0642742 0.321692 2
-0.0289277 0.0653141 0.3212 2
0.0170454 0.0654452 0.3215 2
0.0190272 0.0640976 0.321556 2
-0.0307994 0.0668734 0.322857 2
-0.0283638 0.0674536 0.321917 2
-0.0261865 0.0682335 0.3218 2
0.0142311 0.0684813 0.321 2
0.0163742 0.0676452 0.322 2
0.0185275 0.0664518 0.323 2
-0.0274065 0.0696097 0.323 2
-0.0255018 0.070215 0.322556 2
-0.0230042 0.0705966 0.3215 2
0.0136648 0.0705319 0.321714 2
0.0157061 0.0702396 0.322667 2
-0.022113 0.0733562 0.3225 2
-0.0196118 0.0745639 0.321667 2
0.00830711 0.0744094 0.321 2
0.0103175 0.0737435 0.321571 2
0.0132578 0.0728871 0.32275 2
-0.0214456 0.0759256 0.323 2
-0.0193225 0.0765486 0.322667 2
-0.0166542 0.0769681 0.3212 2
-0.0146919 0.077199 0.321 2
-0.00667709 0.077199 0.321 2
-0.00458627 0.077199 0.321 2
-0.00145004 0.077199 0.321 2
0.00168618 0.077199 0.321 2
0.00468646 0.0769681 0.3212 2
0.00710686 0.0764096 0.321833 2
0.00906015 0.0762765 0.323 2
-0.0193418 0.0780309 0.323 2
-0.0163864 0.0790373 0.322333 2
-0.0135958 0.0792215 0.321692 2
-0.0105348 0.0794785 0.32175 2
-0.00749626 0.0793896 0.322 2
-0.00460532 0.0792712 0.322333 2
-0.00145607 0.0792712 0.322333 2
0.00169319 0.0792712 0.322333 2
0.00437637 0.0790373 0.322333 2
0.00678098 0.0785572 0.323 2
-0.0126796 0.0815397 0.323 2
-0.0105757 0.0815397 0.323 2
-0.00812125 0.0815397 0.323 2
0.0292265 0.0506227 0.325 2
0.0306378 0.0492105 0.325 2
-0.0398018 0.0532827 0.324 2
-0.0399246 0.0548593 0.325 2
-0.0380049 0.0557446 0.324667 2
0.0264194 0.0556443 0.324571 2
-0.0372163 0.0578612 0.326 2
0.0249928 0.0590961 0.325 2
-0.0360437 0.0615674 0.325 2
-0.0353381 0.0615674 0.325 2
0.0233699 0.0621323 0.325 2
0.0250697 0.0606944 0.326 2
-0.0339631 0.0645579 0.3245 2
-0.0324155 0.0652497 0.324 2
0.0199917 0.0652497 0.324 2
0.0216411 0.0642158 0.325 2
-0.0336432 0.0671184 0.325667 2
-0.031963 0.0678699 0.32475 2
0.0192966 0.0677188 0.324778 2
0.0211768 0.0660065 0.326 2
-0.0309997 0.0702026 0.32575 2
-0.0287616 0.0704334 0.324714 2
-0.0260844 0.0712331 0.324 2
-0.0239741 0.071937 0.324 2
0.0172044 0.0702866 0.3245 2
0.0185433 0.0702313 0.325333 2
-0.0276611 0.0727352 0.326 2
-0.0254003 0.0735548 0.325294 2
-0.0232706 0.0740489 0.324 2
0.0115503 0.0747528 0.324 2
0.013938 0.0742774 0.325 2
0.016324 0.0731331 0.325667 2
-0.024451 0.0765532 0.325667 2
-0.0226517 0.0767717 0.3242 2
0.00838475 0.0775685 0.324 2
0.0108278 0.0765025 0.324364 2
0.0135954 0.0761592 0.3258 2
-0.024476 0.0784015 0.326 2
-0.0220717 0.0794206 0.325333 2
-0.0194269 0.0797836 0.324417 2
-0.0169396 0.0803843 0.324 2
0.00486748 0.0803843 0.324 2
0.00763087 0.0797511 0.324545 2
0.00966112 0.0789882 0.3255 2
-0.0188136 0.0819429 0.326 2
-0.0164487 0.0820754 0.3254 2
-0.0137177 0.0825119 0.32475 2
-0.0102568 0.082848 0.324 2
-0.0072154 0.082464 0.324333 2
-0.00463628 0.082272 0.3245 2
-0.00146813 0.082425 0.3251 2
0.00170982 0.0825255 0.3255 2
0.00438645 0.0824423 0.325571 2
0.00702091 0.081943 0.326 2
-0.0124435 0.0847761 0.326 2
-0.0100743 0.0851615 0.325667 2
-0.00747632 0.084646 0.3255 2
-0.0053655 0.0847761 0.326 2
0.0308263 0.050579 0.327 2
0.0288742 0.0529223 0.327909 2
0.0308892 0.0521067 0.327667 2
-0.0402931 0.0564347 0.328 2
0.0284262 0.055287 0.3288 2
-0.0397591 0.0576818 0.328 2
-0.0377246 0.0590452 0.327333 2
0.0264749 0.058573 0.327333 2
0.0275807 0.0584816 0.3285 2
-0.0362655 0.0626567 0.327 2
-0.0355555 0.0626567 0.327 2
0.025555 0.061952 0.327667 2
0.0270862 0.061253 0.329 2
-0.0363209 0.0645331 0.3275 2
-0.0356099 0.0645331 0.3275 2
0.0228225 0.0648577 0.327857 2
0.0247991 0.064154 0.328429 2
-0.0364873 0.0673288 0.329 2
-0.0349181 0.0675296 0.327667 2
0.0205632 0.0680896 0.3275 2
0.0217353 0.0672654 0.328 2
-0.0342407 0.0702129 0.328 2
-0.0321214 0.0711118 0.327143 2
0.0200865 0.0704837 0.328 2
0.02135 0.0701176 0.328667 2
-0.0335279 0.0721125 0.328 2
-0.0313759 0.0734497 0.328667 2
-0.0285955 0.0738671 0.327429 2
0.0173505 0.0744364 0.32725 2
0.0191117 0.0732974 0.3282 2
-0.0304157 0.0751916 0.329 2
-0.0280964 0.0763855 0.3286 2
-0.025971 0.0765106 0.327 2
0.0144971 0.0772211 0.327 2
0.0164834 0.0765352 0.327923 2
0.0185145 0.0762638 0.329 2
-0.0275584 0.0787656 0.329 2
-0.0254816 0.0796664 0.328 2
-0.0231311 0.0804181 0.327 2
0.0107784 0.0797689 0.32725 2
0.0132226 0.0795082 0.328375 2
0.0161929 0.0787656 0.329 2
-0.0246762 0.0822569 0.328667 2
-0.022582 0.0825638 0.327857 2
-0.0199662 0.0828544 0.3275 2
-0.0170964 0.0836152 0.327 2
0.00562252 0.0836152 0.327 2
0.00755973 0.0831661 0.327429 2
0.0101044 0.0825506 0.328417 2
0.0120857 0.0816248 0.329 2
-0.0225583 0.084484 0.329 2
-0.0196811 0.0851132 0.328667 2
-0.0164971 0.0855643 0.327909 2
-0.0136128 0.0857312 0.327167 2
-0.0110617 0.086457 0.327 2
-0.00751186 0.086457 0.327 2
-0.00432416 0.0857006 0.3275 2
-0.00147865 0.0854791 0.327333 2
0.00171945 0.0854791 0.327333 2
0.00457116 0.0856311 0.327917 2
0.00743483 0.085464 0.328643 2
0.00965143 0.0848615 0.3288 2
-0.0153996 0.0879695 0.328667 2
-0.0133573 0.0884539 0.328571 2
-0.010376 0.0887921 0.32775 2
-0.00754249 0.0885936 0.328333 2
-0.00469581 0.0879695 0.328667 2
-0.00148468 0.0879695 0.328667 2
0.00179824 0.0882731 0.328733 2
0.00458303 0.0883656 0.328813 2
0.00708552 0.0884154 0.329 2
-0.015058 0.0902024 0.329 2
-0.0132722 0.0909172 0.329 2
-0.010415 0.0912746 0.329 2
-0.00755781 0.0909172 0.329 2
0.00208536 0.0902024 0.329 2
0.00458544 0.0902024 0.329 2
0.00708552 0.0902024 0.329 2
0.0293179 0.0560618 0.33 2
0.0308846 0.0554009 0.330727 2
-0.0406617 0.0587488 0.331 2
0.0287169 0.0588761 0.3305 2
0.0308679 0.0583125 0.33125 2
-0.0397033 0.0603689 0.332 2
-0.0380574 0.0615335 0.331 2
0.026452 0.0625146 0.33 2
0.0283613 0.0614251 0.331375 2
0.0301254 0.0605466 0.331 2
-0.037673 0.064307 0.33 2
0.0259932 0.0646822 0.331 2
0.0272508 0.0637839 0.331 2
-0.0379013 0.0668608 0.332 2
0.0229698 0.0679025 0.3304 2
0.0249537 0.0671207 0.3315 2
-0.0365428 0.0706377 0.331667 2
-0.0353988 0.0706856 0.3305 2
0.0207202 0.0718353 0.33 2
0.0223968 0.0707287 0.330571 2
-0.0343182 0.0735911 0.3308 2
-0.0319411 0.0747032 0.33 2
0.0203154 0.073932 0.3304 2
0.0221473 0.0729684 0.331429 2
-0.0335763 0.0755165 0.332 2
-0.0314823 0.0765587 0.3312 2
-0.0290751 0.077571 0.33 2
0.0179084 0.0778061 0.331 2
0.0198255 0.0762877 0.331 2
0.0215666 0.0755166 0.332 2
-0.030693 0.0784018 0.332 2
-0.0288767 0.0798206 0.331 2
0.0146301 0.0804389 0.33 2
0.0171332 0.0799912 0.331444 2
0.0192931 0.0788317 0.331857 2
-0.0278098 0.0820085 0.332 2
-0.026249 0.082357 0.3305 2
0.0114059 0.0829483 0.33 2
0.0135226 0.0825595 0.330538 2
0.0159799 0.0824752 0.331636 2
-0.025591 0.0854222 0.33125 2
-0.0226622 0.0859463 0.3305 2
-0.0197609 0.0868917 0.33 2
-0.0176115 0.0868917 0.33 2
0.00854002 0.0868917 0.33 2
0.0106306 0.0858961 0.330182 2
0.0132434 0.0853897 0.331125 2
0.0154396 0.085615 0.332 2
-0.0256473 0.087779 0.332 2
-0.0226954 0.0882337 0.331 2
-0.0196928 0.0886841 0.330571 2
-0.0169974 0.0888378 0.33 2
-0.00471486 0.0897596 0.33 2
-0.0014907 0.0897596 0.33 2
0.00065874 0.0897596 0.33 2
0.00854002 0.0883257 0.33 2
0.0104192 0.088256 0.330154 2
0.0130142 0.0877485 0.3308 2
-0.0190444 0.0904766 0.33 2
-0.016895 0.0904766 0.33 2
-0.00471486 0.0911936 0.33 2
-0.0014907 0.0911936 0.33 2
0.00127287 0.0913984 0.33 2
-0.0404663 0.0615774 0.333333 2
0.0295845 0.0619977 0.333 2
0.0303075 0.0619977 0.333 2
-0.0402212 0.0645874 0.3333 2
0.0266925 0.0656151 0.333 2
0.0286366 0.0644272 0.333615 2
0.0303682 0.0639356 0.333667 2
-0.0395799 0.0672635 0.334 2
-0.0381296 0.068352 0.334 2
0.0262689 0.0679085 0.3345 2
0.0281256 0.066919 0.335 2
-0.0381296 0.0690777 0.334 2
0.0238005 0.0706796 0.333 2
0.0252511 0.0702379 0.334 2
-0.0366792 0.0730688 0.334 2
0.0231252 0.0739606 0.333667 2
0.0246708 0.0732876 0.335 2
-0.0345038 0.0766971 0.334 2
0.0209085 0.0771911 0.333 2
0.0225131 0.0766062 0.334 2
-0.0338797 0.0791103 0.335 2
-0.031749 0.0796724 0.334 2
0.0202065 0.0796814 0.333333 2
0.0218361 0.0795061 0.33475 2
-0.0309472 0.0826885 0.33475 2
-0.0290441 0.0829841 0.33375 2
0.0169321 0.0833407 0.333 2
0.0191308 0.0823789 0.3335 2
0.0213978 0.0823856 0.335 2
-0.0309703 0.0845691 0.335 2
-0.0284688 0.0853353 0.333375 2
0.0169321 0.0847877 0.333 2
0.0187545 0.0846699 0.33325 2
0.029851 0.0658413 0.336 2
0.0305805 0.0658413 0.336 2
0.026933 0.0687613 0.336 2
0.0290953 0.0678173 0.33675 2
0.0306412 0.0674356 0.336667 2
-0.0400539 0.0695378 0.338 2
0.0262035 0.0709513 0.336 2
0.028354 0.0703734 0.337538 2
0.0303956 0.0695378 0.338 2
-0.0368989 0.0746014 0.336 2
0.0255124 0.0736157 0.3365 2
0.0279494 0.0734543 0.338 2
-0.0370087 0.0766555 0.337 2
-0.0354398 0.0775214 0.336 2
0.0253079 0.076577 0.337555 2
-0.0370636 0.0796996 0.3375 2
-0.0352113 0.0797078 0.3366 2
0.0229207 0.0797114 0.336 2
0.0251227 0.0795597 0.337571 2
-0.0360177 0.0820218 0.338 2
-0.0342819 0.0823146 0.3368 2
-0.0325218 0.0822665 0.336 2
0.0229207 0.0815365 0.336 2
0.0244523 0.081413 0.337 2
-0.0397965 0.0713465 0.3405 2
-0.0384454 0.0714266 0.34 2
0.0304855 0.0712165 0.339 2
-0.0397965 0.0724556 0.3405 2
-0.0384454 0.0729041 0.34 2
0.0290135 0.0726896 0.339 2
0.0305755 0.0729041 0.34 2
-0.0422603 0.0760819 0.341 2
-0.0402178 0.076652 0.340714 2
-0.0384455 0.0765954 0.34 2
0.0275415 0.0763722 0.339 2
-0.0390684 0.0785819 0.339 2
-0.0383324 0.0785819 0.339 2
0.0276227 0.0788136 0.34 2
-0.0425082 0.0687034 0.343 2
-0.0417635 0.0687034 0.343 2
-0.0425082 0.0705664 0.343 2
-0.0417635 0.0705664 0.343 2
-0.0425082 0.0735473 0.343 2
-0.040876 0.0737148 0.342364 2
-0.0386716 0.0744475 0.342 2
-0.0425082 0.0754104 0.343 2
-0.0405584 0.0752455 0.34225 2
-0.0386716 0.0751905 0.342 2
