0.00694725 -0.052757 0.201 1022 1
0.00910665 -0.05293 0.200556 961.667 1
0.0117184 -0.0541582 0.201 1456.93 1
0.00694725 -0.052102 0.201 2761.5 1
0.00878375 -0.0518455 0.20072 3026.84 1
-0.00455292 -0.0533922 0.205842 2557.63 1
-0.00159085 -0.0531988 0.204375 2328.67 1
0.000407221 -0.0531012 0.204 2368.67 1
0.0129964 -0.0538568 0.204882 2560.47 1
0.0142531 -0.0535357 0.205667 1757 1
-0.00473224 -0.0522791 0.206 3836.25 1
0.0137618 -0.0518026 0.205 3567.25 1
0.0155193 -0.0504985 0.205333 1999.97 1
0.0136947 -0.0471177 0.204 3599.88 1
0.0154079 -0.0472609 0.204769 2094.56 1
0.0137235 -0.0438837 0.204429 3394.29 1
0.0148807 -0.0439334 0.205067 2223.1 1
0.0146327 -0.0405022 0.205619 2281.86 1
0.0144998 -0.0384045 0.206 2289.5 1
-0.0104733 -0.0578083 0.209 627.75 1
0.0138961 -0.0561307 0.207 726 1
0.0143455 -0.0561307 0.207 550 1
-0.0183884 -0.0538645 0.21 2848.85 1
-0.0157428 -0.0538008 0.209213 2799.28 1
-0.012246 -0.0537572 0.208257 2781.34 1
-0.00883249 -0.0536191 0.207725 2816.95 1
-0.00632821 -0.0534323 0.207 2846.2 1
0.0138961 -0.0552313 0.207 1227 1
0.015551 -0.0542636 0.207968 1174.1 1
-0.0187261 -0.0507727 0.20995 3823.93 1
-0.0158417 -0.0507157 0.209103 3839.36 1
-0.0123989 -0.0514309 0.208 3839.22 1
-0.00951998 -0.0521087 0.208 3829.2 1
0.0168001 -0.0512528 0.207 1482.38 1
0.0187302 -0.0502171 0.208143 1382.95 1
-0.0183796 -0.0481701 0.21 3840 1
-0.0162934 -0.0480738 0.20984 3822 1
0.0170308 -0.0467663 0.207364 1664.91 1
0.0183995 -0.0476037 0.208862 1528.48 1
0.0165685 -0.0434747 0.208192 1734.69 1
0.0179729 -0.0450816 0.21 1591.5 1
0.0162344 -0.0403123 0.208323 1806.61 1
0.0155334 -0.0365991 0.207955 1943.09 1
0.0136713 -0.0318449 0.207 2899 1
0.015308 -0.0334032 0.20845 1961.45 1
0.0136796 -0.0298381 0.207125 2694.44 1
0.0151433 -0.0296095 0.208688 1940.34 1
0.0137374 -0.0263498 0.208 2503.12 1
0.0152349 -0.0261948 0.209533 1909.6 1
0.0137374 -0.0227346 0.208 2291.69 1
0.0149789 -0.0230603 0.209273 1924.18 1
0.0136539 -0.0194614 0.2088 2215.6 1
0.0145442 -0.0191107 0.209273 1951.86 1
0.0132996 -0.0151968 0.21 2516.44 1
0.0140974 -0.0156531 0.21 1984.5 1
0.0131286 -0.0125734 0.21 2476.75 1
0.0140974 -0.0129155 0.21 1977.75 1
-0.0287865 -0.0539784 0.213 3073.83 1
-0.0261917 -0.0543126 0.213 2801.73 1
-0.0225948 -0.0542678 0.21202 2783.2 1
-0.0200412 -0.0541974 0.211 2674.71 1
0.0171194 -0.0550182 0.211667 976.5 1
0.018057 -0.0540042 0.212333 1122.33 1
-0.0294127 -0.0507346 0.212791 3662.53 1
-0.0263014 -0.0506322 0.212224 3740.53 1
-0.0228413 -0.0508194 0.2116 3786.63 1
-0.020423 -0.0507974 0.211 3787.79 1
0.0198909 -0.0510266 0.211 1252.75 1
-0.0296152 -0.0473128 0.212857 3690.95 1
-0.02624 -0.0471276 0.212241 3775.79 1
-0.0227142 -0.0472822 0.21197 3802.41 1
-0.0195317 -0.0470651 0.211093 3831.63 1
-0.0170525 -0.0463441 0.211 3840 1
0.0193409 -0.0472331 0.2125 1474.06 1
-0.0290949 -0.0437974 0.213 3777.58 1
-0.0263597 -0.0437289 0.212893 3811.46 1
-0.0227582 -0.0436188 0.211963 3833.94 1
-0.0197293 -0.0447881 0.211364 3840 1
-0.0174452 -0.0452963 0.211 3840 1
0.0184727 -0.0439012 0.211909 1571.14 1
-0.0285672 -0.0405995 0.213 3794.08 1
-0.0262954 -0.0401563 0.212529 3831.04 1
-0.0228224 -0.0401858 0.211581 3839.19 1
-0.0200412 -0.0400625 0.211 3840 1
0.0171423 -0.0393367 0.211 1704.83 1
0.0181869 -0.0403067 0.2125 1623.56 1
-0.028247 -0.0371643 0.213 3786.5 1
-0.0262055 -0.0366612 0.212862 3829.29 1
-0.0230709 -0.0372273 0.212053 3838.45 1
-0.0201939 -0.038076 0.211 3840 1
0.0173045 -0.0371411 0.2113 1695.5 1
0.017914 -0.035608 0.212 1625 1
0.0167542 -0.0326836 0.211091 1748.09 1
0.017777 -0.0333431 0.212933 1651.53 1
0.0167138 -0.0295308 0.211375 1746.12 1
0.0177673 -0.0304541 0.213 1690.2 1
0.0167633 -0.0261657 0.212 1738.71 1
0.0177673 -0.0265205 0.213 1683.25 1
0.0163385 -0.0228675 0.211778 1777.89 1
0.0158053 -0.0194388 0.2115 1830.88 1
0.0153934 -0.0158112 0.212125 1848.53 1
0.0134316 -0.0111892 0.211 2216.4 1
0.0149964 -0.0122693 0.212043 1887.57 1
0.013293 -0.00887922 0.211708 2246.96 1
0.0146079 -0.0091424 0.212438 1878.19 1
0.0133301 -0.00521517 0.212292 2140.88 1
0.0142904 -0.00522887 0.212875 1899.12 1
0.0133188 -0.00188231 0.212895 2075.37 1
0.0142988 -0.00222486 0.213 1887.8 1
0.0128466 0.00170055 0.2119 2307.8 1
0.0142988 0.00170872 0.213 1873 1
0.0126462 0.00516749 0.212428 2233.57 1
0.012449 0.0073777 0.213 2234.75 1
-0.0392015 -0.056544 0.217 1305.12 1
-0.0368674 -0.0565006 0.2158 867.8 1
-0.0331159 -0.0563191 0.214571 646.429 1
-0.0302382 -0.0561691 0.214 675.4 1
-0.0397208 -0.0538706 0.217 3307.73 1
-0.0366833 -0.0543132 0.215367 3068.95 1
-0.0331736 -0.0543215 0.214604 3061.98 1
-0.0304447 -0.054516 0.214 2912.37 1
0.0195144 -0.0545992 0.217 1075 1
-0.039331 -0.0507332 0.217 3478.07 1
-0.0367941 -0.0508343 0.215441 3547.17 1
-0.0330213 -0.05077 0.214308 3641.06 1
-0.0311674 -0.0512872 0.214 3642.67 1
-0.039437 -0.0470558 0.217 3487.06 1
-0.0365188 -0.0473143 0.215556 3589.94 1
-0.0330585 -0.0473807 0.214204 3667.82 1
0.0203792 -0.0471745 0.21525 1423.38 1
0.021334 -0.0466079 0.21575 1347 1
-0.0397029 -0.0436791 0.217 3615.73 1
-0.0365782 -0.0437392 0.215909 3668.24 1
-0.0331086 -0.0438852 0.214368 3721.79 1
-0.0307493 -0.043569 0.214 3737.95 1
0.0199819 -0.0434791 0.21525 1487.79 1
0.0213003 -0.045431 0.216 1395.5 1
-0.03997 -0.0404783 0.217 3627.05 1
-0.0367689 -0.0402265 0.216057 3665.55 1
-0.0332152 -0.0403569 0.215382 3729.49 1
-0.0301661 -0.0399973 0.214191 3774.81 1
0.0195944 -0.0401317 0.215462 1513.69 1
-0.0398493 -0.0366835 0.217 3627.11 1
-0.0368518 -0.0367491 0.216 3684.77 1
-0.0333368 -0.0368166 0.215654 3749.37 1
-0.0299648 -0.0366279 0.214227 3796.59 1
-0.027915 -0.035479 0.214 3817 1
0.0189841 -0.0368603 0.215077 1556.27 1
-0.0394688 -0.0336047 0.216909 3640.91 1
-0.0367915 -0.0333414 0.216385 3706.56 1
-0.0332018 -0.0332888 0.215472 3780.32 1
-0.0297942 -0.0331758 0.214143 3826.32 1
-0.0272845 -0.0333535 0.214 3808 1
0.0192807 -0.0333602 0.21552 1566 1
-0.0367636 -0.0298277 0.216857 3736.59 1
-0.0333133 -0.0296895 0.215857 3790.32 1
-0.0297349 -0.0297572 0.214963 3836.74 1
-0.0269677 -0.0299584 0.214786 3840 1
0.0186701 -0.0294676 0.215636 1625.91 1
-0.0367736 -0.0263012 0.216918 3760.47 1
-0.0333444 -0.0261973 0.216061 3820.71 1
-0.0297745 -0.026397 0.215355 3840 1
-0.0273453 -0.0265359 0.215 3840 1
0.0184388 -0.0261059 0.215 1617.65 1
-0.0362058 -0.0232311 0.217 3793.07 1
-0.0334021 -0.0227142 0.216428 3834.04 1
-0.0302863 -0.0227622 0.216 3812.07 1
0.0169478 -0.0217962 0.214333 1747.5 1
0.0180175 -0.022666 0.216 1653.5 1
-0.0353734 -0.020418 0.217 3823 1
-0.033108 -0.0192996 0.217 3840 1
-0.0298405 -0.0193325 0.216489 3840 1
-0.0277069 -0.0193853 0.216 3840 1
0.0170005 -0.0192956 0.215 1729.81 1
0.0180652 -0.0192032 0.216571 1660.29 1
-0.0322774 -0.0171514 0.217 3839.71 1
-0.0301909 -0.0165453 0.217 3840 1
0.0170005 -0.0157922 0.215 1704.57 1
0.0180731 -0.0168554 0.216667 1676.33 1
0.0166355 -0.0121122 0.215429 1724.43 1
0.016169 -0.00880526 0.215429 1750.07 1
0.0155909 -0.00539699 0.215267 1775.23 1
0.0139013 -0.000607994 0.214 1913 1
0.0155427 -0.00160108 0.215786 1781.68 1
0.015506 0.00141967 0.215833 1745.5 1
0.0139292 0.00521612 0.214429 1856 1
0.0143948 0.00521612 0.214429 1813.86 1
0.0129495 0.00894811 0.214185 2044.3 1
0.0145403 0.00898822 0.216176 1780.88 1
0.0129124 0.0122898 0.214438 1979.56 1
0.0143723 0.0120177 0.2162 1776.6 1
0.0125503 0.0158006 0.214333 2078.76 1
0.0147056 0.0154564 0.2166 1650.15 1
0.0123545 0.0192731 0.215333 2094.79 1
0.0143318 0.0175349 0.217 1723 1
0.0122504 0.0226674 0.215857 2009.74 1
0.0119341 0.0263982 0.216214 1968.54 1
0.0102319 0.0313868 0.215 3555 1
0.0121023 0.0298525 0.216818 1871.06 1
0.0102319 0.0332553 0.215 2938 1
0.0118041 0.032916 0.215923 1895.64 1
0.0102795 0.036695 0.216 2642.14 1
0.0112326 0.0367448 0.216286 1896.1 1
0.0103203 0.0401397 0.216857 2411.86 1
0.011211 0.0398773 0.216941 1887.82 1
0.0103271 0.0429939 0.217 2299.6 1
0.0107982 0.0429939 0.217 1938.2 1
-0.0465142 -0.0566924 0.22 2171.9 1
-0.0437707 -0.0567699 0.21912 1760.8 1
-0.0409796 -0.0567454 0.218 1398.42 1
-0.0466097 -0.0543981 0.22 3222.57 1
-0.0437846 -0.0542228 0.21914 3192.3 1
-0.0411689 -0.0546614 0.218 3215.9 1
0.0216947 -0.0532031 0.22 1111.5 1
-0.0467689 -0.0509194 0.22 3289.61 1
-0.0438646 -0.0508426 0.21926 3368.16 1
-0.0409796 -0.0508249 0.218 3405.56 1
0.0219345 -0.0505385 0.218909 1272.5 1
-0.0465197 -0.0471374 0.219571 3348.36 1
-0.0437301 -0.0472608 0.218588 3405.31 1
-0.0411689 -0.0475568 0.218 3463.8 1
0.0222659 -0.0485134 0.219333 1296 1
-0.0467001 -0.0437363 0.219719 3419.59 1
-0.0436101 -0.0437055 0.218396 3482.68 1
-0.0414529 -0.044194 0.218 3577.75 1
0.0215899 -0.0439042 0.218937 1369.38 1
-0.0465117 -0.0404756 0.219857 3510.21 1
-0.0437414 -0.040247 0.21864 3543.48 1
-0.0414528 -0.0396944 0.218 3598.5 1
0.0205509 -0.0404049 0.218 1464.12 1
0.0216948 -0.0402976 0.22 1388.5 1
-0.0462239 -0.0368598 0.22 3561.15 1
-0.0438276 -0.0368108 0.219345 3606.27 1
-0.0414529 -0.0368526 0.218 3610.07 1
0.0205509 -0.0368526 0.218 1452.71 1
0.0216947 -0.0371907 0.22 1384.9 1
-0.0463457 -0.0335178 0.22 3566.11 1
-0.0438543 -0.0332673 0.219347 3604.06 1
-0.0408468 -0.032859 0.218064 3637.29 1
0.0204492 -0.033273 0.218714 1493.71 1
-0.0458932 -0.0309769 0.22 3574.33 1
-0.0437809 -0.0298092 0.219686 3625.35 1
-0.0403392 -0.0297979 0.218367 3667.02 1
0.0202272 -0.0297292 0.219625 1517.88 1
-0.0430946 -0.026436 0.219833 3675.33 1
-0.0402939 -0.0262976 0.218407 3695.54 1
0.0201002 -0.0261649 0.219714 1519.36 1
-0.0427216 -0.0229086 0.22 3682.12 1
-0.0401304 -0.022697 0.218524 3710.64 1
-0.0376299 -0.022352 0.218 3751.58 1
0.0191309 -0.0226435 0.218 1594.29 1
-0.0423108 -0.0199833 0.22 3692.8 1
-0.0400659 -0.0191764 0.219327 3701.6 1
-0.0367151 -0.0191633 0.218224 3799.53 1
-0.0343532 -0.0179071 0.218 3838 1
0.0191309 -0.019328 0.218 1590.29 1
-0.0397913 -0.0157776 0.219641 3738.69 1
-0.0365505 -0.015732 0.218717 3799.53 1
-0.0332762 -0.0155679 0.218 3835.98 1
-0.0307603 -0.0149361 0.218 3840 1
0.0187011 -0.015812 0.2185 1614 1
-0.0396837 -0.0123356 0.22 3738.54 1
-0.0366753 -0.0122875 0.219143 3811.49 1
-0.0331699 -0.0122235 0.218 3838.94 1
-0.0312767 -0.0122235 0.218 3840 1
0.0184986 -0.0120264 0.219222 1612.11 1
-0.0392061 -0.00875074 0.22 3702.75 1
-0.0366753 -0.00871665 0.219143 3783.09 1
-0.0332362 -0.00868668 0.218429 3831.73 1
-0.0310739 -0.0084682 0.218 3840 1
0.0172377 -0.00772391 0.218 1669.25 1
0.0186665 -0.00938636 0.2192 1550.4 1
-0.0387284 -0.00540486 0.22 3751.5 1
-0.0366775 -0.00517901 0.219333 3791.75 1
-0.0333225 -0.0051419 0.219 3833.24 1
-0.0307703 -0.00483642 0.2181 3840 1
0.0170147 -0.00509076 0.218727 1653.18 1
0.0176026 -0.00467806 0.2196 1597.4 1
-0.0364784 -0.00194578 0.22 3794.29 1
-0.0334289 -0.00181666 0.219694 3834.73 1
-0.0308557 -0.00209342 0.2187 3837.1 1
0.0169126 -0.00212728 0.218889 1691.11 1
0.017566 -0.00181383 0.219143 1611.57 1
-0.0356237 0.000330925 0.22 3834.25 1
-0.0334742 0.00176487 0.22 3835.21 1
-0.0303179 0.00188661 0.219 3840 1
0.0166794 0.00160554 0.22 1683.5 1
0.0176347 0.000330925 0.22 1621 1
-0.0326594 0.00525133 0.22 3786.32 1
-0.0304204 0.00507236 0.219407 3837.74 1
0.0154148 0.00532542 0.219 1725.21 1
-0.0319219 0.00851638 0.22 3029.81 1
-0.0299747 0.00889745 0.219892 3816.54 1
0.015443 0.00857892 0.2194 1609.7 1
-0.0318024 0.0108465 0.22 3644.25 1
-0.0296345 0.0122731 0.219857 3824.91 1
-0.0272022 0.0129695 0.2195 3694.88 1
0.0153914 0.0117295 0.218667 1408.67 1
-0.0290271 0.0156676 0.22 3838.07 1
-0.0266488 0.0159911 0.22 3840 1
0.0153679 0.0166946 0.218333 1494.83 1
-0.0283792 0.0188926 0.22 3838.89 1
-0.0264723 0.0192655 0.22 3839.34 1
-0.0243988 0.0204062 0.22 3840 1
0.0149773 0.019235 0.219 1434.12 1
-0.02822 0.0213622 0.22 3820.5 1
-0.0259738 0.0223117 0.22 3833.35 1
-0.0237506 0.0227278 0.22 3838.86 1
0.0134513 0.0240098 0.218 1775 1
0.0144638 0.0226925 0.219 1496 1
-0.0250675 0.0267155 0.22 3840 1
-0.0229074 0.026537 0.22 3840 1
-0.0201742 0.0272743 0.2195 3695 1
0.0134777 0.0261932 0.218429 1724.93 1
0.0145299 0.0260942 0.22 1316.3 1
-0.0251153 0.0285319 0.22 3840 1
-0.0228034 0.0297268 0.22 3840 1
-0.0192615 0.0298415 0.219054 3840 1
0.0134718 0.0295788 0.218333 1632.5 1
-0.0220757 0.032334 0.22 3840 1
-0.0198471 0.032651 0.22 3840 1
0.0133552 0.0340326 0.219 1643.83 1
-0.0180938 0.0377091 0.22 3840 1
-0.0166767 0.0377729 0.22 3840 1
0.0128304 0.0369827 0.218167 1547.58 1
-0.018667 0.0402425 0.22 3836.29 1
-0.015862 0.0402933 0.22 3840 1
-0.0138904 0.0407204 0.22 3840 1
0.012593 0.0403425 0.218167 1549.83 1
-0.0182803 0.0433152 0.22 3835.43 1
-0.0158945 0.0436195 0.22 3837.98 1
-0.0138904 0.043907 0.22 3840 1
0.0103747 0.0448498 0.218 2209.5 1
0.0118335 0.0435932 0.218333 1653.5 1
-0.0177117 0.0459782 0.22 3832.33 1
-0.0155456 0.0468453 0.22 3834.56 1
-0.013027 0.0478534 0.22 3840 1
0.0102797 0.0475881 0.219333 2328.44 1
0.0113164 0.0469738 0.219733 1703.2 1
-0.0146069 0.0493241 0.22 3840 1
-0.0123133 0.0508122 0.22 3840 1
-0.00911951 0.0519537 0.219286 3840 1
-0.00496961 0.0518014 0.218118 3840 1
-0.00306733 0.051907 0.218 3840 1
0.00994879 0.0507746 0.219042 2529.67 1
0.010904 0.0507933 0.219125 1719.75 1
-0.0115845 0.0536425 0.22 3835.52 1
-0.00865953 0.054236 0.219721 3839.77 1
-0.00513884 0.0543181 0.218458 3840 1
-0.00287801 0.0543226 0.218 3840 1
0.00994063 0.0542978 0.218857 2288.33 1
-0.00807899 0.0575295 0.22 3833.28 1
-0.00532988 0.0577463 0.218956 3836.28 1
-0.00295348 0.0577909 0.218571 3840 1
0.00996452 0.0577661 0.219381 2101.71 1
-0.00765441 0.0610081 0.22 3812.44 1
-0.00528303 0.0611499 0.219551 3817.9 1
-0.00169874 0.0612016 0.219017 3838.19 1
0.0015655 0.0619946 0.218462 3742.27 1
0.003985 0.0626112 0.218 3840 1
0.00942103 0.0614827 0.219151 2319.91 1
-0.0048874 0.0643009 0.22 3768.94 1
-0.00170746 0.0647333 0.219375 3822.79 1
0.00188117 0.0647501 0.218127 3836.75 1
0.00512187 0.0649051 0.218 3838.61 1
0.0086156 0.0646277 0.2187 2824.72 1
-0.00433737 0.0682044 0.22 3718.42 1
-0.00176832 0.0681616 0.219407 3756.25 1
0.0018871 0.0682772 0.218362 3799.23 1
0.00516828 0.0682948 0.218 3833.59 1
0.00791514 0.0682087 0.2193 3296.3 1
-0.00421796 0.0708333 0.22 3658.5 1
-0.00155519 0.0716773 0.2195 3693.38 1
0.00180241 0.0716521 0.218461 3716.71 1
0.00516828 0.0716103 0.218 3797.67 1
0.00782151 0.071669 0.218742 3095.55 1
-0.00127242 0.0749969 0.219944 3618.83 1
0.00192179 0.0751169 0.218826 3648.22 1
0.00514411 0.0751514 0.218055 3683.35 1
0.00772295 0.0751357 0.2193 2889.8 1
-0.000345556 0.0782079 0.22 3518.64 1
0.00181231 0.0787114 0.219615 3547.29 1
0.00522586 0.0788093 0.219023 3559.19 1
0.00780648 0.0785614 0.219867 2382.73 1
-0.000950345 0.0830611 0.219818 723.091 1
0.00187141 0.0820073 0.219829 1701.86 1
0.00521569 0.0819402 0.22 2636.39 1
0.00736514 0.0813489 0.22 2407.83 1
-0.00150071 0.0855672 0.219708 523.292 1
0.00186361 0.0854994 0.219 505.452 1
0.00424102 0.0857373 0.219 495.625 1
-0.0569071 -0.0572998 0.223867 2055.27 1
-0.0542596 -0.0570951 0.222581 2066.52 1
-0.0507764 -0.0569345 0.2215 2122.96 1
-0.0483296 -0.0569089 0.221 2121.43 1
-0.0568435 -0.0548031 0.224 2890.33 1
-0.0541906 -0.0543339 0.22268 3028 1
-0.0507103 -0.054218 0.221214 3109.67 1
-0.0485009 -0.0541652 0.221 3253.71 1
0.0207491 -0.0550589 0.222667 1088.33 1
0.0224285 -0.054092 0.2224 1005.6 1
-0.0577397 -0.050335 0.224 2994.36 1
-0.0542774 -0.0507513 0.223036 3123.12 1
-0.0507704 -0.0507365 0.221267 3190.78 1
-0.0485574 -0.0505216 0.221 3266.35 1
0.0235443 -0.0506714 0.221667 1163.75 1
0.0248956 -0.0510217 0.223 1092.75 1
-0.0579134 -0.0471137 0.224 3041.78 1
-0.0543969 -0.0472223 0.223531 3189.86 1
-0.0507972 -0.0472602 0.2218 3249.31 1
-0.0485009 -0.0472029 0.221 3326.79 1
0.0231763 -0.0473339 0.22275 1267.25 1
-0.0566975 -0.0432203 0.224 3131.6 1
-0.054268 -0.0437203 0.223 3200.59 1
-0.0507433 -0.0436728 0.221357 3330.95 1
-0.0486509 -0.0437518 0.221 3393.62 1
0.0233985 -0.0436563 0.223333 1266.96 1
-0.0568191 -0.0401178 0.224 3158.81 1
-0.0541196 -0.0401733 0.22251 3241.88 1
-0.0507596 -0.0403177 0.221429 3351.45 1
-0.0482979 -0.0401299 0.221 3446.15 1
0.0232148 -0.0401897 0.222909 1283.77 1
-0.0571839 -0.0368935 0.224 3142.39 1
-0.0542187 -0.0367538 0.22292 3224.96 1
-0.0508356 -0.0368872 0.221568 3309.95 1
-0.0479411 -0.0368262 0.221 3497.67 1
0.0225298 -0.0367041 0.222857 1345.79 1
-0.0566975 -0.0342169 0.224 3237.62 1
-0.0544286 -0.0332547 0.223434 3321.43 1
-0.0507095 -0.0332634 0.221391 3391.59 1
-0.0481011 -0.0331184 0.221 3472.14 1
0.0219032 -0.0330556 0.222824 1391.53 1
-0.0540493 -0.0299401 0.2235 3349.5 1
-0.0507947 -0.0297046 0.222163 3453.59 1
-0.0472778 -0.0296457 0.221149 3570.74 1
0.0219372 -0.0295937 0.222964 1379.14 1
-0.0537173 -0.0261145 0.223852 3348.15 1
-0.0507441 -0.0262019 0.222611 3419.67 1
-0.0472341 -0.0261692 0.221804 3599.88 1
-0.0445718 -0.0257588 0.221091 3644.23 1
0.020446 -0.0247471 0.222 1489.5 1
0.0215418 -0.0262204 0.2232 1416.07 1
-0.053565 -0.0227371 0.224 3351.35 1
-0.0507276 -0.0227355 0.223233 3459.67 1
-0.0473675 -0.0226202 0.222429 3587.31 1
-0.0445367 -0.0224921 0.221519 3627.11 1
0.0203671 -0.0224885 0.221143 1502.07 1
0.0215064 -0.0238896 0.223 1419.25 1
-0.0532292 -0.0199368 0.224 3343.68 1
-0.0507817 -0.0193418 0.223643 3441.67 1
-0.0473935 -0.0192474 0.222551 3581.59 1
-0.0440302 -0.0190126 0.221463 3672.39 1
0.0205249 -0.0192723 0.222857 1486.29 1
-0.0525637 -0.0174266 0.224 3384 1
-0.0506403 -0.015796 0.223825 3502.45 1
-0.0474408 -0.0158794 0.222775 3609.94 1
-0.0438214 -0.0157955 0.221592 3657.65 1
-0.0415435 -0.0152726 0.221 3703.8 1
0.0202261 -0.0154152 0.222455 1507.68 1
-0.05029 -0.0122119 0.223848 3472.27 1
-0.0473622 -0.0123184 0.222792 3583.47 1
-0.0438588 -0.0122438 0.221556 3681.76 1
-0.0415435 -0.0123917 0.221 3721.07 1
0.019923 -0.0128291 0.222111 1538 1
-0.0495241 -0.00884901 0.224 3488.31 1
-0.0470652 -0.00860286 0.223146 3589.9 1
-0.0436548 -0.00870587 0.222 3665.4 1
-0.0410871 -0.00879468 0.221125 3708.56 1
0.019046 -0.00739994 0.2225 1529.12 1
-0.0494025 -0.00598981 0.224 3497.62 1
-0.0469767 -0.00538661 0.223674 3608.63 1
-0.0438378 -0.00523357 0.222905 3674.31 1
-0.0406316 -0.00516617 0.221465 3737.7 1
-0.0384246 -0.00374889 0.221 3763 1
0.0190514 -0.00522703 0.222571 1544.86 1
-0.0465264 -0.00190343 0.224 3658.31 1
-0.0438561 -0.00184481 0.223 3658.79 1
-0.0404794 -0.00183381 0.221735 3711.41 1
-0.0381629 -0.00139176 0.221 3734.91 1
0.0188432 -0.00213207 0.2224 1520.7 1
-0.0463518 0.00128817 0.224 3646.23 1
-0.0435915 0.00172739 0.223111 3658.19 1
-0.0401328 0.00183672 0.222185 3710.67 1
-0.0369017 0.00183552 0.221 3777.39 1
0.0169939 0.00264503 0.2216 1654.4 1
0.0183678 0.00176648 0.2228 1552.65 1
-0.0459981 0.00350032 0.224 3645.5 1
-0.0436592 0.00522593 0.223778 3065.73 1
-0.0401641 0.00541483 0.222653 2653.04 1
-0.0365744 0.00538452 0.221408 3255.57 1
-0.0342538 0.00581728 0.221 3654.15 1
0.0168248 0.00539813 0.221905 1584.29 1
0.0180461 0.00499473 0.223111 1491.44 1
-0.0430931 0.00863409 0.223926 2825.52 1
-0.04015 0.00879677 0.222571 1995.47 1
-0.0366542 0.00877117 0.221898 1978.78 1
-0.0336889 0.00882763 0.221121 2038.06 1
0.0167803 0.00863698 0.222824 1391.76 1
0.0179553 0.00788037 0.224 1372 1
-0.0427397 0.0118711 0.224 2474.47 1
-0.0401937 0.0121967 0.222816 1887.55 1
-0.0367452 0.012177 0.222449 2200.69 1
-0.0333116 0.0122241 0.221378 3000 1
0.0167689 0.0122677 0.222909 1068.45 1
0.0179553 0.0120171 0.224 947 1
-0.0423506 0.0149371 0.224 3516.5 1
-0.040237 0.0155216 0.2236 3409.89 1
-0.0368195 0.0155903 0.222898 3619.71 1
-0.0332284 0.0157175 0.221709 3781.49 1
-0.0306995 0.0162256 0.221 3822.25 1
0.0165073 0.0156001 0.222333 1381.28 1
-0.0394812 0.0187819 0.224 3661.15 1
-0.0368227 0.0191218 0.22325 3697.29 1
-0.0333361 0.0193531 0.22206 3763.04 1
-0.0300757 0.0193706 0.221 3823.62 1
0.0166007 0.0194021 0.222143 1173.86 1
-0.0391894 0.0217506 0.224 3626.38 1
-0.0368645 0.0227532 0.223863 3694.25 1
-0.0332844 0.0228488 0.222837 3765.59 1
-0.0298998 0.0227457 0.221822 3805.11 1
-0.0272973 0.0235257 0.221154 3826.85 1
0.0161557 0.022696 0.221533 835.2 1
0.0178751 0.0226224 0.223 538.5 1
-0.0362714 0.0263739 0.224 3683.45 1
-0.0330237 0.0263055 0.223408 3747.76 1
-0.0297939 0.0262366 0.222833 3766.88 1
-0.026742 0.0260918 0.221405 3827.69 1
0.0158542 0.0261741 0.222286 967.929 1
-0.0357408 0.0293825 0.224 3675.05 1
-0.0330244 0.0297014 0.223408 3718 1
-0.0297031 0.029711 0.222511 3783.93 1
-0.0266121 0.0299432 0.221531 3822.57 1
-0.0240299 0.0313024 0.221 3840 1
0.0148287 0.0295749 0.222429 1203.36 1
-0.0328666 0.0329767 0.223488 3711.77 1
-0.0296836 0.033421 0.222917 3787.85 1
-0.0261497 0.0332807 0.22175 3828.65 1
-0.0229281 0.0338277 0.221 3837.96 1
-0.0201913 0.0344234 0.221 3840 1
0.014728 0.0332793 0.223 1508.06 1
-0.0321699 0.0360101 0.224 3736.73 1
-0.0296329 0.0368095 0.2236 3783.8 1
-0.0261017 0.036797 0.222286 3802.06 1
-0.0226275 0.036642 0.221347 3829.45 1
-0.0199914 0.0367842 0.221 3694.83 1
0.013698 0.0369908 0.222 1429.38 1
0.0147611 0.0362707 0.2235 1391.88 1
-0.0294662 0.0402632 0.223696 3732.28 1
-0.0261065 0.0401853 0.222327 3778.51 1
-0.0225624 0.0401347 0.221245 3828.81 1
-0.0203246 0.0399986 0.221 3824.22 1
0.0136363 0.0411456 0.221 1416.25 1
-0.0293402 0.0437358 0.223842 3733.45 1
-0.0261688 0.0436714 0.222857 3756.9 1
-0.0226871 0.0437665 0.221939 3804.98 1
-0.0199026 0.0440356 0.221214 3829.5 1
0.0134263 0.0433001 0.2225 1422.25 1
0.0140018 0.043456 0.223 1329.5 1
-0.0284899 0.0460842 0.224 3748.5 1
-0.0262258 0.0471944 0.223787 3747.68 1
-0.0228358 0.0471676 0.222755 3801.78 1
-0.0193763 0.0473318 0.221565 3820.41 1
-0.0169524 0.0481079 0.221 3839.75 1
0.0126461 0.0475892 0.222364 1433.18 1
-0.025441 0.0498466 0.224 3749.15 1
-0.0227888 0.0505507 0.223532 3777.85 1
-0.0193665 0.0508591 0.222531 3808.29 1
-0.0159263 0.0508057 0.221184 3839.96 1
0.0121853 0.0505428 0.222208 1442.83 1
-0.0223499 0.0539622 0.224 3766.47 1
-0.0193582 0.0542721 0.223178 3813.98 1
-0.0159311 0.0542305 0.221638 3818.38 1
-0.0129584 0.0548478 0.221 3838.04 1
0.0117001 0.0541393 0.222667 1490.5 1
-0.0216812 0.0563044 0.224 3761 1
-0.0195213 0.0577781 0.223679 3765.87 1
-0.0157708 0.0577174 0.222426 3804.31 1
-0.0120656 0.0578557 0.221551 3807.73 1
-0.00969161 0.0579934 0.221 3820.59 1
0.0113389 0.0577487 0.223 1477.14 1
-0.0189313 0.061247 0.223951 3698.71 1
-0.0156085 0.061154 0.22298 3736.82 1
-0.0120299 0.0613585 0.221765 3777.37 1
-0.00928235 0.061524 0.221 3780.47 1
0.0100376 0.0622725 0.221 1743 1
0.011099 0.0608893 0.223 1465.83 1
-0.0177906 0.0640911 0.224 3697 1
-0.0155751 0.0647733 0.223592 3697.55 1
-0.0121485 0.0648243 0.222128 3718.74 1
-0.00861681 0.0648452 0.221087 3759.46 1
-0.00615643 0.0655735 0.221 3753.62 1
-0.0151573 0.0680113 0.223937 3637.66 1
-0.0121054 0.0683274 0.222833 3672.02 1
-0.00871521 0.0682147 0.221702 3659.21 1
-0.00603647 0.0682744 0.221 3680.11 1
0.00958811 0.0683981 0.221667 1744.17 1
0.0106126 0.0681655 0.223 1371.33 1
-0.0144797 0.0711853 0.224 3611.77 1
-0.012156 0.0717874 0.2236 3592.22 1
-0.00872435 0.0717932 0.22244 3617.22 1
-0.00562289 0.0718849 0.221105 3630.55 1
-0.00339744 0.0728358 0.221 3679 1
0.0095449 0.0716774 0.2235 1665.75 1
0.0106602 0.0704179 0.224 1315.5 1
-0.014143 0.0738245 0.224 3554.5 1
-0.0119854 0.0751479 0.223955 3551.91 1
-0.00881517 0.0752568 0.222913 3569.15 1
-0.00530574 0.0752662 0.22168 3589.78 1
-0.00289096 0.0758502 0.221 3601.28 1
0.00867814 0.0761169 0.221 1892.33 1
-0.0114681 0.0789346 0.224 2745.54 1
-0.00876678 0.0786829 0.223286 3176.71 1
-0.0052869 0.0786693 0.221851 3348.28 1
-0.00212535 0.0789718 0.221 3432.47 1
0.00937814 0.078793 0.222429 1238.36 1
-0.014143 0.0838014 0.224 517 1
-0.0118951 0.0837054 0.223273 491.091 1
-0.00886575 0.0821041 0.223 739.154 1
-0.00512255 0.081163 0.2222 1546.73 1
-0.00177154 0.0814792 0.221087 1550.09 1
0.00643896 0.0836393 0.221 1041 1
0.00846957 0.081599 0.221111 1018.44 1
-0.0146293 0.0855047 0.224 553.278 1
-0.0121546 0.0857611 0.223565 547.413 1
-0.00869888 0.0859205 0.222722 543.574 1
-0.00531652 0.0858187 0.221931 528.672 1
-0.00339744 0.0858 0.221 524.25 1
-0.0120638 0.0881436 0.22375 533.75 1
-0.00900239 0.0879447 0.222444 513 1
-0.00606378 0.0878764 0.222 504 1
-0.0665746 -0.0561289 0.227 2643 1
-0.0642952 -0.0568071 0.227 2695.69 1
-0.0610748 -0.0575577 0.226059 2212.76 1
-0.0586604 -0.0573453 0.225 2184.06 1
0.0209665 -0.0568565 0.225 910.5 1
0.0222778 -0.0565643 0.2254 728.8 1
-0.0665746 -0.0546493 0.227 2695.4 1
-0.0647015 -0.0541946 0.226476 2828.26 1
-0.0612267 -0.0542765 0.225449 2904.69 1
-0.0583235 -0.0539656 0.225 2884.03 1
0.0233707 -0.0556357 0.227 887 1
0.0251189 -0.0527013 0.225 1023.5 1
-0.0642778 -0.0508073 0.2265 2850.44 1
-0.0614117 -0.0507921 0.225348 2951.13 1
-0.0586604 -0.0519681 0.225 2947.67 1
0.0251374 -0.0502117 0.225167 1129.67 1
-0.0668211 -0.0462651 0.227 2867.17 1
-0.0647015 -0.0471427 0.226476 2925.31 1
-0.0614396 -0.0472304 0.225333 2972.88 1
0.0241776 -0.0466583 0.225333 1212.08 1
0.0252751 -0.0476172 0.2264 1143.8 1
-0.0668211 -0.0447855 0.227 2884.83 1
-0.0647329 -0.0437162 0.226864 2935.2 1
-0.0612041 -0.0437917 0.22575 3009.92 1
-0.058233 -0.0440549 0.225 3086.03 1
0.0241418 -0.0448798 0.225 1229.5 1
0.0252398 -0.0438699 0.226083 1166.58 1
-0.0641104 -0.0403468 0.227 2964.26 1
-0.0612148 -0.0402251 0.22631 3048.64 1
-0.0584859 -0.0404453 0.225 3151.14 1
0.0241419 -0.0402846 0.225 1236.1 1
0.0252677 -0.0417021 0.226333 1164.83 1
-0.0642747 -0.0369493 0.227 2973.11 1
-0.0612326 -0.0366944 0.225583 3044.42 1
-0.0587825 -0.0363861 0.225 3121.25 1
0.0235249 -0.0365309 0.2266 1292 1
-0.0634204 -0.0346258 0.227 3012.6 1
-0.0612274 -0.0333464 0.226357 3090.88 1
-0.0581196 -0.0330003 0.225111 3218.19 1
0.0233413 -0.0333997 0.226714 1316.29 1
-0.0613609 -0.0297234 0.226854 3155.96 1
-0.0579034 -0.0297244 0.225478 3231.43 1
-0.055363 -0.0287479 0.225 3355 1
0.0237149 -0.0295516 0.226846 1288.77 1
-0.0607836 -0.0260854 0.227 3182.11 1
-0.0578485 -0.026361 0.226128 3192.17 1
-0.0554858 -0.0264239 0.2252 3308.13 1
0.0227915 -0.0264335 0.226143 1340.43 1
-0.0600443 -0.0235783 0.227 3190.12 1
-0.057653 -0.0227408 0.226381 3235.88 1
-0.0555028 -0.0228895 0.225071 3273.64 1
0.022036 -0.0223793 0.225571 1384.57 1
-0.0576173 -0.0191107 0.226657 3242.83 1
-0.0547526 -0.0188439 0.225111 3359.75 1
0.0218198 -0.0193191 0.22625 1388 1
-0.0596747 -0.0156873 0.227 3182.86 1
-0.05786 -0.0156627 0.226643 3289.74 1
-0.0543343 -0.0155688 0.225286 3401.94 1
-0.0523098 -0.015549 0.225 3491.43 1
0.0218921 -0.0157859 0.227 1396.4 1
-0.0596747 -0.0129747 0.227 3188.75 1
-0.0577388 -0.0122856 0.226538 3241.9 1
-0.054364 -0.0121486 0.225408 3346.08 1
-0.0519716 -0.0116759 0.225 3427.23 1
0.0207223 -0.0111494 0.225 1481.83 1
-0.057479 -0.00879479 0.226939 3258.06 1
-0.0542799 -0.00873125 0.225941 3344.49 1
-0.0512486 -0.0087052 0.225 3427.55 1
0.0202182 -0.00866071 0.2255 1462.25 1
0.0216457 -0.0075496 0.227 1383.5 1
-0.0566472 -0.00585866 0.227 3323.93 1
-0.0541148 -0.00534976 0.226542 3363.98 1
-0.0508704 -0.00511412 0.225176 3473.38 1
-0.048646 -0.00430559 0.225 3591 1
0.0206805 -0.0052012 0.225273 1440.82 1
0.0214803 -0.00614851 0.226 1387 1
-0.0535971 -0.00197556 0.226933 3363.33 1
-0.0507407 -0.00186617 0.225619 3458.79 1
-0.0484262 -0.00178803 0.225 3611.15 1
0.0198368 -0.00137416 0.225111 1467.33 1
0.0210597 -0.00334269 0.226 1407 1
-0.0539577 0.00150045 0.227 3375.55 1
-0.050817 0.00160333 0.226139 3485.12 1
-0.0481094 0.00173029 0.225038 3644.27 1
0.0198079 0.00156707 0.225714 1449.43 1
-0.0532677 0.00391709 0.227 3365.62 1
-0.0506931 0.0052626 0.2265 3447.68 1
-0.0472742 0.0053072 0.225239 3337.37 1
-0.0452265 0.00644902 0.225 1711.33 1
0.0193826 0.00536676 0.226067 1398.53 1
-0.0503057 0.00872998 0.226909 3405.03 1
-0.0473123 0.00891864 0.225619 2337.21 1
-0.0448712 0.00915989 0.225 1840.73 1
0.0186151 0.00905828 0.226083 1184.5 1
-0.0493248 0.0119314 0.227 3387 1
-0.047283 0.0124187 0.2265 3292.09 1
-0.0443429 0.012443 0.225172 3066.62 1
0.0190468 0.0124235 0.226182 791.955 1
-0.047007 0.0157859 0.22675 3519.95 1
-0.0438717 0.0158987 0.225375 3610.7 1
-0.0413183 0.0172036 0.225 3655.5 1
0.0183886 0.0154933 0.225846 1203.62 1
-0.0464783 0.0186462 0.226937 3528.62 1
-0.0437394 0.0192328 0.226468 3576.64 1
-0.0409631 0.0194256 0.225 3646.55 1
0.0181897 0.0193701 0.2263 1248 1
-0.0434196 0.0228796 0.226611 3586.22 1
-0.0405893 0.0228306 0.2254 3618.86 1
-0.0381431 0.0240475 0.225 3651 1
0.0180969 0.0215514 0.22575 895.25 1
-0.0436355 0.0260734 0.226854 3572.9 1
-0.0401178 0.026165 0.225423 3623.04 1
-0.0381431 0.0262473 0.225 3638 1
0.016889 0.0275915 0.226 990.5 1
-0.0434106 0.0296863 0.227 3533.43 1
-0.040321 0.0296379 0.225891 3577.98 1
-0.0372853 0.0302009 0.225038 3656.96 1
0.016353 0.0300082 0.226111 1067.61 1
-0.0430315 0.0322661 0.227 3553.54 1
-0.0403497 0.0330531 0.226766 3572.17 1
-0.0367558 0.0332983 0.22566 3643.98 1
-0.0344793 0.0343132 0.225 3636 1
0.0163137 0.0330102 0.226385 1374.46 1
-0.0392566 0.0356046 0.227 3597 1
-0.0368099 0.0367274 0.226391 3653.63 1
-0.0336747 0.0370162 0.225 3706.62 1
0.0156545 0.0370223 0.225875 1249.31 1
-0.0366371 0.0401326 0.226325 3645.1 1
-0.0332955 0.0402234 0.225245 3697.8 1
-0.0313039 0.0401794 0.225 3717.43 1
0.0150953 0.0399444 0.226429 1240.5 1
-0.0363697 0.043615 0.22671 3675.26 1
-0.03332 0.0436809 0.225408 3700.16 1
-0.0311411 0.0439272 0.225 3705.11 1
0.0136995 0.0450226 0.226 1359.5 1
0.0148425 0.0435729 0.226857 1287.5 1
-0.0356482 0.0467631 0.227 3652.25 1
-0.0332073 0.0472988 0.22631 3660.6 1
-0.0299714 0.0474305 0.225178 3732.27 1
-0.0276401 0.0489786 0.225 3727 1
0.0136649 0.0471109 0.225429 1338.57 1
0.0144463 0.047524 0.226714 1236.43 1
-0.0320882 0.0506504 0.226875 3651.06 1
-0.0298554 0.0507452 0.22595 3653.52 1
-0.026698 0.0512133 0.225 3699.09 1
-0.0244648 0.0521561 0.225 3769 1
0.0134145 0.0514997 0.225333 1254.83 1
0.0144994 0.0501537 0.227 1189.5 1
-0.0294139 0.0541696 0.226682 3674.2 1
-0.0262216 0.0543215 0.225676 3720.32 1
-0.0240338 0.0546434 0.225 3731 1
0.0131373 0.0543985 0.225952 1295.33 1
0.0144994 0.0553322 0.227 1148 1
-0.0286251 0.0565652 0.227 3608.83 1
-0.0260234 0.0576681 0.226488 3655.77 1
-0.0228093 0.0578321 0.225 3694.22 1
0.0128198 0.0574653 0.226333 1268.06 1
-0.0257159 0.0608784 0.226875 3658.22 1
-0.0226603 0.0612568 0.225522 3674.3 1
-0.020459 0.0620797 0.225 3664.6 1
0.0120224 0.0614278 0.22675 1272.94 1
-0.0249287 0.0634699 0.227 3608.25 1
-0.0226474 0.0648279 0.226447 3605.32 1
-0.0194444 0.0648644 0.225108 3640.3 1
0.0115732 0.0642541 0.226 1300 1
-0.0227545 0.0681865 0.226783 3566.04 1
-0.0190379 0.0681778 0.22528 3613.16 1
-0.0166487 0.0690212 0.225 3631.75 1
0.0114575 0.0691242 0.225333 1222.5 1
-0.021758 0.0710157 0.227 3455.73 1
-0.0193128 0.0717029 0.226463 3568.95 1
-0.0160659 0.0720745 0.225375 3572.56 1
0.0102799 0.0723822 0.226333 1425 1
0.0110593 0.0715533 0.2262 1274.8 1
-0.0212323 0.0738269 0.227 3520 1
-0.0189497 0.0748392 0.227 3495.61 1
-0.0157345 0.0753196 0.225711 3493.29 1
-0.0135082 0.0761444 0.225 3587.29 1
0.00969411 0.0752654 0.227 1531.25 1
0.010803 0.0738269 0.227 1301.5 1
-0.0184231 0.0780683 0.227 3080.85 1
-0.0157112 0.0785468 0.225844 2832.36 1
-0.0132291 0.0787982 0.225 2811.52 1
0.00988747 0.0782665 0.226545 1298.91 1
0.0112543 0.0796237 0.226923 821.077 1
-0.0218484 0.0831358 0.227 445.438 1
-0.0207395 0.0831975 0.227 469 1
-0.0160531 0.0831526 0.2262 409.4 1
-0.0132291 0.0807535 0.225 417.333 1
0.0102647 0.0808669 0.226 820 1
0.0107554 0.0808669 0.226 579 1
-0.0246823 0.0873897 0.227 551 1
-0.0224403 0.0860337 0.226814 553.698 1
-0.0190816 0.0864938 0.226875 554.906 1
-0.0163707 0.0855921 0.225706 543.706 1
-0.0283787 0.089609 0.227 458.25 1
-0.0261098 0.0890733 0.227 509.138 1
-0.0227029 0.0888338 0.226758 523.576 1
-0.0192745 0.0886432 0.226273 531.515 1
-0.0156931 0.0884428 0.225286 538.214 1
-0.0137176 0.0883307 0.225 545.5 1
-0.074945 -0.0603687 0.23 537.067 1
-0.0709889 -0.060939 0.229267 515.667 1
-0.0682309 -0.06079 0.229581 518.548 1
-0.0650905 -0.0606423 0.22892 480.52 1
-0.0629077 -0.0600914 0.228 392 1
-0.074945 -0.0578701 0.23 2199.2 1
-0.0717652 -0.057643 0.229622 2374.4 1
-0.0682427 -0.0578354 0.228692 2296.77 1
-0.0649468 -0.0583267 0.22813 1990.65 1
-0.0629077 -0.0591007 0.228 1237 1
0.0240466 -0.056871 0.2292 611.4 1
0.024928 -0.0568707 0.23 486 1
-0.0746953 -0.0543721 0.23 2605.68 1
-0.0718589 -0.0541117 0.229047 2663.3 1
-0.0685161 -0.0541569 0.228067 2722.2 1
0.0244286 -0.0556215 0.23 897 1
0.024928 -0.0556215 0.23 849.5 1
-0.0746239 -0.0517308 0.23 2626.86 1
-0.0718669 -0.0508148 0.229735 2699.71 1
-0.0683271 -0.0508432 0.228738 2736.12 1
-0.0661254 -0.0506795 0.228 2827.58 1
0.0265985 -0.050479 0.229333 1072.67 1
-0.0741959 -0.0471264 0.23 2612.92 1
-0.0718292 -0.0472966 0.229612 2679.73 1
-0.0683314 -0.0475 0.228265 2792.32 1
0.0263703 -0.0472749 0.2295 1094.31 1
-0.0741959 -0.0451276 0.23 2634 1
-0.0718166 -0.0437965 0.229571 2758.69 1
-0.068272 -0.0435534 0.228171 2852.17 1
-0.0661254 -0.0420106 0.228 2992.5 1
0.0264438 -0.0420106 0.228 1098.5 1
-0.0714274 -0.0403944 0.229622 2785.43 1
-0.0682918 -0.0401375 0.228619 2834.95 1
-0.0661254 -0.0400292 0.228 2958.5 1
0.0256964 -0.0405943 0.2284 1159.1 1
-0.0713616 -0.0368359 0.229714 2772.17 1
-0.0683341 -0.0366833 0.228762 2855.21 1
-0.0659054 -0.0362864 0.228 2949 1
0.0243679 -0.0367901 0.229429 1245.14 1
0.0248661 -0.0367901 0.229429 1214.14 1
-0.0709223 -0.033662 0.23 2764.33 1
-0.0683729 -0.03326 0.229511 2872.34 1
-0.0648298 -0.0331177 0.228167 2999.05 1
0.0243679 -0.0333008 0.229429 1264.71 1
0.0248661 -0.0333008 0.229429 1232.86 1
-0.0707003 -0.0313855 0.23 2748 1
-0.0683275 -0.0298307 0.229571 2829.12 1
-0.0647021 -0.0296547 0.228214 3007.6 1
0.0243224 -0.030254 0.229 1255 1
0.0248196 -0.0292589 0.229 1215.2 1
-0.0683275 -0.0263393 0.229571 2898.94 1
-0.0648104 -0.0262268 0.228595 2967.43 1
-0.0626602 -0.0259113 0.228 3071.83 1
0.0239174 -0.0262558 0.228857 1263.5 1
0.0251229 -0.0275771 0.2295 1189 1
-0.0684001 -0.0229543 0.23 2863.28 1
-0.0649256 -0.0227902 0.229 3026.29 1
-0.06164 -0.0224981 0.228 3120.61 1
-0.0594426 -0.0217007 0.228 3241.33 1
0.0236334 -0.0227088 0.229091 1290.09 1
-0.0674878 -0.0199922 0.23 2865.67 1
-0.0649666 -0.0193209 0.229143 2974.17 1
-0.0614227 -0.0192239 0.228 3137.12 1
-0.0594426 -0.0192239 0.228 3208.57 1
0.0232902 -0.0195743 0.228889 1308.56 1
-0.0669551 -0.0166442 0.23 2947 1
-0.0649314 -0.0158846 0.229341 3026.56 1
-0.0616467 -0.0157941 0.228024 3139.59 1
0.0228397 -0.0161413 0.229429 1332 1
-0.0644029 -0.0123851 0.2298 3043.66 1
-0.0614272 -0.0122337 0.228447 3143.34 1
-0.0594426 -0.0112981 0.228 3203.33 1
0.0221172 -0.0126084 0.229333 1391.75 1
-0.0642364 -0.00912075 0.23 3037.48 1
-0.0614073 -0.00885382 0.228857 3077.38 1
-0.0592626 -0.00855107 0.228 3171.09 1
0.020751 -0.00906895 0.228 1422.25 1
0.0218697 -0.00912199 0.229333 1355.83 1
-0.0637592 -0.00605031 0.23 3068.9 1
-0.061322 -0.00536289 0.229348 3156.78 1
-0.0582136 -0.00518917 0.228033 3255.53 1
-0.0559774 -0.00386763 0.228 3324 1
0.0221815 -0.00515083 0.23 1334.25 1
-0.0609004 -0.00207602 0.229706 3155.68 1
-0.0578017 -0.00188851 0.228357 3223.07 1
-0.0555084 -0.00172975 0.228 3293.42 1
0.020751 -0.0016385 0.228 1452.67 1
0.0216203 -0.00124448 0.2288 1388.5 1
-0.0605769 0.00132267 0.23 3200.64 1
-0.0577896 0.00158414 0.22831 3277.93 1
-0.0558124 0.00191161 0.228 3303.56 1
0.0208551 0.00159147 0.229143 1385 1
0.0216189 0.00113801 0.229091 1343.55 1
-0.0602137 0.00409378 0.23 3216.33 1
-0.0578628 0.00514156 0.229196 3183.09 1
-0.0545721 0.00521255 0.228108 3325.92 1
0.0209071 0.0050878 0.229714 1295 1
0.0214058 0.0050878 0.229714 1243.71 1
-0.0574682 0.00841251 0.229667 3212.14 1
-0.0540747 0.00869709 0.22832 3318.04 1
-0.0517202 0.00965578 0.228 3348.9 1
0.0202504 0.00877375 0.229333 1059 1
0.0214324 0.0073419 0.23 972.5 1
-0.0572175 0.0120891 0.23 3211.14 1
-0.0542637 0.0121263 0.228848 3306.46 1
-0.0508852 0.0125509 0.228081 3384.49 1
0.020184 0.0123889 0.23 670.8 1
-0.0570178 0.0152873 0.23 3289.75 1
-0.0543129 0.0155422 0.229327 3323.43 1
-0.0505537 0.0158262 0.228234 3433.96 1
-0.0483046 0.017433 0.228 3484.5 1
0.019783 0.0164589 0.22825 1208.25 1
-0.0543498 0.019015 0.229955 3278.89 1
-0.0507201 0.0193281 0.228706 3429.71 1
-0.0475444 0.0198921 0.228 3536.11 1
0.0196818 0.0192358 0.2288 1210.85 1
-0.0564685 0.0223331 0.23 3243.75 1
-0.0544522 0.0225747 0.229918 3258.41 1
-0.05067 0.0228725 0.228612 3374.71 1
-0.047098 0.022851 0.228 3505.54 1
-0.0449455 0.0223866 0.228 3532.43 1
0.0190185 0.0231297 0.228 556.25 1
-0.0536563 0.0255024 0.23 3280.68 1
-0.050738 0.0263353 0.229064 3412.36 1
-0.0471639 0.0264142 0.228 3492.46 1
-0.0450869 0.0270926 0.228 3526.25 1
0.0181075 0.0269627 0.229 936.3 1
-0.0529729 0.0280798 0.23 3231 1
-0.0507548 0.0296552 0.229692 3394.28 1
-0.0471213 0.0298211 0.228511 3429.4 1
-0.0450869 0.0298171 0.228 3470.43 1
0.0170384 0.0293217 0.228 972.333 1
0.0181602 0.029787 0.229667 1060.5 1
-0.0500675 0.0320775 0.23 3431.91 1
-0.0473669 0.0331917 0.229333 3426.78 1
-0.0440138 0.0337418 0.228065 3552.58 1
0.0170384 0.0345231 0.228 1369.5 1
0.0181866 0.0330769 0.23 1285.5 1
-0.046692 0.0360388 0.229944 3370.22 1
-0.0437385 0.0368243 0.229043 3520.3 1
-0.0404424 0.0370304 0.228105 3565.97 1
0.0171131 0.0366646 0.229 1260.67 1
0.0181866 0.0350757 0.23 1298 1
-0.0459818 0.0400728 0.23 3415.57 1
-0.0438769 0.0402576 0.229429 3477.76 1
-0.0402539 0.0402828 0.228298 3554.68 1
-0.0381566 0.0412105 0.228 3619.67 1
0.0166069 0.0401674 0.229304 1245.48 1
-0.0459818 0.043321 0.23 3441.33 1
-0.0439329 0.0435869 0.229545 3475.23 1
-0.040246 0.0438053 0.228612 3562.76 1
-0.0378866 0.0441376 0.228 3631.91 1
0.0157757 0.0438635 0.229222 1219.56 1
-0.043485 0.0467877 0.23 3437.88 1
-0.0402655 0.0473027 0.229021 3544 1
-0.0372519 0.0474623 0.228 3634.66 1
0.0153517 0.0473579 0.229304 1208.83 1
-0.0427359 0.0495673 0.23 3414.67 1
-0.0404872 0.0506622 0.229659 3525.77 1
-0.0366982 0.0506523 0.228565 3590.15 1
-0.0339099 0.0510442 0.2282 3617.36 1
0.0159829 0.0507659 0.2294 1140.4 1
-0.0398415 0.0537315 0.23 3528.26 1
-0.0369508 0.0541968 0.229659 3561.79 1
-0.0332936 0.0542103 0.228375 3641.71 1
-0.0312263 0.0550806 0.228 3662.67 1
0.015263 0.0538178 0.229833 1161.79 1
-0.0389907 0.0570629 0.23 3494.6 1
-0.0369407 0.0575067 0.229733 3481.44 1
-0.0332973 0.0577123 0.228612 3579.67 1
-0.0299627 0.0578703 0.228 3623.76 1
-0.0277611 0.0585482 0.228 3650.67 1
0.0135732 0.0585482 0.228 1170.5 1
0.0146271 0.0570636 0.229 1139.88 1
-0.0361988 0.0606518 0.23 3500 1
-0.0334227 0.0611721 0.229476 3543.55 1
-0.0297903 0.0611563 0.228604 3602.29 1
-0.0272661 0.0616347 0.228 3623.23 1
0.0133929 0.0614794 0.228667 1075.67 1
0.014691 0.0608108 0.23 1015.58 1
-0.0327986 0.0642837 0.23 3484.23 1
-0.0295738 0.0647013 0.229 3496.6 1
-0.0264015 0.0648196 0.228239 3563.78 1
0.0127333 0.0646282 0.228966 1141.52 1
-0.0319996 0.0669322 0.23 3489.88 1
-0.0296643 0.0680165 0.229765 3480.09 1
-0.0263248 0.0682939 0.228408 3510.86 1
0.012138 0.0678167 0.228917 1186.58 1
-0.0290802 0.0717659 0.23 3462.38 1
-0.0263691 0.0717451 0.228796 3469.32 1
-0.0232042 0.0721579 0.22803 3470.82 1
0.0121733 0.0719707 0.228727 1144.23 1
-0.0296359 0.0751191 0.23 3255.47 1
-0.0262278 0.0750854 0.229119 3378.76 1
-0.02289 0.0754184 0.228149 3385.55 1
-0.0204258 0.0761561 0.228 3480 1
0.0103556 0.0758859 0.228 1305.2 1
0.0113863 0.0754888 0.2288 1204 1
-0.0290311 0.0776065 0.23 2346.78 1
-0.026112 0.0780275 0.229444 2350.48 1
-0.0227221 0.0783094 0.228152 2464.21 1
-0.0201108 0.0787905 0.228 2447.91 1
0.0103556 0.0778674 0.228 1263.33 1
0.011896 0.0780059 0.229043 1064.61 1
-0.0257342 0.0832353 0.229143 486.5 1
-0.0235049 0.0829901 0.228125 457.25 1
-0.0190982 0.083564 0.228 441.5 1
-0.0354437 0.0869186 0.229667 534.333 1
-0.034546 0.0868483 0.229857 545.714 1
-0.0283312 0.0861797 0.229846 546 1
-0.0262213 0.0857787 0.229125 548.375 1
-0.024026 0.0853428 0.228 548.818 1
-0.01946 0.0851263 0.228 526.308 1
-0.0402391 0.0905434 0.23 505.333 1
-0.0365747 0.0892778 0.229195 491.439 1
-0.0333252 0.0889987 0.228827 494.577 1
-0.0298 0.0889704 0.228714 518.429 1
-0.026677 0.0879322 0.22825 554.938 1
-0.0402391 0.0910431 0.23 276.833 1
-0.0382417 0.0910431 0.23 289 1
-0.082117 -0.060703 0.233762 861.429 1
-0.0790958 -0.0606075 0.232407 806.778 1
-0.0747279 -0.0611481 0.232 564.786 1
-0.0726274 -0.0606402 0.231714 651.143 1
-0.0695032 -0.0608821 0.231 417.5 1
-0.0821952 -0.0577546 0.233571 1872.43 1
-0.0789866 -0.0576993 0.232333 2428.67 1
-0.0767127 -0.0574316 0.231 2372.12 1
0.0258445 -0.0564877 0.2315 608.75 1
-0.0821351 -0.0541617 0.2334 1775.71 1
-0.0789866 -0.0541659 0.232333 2509.55 1
-0.0765247 -0.0541067 0.231 2524.79 1
0.0267754 -0.0541817 0.231696 915.565 1
0.0287029 -0.0532852 0.233 905.909 1
-0.0822554 -0.0506861 0.233743 1712.91 1
-0.0788562 -0.0506542 0.232025 2477.5 1
-0.0757096 -0.0502485 0.231 2564.5 1
0.0277484 -0.0504637 0.232714 1038.29 1
0.0287645 -0.0508748 0.233235 1005.18 1
-0.0823135 -0.0471925 0.233824 1714.59 1
-0.0788758 -0.0472661 0.232098 2454.63 1
-0.0760231 -0.0470803 0.231 2559.89 1
0.0273153 -0.0468318 0.23225 1061 1
0.0282277 -0.0476397 0.2325 1012 1
-0.0822105 -0.0436027 0.233811 1753.59 1
-0.0789156 -0.0437673 0.232364 2461.98 1
-0.0755257 -0.0435636 0.231053 2601.74 1
0.0271993 -0.0432288 0.232333 1093.17 1
0.0282884 -0.0426788 0.233 1033.5 1
-0.0818199 -0.0404386 0.234 1967.67 1
-0.0787567 -0.0402639 0.233 2497.76 1
-0.0752076 -0.0401528 0.231571 2603.26 1
-0.0732647 -0.040054 0.231 2703.57 1
0.0266865 -0.0400051 0.233 1113.44 1
-0.0808208 -0.0367612 0.234 2381 1
-0.0787438 -0.0367851 0.233282 2498.77 1
-0.0751531 -0.0366057 0.231405 2605.12 1
-0.073202 -0.0363526 0.231 2701 1
0.0264294 -0.0366679 0.232538 1147.73 1
-0.0808208 -0.0349818 0.234 2444 1
-0.0785523 -0.0333795 0.233167 2537.78 1
-0.0751062 -0.0330646 0.231262 2617.9 1
-0.0725509 -0.0329118 0.231 2742.54 1
0.0261719 -0.0333185 0.232167 1167.54 1
-0.0779171 -0.0300624 0.2339 2520.9 1
-0.0751944 -0.0297226 0.232643 2614.95 1
-0.0719008 -0.0296058 0.231189 2736.24 1
0.0259175 -0.0300974 0.2332 1167.47 1
-0.0778879 -0.0260617 0.234 2590.82 1
-0.0750883 -0.0262004 0.232762 2655.17 1
-0.071944 -0.0262509 0.231484 2804.77 1
0.0240333 -0.0249975 0.231 1265 1
0.0253658 -0.0259015 0.231714 1186.14 1
-0.0778233 -0.0230852 0.234 2553.05 1
-0.0751578 -0.0226796 0.232976 2627.67 1
-0.0718573 -0.02279 0.231395 2772.32 1
-0.0697539 -0.0214844 0.231 2789 1
0.0240333 -0.0244957 0.231 1280 1
0.0255873 -0.022973 0.232158 1196 1
-0.0775185 -0.0194756 0.234 2575.33 1
-0.0753724 -0.0191914 0.233643 2644.48 1
-0.0717335 -0.019154 0.232 2770.35 1
-0.0688994 -0.0191423 0.231 2829 1
0.0240333 -0.018975 0.231 1276.8 1
0.0256017 -0.0191646 0.232407 1197.78 1
-0.0749431 -0.0157945 0.233974 2654.32 1
-0.0715221 -0.0155992 0.232535 2809.56 1
-0.0684025 -0.01572 0.231118 2862.88 1
-0.0662432 -0.014458 0.231 2911 1
0.0238368 -0.0152549 0.232214 1283.5 1
0.0250279 -0.0162028 0.23325 1255.42 1
-0.0744311 -0.0122211 0.234 2736.5 1
-0.0716825 -0.0120606 0.23319 2804.02 1
-0.0681615 -0.0123115 0.231548 2839.9 1
-0.0662432 -0.0124505 0.231 2972.71 1
0.0233797 -0.0120077 0.232706 1288.53 1
0.0248535 -0.013629 0.234 1203 1
-0.0742669 -0.00823997 0.234 2707.95 1
-0.0719807 -0.00862127 0.234 2813.82 1
-0.068267 -0.00890267 0.232075 2935.93 1
-0.065842 -0.00853583 0.231 2999.93 1
0.023282 -0.00951791 0.233 1303.3 1
-0.074424 -0.00535596 0.234 2684.14 1
-0.0717324 -0.00532283 0.233526 2798.13 1
-0.0682492 -0.00538575 0.232244 2880.11 1
-0.0651231 -0.00525687 0.231 3032.27 1
0.0224708 -0.00395245 0.233 1336 1
-0.0739621 -0.00346101 0.234 2697.5 1
-0.0717751 -0.00206761 0.233842 2780 1
-0.0681925 -0.00192305 0.23251 2875.57 1
-0.0645953 -0.00191332 0.231381 3046.24 1
-0.0624816 -0.00115817 0.231 3072.88 1
0.0224322 -0.00243089 0.2326 1360.4 1
-0.0709259 0.00135668 0.234 2810.43 1
-0.0681434 0.00155889 0.232932 2877.3 1
-0.0646884 0.00160744 0.231714 3032 1
-0.0621807 0.0019033 0.231 3141.45 1
0.022808 0.00136438 0.233 1289.67 1
-0.0701518 0.00518178 0.234 2868.71 1
-0.0682563 0.00517411 0.233595 2893.14 1
-0.0647362 0.00521371 0.232435 3000.74 1
-0.0615436 0.00521262 0.231125 3156.25 1
-0.0675798 0.0085817 0.234 2868.94 1
-0.0645421 0.00870322 0.233 3015 1
-0.0611227 0.00865011 0.231548 3112.31 1
-0.0589709 0.00963229 0.231 3167.5 1
0.0213056 0.00897772 0.231333 925.5 1
-0.0679841 0.0124562 0.233871 2855.97 1
-0.0647544 0.0122393 0.232857 2952.27 1
-0.0611979 0.0121855 0.231833 3110.6 1
-0.0589709 0.0121417 0.231 3194.93 1
0.0215143 0.0117726 0.2336 648.5 1
-0.0674422 0.0157076 0.234 2879.26 1
-0.0646279 0.0157671 0.233163 2988.12 1
-0.0612482 0.0157249 0.232024 3098.52 1
-0.0586527 0.0159415 0.231182 3204.23 1
0.021459 0.0154529 0.233 944.833 1
-0.0667224 0.0189086 0.234 2883.38 1
-0.0646461 0.0193373 0.233488 2917.59 1
-0.0613492 0.0192843 0.232405 3064.74 1
-0.0579748 0.0192307 0.231341 3138 1
-0.0557109 0.0199209 0.231 3246.5 1
0.021459 0.0183215 0.233 1158.5 1
-0.0643911 0.0226653 0.23369 2959.14 1
-0.0614245 0.0228478 0.23269 3049.57 1
-0.0582003 0.022747 0.231395 3146.24 1
0.0190163 0.0231154 0.232 607.333 1
-0.0636318 0.0258567 0.234 2981.39 1
-0.0609751 0.0263569 0.2331 3079.43 1
-0.0576569 0.0262822 0.231762 3179.24 1
-0.0549364 0.0266796 0.231043 3253.96 1
0.0191825 0.0258303 0.2336 737.2 1
-0.0611329 0.0295818 0.233735 3021.91 1
-0.0578026 0.0298319 0.23255 3170.62 1
-0.0543362 0.029813 0.231319 3256.19 1
0.019507 0.0295676 0.233857 1106 1
-0.0607529 0.0323811 0.234 3011 1
-0.0579563 0.0332312 0.233513 3114.64 1
-0.0542511 0.0331788 0.231952 3234.45 1
-0.0512099 0.0335961 0.231129 3314.48 1
0.0194951 0.0331042 0.233714 1243 1
-0.0570424 0.0365633 0.233957 3116.61 1
-0.0544439 0.0367061 0.232975 3191.1 1
-0.0508136 0.036819 0.231531 3324.69 1
-0.0479044 0.0372139 0.231 3346.13 1
0.0187494 0.0365383 0.232 1271.25 1
-0.0569195 0.0402454 0.233905 3077.67 1
-0.0544231 0.0401704 0.233048 3140.9 1
-0.050828 0.040349 0.231894 3235.87 1
-0.0476984 0.0402568 0.231057 3356.43 1
0.0170118 0.0417527 0.231 1277 1
0.0186328 0.0404273 0.233105 1251.37 1
-0.0566884 0.0428033 0.234 3087.33 1
-0.0542402 0.0436869 0.233574 3165.53 1
-0.0506805 0.04385 0.232316 3330.58 1
-0.047665 0.0439089 0.231351 3390.03 1
0.016827 0.0440343 0.231333 1166.67 1
0.0179692 0.0435053 0.233667 1149.25 1
-0.0539815 0.0471924 0.233737 3140.74 1
-0.0507568 0.0473055 0.232954 3241.43 1
-0.0471265 0.0472982 0.231762 3387.55 1
-0.0447272 0.0481768 0.231 3465.5 1
0.0168336 0.0474768 0.232 1135.07 1
-0.0533861 0.0504293 0.234 3177.69 1
-0.0507491 0.0508415 0.233551 3293.35 1
-0.047315 0.0507941 0.232605 3343.92 1
-0.0440542 0.0508883 0.231059 3407.53 1
-0.0503166 0.0538398 0.234 3246.04 1
-0.0472047 0.0542779 0.233214 3297.31 1
-0.0437133 0.0541034 0.231643 3409.95 1
-0.0411329 0.054902 0.231 3464.07 1
-0.0493217 0.0560217 0.234 3191 1
-0.0468454 0.0574345 0.233742 3295.81 1
-0.0436806 0.0576448 0.232195 3336.24 1
-0.0404393 0.057874 0.231027 3423.76 1
0.0147549 0.0590676 0.231 1082.5 1
-0.0462734 0.0599618 0.234 3252.5 1
-0.0435428 0.0612191 0.233487 3289.08 1
-0.0401832 0.0611771 0.231846 3394.59 1
-0.0375051 0.0617778 0.231 3448.5 1
0.0157678 0.0612875 0.232778 980.667 1
-0.0427335 0.0647272 0.23395 3236.2 1
-0.0401618 0.0647494 0.23261 3312.9 1
-0.0366678 0.064784 0.231093 3357.3 1
-0.0342361 0.0656149 0.231 3413.27 1
0.0135011 0.0663449 0.231 1035 1
0.0152513 0.064726 0.232391 1019.83 1
-0.0425607 0.067754 0.234 3210.69 1
-0.040319 0.068286 0.233342 3294.95 1
-0.0368955 0.0682762 0.232109 3317.8 1
-0.033332 0.0684688 0.23125 3426.58 1
-0.0308849 0.0696072 0.231 3429.25 1
0.0131797 0.0686973 0.231222 1063.22 1
0.0144356 0.0677433 0.232556 1050.11 1
-0.042209 0.0702569 0.234 3257 1
-0.0400274 0.0717223 0.234 3320.88 1
-0.0367996 0.0716773 0.232875 3290.18 1
-0.0332458 0.0717278 0.231714 3377.2 1
-0.0306619 0.0716983 0.231 3445.78 1
0.013653 0.0721665 0.2336 1096.4 1
0.0141602 0.0721665 0.2336 1087.8 1
-0.0392762 0.0750636 0.234 2991.55 1
-0.0367417 0.0751494 0.233143 3026.38 1
-0.033211 0.0751722 0.231469 3197.27 1
0.0130385 0.0752588 0.231667 1096.43 1
0.0141238 0.0750189 0.233 1061.14 1
-0.0389067 0.0776287 0.234 969.5 1
-0.0366825 0.0775992 0.233385 1518.38 1
-0.0333967 0.0777211 0.231842 1676.89 1
-0.0304836 0.0784904 0.231 1074 1
0.0133362 0.0776728 0.231857 1006.14 1
0.0144625 0.0779428 0.233 798.889 1
-0.0398541 0.0828012 0.233727 491.409 1
-0.0368306 0.0826111 0.232773 474.909 1
-0.0335299 0.0827642 0.233 458.467 1
-0.0297781 0.0830396 0.231571 458.571 1
-0.0276249 0.0831579 0.231 459 1
-0.0468238 0.0866171 0.2337 520.8 1
-0.0434958 0.0864843 0.2335 522.786 1
-0.0401213 0.0858037 0.231909 531.945 1
-0.036839 0.0856556 0.231396 538.245 1
-0.0332996 0.0856427 0.232364 541.164 1
-0.0300879 0.0857827 0.231476 540.405 1
-0.0528781 0.0903387 0.234 500 1
-0.0505636 0.0901128 0.234 509 1
-0.0472366 0.0891142 0.233154 518.904 1
-0.0438142 0.0893462 0.231915 512.525 1
-0.0403032 0.0890671 0.231048 522.19 1
-0.037781 0.0884277 0.231 525.75 1
-0.0323721 0.0880178 0.231364 542.909 1
-0.0308848 0.0881767 0.231 543.5 1
-0.0531829 0.0918131 0.234 495.8 1
-0.0508257 0.0915722 0.233905 498.238 1
-0.0474623 0.0913645 0.2326 504.6 1
-0.0431725 0.091439 0.231 258.4 1
0.0273717 -0.0570724 0.236 548.75 1
0.0300805 -0.0507876 0.236571 953.643 1
0.0273137 -0.0456945 0.2355 1092 1
0.0289056 -0.0471873 0.236571 999.286 1
0.0273717 -0.0450229 0.236 1105.5 1
0.0285168 -0.0433257 0.237 1029 1
-0.083122 -0.039301 0.235 1405.75 1
0.0272557 -0.0399817 0.235 1090.75 1
0.0283964 -0.0401548 0.236 1051.75 1
-0.0840735 -0.0365626 0.236 816.333 1
-0.0826557 -0.03679 0.235483 1916 1
-0.0840735 -0.0332298 0.236 858.286 1
-0.0821156 -0.0331624 0.235524 2119.29 1
-0.0798906 -0.0315573 0.235 2468 1
0.0274297 -0.0325283 0.2365 1096.38 1
-0.0843789 -0.0297473 0.236857 902.429 1
-0.0823479 -0.0296637 0.23619 2110.69 1
-0.0795505 -0.029515 0.235 2495.72 1
0.0274103 -0.0299421 0.236333 1096.17 1
-0.0843789 -0.0261469 0.236857 909.143 1
-0.082381 -0.0260832 0.236286 2106.02 1
-0.0795845 -0.0267579 0.235 2515.7 1
0.0268305 -0.026409 0.235 1121.42 1
-0.0844298 -0.0225573 0.237 892.714 1
-0.0822802 -0.0227185 0.236 2119.39 1
-0.0795195 -0.022599 0.235 2465.14 1
0.0268593 -0.0222014 0.236 1142.62 1
-0.0845584 -0.0189529 0.237 814.875 1
-0.0822158 -0.0193694 0.23581 2141.36 1
-0.0792783 -0.0192014 0.235 2493.67 1
0.0269731 -0.0181805 0.237 1142.75 1
-0.084687 -0.0158634 0.237 681.357 1
-0.0824478 -0.0158274 0.236476 2131.67 1
-0.0787316 -0.0157134 0.23525 2525.27 1
-0.0763191 -0.0144531 0.235 2583.25 1
0.0261429 -0.0158051 0.236143 1194.93 1
-0.0846871 -0.0130314 0.237 721 1
-0.0825011 -0.0122911 0.236903 2165.73 1
-0.0788492 -0.0122279 0.235792 2552.79 1
-0.0761915 -0.0119641 0.235 2640.06 1
0.0244495 -0.0119002 0.235 1232.67 1
0.0254518 -0.0125945 0.236 1191.58 1
-0.0819543 -0.00857106 0.237 2325.76 1
-0.0786952 -0.00861804 0.236 2561.45 1
-0.075948 -0.00886001 0.235 2608 1
0.0238754 -0.00813477 0.235 1271.62 1
0.0248817 -0.00867422 0.2362 1245.8 1
-0.0817952 -0.00562684 0.237 2337.36 1
-0.078857 -0.00515271 0.236308 2570.08 1
-0.0761733 -0.00508046 0.235 2624.57 1
0.0237681 -0.00528056 0.235833 1281 1
-0.0808278 -0.00221809 0.237 2466 1
-0.0787431 -0.00190058 0.236541 2535.57 1
-0.0752931 -0.00181064 0.235095 2605.95 1
-0.0730027 -0.000667657 0.235 2726 1
0.0238137 -0.00195193 0.236286 1262 1
-0.0783504 0.00136426 0.236833 2593.92 1
-0.0752458 0.00160374 0.235729 2656.98 1
-0.0724282 0.00206058 0.235053 2788.26 1
0.0234784 0.0019781 0.236333 1263.83 1
-0.0773803 0.00493926 0.237 2556.2 1
-0.0752522 0.0052364 0.236452 2649.17 1
-0.0720443 0.00520835 0.2352 2789.63 1
0.0230128 0.0046312 0.235571 1221.36 1
-0.0772259 0.0078228 0.237 2583 1
-0.0750637 0.0086887 0.236806 2648.36 1
-0.0718093 0.00873266 0.235475 2741.6 1
-0.0694311 0.00907826 0.235 2800.24 1
0.0220155 0.00981369 0.235333 817.667 1
-0.0747817 0.0123283 0.237 2678.41 1
-0.0716815 0.0123876 0.235686 2763.11 1
-0.069663 0.0118878 0.235 2816.36 1
0.022999 0.0124832 0.236 605.538 1
-0.0745888 0.0153856 0.237 2676.81 1
-0.0716782 0.0157681 0.235839 2718.13 1
-0.0692968 0.0160872 0.235 2816.79 1
0.0228864 0.0155527 0.236625 921.344 1
-0.0740527 0.0184644 0.237 2651.5 1
-0.0716077 0.0190936 0.236286 2688.17 1
-0.0684836 0.0193176 0.235 2833.75 1
0.0224522 0.0192658 0.236333 1063.56 1
-0.0715428 0.0226101 0.236784 2769.08 1
-0.0683446 0.0226 0.235756 2848.02 1
-0.0661997 0.0229038 0.235 2875.89 1
0.0207106 0.0229157 0.236 668.25 1
0.0217047 0.0216041 0.235667 858.333 1
-0.0705366 0.0257261 0.237 2769.46 1
-0.0681553 0.02636 0.236659 2844.8 1
-0.0653313 0.0263575 0.235174 2972.09 1
0.0206164 0.0260267 0.236556 802 1
0.0210556 0.0268747 0.237 898.6 1
-0.070022 0.0294493 0.237 2742.2 1
-0.0681601 0.0296595 0.236914 2823 1
-0.0647423 0.0297607 0.235683 2935.39 1
-0.0625431 0.0309878 0.235 2984.75 1
0.020541 0.0291918 0.237 1099.5 1
0.0210556 0.0291919 0.237 1098.25 1
-0.0677351 0.0328249 0.237 2791.78 1
-0.0648011 0.0332426 0.235875 2904.2 1
-0.0617589 0.033796 0.235 3024.81 1
-0.0592267 0.0348171 0.235 3044 1
-0.0672434 0.0359888 0.237 2803.7 1
-0.064854 0.0367361 0.236651 2870 1
-0.0611226 0.036676 0.235368 2980.29 1
-0.0587434 0.0370206 0.235 3049.21 1
0.0194748 0.0377529 0.235 1249.25 1
-0.0642075 0.0390268 0.237 2913.9 1
-0.0613625 0.040168 0.23622 3012.46 1
-0.058691 0.0403568 0.235 3032.8 1
0.0200656 0.0401113 0.235444 1178.78 1
-0.0613714 0.0438661 0.236575 2963.6 1
-0.0581817 0.0439202 0.235219 3063.41 1
0.0191734 0.0429128 0.236 1113.5 1
-0.0609748 0.0471811 0.236833 3026.71 1
-0.0577524 0.0471157 0.235224 3045.16 1
-0.0554001 0.0486026 0.235 3130 1
0.0183517 0.0470339 0.235667 1082 1
-0.0607599 0.0502923 0.237 3021.87 1
-0.0576845 0.0506487 0.235674 3063.86 1
-0.055029 0.0509233 0.235 3172.5 1
0.0182255 0.0497885 0.237 1104.75 1
-0.0597308 0.0526206 0.237 2911 1
-0.0575684 0.0540653 0.236643 3060.32 1
-0.0542991 0.054382 0.235468 3121.6 1
-0.0514556 0.0551222 0.235 3209.46 1
0.0170513 0.0549847 0.235 1089.38 1
-0.0565862 0.0569688 0.237 3068.78 1
-0.0541254 0.057831 0.236441 3100.56 1
-0.0507365 0.0577369 0.23555 3217.32 1
-0.0482569 0.0585587 0.235 3198.75 1
0.0164345 0.0580138 0.235889 1035.67 1
-0.0531584 0.0610934 0.237 3113.68 1
-0.0506356 0.0612637 0.236571 3149.33 1
-0.047427 0.0615393 0.235267 3166.63 1
-0.0451956 0.0626433 0.235 3197 1
0.0169391 0.0602157 0.237 935.875 1
-0.0527841 0.0644637 0.237 3193.4 1
-0.0507143 0.0647063 0.236944 3136.42 1
-0.0475093 0.0648089 0.2361 3166.25 1
-0.0446854 0.0649408 0.235 3222.71 1
0.0167111 0.0649409 0.235 1006.5 1
-0.0507259 0.0680681 0.237 3082.88 1
-0.0474171 0.0682605 0.23615 3197.48 1
-0.0443793 0.0684127 0.235 3225.63 1
0.0156499 0.0681196 0.2354 1030.7 1
-0.0503103 0.0706031 0.237 3035.15 1
-0.0473037 0.0717351 0.236489 3149.76 1
-0.0437716 0.071711 0.235225 3167.35 1
-0.0416605 0.0723806 0.235 3261 1
0.0137933 0.0711138 0.236 1055 1
0.0148607 0.0706281 0.236667 1059.33 1
-0.0465772 0.0749585 0.236955 2748.55 1
-0.0437781 0.0751958 0.235784 2727.24 1
-0.0411649 0.0753565 0.235 2844.6 1
0.0152578 0.0755803 0.236571 1038.07 1
-0.0436884 0.0772587 0.235889 870 1
-0.0408588 0.0771946 0.235 1543.4 1
0.0155767 0.0774676 0.235833 790.417 1
-0.0423746 0.0826108 0.236231 470.692 1
-0.0412804 0.082396 0.235615 441.923 1
-0.0563861 0.0871201 0.237 501 1
-0.0538213 0.0863695 0.236733 515.367 1
-0.0505933 0.0861143 0.236349 519.558 1
-0.0474317 0.0853047 0.235813 521.781 1
-0.0438998 0.085316 0.235609 516.652 1
-0.0418792 0.0845979 0.235 523 1
-0.0633327 0.0904671 0.237 476 1
-0.0612028 0.0899577 0.23688 486.28 1
-0.0575672 0.0896178 0.236478 497.609 1
-0.0542736 0.0892856 0.2356 506.62 1
-0.0510704 0.0887309 0.235267 516.7 1
-0.0612234 0.0922636 0.23688 478.24 1
-0.0578767 0.0920702 0.235731 488.885 1
-0.0547525 0.0919226 0.235 494 1
0.0296598 -0.0567455 0.2396 524.5 1
0.030101 -0.0555563 0.238667 683.333 1
0.0307686 -0.0499033 0.2385 922.75 1
0.0321376 -0.0504275 0.241 873.375 1
0.0305126 -0.0472908 0.240182 948.864 1
0.0296764 -0.0439659 0.239889 1004.33 1
0.0296927 -0.0406188 0.24025 1013.12 1
0.0288777 -0.0369182 0.24 1033.5 1
0.028998 -0.0330611 0.241 1035.83 1
0.0289981 -0.0294308 0.241 1043.7 1
0.0276186 -0.0274491 0.23925 1119.5 1
0.0280961 -0.0259715 0.24 1077.8 1
0.0274283 -0.0226762 0.241 1112.5 1
0.0283566 -0.0244072 0.24 1079 1
0.027269 -0.0155156 0.2396 1145.3 1
0.0284748 -0.0153457 0.241 1068.12 1
-0.0849336 -0.0112026 0.238 830 1
-0.0837525 -0.0107594 0.238 1956 1
0.0268965 -0.0121113 0.239636 1128.64 1
0.0284748 -0.0127277 0.241 1046.38 1
-0.0848118 -0.00876864 0.238 986.8 1
-0.0837525 -0.00894962 0.238 2006.33 1
0.0264613 -0.0086954 0.239333 1157.21 1
-0.0848118 -0.00499389 0.238 1037.65 1
-0.0830061 -0.00435327 0.238 2227.89 1
0.0256462 -0.00509276 0.239 1188.61 1
-0.0848962 -0.00160952 0.2386 1161.8 1
-0.082472 -0.00164608 0.238125 2285.28 1
0.0256812 -0.00171922 0.239333 1163.33 1
-0.0851365 0.00166417 0.239714 1310.04 1
-0.0822569 0.00165907 0.238905 2349.67 1
-0.0797048 0.00234018 0.238 2528.33 1
0.0239865 0.00268491 0.238 1221 1
0.0252152 0.0016664 0.239857 1171.71 1
-0.085499 0.0053888 0.240862 1388.07 1
-0.0825595 0.00527458 0.239878 2380.8 1
-0.0793247 0.00537602 0.238375 2528 1
0.0237776 0.00588371 0.238857 977 1
0.0251951 0.00426656 0.239667 1150.5 1
-0.0852754 0.00864674 0.241 1572.29 1
-0.0825 0.0087651 0.240516 2380 1
-0.0788756 0.00896411 0.2386 2517.73 1
-0.0762599 0.0101827 0.238 2598.5 1
0.0236188 0.00868512 0.2395 799.083 1
0.0253353 0.00874024 0.241 703 1
-0.0845989 0.0108871 0.241 2070.6 1
-0.0822839 0.0119341 0.2405 2413.47 1
-0.0787462 0.0122896 0.238634 2571.73 1
-0.0762599 0.0112169 0.238 2631.75 1
0.02502 0.0135438 0.238 604 1
-0.0821247 0.0157958 0.2408 2453.97 1
-0.0786501 0.0156772 0.238976 2549.05 1
-0.0762599 0.0161292 0.238 2572.9 1
0.0239865 0.0169048 0.238 1010.5 1
0.025104 0.0151484 0.2388 794.4 1
-0.084285 0.0186888 0.241 2185.5 1
-0.0821886 0.0192084 0.240849 2389.7 1
-0.0787897 0.0193472 0.239732 2543.56 1
-0.0756156 0.0194838 0.238241 2597.59 1
0.0238793 0.0194801 0.2395 825.5 1
-0.0814819 0.0223914 0.241 2422.07 1
-0.0785558 0.0228099 0.240278 2508.47 1
-0.0752009 0.0226628 0.238733 2604.1 1
-0.0731595 0.0238856 0.238 2761.5 1
0.022949 0.0228048 0.238769 709 1
-0.0808839 0.0257575 0.241 2462.8 1
-0.0787448 0.0262661 0.240857 2507.24 1
-0.0753741 0.0260945 0.239286 2597.43 1
-0.0722638 0.0264366 0.238 2692.93 1
0.0227729 0.0263075 0.239333 826.233 1
0.0248121 0.0271538 0.241 702.5 1
-0.078006 0.0294228 0.241 2492.06 1
-0.0754335 0.0298172 0.239611 2575.39 1
-0.0720595 0.0295767 0.238024 2706.86 1
-0.0698007 0.0311249 0.238 2739 1
0.0206277 0.0308664 0.238 1148.5 1
0.0223766 0.0295785 0.23987 1046.61 1
0.0245505 0.0283755 0.241 822 1
-0.0777444 0.0323026 0.241 2574.12 1
-0.0753217 0.0332689 0.240054 2613.05 1
-0.0717181 0.0332436 0.238357 2658.9 1
-0.0693873 0.0336069 0.238 2810.47 1
0.0206896 0.0332944 0.238714 1201.57 1
0.0215672 0.0329337 0.239545 1163.82 1
-0.0748374 0.036589 0.240545 2657.36 1
-0.0715165 0.0367539 0.238875 2675.78 1
-0.0686467 0.0369852 0.238 2764.03 1
0.0207289 0.0367344 0.239167 1192.5 1
0.0212333 0.035929 0.239 1163 1
-0.0742995 0.0403952 0.240857 2624.52 1
-0.0715924 0.0401957 0.239667 2679.48 1
-0.0679912 0.0403008 0.238184 2814.5 1
-0.065021 0.0408203 0.238 2909.56 1
0.0204835 0.0390983 0.239333 1175 1
-0.07382 0.0432984 0.241 2656.25 1
-0.0715866 0.0436995 0.240083 2705.81 1
-0.0682453 0.0437406 0.2387 2799.77 1
-0.0648429 0.0437586 0.238 2861.3 1
-0.0625665 0.0425008 0.238 2973 1
0.019363 0.0446323 0.238333 1078.67 1
-0.0713646 0.047075 0.240696 2704.61 1
-0.0682554 0.0472954 0.2391 2791.57 1
-0.0647346 0.0472375 0.23825 2878.77 1
-0.0625665 0.0474132 0.238 3006.17 1
0.0201181 0.0471652 0.2399 1014.3 1
-0.0707387 0.0503089 0.241 2708.33 1
-0.0683729 0.050818 0.240086 2810.77 1
-0.0647743 0.0506343 0.2388 2920.98 1
-0.0619759 0.0513283 0.238 3055.21 1
0.0191781 0.0504888 0.240333 1057.75 1
-0.0678201 0.0541138 0.2408 2812.12 1
-0.0647518 0.0543127 0.239814 2910.63 1
-0.0614197 0.0541868 0.238559 2927.88 1
-0.0591215 0.0549685 0.238 2984.44 1
0.0185331 0.0550795 0.241 1052 1
-0.0673318 0.056441 0.241 2799.2 1
-0.0645794 0.0576181 0.240543 2917.51 1
-0.0610132 0.0576251 0.239211 2979.26 1
-0.0580709 0.0580695 0.238308 3072 1
-0.0558489 0.0590477 0.238 3158 1
0.0170106 0.0574965 0.238 1047.33 1
0.0182923 0.0574647 0.239647 989.588 1
-0.0640997 0.061242 0.241 2910.46 1
-0.0612829 0.0611486 0.23985 2919.9 1
-0.0577643 0.061361 0.239 3006.5 1
-0.0550836 0.0614119 0.238095 3059.9 1
0.0170821 0.0624114 0.239 944.333 1
0.0179738 0.0613636 0.2398 927.4 1
-0.0636167 0.0637191 0.241 2860.75 1
-0.0613689 0.0646029 0.240389 2926.17 1
-0.0578487 0.0648323 0.239614 3018.59 1
-0.0545268 0.0647212 0.238385 3078.77 1
0.0170821 0.064748 0.239 979 1
0.017601 0.064748 0.239 994 1
-0.0609631 0.0676835 0.241 2930.61 1
-0.0576782 0.0683604 0.240769 2928.59 1
-0.0541934 0.0682331 0.239189 3025.03 1
0.0167612 0.0686271 0.238455 992.182 1
0.0175799 0.0680437 0.238714 998.286 1
-0.0567669 0.0714066 0.241 2904.82 1
-0.054138 0.0717731 0.239567 3000.53 1
-0.0512232 0.0722437 0.238217 3068.09 1
0.0161577 0.0721119 0.239652 1028.13 1
0.0177335 0.0717763 0.2408 1014.8 1
-0.0541813 0.074935 0.240185 2406.93 1
-0.0507545 0.0750497 0.238512 2403.49 1
-0.0481717 0.0756315 0.238 2432.29 1
0.0162119 0.0751037 0.239364 1033.91 1
0.0177482 0.0762857 0.241 909.5 1
-0.0491314 0.0771459 0.238 357 1
-0.0475812 0.0771459 0.238 850.6 1
0.0171535 0.0775313 0.24 759.75 1
0.0181038 0.0774321 0.2405 500 1
-0.059954 0.083878 0.241 492 1
-0.0575994 0.083878 0.241 486.714 1
-0.0539985 0.082388 0.240615 473.308 1
-0.0508203 0.0825115 0.238939 474.306 1
-0.0473982 0.0825683 0.239465 448.186 1
-0.0442239 0.0831043 0.238875 466.062 1
-0.0600716 0.0856412 0.240889 494.444 1
-0.0577196 0.0856464 0.239245 497.887 1
-0.054496 0.084811 0.238552 510.276 1
-0.0509916 0.0845402 0.238 508.9 1
-0.0467159 0.0845822 0.239 509.05 1
-0.0446076 0.0847333 0.2384 505.9 1
-0.0823823 0.0898519 0.241 383 1
-0.080099 0.0898995 0.241 417 1
-0.074168 0.0903245 0.2406 446.5 1
-0.0717355 0.0896467 0.240474 465.421 1
-0.0683162 0.0900106 0.2406 477.767 1
-0.064768 0.0889504 0.239556 480.926 1
-0.0613765 0.0882358 0.239243 479.946 1
-0.0587735 0.0883857 0.238333 488.667 1
-0.0819304 0.0917321 0.241 352.917 1
-0.0749472 0.092947 0.2402 436.914 1
-0.0717172 0.0927556 0.239447 449.298 1
-0.0683563 0.0927769 0.24 463.245 1
-0.06464 0.0926805 0.238389 471.111 1
-0.0774828 0.0951356 0.241 316 1
-0.0769595 0.0951356 0.241 313.5 1
0.0311752 -0.054744 0.242333 851.5 1
0.0320516 -0.0540429 0.242333 820.833 1
0.0331337 -0.0510155 0.2435 859.438 1
0.0312201 -0.0459047 0.242 942.25 1
0.0329237 -0.0477034 0.244 871.318 1
0.0311976 -0.0437868 0.242167 959.333 1
0.032422 -0.0437099 0.243875 906.375 1
0.0306639 -0.0400598 0.244143 989.286 1
0.031808 -0.0410657 0.2445 941.5 1
0.0305279 -0.0364215 0.2438 985.7 1
0.0318731 -0.0363601 0.245 922.833 1
0.0301818 -0.0334376 0.243818 1005.09 1
0.0318731 -0.0342309 0.245 933.5 1
0.0301859 -0.0301458 0.24425 1002.19 1
0.0297953 -0.026486 0.243696 1009.43 1
0.0293244 -0.0228677 0.243692 1036.19 1
0.0287997 -0.0194943 0.24375 1079.38 1
0.0287111 -0.016089 0.243 1078.5 1
0.0291184 -0.0117289 0.242 1021.38 1
0.0275421 -0.00848662 0.242 1118.67 1
0.0288687 -0.00918488 0.244333 1048.92 1
0.0275746 -0.00516246 0.242286 1118.79 1
0.0289475 -0.00388986 0.245 1034.75 1
0.0275421 -0.00226489 0.242 1092.5 1
0.0289475 -0.00282526 0.245 1027.75 1
0.0265539 0.00168523 0.242571 1117.29 1
0.0261427 0.00552419 0.243625 969.25 1
-0.0864737 0.010091 0.242 800 1
0.0263101 0.00763548 0.2442 798.6 1
-0.0854991 0.0123976 0.242 1639.71 1
-0.0851602 0.0158745 0.242 1904.74 1
-0.0852814 0.019373 0.242 1831.58 1
0.0241269 0.0203437 0.242 860.5 1
0.0246523 0.0203437 0.242 748 1
-0.0854122 0.0227785 0.242714 1882.29 1
-0.0831711 0.0231604 0.242 2339.21 1
0.0241269 0.0234984 0.242 645 1
0.0256999 0.0234194 0.242875 593.062 1
-0.0857128 0.0262966 0.243567 1886.67 1
-0.0826194 0.0264825 0.2422 2374.73 1
0.0242765 0.0252279 0.2435 735.75 1
0.0256174 0.0255099 0.243111 724.444 1
-0.0856496 0.0297896 0.244 1976.05 1
-0.0824786 0.0297464 0.242882 2380.82 1
-0.0797483 0.030018 0.242 2430 1
0.0237531 0.0304061 0.243 1031.7 1
0.0250673 0.030274 0.244333 987.5 1
-0.0859421 0.0332483 0.244816 2000.71 1
-0.0821443 0.0332901 0.243359 2423.74 1
-0.0791985 0.0335052 0.242333 2484.11 1
0.0231537 0.03319 0.243048 1117.24 1
0.0249579 0.031508 0.245 1037 1
-0.0845575 0.0367684 0.245 2318.59 1
-0.082122 0.0367922 0.24375 2446.72 1
-0.0788102 0.036832 0.242667 2533.61 1
-0.0765564 0.0374973 0.242 2609.62 1
0.0228044 0.0370701 0.243852 1106.56 1
-0.0856839 0.0405039 0.245 2132.5 1
-0.0822375 0.0403995 0.24365 2443.8 1
-0.0789026 0.0402402 0.242854 2506.88 1
-0.076228 0.0403234 0.242 2599.94 1
0.0217625 0.0390089 0.242 1114.5 1
-0.0853354 0.0433287 0.245 2301.1 1
-0.0820828 0.0438933 0.244306 2472.39 1
-0.0785231 0.0436833 0.243139 2545.5 1
-0.0752894 0.0438806 0.242069 2652.28 1
0.0206353 0.0438932 0.242429 1078.57 1
0.0214496 0.0443865 0.2438 1047.4 1
-0.0840881 0.0458801 0.245 2418 1
-0.0815772 0.0467348 0.244882 2484.18 1
-0.0786117 0.0471758 0.24385 2572.2 1
-0.0752484 0.0472365 0.242895 2658.03 1
-0.0728128 0.0479472 0.242 2676.8 1
0.0206523 0.0464322 0.242333 1007.33 1
0.0219576 0.0470797 0.244846 982.308 1
-0.0808965 0.0490738 0.245 2501 1
-0.079007 0.0507844 0.244737 2584.63 1
-0.0753328 0.0507282 0.243526 2661.89 1
-0.0722751 0.0511114 0.24225 2691 1
0.0203194 0.051064 0.242727 1030.91 1
0.0218068 0.050361 0.244909 992.091 1
-0.0783653 0.0539746 0.245 2584.97 1
-0.0753553 0.0543551 0.244278 2606.42 1
-0.0718954 0.0540893 0.242706 2669.62 1
-0.0696603 0.0546509 0.242 2754.67 1
0.0196285 0.0539681 0.242889 1039.67 1
0.021222 0.054366 0.244857 983 1
-0.077173 0.0567922 0.245 2602 1
-0.0750502 0.057717 0.244687 2627.16 1
-0.0717345 0.0577687 0.243324 2738.3 1
-0.0685115 0.0578743 0.242161 2748.71 1
-0.0659824 0.0589886 0.242 2826.5 1
0.0198911 0.0573344 0.243429 993.286 1
0.0212344 0.0567922 0.245 984.5 1
-0.0742715 0.0608328 0.245 2635.73 1
-0.071911 0.0613229 0.244162 2683.49 1
-0.0682523 0.0612323 0.242707 2772.56 1
-0.0659824 0.0610917 0.242 2810.14 1
0.0190955 0.0613716 0.243125 935.875 1
-0.0739814 0.0637121 0.245 2634.5 1
-0.0717853 0.0647152 0.244765 2747.44 1
-0.068261 0.0648362 0.243722 2757.36 1
-0.0649237 0.0648692 0.2421 2836.87 1
0.0172965 0.065035 0.242 961 1
0.0188614 0.0650436 0.243333 995.722 1
-0.0709107 0.0679463 0.245 2728.32 1
-0.0682772 0.0682281 0.244368 2752.39 1
-0.0646818 0.0683487 0.242818 2838.88 1
-0.0621731 0.0689784 0.242 2875.25 1
0.0186869 0.0682075 0.243 1017.86 1
-0.0705239 0.0708981 0.245 2641.83 1
-0.0682191 0.0715925 0.244771 2663.51 1
-0.0647923 0.0717053 0.243722 2768.17 1
-0.0613575 0.0717276 0.242405 2845.07 1
-0.0585922 0.0721102 0.242 2884.74 1
0.018751 0.0718858 0.243833 1014.92 1
-0.067786 0.0743111 0.245 1633.18 1
-0.0650566 0.0742899 0.244 2038.28 1
-0.0613818 0.074653 0.2425 1955.17 1
-0.0577302 0.0749166 0.242 2241.5 1
0.0172965 0.074762 0.242 1027.6 1
0.01888 0.0755817 0.24424 891.32 1
-0.0669032 0.0800278 0.2446 412.8 1
-0.0645426 0.0798928 0.244125 402.688 1
-0.0619945 0.0802177 0.243286 410.857 1
-0.0578136 0.0803504 0.243 339.167 1
0.0187638 0.0775004 0.244 659 1
-0.0785028 0.0836733 0.245 473.833 1
-0.0708494 0.0831146 0.244923 491.154 1
-0.0680362 0.0824508 0.24373 496.081 1
-0.0648323 0.0821471 0.2434 491.175 1
-0.0613224 0.082287 0.242488 488.349 1
-0.0578704 0.0823818 0.242565 470.63 1
-0.055474 0.0813342 0.242 449.5 1
-0.0844569 0.0872138 0.243 386 1
-0.0814023 0.0864952 0.244636 443.273 1
-0.0786255 0.0856299 0.244111 464.8 1
-0.0753314 0.0858641 0.24387 470.348 1
-0.0718644 0.0858889 0.243809 485.617 1
-0.0681245 0.0856545 0.243041 497.469 1
-0.0646713 0.0858565 0.24272 500.18 1
-0.0618526 0.0859044 0.242286 495.714 1
-0.0841703 0.0880952 0.2434 345.4 1
-0.0821862 0.088511 0.243162 408.73 1
-0.0787977 0.0891897 0.243 441.667 1
-0.0753422 0.0889388 0.242389 453.611 1
-0.071774 0.0880119 0.242368 473.632 1
-0.0687816 0.0884204 0.2422 474.48 1
-0.0813205 0.0931239 0.242 395.077 1
-0.0790407 0.0928566 0.242571 419.796 1
-0.0764907 0.0918498 0.242 442.25 1
-0.081272 0.0950571 0.242 357.4 1
-0.0791642 0.0952055 0.242 356.765 1
0.0334739 -0.0549028 0.247 797.875 1
0.0348146 -0.049268 0.247 793 1
0.0353509 -0.049268 0.247 776 1
0.0339772 -0.0473683 0.246111 845.222 1
0.0353509 -0.0487314 0.247 781 1
0.0334761 -0.0422916 0.247 868 1
0.031469 -0.0394481 0.246 984 1
0.0332722 -0.0401552 0.247185 877.815 1
0.031469 -0.0383791 0.246 967 1
0.0327427 -0.0366524 0.246 891.231 1
0.0325096 -0.0331304 0.247455 904.955 1
0.031469 -0.0282242 0.246 963 1
0.0319949 -0.0299023 0.247818 930.091 1
0.0308281 -0.0266208 0.246 959.8 1
0.0318804 -0.0258817 0.246889 928.111 1
0.0306941 -0.0223248 0.246444 984.333 1
0.0319167 -0.0230084 0.2474 946.8 1
0.0301387 -0.0191973 0.246762 1025.33 1
0.031597 -0.0189476 0.247 953.5 1
0.0301337 -0.0156641 0.246 1002.25 1
0.0302073 -0.0121103 0.2466 991.5 1
0.0296609 -0.0087364 0.2465 1024.25 1
0.0291128 -0.00578621 0.2464 1042 1
0.0279558 -0.000704591 0.248 1056.5 1
0.0284942 -0.000704591 0.248 1020.5 1
0.0277464 0.00170813 0.246143 1083.43 1
0.0284815 0.00206701 0.246333 1029.78 1
0.0274775 0.0054067 0.2466 975.1 1
0.0289116 0.00503944 0.24725 933 1
0.0267104 0.00897298 0.246429 613.143 1
0.0283793 0.00761623 0.247 709.667 1
0.0253269 0.0110595 0.246 496.375 1
0.0259661 0.0172758 0.247 984.5 1
0.0259669 0.0195192 0.247 775.136 1
0.025861 0.0217489 0.246 474.25 1
0.0239916 0.034309 0.246 1084 1
0.0251012 0.0336986 0.247143 1038.71 1
-0.087636 0.0367141 0.246 1339 1
-0.086325 0.0368113 0.246 2132.36 1
0.0239916 0.0364469 0.246 1068.5 1
0.0245257 0.0364468 0.246 1047.25 1
-0.087636 0.0391192 0.246 1358 1
-0.0865678 0.0391192 0.246 2113.67 1
0.0226514 0.0404127 0.246615 1076.92 1
0.0245257 0.0385847 0.246 1025 1
-0.087636 0.0441967 0.246 1463.5 1
-0.0867013 0.0444639 0.246 2167.5 1
0.0226061 0.0439834 0.2466 1021 1
-0.0885476 0.0471722 0.247211 911.053 1
-0.0858352 0.0472426 0.246333 2290.62 1
-0.0830664 0.0477598 0.246 2480.78 1
0.0233413 0.0469062 0.2476 965.1 1
-0.088483 0.0500115 0.248 1270.88 1
-0.0857344 0.050908 0.247444 2388.64 1
-0.0824049 0.0509046 0.246375 2504.59 1
0.022625 0.0520077 0.2468 992.6 1
-0.0851178 0.0539853 0.248 2438 1
-0.0822143 0.0542963 0.246556 2444.08 1
-0.0793955 0.0554587 0.246 2556.57 1
0.0222272 0.0546096 0.247167 953 1
-0.0843346 0.0572672 0.248 2456.64 1
-0.0822896 0.0578458 0.247484 2495.55 1
-0.0789758 0.0578598 0.246333 2562.42 1
-0.0769539 0.0586274 0.246 2576.5 1
0.0208152 0.05844 0.246333 954 1
0.0220517 0.0579538 0.247 967.933 1
-0.0840409 0.0599123 0.248 2498 1
-0.0818871 0.0610879 0.248 2467.68 1
-0.0789144 0.0612578 0.246971 2552.71 1
-0.075956 0.0614101 0.246083 2605.33 1
0.0204568 0.0612836 0.246833 964.917 1
0.0219436 0.0609167 0.247857 969.857 1
-0.0808102 0.0639534 0.248 2507.5 1
-0.0787529 0.0646088 0.247788 2595.12 1
-0.0753581 0.0648922 0.246581 2651.26 1
0.0201475 0.0641019 0.246333 1005.08 1
0.0214944 0.0634146 0.248 992 1
-0.077118 0.0680715 0.248 2573.43 1
-0.0751635 0.0682407 0.247133 2597.4 1
-0.0726811 0.0685151 0.246 2688.12 1
0.0200348 0.0681486 0.2466 1011.6 1
-0.0772206 0.0723051 0.248 1847 1
-0.0752245 0.0717864 0.247486 2445.86 1
-0.0719648 0.0717423 0.246069 2587.14 1
-0.0694765 0.0733254 0.246 2473 1
0.0201251 0.0716826 0.247714 1003.86 1
-0.0773103 0.0739215 0.248 737.5 1
-0.0746332 0.0739364 0.247375 1260.25 1
-0.071682 0.0741469 0.2466 1493.4 1
-0.0694765 0.074127 0.246 1883.5 1
0.0202217 0.0751461 0.248 915 1
0.0214944 0.0766156 0.248 359 1
-0.0776693 0.0797587 0.248 456.083 1
-0.0752519 0.0795987 0.247909 442.864 1
-0.0714176 0.0798905 0.2468 442.2 1
-0.0686608 0.0798059 0.246462 407.846 1
-0.0813337 0.0831986 0.24775 472.125 1
-0.0786481 0.0822739 0.247091 479.477 1
-0.0752186 0.0822468 0.247044 482.156 1
-0.0718782 0.0818065 0.246258 479.516 1
-0.069156 0.0811287 0.246 477 1
-0.0853888 0.0864424 0.247565 402.826 1
-0.0825633 0.0855646 0.246645 445.613 1
-0.0753516 0.084282 0.246 482.5 1
-0.0729482 0.084282 0.246 495.75 1
-0.0859281 0.0878347 0.246889 318.889 1
-0.0833631 0.0877561 0.246 410.333 1
0.0338827 -0.0571969 0.25 511.062 1
0.0356509 -0.0563373 0.251 556.25 1
0.034561 -0.0541559 0.251 825.25 1
0.0357929 -0.0554666 0.252 730 1
0.0357929 -0.0510866 0.252 796 1
0.0342856 -0.04588 0.249 858.5 1
0.0353668 -0.0483145 0.249 796.75 1
0.0342856 -0.0442571 0.249 831.2 1
0.0357929 -0.042874 0.252 773.5 1
0.0342856 -0.0401996 0.249 823.5 1
0.0342856 -0.0380357 0.249 846.75 1
0.0327416 -0.026258 0.251 898.167 1
0.0325695 -0.0223138 0.249667 915.5 1
0.0314379 -0.0202641 0.25 984 1
0.0318362 -0.0181638 0.251 955.25 1
0.0310633 -0.0158933 0.2496 975.2 1
0.0321409 -0.0151808 0.2504 926.3 1
0.0324849 -0.0124529 0.251333 906.111 1
0.0305013 -0.00855177 0.249 991.4 1
0.0318679 -0.009176 0.25125 936.125 1
0.0306796 -0.00541829 0.249625 963.25 1
0.0319085 -0.00656318 0.2505 922.75 1
0.0300197 -0.00180378 0.251 990 1
0.0296957 0.00147018 0.251333 997 1
0.02942 0.00659592 0.249 834.5 1
0.0273123 0.00959166 0.2495 561.875 1
0.0291166 0.00896304 0.2501 603.05 1
0.0269328 0.0125429 0.25 512 1
0.0291155 0.0120224 0.251455 596.364 1
0.0273357 0.0158383 0.249714 854.714 1
0.0290802 0.0157973 0.251077 882.038 1
0.027367 0.0191151 0.25 822.5 1
0.028481 0.0191359 0.25025 816.375 1
0.027367 0.0218309 0.25 484.833 1
0.0285664 0.0213729 0.251 599 1
0.027367 0.0264478 0.25 708.75 1
0.0261826 0.0295238 0.249429 858.714 1
0.0256743 0.0335681 0.249 1019.86 1
0.0260662 0.0359946 0.249667 996.167 1
0.0238366 0.0409595 0.2494 1016.2 1
0.0249245 0.04057 0.25 971 1
0.0239774 0.0432533 0.249692 961.462 1
0.0252761 0.0435523 0.250545 932.909 1
0.0241473 0.0476135 0.249444 943 1
0.0254585 0.0474583 0.250529 925.588 1
-0.0892453 0.0516332 0.249 855.375 1
0.0236754 0.0503222 0.249154 967.846 1
0.0254343 0.0496941 0.250429 931.714 1
-0.0889764 0.0541226 0.249655 1374.38 1
-0.0866107 0.0547194 0.249077 2383.62 1
0.0234732 0.0544735 0.249 940.167 1
-0.0892796 0.0576327 0.25071 1470.71 1
-0.0863551 0.0579387 0.249556 2387.19 1
0.0235989 0.058027 0.250333 946.5 1
-0.0891992 0.0612641 0.251 1547.18 1
-0.0857124 0.0612579 0.249621 2402.9 1
-0.0833968 0.0620719 0.249 2447 1
0.0230033 0.0619618 0.24975 946.875 1
-0.0889556 0.0647877 0.251233 1842.27 1
-0.0856086 0.0647864 0.25 2425.22 1
-0.0823615 0.0648244 0.249 2494.13 1
0.0221495 0.0648776 0.2499 977 1
-0.0888213 0.0678974 0.251909 1981.64 1
-0.0857006 0.0682805 0.250848 2393.27 1
-0.08203 0.0682133 0.249421 2505.47 1
-0.0790391 0.0683507 0.249 2584.48 1
0.0218021 0.0681696 0.250091 971.636 1
-0.0875849 0.0707337 0.252 2229.67 1
-0.0857309 0.0715871 0.251652 2047 1
-0.0823687 0.0717919 0.250278 2116.5 1
-0.0787968 0.0718737 0.249171 2298.03 1
0.0218191 0.0716236 0.251286 961.286 1
-0.0831501 0.073725 0.251 626 1
0.0216931 0.0753233 0.249857 687.357 1
-0.0882183 0.0795601 0.251 402.1 1
-0.0858749 0.0794511 0.251 422.125 1
-0.0824464 0.0794821 0.250769 428.077 1
-0.0794756 0.0791658 0.249 425.143 1
-0.0880927 0.0819558 0.250333 384.333 1
-0.0858951 0.0823424 0.250333 440.667 1
-0.0826284 0.0821097 0.249833 470.139 1
-0.0797845 0.0807114 0.249 470.5 1
-0.0876235 0.0855803 0.249 282.4 1
-0.0860396 0.0850023 0.249182 418.818 1
-0.0838391 0.0844984 0.249 454 1
0.0367727 -0.0550189 0.255 757.375 1
0.036219 -0.0464315 0.255 801 1
0.036077 -0.0440448 0.254 783 1
0.0359349 -0.0416699 0.253 775 1
0.034218 -0.0329417 0.2535 874.125 1
0.0352498 -0.0338328 0.254 840.25 1
0.0338266 -0.029929 0.253667 880.333 1
0.0339294 -0.0268675 0.254143 871.714 1
0.0337378 -0.0238054 0.253 879.75 1
0.0332149 -0.0195045 0.254 916.308 1
0.0332307 -0.0157486 0.253556 894.111 1
0.0320899 -0.0117124 0.253 939.75 1
0.0323435 -0.00848083 0.255 929.25 1
0.0320899 -0.00456655 0.253 927.875 1
0.0309912 -0.00126848 0.253 954 1
0.0322167 -0.0023772 0.254 920.125 1
0.0311138 0.000382068 0.254 967.75 1
0.0323435 0.000383571 0.255 906 1
0.0309912 0.00670188 0.253 833.5 1
0.0309685 0.0084797 0.254429 789.429 1
0.0315131 0.00897096 0.255 837.4 1
0.0306589 0.0123367 0.254556 807 1
0.0315131 0.010633 0.255 821 1
0.0309594 0.0158963 0.255 865.5 1
0.0315131 0.0158963 0.255 859 1
0.0294615 0.0191407 0.254 788.5 1
0.0275292 0.0276988 0.254 694 1
0.0280806 0.0276988 0.254 696 1
0.0273393 0.0329882 0.2548 957 1
0.0270056 0.0371162 0.25425 967.375 1
0.0261505 0.0401209 0.254 942.25 1
0.0262123 0.0436927 0.2546 896.5 1
0.0261505 0.0461858 0.254 910.25 1
0.0249489 0.0520504 0.253 962 1
0.024949 0.0531498 0.253 917 1
0.0251461 0.0568941 0.255 923.25 1
0.0238504 0.0624943 0.253 930.75 1
-0.08988 0.0694653 0.253 1667.64 1
0.0228417 0.0693636 0.254 944 1
-0.0892001 0.0716909 0.253 1578.46 1
-0.0873832 0.0726634 0.253 1515.67 1
0.0217387 0.0765377 0.254 865.25 1
0.0376859 -0.0567353 0.2565 519 1
0.0373158 -0.0538863 0.2574 765.2 1
0.0387553 -0.0547566 0.259 706 1
0.0379119 -0.0508175 0.259 747.75 1
0.0372728 -0.0476463 0.2578 775.867 1
0.0377512 -0.0437836 0.259 744.214 1
0.0365599 -0.0401594 0.2574 784.3 1
0.0349715 -0.0379926 0.256 856 1
0.0357815 -0.0366743 0.258167 821 1
0.0361942 -0.0328954 0.257444 793.444 1
0.0349715 -0.0293715 0.256 853.8 1
0.036069 -0.0297599 0.256316 798.842 1
0.0345083 -0.027054 0.256 845.167 1
0.0359978 -0.0264414 0.257684 783.263 1
0.0341911 -0.0221738 0.2564 884.2 1
0.035635 -0.0229445 0.2588 809 1
0.0343712 -0.0189318 0.25775 876.125 1
0.0345379 -0.017336 0.259 847 1
0.033582 -0.011017 0.256 868 1
0.0337569 -0.00995473 0.257333 880 1
0.0333864 -0.00185364 0.257333 871.25 1
0.0311779 0.00234123 0.2568 956.8 1
0.0322312 0.00197402 0.257778 912.222 1
0.0312427 0.00457957 0.257333 918.333 1
0.0318014 0.00457957 0.257333 899.667 1
0.0312022 0.0171377 0.257 859.5 1
0.0317602 0.0171377 0.257 844.5 1
0.0306285 0.0196566 0.2578 828.2 1
0.0320074 0.0183965 0.259 834.5 1
0.0277459 0.0237454 0.256 516.5 1
0.0297703 0.0229334 0.258 683.056 1
0.0293071 0.0259488 0.258 705.6 1
0.0277284 0.0301276 0.256571 850.714 1
0.0288848 0.0300077 0.258538 838.923 1
0.0275753 0.0344472 0.257 963.75 1
0.0289145 0.0324643 0.259 898 1
0.026976 0.0402083 0.25725 947.5 1
0.0280711 0.0409051 0.259 892.25 1
0.0275088 0.0425932 0.259 870.5 1
0.0280711 0.0425932 0.259 868.5 1
0.0266652 0.0521595 0.259 926.75 1
0.0261575 0.0541273 0.257667 900.167 1
0.0253631 0.0577691 0.2572 913 1
0.0241331 0.062123 0.256 933.25 1
0.0253105 0.0603338 0.256667 915.833 1
0.0241332 0.0657383 0.256 932.167 1
0.024041 0.068045 0.257 934.333 1
0.0245541 0.0686421 0.2575 919.75 1
0.0236681 0.0718537 0.2585 920.25 1
0.0246971 0.070729 0.259 908.5 1
0.0232317 0.0749376 0.257615 892.923 1
0.0246971 0.0766376 0.259 524 1
0.0234118 0.0776826 0.259 644.857 1
0.0246971 0.0772003 0.259 304 1
0.0397517 -0.0563802 0.26 553.5 1
0.0395583 -0.0542969 0.260857 681.214 1
0.0396224 -0.0503604 0.261 692.75 1
0.0381523 -0.0482834 0.26 760.333 1
0.0394887 -0.0477061 0.262 701.75 1
0.0382046 -0.0424205 0.261 753 1
0.0394635 -0.043979 0.261833 703.083 1
0.0377334 -0.0398683 0.261 763.833 1
0.0389867 -0.0403682 0.2615 715.75 1
0.0374654 -0.0370161 0.260667 760.833 1
0.0386354 -0.0360368 0.262 710.75 1
0.0380665 -0.0337599 0.262 729 1
0.0386354 -0.0337599 0.262 708.25 1
0.0370713 -0.0254087 0.261 753.833 1
0.0369297 -0.0228854 0.261333 750.75 1
0.0359379 -0.0203051 0.261 805.333 1
0.0351551 -0.0160819 0.2615 838.5 1
0.0355067 -0.0109906 0.262 804.5 1
0.0343691 -0.0081444 0.262 870.5 1
0.0355067 -0.00985209 0.262 811.25 1
0.0335422 0.00152087 0.26 850.25 1
0.0331177 0.00511034 0.261091 853.682 1
0.0332314 0.00864799 0.262 843.2 1
0.032423 0.019565 0.260833 820.5 1
0.0306257 0.0240223 0.26 778.667 1
0.0318958 0.0218773 0.260714 823 1
0.0305538 0.0267143 0.260545 771.818 1
0.0318093 0.0268635 0.262 819.667 1
0.0305359 0.029727 0.260579 825.789 1
0.0322239 0.0292157 0.261667 802.867 1
0.0299594 0.0334761 0.261 862.789 1
0.0316879 0.0318645 0.261 801 1
0.0292526 0.0364204 0.260571 900.714 1
0.0294279 0.040251 0.260222 875.611 1
0.027615 0.0444523 0.26 899 1
0.0290399 0.0433756 0.26075 862.25 1
0.0277212 0.0474586 0.261 895.5 1
0.0282879 0.0474586 0.261 878 1
0.0278274 0.0496328 0.262 908 1
0.0283962 0.0496328 0.262 881 1
0.0271213 0.0556099 0.260667 886.667 1
0.0283962 0.0558944 0.262 871 1
0.0268656 0.0574042 0.260308 886.692 1
0.0283962 0.0564636 0.262 862 1
0.0268587 0.061315 0.260706 887.353 1
0.0283962 0.0621559 0.262 849.667 1
0.0261537 0.0643036 0.2609 877.9 1
0.0283962 0.063579 0.262 840 1
0.0260911 0.0678244 0.261286 890.714 1
0.0243212 0.0726929 0.261 912 1
0.0257857 0.0720297 0.261632 878.737 1
0.0242591 0.075051 0.260333 878.5 1
0.0259548 0.0749182 0.260929 643.857 1
0.0408848 -0.0504937 0.263667 658.667 1
0.0402492 -0.047648 0.26325 676.875 1
0.0412466 -0.0426552 0.266 659 1
0.0382845 -0.0408242 0.2635 756.75 1
0.0398176 -0.0407213 0.264714 696.429 1
0.0399408 -0.037601 0.265 675.625 1
0.0382118 -0.0258891 0.263 717.25 1
0.0387828 -0.0258891 0.263 700.25 1
0.0377224 -0.0220933 0.263 735.714 1
0.038787 -0.0235019 0.264143 687.143 1
0.0367805 -0.0191287 0.264333 772.083 1
0.0368802 -0.0156029 0.264461 754.115 1
0.0367221 -0.012667 0.264591 761.636 1
0.0362652 -0.00847966 0.264857 786.929 1
0.0345201 -0.00562618 0.26425 872.375 1
0.0358157 -0.00523211 0.265875 801 1
0.0344749 -0.000752892 0.265 850.5 1
0.0350503 -0.000752892 0.265 829.5 1
0.0345658 0.00211492 0.2635 829.75 1
0.0359133 0.00212369 0.265 772.125 1
0.0345658 0.00554988 0.2635 808.625 1
0.0357101 0.00440489 0.2635 742.625 1
0.034146 0.00911368 0.264667 810.833 1
0.0351164 0.00847292 0.2655 777.25 1
0.0332994 0.0128438 0.265053 821.895 1
0.0351826 0.0139813 0.266 756 1
0.0332478 0.0155714 0.264632 826.895 1
0.0351826 0.0145593 0.266 738 1
0.0341345 0.0191983 0.265333 772.778 1
0.0330493 0.0233082 0.265727 811.909 1
0.0314392 0.0253165 0.263667 812.333 1
0.033123 0.0260927 0.2646 799.533 1
0.0327872 0.0306801 0.263 779.5 1
0.0313597 0.0338229 0.263 827.6 1
0.0319307 0.0338229 0.263 798.4 1
0.0307905 0.0370954 0.263769 853.923 1
0.0320085 0.037209 0.265 808.143 1
0.0307471 0.039933 0.26325 836.25 1
0.0320521 0.0411212 0.264 781.5 1
0.0303675 0.0442432 0.2638 839.9 1
0.0301333 0.0472779 0.26475 825.875 1
0.0293391 0.0507043 0.265375 850.875 1
0.0279336 0.0552506 0.263 880 1
0.028374 0.0537857 0.264 877.917 1
0.0283264 0.0583286 0.264 849.25 1
0.0284873 0.0609663 0.2655 854 1
0.0270771 0.0655359 0.263 864.75 1
0.0283622 0.0655817 0.264333 846.333 1
0.0271457 0.0688542 0.263667 873.833 1
0.0284337 0.0674737 0.265 862 1
0.0272617 0.0717138 0.264154 848.923 1
0.0285046 0.0732499 0.263 429 1
0.0279336 0.0738213 0.263 561 1
0.0285046 0.0738213 0.263 308 1
0.0413929 -0.0541814 0.268286 664.571 1
0.0424505 -0.0511306 0.2674 613.6 1
0.0414037 -0.0470433 0.267222 656 1
0.0420038 -0.0460585 0.269 642 1
0.0414053 -0.0445075 0.2674 653.6 1
0.0420038 -0.0454741 0.269 633 1
0.0410669 -0.040448 0.267333 639.5 1
0.0402925 -0.0358984 0.267333 665.167 1
0.0400463 -0.0337592 0.2688 685.2 1
0.0390829 -0.0283132 0.267 718.5 1
0.0390829 -0.0277331 0.267 714 1
0.0392293 -0.0217231 0.268 696.25 1
0.0379235 -0.0187415 0.267 723.75 1
0.0382075 -0.00777756 0.269 721.5 1
0.0373315 -0.00602423 0.269 736 1
0.0363199 -0.0030905 0.268 782 1
0.0365667 0.000402625 0.267667 752 1
0.0347351 0.00852298 0.267 814.5 1
0.0353148 0.00852298 0.267 772.5 1
0.0347351 0.0120035 0.267 789.167 1
0.0353148 0.0120036 0.267 760.667 1
0.03393 0.0253921 0.2675 786.375 1
0.0323672 0.0401467 0.269 808.375 1
0.0322869 0.0479183 0.268333 758.833 1
0.0308125 0.0514177 0.267333 810.417 1
0.0322769 0.0499418 0.26825 768.125 1
0.0301941 0.0540606 0.267 827.611 1
0.0299565 0.057247 0.268333 829 1
0.030031 0.0661544 0.269 827 1
0.0291092 0.068535 0.267667 829 1
0.0287771 0.0717825 0.2682 826.4 1
0.029447 0.0740443 0.269 552.5 1
0.0433352 -0.0573963 0.2726 542.55 1
0.0432826 -0.0549194 0.272364 619.091 1
0.0431987 -0.0502281 0.271 604.25 1
0.0430393 -0.0471097 0.27 604.75 1
0.0431986 -0.0443402 0.271 593.125 1
0.0415737 -0.0388971 0.27 626 1
0.0421599 -0.0388971 0.27 611 1
0.0417277 -0.0378635 0.271 625 1
0.0423289 -0.0366636 0.2726 615.7 1
0.0407609 -0.0330881 0.2724 685.5 1
0.0424722 -0.0344575 0.272 613.5 1
0.0399612 -0.0298392 0.273 715.5 1
0.0399612 -0.0176799 0.273 673 1
0.0399612 -0.0164936 0.273 669 1
0.0381974 -0.0113681 0.271 737 1
0.0393735 -0.0109652 0.272 682.75 1
0.0380565 -0.00956631 0.27 729.25 1
0.0390822 -0.00970059 0.271 683.167 1
0.0377634 -0.00546002 0.27 721.25 1
0.0386427 -0.00663324 0.27 688 1
0.0372567 -0.00181333 0.270333 746.944 1
0.0388573 -0.00254206 0.2715 686.5 1
0.0380842 0.00159691 0.273 703.833 1
0.039072 0.000410648 0.273 664 1
0.037133 0.0059964 0.27075 712.25 1
0.036862 0.00986451 0.272 732 1
0.0367011 0.011087 0.273 741.5 1
0.0351254 0.0162447 0.27 772 1
0.0361084 0.0197863 0.273 734.333 1
0.0345392 0.0226975 0.27 775 1
0.0357412 0.0227152 0.270222 724.722 1
0.0345392 0.0270971 0.27 758 1
0.0360422 0.025603 0.2716 714.4 1
0.0339092 0.0329119 0.272 761.25 1
0.0336599 0.0367763 0.27 750.375 1
0.0338469 0.0399278 0.2715 753.625 1
0.032668 0.0440623 0.2715 786.75 1
0.033136 0.0468353 0.2705 759 1
0.0324875 0.0520282 0.27 780.5 1
0.0311368 0.0554593 0.271 815 1
0.0326167 0.0543279 0.271889 765.556 1
0.0307259 0.0586026 0.27125 811.875 1
0.0319008 0.0581377 0.2725 783 1
0.0305109 0.0611802 0.271462 808.077 1
0.0319593 0.0606136 0.273 776.333 1
0.0304031 0.0651969 0.272333 818.833 1
0.0301984 0.0685813 0.2705 805.375 1
0.0304507 0.072008 0.271 723.111 1
0.0321028 0.0721448 0.2722 530.8 1
0.0451641 -0.0567372 0.274 532 1
0.045759 -0.0567372 0.274 496.5 1
0.0447936 -0.0541821 0.274857 567.786 1
0.0458703 -0.0544853 0.274667 520.333 1
0.0439957 -0.0496557 0.276 605.5 1
0.0439957 -0.0352641 0.276 587 1
0.0412972 -0.0323296 0.274 674 1
0.0429128 -0.0333672 0.2752 616 1
0.0410022 -0.0301361 0.2752 684 1
0.0427972 -0.0280682 0.276 599.5 1
0.0415233 -0.0271201 0.2755 662.5 1
0.0427972 -0.0274686 0.276 593 1
0.0404003 -0.0214721 0.276 694 1
0.0402051 -0.0193826 0.274667 675 1
0.0404003 -0.0115779 0.276 667.5 1
0.0402539 -0.00855069 0.275 659.625 1
0.0389887 -0.00495571 0.2745 683.625 1
0.0389178 -0.000778458 0.274 682.25 1
0.0390598 0.00220826 0.275 676.125 1
0.0380254 0.00398399 0.274 702 1
0.0389887 0.00458873 0.2745 665.25 1
0.0374999 0.00816636 0.2745 708.5 1
0.0377279 0.0218432 0.274 679.5 1
0.0367049 0.0266999 0.276 710.667 1
0.0354773 0.0284951 0.275 754 1
0.0344079 0.0345953 0.276 750.5 1
0.0342832 0.0356648 0.275 751.75 1
0.0355418 0.0363293 0.2755 727.5 1
0.0342832 0.0404446 0.275 768.5 1
0.0356063 0.0393924 0.276 717.5 1
0.0342832 0.0434321 0.275 742.375 1
0.0338055 0.0468377 0.275 759.3 1
0.0342001 0.050775 0.274333 738.667 1
0.0344079 0.055583 0.276 739.75 1
0.0314815 0.0575614 0.274 807 1
0.0334141 0.0587713 0.2752 725.4 1
0.0314815 0.062324 0.274 787.5 1
0.033563 0.0614302 0.274923 726.038 1
0.030896 0.0648086 0.27475 807.5 1
0.0327318 0.0648747 0.275409 749.727 1
0.0314815 0.0691699 0.274 793.333 1
0.0325455 0.0684407 0.275294 767.706 1
0.0314815 0.0709558 0.274 781 1
0.0328998 0.0706623 0.274545 700.091 1
0.0449181 -0.0530355 0.278 584.5 1
0.0459593 -0.0528447 0.277 528 1
0.04535 -0.05137 0.2788 568.8 1
0.0461175 -0.0507982 0.279 536.929 1
0.0465584 -0.0480434 0.28 495.167 1
0.0443145 -0.0388416 0.278 578.75 1
0.0441551 -0.0362945 0.277 578 1
0.0414487 -0.0317809 0.277 673 1
0.0438283 -0.033227 0.279 603.429 1
0.0414487 -0.0297748 0.277 672.667 1
0.0433855 -0.0295633 0.27765 592.15 1
0.0458234 -0.0282716 0.278 401 1
0.0414487 -0.0254618 0.277 671.5 1
0.0433958 -0.026237 0.278095 586.952 1
0.0458234 -0.0276676 0.278 406 1
0.041748 -0.0226119 0.279 654.5 1
0.0423538 -0.0226118 0.279 634.167 1
0.0412791 -0.0196528 0.278556 654.333 1
0.0428265 -0.0191763 0.279444 611.556 1
0.0412028 -0.0155226 0.279 651.5 1
0.0423538 -0.01625 0.279 622 1
0.0411755 -0.0132294 0.279222 666.333 1
0.042455 -0.01325 0.279667 621.333 1
0.0396279 0.00648136 0.279 650.75 1
0.0384417 0.0100458 0.277 691.5 1
0.0396279 0.00890604 0.279 655.083 1
0.0373733 0.0124981 0.278 723 1
0.0373507 0.0157938 0.279333 724.333 1
0.0370049 0.0191065 0.2775 723.625 1
0.0375078 0.0273942 0.279 688 1
0.0367767 0.0299517 0.278043 711.957 1
0.0387193 0.030425 0.279 643.333 1
0.0367783 0.0331172 0.2786 706 1
0.0388118 0.0323213 0.279667 647.667 1
0.0362697 0.036151 0.278 711.5 1
0.0357354 0.0386324 0.277 717.5 1
0.0345325 0.0452525 0.277 737.5 1
0.0345325 0.0458543 0.277 737 1
0.0359504 0.047034 0.278667 715.167 1
0.0345675 0.0507945 0.2785 732 1
0.0352105 0.0515219 0.28 722 1
0.0345948 0.0540753 0.2775 739 1
0.0338896 0.057654 0.277714 735.357 1
0.0352105 0.058822 0.28 664.5 1
0.0361224 0.0600386 0.28 618.25 1
0.0346572 0.0650457 0.278 651.5 1
0.0338399 0.0681113 0.278 735.286 1
0.0352105 0.0691638 0.28 710 1
0.0343554 0.0701797 0.278 699 1
0.046928 -0.0496394 0.281 497.5 1
0.0447927 -0.047808 0.281 592.75 1
0.0466954 -0.0472717 0.282667 496.417 1
0.0451115 -0.042307 0.283 591.5 1
0.0463404 -0.042307 0.283 527 1
0.0451115 -0.0410773 0.283 596 1
0.0466447 -0.0405104 0.282714 448.571 1
0.0447927 -0.0380397 0.281 574 1
0.0460128 -0.0380397 0.281 503.25 1
0.0447927 -0.0307136 0.281 569 1
0.0450052 -0.0256438 0.282333 538 1
0.0437275 -0.0222452 0.282 598.875 1
0.0441372 -0.0195903 0.282 574.25 1
0.0433347 -0.01571 0.281714 597.429 1
0.0429112 -0.0125443 0.282 616.667 1
0.0412785 -0.0072344 0.282 648.5 1
0.0413273 -0.00509528 0.282333 642.167 1
0.0412785 -0.00294559 0.282 650 1
0.0381833 0.0121242 0.281 716.667 1
0.0389746 0.0126257 0.2825 688 1
0.0375732 0.0161943 0.281 723.667 1
0.0388754 0.0157599 0.282333 686.5 1
0.0374715 0.0178223 0.281 721.5 1
0.0389671 0.0179492 0.283 673.5 1
0.0388295 0.0341219 0.282 654 1
0.0376049 0.0371876 0.282 686.625 1
0.0388983 0.0360249 0.2825 648.125 1
0.0371982 0.0402459 0.282 695.833 1
0.0363804 0.0426996 0.282 701.25 1
0.0376049 0.0469906 0.282 690.375 1
0.0362944 0.0502398 0.281333 709.333 1
0.0366854 0.0546448 0.282 699.812 1
0.0363804 0.0567914 0.282 697.75 1
0.0471207 -0.0458502 0.284 468.875 1
0.0449626 -0.0439991 0.284 597.25 1
0.0468965 -0.0438589 0.284 476.636 1
0.0477373 -0.0418395 0.284 365.5 1
0.0467006 -0.0364387 0.2852 493.7 1
0.0451209 -0.0330083 0.285 587.75 1
0.046661 -0.0331669 0.286375 497.188 1
0.0469953 -0.030434 0.287 458.5 1
0.044346 -0.0245626 0.284 587.667 1
0.0455792 -0.0245626 0.284 511 1
0.0446983 -0.0230641 0.284 565.714 1
0.0455792 -0.0227115 0.284 506.2 1
0.0450417 -0.0187326 0.2845 550.25 1
0.0456594 -0.0187326 0.2845 491 1
0.0453584 -0.0163745 0.2865 531.25 1
0.0459804 -0.0163745 0.2865 465.5 1
0.0442659 -0.0121039 0.284647 570 1
0.0457397 -0.012265 0.285 428.8 1
0.0437344 -0.0089398 0.28564 589.44 1
0.0457397 -0.0104074 0.285 242 1
0.0435883 -0.00548139 0.286444 588.333 1
0.0415536 -0.00205531 0.286 676 1
0.0429861 -0.00229453 0.28675 624.5 1
0.0416988 0.00604365 0.287 629.75 1
0.042322 0.00604365 0.287 613 1
0.0414083 0.00940717 0.285 622.667 1
0.042027 0.00940717 0.285 609.333 1
0.0407608 0.0122373 0.285462 657.462 1
0.0422237 0.0113189 0.286333 618 1
0.0406221 0.0156522 0.286 648.7 1
0.0400023 0.0190726 0.286 656.688 1
0.0392426 0.0227244 0.285 672.625 1
0.0393114 0.0258603 0.2855 661.125 1
0.0393803 0.0296349 0.286 655.25 1
0.0393803 0.0380235 0.286 655.5 1
0.0378716 0.0414598 0.284 695 1
0.0393803 0.0386449 0.286 653 1
0.0375202 0.0440632 0.285125 691.25 1
0.0385832 0.0447038 0.287 677.5 1
0.0373884 0.0459402 0.285 700.5 1
0.0377227 0.0507425 0.2852 692 1
0.0385832 0.0506275 0.287 683 1
0.0377328 0.0536884 0.2845 681 1
0.0391967 0.055163 0.284667 613.333 1
0.0381384 0.0575969 0.286 613.25 1
0.0391048 0.0562686 0.284 567 1
0.0370255 0.0624749 0.287 644.5 1
0.0370255 0.0630985 0.287 648.5 1
0.0459085 -0.0145842 0.288 494.75 1
0.0446579 -0.00425971 0.288 536.5 1
0.0419894 -0.000821074 0.289 654 1
0.0440531 -0.00160515 0.289167 572.5 1
0.0427644 0.00138132 0.29 626.062 1
0.0419894 0.00420209 0.289 648 1
0.0433981 0.00538883 0.2895 594.875 1
0.0419894 0.00796945 0.289 628.5 1
0.0434021 0.00850356 0.288857 585.071 1
0.0418925 0.0132766 0.288333 627.667 1
0.0431987 0.01278 0.289286 581.143 1
0.0419894 0.0145624 0.289 610 1
0.0426937 0.0157537 0.289909 591.364 1
0.0410483 0.0205273 0.289 625.5 1
0.0411578 0.0225429 0.288667 623.5 1
0.0426169 0.0217832 0.289 568 1
0.0408055 0.0259087 0.2895 632.375 1
0.039931 0.0287892 0.29 651.75 1
0.0411903 0.0325696 0.29 625.25 1
0.0397245 0.0405487 0.2885 639.375 1
0.0398621 0.0438373 0.2895 636.625 1
0.0396556 0.0467367 0.288 658 1
0.0380924 0.0520553 0.288 689 1
0.0387177 0.0517424 0.288 681 1
0.039931 0.053992 0.29 649.375 1
0.0371545 0.0589383 0.288 671 1
0.037422 0.0603204 0.28825 609.375 1
0.0388521 0.0607127 0.289 591.5 1
0.0372404 0.0651357 0.288667 642.5 1
0.0364557 0.0684177 0.2884 667.8 1
0.0364053 0.0718289 0.288667 632.333 1
0.0451231 -0.000826759 0.291 528.5 1
0.0445655 0.00186774 0.292 564.938 1
0.0459075 0.00235851 0.294 463.5 1
0.0444913 0.00423117 0.291 549 1
0.0438595 0.0124503 0.291 566.875 1
0.0440856 0.0163285 0.2925 534 1
0.0432743 0.0189562 0.293143 579.714 1
0.0427789 0.0229816 0.29225 586.125 1
0.0413323 0.0273079 0.291 624.167 1
0.0428887 0.0262225 0.293 577.3 1
0.0415596 0.0300022 0.2926 623.1 1
0.0435488 0.0299247 0.293546 512.409 1
0.0415278 0.033124 0.2935 625.75 1
0.0430807 0.0332927 0.294 536.357 1
0.0414743 0.0366008 0.292 610.75 1
0.0415691 0.0404981 0.292667 610.083 1
0.043035 0.0410034 0.294 537 1
0.0410727 0.0439439 0.291714 612.143 1
0.0429375 0.0437783 0.293333 521.833 1
0.041194 0.0471067 0.29225 622.625 1
0.043035 0.0461135 0.294 512 1
0.040289 0.0509792 0.2926 668.4 1
0.040754 0.0533478 0.2925 640.25 1
0.0420776 0.054098 0.294 580.5 1
0.0397753 0.061551 0.2935 588.25 1
0.0380799 0.0648814 0.2915 647.75 1
0.039417 0.0642715 0.2932 636.1 1
0.037735 0.0681228 0.2925 651.5 1
0.0377223 0.0712718 0.2924 665.5 1
0.0391978 0.0713583 0.29275 502.125 1
0.0446132 0.0200599 0.296 507.5 1
0.0446131 0.0226323 0.296 489.3 1
0.0445127 0.026109 0.295333 468.583 1
0.0444624 0.0283242 0.295 457.5 1
0.0415802 0.0364427 0.295 621 1
0.0430048 0.0366456 0.295308 561.923 1
0.0415802 0.0385791 0.295 615 1
0.0431278 0.0392051 0.295571 541.571 1
0.0418621 0.0485198 0.297 641 1
0.0431636 0.0476174 0.2962 532.6 1
0.0418621 0.0491651 0.297 639 1
0.0425069 0.0491651 0.297 608 1
0.0418621 0.0541122 0.297 624.667 1
0.0425069 0.0541122 0.297 592.667 1
0.0415071 0.0579923 0.296429 559.857 1
0.0425069 0.0575537 0.297 530.2 1
0.040999 0.0609792 0.296 527.625 1
0.0425069 0.0623933 0.297 519.5 1
0.0406194 0.0645368 0.295 620 1
0.0397664 0.0686847 0.297 642.25 1
0.0397932 0.0705435 0.296 606.5 1
0.0436206 0.0486832 0.298 514 1
0.0432722 0.0510358 0.299556 557.667 1
0.0437063 0.0542879 0.299857 484.214 1
0.0436206 0.0577475 0.298 389.8 1
0.0429788 0.0607649 0.298313 441.875 1
0.0410326 0.0661643 0.298 614.5 1
0.0428167 0.0649381 0.298875 530.812 1
0.0410839 0.0679877 0.298111 620.333 1
0.0426555 0.067994 0.298385 516 1
0.0413561 0.070049 0.298 557 1
0.0420031 0.070049 0.298 482 1
