0.00969404 -0.0533478 0.201 843.353 1
0.0123332 -0.0539918 0.201296 1526.69 1
0.0140683 -0.0530614 0.203 1572.5 1
0.00907093 -0.0518512 0.200778 3113 1
0.0122398 -0.0523544 0.201857 3555.43 1
0.0140683 -0.0521793 0.203 2317.5 1
-0.00719216 -0.0527266 0.206 3704 1
-0.00506581 -0.0533701 0.205893 2577.32 1
-0.0022613 -0.0533615 0.205 2268.07 1
-0.00719216 -0.0522791 0.206 3828 1
-0.00540313 -0.0522791 0.206 3835.14 1
0.0137282 -0.0516752 0.2045 3564.75 1
0.0157017 -0.0505967 0.205511 1890.18 1
0.0136947 -0.0471177 0.204 3601 1
0.0151558 -0.0471771 0.204762 2192.43 1
0.0137235 -0.0438837 0.204429 3441.57 1
0.0148903 -0.0439611 0.2052 2224.53 1
0.0146727 -0.0407494 0.205947 2279.84 1
0.0136053 -0.0316911 0.206 2893 1
0.0136053 -0.0303484 0.206 2756.1 1
0.0144998 -0.029677 0.206 2058.75 1
0.0161492 -0.0560317 0.21 427 1
-0.0183599 -0.0536079 0.21 3214.06 1
-0.015772 -0.0538032 0.209022 2736.73 1
-0.0122296 -0.0536904 0.208 2749.91 1
-0.00891699 -0.0536645 0.207763 2735.95 1
-0.00677764 -0.0538821 0.207 2142 1
0.015868 -0.0542574 0.208667 1184.6 1
-0.0190986 -0.0507848 0.21 3812.46 1
-0.0158045 -0.0507694 0.209067 3838.07 1
-0.0123989 -0.0514309 0.208 3838.62 1
-0.00951998 -0.0521087 0.208 3830.9 1
0.0174915 -0.0509588 0.207 1415 1
0.0183176 -0.0502383 0.209 1457.17 1
-0.0185024 -0.0477051 0.21 3838.54 1
-0.0164418 -0.0476474 0.209875 3715.59 1
0.016858 -0.0470223 0.2075 1684.06 1
0.0179349 -0.0472602 0.209556 1584.17 1
-0.0182744 -0.0434847 0.21 3840 1
-0.0173625 -0.0450816 0.21 3840 1
0.0165591 -0.0434511 0.208077 1738.85 1
0.0179729 -0.0450816 0.21 1597 1
0.0160323 -0.0401126 0.208029 1862.49 1
0.0155237 -0.0366059 0.208348 1945.83 1
0.0153987 -0.0334458 0.208722 1944.19 1
0.0136934 -0.0287422 0.207333 2629.5 1
0.0151727 -0.02968 0.208667 1930.17 1
0.0137374 -0.0263498 0.208 2508.12 1
0.0152349 -0.0261948 0.209533 1913.4 1
0.0136838 -0.0230708 0.208333 2362.42 1
0.0146765 -0.0227924 0.209091 1974.18 1
0.0135927 -0.0192326 0.20925 2279.38 1
0.0144595 -0.0195101 0.2093 1981.5 1
0.0132924 -0.0154218 0.209462 2511.31 1
0.01434 -0.0152942 0.209909 1951.09 1
0.0131197 -0.0124835 0.209261 2448.87 1
0.0143278 -0.0129186 0.209727 1943.55 1
0.0129576 -0.00994987 0.21 2437 1
-0.0284993 -0.0536348 0.213 3287.73 1
-0.0263887 -0.0542682 0.212929 2789.48 1
-0.0227918 -0.0541901 0.211714 2754.59 1
-0.019834 -0.0543338 0.211 2450.82 1
0.0171423 -0.0542356 0.211 1171.75 1
0.0183268 -0.0536571 0.212333 1126 1
-0.0293685 -0.0506888 0.213 3663.05 1
-0.0263972 -0.0508161 0.213 3735.8 1
-0.0228224 -0.0507587 0.211581 3779.92 1
-0.020423 -0.0494221 0.211 3816 1
0.0198023 -0.0505825 0.2125 1344.81 1
-0.0319467 -0.0468825 0.213 3704 1
-0.0296799 -0.0472987 0.212862 3688.43 1
-0.0262817 -0.0471393 0.212071 3775.89 1
-0.0227579 -0.047138 0.211788 3807.7 1
-0.019793 -0.0469294 0.211 3828.69 1
0.0190547 -0.0473246 0.211889 1483.11 1
-0.0293191 -0.0437693 0.213 3771.41 1
-0.0263758 -0.0436405 0.212385 3810 1
-0.0227731 -0.0435735 0.211536 3831.73 1
-0.01969 -0.0433709 0.211 3840 1
0.018496 -0.0439562 0.212182 1573.45 1
-0.0288945 -0.0403574 0.213 3795.8 1
-0.026272 -0.0401975 0.212396 3830.91 1
-0.0230665 -0.0405862 0.211545 3772.84 1
-0.0199648 -0.0413996 0.211 3840 1
0.0171423 -0.0393367 0.211 1707 1
0.0182012 -0.040184 0.212667 1634.83 1
-0.0287095 -0.0367015 0.213 3784.25 1
-0.0263726 -0.0366648 0.212444 3826.83 1
-0.0237771 -0.0368658 0.212 3835 1
0.017288 -0.0371071 0.2111 1686.1 1
0.0184232 -0.0368576 0.212842 1584 1
-0.0287095 -0.0343876 0.213 3812.17 1
-0.0267003 -0.0342224 0.212875 3783 1
-0.024202 -0.0349171 0.212 3797 1
0.0169407 -0.0329721 0.211333 1723.33 1
0.017834 -0.0330737 0.212545 1654.09 1
0.0167534 -0.0296018 0.211875 1755.94 1
0.0177673 -0.0309168 0.213 1683.83 1
0.0167859 -0.0262 0.212286 1730.64 1
0.0162491 -0.0230065 0.211818 1793.59 1
0.0155997 -0.0191371 0.2112 1857.8 1
0.0157345 -0.015741 0.211889 1808.61 1
0.0137065 -0.0109141 0.211 1988 1
0.0152099 -0.012126 0.211571 1856.57 1
0.0133532 -0.00848563 0.211444 2174 1
0.0146533 -0.00889526 0.2121 1869.65 1
0.0133482 -0.0052213 0.212583 2146.25 1
0.0142988 -0.00523289 0.213 1897.5 1
0.0131889 -0.00185464 0.213 2120.73 1
0.0142988 -0.00315041 0.213 1885 1
0.0126362 0.0017027 0.21225 2402.75 1
0.012627 0.00506625 0.212692 2258.15 1
0.0122178 0.00703062 0.213 2425 1
0.0112929 0.0165175 0.213 2759.38 1
0.0112929 0.0183686 0.213 2612.38 1
-0.0393782 -0.0560136 0.217 2181 1
-0.0368518 -0.0564594 0.216 945.688 1
-0.0335106 -0.056444 0.215444 791 1
-0.029835 -0.0562816 0.214429 657.143 1
-0.0398131 -0.0540189 0.217 3301.08 1
-0.0368165 -0.0542943 0.215786 3186.29 1
-0.0331626 -0.0542987 0.215 3132.08 1
-0.030138 -0.0544921 0.214237 2991.58 1
0.0197348 -0.0537039 0.2153 1074.8 1
-0.0398493 -0.0508275 0.217 3440.64 1
-0.0368368 -0.0508271 0.215533 3552.15 1
-0.0330857 -0.0507604 0.21456 3643.88 1
-0.0309609 -0.0516229 0.214 3632.22 1
0.0206115 -0.0498918 0.2142 1343 1
0.0216178 -0.0512345 0.2162 1193.6 1
-0.03978 -0.0472083 0.217 3477.44 1
-0.0367499 -0.0473397 0.215483 3579.5 1
-0.0332107 -0.0473151 0.214043 3659.72 1
0.0203092 -0.0473442 0.214263 1407.05 1
0.0213536 -0.0470379 0.216067 1340.87 1
-0.0396137 -0.0437555 0.217 3622 1
-0.0365722 -0.0437312 0.215873 3669.27 1
-0.0331002 -0.0438743 0.214316 3719.91 1
-0.0309351 -0.0433831 0.214 3732.42 1
0.0200044 -0.0435289 0.2155 1481.58 1
-0.0396901 -0.0403151 0.217 3630.19 1
-0.0367285 -0.0402638 0.216216 3669.1 1
-0.0331701 -0.0403024 0.215091 3731.6 1
-0.0305368 -0.0399292 0.214 3766.89 1
0.0196547 -0.040418 0.215471 1518.12 1
-0.0398131 -0.0367923 0.217 3627.92 1
-0.0368518 -0.0367492 0.216 3685.08 1
-0.0333073 -0.0367833 0.215462 3747.6 1
-0.0304705 -0.0366413 0.214 3804.61 1
0.01969 -0.0368877 0.215118 1494.24 1
-0.0391164 -0.0334357 0.217 3645.06 1
-0.0367573 -0.0333484 0.2166 3711.08 1
-0.0332079 -0.0332944 0.215509 3778.87 1
-0.0298966 -0.0329987 0.21408 3826.1 1
-0.0268071 -0.0322601 0.214 3840 1
0.0192709 -0.0331874 0.215519 1572.44 1
-0.0364656 -0.0299759 0.217 3739.93 1
-0.0333632 -0.029755 0.215889 3797.67 1
-0.0298485 -0.0297495 0.2148 3782.2 1
-0.0268619 -0.0301476 0.214 3813.4 1
0.0188626 -0.0297977 0.215529 1605.82 1
-0.0367636 -0.026294 0.216857 3759.02 1
-0.0332711 -0.0262487 0.215882 3822.18 1
-0.0298391 -0.0264353 0.215104 3840 1
0.0183779 -0.0262002 0.215067 1624.67 1
-0.0364285 -0.0231104 0.216825 3786.35 1
-0.0333374 -0.0226721 0.216018 3832.09 1
-0.0304393 -0.0226427 0.21575 3807.88 1
0.0169214 -0.0217631 0.214 1751.17 1
0.018206 -0.0229502 0.216 1631 1
-0.0356561 -0.0198523 0.217 3825.3 1
-0.0333841 -0.0192163 0.216755 3839.88 1
-0.0299075 -0.0192627 0.21602 3840 1
-0.0277069 -0.0193853 0.216 3840 1
0.0169609 -0.0192518 0.2145 1731.81 1
0.0181009 -0.0192394 0.217 1658.14 1
-0.0327376 -0.0162194 0.217 3839.22 1
-0.0302947 -0.01602 0.216871 3840 1
0.0169214 -0.0166486 0.214 1709.5 1
0.0181009 -0.0173535 0.217 1694 1
-0.0304265 -0.0128746 0.217 3840 1
0.0167171 -0.011995 0.215333 1716.08 1
0.0161923 -0.00889736 0.2154 1741.5 1
0.0156069 -0.00528309 0.215063 1767.31 1
0.0139013 -0.00153789 0.214 1924.83 1
0.0153268 -0.00189063 0.215267 1796.5 1
0.0139013 0.00171674 0.214 1916.25 1
0.014901 0.00172621 0.215 1812.38 1
0.0137537 0.00551723 0.214111 1872.22 1
0.0149478 0.00524592 0.215667 1756.33 1
0.0128832 0.00869001 0.214152 2071.64 1
0.0144337 0.00878517 0.215933 1816.33 1
0.0128503 0.0121617 0.214533 1988.93 1
0.0145212 0.0124318 0.215875 1673.44 1
0.0127778 0.0157101 0.214625 1930.03 1
0.0145118 0.0153565 0.216556 1704.17 1
0.0125262 0.0193645 0.214529 1990.41 1
0.0146637 0.0194162 0.216538 1454.31 1
0.0123212 0.0227257 0.215478 1985.91 1
0.0148029 0.0222495 0.217 1255.85 1
0.0122384 0.026221 0.216056 1918.14 1
0.0123816 0.0298156 0.21665 1817.1 1
0.0102795 0.0331753 0.216 3013 1
0.0118142 0.0329855 0.2166 1912.3 1
0.0102795 0.036695 0.216 2644.57 1
0.0115143 0.0370173 0.216667 1841 1
0.0103176 0.039658 0.2168 2448.4 1
0.0113988 0.0395513 0.216824 1842.82 1
0.0103271 0.0446441 0.217 2204 1
0.0107982 0.0446441 0.217 1908 1
0.00985597 0.0503017 0.217 2528.33 1
0.0107982 0.0503016 0.217 1735.5 1
-0.0466097 -0.056788 0.22 1996.92 1
-0.0438005 -0.0568522 0.219538 1773.96 1
-0.0409795 -0.0567454 0.218 1367.5 1
-0.0492368 -0.0534421 0.22 3242 1
-0.0471165 -0.0542115 0.22 3233.88 1
-0.0438947 -0.0542872 0.219551 3196.69 1
-0.0413345 -0.0545548 0.218 3205.94 1
-0.0492368 -0.0515302 0.22 3206.4 1
-0.0472451 -0.0508808 0.22 3272.3 1
-0.0437802 -0.0508166 0.21898 3361.84 1
-0.0414529 -0.0508249 0.218 3389.94 1
0.022547 -0.0493927 0.219 1255.5 1
-0.0468319 -0.0473655 0.219853 3346.71 1
-0.0437801 -0.0472609 0.218759 3407.19 1
-0.0414529 -0.0472726 0.218 3456.5 1
0.0225985 -0.0473567 0.2195 1275.17 1
-0.0464143 -0.0439476 0.22 3424.23 1
-0.0437034 -0.0437221 0.218824 3478.35 1
-0.0414529 -0.0437203 0.218 3579.81 1
0.0218611 -0.0441233 0.219045 1344.68 1
-0.0468172 -0.0402698 0.21985 3488.2 1
-0.0437173 -0.0402252 0.21852 3547.72 1
-0.0414529 -0.0401681 0.218 3603.43 1
0.0216553 -0.0409395 0.2196 1405.3 1
-0.0466362 -0.0367835 0.22 3535.67 1
-0.0437846 -0.0367735 0.219127 3598.33 1
-0.0413345 -0.036675 0.218 3608.75 1
0.020708 -0.0364199 0.219667 1453.75 1
-0.0469031 -0.0334488 0.22 3533.54 1
-0.043837 -0.0332549 0.219265 3607.43 1
-0.0408327 -0.0331551 0.21827 3638.54 1
0.0207878 -0.0334956 0.219111 1471.33 1
0.0214559 -0.0319329 0.22 1408 1
-0.0460979 -0.0307721 0.22 3560.86 1
-0.0438573 -0.029818 0.219774 3616.83 1
-0.0403468 -0.0298036 0.218408 3665.43 1
-0.0381397 -0.0295112 0.218 3725.83 1
0.0202186 -0.0293644 0.218667 1516.11 1
0.0214559 -0.0314549 0.22 1400 1
-0.0429761 -0.0264532 0.22 3681.61 1
-0.0401964 -0.0263153 0.21852 3695.8 1
0.0201351 -0.0262688 0.218625 1495.19 1
-0.0427216 -0.0229086 0.22 3681 1
-0.0401913 -0.0227316 0.218857 3713.12 1
-0.0377847 -0.0219922 0.218 3742.56 1
0.0197328 -0.0226376 0.219 1541.42 1
-0.0423108 -0.0204613 0.22 3713.5 1
-0.0401062 -0.019196 0.219545 3697.67 1
-0.0370453 -0.0191153 0.2182 3788.23 1
0.019248 -0.0196831 0.219333 1576.33 1
-0.0401252 -0.0156664 0.219796 3726 1
-0.0365621 -0.0157889 0.218618 3794.27 1
-0.0337179 -0.0147662 0.218 3831.11 1
-0.0312767 -0.014118 0.218 3840 1
0.0182511 -0.0154973 0.2188 1654.8 1
-0.0399198 -0.012473 0.219951 3731.66 1
-0.036655 -0.0122813 0.21902 3807.65 1
-0.0331699 -0.0122235 0.218 3835.71 1
-0.0312767 -0.0122235 0.218 3840 1
0.0183035 -0.0123054 0.219429 1621.71 1
-0.0393767 -0.00895559 0.22 3714.39 1
-0.0366637 -0.00871334 0.219071 3777.84 1
-0.033246 -0.0086889 0.2185 3833.84 1
-0.0311112 -0.0086889 0.2185 3840 1
0.0172377 -0.00819755 0.218 1651.75 1
0.0186557 -0.00906168 0.219833 1556.75 1
-0.0387284 -0.00540487 0.22 3738.5 1
-0.0366707 -0.0051783 0.219292 3786.96 1
-0.0333221 -0.00514239 0.219 3835.18 1
-0.0307703 -0.00483642 0.2181 3744.4 1
0.0171582 -0.00539576 0.218667 1638.44 1
0.0175705 -0.00466997 0.2192 1602 1
-0.0363446 -0.00198782 0.219941 3795 1
-0.0333603 -0.00181277 0.219245 3834.9 1
-0.0308833 -0.00209573 0.2189 3839.7 1
0.0166622 -0.00154362 0.218857 1689.57 1
0.0176347 -0.00277596 0.22 1603.67 1
-0.0356237 0.000808907 0.22 3833.12 1
-0.0334586 0.00176394 0.219893 3835.02 1
-0.0303179 0.00188661 0.219 3840 1
0.0163097 0.0017492 0.21825 1676.25 1
-0.0327703 0.00533716 0.22 3786.82 1
-0.0304408 0.0050758 0.219556 3838.22 1
0.0164405 0.00415479 0.22 1652 1
-0.0319617 0.00805831 0.22 2901.33 1
-0.0299886 0.00890232 0.22 3814.51 1
0.0154149 0.0088969 0.219 1600.92 1
-0.0295611 0.0121702 0.22 3826.75 1
-0.0272647 0.0129974 0.22 3694.88 1
0.0156174 0.0124336 0.2185 1354.56 1
-0.0290829 0.0157728 0.22 3836.61 1
-0.0266034 0.0160247 0.22 3840 1
-0.0243988 0.0172993 0.22 3840 1
0.015908 0.0158531 0.218636 1445.68 1
-0.0287731 0.0188087 0.22 3838.16 1
-0.0263094 0.0192112 0.22 3839.45 1
-0.0241383 0.0196458 0.22 3840 1
0.0153679 0.0181162 0.218333 1464.5 1
-0.02822 0.0213622 0.22 3822.5 1
-0.0260317 0.0225015 0.22 3831.58 1
-0.0235231 0.022743 0.22 3839.17 1
0.0159755 0.0227467 0.218 882.417 1
-0.0251153 0.026381 0.22 3838.93 1
-0.0227889 0.0264252 0.22 3839.94 1
-0.020219 0.0271219 0.219556 3840 1
0.0134513 0.0264569 0.218 1727.17 1
0.0144356 0.0262103 0.218571 1316.71 1
-0.0251153 0.0290099 0.22 3838.62 1
-0.0228034 0.0297268 0.22 3840 1
-0.0192615 0.0298415 0.219054 3840 1
0.0134513 0.0282725 0.218 1664.75 1
0.0144639 0.0288802 0.219 1202 1
-0.0219764 0.0320485 0.22 3840 1
-0.0197091 0.0322906 0.22 3840 1
0.013314 0.0339302 0.218333 1653.67 1
0.0143979 0.0330089 0.218 1544 1
-0.0180368 0.0375898 0.2193 3840 1
-0.0166009 0.0376012 0.219 3840 1
0.0130396 0.0364442 0.219 1547.85 1
-0.0189668 0.0402616 0.21986 3833.81 1
-0.0157576 0.0403235 0.219019 3840 1
-0.0138273 0.0407732 0.219 3840 1
0.0103747 0.0415343 0.218 2320.5 1
0.0120454 0.040882 0.218857 1678.64 1
-0.0182803 0.0433152 0.22 3838.67 1
-0.0160273 0.0438147 0.22 3838.03 1
-0.0138904 0.0450223 0.22 3840 1
0.0103747 0.0431921 0.218 2309 1
0.0113928 0.0435239 0.218824 1774.53 1
-0.0177117 0.0459782 0.22 3832 1
-0.0155945 0.0465983 0.22 3833.05 1
-0.0125925 0.0474745 0.22 3763.59 1
0.010138 0.0476916 0.218 2416.92 1
0.0113876 0.0471696 0.21925 1671.21 1
-0.0117751 0.0506078 0.22 3840 1
-0.00873766 0.0517149 0.2195 3702.58 1
-0.00588259 0.0520972 0.2188 3840 1
0.00990139 0.050865 0.218 2500.2 1
0.0112536 0.0504786 0.218643 1596.29 1
-0.0111201 0.0534029 0.22 3833.13 1
-0.00857095 0.0541753 0.219644 3839.73 1
-0.00523172 0.0543612 0.218549 3840 1
-0.00309315 0.0549899 0.218 3840 1
0.00991144 0.054341 0.218682 2305.5 1
-0.00823412 0.0574786 0.219632 3833.18 1
-0.00532731 0.0577121 0.218826 3837.07 1
-0.00222488 0.0582031 0.218609 3840 1
0.000435168 0.0592957 0.218 3840 1
0.00996193 0.0576834 0.2188 2078.4 1
0.0111609 0.0585104 0.2195 1440.38 1
-0.00782424 0.0608435 0.22 3810.15 1
-0.00528062 0.0611275 0.219469 3821.16 1
-0.00170273 0.061206 0.218903 3838.08 1
0.0012691 0.0618218 0.218 3815 1
0.00947481 0.0612813 0.21996 2372.44 1
0.0111864 0.0605567 0.22 1353.75 1
-0.0046735 0.0643009 0.22 3767.56 1
-0.00167151 0.0647638 0.219259 3822.37 1
0.00188106 0.0647342 0.218073 3835.6 1
0.00496048 0.0651642 0.218 3803.27 1
0.00858438 0.0649199 0.219654 2751 1
-0.00416678 0.0687166 0.22 3713.14 1
-0.00176709 0.0681296 0.219305 3758.75 1
0.00185538 0.0682716 0.218143 3798.02 1
0.00516828 0.0682948 0.218 3835.43 1
0.00783148 0.0681779 0.219 3379.19 1
-0.00421796 0.0708333 0.22 3655.25 1
-0.00155463 0.071654 0.219429 3688.73 1
0.00182786 0.0716779 0.21832 3713.82 1
0.00516828 0.0716103 0.218 3799.55 1
0.00800044 0.0716451 0.219375 2954.38 1
-0.00129546 0.0750616 0.219895 3606 1
0.00188735 0.0750828 0.218542 3644.25 1
0.00514246 0.0751324 0.218 3689.44 1
0.00774365 0.075333 0.219417 2858.25 1
-0.000754973 0.0783445 0.22 3510 1
0.00183816 0.0787497 0.21952 3544.2 1
0.00522857 0.078843 0.219116 3563.49 1
0.00787438 0.078537 0.219846 2311.92 1
-0.00385972 0.0834998 0.22 392.5 1
-0.0015583 0.0830436 0.22 734.545 1
0.00206977 0.0816786 0.22 2021.24 1
0.00478146 0.0811317 0.22 3359.36 1
-0.00385972 0.0856508 0.22 534.286 1
-0.00241229 0.085419 0.22 521.515 1
-0.0568523 -0.0570684 0.224 2310.45 1
-0.0544181 -0.057175 0.222793 2008.31 1
-0.0508074 -0.056789 0.221077 2143.69 1
-0.0485009 -0.056806 0.221 2229.83 1
-0.0572109 -0.0541975 0.224 2875.37 1
-0.0544022 -0.054271 0.222581 3015.56 1
-0.051028 -0.0542292 0.221 3096.11 1
-0.0486929 -0.0553175 0.221 3181.8 1
-0.0578684 -0.0507006 0.224 2977.06 1
-0.0541654 -0.0507321 0.22258 3121.22 1
-0.0509759 -0.0507323 0.221326 3181.81 1
-0.0489808 -0.0498438 0.221 3234.33 1
0.0236409 -0.0509335 0.223333 1184.88 1
0.0250072 -0.0522237 0.224 1037.25 1
-0.057639 -0.0473258 0.224 3033.85 1
-0.0543392 -0.0473319 0.223098 3173.88 1
-0.0507913 -0.0472562 0.221778 3251.4 1
-0.0485809 -0.0468028 0.221 3343.11 1
0.0236068 -0.0472271 0.22225 1215.75 1
-0.0566975 -0.043707 0.224 3135.14 1
-0.0542065 -0.0438124 0.222625 3192.77 1
-0.050776 -0.0437561 0.221667 3328.02 1
-0.048241 -0.0436218 0.221 3395 1
0.0231554 -0.0435951 0.221778 1265.28 1
-0.0570817 -0.040083 0.223917 3155.25 1
-0.0542055 -0.0402011 0.222333 3227.44 1
-0.0508135 -0.0403363 0.221178 3337.07 1
-0.0487408 -0.0402407 0.221 3404.86 1
0.0224068 -0.0401203 0.223 1343 1
-0.0571658 -0.0368813 0.223929 3142.39 1
-0.054118 -0.0367764 0.222615 3222.88 1
-0.0508356 -0.0368872 0.221568 3301.89 1
-0.0483919 -0.0367923 0.221 3461.5 1
0.0219483 -0.0366601 0.222571 1381.43 1
-0.0566975 -0.0332435 0.224 3229.94 1
-0.054368 -0.033293 0.223216 3322.76 1
-0.0507095 -0.0332634 0.221391 3406.35 1
-0.0485276 -0.0329316 0.221 3454.83 1
0.0219654 -0.0334368 0.222333 1394.75 1
-0.0566975 -0.0305668 0.224 3244.33 1
-0.0542482 -0.0298206 0.22352 3344.74 1
-0.0508632 -0.0296894 0.22217 3441.11 1
-0.0474599 -0.0296219 0.221067 3559.4 1
0.0219125 -0.0296332 0.222357 1385.93 1
-0.0538289 -0.0262515 0.223867 3339.3 1
-0.0507441 -0.0262019 0.222611 3413 1
-0.0472564 -0.0261819 0.221911 3602.12 1
-0.0445184 -0.025884 0.221 3650.35 1
0.0217278 -0.0261044 0.222545 1401.77 1
-0.0533493 -0.0229485 0.224 3373.96 1
-0.0507489 -0.0227445 0.223326 3456.74 1
-0.0473675 -0.0226202 0.222429 3594.76 1
-0.0444638 -0.0225743 0.221 3629.21 1
0.0203539 -0.0210345 0.221 1501 1
0.0218059 -0.022535 0.222455 1384.32 1
-0.0525637 -0.0193733 0.224 3370.14 1
-0.0507496 -0.0193301 0.2235 3434.26 1
-0.0473762 -0.0192407 0.222469 3586.16 1
-0.0438588 -0.0190275 0.221244 3675.33 1
0.0202225 -0.0189211 0.221889 1513.78 1
0.0215064 -0.0202558 0.223 1372.33 1
-0.0525637 -0.01694 0.224 3431.67 1
-0.0506445 -0.0158182 0.223548 3488.93 1
-0.0474108 -0.0158694 0.222633 3612.82 1
-0.0437811 -0.0157807 0.221388 3661.47 1
0.0197531 -0.0159617 0.222133 1553.23 1
-0.0502381 -0.012221 0.223914 3482.2 1
-0.0473257 -0.0123265 0.222902 3587.98 1
-0.0438219 -0.0122333 0.22137 3685.41 1
-0.0415435 -0.0116714 0.221 3731.38 1
0.0199081 -0.0120589 0.22225 1523.12 1
-0.0498888 -0.00866651 0.224 3467.93 1
-0.0471127 -0.00856667 0.223065 3583.33 1
-0.0437105 -0.00872812 0.221915 3663.13 1
-0.0411591 -0.00858949 0.221143 3698.36 1
0.0197283 -0.00832207 0.2226 1472.9 1
-0.0494025 -0.00598981 0.224 3499.25 1
-0.0469892 -0.0054281 0.22381 3608.55 1
-0.0438665 -0.0052363 0.223048 3674.81 1
-0.0406316 -0.00516617 0.221465 3736.16 1
-0.0384246 -0.00374889 0.221 3743 1
0.0191939 -0.00512235 0.222125 1531.19 1
-0.0464845 -0.00185309 0.224 3658.89 1
-0.043843 -0.00179239 0.223318 3671.14 1
-0.0403565 -0.00183405 0.221816 3705.59 1
-0.0379817 -0.00156972 0.221 3740.77 1
0.017235 -0.00110804 0.221 1676 1
0.0185213 -0.00184281 0.2226 1551.6 1
-0.0462413 0.00106695 0.224 3630 1
-0.0436213 0.00172793 0.223259 3651.83 1
-0.0401106 0.00178425 0.222357 3713.75 1
-0.0369542 0.00196641 0.2211 3770.07 1
0.0172545 0.00177544 0.22125 1629.25 1
0.0181681 0.00129769 0.222125 1570 1
-0.0436676 0.00522716 0.223822 3071.98 1
-0.040201 0.00542002 0.222857 2669.69 1
-0.0365744 0.00538451 0.221408 3258.55 1
-0.0344261 0.00569416 0.221 3610.78 1
0.0168851 0.00567977 0.221941 1564.59 1
0.017898 0.00543057 0.223286 1482.14 1
-0.0428693 0.00826971 0.224 2837.6 1
-0.040304 0.00883113 0.223429 2003.63 1
-0.0366484 0.00877022 0.221857 1970.31 1
-0.0335087 0.00895007 0.221162 2188.97 1
0.0168647 0.00879285 0.222429 1366 1
0.0179209 0.00883864 0.223571 1257.14 1
-0.0423506 0.0122604 0.224 2454.29 1
-0.040304 0.0122292 0.223429 1875.37 1
-0.0367998 0.0121939 0.222775 2193.27 1
-0.0332431 0.0121313 0.221633 3041.59 1
-0.0309874 0.0135367 0.221 3790 1
0.0167796 0.0118321 0.223143 1085.43 1
0.0179553 0.0110437 0.224 1101.5 1
-0.0423506 0.0154238 0.224 3559.83 1
-0.0402865 0.0156022 0.2235 3408.25 1
-0.0367553 0.0156136 0.22268 3615.72 1
-0.0332446 0.0157434 0.221643 3782.07 1
-0.0307954 0.0158895 0.221 3816.05 1
0.0170991 0.0166767 0.222333 1370.33 1
0.0178751 0.0163261 0.223 1317.75 1
-0.0397131 0.0187744 0.224 3662.38 1
-0.0368247 0.0191402 0.223098 3690.61 1
-0.033286 0.0193797 0.221918 3758.14 1
-0.0303476 0.0195546 0.221 3813.07 1
0.0166007 0.0194008 0.222143 1178.64 1
-0.0391894 0.0217506 0.224 3622.62 1
-0.0368023 0.0227744 0.223906 3697.6 1
-0.0332157 0.0228378 0.22283 3771.02 1
-0.0298732 0.0227244 0.221622 3807.47 1
-0.0276286 0.0234399 0.221 3826 1
0.016295 0.022469 0.222333 926.667 1
-0.0362227 0.0263009 0.224 3689.98 1
-0.0330237 0.0263055 0.223408 3751.51 1
-0.0297814 0.0262259 0.222738 3769.55 1
-0.0269137 0.0261666 0.221351 3826.22 1
0.0158334 0.0261807 0.221889 969.056 1
-0.0355419 0.0286856 0.224 3690.25 1
-0.0330487 0.0297237 0.223571 3718.61 1
-0.0297265 0.0297345 0.222689 3779.71 1
-0.0267297 0.0299655 0.221533 3820.64 1
-0.0240299 0.0313024 0.221 3840 1
0.0154499 0.029705 0.223429 1110.71 1
-0.0326981 0.0330404 0.2235 3714.38 1
-0.0297591 0.0334172 0.222766 3786.68 1
-0.0262178 0.0332935 0.221759 3830.5 1
-0.0228023 0.0336435 0.221057 3839.06 1
-0.0201913 0.0339433 0.221 3840 1
0.0147501 0.0331646 0.223333 1507.08 1
-0.0322996 0.035783 0.224 3736.17 1
-0.0295235 0.0368018 0.223571 3783.76 1
-0.0261017 0.036797 0.222286 3798.76 1
-0.02264 0.0366615 0.221469 3832.33 1
-0.0203412 0.0364341 0.221 3622.12 1
0.0136363 0.0373043 0.221 1386.75 1
0.014706 0.036621 0.222667 1341.42 1
-0.029289 0.0405108 0.223842 3731.08 1
-0.0261307 0.0402221 0.222531 3767.41 1
-0.0225781 0.0401778 0.221127 3829.35 1
-0.0204312 0.0397051 0.221 3834.12 1
0.0133377 0.0409702 0.223 1459.62 1
0.0143438 0.0399166 0.2238 1299.1 1
-0.0293602 0.0437661 0.224 3736.16 1
-0.0261334 0.0436986 0.2228 3760.42 1
-0.0226902 0.0438833 0.22168 3802.5 1
-0.0198828 0.0439923 0.221 3833.46 1
0.012982 0.0438431 0.222095 1471.14 1
0.0140287 0.043784 0.223429 1325.29 1
-0.02849 0.0460842 0.224 3757.5 1
-0.0262436 0.0472008 0.223674 3748.09 1
-0.0226692 0.04726 0.222296 3801.09 1
-0.0193642 0.0473045 0.221435 3820.59 1
-0.0165126 0.0481879 0.221 3839.67 1
0.0130296 0.0472288 0.222143 1377.67 1
0.0140018 0.0456362 0.223 1304 1
-0.0255988 0.0502325 0.223957 3725.52 1
-0.0228868 0.0506309 0.223383 3779.94 1
-0.0193658 0.0508598 0.222531 3808.35 1
-0.0158374 0.0507101 0.221245 3839.47 1
-0.0134205 0.0514423 0.221 3840 1
0.0123982 0.0507517 0.2229 1400 1
-0.022425 0.0539425 0.224 3769.47 1
-0.0193422 0.0542591 0.222851 3812.45 1
-0.0159508 0.0542183 0.221783 3815.78 1
-0.0125915 0.0545334 0.221026 3839.18 1
-0.010115 0.0555503 0.221 3836.5 1
0.0115254 0.0545641 0.222571 1508.93 1
-0.0220055 0.0566288 0.224 3725 1
-0.0194057 0.057712 0.223574 3769.45 1
-0.0157377 0.0576114 0.222464 3807 1
-0.0120703 0.0578077 0.221633 3805.73 1
-0.00978281 0.0581542 0.221 3811.31 1
0.0113592 0.0573682 0.2234 1494.2 1
-0.0185916 0.0611568 0.224 3708.24 1
-0.0155595 0.0612417 0.223367 3737.1 1
-0.0120849 0.0612514 0.221898 3780.49 1
-0.00927529 0.0616422 0.221 3780.59 1
0.0100376 0.0625125 0.221 1732 1
0.0108374 0.0623525 0.221 1441.67 1
-0.0155049 0.0647287 0.22375 3693.71 1
-0.012132 0.0647563 0.22224 3721.8 1
-0.00862817 0.0649213 0.221348 3761.24 1
-0.00608009 0.0653061 0.221 3766.45 1
0.0101194 0.0649601 0.2228 1643.6 1
0.0106031 0.0649601 0.2228 1456.6 1
-0.0147505 0.0681063 0.223818 3631.73 1
-0.0120984 0.0682892 0.222708 3667.56 1
-0.0087748 0.0681895 0.221867 3661.24 1
-0.00565766 0.068148 0.221 3696.53 1
0.00963135 0.0681433 0.222667 1780.62 1
0.0106602 0.0682278 0.224 1383.57 1
-0.0144797 0.0711853 0.224 3609.31 1
-0.0121648 0.0718448 0.223778 3602 1
-0.00868049 0.0717498 0.2225 3610.54 1
-0.00562289 0.071885 0.221105 3628.05 1
-0.00339744 0.0728358 0.221 3671.5 1
0.00956085 0.0714649 0.222769 1640.15 1
0.0106602 0.0706612 0.224 1320.33 1
-0.0119058 0.0752109 0.223952 3542.24 1
-0.00880967 0.0752125 0.222783 3562.65 1
-0.00530574 0.0752662 0.22168 3591.9 1
-0.00303757 0.0757168 0.221 3603 1
0.00915178 0.0754065 0.22275 1691.56 1
-0.014143 0.0801513 0.224 512 1
-0.0118905 0.0791524 0.224 2453.87 1
-0.00875949 0.0786248 0.223122 3187.06 1
-0.0052869 0.0786693 0.221851 3347.72 1
-0.0025867 0.0790365 0.221 3417.21 1
0.00948813 0.0787595 0.2216 1145.4 1
0.0105889 0.0791279 0.2225 733 1
-0.0119545 0.0838014 0.224 473.333 1
-0.00883874 0.0816741 0.2233 846.35 1
-0.00544439 0.0813335 0.222083 1168.21 1
-0.00169764 0.081381 0.221091 1647 1
0.00552374 0.0826435 0.221 2416.48 1
0.00778916 0.0818418 0.2212 1723.35 1
-0.014143 0.0862347 0.224 569.4 1
-0.0120845 0.0858453 0.223918 543.082 1
-0.00872935 0.0858455 0.223769 528.942 1
-0.00557028 0.0857443 0.22148 528.8 1
-0.000678434 0.0862802 0.221 514.667 1
0.00132084 0.0859601 0.221 474.111 1
-0.014143 0.0881814 0.224 531 1
-0.0123153 0.0881495 0.223789 534.368 1
-0.00901842 0.0879421 0.223176 534.176 1
-0.00654578 0.0878764 0.222 510 1
-0.0696519 -0.0595451 0.225 480.5 1
-0.0631247 -0.0598278 0.227 399 1
-0.0626318 -0.0598278 0.227 400 1
-0.0696519 -0.0590563 0.225 436.5 1
-0.063688 -0.0570801 0.227 2457.21 1
-0.0611613 -0.057629 0.226111 2147.14 1
-0.0584384 -0.0575231 0.225 2012.82 1
0.0221572 -0.0566191 0.226333 826.167 1
-0.064622 -0.054057 0.226706 2843.97 1
-0.0612044 -0.0542567 0.225367 2897.27 1
-0.0588107 -0.0546191 0.225 2883.92 1
0.0235342 -0.054738 0.225524 917.19 1
0.0257791 -0.0532976 0.2265 928.625 1
-0.0646766 -0.0506921 0.226545 2838.75 1
-0.0614924 -0.0507387 0.225364 2963.8 1
0.0254743 -0.0508041 0.226222 1100.56 1
-0.0669853 -0.0465939 0.227 2846.5 1
-0.064633 -0.0470932 0.226238 2925.79 1
-0.0612507 -0.0470727 0.225167 2975.44 1
-0.0589861 -0.0464278 0.225 3086.5 1
0.0252624 -0.0471 0.226286 1139.5 1
-0.0671907 -0.0444773 0.227 2881.12 1
-0.0646939 -0.0436893 0.226727 2922.98 1
-0.0612202 -0.0437442 0.22586 2999.22 1
-0.0584162 -0.0439021 0.225 3069.5 1
0.0241776 -0.0432313 0.225333 1219.33 1
-0.0640764 -0.0403298 0.227 2952.07 1
-0.0612274 -0.0401268 0.226068 3046.84 1
-0.0587093 -0.0405291 0.225 3165.1 1
0.023383 -0.0394697 0.225462 1284.08 1
0.0246028 -0.0393604 0.227 1228.33 1
-0.0647441 -0.0369361 0.2268 2965.02 1
-0.0612378 -0.0366489 0.22549 3042.94 1
-0.0587825 -0.0363861 0.225 3116.62 1
0.0234136 -0.0367847 0.225526 1285.68 1
0.0246028 -0.0373877 0.227 1214 1
-0.0636879 -0.0339705 0.227 3024.79 1
-0.0612143 -0.0333522 0.226163 3083.56 1
-0.0584161 -0.0331475 0.225 3202.57 1
0.0232678 -0.0332948 0.226 1318.21 1
-0.0633711 -0.02925 0.227 3092.5 1
-0.0613028 -0.0297488 0.226478 3144.54 1
-0.0580195 -0.0295202 0.225105 3229.37 1
-0.0557294 -0.0285034 0.225 3356 1
0.0236183 -0.029431 0.225923 1296.77 1
-0.0605816 -0.0266514 0.226846 3156.88 1
-0.0577714 -0.0264175 0.225889 3194.4 1
-0.0555259 -0.0261 0.225 3305.42 1
0.0227771 -0.0266661 0.226 1340.25 1
-0.0596747 -0.0225919 0.227 3164.29 1
-0.0577787 -0.022743 0.226426 3233.6 1
-0.05518 -0.0224821 0.225083 3288.29 1
0.0226763 -0.0232076 0.225 1315.83 1
-0.0599435 -0.0186912 0.227 3190.09 1
-0.057878 -0.0191161 0.226714 3232.33 1
-0.0544978 -0.0191526 0.22513 3345.28 1
0.022278 -0.0192932 0.2259 1364.7 1
-0.0601676 -0.0156873 0.227 3185.24 1
-0.0578237 -0.0156527 0.2265 3290.33 1
-0.0543577 -0.0155053 0.225128 3408.68 1
-0.0523098 -0.0150602 0.225 3499.8 1
0.0207223 -0.0143269 0.225 1469.25 1
0.0218508 -0.0156558 0.226571 1387.86 1
-0.0600444 -0.0128514 0.227 3168.75 1
-0.0578216 -0.0122497 0.22661 3252.05 1
-0.0543838 -0.0121531 0.22549 3341.57 1
-0.0519716 -0.0116759 0.225 3428.46 1
0.0207223 -0.0133492 0.225 1496.75 1
-0.0575979 -0.00884948 0.226818 3252.45 1
-0.0544424 -0.00873308 0.225735 3334.31 1
-0.0518213 -0.00870519 0.225 3415.38 1
-0.0571192 -0.0054581 0.227 3294.22 1
-0.0541533 -0.00535991 0.226255 3358.12 1
-0.0508434 -0.00511174 0.225059 3484.03 1
-0.0485414 -0.00423575 0.225 3598.57 1
0.0207153 -0.00577589 0.225222 1437.11 1
0.0211529 -0.00385067 0.227 1403 1
-0.0567176 -0.00335748 0.227 3316.67 1
-0.0539381 -0.00204155 0.226949 3342.79 1
-0.0508045 -0.0018674 0.225905 3469.29 1
-0.0484018 -0.00186136 0.225 3612.62 1
0.0198156 -0.00175082 0.225154 1473.62 1
0.0211529 -0.00335748 0.227 1399 1
-0.0538427 0.00141003 0.227 3373.03 1
-0.0507201 0.00162237 0.22634 3504.4 1
-0.0477826 0.00175544 0.225286 3646.68 1
0.0194586 0.00172707 0.225444 1478 1
-0.0532677 0.00391709 0.227 3373.5 1
-0.0506337 0.00512371 0.2269 3462.5 1
-0.0473354 0.0052445 0.225729 3350.67 1
-0.0452265 0.00644902 0.225 1734.83 1
0.0187995 0.00523765 0.225375 1446.94 1
-0.0503105 0.0089723 0.227 3410.63 1
-0.0473973 0.00893475 0.226024 2339.64 1
-0.0444219 0.00915205 0.225 2199.26 1
0.0188517 0.00893277 0.226 1169.79 1
-0.0493248 0.0111917 0.227 3370 1
-0.0470879 0.0123425 0.226523 3216.68 1
-0.0441238 0.012348 0.2256 2980.06 1
0.0184643 0.0125878 0.22625 851.042 1
-0.0469815 0.0157769 0.226625 3516.52 1
-0.0439612 0.015833 0.225243 3601.03 1
0.018176 0.0147515 0.22675 1160.38 1
-0.0465852 0.0193178 0.226857 3533.11 1
-0.0436725 0.0192287 0.225796 3571.02 1
-0.0410741 0.0196478 0.225 3634.75 1
0.0180893 0.0189714 0.226 1267.78 1
-0.0461213 0.0224529 0.227 3552.5 1
-0.0438027 0.0227287 0.226469 3568.51 1
-0.0405263 0.0227965 0.225057 3620.46 1
-0.0381431 0.0240475 0.225 3654 1
0.0168141 0.023803 0.225 578.75 1
0.0181281 0.0226511 0.225714 687.143 1
-0.0461213 0.0247544 0.227 3463.5 1
-0.0437501 0.0259881 0.226951 3561.88 1
-0.0401178 0.026165 0.225423 3628.79 1
-0.0379965 0.0265894 0.225 3649.2 1
0.0168291 0.0257339 0.2252 783.4 1
0.0177912 0.0262472 0.225 916.75 1
-0.0428474 0.0291579 0.227 3500.64 1
-0.0403422 0.0296446 0.226178 3569.2 1
-0.0368405 0.0301004 0.225025 3659.1 1
0.0166801 0.0299508 0.226111 1081.83 1
-0.0399484 0.0329247 0.226686 3574.77 1
-0.0367758 0.0333175 0.225787 3644.87 1
-0.0344793 0.0338244 0.225 3654.9 1
0.0162752 0.0329108 0.226556 1389 1
-0.0394678 0.0359217 0.227 3597.43 1
-0.0369123 0.0367795 0.226429 3647.84 1
-0.0335701 0.0370698 0.225 3705.64 1
-0.0313039 0.0379796 0.225 3731 1
0.0159252 0.0367142 0.22625 1273.75 1
-0.0369138 0.0401896 0.226437 3637.98 1
-0.0332891 0.0402163 0.225204 3702.04 1
-0.0309131 0.0397883 0.225 3731.07 1
0.015379 0.0403419 0.226222 1256.67 1
-0.0364923 0.0435301 0.226788 3670.82 1
-0.0333259 0.0436891 0.225449 3698.2 1
-0.0311411 0.0439272 0.225 3701.89 1
0.0148652 0.0435454 0.226091 1273.55 1
-0.0354429 0.0467836 0.227 3648.67 1
-0.0331233 0.0471976 0.226447 3659.29 1
-0.0299954 0.047368 0.225233 3734.67 1
-0.0276401 0.0489786 0.225 3724 1
0.0144818 0.0474536 0.226083 1234.67 1
-0.0320477 0.0505647 0.227 3655.33 1
-0.0297633 0.0507212 0.2259 3659.07 1
-0.0270389 0.0513476 0.225 3700.5 1
0.0134899 0.0512975 0.2266 1250.9 1
-0.0294251 0.0541883 0.2267 3665.95 1
-0.0262559 0.0542647 0.225579 3722.45 1
-0.024074 0.054747 0.225 3729.13 1
0.0130412 0.0542721 0.22612 1313.16 1
-0.0285547 0.0572698 0.227 3630.21 1
-0.0261462 0.0577095 0.226404 3657 1
-0.0228982 0.0580981 0.225 3692.59 1
-0.0205567 0.0592443 0.225 3702 1
0.0129259 0.0574769 0.226091 1253.14 1
-0.0281322 0.0600176 0.227 3664 1
-0.0258801 0.0610123 0.2268 3655.68 1
-0.0225614 0.0611935 0.22549 3672.47 1
-0.0202902 0.0616441 0.225 3666.36 1
0.012528 0.0600176 0.227 1199.5 1
-0.0249287 0.0634699 0.227 3614 1
-0.0226427 0.0648158 0.226404 3607.6 1
-0.0191548 0.0647208 0.225128 3651.34 1
0.0116423 0.0648733 0.225615 1273.62 1
-0.0248055 0.0681552 0.227 3519.38 1
-0.0227461 0.0681604 0.226696 3564.15 1
-0.0190517 0.0682263 0.22544 3615.88 1
-0.0164742 0.0684975 0.225 3636.61 1
0.0115423 0.0684018 0.227 1251.58 1
-0.022133 0.0713014 0.227 3466.17 1
-0.019296 0.0716407 0.226268 3554.93 1
-0.0160659 0.0720745 0.225375 3562.78 1
0.0103102 0.0728405 0.227 1424.5 1
0.0114191 0.071402 0.227 1229.58 1
-0.0216548 0.0745315 0.227 3461.71 1
-0.0191966 0.0749634 0.227 3488.57 1
-0.0156759 0.0752981 0.225766 3492.55 1
-0.0135548 0.0757021 0.225 3579.22 1
0.0100107 0.0754416 0.226273 1381.73 1
0.010803 0.0750599 0.227 1268.14 1
-0.0187866 0.0785551 0.226889 2517.78 1
-0.0158421 0.0785934 0.225792 2738.94 1
-0.0132989 0.0782744 0.225 3195.36 1
0.0103102 0.0770326 0.227 1293 1
0.010803 0.0770326 0.227 1227 1
-0.0214787 0.0839373 0.227 513 1
-0.0194126 0.0835959 0.227 477.462 1
-0.0160663 0.0835465 0.2265 416.583 1
-0.0137176 0.0834422 0.225 448.5 1
-0.0283787 0.0873897 0.227 548 1
-0.0261608 0.0873897 0.227 549.143 1
-0.022301 0.0860894 0.226366 553.781 1
-0.0191912 0.0858549 0.226291 550.764 1
-0.0158694 0.0856354 0.225745 544.647 1
-0.0137176 0.0846643 0.225 525 1
-0.0286246 0.0889678 0.226714 493.286 1
-0.0260686 0.0885551 0.2262 515.143 1
-0.0227925 0.0889458 0.226871 518.548 1
-0.019256 0.088965 0.226724 527.31 1
-0.0159409 0.0884615 0.225333 536.667 1
-0.0745545 -0.0607202 0.229882 478.353 1
-0.0716068 -0.0606399 0.228444 474.037 1
-0.0691666 -0.0605829 0.23 558.429 1
-0.0650067 -0.0601062 0.229 517.222 1
-0.0748649 -0.0579302 0.229939 2161.45 1
-0.0715289 -0.057696 0.228717 2146.85 1
-0.0682727 -0.0576697 0.2291 2429 1
-0.0651267 -0.0580529 0.22828 2169.28 1
-0.0746953 -0.0543722 0.23 2614.46 1
-0.071636 -0.0541357 0.229 2665.69 1
-0.0681705 -0.0541974 0.228214 2730.38 1
-0.0662904 -0.0550552 0.228 2745.67 1
-0.0746569 -0.0509895 0.23 2612.73 1
-0.071778 -0.0507516 0.229449 2694.92 1
-0.0682242 -0.0508716 0.228475 2741.9 1
0.0268084 -0.0504032 0.229 1070 1
-0.0744179 -0.0470986 0.23 2611.33 1
-0.0718815 -0.0473101 0.229356 2685.44 1
-0.0685671 -0.0475877 0.228094 2777.88 1
0.0255654 -0.0456776 0.229 1156 1
-0.0741959 -0.0446279 0.23 2638.25 1
-0.0719623 -0.0437235 0.229372 2758.74 1
-0.0686703 -0.0434078 0.228 2831.15 1
-0.0661254 -0.0420106 0.228 2984 1
0.0242162 -0.0420106 0.228 1231 1
0.0256051 -0.0437406 0.2298 1170.33 1
-0.0714107 -0.0403849 0.229568 2778.89 1
-0.0682205 -0.0400954 0.228381 2842.55 1
-0.0658779 -0.0405245 0.228 2956.94 1
0.0242162 -0.0410199 0.228 1245.33 1
0.0255066 -0.0404932 0.229647 1179.59 1
-0.0713616 -0.0368359 0.229714 2771.97 1
-0.0682065 -0.0366151 0.228333 2858.95 1
-0.0661254 -0.0353232 0.228 2910.75 1
0.0242162 -0.0355709 0.228 1239 1
0.0255066 -0.0366509 0.229647 1179.88 1
-0.0710333 -0.0343005 0.23 2748.5 1
-0.0683692 -0.0332101 0.229267 2875.47 1
-0.0651182 -0.0330095 0.228083 2989.19 1
0.0243072 -0.0332176 0.228857 1268 1
0.0249981 -0.0335878 0.229111 1222.67 1
-0.0684223 -0.0298811 0.229444 2812.96 1
-0.0649203 -0.0295889 0.228071 2981.93 1
0.0244286 -0.0303861 0.23 1277 1
0.024928 -0.0301362 0.23 1217 1
-0.0707003 -0.0251391 0.23 2843 1
-0.068275 -0.0262761 0.229292 2902.62 1
-0.0648529 -0.0262617 0.228605 2971.33 1
-0.0620002 -0.0255811 0.228 3163.67 1
0.0240388 -0.026481 0.228667 1257 1
-0.0707003 -0.0241398 0.23 2789 1
-0.068262 -0.0229065 0.229532 2869.4 1
-0.0649174 -0.0227888 0.228976 3023.31 1
-0.0616702 -0.0226914 0.228 3114.98 1
0.0241088 -0.0225765 0.229333 1253.92 1
-0.0675333 -0.0198133 0.23 2878.58 1
-0.0648308 -0.0192801 0.228667 2980.95 1
-0.0617744 -0.0193543 0.228 3116.39 1
0.0237555 -0.0191527 0.229111 1285.44 1
-0.0669551 -0.0166442 0.23 2936 1
-0.0649314 -0.0158846 0.229341 3022.88 1
-0.0621478 -0.0158137 0.228037 3113.04 1
0.0231399 -0.0159643 0.2296 1310.7 1
-0.064395 -0.0123837 0.229771 3037.97 1
-0.0616488 -0.0120652 0.228467 3130.97 1
-0.0594426 -0.0108027 0.228 3191 1
0.0221172 -0.0126083 0.229333 1397.08 1
-0.0643616 -0.00905985 0.23 3029.35 1
-0.0614073 -0.00885382 0.228857 3084.71 1
-0.0593326 -0.00854607 0.228 3173.33 1
0.0208117 -0.0086001 0.228667 1431.83 1
0.0213082 -0.0086001 0.228667 1394.33 1
-0.0639326 -0.00555849 0.23 3070.58 1
-0.0613828 -0.00531469 0.2292 3149.2 1
-0.058802 -0.00517889 0.228 3237.12 1
0.0221815 -0.00664996 0.23 1364.25 1
-0.0634596 -0.00340185 0.23 3110 1
-0.0609441 -0.00211305 0.229657 3149.6 1
-0.0578069 -0.00177297 0.228154 3217.05 1
-0.0556804 -0.00124221 0.228 3258.9 1
0.020751 -0.0016385 0.228 1445.17 1
0.0215817 -0.00124334 0.2284 1380.4 1
-0.0606746 0.00147992 0.23 3201.73 1
-0.05782 0.00158501 0.228429 3274.71 1
-0.0556347 0.00203863 0.228 3320.08 1
0.0206062 0.0019146 0.228222 1399.89 1
0.021706 0.00118883 0.228667 1332.07 1
-0.0602137 0.00359407 0.23 3236.5 1
-0.0577959 0.00508733 0.229182 3181.27 1
-0.0544416 0.00526484 0.228 3323.51 1
-0.0520172 0.00628732 0.228 3345.5 1
0.0203167 0.00506368 0.228667 1357.48 1
0.0214324 0.0050932 0.23 1243.14 1
-0.0574422 0.00848746 0.229282 3204.44 1
-0.0540143 0.0087096 0.228259 3319.43 1
-0.0520172 0.00876413 0.228 3367.88 1
0.0201752 0.00857237 0.2282 1074.85 1
0.0217604 0.00807332 0.2295 929 1
-0.0573213 0.0120213 0.229529 3208.35 1
-0.0541682 0.012227 0.228622 3320.29 1
-0.0506422 0.0125895 0.228 3387.69 1
0.0201401 0.0118146 0.2295 659.5 1
-0.0570981 0.0153481 0.23 3290.13 1
-0.0542567 0.0155479 0.228958 3315.21 1
-0.0504676 0.01585 0.228 3433.72 1
-0.0483046 0.017433 0.228 3483.5 1
0.0191686 0.0160719 0.2298 1221.3 1
-0.0567181 0.0178358 0.23 3205.75 1
-0.0542537 0.018931 0.229814 3276.47 1
-0.0507112 0.0193255 0.228667 3426.53 1
-0.0483046 0.0194145 0.228 3514 1
0.0193203 0.019466 0.228625 1225.75 1
-0.0537497 0.0223609 0.23 3268.96 1
-0.0507511 0.0229095 0.22898 3376.04 1
-0.0474795 0.022937 0.228 3476.08 1
0.0193515 0.0223689 0.228571 727.786 1
-0.053446 0.0259232 0.23 3292.79 1
-0.0507864 0.0264102 0.229143 3398.53 1
-0.0472792 0.0264793 0.228 3493.48 1
-0.0445919 0.027588 0.228 3574.83 1
-0.0529729 0.0285795 0.23 3263 1
-0.0507932 0.0296937 0.229692 3394.64 1
-0.0471386 0.0298325 0.228596 3436.91 1
-0.0441822 0.0301246 0.228 3520.55 1
0.0181174 0.0297122 0.229125 1074.31 1
-0.0499489 0.0327993 0.23 3397.06 1
-0.0474304 0.0331723 0.229477 3415.68 1
-0.0436578 0.033327 0.228286 3548.88 1
-0.0414097 0.0341338 0.228 3544.43 1
0.0170758 0.0341034 0.2285 1372.25 1
0.0181602 0.0325307 0.229667 1288.83 1
-0.047024 0.0358796 0.23 3377.91 1
-0.0437097 0.0367994 0.228891 3518.83 1
-0.0407555 0.0370883 0.228 3550.14 1
0.0171629 0.0367728 0.229667 1274 1
-0.0459818 0.0400728 0.23 3404.57 1
-0.0439029 0.0403215 0.229412 3481.1 1
-0.0404361 0.0402698 0.228286 3553.02 1
0.0168718 0.040263 0.2295 1241.75 1
-0.0459818 0.0435708 0.23 3425.14 1
-0.0438213 0.0438349 0.229143 3469.92 1
-0.0402126 0.0437671 0.22825 3558.75 1
-0.0378596 0.0443313 0.228 3635.5 1
0.0162032 0.0435738 0.229 1192.83 1
-0.0459818 0.0460693 0.23 3396.67 1
-0.04375 0.0469838 0.229879 3428.73 1
-0.0402609 0.0472987 0.229 3537.83 1
-0.0371668 0.0474142 0.228091 3635 1
-0.034444 0.0486409 0.228 3636 1
0.0156897 0.0463191 0.23 1194.5 1
-0.0427359 0.0490676 0.23 3428.5 1
-0.0403664 0.0505523 0.22965 3533.57 1
-0.0367486 0.0507407 0.228667 3592.48 1
-0.0339326 0.0508778 0.228074 3621.22 1
0.0146399 0.0508914 0.2292 1182.5 1
-0.039944 0.0539738 0.23 3522.39 1
-0.0368799 0.0542171 0.229422 3563 1
-0.0333299 0.0542698 0.228625 3638.94 1
-0.0310283 0.0551797 0.228 3667.8 1
0.0148333 0.0541004 0.2291 1169.75 1
-0.0394313 0.0572687 0.23 3476.76 1
-0.0369931 0.0575408 0.22966 3484.23 1
-0.0333234 0.0577586 0.228796 3585.31 1
-0.0302567 0.0578854 0.228032 3628.97 1
0.0135732 0.0590435 0.228 1162.5 1
0.0149813 0.0572285 0.229333 1097.17 1
-0.0362826 0.0607531 0.23 3487.73 1
-0.0334261 0.0611783 0.2295 3543.81 1
-0.0298669 0.0611774 0.228444 3595.49 1
-0.0275136 0.0620157 0.228 3605.17 1
0.0132249 0.0613884 0.2288 1102.8 1
0.014691 0.0598113 0.23 1028 1
-0.0327986 0.0642837 0.23 3482.88 1
-0.0295933 0.0647086 0.228762 3495.19 1
-0.0263945 0.0649018 0.228 3560.83 1
0.0130267 0.0641614 0.22925 1083.44 1
-0.0321244 0.0673694 0.23 3448.81 1
-0.0296816 0.0681423 0.229444 3472.28 1
-0.0265829 0.0683881 0.228342 3520.27 1
0.0126453 0.0680456 0.229125 1089 1
-0.0291699 0.0716794 0.23 3464.79 1
-0.0263816 0.0718604 0.228711 3461.18 1
-0.0236525 0.0723688 0.228 3448.1 1
0.01229 0.0717169 0.228667 1138.08 1
-0.0296367 0.074952 0.229805 3274.71 1
-0.0263387 0.0751757 0.229022 3359.58 1
-0.0232022 0.0755452 0.228188 3376.66 1
-0.0203358 0.0768766 0.228 3418.33 1
0.0117939 0.0756266 0.229143 1172.64 1
-0.0286824 0.0776938 0.23 2323.93 1
-0.0260695 0.078133 0.22948 2295.32 1
-0.0227991 0.0783251 0.228429 2530.26 1
-0.0205338 0.0782141 0.228 2793.7 1
0.0103556 0.0788581 0.228 1222.6 1
0.0121069 0.078481 0.228971 954.857 1
-0.0260426 0.0828589 0.229842 420.632 1
-0.0231566 0.0832816 0.228619 455.095 1
-0.0187976 0.0836033 0.228333 432.167 1
-0.0329225 0.0868202 0.229933 549.067 1
-0.029307 0.0863408 0.2295 550.294 1
-0.0262851 0.085784 0.228982 547.509 1
-0.0234852 0.085062 0.2283 534.4 1
-0.0201764 0.0841793 0.229 483 1
-0.0361962 0.0895766 0.229692 490.615 1
-0.033433 0.0890767 0.229364 499.491 1
-0.0303884 0.0887672 0.228419 521.613 1
-0.0372429 0.0910431 0.23 304 1
-0.081874 -0.0602925 0.233 950.059 1
-0.0788826 -0.0605593 0.23188 708.32 1
-0.0762739 -0.0610494 0.231 493 1
-0.0700559 -0.0621537 0.232 490.5 1
-0.0684934 -0.061141 0.231529 589.118 1
-0.0662432 -0.0613839 0.231 440.5 1
-0.0821143 -0.0576959 0.233343 1856.94 1
-0.07889 -0.0577222 0.232319 2406.17 1
-0.0765605 -0.0576198 0.231 2347.57 1
0.0259004 -0.0566092 0.232 581 1
-0.0822754 -0.0542546 0.2338 1768.46 1
-0.0788741 -0.0542825 0.232456 2511.78 1
-0.0764244 -0.0538055 0.231 2535.2 1
0.0270359 -0.0542632 0.231667 883.667 1
0.0281063 -0.0534682 0.2315 880 1
-0.0822754 -0.0506988 0.2338 1714.74 1
-0.0788904 -0.0506762 0.232125 2489.57 1
-0.0763017 -0.0503147 0.231 2546.5 1
0.0273331 -0.0503309 0.231333 1051.33 1
0.0281063 -0.0509523 0.2315 1013.75 1
-0.0820401 -0.0472626 0.233133 1720.33 1
-0.078776 -0.0472073 0.231805 2463.24 1
-0.0761067 -0.0472058 0.231 2549.92 1
0.0271009 -0.047147 0.2317 1067.75 1
0.0283289 -0.0473024 0.233333 1003.67 1
-0.0820916 -0.0437739 0.233205 1695.28 1
-0.0788154 -0.0437105 0.232068 2466.07 1
-0.0756443 -0.0434746 0.231059 2610.97 1
0.0271132 -0.0438714 0.233333 1091.93 1
0.0284098 -0.0420994 0.234 1029 1
-0.0822588 -0.0400932 0.233833 1714.06 1
-0.0788755 -0.0403572 0.232755 2479.57 1
-0.0752537 -0.0401769 0.231714 2600.12 1
-0.0732647 -0.040054 0.231 2702.43 1
0.0272274 -0.0401593 0.232571 1077.57 1
0.0283404 -0.0399686 0.233429 1035 1
-0.0816393 -0.0371566 0.234 2104.33 1
-0.0787257 -0.0368863 0.232818 2495.82 1
-0.0751373 -0.0365979 0.231357 2607 1
-0.073202 -0.0363526 0.231 2711 1
0.0269243 -0.0367191 0.232143 1107.93 1
-0.0808208 -0.0344734 0.234 2386.67 1
-0.0785208 -0.03337 0.232842 2526.26 1
-0.0751062 -0.0330646 0.231262 2618 1
-0.0721878 -0.0327619 0.231 2750.82 1
0.0261029 -0.0333995 0.2329 1173.65 1
-0.0782364 -0.0300527 0.233692 2515.35 1
-0.0751362 -0.0297628 0.232435 2612.46 1
-0.0718051 -0.0295324 0.231143 2724.49 1
0.0256052 -0.0301206 0.233 1187.15 1
-0.0779018 -0.0260917 0.233952 2574.14 1
-0.0751993 -0.0261379 0.232447 2632.89 1
-0.0721402 -0.0262906 0.231062 2801.56 1
0.0241373 -0.0248538 0.232 1267 1
0.0253843 -0.0260378 0.23275 1197.5 1
-0.0776455 -0.0229709 0.234 2548.81 1
-0.0750885 -0.0226584 0.232762 2628.07 1
-0.0719573 -0.0226189 0.231441 2768.18 1
-0.0697539 -0.0214844 0.231 2827 1
0.0255217 -0.0227005 0.233143 1206.14 1
-0.0775184 -0.019984 0.234 2567.75 1
-0.0752958 -0.0191722 0.233405 2640.38 1
-0.0717018 -0.019129 0.232125 2777.75 1
-0.0689896 -0.019214 0.231 2828.43 1
0.0240333 -0.0179712 0.231 1295 1
0.0252387 -0.0193561 0.231182 1214.64 1
-0.0752773 -0.0157267 0.233763 2621.21 1
-0.0717011 -0.0155574 0.232429 2810.27 1
-0.0683277 -0.0158225 0.231 2880.22 1
-0.0662432 -0.014458 0.231 2941 1
0.0238519 -0.0157554 0.231667 1285.92 1
0.0246411 -0.0157767 0.232 1265.38 1
-0.0750785 -0.0120177 0.233895 2684.71 1
-0.0716843 -0.0121013 0.232696 2793.59 1
-0.0680839 -0.0124656 0.231286 2844.81 1
-0.0662432 -0.0124505 0.231 2969.29 1
0.0234901 -0.0122115 0.232304 1283.83 1
0.0247898 -0.0125786 0.2334 1222.6 1
-0.0749274 -0.00849417 0.234 2663.18 1
-0.0718553 -0.00869018 0.233579 2813.39 1
-0.0681403 -0.00895561 0.231476 2931.55 1
-0.0659696 -0.00848108 0.231 2983.91 1
0.0229219 -0.00873965 0.232429 1311.43 1
-0.0745548 -0.00545224 0.234 2674.33 1
-0.0717116 -0.00540479 0.23345 2805 1
-0.0682232 -0.00538318 0.232155 2867.93 1
-0.065541 -0.00542417 0.231 3004.15 1
0.0230338 -0.00510549 0.233091 1303 1
-0.0739621 -0.00346101 0.234 2675 1
-0.0715129 -0.00201531 0.233947 2795.05 1
-0.0681233 -0.00199225 0.232733 2886.6 1
-0.064623 -0.00183787 0.2313 3038.88 1
-0.0624816 -0.00115817 0.231 3060.5 1
0.0230131 -0.0021356 0.2325 1294.96 1
-0.0708586 0.00126931 0.234 2831.61 1
-0.068035 0.00161489 0.232833 2886.07 1
-0.0646487 0.00160624 0.231571 3026.14 1
-0.0623563 0.00179038 0.231 3134.94 1
0.0227388 0.00170584 0.2316 1276.8 1
-0.0701518 0.00518178 0.234 2859 1
-0.0681321 0.0051641 0.233167 2888.24 1
-0.0647001 0.00519657 0.232045 2999.39 1
-0.0613917 0.00519201 0.23105 3160.15 1
0.022643 0.00497787 0.232444 1161.22 1
-0.0701518 0.00823217 0.234 2803.4 1
-0.0681943 0.00866328 0.2336 2826.7 1
-0.0646531 0.00868461 0.23249 3007.49 1
-0.0610346 0.00863683 0.231214 3110.57 1
-0.0592217 0.00963229 0.231 3161 1
0.021598 0.00979067 0.23175 814.75 1
-0.0680772 0.0123418 0.234 2845.69 1
-0.0647335 0.01221 0.232896 2930.44 1
-0.0611794 0.0121824 0.231762 3102.67 1
-0.059159 0.0123299 0.231 3203.62 1
0.0202718 0.0133963 0.231 642.25 1
0.0217547 0.0119393 0.2329 642.5 1
-0.0673575 0.0153498 0.234 2895 1
-0.0646671 0.0158214 0.233452 3006.38 1
-0.0612428 0.0157226 0.232 3096.93 1
-0.0587201 0.0159454 0.231 3199.79 1
0.0203846 0.0157442 0.232286 1055.36 1
0.0215511 0.0155532 0.234 990.7 1
-0.0644261 0.0192975 0.233667 2935.85 1
-0.0612862 0.0192654 0.232167 3062.83 1
-0.0579808 0.0193786 0.231171 3136.15 1
-0.0557109 0.0201718 0.231 3237 1
0.0203244 0.0191183 0.2316 1188.4 1
0.0215512 0.0178918 0.234 1169 1
-0.0638251 0.0226934 0.233842 3011.05 1
-0.0612829 0.0227647 0.232658 3054.55 1
-0.0578666 0.0227398 0.231592 3176.53 1
-0.0553097 0.0230827 0.231 3251.27 1
0.0204912 0.0231814 0.2335 594 1
-0.0632931 0.0260262 0.234 2993.07 1
-0.0611138 0.0264344 0.233111 3067.28 1
-0.0578046 0.0262127 0.231739 3176.61 1
-0.0551003 0.0263253 0.231 3262.35 1
-0.0611329 0.0295818 0.233735 3022.24 1
-0.0577775 0.0298194 0.23245 3167.12 1
-0.0544424 0.0298815 0.231256 3266.63 1
0.0197815 0.030204 0.232727 1143.14 1
-0.0604988 0.0326353 0.234 3027.06 1
-0.0579794 0.0333022 0.233698 3110.35 1
-0.0542651 0.0331644 0.232263 3245.87 1
-0.0515314 0.0334298 0.231 3295.79 1
0.019027 0.0335476 0.232111 1270.28 1
-0.057501 0.0365904 0.233811 3087.27 1
-0.0543846 0.0366036 0.232833 3180.95 1
-0.0508639 0.0368625 0.231468 3321.17 1
-0.0478296 0.0373792 0.231 3333.95 1
0.0188794 0.0365087 0.232625 1278.58 1
-0.0572429 0.0400156 0.233793 3067.69 1
-0.0543892 0.0401454 0.232905 3146.17 1
-0.0508462 0.0403641 0.231979 3238.85 1
-0.0477225 0.0402771 0.231171 3352.89 1
0.018481 0.0400685 0.23275 1245.95 1
-0.0568154 0.0431846 0.234 3098.17 1
-0.0542462 0.0436876 0.233458 3167.38 1
-0.05068 0.0438509 0.232316 3334.68 1
-0.0477404 0.0438093 0.231257 3379.4 1
0.016761 0.045015 0.231 1132 1
0.0178411 0.0424375 0.232 1197.5 1
-0.0535733 0.0469451 0.233909 3173.23 1
-0.0507771 0.0473244 0.233045 3244.57 1
-0.0472804 0.0474244 0.231667 3384.67 1
-0.0445935 0.0486117 0.231 3451.33 1
0.0164191 0.0476245 0.232444 1156.44 1
-0.0531321 0.0509377 0.234 3193.93 1
-0.050763 0.0508543 0.233612 3293.47 1
-0.0473095 0.0507882 0.232579 3356.74 1
-0.0438662 0.0508826 0.23115 3423.3 1
-0.0416679 0.0520413 0.231 3517 1
0.0158489 0.0508273 0.232333 1148.08 1
-0.0531321 0.0539881 0.234 3139.8 1
-0.0507601 0.0541026 0.233974 3231.79 1
-0.0471802 0.0542502 0.233095 3288.52 1
-0.0436956 0.0540807 0.231548 3404.55 1
-0.0415007 0.0546343 0.231 3452.78 1
0.0158125 0.0536835 0.2318 1138 1
-0.0498298 0.0560217 0.234 3214.67 1
-0.0469172 0.057551 0.233436 3285.23 1
-0.0436525 0.0576089 0.232049 3341.54 1
-0.0409344 0.0579113 0.231043 3395.91 1
0.0159399 0.0579748 0.233667 1044.5 1
-0.0464549 0.0605247 0.234 3213.36 1
-0.0436303 0.0612553 0.233244 3270.56 1
-0.0402005 0.0612045 0.231949 3400.44 1
-0.0376556 0.0618279 0.231 3425.81 1
0.0149964 0.0617878 0.2316 1015.9 1
-0.0432036 0.0646084 0.233969 3222.72 1
-0.0401787 0.0647762 0.232707 3306.46 1
-0.0366831 0.06481 0.231186 3371.05 1
-0.0342361 0.0656149 0.231 3409.36 1
0.0135011 0.0655921 0.231 1038 1
0.015023 0.0645689 0.233 1023.5 1
-0.0427171 0.0682233 0.234 3204.71 1
-0.0403229 0.0682933 0.233368 3299.82 1
-0.0369167 0.0683145 0.232239 3317.63 1
-0.0335344 0.0686197 0.231167 3433.17 1
0.0135178 0.0684373 0.231286 1048.86 1
0.0146255 0.0682381 0.232905 1053.14 1
-0.0426247 0.0709964 0.234 3227.09 1
-0.0402656 0.0718161 0.233952 3312.52 1
-0.0367416 0.0717045 0.23269 3288.17 1
-0.0332284 0.0718335 0.231592 3378.27 1
-0.0306619 0.0716983 0.231 3449 1
0.013377 0.0722828 0.232571 1096.29 1
0.0141117 0.071922 0.2328 1083.8 1
-0.0392454 0.0744088 0.234 3150.75 1
-0.0367604 0.0752159 0.2331 3014.98 1
-0.0332185 0.0752353 0.231447 3193.02 1
-0.0308849 0.0768844 0.231 2985 1
0.0127724 0.0750152 0.231429 1115.43 1
-0.0392454 0.0785608 0.234 698.667 1
-0.0366825 0.0775992 0.233385 1549.69 1
-0.0334112 0.0777566 0.231947 1717.05 1
-0.030455 0.0782466 0.231 1489.93 1
0.0136179 0.0778032 0.233 1019 1
0.0141238 0.0778032 0.233 936.5 1
-0.0399228 0.0826191 0.234 482.974 1
-0.0365891 0.0823585 0.2325 468.45 1
-0.0334082 0.0827026 0.231872 470.974 1
-0.0295714 0.0832119 0.2315 474.292 1
-0.0276249 0.0831579 0.231 457.5 1
-0.042209 0.0857631 0.234 521 1
-0.0402302 0.0858601 0.233295 528.227 1
-0.0367992 0.0857868 0.231911 533.375 1
-0.0331142 0.0853193 0.23125 542.525 1
-0.030174 0.0851218 0.231461 532.962 1
-0.0528781 0.0898303 0.234 504.5 1
-0.0507039 0.0896573 0.233824 512.853 1
-0.0473124 0.0902095 0.233741 517.185 1
-0.0435806 0.0893847 0.233283 516.17 1
-0.0402066 0.0894092 0.232057 519.17 1
-0.0375182 0.0887074 0.231136 524.318 1
-0.0506389 0.0915259 0.233625 501.188 1
-0.0470874 0.0914713 0.233 511.357 1
-0.0437138 0.0915376 0.232231 410.462 1
-0.0405216 0.0915029 0.231444 330.667 1
-0.0381571 0.091439 0.231 299 1
0.027333 -0.0567365 0.235667 614.833 1
0.0285312 -0.0564476 0.235 357.25 1
0.0272557 -0.0555542 0.235 839 1
0.0291864 -0.0545267 0.235286 762.5 1
0.0291817 -0.0509477 0.236125 993.188 1
0.0291349 -0.0475378 0.23575 978 1
0.0285084 -0.0439439 0.235714 1016 1
0.028969 -0.0402332 0.2365 1018.5 1
-0.0840735 -0.0355371 0.236 806 1
-0.0828853 -0.0362185 0.2351 1626.7 1
0.0284566 -0.0363837 0.2365 1049.62 1
-0.0841244 -0.033249 0.236143 843.714 1
-0.0822518 -0.0330393 0.235605 2087.16 1
0.0272944 -0.0328788 0.235333 1105.17 1
0.028448 -0.0332908 0.236429 1033.36 1
-0.0844298 -0.0297662 0.237 885.714 1
-0.0823735 -0.0296722 0.236262 2105.67 1
-0.0797205 -0.0293448 0.235 2488.58 1
0.0268924 -0.0298649 0.236 1123.62 1
-0.0844298 -0.0261618 0.237 894.143 1
-0.0824974 -0.02612 0.236619 2109.57 1
-0.0795845 -0.0267579 0.235 2516.35 1
0.026872 -0.0258506 0.236727 1126.36 1
-0.0844298 -0.0225573 0.237 877.714 1
-0.0825769 -0.0226057 0.2367 2094.18 1
-0.0794197 -0.0227597 0.235 2471.04 1
0.0269731 -0.0241021 0.237 1145 1
-0.0844298 -0.0199827 0.237 949.333 1
-0.0824478 -0.019275 0.236632 2151.53 1
-0.0791103 -0.0191233 0.235 2506.59 1
0.025725 -0.0180271 0.235 1243.75 1
-0.0821483 -0.0159521 0.2368 2275.8 1
-0.078862 -0.0156912 0.235435 2534.65 1
0.0258501 -0.0158085 0.236143 1210.5 1
-0.0821142 -0.012259 0.237 2321.82 1
-0.0788081 -0.0121851 0.235571 2556.12 1
0.0244495 -0.0108791 0.235 1230 1
0.0257114 -0.0120318 0.23575 1184.56 1
-0.0824573 -0.00859734 0.237 2202.19 1
-0.0788081 -0.00860239 0.235571 2546 1
-0.0763191 -0.00960267 0.235 2554.5 1
0.0244495 -0.00934737 0.235 1252.75 1
0.0253471 -0.00879779 0.236222 1214 1
-0.0814159 -0.00560183 0.237 2411.93 1
-0.0788563 -0.00518497 0.236175 2571.8 1
-0.076149 -0.00483733 0.235 2624.17 1
0.0248097 -0.0052852 0.236 1213.33 1
-0.0808278 -0.00273301 0.237 2469 1
-0.0787479 -0.00191416 0.2368 2546.4 1
-0.0753004 -0.00180706 0.235364 2611.32 1
-0.0730027 -0.00117823 0.235 2713.75 1
0.0248397 -0.00195317 0.236286 1197.43 1
-0.078255 0.00164379 0.237 2606.05 1
-0.0752408 0.00163443 0.235612 2659.27 1
-0.0724119 0.00205987 0.235 2790.37 1
0.0238857 0.00215871 0.237 1235 1
-0.0776376 0.00514523 0.237 2551.47 1
-0.0752753 0.00520047 0.236395 2643.56 1
-0.0721057 0.00521371 0.2354 2790.49 1
0.0238857 0.00490493 0.237 1115.5 1
0.0249148 0.00447583 0.237 1137 1
-0.0772259 0.00730788 0.237 2594 1
-0.0749272 0.00874976 0.236917 2649.06 1
-0.0719244 0.0087813 0.235515 2735.33 1
-0.0699413 0.0100543 0.235 2772.5 1
0.0226637 0.00852264 0.235 828.875 1
-0.0750051 0.0122538 0.237 2671.29 1
-0.0716123 0.0123763 0.235457 2764.09 1
-0.0699413 0.0123519 0.235 2791 1
0.0232747 0.0121459 0.236 574 1
-0.0745887 0.0153856 0.237 2668.31 1
-0.0717377 0.0157817 0.236032 2721.03 1
-0.0689617 0.0162731 0.235 2846.96 1
0.0222017 0.0167273 0.2355 1112.38 1
-0.07419 0.018842 0.237 2632.55 1
-0.0716224 0.0190971 0.236333 2683.86 1
-0.0682532 0.0192729 0.235333 2848 1
-0.0663698 0.0192447 0.235 2881.5 1
0.0222488 0.0188127 0.236 1103.38 1
-0.0715428 0.0226101 0.236784 2765.03 1
-0.0682751 0.0226888 0.235932 2843.5 1
-0.0656555 0.0225634 0.235 2912.9 1
-0.070633 0.025684 0.237 2742.62 1
-0.0681275 0.0262981 0.236781 2846.73 1
-0.065174 0.0261701 0.235286 2963.71 1
0.0198354 0.0262923 0.235783 799.304 1
0.0212761 0.027169 0.237 928 1
-0.070022 0.0304792 0.237 2739 1
-0.0680613 0.0297582 0.236848 2835.09 1
-0.0647286 0.0297545 0.235634 2930.49 1
-0.0625431 0.0309878 0.235 2997.25 1
0.0204625 0.0288527 0.2355 1076.5 1
0.0218275 0.0307367 0.237 1122 1
-0.070022 0.031509 0.237 2740 1
-0.0679155 0.0328446 0.237 2806.44 1
-0.0648283 0.0333247 0.235881 2912.4 1
-0.0619937 0.0335996 0.235 3012.35 1
0.0205877 0.0331898 0.235857 1219 1
0.0210556 0.0340836 0.237 1204.67 1
-0.0672434 0.0359888 0.237 2782.4 1
-0.0648083 0.0368117 0.23661 2869.07 1
-0.0610795 0.03677 0.235179 2981.18 1
-0.0592267 0.0371147 0.235 3029.67 1
0.020541 0.0361433 0.237 1205.8 1
0.0210556 0.0356283 0.237 1173.67 1
-0.0641339 0.0399394 0.236962 2915.96 1
-0.0612934 0.0402558 0.235975 3004.05 1
-0.0588735 0.0409047 0.235 3041.92 1
0.0199407 0.0406059 0.237 1190.83 1
-0.06359 0.0423223 0.237 2912 1
-0.0613167 0.0436697 0.236459 2977.73 1
-0.0584501 0.0439826 0.235208 3059.92 1
0.0183083 0.0438746 0.2354 1128.9 1
-0.0609748 0.0471811 0.236833 3030.58 1
-0.0577928 0.0471492 0.235388 3039.2 1
-0.0550174 0.0477729 0.235 3125.75 1
0.018465 0.0474454 0.2361 1073.25 1
-0.0603482 0.0505609 0.237 2997.93 1
-0.0577748 0.0507278 0.236047 3076.16 1
-0.0548898 0.0506449 0.235 3151.68 1
0.0170513 0.0506448 0.235 1126.71 1
0.0183286 0.0504397 0.236429 1076.43 1
-0.0597308 0.0526206 0.237 2908 1
-0.0573625 0.0540662 0.23648 3062.6 1
-0.0547626 0.0544115 0.235194 3087.77 1
-0.0515734 0.0557506 0.235 3218 1
0.017072 0.0542863 0.235286 1095.5 1
0.0182255 0.0528781 0.237 1059 1
-0.0566434 0.0574837 0.237 3083.22 1
-0.054182 0.0577174 0.235947 3095.84 1
-0.0506311 0.0578291 0.2353 3209.27 1
-0.0482569 0.0593246 0.235 3148.5 1
-0.0536942 0.0612533 0.236941 3090.41 1
-0.0506673 0.0611529 0.236095 3142.26 1
-0.0475938 0.0617294 0.235083 3159.62 1
0.0160535 0.0611997 0.235333 978.25 1
-0.0529312 0.0645373 0.237 3181.36 1
-0.0505832 0.0647009 0.236579 3130.79 1
-0.0473687 0.0648641 0.23565 3172.38 1
-0.045068 0.0651323 0.235 3203.06 1
0.0167261 0.0654478 0.236571 1020.64 1
-0.0507459 0.0681026 0.23685 3076.65 1
-0.0474691 0.068342 0.2359 3187.75 1
-0.0446854 0.0682596 0.235 3239.38 1
0.0161217 0.0681349 0.236333 1009.33 1
-0.0500766 0.0713048 0.237 3051.05 1
-0.0474022 0.0718579 0.236308 3139.67 1
-0.0443419 0.0717859 0.235088 3159.03 1
-0.0418792 0.07311 0.235 3211 1
0.0150743 0.0716265 0.236 1046.25 1
-0.0472061 0.0748899 0.236844 2783.19 1
-0.0437978 0.0752304 0.235892 2750.49 1
-0.04076 0.0756135 0.235 2847.61 1
0.0137543 0.0755145 0.235333 1074.83 1
0.0142653 0.0755145 0.235333 1064.33 1
-0.0435434 0.077318 0.236 920.8 1
-0.0400934 0.0771946 0.235 1851.83 1
0.0137932 0.0788093 0.236 990.25 1
0.0143057 0.0788093 0.236 883.75 1
-0.0500102 0.0833787 0.23625 508.833 1
-0.0484358 0.0833381 0.2365 503.25 1
-0.0432075 0.0826019 0.236143 468.238 1
-0.0416009 0.0818362 0.235 441.818 1
-0.0535963 0.0863967 0.236286 517.964 1
-0.0506568 0.0857418 0.235393 520.768 1
-0.0472436 0.0857933 0.23596 522.18 1
-0.0440267 0.0858691 0.235762 517.738 1
-0.0418792 0.0843426 0.235 516 1
-0.0637186 0.0902096 0.237 476 1
-0.0611921 0.0894249 0.23639 482.976 1
-0.0577543 0.0894463 0.236039 498.058 1
-0.0544657 0.089254 0.235318 507.432 1
-0.0504929 0.0883671 0.235 517.059 1
-0.0472901 0.0887309 0.235267 523.767 1
-0.0441752 0.0879166 0.235 522.167 1
-0.0638473 0.0922693 0.237 472.4 1
-0.0613973 0.092194 0.23628 476.04 1
-0.057958 0.0920563 0.23556 488.68 1
-0.0541245 0.0920012 0.235 493.048 1
0.0308008 -0.0541026 0.23875 775 1
0.0319598 -0.0537905 0.239667 755.333 1
0.0306714 -0.0506857 0.23975 934 1
0.0303138 -0.0472999 0.239444 948.5 1
0.0297952 -0.0438267 0.239 992.5 1
0.0300446 -0.0417879 0.241 1011 1
0.0287574 -0.0315752 0.239 1048 1
0.0276423 -0.0288973 0.238333 1102.17 1
0.0289637 -0.0297078 0.240714 1050.5 1
0.0277989 -0.0267211 0.239125 1100.12 1
0.0280961 -0.0267536 0.24 1070.5 1
0.0272606 -0.0226238 0.239 1134.85 1
0.0284249 -0.0232789 0.240333 1065.33 1
-0.0849927 -0.0184124 0.238 713.8 1
0.0273145 -0.019194 0.24 1137 1
0.0284748 -0.0182256 0.241 1087.67 1
-0.0848118 -0.0158528 0.238 933.5 1
-0.0837525 -0.0156718 0.238 1963.67 1
0.0272386 -0.0157621 0.239333 1134.5 1
0.0284748 -0.0156075 0.241 1073.36 1
-0.084786 -0.0123107 0.238 990.286 1
-0.0837525 -0.0123107 0.238 1972.71 1
0.0271779 -0.0128683 0.2388 1114 1
0.0284748 -0.0127277 0.241 1040.25 1
-0.0849076 -0.00875191 0.238 871.941 1
-0.0837525 -0.00903579 0.238 2000 1
0.026886 -0.00877306 0.240143 1142.79 1
-0.084944 -0.00497235 0.238696 1142.22 1
-0.0828017 -0.00480256 0.238 2264.84 1
0.0261316 -0.00508574 0.238714 1160.36 1
-0.0851203 -0.00172161 0.239667 1292.96 1
-0.0822039 -0.00158378 0.238375 2349.09 1
0.0262724 -0.00172039 0.24 1152.42 1
-0.08534 0.00166689 0.240286 1306.54 1
-0.0822741 0.00165816 0.238952 2348.79 1
-0.079877 0.00165073 0.238 2534.07 1
0.025776 0.00166763 0.240214 1145.36 1
-0.085238 0.00531464 0.24 1351.14 1
-0.0824209 0.00530125 0.239381 2376.88 1
-0.0794517 0.00539393 0.238154 2523.5 1
0.0240272 0.00664581 0.241 830 1
0.0255853 0.00530596 0.240889 977.667 1
-0.085281 0.00871939 0.24068 1488.04 1
-0.0825048 0.008633 0.23997 2357.39 1
-0.0787965 0.00897404 0.238468 2518.13 1
-0.0762599 0.0101827 0.238 2586.5 1
0.0241344 0.00836699 0.240333 806.333 1
0.0245505 0.00769303 0.241 807 1
-0.0845989 0.0108871 0.241 2060.8 1
-0.0824267 0.0120196 0.240548 2414.87 1
-0.0788628 0.0122302 0.2386 2574.12 1
0.0237152 0.013686 0.2405 623 1
-0.084285 0.0163326 0.241 2215.6 1
-0.082366 0.0159376 0.240528 2414.58 1
-0.0787011 0.0155878 0.238652 2553.91 1
-0.0762599 0.0161292 0.238 2583.3 1
0.0234743 0.0155019 0.239375 856.875 1
-0.084285 0.0179034 0.241 2185 1
-0.0820609 0.0191071 0.240767 2404.27 1
-0.0787896 0.019297 0.2396 2540.48 1
-0.0759424 0.0195295 0.238182 2597.23 1
0.0235486 0.0196099 0.2388 911.85 1
-0.0812645 0.0223302 0.241 2423.95 1
-0.0785558 0.0228099 0.240278 2516.67 1
-0.0752009 0.0226628 0.238733 2609.7 1
-0.0731595 0.0238856 0.238 2747.5 1
0.0223436 0.0226518 0.2392 787.8 1
-0.0808839 0.0257575 0.241 2470.1 1
-0.0787141 0.0262557 0.240762 2514.79 1
-0.0753921 0.0261011 0.239343 2596.54 1
-0.072444 0.026471 0.238 2692.23 1
0.0226452 0.0263723 0.238923 838.346 1
-0.078163 0.0294751 0.241 2493.6 1
-0.0751938 0.029707 0.2397 2591.73 1
-0.0717636 0.0295163 0.238179 2717.77 1
-0.0698007 0.028798 0.238 2778.25 1
0.0221824 0.0291285 0.2386 1047.7 1
-0.0777444 0.0328262 0.241 2568.33 1
-0.0754086 0.0331859 0.240154 2617.38 1
-0.0717227 0.033269 0.238268 2650.56 1
-0.0694907 0.0338654 0.238 2808.9 1
0.0221364 0.0335048 0.240667 1149.78 1
-0.0749193 0.0367057 0.240686 2659.29 1
-0.0714918 0.0367601 0.239333 2692.25 1
-0.0684228 0.0370283 0.238 2767.96 1
0.0208877 0.0383241 0.241 1179 1
0.022034 0.0366788 0.240769 1126.46 1
-0.0747356 0.0402338 0.240903 2608.65 1
-0.0716208 0.0402112 0.239762 2673.4 1
-0.0680888 0.040316 0.238333 2811.52 1
-0.0656669 0.0409496 0.238 2902.12 1
0.0204549 0.0390424 0.239 1176.83 1
0.0216726 0.0388477 0.241 1116 1
-0.0742124 0.0430366 0.241 2660.62 1
-0.0716361 0.0437296 0.24025 2707.69 1
-0.0681684 0.0437757 0.238421 2814.5 1
-0.0648991 0.0439044 0.238 2859.51 1
-0.0625665 0.0450863 0.238 2942 1
0.0197626 0.0444178 0.239571 1079 1
-0.071383 0.04693 0.240762 2704.05 1
-0.0682702 0.047221 0.239158 2794.74 1
-0.0646783 0.0471879 0.238163 2884.35 1
-0.0625665 0.0471547 0.238 3005.57 1
0.0201332 0.0468626 0.239636 1012 1
-0.0704713 0.0499482 0.241 2732.6 1
-0.068315 0.0507852 0.240143 2814.31 1
-0.0648012 0.050655 0.2389 2924.68 1
-0.0619088 0.0508448 0.238 3056 1
0.0193521 0.0508178 0.2382 1064.6 1
-0.0677978 0.0540956 0.24072 2800.48 1
-0.0647802 0.0542037 0.23961 2904.83 1
-0.0614691 0.0542292 0.238472 2927.67 1
-0.058989 0.0548712 0.238 3006.08 1
0.0188473 0.0541669 0.239286 1046.86 1
-0.067323 0.0572176 0.241 2771.92 1
-0.0648627 0.0578277 0.240628 2894.58 1
-0.0610401 0.0576509 0.239316 2977.34 1
-0.0582273 0.0579878 0.238261 3054.26 1
0.0170535 0.0581585 0.2386 1026.8 1
0.0181508 0.0577074 0.239 975.529 1
-0.0643144 0.0610836 0.241 2900.47 1
-0.061321 0.061187 0.24 2908.98 1
-0.0578124 0.0612577 0.23885 3007.68 1
-0.0555389 0.0617883 0.238 3025 1
0.0170821 0.0613729 0.239 935.571 1
0.0181858 0.061246 0.239857 925.81 1
-0.0636167 0.0634573 0.241 2840 1
-0.0613976 0.0646325 0.2405 2912.69 1
-0.0578379 0.0648198 0.239568 3029.91 1
-0.0547287 0.0648902 0.238476 3070.71 1
0.0170344 0.06379 0.238333 968.667 1
0.0183509 0.0647771 0.240412 1003.47 1
-0.0606552 0.0678975 0.241 2924 1
-0.0577413 0.0682911 0.2405 2942.18 1
-0.0542586 0.0682702 0.239132 3018.37 1
0.017094 0.0684322 0.239167 994 1
0.0179504 0.0679013 0.2395 1009.6 1
-0.0596924 0.0702642 0.241 2934 1
-0.0568714 0.0713569 0.241 2897.13 1
-0.054138 0.0717731 0.239567 3001.9 1
-0.0516626 0.07212 0.238176 3067.41 1
0.0163992 0.0717288 0.239364 1029 1
0.017601 0.0702003 0.239 1007 1
-0.0562912 0.0749767 0.241 2218.8 1
-0.0541665 0.0750637 0.24 2190.67 1
-0.0509695 0.0750818 0.238333 2317.81 1
-0.0480979 0.0763702 0.238 1879 1
0.0159802 0.0753453 0.239147 1044.06 1
0.017973 0.0758651 0.2405 899.333 1
-0.0529312 0.0804013 0.24 403 1
-0.0507494 0.0794822 0.2388 303.2 1
-0.0475812 0.0771459 0.238 867.8 1
0.0158154 0.0781754 0.238261 808.217 1
0.0175764 0.0773605 0.238667 519.667 1
-0.0602632 0.0818312 0.241 490.545 1
-0.0591691 0.0820454 0.241 496.5 1
-0.0541184 0.0822667 0.240439 475.829 1
-0.0508206 0.0820237 0.238462 471.667 1
-0.0472256 0.0825261 0.238571 467.929 1
-0.0447391 0.0825754 0.238 464.75 1
-0.0645045 0.086474 0.240176 494.824 1
-0.0613947 0.0866646 0.239861 490.326 1
-0.0575321 0.0865755 0.239824 502.618 1
-0.0547328 0.0851932 0.238929 510.5 1
-0.0462032 0.0847298 0.238 509.444 1
-0.0816688 0.0906849 0.241 380.4 1
-0.080099 0.0906849 0.241 404 1
-0.0706806 0.0902922 0.241 470.75 1
-0.067929 0.0895968 0.24 478.282 1
-0.0649616 0.0889933 0.238667 480.256 1
-0.0610876 0.0879615 0.238286 477.714 1
-0.0582489 0.087922 0.238833 493.75 1
-0.0814473 0.0923608 0.24084 383.4 1
-0.0789065 0.0933199 0.240475 407.4 1
-0.0759669 0.0938709 0.2404 427.4 1
-0.0711446 0.0929213 0.240667 454.037 1
-0.0682612 0.0926652 0.238811 460.216 1
-0.0656669 0.0924 0.238 469.944 1
-0.0787245 0.0950015 0.24 225.429 1
-0.075012 0.0948993 0.2408 385 1
-0.0727736 0.0948738 0.241 441 1
0.0335971 -0.0531735 0.244 821.125 1
0.0328138 -0.05105 0.243182 874 1
0.0311752 -0.0463199 0.242333 947.667 1
0.0322912 -0.0476028 0.243 896.857 1
0.0312429 -0.0440303 0.243 967 1
0.0322395 -0.0429691 0.24475 929.875 1
0.0306535 -0.0402752 0.243526 987.211 1
0.0321632 -0.0408362 0.245 918.545 1
0.0301376 -0.0374654 0.243353 996.765 1
0.0318731 -0.0382231 0.245 920 1
0.0302939 -0.0297307 0.243 1001 1
0.0295231 -0.0266561 0.242474 1017.11 1
0.0295016 -0.0220956 0.243267 1030.93 1
0.029334 -0.0195882 0.242429 1041.52 1
0.0299133 -0.0159173 0.2442 1012.5 1
0.0275421 -0.0112032 0.242 1100.25 1
0.0295554 -0.0121405 0.245 1018.5 1
0.0275425 -0.00785993 0.244333 1120 1
0.0284227 -0.00872048 0.2446 1073.6 1
0.0276096 -0.00537171 0.243889 1119.56 1
0.0281035 -0.00489314 0.2446 1101.8 1
0.0276176 -0.00282526 0.245 1122.5 1
0.0281495 -0.00282526 0.245 1090 1
0.0275612 0.0024077 0.24275 1067.38 1
0.0280346 0.00142728 0.244 1036.5 1
0.0271642 0.00556221 0.243625 949.688 1
0.0280346 0.00672854 0.244 844 1
-0.0864737 0.010091 0.242 797 1
0.0242266 0.0098687 0.243 689.5 1
0.0263619 0.00892121 0.244125 635.844 1
0.0281495 0.00888532 0.245 553.5 1
-0.0854991 0.0123976 0.242 1635.71 1
0.0242266 0.0119805 0.243 573.75 1
0.026023 0.0122638 0.244062 525.469 1
-0.0854754 0.0156642 0.242 1743.56 1
0.0242266 0.015674 0.243 827.75 1
0.0255109 0.0150901 0.2435 741.917 1
-0.0852798 0.019401 0.242179 1844.32 1
-0.0833212 0.0206066 0.242 2342 1
0.025493 0.0198599 0.2425 686.5 1
-0.085553 0.0228154 0.243114 1875.49 1
-0.0830059 0.0230252 0.242 2345.9 1
0.0238092 0.0232404 0.242462 690.923 1
0.0256817 0.0224765 0.243259 526.704 1
-0.0857126 0.0262971 0.243567 1878.43 1
-0.0826195 0.0264825 0.2422 2380.67 1
0.0241011 0.0257783 0.244 751.143 1
0.0249375 0.0261645 0.2448 726.4 1
-0.0856684 0.0297958 0.244054 1979.22 1
-0.0824786 0.0297464 0.242882 2389.32 1
-0.079906 0.0300706 0.242 2437.06 1
0.0238694 0.0297063 0.2442 965.2 1
0.024907 0.0290522 0.2445 859 1
-0.0858596 0.0332161 0.244579 2002.21 1
-0.08233 0.033386 0.243171 2421.49 1
-0.0795187 0.0332847 0.242035 2460.69 1
0.0230734 0.0332286 0.243143 1120.36 1
-0.0848734 0.0367803 0.245 2294.9 1
-0.082158 0.0367619 0.243576 2438.33 1
-0.0787562 0.0368068 0.2425 2534.56 1
-0.0767535 0.0371687 0.242 2620.83 1
0.0236281 0.0365648 0.245 1072.12 1
-0.0846201 0.0402909 0.245 2386.11 1
-0.0820667 0.0403152 0.243824 2450.56 1
-0.0788397 0.0402077 0.242659 2507.59 1
-0.0765564 0.040652 0.242 2611.25 1
0.020618 0.0419819 0.244 1190 1
0.0221519 0.0401667 0.243385 1084.15 1
-0.0844073 0.0430589 0.245 2464.4 1
-0.082045 0.0438464 0.244343 2472.09 1
-0.0785898 0.0437055 0.243088 2532.53 1
-0.0754534 0.0439494 0.242074 2641.44 1
0.0205842 0.0434996 0.2436 1090.2 1
0.0215957 0.0443013 0.243538 1044.62 1
-0.0814907 0.0466713 0.244867 2484.87 1
-0.0786444 0.0471953 0.24395 2571.38 1
-0.0752484 0.0472365 0.242895 2653.34 1
-0.0726377 0.0481224 0.242 2678.58 1
0.0219604 0.0473245 0.2442 963.9 1
-0.0788108 0.0506944 0.244879 2581.52 1
-0.075435 0.0506502 0.2438 2664.31 1
-0.0721022 0.0510886 0.242433 2687.37 1
0.0207078 0.0506222 0.243286 1027.57 1
0.0212344 0.0517353 0.245 1044.67 1
-0.0777404 0.053758 0.245 2619.67 1
-0.0752397 0.0543607 0.244659 2615.68 1
-0.0719337 0.0543214 0.243467 2680.93 1
-0.0696603 0.0546509 0.242 2756 1
0.0201073 0.0549194 0.243286 1031.71 1
0.0212344 0.0547517 0.245 1006.67 1
-0.0747551 0.0576632 0.245 2646.36 1
-0.0717784 0.0578458 0.243718 2742.21 1
-0.0688913 0.0578917 0.24225 2739.2 1
0.0198317 0.0574508 0.242875 977.688 1
0.0212344 0.0567922 0.245 996.5 1
-0.0739814 0.0613167 0.245 2650.14 1
-0.0718741 0.0613713 0.244158 2694.74 1
-0.0682435 0.0612659 0.242375 2772.23 1
-0.0659824 0.0618804 0.242 2804.62 1
0.0196841 0.0611635 0.242286 965.5 1
-0.0739814 0.0637121 0.245 2655.5 1
-0.0717897 0.0646608 0.244437 2742.12 1
-0.0683365 0.064976 0.24355 2749.5 1
-0.0648585 0.0648303 0.242094 2827.31 1
0.0197583 0.0645636 0.2432 1003.7 1
-0.0713302 0.0681904 0.244965 2722.69 1
-0.0680928 0.0681121 0.24373 2753.05 1
-0.0646085 0.0683154 0.242622 2844.32 1
-0.0622519 0.0686104 0.242 2874.5 1
0.0193727 0.0682366 0.245 1001.25 1
-0.0706758 0.0715064 0.245 2610.57 1
-0.0681207 0.071564 0.244211 2639.08 1
-0.0647444 0.0718768 0.243474 2748.16 1
-0.0613899 0.0717553 0.242275 2836.3 1
-0.0585139 0.0722833 0.242 2888 1
0.0172965 0.072396 0.242 1026.75 1
0.0184755 0.0714787 0.243667 1019.5 1
-0.0705239 0.0738257 0.245 1526.25 1
-0.0682779 0.0743285 0.245 1551.89 1
-0.0650054 0.0743095 0.24375 1980.31 1
-0.0613177 0.0745755 0.24225 1956.25 1
-0.0583638 0.0744991 0.242 2503.5 1
0.0173322 0.0746519 0.2425 1041.5 1
0.0187629 0.0749766 0.243125 938.625 1
-0.0670663 0.0802134 0.245 447.667 1
-0.0647274 0.0799514 0.2442 427.4 1
-0.0617764 0.0797897 0.2425 403.75 1
-0.0583638 0.0800198 0.242 383.4 1
-0.0679947 0.082623 0.24475 496.938 1
-0.064901 0.0822227 0.243857 493.595 1
-0.0615994 0.0822147 0.242323 485.839 1
-0.0578267 0.0821813 0.242 473.778 1
-0.0819604 0.0871331 0.245 435.8 1
-0.0787424 0.0865713 0.244917 463.375 1
-0.0756502 0.0867781 0.244667 472.944 1
-0.0713061 0.0863796 0.244407 484.148 1
-0.0682146 0.0857171 0.243356 496.244 1
-0.0646806 0.0847837 0.2425 499.885 1
-0.0610626 0.0849908 0.242 495.318 1
-0.0581957 0.0850252 0.242 493.64 1
-0.0843509 0.0887405 0.243 286.2 1
-0.08226 0.0889062 0.242808 402.865 1
-0.0789399 0.0892464 0.243418 439.109 1
-0.0753812 0.0891022 0.243867 455.667 1
-0.0720461 0.0889685 0.242805 470.659 1
-0.0692794 0.0883643 0.2422 478.533 1
-0.0782319 0.0918771 0.242667 426.407 1
-0.0752545 0.0926863 0.242913 443.348 1
-0.0729259 0.092634 0.242308 455.462 1
-0.0741264 0.0947416 0.242 435 1
-0.0730755 0.0947416 0.242 447 1
0.0339643 -0.0497382 0.246667 834.167 1
0.0336067 -0.0471376 0.246286 872 1
0.0335202 -0.0439395 0.246889 876.389 1
0.0333105 -0.0398657 0.247111 869 1
0.0311308 -0.0363133 0.2465 966.375 1
0.0329961 -0.0367538 0.247143 885.786 1
0.0308341 -0.0334836 0.247333 992.667 1
0.0319941 -0.03465 0.248 947.75 1
0.031469 -0.0287586 0.246 962 1
0.0320031 -0.0287586 0.246 931.333 1
0.0307634 -0.0257643 0.246182 974.455 1
0.0319971 -0.0274806 0.247333 923.333 1
0.0307658 -0.0231042 0.24625 980.875 1
0.0319941 -0.0227961 0.248 947.625 1
0.0310607 -0.020021 0.247 979 1
0.0301338 -0.0156641 0.246 1017.5 1
0.0291128 -0.00846074 0.2464 1045.7 1
0.0293019 -0.00528453 0.248 1044.21 1
0.0277866 -0.0012348 0.2465 1094.5 1
0.0283219 -0.0012348 0.2465 1053.25 1
0.027843 0.000371538 0.247 1078.5 1
0.0283793 0.000371538 0.247 1040.5 1
0.027843 0.00573798 0.247 961 1
0.0288406 0.0061537 0.2475 883.5 1
0.0291443 0.00760451 0.246667 721.667 1
0.027843 0.0121777 0.247 553.5 1
0.0283793 0.0121777 0.247 584.667 1
0.0266102 0.0162982 0.247286 921.5 1
0.0265777 0.0194199 0.247 732 1
0.0271481 0.024081 0.248 639.25 1
0.0263601 0.0258094 0.247333 699.5 1
0.0237245 0.0308349 0.246 1049.75 1
0.0256685 0.029808 0.2474 890.667 1
0.0239916 0.034309 0.246 1085 1
0.0251347 0.0332065 0.247 1037.32 1
-0.087636 0.0367141 0.246 1327.5 1
-0.086639 0.0369457 0.246 2068.53 1
0.0235832 0.0373657 0.247333 1072.33 1
0.0245257 0.0353779 0.246 1047 1
-0.087636 0.0401881 0.246 1350.14 1
-0.0865678 0.0401881 0.246 2108.81 1
0.0232659 0.0406391 0.2468 1022.9 1
-0.087636 0.0436622 0.246 1455 1
-0.0861569 0.0438267 0.246 2273.62 1
0.0227271 0.0432598 0.24675 1002.5 1
-0.0885959 0.0476071 0.24775 1054.69 1
-0.0858197 0.0472922 0.24681 2300.45 1
-0.0829696 0.0475864 0.246 2469.95 1
0.0233319 0.0466182 0.2475 963.5 1
-0.088483 0.0500115 0.248 1271.56 1
-0.0857729 0.0509308 0.247556 2392.22 1
-0.0822295 0.0509461 0.246333 2516.33 1
-0.0801585 0.0519465 0.246 2569.67 1
0.0222122 0.0502816 0.247 981.125 1
-0.0852793 0.0540392 0.248 2428.2 1
-0.0822879 0.0543454 0.246778 2440.5 1
-0.0792993 0.054702 0.246045 2555.05 1
0.0208292 0.054461 0.2465 997 1
0.0223299 0.0545115 0.2477 953.8 1
-0.0845024 0.0571797 0.248 2464.07 1
-0.0822491 0.0577949 0.247467 2494.9 1
-0.078958 0.0577458 0.246417 2555.5 1
-0.0764961 0.0583983 0.246 2605.36 1
0.020787 0.0583602 0.246 957.667 1
0.0225002 0.0574959 0.24744 966.2 1
-0.0818102 0.0611438 0.248 2474.05 1
-0.0788534 0.0612226 0.247105 2559.71 1
-0.0757452 0.0612371 0.246077 2619.15 1
0.0209278 0.061177 0.247667 962.667 1
0.0214655 0.061177 0.247667 973.333 1
-0.0808102 0.0639534 0.248 2498.25 1
-0.0787529 0.0646088 0.247788 2600.09 1
-0.0753187 0.0648581 0.246452 2660.23 1
0.020956 0.0634146 0.248 998.5 1
0.0214944 0.0634146 0.248 988 1
-0.077118 0.0680715 0.248 2567.86 1
-0.075121 0.0682901 0.246938 2596.06 1
-0.0729482 0.0687823 0.246 2662.25 1
-0.0770411 0.0701498 0.248 2544 1
-0.075222 0.0717366 0.247448 2474.83 1
-0.0724626 0.0718191 0.246 2560.18 1
0.0189945 0.0730868 0.247 1033.5 1
-0.0747074 0.0737426 0.2474 1539.8 1
-0.0724765 0.0740711 0.246111 1134.56 1
0.0196306 0.0747061 0.247286 969.714 1
-0.0773103 0.0801179 0.248 468.25 1
-0.0750779 0.0795697 0.247818 435.591 1
-0.0716683 0.0796405 0.2468 421.6 1
-0.069156 0.0799528 0.246 432.6 1
-0.0870024 0.0833508 0.248 393 1
-0.0813487 0.0829916 0.248 470.167 1
-0.0785244 0.0824726 0.247233 478.558 1
-0.0751005 0.082413 0.2474 483.622 1
-0.0715953 0.0820844 0.246625 485.025 1
-0.0692476 0.0815715 0.246 483.571 1
-0.085628 0.0857559 0.247633 403.061 1
-0.0822365 0.0856291 0.247081 450.27 1
-0.0788774 0.0848736 0.246167 468.917 1
-0.0752475 0.0853454 0.24645 483.4 1
-0.0722004 0.0851216 0.246182 490.045 1
-0.0849654 0.0877561 0.246 381 1
-0.0838972 0.0877561 0.246 409 1
0.0344233 -0.0563844 0.25 651 1
0.0356509 -0.0563373 0.251 534.75 1
0.0344233 -0.0558412 0.25 743.5 1
0.0356509 -0.0552466 0.251 729 1
0.0357929 -0.0491703 0.252 800 1
0.0346528 -0.0463707 0.251667 874.667 1
0.0357929 -0.0480753 0.252 802.333 1
0.0346987 -0.040684 0.252 820.75 1
0.0339494 -0.0352714 0.2505 840.25 1
0.0331536 -0.0333849 0.250357 893.821 1
0.0329928 -0.0296727 0.2515 909.625 1
0.0326506 -0.0261306 0.250133 908 1
0.0328831 -0.0231292 0.250667 905.5 1
0.0314379 -0.0191778 0.25 975 1
0.0319807 -0.0191778 0.25 946.5 1
0.0314379 -0.0151041 0.25 966.4 1
0.0319807 -0.0151041 0.25 935.6 1
0.0308952 -0.0118451 0.25 983.444 1
0.0319807 -0.0129314 0.25 931.333 1
0.0305626 -0.00884161 0.2495 993.083 1
0.0318869 -0.0086355 0.2514 931.6 1
0.0306796 -0.00528467 0.249625 969.25 1
0.0318723 -0.00609324 0.25075 925.5 1
0.0300223 -0.00179773 0.2504 994.15 1
0.0298607 0.000737657 0.249667 985.333 1
0.027367 0.0174856 0.25 971.5 1
0.0285664 0.0145563 0.251 848.75 1
0.027367 0.018572 0.25 922.167 1
0.0285989 0.0192119 0.251286 803.214 1
0.0285664 0.0213729 0.251 592.5 1
0.0269336 0.026739 0.249333 711.667 1
0.0284067 0.0266594 0.252 703.5 1
0.0270232 0.0296362 0.250167 874.167 1
0.0268243 0.0345953 0.25 967.25 1
0.0243817 0.0378542 0.25 1051 1
0.0256812 0.0370096 0.250571 1017.36 1
0.0244142 0.0400831 0.250333 1015.33 1
0.0249577 0.0400831 0.250333 985.833 1
0.0242015 0.0439169 0.25 966.667 1
0.0253136 0.0436153 0.250909 924.909 1
0.0239624 0.0474386 0.249538 961.462 1
0.0253636 0.0477278 0.250615 935.846 1
-0.0892453 0.0516332 0.249 855.625 1
0.0235618 0.0508592 0.249765 968.529 1
0.0255074 0.049835 0.251143 921.143 1
-0.0888003 0.0540994 0.249267 1409.5 1
-0.0867584 0.0549062 0.249 2363.5 1
0.0234659 0.0538786 0.250833 954.75 1
-0.0892518 0.0576402 0.250533 1445.13 1
-0.0864549 0.0580223 0.249455 2380.32 1
0.0234732 0.0588014 0.249 942 1
-0.0892008 0.0612144 0.250944 1558.22 1
-0.0857818 0.0611346 0.249788 2405.85 1
-0.0833968 0.0615801 0.249 2451.36 1
0.0225359 0.0616306 0.2506 960 1
-0.0891136 0.0647207 0.251437 1765.97 1
-0.0856391 0.0646919 0.250474 2428.32 1
-0.0823512 0.0649817 0.249286 2490.43 1
0.0223658 0.064648 0.25175 965.875 1
-0.0890558 0.0683285 0.251939 1874.06 1
-0.0857878 0.0682485 0.251086 2390.09 1
-0.0821674 0.0681812 0.249667 2507.06 1
-0.078991 0.0682513 0.249 2588.52 1
0.0204732 0.0696387 0.252 1007.5 1
0.0215675 0.0669012 0.252 983.5 1
-0.0887169 0.0713378 0.252 1648.17 1
-0.0858557 0.0716559 0.251615 1977.04 1
-0.0823243 0.0717207 0.250316 2129.13 1
-0.0789707 0.0718753 0.249541 2317 1
-0.0768111 0.0731376 0.249 2240 1
0.0203717 0.071741 0.25075 1007.31 1
-0.0831501 0.073725 0.251 632.25 1
-0.0781627 0.0739491 0.249 943 1
-0.0768111 0.0739491 0.249 1365 1
0.0203108 0.074246 0.25 998.5 1
0.0217555 0.0756305 0.251 782.438 1
-0.0882666 0.0795852 0.251818 399.091 1
-0.0862718 0.0795485 0.252 417.9 1
-0.0821861 0.0796973 0.251529 420.176 1
-0.079219 0.0794952 0.2496 427.85 1
-0.0757299 0.079359 0.249 409 1
-0.0880485 0.0813346 0.250933 386.533 1
-0.0857329 0.0822925 0.250444 441.037 1
-0.082657 0.0820945 0.250108 469.297 1
-0.0795142 0.0811171 0.249 475.25 1
-0.0843798 0.0844984 0.249 445 1
-0.0838391 0.0844984 0.249 452 1
0.0369042 -0.0561828 0.254 600 1
0.0360426 -0.0542148 0.253111 788.444 1
0.0359349 -0.05019 0.253 784 1
0.0345617 -0.0422196 0.253 857 1
0.035111 -0.0422196 0.253 832 1
0.0345617 -0.0416699 0.253 846 1
0.0359974 -0.0394957 0.2546 790.2 1
0.0346983 -0.0365921 0.254 835 1
0.0352498 -0.0365921 0.254 811.5 1
0.0338711 -0.0321772 0.254 875.5 1
0.0338711 -0.0305238 0.254 872.25 1
0.0336985 -0.026436 0.253 864.571 1
0.0337377 -0.0227059 0.253 884.75 1
0.0329349 -0.0189539 0.253647 926.941 1
0.0328951 -0.0162973 0.254 914.091 1
0.0328585 -0.0121567 0.253625 900.75 1
0.0330737 -0.00926544 0.2538 891.7 1
0.0323435 -0.00404863 0.255 930 1
0.0309912 -0.00181816 0.253 950.25 1
0.0321533 -0.00127207 0.2535 905.375 1
0.0302482 0.00221673 0.253667 987 1
0.0315131 0.00149162 0.255 947.5 1
0.0300699 0.0130993 0.2545 743.375 1
0.028794 0.0163213 0.253 910.25 1
0.0301289 0.0192204 0.255 845.583 1
0.0286321 0.0276988 0.254 712 1
0.0272535 0.0318376 0.254 965 1
0.0273393 0.0371962 0.2548 960.3 1
0.0264495 0.0391838 0.253333 972 1
0.0261505 0.0439784 0.254 895.5 1
0.0260476 0.0465537 0.253 926.375 1
0.024949 0.0520505 0.253 953 1
0.0250475 0.0539139 0.254 912 1
0.0222474 0.0659225 0.2535 970.75 1
0.0224365 0.068589 0.2544 958.6 1
0.0219092 0.0714134 0.254143 964 1
0.02291 0.0745484 0.253636 815.864 1
-0.0850212 0.0796994 0.253 410.8 1
-0.0854606 0.0809086 0.253 444.5 1
0.0372669 -0.0539477 0.2565 760.25 1
0.0374371 -0.051099 0.257444 759.833 1
0.0366432 -0.0470171 0.256667 800.917 1
0.0371374 -0.0434095 0.258167 762.042 1
0.0370683 -0.0411107 0.259 780.75 1
0.0349715 -0.033543 0.256 876.5 1
0.0361416 -0.0324688 0.2572 789.1 1
0.0349715 -0.0296496 0.256 849.5 1
0.0360272 -0.0301933 0.257571 810 1
0.035433 -0.0264495 0.257333 808.583 1
0.0342712 -0.021669 0.257 877 1
0.0353871 -0.0241817 0.257 798.75 1
0.0343379 -0.0194701 0.2575 877 1
0.0340318 -0.0157069 0.257286 868.286 1
0.0341487 -0.0115672 0.257571 846.143 1
0.0352447 -0.0116636 0.258 770 1
0.0333498 -0.00241822 0.2585 882.75 1
0.0309416 0.00312806 0.2576 971 1
0.0323993 0.00147204 0.258286 919.571 1
0.0306736 0.0052374 0.256938 915.062 1
0.0319456 0.00544513 0.2585 880.833 1
0.0308827 0.00911168 0.259 670.778 1
0.0320074 0.00798625 0.259 839.667 1
0.0308692 0.0119194 0.258889 666.222 1
0.0323201 0.0132653 0.2588 831.6 1
0.0306054 0.0158816 0.256421 871.263 1
0.0323966 0.0157794 0.257619 831.048 1
0.0313641 0.0194731 0.258333 854.833 1
0.031925 0.0194731 0.258333 844.333 1
0.0302276 0.0230534 0.2582 723.6 1
0.0299812 0.0262856 0.258 747.25 1
0.029309 0.0293495 0.257692 835.692 1
0.0275753 0.0338866 0.257 969.375 1
0.0288827 0.0332702 0.258714 898.786 1
0.0288029 0.0362628 0.258 904.875 1
0.0263907 0.0413201 0.256333 941.333 1
0.0264594 0.0425435 0.257 886 1
0.0266652 0.0521595 0.259 914.75 1
0.0266681 0.0541677 0.257857 893 1
0.0280711 0.0544102 0.259 880 1
0.0254913 0.0571145 0.2585 921.5 1
0.0241331 0.0612887 0.256 930 1
0.0255406 0.0611629 0.259 918.75 1
0.0240874 0.064874 0.257 926.25 1
0.0246018 0.0642878 0.258 907 1
0.0239484 0.0682286 0.257 932.571 1
0.0251596 0.0683862 0.258263 909.474 1
0.0234321 0.072056 0.256571 926 1
0.0253907 0.0717086 0.258143 875.667 1
0.0235773 0.0738032 0.256 912 1
0.0252842 0.0741953 0.2564 617.3 1
0.0384879 -0.0574476 0.261 582 1
0.0390546 -0.0568805 0.261 579.75 1
0.0392813 -0.0538184 0.261 710 1
0.0393379 -0.0506429 0.261 708.833 1
0.0381679 -0.0471941 0.26075 762 1
0.0394886 -0.0477061 0.262 704.667 1
0.0382046 -0.0452558 0.261 742 1
0.0394886 -0.04486 0.262 701 1
0.0372133 -0.038883 0.262 774.25 1
0.0371423 -0.0359692 0.2615 782 1
0.036978 -0.0337342 0.260333 773.25 1
0.0370003 -0.0290377 0.2605 791.5 1
0.0373959 -0.0263856 0.2603 737.85 1
0.0386354 -0.0257907 0.262 701.5 1
0.0364633 -0.0228308 0.2607 782.25 1
0.0359104 -0.0197221 0.2608 798.1 1
0.0349535 -0.0165555 0.26 830.5 1
0.0350879 -0.0154851 0.261 847 1
0.0354119 -0.0117496 0.262 804.167 1
0.0341068 -0.00751734 0.26 874.75 1
0.0342379 -0.00470878 0.261 856.375 1
0.0329777 0.0023682 0.26 885.3 1
0.0329777 0.00547509 0.26 863.167 1
0.0326719 0.00916641 0.260556 826 1
0.0326653 0.0118006 0.260875 808.875 1
0.032947 0.0197481 0.262 817 1
0.0307197 0.0229867 0.26 785 1
0.0322141 0.0238016 0.260667 821.667 1
0.031002 0.0258111 0.26 795.25 1
0.0322016 0.0262347 0.26 806.562 1
0.030547 0.0301579 0.260933 839.533 1
0.0319125 0.0296645 0.260857 811.429 1
0.0305744 0.0333021 0.261167 847.111 1
0.0317486 0.0333457 0.2615 796.667 1
0.030182 0.0363835 0.260067 858 1
0.031607 0.0357416 0.260333 810.333 1
0.0277212 0.040654 0.261 936 1
0.0286571 0.0395875 0.2605 895.75 1
0.0276858 0.0439986 0.260667 883.5 1
0.0285012 0.0442687 0.261 861.875 1
0.027615 0.046712 0.26 880 1
0.0287322 0.0462732 0.2604 853.8 1
0.0278274 0.0558944 0.262 884 1
0.0283962 0.0558944 0.262 875 1
0.0264757 0.0580324 0.261111 902.667 1
0.0283962 0.0564636 0.262 866 1
0.025705 0.0610879 0.260667 915 1
0.0243212 0.0633364 0.261 935 1
0.0256619 0.0651564 0.261667 890.667 1
0.0263045 0.0684399 0.261 885.25 1
0.0267598 0.0715956 0.260222 830.778 1
0.0412066 -0.0570038 0.265 511.1 1
0.0408784 -0.0549456 0.264615 652.538 1
0.0421129 -0.0550806 0.266 607 1
0.0411173 -0.0508761 0.265167 665.667 1
0.0406405 -0.0474035 0.264556 673.556 1
0.0397065 -0.0434258 0.266 718.667 1
0.0389365 -0.0403436 0.266 730.5 1
0.0374973 -0.0380327 0.264 782.5 1
0.0389364 -0.036876 0.266 722.5 1
0.0382118 -0.0333174 0.263 731.5 1
0.0388852 -0.0328002 0.265 711.5 1
0.0387901 -0.0289647 0.265 720.75 1
0.0382118 -0.025032 0.263 724 1
0.0387828 -0.025032 0.263 702 1
0.0378451 -0.0224918 0.263857 729.571 1
0.0388291 -0.0231961 0.264429 690.143 1
0.037164 -0.019133 0.264333 751.5 1
0.0364887 -0.0162982 0.265 775.5 1
0.0367441 -0.0118929 0.2656 751.2 1
0.0364331 -0.00892813 0.265 784.25 1
0.0345002 -0.00646127 0.263 866.75 1
0.0358681 -0.00535361 0.264667 788.25 1
0.0345658 -0.00189144 0.2635 856 1
0.0358455 -0.00247438 0.2645 778.75 1
0.0346314 0.00154427 0.264 844.333 1
0.0359811 0.00213097 0.2655 783.375 1
0.0345939 0.00526838 0.263714 804.786 1
0.0345658 0.00898211 0.2635 783.417 1
0.0359133 0.00961063 0.265 727.25 1
0.0345877 0.011568 0.263667 766.833 1
0.0332154 0.0191092 0.263 810 1
0.0330727 0.0212519 0.263 817 1
0.0331612 0.0333418 0.266 745.75 1
0.0309315 0.0379656 0.263 845 1
0.0319307 0.037537 0.263 811.5 1
0.0279336 0.0418226 0.263 923 1
0.0301097 0.0405784 0.264684 856.211 1
0.0279336 0.042394 0.263 896 1
0.0300592 0.0434778 0.2646 847.04 1
0.0303888 0.0470937 0.265333 831.25 1
0.0288029 0.0516419 0.26575 867.5 1
0.0279336 0.0541078 0.263 886 1
0.0290694 0.0534912 0.264667 858.944 1
0.02718 0.0589021 0.264 891 1
0.0272006 0.0609567 0.2642 888.7 1
0.0269377 0.0643133 0.264111 880.5 1
0.0271065 0.0681794 0.263286 874.5 1
0.028541 0.0674393 0.266 854.875 1
0.0431408 -0.0564478 0.267 490.25 1
0.0417435 -0.0539039 0.267333 648.667 1
0.0429311 -0.0544215 0.2675 594.083 1
0.0429188 -0.0510968 0.268538 605.154 1
0.0414017 -0.0457161 0.267 649 1
0.0428798 -0.0486885 0.269 609.25 1
0.0408297 -0.0439977 0.268333 694.5 1
0.0395195 -0.0393834 0.267333 708.167 1
0.040393 -0.0383178 0.268 676.5 1
0.0393756 -0.0320319 0.269 721.5 1
0.0391804 -0.0307115 0.267667 721.5 1
0.0379235 -0.0181614 0.267 711.25 1
0.0374148 -0.0147083 0.2675 742.625 1
0.0376691 -0.012661 0.26725 728 1
0.0378064 -0.00866294 0.2674 726.9 1
0.0393756 -0.00894644 0.269 671.75 1
0.0374572 -0.00587064 0.2674 724.6 1
0.0368171 -0.00146044 0.2678 751.4 1
0.036791 0.000695723 0.26825 740 1
0.0364257 0.00505983 0.267857 733.214 1
0.0363199 0.00797263 0.268 721.375 1
0.0348652 0.013213 0.268 782.5 1
0.0357381 0.0120485 0.268 735.5 1
0.0347351 0.0143239 0.267 775.5 1
0.0353148 0.0143239 0.267 736.5 1
0.0334105 0.0309723 0.268 788.5 1
0.0334106 0.0321368 0.268 778.167 1
0.0323671 0.0407312 0.269 806.5 1
0.0310831 0.0484404 0.268 812 1
0.0296374 0.0503394 0.267778 862.222 1
0.0310831 0.053972 0.268 797 1
0.0293911 0.0575749 0.2685 859.125 1
0.0288271 0.0611122 0.268667 852.5 1
0.0287556 0.0650321 0.268 857.417 1
0.0286483 0.0694332 0.267 837.25 1
0.0288093 0.0715722 0.2685 828 1
0.0441102 -0.0541575 0.273 585.25 1
0.044209 -0.0518839 0.273 584.333 1
0.042332 -0.0455571 0.273 649.5 1
0.0410902 -0.0425215 0.270667 685.333 1
0.0424021 -0.0438475 0.2725 634.75 1
0.0410132 -0.0406824 0.270167 654.75 1
0.042285 -0.0400313 0.27175 610.875 1
0.0408451 -0.036686 0.271 665.417 1
0.0410963 -0.0333586 0.272667 667.75 1
0.0423321 -0.0345841 0.273 624.75 1
0.0410712 -0.0297823 0.2725 660.25 1
0.0402567 -0.0225551 0.271 676.625 1
0.0380565 -0.0166057 0.27 725.75 1
0.0393265 -0.0158631 0.270667 679.583 1
0.039522 -0.0136726 0.27 671.5 1
0.0382679 -0.00489721 0.2715 706.5 1
0.0388574 -0.00489721 0.2715 678.5 1
0.0383854 -0.00195854 0.272333 702.667 1
0.0389766 -0.00195854 0.272333 675.667 1
0.038183 0.00159691 0.273 698.5 1
0.039072 0.000410648 0.273 667 1
0.0377478 0.00631874 0.272 688.5 1
0.037609 0.00747309 0.271 682 1
0.0366339 0.0128439 0.2725 716.25 1
0.035694 0.0157326 0.271333 755 1
0.0345392 0.020351 0.27 783 1
0.0351254 0.020351 0.27 757 1
0.0341416 0.023022 0.2715 791.833 1
0.0360434 0.0223167 0.2725 720.333 1
0.034795 0.0340938 0.272 726 1
0.0353856 0.0340938 0.272 713.5 1
0.0340338 0.0359986 0.273 752.25 1
0.0324875 0.0403937 0.27 807.333 1
0.0325356 0.0435881 0.2704 790.4 1
0.0326679 0.0475994 0.2715 781.375 1
0.0310219 0.0511483 0.27 820.4 1
0.0328245 0.0510317 0.271826 767.304 1
0.0310219 0.0543747 0.27 808.75 1
0.0325246 0.0536388 0.2715 770.375 1
0.0304451 0.0586117 0.271571 820.857 1
0.0319593 0.0594274 0.273 787 1
0.0303742 0.0610426 0.271462 821.846 1
0.0319593 0.0600205 0.273 782 1
0.0301978 0.0646972 0.272 822.143 1
0.0303436 0.0680262 0.2718 817.1 1
0.0302843 0.072274 0.272455 771.909 1
0.0319593 0.0730694 0.273 431 1
0.029977 0.0742706 0.272333 667.667 1
0.0448842 -0.050227 0.2752 568.8 1
0.0436768 -0.0487005 0.274 609.5 1
0.0426422 -0.0443972 0.275 660.25 1
0.0435664 -0.0398879 0.2748 590.9 1
0.0427636 -0.0365617 0.2745 619.083 1
0.0431435 -0.0340229 0.275667 614 1
0.0412972 -0.0299485 0.274 659.5 1
0.0415987 -0.0259695 0.276 650.5 1
0.0412259 -0.0218829 0.2755 660.875 1
0.0408154 -0.0192857 0.27475 652.5 1
0.0427972 -0.0193733 0.276 592.5 1
0.0411129 -0.0167482 0.27475 642.25 1
0.0401075 -0.00762447 0.274 664.667 1
0.0401075 -0.00643386 0.274 650 1
0.0380948 0.00935985 0.2745 683.75 1
0.0365382 0.01589 0.274 717.5 1
0.0359836 0.0195093 0.275286 757.857 1
0.0362304 0.0229891 0.274667 725.5 1
0.0362222 0.0258209 0.275143 734.762 1
0.0344079 0.0381932 0.276 764.5 1
0.0356063 0.0357945 0.276 715 1
0.0344079 0.0402919 0.276 764.2 1
0.0356063 0.0393924 0.276 726 1
0.0344079 0.04359 0.276 747.917 1
0.0340481 0.0469536 0.2755 751.938 1
0.0344079 0.0501861 0.276 738.25 1
0.0330891 0.0547863 0.275 765.75 1
0.0314815 0.0581568 0.274 800.75 1
0.0331744 0.0581742 0.2752 739.25 1
0.0314815 0.0617286 0.274 802.5 1
0.0332312 0.0608297 0.275333 742.833 1
0.0318949 0.0646425 0.275 783.9 1
0.0320109 0.0669764 0.276 779.25 1
0.0308866 0.0716503 0.274 777.5 1
0.03226 0.0716603 0.275571 701.143 1
0.0461252 -0.0563574 0.278 543.25 1
0.046663 -0.054114 0.2785 480.75 1
0.0452199 -0.0494115 0.278 574 1
0.0464491 -0.0513512 0.278692 504.692 1
0.044601 -0.0475101 0.278375 591.75 1
0.0464329 -0.047252 0.279529 480.471 1
0.0444739 -0.0438306 0.279 587 1
0.0444739 -0.0389813 0.279 580.5 1
0.0443942 -0.0370951 0.2785 581.125 1
0.0436557 -0.0331543 0.2784 609 1
0.0415984 -0.0282716 0.278 671 1
0.0436265 -0.029813 0.279385 600.231 1
0.0415235 -0.0261128 0.2775 667.75 1
0.0433874 -0.0263091 0.278727 593.818 1
0.0436051 -0.0229392 0.27925 591.062 1
0.0429523 -0.0179389 0.277 601 1
0.0432624 -0.0168539 0.279 591.667 1
0.0408394 -0.0123121 0.279 671.875 1
0.0408882 -0.0049441 0.279333 642 1
0.040693 -0.00290381 0.278 637.5 1
0.0400317 0.00163346 0.279 658.667 1
0.0391841 0.00484747 0.278 679.333 1
0.0380452 0.0119144 0.2785 699 1
0.0386499 0.0119144 0.2785 686.5 1
0.0377182 0.0161652 0.278 697.857 1
0.0385805 0.0158201 0.278 674.4 1
0.0374991 0.0189046 0.278933 707 1
0.038747 0.0189235 0.2792 657.8 1
0.0374228 0.0273031 0.277545 688.909 1
0.038858 0.0259715 0.28 643 1
0.034479 0.0310312 0.279 808 1
0.0367967 0.0296516 0.278037 715.296 1
0.0387193 0.0301219 0.279 642 1
0.034479 0.0316374 0.279 806 1
0.0364146 0.0326042 0.279353 719.706 1
0.0366705 0.0372341 0.278375 698.312 1
0.0365758 0.0403888 0.2779 695.6 1
0.0364149 0.0434953 0.27875 699.812 1
0.0361223 0.0460467 0.28 721.75 1
0.0346216 0.0549991 0.2782 725.4 1
0.0350848 0.0558841 0.279 729 1
0.0345808 0.0578424 0.278429 705 1
0.0350848 0.0570964 0.279 715 1
0.0338607 0.0620725 0.2774 732.3 1
0.0335303 0.0647013 0.278667 751.167 1
0.0329689 0.06854 0.278444 768.778 1
0.0336545 0.0706502 0.2782 719.8 1
0.046623 -0.0456711 0.281 458.5 1
0.0447927 -0.0441449 0.281 586.5 1
0.0466916 -0.0435984 0.281417 456.375 1
0.0463534 -0.0404992 0.281833 498.333 1
0.0461766 -0.0369497 0.282 500.333 1
0.0447927 -0.032545 0.281 569.125 1
0.0460675 -0.0331963 0.281333 484.25 1
0.0443046 -0.0297978 0.281 581.3 1
0.0462858 -0.029666 0.282667 457.833 1
0.0447927 -0.0261347 0.281 544.333 1
0.0426538 -0.0155606 0.283 624.5 1
0.0412785 -0.0109105 0.282 661.5 1
0.0412785 -0.0102978 0.282 661.5 1
0.0411322 -0.00446143 0.281 639 1
0.0411322 -0.00201938 0.281 656.25 1
0.0414249 0.00227027 0.283 634.25 1
0.0408105 0.00503713 0.283 645.438 1
0.040196 0.00841886 0.283 656.875 1
0.0396458 0.0121673 0.282 672.667 1
0.0397124 0.0160324 0.28175 658.875 1
0.0398182 0.0196082 0.281571 636.929 1
0.0397718 0.0223441 0.2826 638 1
0.0383867 0.0312536 0.281 659 1
0.0396069 0.0312536 0.281 623.667 1
0.0379291 0.0338483 0.281 664 1
0.0399675 0.0331866 0.2816 606.75 1
0.0380206 0.0358935 0.281 666.6 1
0.0389968 0.0361377 0.281 640.333 1
0.0362513 0.0480428 0.281 711.875 1
0.036303 0.0508637 0.2814 704.1 1
0.0364062 0.0540717 0.2822 697.9 1
0.0368237 0.0571536 0.282714 660 1
0.0362514 0.0602531 0.281 620.75 1
0.0347262 0.0642214 0.281 701.333 1
0.0353363 0.0642214 0.281 653.333 1
0.0347262 0.0694107 0.281 734.5 1
0.0353363 0.0694107 0.281 710 1
0.0348497 0.0708832 0.282 716.5 1
0.0452793 -0.0182111 0.286 538 1
0.0459002 -0.0182111 0.286 476 1
0.0443144 -0.0151498 0.285556 580.222 1
0.0459002 -0.0157256 0.286 465.833 1
0.0439717 -0.0122881 0.28556 587.68 1
0.0459323 -0.0123158 0.2862 428.2 1
0.0436267 -0.00956016 0.286636 595.182 1
0.0460607 -0.0104804 0.287 241 1
0.0432064 -0.00517495 0.286667 602.333 1
0.0415536 -0.000812552 0.286 656 1
0.0427156 -0.00190519 0.2865 621 1
0.0435305 0.00167626 0.28675 573.375 1
0.0415713 0.00659751 0.284 612.25 1
0.0428045 0.00536345 0.284 588.25 1
0.0411233 0.00913676 0.284857 638.857 1
0.0426559 0.00860996 0.285385 594.077 1
0.0405117 0.0118529 0.284286 653.571 1
0.0421745 0.0106829 0.286 625 1
0.0410273 0.0157933 0.286667 637.833 1
0.0421745 0.016586 0.286 596 1
0.0415536 0.0178287 0.286 618.5 1
0.0421745 0.0178287 0.286 595.5 1
0.0411602 0.023463 0.284 600.417 1
0.0402837 0.0255015 0.285462 630.769 1
0.042027 0.0251969 0.285 567 1
0.0404801 0.0307697 0.285 621.25 1
0.0392426 0.0378906 0.285 651.5 1
0.0392426 0.0385098 0.285 648.5 1
0.038005 0.045321 0.285 679 1
0.0380583 0.0472461 0.2854 690.7 1
0.038005 0.0493459 0.285 686.25 1
0.0379825 0.0555758 0.286 672.25 1
0.0385832 0.0553041 0.287 665.5 1
0.0380939 0.0580487 0.285667 597.833 1
0.0393803 0.0563542 0.286 586.75 1
0.0367029 0.0610013 0.2845 626.375 1
0.034172 0.0661411 0.284 738 1
0.0365269 0.0648139 0.286333 644.333 1
0.034172 0.0667581 0.284 740 1
0.0356296 0.068424 0.2858 686.6 1
0.0362944 0.0713067 0.285333 622.333 1
0.0443006 -0.00855037 0.288 577.786 1
0.0447355 -0.00520568 0.2885 545.917 1
0.0442218 -0.00162275 0.288778 564.667 1
0.0449681 0.000436219 0.29 525.5 1
0.0416129 0.0130554 0.289 634.8 1
0.0426169 0.0124694 0.289 610 1
0.0415548 0.0149177 0.2886 626.2 1
0.0430264 0.0153237 0.288143 561.571 1
0.0415469 0.0273143 0.288833 602.333 1
0.0425677 0.0270897 0.288667 551.333 1
0.0411903 0.0300494 0.29 623.75 1
0.0397933 0.0475269 0.289 657.5 1
0.0380924 0.0514296 0.288 685 1
0.0387177 0.0514296 0.288 680.333 1
0.0381586 0.0537138 0.2885 681 1
0.0387849 0.0537138 0.2885 671.75 1
0.0381586 0.0612355 0.2885 609.75 1
0.0387849 0.0612355 0.2885 613 1
0.0371544 0.0655084 0.288 639.5 1
0.0372917 0.0685009 0.289333 650.111 1
0.0377921 0.0706951 0.288889 608.333 1
0.0393014 0.0703738 0.29 448.25 1
0.0438595 0.0102374 0.291 582 1
0.0434985 0.0124051 0.291 582.714 1
0.0438595 0.014347 0.291 547.25 1
0.0438595 0.0276241 0.291 457 1
0.0413323 0.0288885 0.291 618.25 1
0.0433319 0.0299104 0.2917 504.65 1
0.0432433 0.0324581 0.29325 531.25 1
0.0408669 0.0406627 0.293636 625.273 1
0.0420776 0.0403646 0.294 584.6 1
0.0407027 0.0437882 0.293294 623.471 1
0.0426247 0.0431022 0.294 552 1
0.0404545 0.0461955 0.2915 644.25 1
0.0403441 0.0504127 0.293 657.9 1
0.0404031 0.0543088 0.293429 642.929 1
0.0402982 0.0581993 0.292667 568.333 1
0.0390718 0.0640993 0.293 641.75 1
0.0380154 0.0682455 0.291 639 1
0.039428 0.0686197 0.293286 629.214 1
0.0434742 0.0201277 0.297 593.833 1
0.0434742 0.0214182 0.297 587 1
0.0417212 0.0374237 0.296 628.333 1
0.0423638 0.0374237 0.296 606.333 1
0.0417212 0.0387099 0.296 622 1
0.0431603 0.0403878 0.295455 540.364 1
0.0415802 0.044668 0.295 606.5 1
0.0429413 0.0441071 0.295 534.625 1
0.0416507 0.0479549 0.2955 640.25 1
0.0422922 0.0479549 0.2955 609.25 1
0.0417776 0.0509981 0.2964 631 1
0.0429423 0.0513424 0.296364 553.364 1
0.0417212 0.0541444 0.296 612 1
0.043026 0.0541694 0.296133 496.933 1
0.0417447 0.0577148 0.296167 555 1
0.0430667 0.0576141 0.296687 440.875 1
0.0409411 0.0614754 0.296556 536.111 1
0.0425069 0.0601348 0.297 485 1
0.0393384 0.0658187 0.295 635.5 1
0.0409138 0.0681975 0.296231 602 1
0.0428293 0.0682008 0.297 451.25 1
0.0436206 0.0473883 0.298 519.4 1
0.0436206 0.0499781 0.298 511.333 1
0.0431234 0.0612712 0.298714 432.786 1
0.0411152 0.0650013 0.2986 617.2 1
0.0428425 0.0646948 0.299625 531.438 1
0.0412322 0.0671771 0.298667 626 1
0.0429106 0.0671724 0.29925 527.5 1
