0.0133485 -0.0463292 0.212583 904.917 1
0.0148384 -0.0462655 0.213 800.583 1
0.0133256 -0.0446367 0.212222 1573 1
0.0153305 -0.0440347 0.213 1825.88 1
-0.0212393 -0.0458771 0.217 1057.5 1
-0.020297 -0.0458771 0.217 1031.33 1
-0.0151144 -0.0458771 0.217 914.333 1
-0.0220353 -0.0436255 0.217 3605.28 1
-0.0195191 -0.0436239 0.217 3633.74 1
-0.0157327 -0.043716 0.216891 3582.31 1
-0.0124115 -0.0442262 0.21585 3084.82 1
-0.00925688 -0.0441697 0.215 3021.66 1
0.0164779 -0.0426011 0.214 1972 1
0.018083 -0.0426857 0.214 909.111 1
-0.0221815 -0.0411625 0.217 3838.85 1
-0.0192605 -0.0413511 0.217 3840 1
-0.016253 -0.0412411 0.217 3840 1
0.016449 -0.0402816 0.2145 2311.63 1
0.018017 -0.0408175 0.214923 1109.15 1
0.0164322 -0.0371458 0.216455 2436.45 1
0.016634 -0.033238 0.216769 2015.35 1
0.0181009 -0.0331475 0.217 1181.75 1
0.0162164 -0.0302402 0.217 2353 1
0.0162164 -0.0272543 0.217 2183.33 1
-0.0353848 -0.0465114 0.22 1562.5 1
-0.0331627 -0.0462932 0.22 1941.43 1
-0.0295841 -0.0461624 0.219476 1863 1
-0.0261898 -0.046062 0.219 1720.29 1
-0.0239404 -0.0460885 0.218 1143 1
-0.0184973 -0.0460885 0.218 1017.4 1
-0.016604 -0.0460885 0.218 938.333 1
-0.0329966 -0.044002 0.22 3680.23 1
-0.0295239 -0.0436914 0.219041 3706.12 1
-0.0261541 -0.0436232 0.218694 3725.47 1
-0.0236822 -0.0439572 0.218 3479.91 1
-0.0181592 -0.0449721 0.218 3161 1
-0.0170773 -0.0453781 0.218 2462 1
-0.0389673 -0.0388636 0.22 3654 1
-0.0378925 -0.0389831 0.22 3694.25 1
-0.0323597 -0.0409747 0.22 3745.92 1
-0.0296033 -0.0403276 0.219274 3776.88 1
-0.0260883 -0.0401944 0.218143 3824.37 1
-0.0229659 -0.0397501 0.218 3838.59 1
-0.0205088 -0.0392208 0.218 3840 1
0.0182885 -0.0396054 0.219556 1189.78 1
-0.0389673 -0.0376687 0.22 3664.5 1
-0.0382508 -0.0376687 0.22 3683.67 1
-0.0318025 -0.0364737 0.22 3789.08 1
-0.0295596 -0.0368259 0.21963 3783.78 1
-0.026233 -0.0368419 0.219357 3833.21 1
-0.022858 -0.0367775 0.218964 3840 1
-0.020364 -0.0371961 0.218636 3758.18 1
0.0172377 -0.036379 0.218 1521.8 1
0.0183034 -0.0360435 0.22 1151.8 1
-0.0318024 -0.0345618 0.22 3773.75 1
-0.0294666 -0.0335767 0.22 3826.07 1
-0.0264492 -0.0331337 0.22 3839.93 1
-0.0232517 -0.0335559 0.219842 3840 1
0.0172377 -0.0333003 0.218 1443.5 1
0.0186533 -0.0329887 0.218556 1108.72 1
-0.0286977 -0.0304989 0.22 3833.6 1
-0.0262283 -0.0298496 0.22 3839.6 1
-0.0239429 -0.0299341 0.22 3840 1
0.016793 -0.0296961 0.218091 1809.68 1
0.0184448 -0.030017 0.219818 1140.27 1
-0.0259751 -0.0270575 0.22 3840 1
-0.0243988 -0.0269141 0.22 3840 1
0.0167816 -0.0261036 0.218667 1697.57 1
0.0176026 -0.025671 0.2196 1231.6 1
0.0168405 -0.0239542 0.2196 1606.8 1
0.0176347 -0.0238072 0.22 1213.67 1
-0.0462737 -0.0465297 0.224 2708.47 1
-0.0439335 -0.0471221 0.223351 1948.57 1
-0.0404153 -0.0464147 0.222 2571.31 1
-0.0370207 -0.0461982 0.221 2539.59 1
-0.0471185 -0.0436039 0.223787 3437.89 1
-0.0437264 -0.0439217 0.222727 3530.89 1
-0.0402855 -0.0437063 0.222 3612.1 1
-0.0366737 -0.0436375 0.221184 3665.37 1
-0.034586 -0.0431216 0.221 3683.2 1
-0.0468495 -0.0403782 0.223744 3542.79 1
-0.0437463 -0.0402589 0.222435 3590.28 1
-0.0404947 -0.040465 0.221478 3637 1
-0.0366122 -0.0403008 0.22102 3699.06 1
-0.0335954 -0.0398999 0.221 3754.52 1
0.0194668 -0.0396743 0.223667 1042.92 1
-0.0469022 -0.0367687 0.224 3596.51 1
-0.0437811 -0.0367571 0.223304 3612.48 1
-0.040456 -0.0366109 0.2215 3663.92 1
-0.0366858 -0.0366582 0.221317 3722.27 1
-0.0335673 -0.036909 0.221026 3769.47 1
0.0189186 -0.0368855 0.22175 1101.69 1
-0.0494025 -0.0332435 0.224 3570.5 1
-0.047214 -0.0332435 0.224 3625.98 1
-0.0437131 -0.0331681 0.2235 3652.05 1
-0.0401338 -0.0332596 0.22249 3692.71 1
-0.0366984 -0.0332117 0.222163 3755.71 1
-0.0332459 -0.0331643 0.221216 3804.82 1
-0.0306675 -0.0321581 0.221 3813.42 1
0.0193942 -0.031838 0.221 1034.25 1
-0.046765 -0.0307166 0.224 3621.38 1
-0.0435915 -0.0297801 0.223976 3696.2 1
-0.0402382 -0.0297128 0.223071 3722.91 1
-0.0368142 -0.0297358 0.222528 3770.83 1
-0.0332431 -0.0297618 0.221633 3808.39 1
-0.030099 -0.0294437 0.221 3836.19 1
-0.0278685 -0.028717 0.221 3840 1
0.019482 -0.0300527 0.222 1060.25 1
-0.0428369 -0.0261867 0.224 3716.38 1
-0.0402963 -0.0261144 0.223388 3709.45 1
-0.0367056 -0.0261272 0.222538 3785.04 1
-0.0332913 -0.0261896 0.221964 3835.66 1
-0.0298678 -0.0261439 0.221589 3838.95 1
-0.0273328 -0.0258538 0.221158 3840 1
0.0185597 -0.0272188 0.2225 1130.62 1
-0.0426424 -0.023948 0.224 3689.8 1
-0.0402678 -0.0228401 0.223956 3725.84 1
-0.03678 -0.0226426 0.222653 3785.76 1
-0.0332158 -0.0225415 0.222212 3835.62 1
-0.0299913 -0.0228588 0.222231 3840 1
-0.0273693 -0.0235507 0.221813 3840 1
0.016857 -0.0211614 0.222333 1594.33 1
0.0178751 -0.0212248 0.223 1175 1
-0.0399797 -0.0197079 0.224 3721.53 1
-0.0369216 -0.0193298 0.22351 3801.98 1
-0.0332012 -0.0192847 0.222982 3834.73 1
-0.0305282 -0.0192245 0.223522 3840 1
0.0167914 -0.0191556 0.221476 1565.05 1
0.0183092 -0.0191091 0.222684 1134.05 1
-0.0358545 -0.01621 0.224 3835.39 1
-0.0330569 -0.0158791 0.223917 3839.33 1
-0.0297598 -0.0156692 0.224 3840 1
-0.0273436 -0.0149585 0.224 3840 1
0.01681 -0.0158438 0.223 1515.55 1
0.0183871 -0.0166455 0.223333 1154.92 1
-0.0316512 -0.0132899 0.224 3840 1
-0.0294197 -0.0124311 0.224 3840 1
-0.0273436 -0.0125947 0.224 3670.21 1
0.0167145 -0.0122968 0.223667 1436.33 1
0.0147941 0.0154238 0.224 2084.38 1
-0.0527748 -0.0494708 0.227 191.5 1
-0.050741 -0.0494085 0.226714 195.571 1
-0.0569641 -0.0457719 0.227 3188 1
-0.0540336 -0.0467692 0.226742 2897.61 1
-0.050745 -0.0473208 0.226025 2321.52 1
-0.047774 -0.0472825 0.22508 2212.88 1
-0.0575409 -0.0437578 0.226857 3221.23 1
-0.0543946 -0.0435963 0.225535 3293.42 1
-0.0508443 -0.0439021 0.225 3421.9 1
-0.048646 -0.0453686 0.225 3422 1
0.0202483 -0.043393 0.226714 954.714 1
0.0213993 -0.0435525 0.227 858.083 1
-0.0575325 -0.0402569 0.226923 3295.59 1
-0.0542182 -0.040303 0.225843 3389.8 1
-0.0507986 -0.0402965 0.225037 3461.35 1
-0.048646 -0.0397469 0.225 3561.67 1
0.0201308 -0.0406823 0.225667 992.417 1
-0.0596747 -0.0376342 0.227 3261 1
-0.0576069 -0.0369588 0.227 3328.37 1
-0.054283 -0.0367479 0.226095 3418.95 1
-0.0508443 -0.0365694 0.225 3515.67 1
-0.048646 -0.0373027 0.225 3594.88 1
0.020142 -0.036664 0.225333 998.167 1
-0.0574569 -0.0334421 0.227 3341.36 1
-0.0541738 -0.033268 0.226261 3470 1
-0.0508205 -0.0331952 0.225 3524.17 1
0.0207223 -0.0324142 0.225 962 1
-0.0569641 -0.0314694 0.227 3363.25 1
-0.0536671 -0.0299933 0.2266 3461.4 1
-0.0506655 -0.029763 0.225286 3550.71 1
-0.0475876 -0.0293182 0.225 3631.39 1
-0.0451043 -0.0287479 0.225 3699.62 1
0.0200262 -0.0289071 0.225909 1032.82 1
0.0211218 -0.0284676 0.226667 942 1
-0.053419 -0.0261438 0.226733 3482.47 1
-0.0507085 -0.0262992 0.226082 3587.76 1
-0.0472822 -0.0263686 0.22566 3653.43 1
-0.04465 -0.026421 0.225 3664.84 1
0.0194422 -0.0269133 0.226 1063 1
-0.0530213 -0.0233317 0.227 3474.88 1
-0.0507372 -0.0227646 0.226908 3592.07 1
-0.0471793 -0.0227537 0.226161 3665.8 1
-0.0437519 -0.0226325 0.225071 3715 1
0.0188789 -0.0223864 0.225333 1119.12 1
-0.0506444 -0.0197283 0.227 3579.61 1
-0.0472558 -0.0191771 0.22683 3689.21 1
-0.0435583 -0.0192125 0.225345 3696.76 1
-0.0405856 -0.018022 0.225 3731.12 1
-0.0381431 -0.0175044 0.225 3812 1
0.0196451 -0.0196634 0.22525 1051.56 1
-0.0494891 -0.0155777 0.227 3591 1
-0.0473369 -0.0156819 0.226918 3672.51 1
-0.0437146 -0.0156196 0.22602 3707.82 1
-0.040141 -0.0155646 0.225245 3766.57 1
-0.0373108 -0.0152231 0.225 3813.48 1
-0.0335022 -0.0148158 0.225 3840 1
0.0178308 -0.0148476 0.2255 1194.5 1
-0.0493248 -0.0134679 0.227 3622.5 1
-0.0470445 -0.0124654 0.226947 3641 1
-0.0437624 -0.0121943 0.226265 3699.69 1
-0.0402222 -0.0121647 0.225694 3761.04 1
-0.0366775 -0.0121271 0.225 3809.43 1
-0.0333204 -0.0120751 0.225 3838.53 1
-0.0308968 -0.0114753 0.225 3840 1
0.0178703 -0.0134086 0.226 1174.5 1
-0.0461706 -0.00996627 0.227 3648.8 1
-0.0435635 -0.00919831 0.226939 3714.79 1
-0.0402878 -0.0087455 0.226061 3723.27 1
-0.0366844 -0.00870655 0.225041 3797.02 1
-0.0332813 -0.0087108 0.225163 3832.71 1
-0.0301399 -0.00846511 0.2258 3840 1
0.0179494 -0.0075496 0.227 1132 1
-0.0426713 -0.00656322 0.227 3712.25 1
-0.0403278 -0.00531347 0.226286 3723.92 1
-0.0368009 -0.00529968 0.225755 3818.24 1
-0.0333729 -0.00530171 0.225775 3835.37 1
-0.0297704 -0.00535476 0.225604 3839.28 1
-0.0274495 -0.00431457 0.225444 3840 1
0.0169636 -0.00557684 0.227 1283.75 1
-0.0403013 -0.00198432 0.226756 3715.13 1
-0.0368468 -0.00182379 0.22651 3771.61 1
-0.0332917 -0.00191841 0.225638 3818.94 1
-0.0298384 -0.00186136 0.225 3839.65 1
-0.0266095 -0.00164674 0.225 3840 1
-0.0242205 -0.000639245 0.225 3840 1
0.0159545 -0.00162747 0.226667 1882 1
-0.0357904 0.000701862 0.227 3782.77 1
-0.0332098 0.00153663 0.22675 3825.75 1
-0.029883 0.0015638 0.225327 3834.47 1
-0.0264189 0.00156056 0.225 3839.39 1
-0.0242205 0.00123466 0.225 3840 1
-0.0354018 0.00551996 0.227 3735.38 1
-0.033272 0.00530859 0.227 3801.9 1
-0.0297746 0.00528197 0.225933 3831.47 1
-0.0261573 0.00517897 0.225631 3839.93 1
-0.0241173 0.00481658 0.22575 3840 1
-0.0350322 0.00749272 0.227 3767 1
-0.0323751 0.00852199 0.227 3774.65 1
-0.0295425 0.00895275 0.226469 3825.84 1
-0.0261189 0.00897978 0.226375 3764.85 1
-0.0228297 0.00931891 0.226895 3840 1
-0.0318286 0.0111916 0.227 3820.25 1
-0.0294764 0.0122901 0.227 3819.18 1
-0.0261608 0.0124246 0.227 3837.57 1
-0.0227109 0.0124246 0.227 3840 1
0.0158371 0.0137817 0.225 1283.5 1
-0.0288715 0.0143974 0.227 3801.5 1
-0.0260513 0.015855 0.227 3836.11 1
-0.0227109 0.015877 0.227 3839.22 1
-0.0195238 0.0164524 0.227 3840 1
-0.0157522 0.0170454 0.226143 3840 1
0.0160544 0.016219 0.225923 1322.62 1
-0.0283787 0.0190827 0.227 3785.5 1
-0.0260951 0.0191978 0.227 3816.4 1
-0.0227109 0.0193293 0.227 3838.59 1
-0.0192085 0.0192663 0.227 3840 1
-0.0159076 0.0189654 0.226459 3840 1
-0.0131003 0.0208089 0.227 3134.75 1
0.015451 0.0185496 0.2265 1513.69 1
-0.0251751 0.0213021 0.227 3798.67 1
-0.0227109 0.0213021 0.227 3830.57 1
-0.0187681 0.0213021 0.227 3840 1
-0.0150224 0.022157 0.227 3840 1
-0.0125581 0.0224693 0.227 3840 1
-0.0103896 0.0240146 0.227 3840 1
0.0136995 0.0239088 0.226 3530.5 1
0.0146809 0.0239088 0.226 1907.5 1
-0.0155646 0.0272909 0.227 3840 1
-0.0121206 0.0263784 0.227 3840 1
-0.0103896 0.026234 0.227 3840 1
0.0136908 0.0261031 0.225857 3277.86 1
0.0144761 0.0260611 0.226273 2012.82 1
-0.0177824 0.0301795 0.227 3840 1
-0.015811 0.029606 0.227 3838.79 1
-0.0122953 0.0295548 0.227 3840 1
-0.00894543 0.0298928 0.227 3840 1
-0.00590465 0.0305247 0.227 3840 1
0.0137601 0.0282067 0.227 3065 1
0.014253 0.0282067 0.227 2147 1
-0.0177824 0.0316591 0.227 3840 1
-0.0167967 0.0316591 0.227 3816.67 1
-0.0113753 0.0331387 0.227 3840 1
-0.00891104 0.0331387 0.227 3839.9 1
-0.00549188 0.0331695 0.227 3839.85 1
-0.00306723 0.0336671 0.227 3840 1
0.0127696 0.0335266 0.225226 3463.45 1
0.0141723 0.0334392 0.225714 1796.43 1
-0.0113493 0.0364353 0.227 3835.32 1
-0.00891104 0.036591 0.227 3836.2 1
-0.00540059 0.0366729 0.226808 3840 1
-0.00217608 0.0372763 0.226714 3840 1
0.00132215 0.0377531 0.226692 3780.85 1
0.0120271 0.0368841 0.226 3682.79 1
0.0141902 0.0354478 0.226 1637 1
-0.0108824 0.0385638 0.227 3788 1
-0.00822534 0.039593 0.227 3836.78 1
-0.00545572 0.0402012 0.226314 3840 1
-0.00178293 0.0401704 0.22619 3840 1
0.00199963 0.0398689 0.226231 3840 1
0.00535794 0.040849 0.226 3840 1
0.0089255 0.0405131 0.225907 3840 1
0.0120022 0.0401742 0.22635 3628.27 1
-0.00550064 0.0438328 0.226588 3835.18 1
-0.00178871 0.0438291 0.226036 3837.33 1
0.00175 0.0442716 0.226 3840 1
0.00546698 0.0438605 0.226 3840 1
0.00855767 0.0438624 0.226098 3821.51 1
0.0118283 0.0434582 0.2268 3413.9 1
-0.00475395 0.0469694 0.227 3833.91 1
-0.00176298 0.0473409 0.226518 3836.7 1
0.00192667 0.0473019 0.226326 3837.57 1
0.00536348 0.0472847 0.226245 3840 1
0.00880864 0.0473094 0.226367 3840 1
0.0110494 0.0474412 0.227 3837 1
-0.00135399 0.05059 0.227 3831.44 1
0.00193169 0.0508935 0.227 3830.31 1
0.00537856 0.0508704 0.226898 3840 1
0.00881812 0.0508064 0.226612 3839.84 1
-3.97178e-05 0.0528663 0.227 3807 1
0.00237684 0.0539481 0.227 3818.03 1
0.00538103 0.0543411 0.22698 3832.43 1
0.00858867 0.0541845 0.226927 3833.32 1
0.00583659 0.05666 0.227 3831.92 1
0.00764876 0.0566145 0.227 3840 1
-0.0671691 -0.050089 0.23 691 1
-0.0647492 -0.0502122 0.229257 573.457 1
-0.0613018 -0.0502444 0.2294 561.514 1
-0.0586096 -0.050127 0.228867 389.2 1
-0.0543242 -0.0502582 0.228333 369 1
-0.0512747 -0.0506795 0.228 515.625 1
-0.0708252 -0.0463768 0.23 2899.5 1
-0.0681477 -0.0470551 0.229744 2784.08 1
-0.0648384 -0.0472476 0.22865 2643.2 1
-0.0614614 -0.0473071 0.228452 2697.1 1
-0.0579338 -0.0474821 0.228049 2531.41 1
-0.0549874 -0.0484504 0.228 1562.69 1
-0.071404 -0.0439691 0.23 2951.76 1
-0.0682355 -0.0437378 0.229265 2998.27 1
-0.0647043 -0.0437047 0.228771 3088.79 1
-0.0613897 -0.0438496 0.228189 3176.32 1
-0.0592941 -0.0440912 0.228 3218.7 1
0.0222193 -0.042631 0.228667 843.833 1
-0.07095 -0.0403803 0.23 2932 1
-0.0684413 -0.0403731 0.229959 2999.57 1
-0.0647573 -0.0402556 0.229286 3141.43 1
-0.061318 -0.040139 0.228415 3267.63 1
-0.0594426 -0.0402769 0.228 3281.67 1
0.0215205 -0.0400803 0.228286 908.357 1
-0.0708732 -0.0374974 0.23 2978.62 1
-0.0684235 -0.0368658 0.229898 3008.63 1
-0.0647959 -0.0366924 0.228956 3138.73 1
-0.0614227 -0.0365155 0.228 3203.84 1
-0.0594426 -0.0358186 0.228 3299.5 1
0.0208421 -0.0357269 0.229 985 1
0.0221629 -0.0370173 0.229071 871.214 1
-0.0673296 -0.0343838 0.23 3090.38 1
-0.0648059 -0.0334209 0.229804 3180.91 1
-0.0612852 -0.0331523 0.228405 3259.79 1
-0.0592776 -0.0327638 0.228 3292.33 1
0.0208421 -0.0342343 0.229 980 1
0.0214874 -0.0343966 0.22925 935.25 1
-0.0669551 -0.0296365 0.23 3136 1
-0.0648687 -0.0298281 0.229792 3219.08 1
-0.0612629 -0.0296574 0.228756 3318.76 1
-0.0579049 -0.0297129 0.228174 3346.96 1
-0.0555345 -0.0294962 0.228 3399.32 1
-0.064115 -0.0270443 0.23 3299.12 1
-0.061365 -0.0263451 0.229633 3317.49 1
-0.0579276 -0.0262567 0.228857 3392.95 1
-0.0554824 -0.026159 0.228 3430.48 1
0.0200527 -0.0258741 0.229273 1032.27 1
0.0213703 -0.0265582 0.229333 936.333 1
-0.0608283 -0.0233133 0.23 3303.69 1
-0.057887 -0.0227798 0.229426 3433.81 1
-0.0545611 -0.0225951 0.228 3511.89 1
0.0193088 -0.0238591 0.2285 1083.25 1
-0.0602137 -0.0208917 0.23 3380 1
-0.0577622 -0.0194714 0.229622 3388.02 1
-0.0541363 -0.0191734 0.228174 3462.39 1
-0.0507178 -0.0181093 0.228 3544.25 1
0.0200963 -0.0178156 0.229 1028 1
-0.0577898 -0.0157648 0.229733 3368.04 1
-0.0541678 -0.0158051 0.228714 3504.18 1
-0.051086 -0.0157903 0.228061 3576 1
0.0193341 -0.0155524 0.2294 1081.9 1
-0.0578689 -0.0124618 0.23 3350.65 1
-0.0543223 -0.0123613 0.229367 3467.04 1
-0.0507374 -0.0122007 0.228422 3584.84 1
-0.0482221 -0.0112155 0.228 3596.33 1
0.0170384 -0.0108027 0.228 1388.5 1
0.0184267 -0.0123664 0.229429 1135.14 1
-0.0575632 -0.00951368 0.23 3362.96 1
-0.0543447 -0.00900683 0.229933 3522.6 1
-0.0507106 -0.0088518 0.228796 3571.73 1
-0.0472602 -0.00860379 0.228 3634.78 1
-0.0445094 -0.0079131 0.228 3718.92 1
0.0170597 -0.00883078 0.228286 1344.79 1
0.0186129 -0.00927896 0.229778 1100.17 1
-0.053446 -0.00555849 0.23 3514.79 1
-0.0508318 -0.00538429 0.229347 3567 1
-0.0473119 -0.00538059 0.229184 3625.55 1
-0.0440054 -0.00522897 0.228263 3672.82 1
0.0170683 -0.00526622 0.2284 1265.8 1
0.0181866 -0.00540069 0.23 1114.36 1
-0.0529729 -0.00290214 0.23 3344.67 1
-0.0506425 -0.00232672 0.23 3511.91 1
-0.0473722 -0.0018986 0.229469 3611.22 1
-0.0438332 -0.00183252 0.228318 3662.95 1
-0.0416218 -0.000647769 0.228 3692 1
0.0170384 -0.00188618 0.228 1207.36 1
0.018611 -0.00178342 0.229539 1070.5 1
-0.049727 0.000845676 0.23 3515 1
-0.0473642 0.00156193 0.229583 3596.73 1
-0.0436893 0.00158528 0.228449 3668.67 1
-0.0401367 0.00158137 0.228 3696.27 1
-0.0369328 0.00189785 0.228 3739.69 1
-0.0346915 0.00232441 0.228 3805 1
0.0165173 0.00114139 0.229 1512.85 1
0.0181866 0.000345967 0.23 1072 1
-0.0468307 0.0038939 0.23 3625 1
-0.0437644 0.00497086 0.229422 3654.44 1
-0.0402315 0.00506159 0.228531 3708.57 1
-0.037152 0.00487408 0.228 3710.44 1
0.0161187 0.00581736 0.229 1481.62 1
-0.04333 0.00838439 0.23 3636.31 1
-0.0403608 0.00856425 0.229265 3681 1
-0.0367366 0.0086182 0.228208 3719.67 1
-0.0338157 0.00941191 0.228 3785.96 1
0.0161891 0.0073419 0.23 1450.25 1
-0.0427002 0.0113039 0.23 3656.57 1
-0.0404103 0.012032 0.229915 3661.19 1
-0.0369452 0.0120952 0.2295 3623.06 1
-0.0332895 0.0125044 0.228238 3762.67 1
-0.0309293 0.0136683 0.228 3749.4 1
-0.0361622 0.0150019 0.229895 2495.53 1
-0.0333372 0.0157181 0.228809 3034.77 1
-0.0298072 0.016079 0.228 3380.44 1
-0.0275136 0.0161946 0.228 3822.25 1
0.0171879 0.0153372 0.23 1167.25 1
-0.0354951 0.019085 0.23 1757.71 1
-0.0334842 0.0191102 0.229532 1977.17 1
-0.0298873 0.01946 0.228267 2995.04 1
-0.0270186 0.0209005 0.228 3815.5 1
-0.0205833 0.0209005 0.228 3840 1
-0.0166232 0.0209005 0.228 3840 1
0.0162145 0.0196468 0.228778 1327.94 1
-0.0354951 0.0210839 0.23 1540 1
-0.0329458 0.0224646 0.23 3144.95 1
-0.0297484 0.0226699 0.228923 3680.23 1
-0.0263665 0.0230017 0.228217 3772.2 1
-0.0228109 0.0231297 0.228 3820.38 1
-0.019402 0.0230509 0.228 3839.86 1
-0.0162674 0.023269 0.228 3840 1
-0.012663 0.0241204 0.228 3840 1
0.0154663 0.0222127 0.229857 1507.86 1
-0.0319996 0.0248317 0.23 3684.17 1
-0.0292972 0.0250816 0.23 3739.18 1
-0.0261309 0.0263482 0.229342 3761.13 1
-0.0228302 0.0263714 0.228184 3813.96 1
-0.0193458 0.0263495 0.228 3838.92 1
-0.0159796 0.025925 0.228 3840 1
-0.013653 0.0256065 0.228 3840 1
0.0154889 0.0268852 0.228875 1321.56 1
-0.0282544 0.0303285 0.23 3711.5 1
-0.0261985 0.0296768 0.229476 3746.29 1
-0.0228917 0.0299207 0.228796 3769.02 1
-0.0195145 0.0297608 0.228 3829.09 1
-0.0158806 0.030395 0.228 3837.33 1
-0.013158 0.0313032 0.228 3840 1
0.0138511 0.0301323 0.2285 2954.67 1
0.0155855 0.0296233 0.229088 1322.85 1
-0.0282544 0.032827 0.23 3704.25 1
-0.0261763 0.0332099 0.229953 3736.19 1
-0.0227412 0.033264 0.229071 3754.86 1
-0.0193842 0.0333282 0.228083 3822.85 1
-0.015816 0.0333815 0.228 3831.04 1
-0.013158 0.0332846 0.228 3840 1
0.0138814 0.031938 0.229 2816 1
0.0143785 0.031938 0.229 1912 1
-0.0254624 0.0357117 0.23 3711.91 1
-0.0227394 0.0366569 0.229838 3740 1
-0.0194201 0.0367957 0.22887 3804.76 1
-0.0159173 0.0368355 0.22851 3818.35 1
-0.013059 0.0368513 0.228 3831.17 1
0.0138612 0.0378525 0.228667 2241.67 1
0.0143576 0.0378525 0.228667 1553.33 1
-0.0221371 0.039698 0.23 3744.34 1
-0.0190314 0.0402545 0.229907 3797.53 1
-0.0157332 0.0403374 0.228861 3764.6 1
-0.012456 0.040281 0.228167 3817.33 1
-0.00955956 0.0406198 0.228 3833.27 1
0.0138554 0.0403211 0.228571 2048.57 1
0.0147637 0.0402285 0.2288 1280.93 1
-0.0186112 0.0434898 0.23 3740 1
-0.0157483 0.0437581 0.229667 3773.92 1
-0.0124679 0.0438713 0.228959 3821.1 1
-0.0089567 0.0437151 0.228143 3816.45 1
0.0128075 0.043926 0.229143 3087.82 1
0.0144204 0.0437586 0.229667 1328.5 1
-0.0181326 0.0461846 0.23 3773.38 1
-0.0155205 0.0470687 0.23 3759.87 1
-0.0121363 0.0472977 0.229805 3808.05 1
-0.0087763 0.0472226 0.228952 3820.26 1
-0.00622767 0.0477492 0.228 3827.2 1
0.0126671 0.0472152 0.2295 3275.43 1
-0.0147715 0.0493175 0.23 3738.25 1
-0.0117561 0.0499325 0.23 3762.73 1
-0.00860495 0.0508065 0.229545 3775.3 1
-0.00516271 0.0506586 0.22816 3818.88 1
-0.00276252 0.0518608 0.228 3808.25 1
0.0121848 0.0506262 0.229026 3309.68 1
-0.00834225 0.0540006 0.229895 3772.92 1
-0.0049553 0.0541474 0.228955 3781.16 1
-0.00159084 0.0542146 0.228298 3820.09 1
0.00106439 0.0549663 0.228 3814.69 1
0.0101081 0.0550806 0.228 3815.67 1
0.0114891 0.053985 0.228952 3719.38 1
-0.00745938 0.0564204 0.23 3768.57 1
-0.00475898 0.0571921 0.229935 3765.71 1
-0.0014675 0.0577113 0.229133 3776.67 1
0.00188883 0.0576916 0.228277 3780.6 1
0.00520052 0.0582065 0.228 3809.79 1
0.00905989 0.0578456 0.228158 3803.05 1
0.0113044 0.0571048 0.229667 3759.25 1
-0.00378548 0.0603111 0.23 3742.25 1
-0.00153815 0.0609809 0.229833 3750.19 1
0.00197924 0.0612563 0.228979 3738.35 1
0.00541547 0.0611469 0.228449 3775.63 1
0.00883494 0.0610499 0.228696 3749.89 1
0.0109458 0.0608107 0.23 3728.83 1
-0.000339861 0.0633592 0.23 3700.6 1
0.00201064 0.0641843 0.229852 3717.85 1
0.00544343 0.0647025 0.229619 3712.71 1
0.0086296 0.0645061 0.229706 3770.74 1
0.00601206 0.0674968 0.23 3698.32 1
0.00800508 0.0675846 0.23 3731.72 1
-0.0840165 -0.0490066 0.233 126 1
-0.0821477 -0.0499407 0.23396 1288.12 1
-0.0788953 -0.0504478 0.233097 927.613 1
-0.075115 -0.050281 0.231868 854.947 1
-0.0717148 -0.0506655 0.232476 799.429 1
-0.0687496 -0.0506532 0.2315 686 1
-0.0840165 -0.047488 0.233 309.6 1
-0.0822105 -0.0473344 0.233139 2197.44 1
-0.0788302 -0.0471218 0.232135 2690.89 1
-0.0752708 -0.0470803 0.231 2670.22 1
-0.072205 -0.0475607 0.231129 2665.55 1
-0.0695032 -0.048335 0.231 2553.5 1
0.0227794 -0.0455747 0.231 663.5 1
-0.0818834 -0.0438847 0.232686 2282.34 1
-0.0786504 -0.0437243 0.232 2766.19 1
-0.0751978 -0.0436799 0.231419 2827.93 1
-0.0729911 -0.0431109 0.231 2915.45 1
0.0231543 -0.0434374 0.231857 770.5 1
0.0251075 -0.0420994 0.234 701.5 1
-0.082108 -0.0401772 0.233628 2164.98 1
-0.0788687 -0.0403331 0.232857 2729.94 1
-0.0752205 -0.0402059 0.232191 2869.96 1
-0.0726064 -0.0402108 0.231 2955.25 1
0.0232829 -0.0401782 0.231714 794.393 1
0.0250217 -0.0404363 0.2332 699.6 1
-0.0815828 -0.0371171 0.234 2419.5 1
-0.0788203 -0.036852 0.23345 2718.38 1
-0.0751934 -0.036748 0.232306 2807.67 1
-0.0719337 -0.0361548 0.231 2959 1
-0.0692524 -0.0350352 0.231 2980.67 1
0.0228567 -0.0371018 0.23175 838.562 1
-0.0808843 -0.0336473 0.234 2605.25 1
-0.0788279 -0.0333648 0.233357 2750.6 1
-0.0750996 -0.0331737 0.23202 2859.02 1
-0.0715858 -0.0331319 0.231958 2981.21 1
-0.0682548 -0.0328283 0.231114 3068.8 1
0.0218949 -0.0327546 0.231857 919.071 1
-0.0781893 -0.0302468 0.233917 2770.92 1
-0.0752817 -0.0298397 0.233114 2812.91 1
-0.0717136 -0.0297019 0.232469 2963.18 1
-0.0683998 -0.0294141 0.231 3051.17 1
0.0222522 -0.0305873 0.232 894.5 1
-0.0777443 -0.0260566 0.234 2826.78 1
-0.0753395 -0.026295 0.233911 2861.51 1
-0.0716843 -0.0262252 0.232696 3002.61 1
-0.0681362 -0.0260328 0.231605 3099.86 1
-0.0653558 -0.0260978 0.231 3201.88 1
0.0219436 -0.0261686 0.231 898.167 1
-0.0776878 -0.0234581 0.234 2795.17 1
-0.0751975 -0.0228214 0.233929 2832.05 1
-0.0716463 -0.0227201 0.232689 2979.62 1
-0.0681753 -0.0225631 0.232 3070.73 1
-0.0646404 -0.0229682 0.231 3221.07 1
-0.0621055 -0.0222999 0.231 3263.62 1
0.0213363 -0.0240623 0.231667 955.5 1
-0.0742161 -0.0197298 0.234 2896.31 1
-0.0717411 -0.0191702 0.233381 2978.12 1
-0.068144 -0.0190845 0.232347 3050.49 1
-0.0646051 -0.0193229 0.231261 3158.07 1
-0.0614427 -0.0193454 0.231 3331.48 1
-0.0592217 -0.0182221 0.231 3414.5 1
-0.0714629 -0.01575 0.2338 2986.13 1
-0.0683226 -0.0155927 0.232959 3086.69 1
-0.0646962 -0.0155715 0.232174 3236.59 1
-0.0613996 -0.0160121 0.231045 3308.98 1
-0.0592217 -0.0172184 0.231 3389.5 1
0.0203596 -0.0155287 0.232 1019.5 1
0.0213854 -0.0150368 0.2322 941 1
-0.0705872 -0.0126485 0.234 2985.29 1
-0.0683145 -0.0121354 0.233903 3036.85 1
-0.0647879 -0.0121372 0.232739 3185.85 1
-0.0611655 -0.012345 0.231324 3311.11 1
0.0198637 -0.0121143 0.231545 1045.14 1
0.0217218 -0.0123269 0.232714 914.643 1
-0.0676991 -0.00854501 0.234 3098 1
-0.0645668 -0.00887189 0.232591 3159.86 1
-0.0611102 -0.00895586 0.2315 3288.71 1
-0.0579957 -0.00790569 0.231 3363.28 1
-0.0557109 -0.00768263 0.231 3487.5 1
0.0199713 -0.0091594 0.231875 1005.19 1
-0.0669002 -0.00620637 0.234 3054.4 1
-0.0645007 -0.0054809 0.233487 3105.36 1
-0.0613201 -0.00549273 0.232415 3232.34 1
-0.0578654 -0.00543638 0.231592 3389.04 1
-0.0551318 -0.00529574 0.23113 3462.65 1
0.0197145 -0.00556576 0.2327 1018.9 1
-0.0640382 -0.00230864 0.234 3149.23 1
-0.0611589 -0.00189358 0.233488 3225.88 1
-0.0577915 -0.00195544 0.23214 3329.51 1
-0.0544205 -0.00177228 0.231163 3379.79 1
-0.051615 -0.00099088 0.231 3491.75 1
0.0202655 -0.00260004 0.232833 992.833 1
-0.0632931 0.00162298 0.234 3169.36 1
-0.0611751 0.00162067 0.233667 3231.86 1
-0.0577732 0.00164823 0.232395 3285.77 1
-0.0543518 0.00157687 0.23175 3397.15 1
-0.0511254 0.00181727 0.231 3470.4 1
0.0167403 0.00281207 0.2314 1368.2 1
0.018539 0.00179528 0.233118 1067.82 1
-0.0632931 0.00365658 0.234 3101 1
-0.0611654 0.00478362 0.233938 3217.66 1
-0.0578031 0.00516888 0.233367 3272.27 1
-0.0542567 0.00514496 0.232286 3382.67 1
-0.0508573 0.00513294 0.231735 3509.86 1
-0.0474992 0.00554991 0.231235 3584.18 1
-0.0451786 0.00637005 0.231 3614.5 1
0.0168428 0.00470407 0.233462 1337.85 1
0.0179017 0.00484111 0.233889 1088.11 1
-0.0576295 0.00866112 0.2339 3241.7 1
-0.0542224 0.0087128 0.233224 3339.06 1
-0.0506979 0.00875801 0.233021 3519.4 1
-0.0471731 0.00860094 0.231773 3592.89 1
-0.0448314 0.0090918 0.231 3619.85 1
0.0166626 0.0089745 0.232294 1281.76 1
0.0176433 0.00869534 0.232714 1089.43 1
-0.0570949 0.0118418 0.234 3238.6 1
-0.0544022 0.0122994 0.234 3318.96 1
-0.0506966 0.0122634 0.233306 3464.31 1
-0.0471578 0.0121996 0.232095 3557.31 1
-0.0440476 0.0123647 0.231108 3621.86 1
0.0168274 0.0110135 0.2326 1226.6 1
0.017665 0.0112344 0.233 1072.33 1
-0.053685 0.0151405 0.234 3332.59 1
-0.0507236 0.0158194 0.233429 3431.73 1
-0.0471619 0.015731 0.232119 3439.62 1
-0.0437252 0.0156735 0.231265 2438.47 1
-0.0401706 0.0156579 0.231041 2795.47 1
-0.0373721 0.0161349 0.231 1850.96 1
0.018657 0.0164046 0.23275 887.875 1
-0.050399 0.0192389 0.233889 3447.61 1
-0.0471866 0.0192937 0.233488 3060.53 1
-0.0437607 0.019225 0.232364 1949.48 1
-0.0401889 0.0191803 0.231143 2384.69 1
-0.0371541 0.019168 0.231 1963.66 1
0.0172327 0.020688 0.234 1078.5 1
0.0184594 0.0195165 0.233 749.214 1
-0.0499144 0.0222979 0.234 3414 1
-0.0465783 0.0230266 0.234 3467.95 1
-0.0436863 0.0228755 0.233095 3473.36 1
-0.0402334 0.0227041 0.231766 2757.4 1
-0.0367267 0.0227585 0.231128 2289.64 1
-0.0343957 0.023434 0.231 3585.88 1
0.0166461 0.0230825 0.232059 1156.53 1
0.0181017 0.0230532 0.2334 944.067 1
-0.0498661 0.0257357 0.234 3409.21 1
-0.0472895 0.0260262 0.234 3435.61 1
-0.0436947 0.026204 0.233667 3524.33 1
-0.0401977 0.0263813 0.232643 3593.07 1
-0.0367608 0.0262714 0.231673 3648.29 1
-0.0332818 0.0263695 0.231 3671.56 1
-0.0297928 0.0267934 0.231 3725.42 1
0.0166461 0.026016 0.232059 1114.94 1
0.0179559 0.0257922 0.233182 912.273 1
-0.0461464 0.0285682 0.234 3457.62 1
-0.0435677 0.0295324 0.233976 3434.17 1
-0.0402187 0.0298617 0.233103 3573 1
-0.0368247 0.0298469 0.232082 3635.69 1
-0.0332133 0.0297703 0.23149 3663.98 1
-0.0298757 0.0295607 0.231 3708.37 1
0.0170118 0.0292057 0.231 938 1
0.0181785 0.0291052 0.2318 618.6 1
-0.0426155 0.0322795 0.234 3417 1
-0.0402985 0.0332324 0.233795 3498.08 1
-0.0367258 0.0331895 0.232286 3606.52 1
-0.0331835 0.0332631 0.231286 3653.51 1
-0.0300377 0.0333021 0.231 3678.92 1
0.0157395 0.032942 0.2322 1168.3 1
-0.0389067 0.0354315 0.234 3588 1
-0.036824 0.0366779 0.23335 3562 1
-0.0333338 0.036695 0.232333 3609.1 1
-0.0296699 0.0367903 0.231542 3675.67 1
-0.0262787 0.0369848 0.231 3708 1
-0.0241141 0.0369848 0.231 3733.5 1
0.0142533 0.0369848 0.231 1972.25 1
-0.0365917 0.040221 0.233957 3584.67 1
-0.0331775 0.0402619 0.233809 3566.15 1
-0.0296605 0.0402603 0.232561 3617.15 1
-0.0261584 0.0403049 0.231327 3697.47 1
-0.0233176 0.0409556 0.231 3713.59 1
0.0160351 0.0403353 0.2321 1033.85 1
-0.0358915 0.0433338 0.234 3535.52 1
-0.0330641 0.0438201 0.234 3558.16 1
-0.0296791 0.0436997 0.23295 3650.25 1
-0.0261553 0.0438418 0.231766 3689.74 1
-0.0226095 0.0437602 0.231 3684.84 1
-0.0203527 0.0440112 0.231 3713.83 1
0.0160672 0.043837 0.232889 931.704 1
-0.0324193 0.0469487 0.234 3580.04 1
-0.0296967 0.0472735 0.233476 3615.55 1
-0.0263104 0.0472822 0.232467 3639.42 1
-0.0226934 0.0474497 0.231857 3679.43 1
-0.0194481 0.0476636 0.231333 3711.58 1
-0.0170926 0.0485281 0.231 3734 1
0.0149671 0.0474663 0.232667 1190.93 1
-0.031794 0.0494125 0.234 3647.5 1
-0.0294827 0.0505508 0.233933 3625.53 1
-0.0264254 0.0508441 0.233417 3633.12 1
-0.0228525 0.0510788 0.233476 3648.26 1
-0.0192265 0.05087 0.232524 3685.07 1
-0.0157016 0.0509056 0.231222 3707.47 1
-0.0123826 0.0515066 0.231 3782 1
0.0135011 0.0515394 0.231 2108 1
0.0151399 0.0500411 0.233 1114.33 1
-0.0264595 0.0532255 0.234 3621.64 1
-0.0224733 0.0538512 0.234 3631.69 1
-0.0192276 0.0542115 0.233356 3681.22 1
-0.0157175 0.0541201 0.232106 3706.74 1
-0.0120773 0.0542998 0.231 3724.65 1
-0.00982035 0.0550525 0.231 3748.5 1
0.0130628 0.054421 0.231632 2691.42 1
0.0145375 0.0544313 0.233133 1182.53 1
-0.021633 0.0560217 0.234 3643 1
-0.0192296 0.057473 0.233558 3658.72 1
-0.01568 0.0576463 0.232347 3668 1
-0.0121316 0.0578182 0.232024 3672.45 1
-0.00869627 0.0579321 0.231263 3722.45 1
-0.00574539 0.0586912 0.231 3727.94 1
0.0127098 0.0580709 0.232111 2843.3 1
0.014434 0.0572953 0.233545 1143.36 1
-0.0187186 0.0608025 0.233962 3620.5 1
-0.0157733 0.0612924 0.233738 3639.98 1
-0.0121334 0.0613092 0.233085 3654.4 1
-0.00866977 0.0611754 0.231956 3669.41 1
-0.00524055 0.0613657 0.231 3694.89 1
-0.00229733 0.0628317 0.231 3735.25 1
0.0104918 0.0628317 0.231 3721 1
0.0125471 0.0613061 0.232424 2826.36 1
0.0141541 0.0612304 0.2335 1180.5 1
-0.0178227 0.0631393 0.234 3602 1
-0.0152011 0.0641561 0.234 3615.12 1
-0.0122452 0.0648116 0.233756 3634.71 1
-0.00862831 0.0647932 0.232633 3638.96 1
-0.00514584 0.0647576 0.232022 3648.69 1
-0.00166695 0.0648493 0.231316 3654.97 1
0.00177765 0.0659685 0.231 3697.75 1
0.0101575 0.0651181 0.231 3711.67 1
0.0120188 0.0646548 0.232594 3108.5 1
0.0141844 0.0631393 0.234 1114 1
-0.0119609 0.0679227 0.233889 3473.39 1
-0.00861089 0.0684187 0.233042 3528.52 1
-0.00509686 0.0683899 0.232837 3572.73 1
-0.00155169 0.068174 0.231857 3613.2 1
0.00196573 0.0683524 0.231 3638.98 1
0.00489135 0.068938 0.231 3642.21 1
0.00921903 0.0686307 0.231091 3720.05 1
0.0116729 0.0684455 0.232833 3192.78 1
-0.01071 0.0710195 0.234 3440.75 1
-0.00858253 0.0717663 0.23345 3439.38 1
-0.00510022 0.0717359 0.233024 3514.19 1
-0.00153244 0.0716936 0.232174 3510.33 1
0.00196866 0.0717342 0.231381 3536.52 1
0.00552983 0.0718015 0.231 3591.62 1
0.00875499 0.0717542 0.23145 3616.27 1
0.011581 0.0716433 0.233429 3139.36 1
-0.00791571 0.0746066 0.234 3313.83 1
-0.00508416 0.0752165 0.233708 3364.52 1
-0.0016154 0.0751113 0.23275 3401.36 1
0.00204021 0.0751238 0.232065 3397.46 1
0.00548354 0.0753545 0.231367 3516.41 1
0.00878953 0.0752347 0.232361 3588.19 1
0.0111245 0.0747534 0.23375 3367.38 1
-0.00441581 0.0781088 0.234 3270.28 1
-0.00156292 0.0787289 0.23349 3251.33 1
0.00196783 0.0786768 0.232702 3285.26 1
0.00531609 0.0786833 0.231537 3289.9 1
0.0087379 0.0787305 0.232977 3415.35 1
-0.000958709 0.0822945 0.234 3137.13 1
0.00170189 0.0823251 0.233512 3136.02 1
0.00501401 0.0823106 0.232857 3137.31 1
0.00819303 0.0821816 0.233333 3234.83 1
-4.09426e-05 0.0847463 0.234 3035 1
0.00173723 0.0847463 0.234 3071.17 1
0.00546944 0.085372 0.234 3073.12 1
0.00781073 0.0855782 0.234 3110.14 1
0.00600484 0.0890677 0.234 2234.45 1
0.00777334 0.0895519 0.234 2160.71 1
0.024143 -0.0457286 0.237 712 1
0.0251721 -0.0457286 0.237 644 1
0.0240751 -0.0445738 0.236333 754.667 1
0.0254473 -0.0441829 0.236176 684.118 1
-0.083054 -0.0362035 0.235 1824.75 1
0.0241943 -0.0369183 0.235 754.5 1
-0.0840735 -0.032717 0.236 1066.2 1
-0.0825141 -0.0331075 0.23525 2174 1
0.0231739 -0.0323231 0.235 834.375 1
-0.0840735 -0.0296406 0.236 994 1
-0.0822144 -0.0296157 0.23581 2324.83 1
-0.079508 -0.0293235 0.235 2732.56 1
0.0232226 -0.0296136 0.235778 857.222 1
-0.0841753 -0.0260845 0.236286 908.143 1
-0.0822886 -0.0260542 0.236024 2335.57 1
-0.0794654 -0.0266643 0.235 2730 1
0.0226637 -0.0279833 0.235 864 1
-0.0840735 -0.0227185 0.236 813.5 1
-0.0822419 -0.0227083 0.235889 2263.58 1
-0.0790775 -0.0225425 0.235 2711.22 1
-0.0765742 -0.0216011 0.235 2749 1
-0.0842668 -0.0191176 0.236222 654.111 1
-0.082231 -0.0193726 0.235857 2235.64 1
-0.0787391 -0.0193325 0.235367 2720.96 1
-0.0757696 -0.0189893 0.235 2842.96 1
-0.0846871 -0.0163783 0.237 478.3 1
-0.0822944 -0.0160454 0.236895 2262.97 1
-0.0788656 -0.0158743 0.236156 2725.53 1
-0.0751562 -0.0157134 0.23525 2838.65 1
-0.0730027 -0.0154742 0.235 3024 1
-0.0808278 -0.0135462 0.237 2601 1
-0.0787909 -0.0123188 0.236811 2727.05 1
-0.0752472 -0.0121879 0.235633 2851.02 1
-0.0721573 -0.0118836 0.235036 2947.54 1
-0.0699413 -0.0106238 0.235 2982 1
0.0227601 -0.0129763 0.236 840.75 1
-0.0808278 -0.00891202 0.237 2576 1
-0.0787819 -0.00866017 0.236784 2699.89 1
-0.0753629 -0.00861804 0.236 2818.71 1
-0.0719823 -0.00861196 0.235833 2928.67 1
-0.0695586 -0.00839006 0.235 3010.62 1
0.0207106 -0.00784892 0.236 957 1
0.0218275 -0.00788218 0.237 915.5 1
-0.0781037 -0.00556505 0.237 2762.12 1
-0.075351 -0.00521518 0.236191 2798.55 1
-0.0718063 -0.00525326 0.235976 2932.59 1
-0.0684088 -0.00515397 0.235156 3027.44 1
-0.0663698 -0.00449695 0.235 3070 1
0.020541 -0.00582251 0.237 990.5 1
0.0210556 -0.00582251 0.237 951 1
-0.0772259 -0.00273301 0.237 2765.5 1
-0.0750086 -0.00184008 0.236872 2833.1 1
-0.0718554 -0.00202545 0.236711 2923.31 1
-0.0683022 -0.00194822 0.2355 3010.88 1
-0.0656716 -0.0013529 0.235 3087.95 1
0.020541 -0.000673339 0.237 978 1
0.0210556 -0.000673339 0.237 932.5 1
-0.0743562 0.00152496 0.237 2855.04 1
-0.0717518 0.00164162 0.236762 2927.93 1
-0.0682604 0.00163177 0.235357 3038.02 1
-0.0653493 0.00162992 0.235 3091.51 1
0.0198422 0.00185444 0.236333 985.917 1
0.0210556 0.000356496 0.237 923.5 1
-0.0738812 0.00370346 0.237 2889 1
-0.0714888 0.00486705 0.2368 2926.67 1
-0.0682208 0.00528879 0.235761 2991.57 1
-0.0648336 0.00521121 0.235279 3071.88 1
-0.0617778 0.00648036 0.235 3178.2 1
0.0187741 0.00521503 0.235571 1031.93 1
-0.0704631 0.00767568 0.237 2876.57 1
-0.0680829 0.00871377 0.236895 2963.11 1
-0.0647625 0.00888356 0.236341 3097.66 1
-0.0612184 0.00873906 0.235477 3137.48 1
-0.0589716 0.0103096 0.235 3181.5 1
0.0186768 0.00892182 0.2362 1021.8 1
-0.0671919 0.0111698 0.237 3009.5 1
-0.0646292 0.0121259 0.236718 3058.1 1
-0.0611807 0.0123863 0.235643 3175.29 1
-0.0585078 0.0127697 0.235 3246.09 1
0.0173064 0.0131178 0.235 1116.5 1
0.0188288 0.0124235 0.235615 1008.92 1
-0.064072 0.0153938 0.236958 3071.33 1
-0.0613018 0.0157451 0.236111 3141.86 1
-0.0576903 0.0158973 0.235065 3214.41 1
-0.0547525 0.0163383 0.235 3298.54 1
0.01738 0.0147118 0.236 1150 1
0.0185389 0.0155572 0.2364 999.8 1
-0.0636889 0.0186757 0.237 3001.62 1
-0.0614156 0.0191152 0.236548 3083.45 1
-0.0579998 0.019245 0.236 3203.91 1
-0.0542465 0.0192884 0.235524 3291.21 1
-0.0518285 0.0202658 0.235 3386.75 1
0.0193823 0.0193541 0.235857 665.857 1
-0.0608356 0.0224828 0.237 3136.59 1
-0.05778 0.0226957 0.236381 3192.38 1
-0.054253 0.0226155 0.235551 3276.18 1
-0.0506872 0.0227112 0.235 3397.92 1
-0.0478998 0.0223081 0.235 3421 1
0.0193259 0.0217915 0.2366 703.4 1
-0.0599881 0.0248151 0.237 3137 1
-0.0576585 0.0262603 0.236675 3175.5 1
-0.0541637 0.0261333 0.235447 3229.83 1
-0.0511725 0.0262833 0.235 3334.54 1
0.0192547 0.0255874 0.237 860.375 1
-0.0564375 0.0292948 0.237 3164.6 1
-0.0541616 0.0297223 0.236684 3225.76 1
-0.0505827 0.0295341 0.235659 3328.44 1
-0.0474648 0.0299632 0.235088 3434.24 1
-0.0450863 0.030222 0.235 3419.29 1
0.0173064 0.0312431 0.235 815 1
0.0178166 0.0312431 0.235 594 1
-0.0561288 0.031509 0.237 3179 1
-0.0537618 0.0318866 0.237 3264.93 1
-0.0505164 0.0327906 0.236844 3320.12 1
-0.0472507 0.0333993 0.235628 3355.65 1
-0.0441407 0.033451 0.235 3408.32 1
-0.0418792 0.0345618 0.235 3517 1
0.0170444 0.0337282 0.2356 895.2 1
0.0178924 0.0331725 0.236 641.333 1
-0.0498254 0.0356283 0.237 3348 1
-0.047213 0.0367035 0.236763 3369.37 1
-0.0437473 0.0368064 0.235947 3450.5 1
-0.0403405 0.0368499 0.2351 3493.48 1
0.0162005 0.0367565 0.236034 1071.66 1
0.0179682 0.0356283 0.237 701 1
-0.0462235 0.0400695 0.237 3304.12 1
-0.0437092 0.0401974 0.236612 3394.39 1
-0.0402195 0.0402376 0.235615 3499.51 1
-0.0380526 0.0419651 0.235 3519 1
0.0165845 0.0394718 0.2365 993.875 1
0.0179682 0.041035 0.237 848.5 1
-0.0465698 0.0437482 0.237 3304.73 1
-0.043772 0.0438597 0.236959 3349.59 1
-0.0403211 0.0437472 0.236146 3483.68 1
-0.037583 0.0441568 0.23525 3501.3 1
0.016456 0.043667 0.235 897 1
-0.0460948 0.0459267 0.237 3298 1
-0.0435506 0.0467277 0.237 3328.67 1
-0.0402367 0.0472154 0.236868 3445.97 1
-0.0367474 0.04711 0.235738 3538.81 1
-0.0340155 0.0478028 0.235111 3497.33 1
0.0170513 0.0457944 0.235 752.5 1
-0.0394627 0.0497599 0.237 3369.39 1
-0.0366587 0.0506377 0.236889 3498.36 1
-0.0332551 0.0507334 0.235525 3553 1
-0.0306543 0.0517936 0.235 3603.75 1
0.0150104 0.0521766 0.235 1040 1
-0.0350317 0.0528781 0.237 3514.5 1
-0.0329618 0.0540339 0.236655 3518.9 1
-0.0298346 0.0544695 0.235477 3545.27 1
-0.0260747 0.0550101 0.235107 3562.29 1
-0.0234262 0.0551549 0.235 3596.25 1
0.0156325 0.0543526 0.235571 895.571 1
-0.0324589 0.0569974 0.237 3479.83 1
-0.0297518 0.057695 0.236629 3486.86 1
-0.0261877 0.0578128 0.236119 3552.62 1
-0.0227513 0.057806 0.235053 3623.95 1
-0.020705 0.0590693 0.235 3614 1
0.0151062 0.0584203 0.2365 916.75 1
-0.0283424 0.0598295 0.237 3485 1
-0.026049 0.061291 0.236814 3505.35 1
-0.0228148 0.0613604 0.2361 3572.88 1
-0.0201195 0.0616515 0.235111 3601.44 1
0.0151382 0.0603444 0.237 907.333 1
-0.0257696 0.0639488 0.237 3452.69 1
-0.0224852 0.064585 0.236718 3480.38 1
-0.0192806 0.0647867 0.235417 3566.06 1
-0.0164347 0.0654292 0.235 3589 1
0.0135245 0.0654186 0.235143 1679 1
0.0142572 0.064997 0.2352 1070 1
-0.0220991 0.0682226 0.237 3432.13 1
-0.0192705 0.0680853 0.236167 3476.53 1
-0.0158978 0.0683533 0.235571 3466.36 1
-0.0133068 0.0691531 0.235 3455.25 1
0.0132376 0.0680693 0.235222 1911.33 1
0.0148539 0.0682234 0.236556 822.444 1
-0.0221209 0.0715789 0.237 3308.39 1
-0.0190803 0.0716726 0.237 3345.9 1
-0.015649 0.0719428 0.23645 3363.1 1
-0.0125216 0.0717994 0.235286 3378.26 1
-0.0102455 0.0728547 0.235 3455 1
0.0133344 0.0720281 0.235133 1452.2 1
0.0142624 0.0716669 0.235286 853.286 1
-0.02131 0.0739038 0.237 3249.33 1
-0.0187996 0.0743642 0.237 3208.5 1
-0.0157147 0.0752572 0.236667 3237.42 1
-0.0123262 0.0751329 0.235738 3330.64 1
-0.00929068 0.0756551 0.235042 3290.88 1
0.0127442 0.0753252 0.23516 1891.48 1
0.0143259 0.074551 0.236333 820.667 1
-0.0148351 0.0786883 0.237 3200.19 1
-0.0123572 0.078658 0.236327 3155.49 1
-0.00873082 0.0786005 0.235386 3188.11 1
-0.00571477 0.0792981 0.235 3167.36 1
0.0117939 0.0786131 0.235471 2579.24 1
-0.0147065 0.081456 0.237 3077.5 1
-0.0123476 0.0822136 0.236837 3081.3 1
-0.00878334 0.0821627 0.235979 3071.9 1
-0.00511439 0.0823049 0.235104 3079.44 1
-0.00270155 0.0827379 0.235 3124.29 1
0.00990818 0.0828109 0.235 3298.8 1
0.0115006 0.0822255 0.23625 2702.5 1
-0.012307 0.0854771 0.236955 2785.32 1
-0.00870829 0.0856849 0.236364 2887.84 1
-0.00519459 0.0858242 0.235674 3020.09 1
-0.00165739 0.0859649 0.235048 2992.19 1
0.00174465 0.0866402 0.235 2993.62 1
0.00435954 0.0867678 0.235 2989.25 1
0.00950422 0.0860645 0.2351 3084.75 1
0.0117088 0.0858026 0.236563 2238.78 1
-0.0118764 0.0878924 0.237 1157.7 1
-0.00875968 0.0883353 0.23675 1235.33 1
-0.00505382 0.0883799 0.236 1705.17 1
-0.00168789 0.0885512 0.235565 2068.7 1
0.00183833 0.0890327 0.235393 2047.57 1
0.00430919 0.0887765 0.235 2467.26 1
0.00930291 0.0890341 0.235167 2876.9 1
0.0114409 0.0891098 0.235733 1903.6 1
0.0265701 -0.0459216 0.238 573.5 1
0.0265701 -0.0454045 0.238 602 1
0.0235684 -0.0359889 0.239 825 1
0.0240272 -0.033672 0.241 820.5 1
0.0250737 -0.0326248 0.241 728 1
0.0230591 -0.0297953 0.24 890.333 1
0.0231459 -0.0267536 0.24 883.25 1
0.0221959 -0.021629 0.241 953.25 1
0.0221958 -0.0200582 0.241 953 1
-0.084786 -0.0146376 0.238 625 1
-0.0832358 -0.0146376 0.238 2200.5 1
-0.0842693 -0.0123107 0.238 1146.43 1
-0.0823171 -0.0121958 0.238 2368.09 1
-0.0842693 -0.00869107 0.238 1069.86 1
-0.0823171 -0.00866809 0.238 2332.11 1
0.0221958 -0.0072298 0.241 904 1
-0.0843113 -0.00479123 0.238444 1085.56 1
-0.0821953 -0.00512916 0.23817 2377.85 1
-0.0793368 -0.00453086 0.238 2726.68 1
0.0206277 -0.00481291 0.238 1000 1
0.0224348 -0.00545174 0.2399 883.05 1
-0.0844815 -0.00171849 0.239333 1178.17 1
-0.0822883 -0.00171755 0.239 2412.42 1
-0.0787918 -0.00160256 0.23821 2682.95 1
0.0219195 -0.00119327 0.238 872.875 1
-0.0848483 0.00185598 0.240765 1233.47 1
-0.0824301 0.00162612 0.239825 2409.73 1
-0.0787266 0.00162261 0.238521 2676.6 1
-0.0761307 0.00184464 0.238 2797.88 1
0.0206797 0.00217459 0.2386 941.4 1
0.021814 0.00218285 0.239667 873.467 1
-0.0847131 0.00452757 0.241 1418.36 1
-0.0822114 0.00525497 0.240825 2521.98 1
-0.0788145 0.00524433 0.239675 2689.3 1
-0.0754374 0.00535997 0.2385 2800.57 1
-0.072815 0.00621836 0.238 2832.25 1
0.0201255 0.00530237 0.2394 958.933 1
0.0216538 0.00406632 0.2402 862.2 1
-0.0810334 0.00855324 0.241 2599.29 1
-0.0786291 0.00872211 0.2405 2657.69 1
-0.0751336 0.00888349 0.239324 2753.14 1
-0.0719418 0.00905369 0.238243 2844.14 1
-0.0695423 0.0101827 0.238 2938.25 1
0.0199242 0.00880234 0.238583 958.917 1
0.0212925 0.00869044 0.239667 887.167 1
-0.0808839 0.0121437 0.241 2579.71 1
-0.0787372 0.0121359 0.240833 2642.71 1
-0.0752523 0.0122808 0.240093 2749.14 1
-0.0716553 0.0122221 0.238687 2823.94 1
-0.0685241 0.0124336 0.238 2980.94 1
-0.0661836 0.0132853 0.238 3022 1
0.0202096 0.0125988 0.238286 930.143 1
0.0215637 0.0133005 0.2392 758.4 1
-0.0785816 0.0149188 0.241 2594.7 1
-0.0751349 0.0156431 0.240636 2727.3 1
-0.071535 0.0157096 0.239476 2821.05 1
-0.0681088 0.0156398 0.238405 2921.86 1
-0.0657277 0.0159163 0.238 2998.35 1
0.0201681 0.0156562 0.238667 838.286 1
0.021761 0.0154213 0.239765 645.706 1
-0.0746049 0.0192124 0.241 2731.46 1
-0.0716089 0.019308 0.2399 2759.27 1
-0.0682988 0.019319 0.239071 2885.38 1
-0.0654059 0.0194746 0.238345 2946.38 1
-0.0743433 0.0214377 0.241 2723.38 1
-0.0718579 0.0226248 0.240765 2797.76 1
-0.0684853 0.0227568 0.239722 2909.42 1
-0.0646876 0.022714 0.238409 2979.43 1
-0.0620497 0.0240149 0.238 3075.5 1
0.0203274 0.0236185 0.240556 813 1
0.021411 0.0236631 0.241 739 1
-0.0705497 0.0252339 0.241 2773.62 1
-0.0680812 0.0261459 0.240487 2886.79 1
-0.0647388 0.0261584 0.23915 2970.35 1
-0.0613508 0.0262953 0.238059 3030.65 1
-0.0592076 0.0275052 0.238 3168 1
0.0201673 0.0256989 0.240429 823.429 1
0.021411 0.0247103 0.241 758 1
-0.0677789 0.0296846 0.241 2878.05 1
-0.0648272 0.0297807 0.239667 2946.52 1
-0.061423 0.0296455 0.238571 3029.4 1
-0.0583566 0.0298474 0.238 3121.53 1
-0.0674663 0.032527 0.241 2877.57 1
-0.0647373 0.033254 0.2403 2933.48 1
-0.0612947 0.033166 0.239441 2984.38 1
-0.0578054 0.0332455 0.238444 3139.42 1
-0.0543903 0.033689 0.238187 3222.56 1
-0.051715 0.0342274 0.238 3323 1
0.0190168 0.033802 0.2405 575.875 1
-0.0643092 0.0357985 0.241 2953 1
-0.0611786 0.0366098 0.240825 2985.18 1
-0.0576394 0.0366824 0.239487 3094.13 1
-0.0542674 0.0367079 0.239 3193.33 1
-0.0509635 0.0370376 0.238176 3282.68 1
-0.0483562 0.0383641 0.238 3273.5 1
0.0185224 0.0369185 0.239 694.318 1
-0.0603345 0.0401329 0.241 3005.27 1
-0.0575536 0.0402032 0.239714 3028.98 1
-0.0542674 0.0400831 0.239 3133.55 1
-0.0508347 0.0402465 0.23866 3247.23 1
-0.0478793 0.0405518 0.238 3226.42 1
0.0184634 0.0398978 0.239526 803.579 1
-0.0599249 0.0434438 0.241 2968.11 1
-0.0577419 0.0437322 0.2405 3037.83 1
-0.0543984 0.0438231 0.239571 3144.07 1
-0.0508426 0.0436903 0.238489 3214.09 1
-0.0483562 0.0437935 0.238 3249.92 1
0.0183008 0.0430146 0.24 836 1
-0.0568346 0.0464199 0.241 2992.92 1
-0.054089 0.04738 0.240333 3092.58 1
-0.0507016 0.047158 0.239125 3192.32 1
-0.0473596 0.0474257 0.238341 3236.56 1
-0.0440932 0.0483181 0.238 3271.42 1
-0.0418971 0.0487059 0.238 3396 1
0.0162354 0.0479303 0.238 885.25 1
-0.0539051 0.0508613 0.240857 3085.4 1
-0.0507648 0.0508936 0.240522 3168.74 1
-0.0471081 0.0508414 0.239528 3256.56 1
-0.0437316 0.0507112 0.238658 3298.11 1
-0.0406422 0.0511806 0.238 3365.32 1
-0.0380216 0.052067 0.238 3480.5 1
0.0154934 0.0515295 0.2385 1012.38 1
-0.0540114 0.0542193 0.241 3081.25 1
-0.0504919 0.0538578 0.241 3115.5 1
-0.04724 0.0542039 0.240378 3196.14 1
-0.0437022 0.0541917 0.239388 3276.84 1
-0.0401919 0.0542758 0.238611 3329.64 1
-0.0367593 0.0543528 0.238186 3439.37 1
-0.0343183 0.0552557 0.238 3484.22 1
0.0161989 0.0536354 0.24 869.917 1
-0.0471056 0.0576375 0.240921 3181.84 1
-0.043574 0.0576682 0.239658 3229.32 1
-0.0402569 0.057738 0.239 3297.45 1
-0.0368796 0.0577232 0.238522 3357.41 1
-0.0336707 0.0580549 0.238 3411.52 1
0.0164401 0.0592684 0.241 741.5 1
-0.0461315 0.0605338 0.241 3200 1
-0.0436613 0.0612735 0.240487 3169.15 1
-0.0403323 0.0612283 0.239444 3254.39 1
-0.0367711 0.0612094 0.238617 3354.87 1
-0.0331772 0.0612383 0.238469 3421.78 1
-0.029857 0.0612587 0.2383 3434.93 1
-0.0279453 0.0616332 0.238 3471.4 1
0.0159397 0.0609565 0.2398 801.1 1
-0.0430531 0.0642601 0.241 3157.67 1
-0.0402734 0.0646714 0.240643 3222.17 1
-0.0367573 0.0648953 0.239861 3241.78 1
-0.033305 0.0648527 0.239381 3355.98 1
-0.0298352 0.0646504 0.238639 3380.83 1
-0.0267587 0.0653869 0.238 3393.22 1
-0.0240697 0.0660285 0.238 3369.5 1
-0.0396713 0.0674257 0.241 3142.21 1
-0.0367021 0.0683702 0.240949 3170.85 1
-0.0331675 0.0682718 0.24 3243.74 1
-0.0296911 0.0681909 0.239043 3292.3 1
-0.0261763 0.0682746 0.23841 3370.18 1
-0.0238401 0.068183 0.238 3407.06 1
0.0146321 0.0684967 0.24 1037.33 1
-0.0357102 0.0708751 0.241 3128.67 1
-0.0331431 0.0717259 0.240529 3145.09 1
-0.0297238 0.0717487 0.239833 3193.95 1
-0.026237 0.0717132 0.238718 3259.56 1
-0.0240698 0.0717165 0.238 3300.25 1
-0.0322219 0.0741912 0.241 3038.25 1
-0.0298004 0.0752015 0.240744 3110.63 1
-0.0263539 0.0752889 0.239649 3145.22 1
-0.023001 0.0754233 0.238558 3175.86 1
-0.0194708 0.07606 0.238 3178.7 1
0.0153298 0.0746655 0.24 676.167 1
-0.0322219 0.0773329 0.241 3011.25 1
-0.0298975 0.0786679 0.240979 3040.79 1
-0.0261056 0.0787913 0.240302 3114.21 1
-0.0226626 0.0789339 0.2395 3112.19 1
-0.0192341 0.0787372 0.238905 3082.26 1
-0.0164049 0.0789126 0.238 3157.71 1
-0.0295075 0.0812272 0.241 2994.31 1
-0.0260799 0.0823196 0.241 2992.24 1
-0.0227255 0.0822842 0.240167 3034.89 1
-0.0192179 0.0821466 0.239104 3042.04 1
-0.0160452 0.0824993 0.238 3057.41 1
0.0131488 0.0824032 0.23825 1147.62 1
-0.0255243 0.0847158 0.241 2805.8 1
-0.0227756 0.0856026 0.240694 2617.03 1
-0.0192661 0.0856536 0.239775 2733.27 1
-0.0157767 0.0859255 0.238421 2621 1
-0.0137351 0.0872291 0.238 2188 1
0.0131351 0.0854193 0.238 942.1 1
0.0142876 0.0858764 0.24 580.25 1
-0.0228034 0.0875432 0.241 886.333 1
-0.0193388 0.0878784 0.2402 958.067 1
-0.0155779 0.0880593 0.2385 778.875 1
-0.0137351 0.0882633 0.238 695 1
-0.0187221 0.0932505 0.241 424.8 1
-0.0156753 0.0935427 0.240828 434.759 1
-0.0130689 0.0934372 0.24 422.2 1
-0.0186175 0.0951356 0.241 426.75 1
-0.0158558 0.0951253 0.240923 429.923 1
-0.0130689 0.0950015 0.24 408.667 1
0.0241269 -0.0351262 0.242 835 1
0.0255442 -0.0359543 0.244667 742.417 1
0.0241269 -0.0346004 0.242 834 1
0.0258109 -0.0330866 0.243556 707.333 1
0.0242266 -0.0291982 0.243 827.75 1
0.0259133 -0.0293685 0.244333 728.518 1
0.0239291 -0.0260082 0.244267 852.8 1
0.0256698 -0.0267749 0.244842 750.211 1
0.0232802 -0.0230137 0.242846 880.5 1
0.0252656 -0.0229232 0.243571 755 1
0.0233278 -0.0191329 0.242185 872.074 1
0.0252104 -0.0195639 0.242579 754.421 1
0.0235416 -0.0161309 0.243947 861.526 1
0.02489 -0.0168837 0.244333 768.667 1
0.0229714 -0.0111738 0.2448 882.6 1
0.0227611 -0.00891768 0.24425 897.5 1
0.0230517 -0.00444998 0.2434 854.3 1
0.022958 0.00143087 0.2435 828.625 1
-0.0850726 0.00632286 0.242 1312.58 1
-0.0833212 0.00693627 0.242 2404 1
0.0209744 0.0061476 0.242 920.25 1
0.0220252 0.00544656 0.242 859.417 1
-0.0849269 0.00877999 0.242083 1470.83 1
-0.0828435 0.00889601 0.242 2456.68 1
-0.0852234 0.0122413 0.242929 1389.39 1
-0.0827958 0.0121941 0.242 2432.07 1
0.0219402 0.0125577 0.244 818.75 1
-0.0854436 0.015813 0.243846 1407.62 1
-0.0823945 0.0155883 0.242588 2457 1
-0.0789694 0.0166518 0.242 2567.78 1
-0.0764907 0.0174519 0.242 2726.5 1
-0.0853342 0.0191865 0.244 1467.54 1
-0.0822208 0.0191402 0.243405 2498.4 1
-0.0788398 0.0192946 0.242649 2604.92 1
-0.0764908 0.0192921 0.242 2705.58 1
0.0209744 0.0182405 0.242 541 1
0.0214998 0.0182405 0.242 487 1
-0.0852344 0.02261 0.24432 1592.72 1
-0.0821538 0.0228501 0.243884 2437.56 1
-0.0787622 0.0228476 0.243452 2583.83 1
-0.0754361 0.0230136 0.24225 2739.34 1
-0.0730755 0.0240242 0.242 2818.5 1
0.0209744 0.0224468 0.242 671 1
0.0220396 0.0227936 0.24325 639.438 1
-0.084924 0.0251584 0.245 1889.79 1
-0.0820401 0.0260649 0.244867 2473.37 1
-0.0788568 0.026392 0.244444 2605.58 1
-0.0753287 0.0262723 0.243333 2741.03 1
-0.0720198 0.0265446 0.242323 2782.58 1
-0.069923 0.0274417 0.242 2837.33 1
0.0201735 0.0266917 0.2435 816.25 1
0.0222291 0.0255614 0.2435 703.625 1
-0.0811625 0.0293788 0.245 2499.4 1
-0.0789328 0.0296618 0.244838 2577.41 1
-0.0752276 0.0297635 0.243978 2684.35 1
-0.0718377 0.0297405 0.242818 2748.3 1
-0.0694727 0.0298077 0.242 2836 1
0.0191309 0.0298039 0.244167 690.083 1
-0.078402 0.0327011 0.245 2574.38 1
-0.0752392 0.0333446 0.243769 2636.23 1
-0.0718533 0.0333637 0.242525 2722.1 1
-0.0689628 0.0335517 0.242 2842.38 1
0.0198064 0.0326176 0.243182 513.909 1
0.0214126 0.033765 0.244 614.25 1
-0.077664 0.0365444 0.245 2580.46 1
-0.0753609 0.0367876 0.244 2653.43 1
-0.0718024 0.0367985 0.243025 2706.88 1
-0.0681954 0.0367041 0.242395 2810.24 1
-0.0648991 0.0375257 0.242042 2913.21 1
-0.0623044 0.0382202 0.242 2950.25 1
0.020253 0.0359706 0.2428 679.9 1
-0.0749542 0.0402425 0.2447 2609.63 1
-0.0717141 0.0402799 0.2438 2689.23 1
-0.068205 0.0402884 0.243367 2825.92 1
-0.0646372 0.0403962 0.24273 2897.95 1
-0.0620417 0.0405862 0.242 2991.88 1
-0.0744373 0.0431806 0.245 2620.5 1
-0.0720064 0.0438423 0.244784 2705.89 1
-0.06835 0.0438095 0.244024 2759.37 1
-0.064807 0.0437475 0.2435 2899.81 1
-0.0616065 0.04379 0.242069 2906.21 1
-0.0709126 0.0465352 0.245 2721.23 1
-0.0681012 0.0471859 0.244289 2769.82 1
-0.0648321 0.0472052 0.243595 2857.29 1
-0.0614832 0.0471955 0.242684 2929.84 1
-0.058109 0.0476922 0.242 3008.21 1
-0.0557367 0.0489987 0.242 3022 1
0.016713 0.0485415 0.245 892.5 1
0.0177769 0.0485415 0.245 754 1
-0.0679341 0.0507142 0.244867 2781.87 1
-0.064594 0.050676 0.244 2873.5 1
-0.0609637 0.0506519 0.243158 2944.05 1
-0.0577221 0.0508858 0.24246 3061.38 1
-0.0557367 0.0508389 0.242 3035.67 1
0.0174394 0.0509941 0.244 783.2 1
0.0179692 0.0509941 0.244 749.6 1
-0.0668003 0.053066 0.245 2747 1
-0.0644458 0.0537646 0.244714 2859.32 1
-0.0612837 0.0542232 0.244211 2917.66 1
-0.0576451 0.0542556 0.242538 3009.38 1
-0.0546859 0.0547345 0.242 3062.45 1
-0.0512707 0.0550452 0.242 3120.69 1
0.0173917 0.0529687 0.243333 758 1
0.0179201 0.0529687 0.243333 713 1
-0.060233 0.0575906 0.245 2861 1
-0.0576998 0.0577662 0.243424 2936.15 1
-0.0541931 0.0577188 0.242317 3013.22 1
-0.050769 0.0577011 0.242111 3083.81 1
-0.0486435 0.0587257 0.242 3146.5 1
0.0165539 0.0586231 0.242667 752.833 1
-0.0596193 0.059986 0.245 2942 1
-0.0573096 0.0607642 0.244579 2955.26 1
-0.0543196 0.0613053 0.243889 3007.36 1
-0.0508208 0.0612651 0.24305 3074.48 1
-0.0477286 0.0614068 0.242067 3165.87 1
0.0172965 0.0608288 0.242 683.5 1
0.0178219 0.0608288 0.242 665 1
-0.054221 0.0644937 0.244724 2965.69 1
-0.0508665 0.0647197 0.244024 3031.37 1
-0.0472635 0.0647773 0.243 3144.75 1
-0.0444184 0.0651604 0.242105 3128.42 1
0.0155214 0.0647758 0.243 849.75 1
-0.0530233 0.0669591 0.245 2929.4 1
-0.0507241 0.0682343 0.244828 2956.8 1
-0.0473388 0.0682497 0.243895 3048.97 1
-0.0437513 0.0681701 0.242769 3092.95 1
-0.0407623 0.0686279 0.242 3117.56 1
-0.0383979 0.0695042 0.242 3042 1
0.0161954 0.0677411 0.2436 714.2 1
-0.0501672 0.0710209 0.245 2967.08 1
-0.0471704 0.0715759 0.244395 2987.26 1
-0.043748 0.0717442 0.243684 2996.79 1
-0.0401593 0.0717313 0.242805 3058.68 1
-0.0370976 0.0720804 0.242148 3082.04 1
-0.0344573 0.0731846 0.242 3107 1
-0.0465869 0.0748371 0.245 2960.05 1
-0.0437883 0.0751842 0.244222 2994.44 1
-0.0403201 0.0753684 0.243745 2981.47 1
-0.0365832 0.0753639 0.2425 3030.27 1
-0.0335919 0.0755661 0.242 3011.5 1
0.0154575 0.0766022 0.242 679 1
-0.0433573 0.0783883 0.245 2896.43 1
-0.0400922 0.0788251 0.244222 2926.33 1
-0.0366874 0.0787626 0.242474 3015.05 1
-0.0335378 0.0788368 0.242 3011.12 1
-0.0393706 0.0822683 0.244778 2823.72 1
-0.0367054 0.0824033 0.243714 2886.86 1
-0.0332066 0.082079 0.24245 2888.32 1
-0.0298911 0.0829491 0.242 2910.19 1
-0.0278895 0.0829116 0.242 2959.75 1
0.013411 0.0821983 0.243 1235.5 1
-0.0394058 0.0850041 0.245 2076.33 1
-0.0366767 0.0855361 0.244629 1836.03 1
-0.0329897 0.085289 0.243097 2074.84 1
-0.0297285 0.0855405 0.242 2022.78 1
-0.0266366 0.0860258 0.242 2257.35 1
0.0134662 0.0851872 0.244 1106.75 1
0.0145853 0.0847379 0.245 729.5 1
-0.0430112 0.0939643 0.245 439.222 1
-0.0402037 0.0943192 0.245 440 1
-0.0367462 0.0943192 0.245 435.286 1
-0.0331105 0.0935727 0.244905 433.095 1
-0.029611 0.0934198 0.245 434.69 1
-0.0263261 0.0933497 0.244556 414.778 1
-0.0228582 0.0931906 0.243152 410.727 1
-0.0202709 0.0931643 0.242 413 1
-0.0432987 0.0957902 0.244809 410.286 1
-0.0402104 0.0954391 0.243706 406.029 1
-0.0366989 0.095223 0.243323 415.806 1
-0.0332736 0.0954093 0.243545 427 1
-0.0297337 0.095602 0.2442 433.886 1
-0.0261948 0.0955272 0.243333 435 1
-0.0227778 0.0953827 0.242889 443.889 1
-0.020271 0.0952674 0.242 437.667 1
0.0264509 -0.036046 0.2465 707.875 1
0.0266096 -0.0256752 0.246333 691.333 1
0.0264476 -0.0237282 0.2465 700.25 1
0.0260712 -0.0179467 0.248 729.25 1
0.0237245 -0.0081815 0.246 844.75 1
0.0248936 -0.00928805 0.247 775.75 1
0.0238692 -0.00124199 0.2475 812.125 1
0.0238017 0.00138673 0.2468 799 1
0.0234575 0.00491304 0.246 803.125 1
0.0226932 0.00813437 0.2464 840.6 1
0.0216759 0.0111044 0.247 898.75 1
0.0215882 0.0201455 0.246 472.375 1
-0.0856521 0.0269791 0.246 1589.48 1
-0.0833631 0.0274944 0.246 2438.75 1
-0.0855826 0.0298574 0.246387 1683.71 1
-0.0829494 0.0298245 0.24604 2415.32 1
0.0206033 0.0297216 0.247 592.9 1
-0.0856206 0.0332427 0.247538 1801.54 1
-0.0821275 0.0332814 0.246622 2453.65 1
-0.079838 0.0339348 0.246 2523.4 1
-0.0852019 0.0363559 0.248 2006.62 1
-0.0822055 0.0369134 0.247333 2416 1
-0.0794409 0.036936 0.246182 2496.86 1
0.0217636 0.0375514 0.248 705.5 1
-0.0852614 0.0403173 0.248 1967.87 1
-0.0821123 0.0403605 0.247057 2437.06 1
-0.0790527 0.0403274 0.24661 2487.54 1
-0.0769539 0.0404554 0.246 2617.83 1
0.0201461 0.0411502 0.246 784.4 1
-0.084364 0.0424546 0.248 2294.6 1
-0.0821006 0.0438904 0.247714 2442.07 1
-0.0789299 0.0438202 0.246889 2572.14 1
-0.0760993 0.0437691 0.246 2641.7 1
-0.0810795 0.0467113 0.248 2509.5 1
-0.0787852 0.0471664 0.247556 2551.83 1
-0.0751524 0.047105 0.246692 2640.1 1
-0.0721143 0.0476977 0.246136 2702.18 1
0.0189945 0.0475962 0.247 738.625 1
-0.0784545 0.0495401 0.248 2556 1
-0.0749435 0.0504808 0.247906 2620.66 1
-0.0714212 0.0508014 0.246447 2732.76 1
-0.0692094 0.0522138 0.246 2738 1
0.0179945 0.0499442 0.248 759.75 1
-0.0738104 0.0531771 0.248 2577.5 1
-0.0715752 0.0540008 0.2475 2672 1
-0.0683964 0.0545835 0.246437 2715 1
-0.0654706 0.0554206 0.246 2830.75 1
-0.0708489 0.0575774 0.248 2673.22 1
-0.0681527 0.0578393 0.247316 2737.21 1
-0.0646024 0.0576569 0.246568 2840.32 1
-0.0617822 0.0582188 0.246048 2839.24 1
0.0183037 0.0580486 0.247333 706.75 1
-0.0703105 0.0599123 0.248 2651 1
-0.0683106 0.0603741 0.248 2704.93 1
-0.064651 0.0610879 0.247781 2798.59 1
-0.0613074 0.0614859 0.246714 2856.89 1
-0.0585516 0.0619071 0.246 2936.36 1
0.0168495 0.0628905 0.247 730.5 1
0.017922 0.0610123 0.247 675.25 1
-0.0637594 0.0645371 0.248 2752 1
-0.0609103 0.0647688 0.247 2818.69 1
-0.0576648 0.0648034 0.246471 2830.18 1
-0.0552693 0.0660565 0.246 2882.2 1
0.0168836 0.0651693 0.2475 696.375 1
-0.0633107 0.0674557 0.248 2796 1
-0.0610756 0.067904 0.247667 2867.03 1
-0.0577093 0.0679652 0.2473 2847.63 1
-0.0543401 0.0683554 0.246385 2926.46 1
-0.0523852 0.0690496 0.246 2967.67 1
0.0164479 0.0675383 0.246333 714.75 1
0.0178494 0.0671789 0.246 593.5 1
-0.0560417 0.0701498 0.248 2863 1
-0.0540483 0.0716338 0.247115 2861.85 1
-0.0513392 0.0722787 0.246 2920.04 1
0.0168949 0.0711324 0.247667 620.333 1
-0.0560417 0.0752685 0.248 2891.5 1
-0.0539792 0.0752496 0.247462 2873.97 1
-0.0506194 0.07535 0.2465 2881.33 1
-0.0479788 0.0756637 0.246 2940.19 1
-0.0560417 0.0787708 0.248 2787.57 1
-0.0540634 0.0786661 0.247282 2787.26 1
-0.0507211 0.0787216 0.247 2831.22 1
-0.0474658 0.0786323 0.246471 2869.12 1
-0.0448187 0.0796499 0.246 2816.58 1
0.0152087 0.0790977 0.2465 759.625 1
-0.0560417 0.0811955 0.248 2663.5 1
-0.0539761 0.0815961 0.247727 2634.73 1
-0.0505376 0.0821079 0.247882 2700.5 1
-0.0471891 0.0820158 0.247222 2780.22 1
-0.0436666 0.0822194 0.246444 2785.78 1
-0.0412024 0.0823112 0.246 2785.06 1
0.0151528 0.0829295 0.24775 728.562 1
-0.0466862 0.0848325 0.248 2031.81 1
-0.0437237 0.0853537 0.247103 1655.34 1
-0.041169 0.0850837 0.246 1920 1
0.0156069 0.0850994 0.246714 598.679 1
-0.0466345 0.0902889 0.247308 354.692 1
-0.0439178 0.0903529 0.24625 350.688 1
-0.0408001 0.090796 0.247 286 1
0.0147044 0.0875762 0.247 641 1
-0.0469459 0.0925214 0.247435 420.696 1
-0.0439151 0.0926516 0.24605 426.525 1
-0.0403361 0.0928194 0.246644 425.644 1
-0.0367574 0.0930273 0.246556 424.75 1
-0.0333217 0.0923402 0.246 388.846 1
-0.0307539 0.0922991 0.246 319 1
-0.0600801 0.09736 0.248 434.75 1
-0.0574178 0.0967913 0.248 429.481 1
-0.0542303 0.0965673 0.247893 427.464 1
-0.0506764 0.0969456 0.2477 442.65 1
-0.0471206 0.0961709 0.246936 427.355 1
-0.0451747 0.0960404 0.246 411.5 1
-0.0378506 0.0945525 0.247 439.5 1
0.027625 -0.0428349 0.252 664.143 1
0.0286412 -0.0428349 0.252 617.571 1
0.0272118 -0.0402636 0.251067 687.467 1
0.0289727 -0.0401985 0.251882 610.941 1
0.0270057 -0.0375202 0.249167 695.417 1
0.02874 -0.0375727 0.2506 612.7 1
0.0269873 -0.0318143 0.249 674 1
0.0269873 -0.0312733 0.249 680 1
0.0252967 -0.015435 0.251 783 1
0.0240139 -0.0107157 0.249 827 1
0.0258942 -0.0119177 0.2515 744.5 1
0.0240139 -0.00963374 0.249 837.5 1
0.0258606 -0.00935329 0.251167 744.25 1
0.0250951 -0.00503534 0.249 753.75 1
0.0232983 -0.00288292 0.25 874 1
0.0245768 -0.00290598 0.252 801 1
0.0253974 0.00256908 0.252 734 1
0.0237436 0.00930086 0.249 769.062 1
0.0234974 0.0117476 0.24925 777.438 1
0.0231168 0.0276443 0.251 575.25 1
0.0252967 0.0276443 0.251 166 1
0.0204999 0.029588 0.249 676 1
0.0226428 0.0293478 0.250154 522.846 1
0.0219392 0.0329657 0.25 521.875 1
-0.0876235 0.0371618 0.249 562.5 1
-0.0865422 0.0374323 0.249 1643.89 1
0.0219392 0.0367679 0.25 696 1
-0.0876235 0.0393258 0.249 501 1
-0.0865963 0.0395963 0.249 1541.6 1
0.0206233 0.0395659 0.2505 715.75 1
0.0214114 0.0392294 0.2508 707.6 1
-0.0856675 0.0438882 0.24916 2070.08 1
-0.0835688 0.0450062 0.249 2365 1
-0.0855389 0.0472434 0.250081 2163.08 1
-0.082656 0.0474952 0.249167 2432.71 1
0.0215675 0.0488334 0.252 650.5 1
-0.0875849 0.0518447 0.252 1416.5 1
-0.0858184 0.050787 0.251056 2197.58 1
-0.0823285 0.0509371 0.249912 2452.59 1
-0.0788408 0.0512862 0.249045 2586.64 1
-0.0762705 0.0517685 0.249 2599.17 1
0.0198687 0.0505996 0.250636 708.864 1
0.021539 0.050684 0.251667 621.917 1
-0.0875849 0.0540348 0.252 1356.33 1
-0.0858031 0.0544655 0.251742 2241.84 1
-0.0824149 0.0543009 0.250694 2452.94 1
-0.0788091 0.054162 0.249921 2542.5 1
-0.0752958 0.0542564 0.249242 2569.67 1
-0.0727565 0.0555554 0.249 2641.75 1
0.0196606 0.054252 0.251571 673.179 1
0.0215675 0.0529398 0.252 594.75 1
-0.0850837 0.0567332 0.252 2337.14 1
-0.0820966 0.0574353 0.25188 2443.04 1
-0.078861 0.0576902 0.251222 2532.31 1
-0.0752545 0.0576157 0.250111 2565.36 1
-0.0724862 0.0579899 0.249 2639.94 1
0.0188648 0.057227 0.25 704.5 1
-0.0810193 0.0611524 0.252 2477.33 1
-0.0788589 0.0611173 0.252 2540.18 1
-0.0753312 0.0611011 0.251097 2597.9 1
-0.0718327 0.0613775 0.249333 2645.33 1
-0.068118 0.0621014 0.249 2725.68 1
-0.0657285 0.0628588 0.249 2755 1
0.0186934 0.0606729 0.2516 671.8 1
-0.0781469 0.0634792 0.252 2516.88 1
-0.0753145 0.0645571 0.2514 2579.23 1
-0.0718081 0.0648684 0.2496 2630.7 1
-0.068189 0.0648036 0.2494 2681.32 1
-0.065574 0.0649455 0.249 2737.93 1
0.0170541 0.0650123 0.25 720.25 1
0.0182122 0.0652694 0.251 641.083 1
-0.0747315 0.068022 0.251652 2578.04 1
-0.0716724 0.0683346 0.251032 2630.77 1
-0.0682556 0.068363 0.250333 2681.19 1
-0.0648987 0.0683057 0.249133 2753.5 1
-0.0611332 0.0698917 0.249 2818.43 1
-0.0578895 0.0698917 0.249 2817.6 1
0.0188377 0.067456 0.249667 578.167 1
-0.074235 0.0705147 0.252 2584.2 1
-0.0714211 0.071641 0.252 2610.6 1
-0.0680449 0.0718669 0.250937 2667.69 1
-0.0645941 0.0717465 0.25 2714.54 1
-0.0611123 0.0719832 0.249811 2781.38 1
-0.0578108 0.0720137 0.249657 2769.09 1
-0.0557271 0.0720556 0.249 2822.2 1
-0.0703503 0.0748401 0.252 2535.38 1
-0.0679279 0.0752913 0.251342 2612.63 1
-0.0646519 0.0754488 0.250872 2700.64 1
-0.0612097 0.0754593 0.250417 2751.5 1
-0.0579192 0.0752692 0.249545 2745.79 1
-0.0557271 0.0736786 0.249 2914 1
-0.0677514 0.0781935 0.252 2612.25 1
-0.0646547 0.0786636 0.251481 2627.78 1
-0.0612366 0.0788683 0.250833 2657.31 1
-0.0580597 0.078808 0.249515 2691.91 1
0.0171223 0.0797237 0.251 617.333 1
-0.0638395 0.0809174 0.252 2522.4 1
-0.0613407 0.0823017 0.251455 2378.21 1
-0.0578504 0.0824049 0.249647 2427.76 1
-0.0545686 0.0835323 0.249 2277.36 1
-0.0519428 0.0836869 0.249 2451.67 1
0.0163014 0.081967 0.249533 647.167 1
0.0181396 0.0829345 0.25 420.875 1
-0.0597504 0.0842946 0.25 705 1
-0.0575922 0.0844301 0.249714 980.857 1
-0.0543755 0.0847689 0.249 916.333 1
-0.0505666 0.0851623 0.249 1342.91 1
-0.0482936 0.0855803 0.249 1293.5 1
-0.0572192 0.0907177 0.252 368 1
-0.0550307 0.0907177 0.252 346.625 1
-0.0508481 0.0907367 0.2516 233.6 1
-0.0488946 0.0908125 0.25 297 1
-0.0642362 0.0941945 0.2512 439.2 1
-0.0612199 0.0939679 0.25125 437.1 1
-0.057632 0.0928367 0.251071 432.119 1
-0.0544688 0.093267 0.251658 420.561 1
-0.0507414 0.0930902 0.251448 416.069 1
-0.048492 0.0932144 0.2496 422.7 1
-0.0814502 0.0967563 0.251769 371.308 1
-0.078649 0.097173 0.251 389.64 1
-0.0750839 0.0970073 0.251429 408.143 1
-0.0718026 0.0970443 0.251314 416.514 1
-0.0679164 0.0963965 0.251965 421.828 1
-0.0645279 0.0961689 0.250278 431.194 1
-0.0612199 0.0959303 0.249357 432.5 1
-0.0579094 0.0952575 0.249375 432.625 1
-0.054189 0.0952085 0.249826 431.609 1
-0.0508937 0.0956274 0.249941 443.029 1
-0.0487382 0.0953938 0.2492 443.4 1
-0.0806978 0.0982651 0.251 148 1
-0.0787312 0.0983599 0.250375 365.5 1
-0.0750978 0.098341 0.2505 397.083 1
-0.0715582 0.098447 0.25025 401.625 1
-0.0683255 0.0986447 0.2519 417.5 1
-0.0649814 0.0984297 0.250429 420 1
-0.0619442 0.0980231 0.249 423.25 1
0.0295195 -0.047171 0.2545 591.375 1
0.0295753 -0.0433844 0.255 584.75 1
0.0290216 -0.0323039 0.255 612.5 1
0.0285782 -0.0310276 0.25475 640 1
0.0276955 -0.022706 0.253 669 1
0.0276955 -0.0194079 0.253 675.417 1
0.0269601 -0.0158503 0.253259 705.926 1
0.0280806 -0.0147939 0.254 653.333 1
0.0266825 -0.0134229 0.253429 717 1
0.0280806 -0.0131383 0.254 646.333 1
0.0266812 -0.00828652 0.254667 706.5 1
0.0281912 -0.00903486 0.255 623.25 1
0.0256494 -0.00514874 0.2545 754.75 1
0.0259262 -0.00182785 0.2545 729.25 1
0.0256998 0.000937596 0.255 740.625 1
0.024125 0.00587736 0.253 801.5 1
0.0246743 0.00587736 0.253 773.5 1
0.0242203 0.0136266 0.254 622 1
0.0247718 0.0136266 0.254 573.5 1
0.0234853 0.0214365 0.255 454.75 1
0.024125 0.0267652 0.253 551 1
0.0246743 0.0267652 0.253 435 1
0.0242203 0.030458 0.254 465.667 1
0.0247718 0.030458 0.254 455.333 1
0.0228877 0.0324543 0.2545 486.5 1
0.0222882 0.0404449 0.254333 700.111 1
0.0206628 0.0443131 0.254333 799.667 1
0.0219703 0.0437717 0.254857 720.857 1
0.0204348 0.0471756 0.254556 752.556 1
0.0222571 0.0469043 0.254667 669.583 1
0.0205545 0.0490272 0.253 738.5 1
0.0217387 0.0544636 0.254 591.25 1
-0.0879325 0.0575473 0.253 1242.33 1
-0.0859511 0.0581558 0.253 2252.46 1
-0.0829887 0.0590589 0.253 2472.25 1
0.0195329 0.056671 0.254 685.75 1
-0.0880203 0.0612487 0.254231 1558.54 1
-0.0858136 0.0611207 0.25397 2342.39 1
-0.0827141 0.061395 0.253 2440.25 1
-0.0794182 0.0627692 0.253 2536.5 1
0.0196097 0.0624344 0.255 642.25 1
-0.0880393 0.0644773 0.255 1687.19 1
-0.0856806 0.0645163 0.254467 2330.9 1
-0.082354 0.0648497 0.253457 2456.69 1
-0.0790489 0.064911 0.253 2515.41 1
-0.0769464 0.0657924 0.253 2586.5 1
0.0195438 0.0647096 0.254143 614.071 1
-0.0875203 0.0665896 0.255 2103 1
-0.0850928 0.0672714 0.255 2355.08 1
-0.0820097 0.0683222 0.254471 2489.47 1
-0.0788002 0.0682613 0.253774 2513.26 1
-0.0765661 0.0687734 0.253 2490.62 1
0.0194559 0.0678996 0.253 572.333 1
-0.0819416 0.0718149 0.254867 2409.73 1
-0.0789119 0.071589 0.253897 2456.24 1
-0.0754757 0.0719542 0.253 2551.23 1
-0.0728266 0.0726634 0.253 2599.67 1
0.0188781 0.0717996 0.253833 588.792 1
-0.0816882 0.0746944 0.254895 2443.32 1
-0.078675 0.0750147 0.254444 2460.39 1
-0.0752559 0.0751964 0.253914 2511.6 1
-0.0721858 0.075366 0.253 2543.62 1
0.0165322 0.0750306 0.2545 689.5 1
0.0186884 0.0744535 0.254286 599.071 1
-0.077647 0.0784087 0.255 2442.33 1
-0.0751479 0.0787526 0.254226 2502.61 1
-0.071918 0.0786427 0.253667 2504.72 1
-0.0687069 0.0795183 0.253 2560.12 1
-0.0656857 0.080359 0.253 2570 1
-0.0770011 0.0818252 0.255 1931 1
-0.0748972 0.0821577 0.255 1890.9 1
-0.0716798 0.0823082 0.254778 2059.61 1
-0.0680802 0.0823827 0.253853 2221.35 1
-0.0649057 0.0826633 0.253321 2316.39 1
0.0187719 0.0821303 0.253667 509.5 1
-0.0703573 0.0845954 0.255 381.5 1
-0.0686081 0.0845768 0.254667 607.444 1
-0.0642253 0.0846364 0.2533 910.9 1
-0.0618407 0.0850312 0.253 816 1
-0.0745789 0.0902741 0.255 410.188 1
-0.0715079 0.0898411 0.254167 391.667 1
-0.0681729 0.0898607 0.253923 372 1
-0.0658413 0.0900178 0.254667 340.75 1
-0.0590941 0.0908029 0.253 398.5 1
-0.0533265 0.0908029 0.253 273.667 1
-0.0522279 0.0908029 0.253 219 1
-0.0841984 0.0940138 0.255 369.5 1
-0.0836448 0.0940138 0.255 388 1
-0.0750858 0.0930318 0.254364 416.848 1
-0.0718852 0.0927039 0.253864 419.705 1
-0.0681547 0.0926989 0.253311 426.556 1
-0.0652075 0.0934634 0.25444 434.08 1
-0.0609871 0.0928089 0.253909 429.773 1
-0.0590941 0.0913526 0.253 409 1
-0.0532266 0.0921521 0.253 401.455 1
-0.0522279 0.0924519 0.253 396.6 1
-0.0841984 0.0951219 0.255 124 1
-0.082035 0.0954117 0.2543 392.6 1
-0.0785389 0.0960576 0.253714 409.393 1
-0.0753154 0.095542 0.253143 413.952 1
-0.0715283 0.0954502 0.253 420.409 1
-0.06889 0.0953835 0.253 423.867 1
-0.0654111 0.0946506 0.253 437 1
0.0300126 -0.0467296 0.257167 588.792 1
0.0311639 -0.0420954 0.259 559.5 1
0.0311639 -0.0415327 0.259 560 1
0.0285797 -0.0340992 0.256 638 1
0.0279627 -0.0231547 0.258 682 1
0.0285229 -0.0231547 0.258 652.5 1
0.0269122 -0.00740169 0.256 706 1
0.0269122 -0.0051769 0.256 696.5 1
0.0272695 -0.00183972 0.256 674.143 1
0.0283018 -0.00183972 0.256 626.167 1
0.0267733 0.00198414 0.256 677.25 1
0.0263163 0.00529038 0.257091 703.864 1
0.0248819 0.00739487 0.258 765.5 1
0.0253532 0.0157705 0.259 482.167 1
0.0238537 0.0200846 0.259 447.875 1
0.0249783 0.0206474 0.259 415 1
0.0237615 0.0334601 0.258 524.625 1
0.024914 0.0335048 0.258333 502.5 1
0.0231342 0.0363828 0.256889 640.222 1
0.0232994 0.0390408 0.256 670 1
0.0231114 0.0486856 0.257 596 1
0.0230395 0.0506481 0.2562 588.7 1
0.0206005 0.061803 0.257 629.5 1
0.021142 0.0618114 0.2568 615.6 1
-0.0886972 0.0662945 0.256 1412 1
0.0206273 0.0644048 0.257333 600 1
0.0217463 0.0648031 0.258286 572.429 1
-0.0884649 0.0684562 0.256222 1625.78 1
-0.0862226 0.0686782 0.256 2303.05 1
-0.0839728 0.0696317 0.256 2516 1
-0.0884857 0.071858 0.257 1693.54 1
-0.0857529 0.0716719 0.256333 2293.2 1
-0.0839728 0.0715784 0.256 2414.5 1
-0.0887441 0.0754289 0.25775 1638.54 1
-0.0859316 0.0751701 0.256867 2300.33 1
-0.0830465 0.0758426 0.256 2451 1
0.0166296 0.0768623 0.256 657.333 1
0.0192863 0.0762118 0.256364 589.091 1
0.021801 0.0766219 0.258 553.833 1
-0.0891059 0.0788281 0.2588 1604.75 1
-0.085919 0.0787632 0.257667 2226.83 1
-0.082199 0.0786957 0.256533 2346.03 1
-0.0791866 0.0789635 0.256 2386.72 1
0.0167905 0.0785069 0.256909 646.182 1
0.0191541 0.0788567 0.258033 588.5 1
0.0213232 0.0794511 0.259 537.333 1
-0.0887807 0.0815895 0.259 1243.8 1
-0.0855808 0.0817727 0.258333 1676.92 1
-0.0820812 0.0819196 0.257286 1646.57 1
-0.0792212 0.0819296 0.256462 1812.12 1
0.0172526 0.0805127 0.257 600 1
0.0195996 0.0814158 0.25787 545.217 1
0.021282 0.0812624 0.2585 284.25 1
-0.0849789 0.0902151 0.258 370.438 1
-0.0821336 0.0897957 0.2572 369.85 1
-0.0787975 0.0896985 0.256615 370.038 1
-0.0763767 0.0897784 0.256 383.444 1
-0.0647972 0.0907672 0.256 387 1
-0.0620181 0.0907672 0.256 231 1
-0.0851442 0.092184 0.257111 368.611 1
-0.0823047 0.0928998 0.257125 407.479 1
-0.0788404 0.0927784 0.256778 416.194 1
-0.0767472 0.0918796 0.256 421.333 1
-0.0644073 0.0924159 0.256667 416.133 1
-0.0622266 0.0922272 0.256 405.25 1
-0.081646 0.0950683 0.2562 402.3 1
-0.0790986 0.095243 0.256286 414.357 1
0.0301552 -0.0456473 0.26 589 1
0.0307992 -0.0442543 0.260667 569.833 1
0.0316879 -0.0438403 0.261 552 1
0.0302712 -0.0341982 0.261 593.5 1
0.0263045 0.0069138 0.261 705.5 1
0.0268402 0.00818687 0.2618 679 1
0.0262037 0.0204446 0.26 450.5 1
0.0239457 0.0229867 0.26 532.5 1
0.025812 0.0223621 0.261111 524.056 1
0.0251712 0.0259103 0.261 574.625 1
0.0238893 0.0372783 0.26 657 1
0.0249832 0.0373943 0.262 621 1
0.0234377 0.0410066 0.26 671 1
0.0212857 0.0584559 0.262 644 1
0.0209211 0.0624858 0.261 628 1
0.0215907 0.0615771 0.261286 625 1
0.020881 0.0646267 0.2605 601.5 1
0.0221802 0.064405 0.260571 576.143 1
0.020841 0.0667655 0.26 577 1
0.0214055 0.0667655 0.26 572 1
0.0209211 0.078647 0.261 579.5 1
0.0214878 0.078647 0.261 566 1
0.0313597 -0.0458883 0.263 568.5 1
0.0319307 -0.0458883 0.263 563.5 1
0.0330366 -0.0450858 0.265 532 1
0.0308511 -0.0360091 0.266 593 1
0.0307738 -0.032171 0.265333 590 1
0.0304982 -0.0297358 0.265125 600.375 1
0.0304113 -0.0261684 0.264 598.364 1
0.0315982 -0.0256062 0.265 560 1
0.0302735 -0.0157817 0.266 608 1
0.0287901 -0.00760408 0.263 653.25 1
0.0276481 0.00696678 0.263 656.5 1
0.029009 0.00615613 0.265 585 1
0.026994 0.0094256 0.263455 678.364 1
0.0288845 0.00907534 0.264 601.632 1
0.0268737 0.0123143 0.264933 662.133 1
0.0289918 0.0115266 0.265091 583.455 1
0.0266404 0.0150416 0.264333 513 1
0.0265485 0.0239422 0.264333 604 1
0.0282522 0.023517 0.266 562 1
0.0267345 0.0261549 0.26421 507.053 1
0.0280823 0.0265355 0.2644 494.2 1
0.0268934 0.0282157 0.264 250.333 1
0.0280398 0.0282157 0.264 459 1
0.0264109 0.0340134 0.263 485.333 1
0.0256994 0.0358898 0.2635 546.75 1
0.0250758 0.0402768 0.266 627.5 1
0.0237409 0.0548871 0.264 580.875 1
0.0250758 0.0555919 0.266 556.5 1
0.0232352 0.0579191 0.26475 586.188 1
0.0250758 0.0561698 0.266 555 1
0.0227479 0.060983 0.264545 596.727 1
0.0233005 0.0632741 0.2655 577 1
0.0221048 0.0683373 0.265 569.375 1
0.021367 0.0706786 0.263 575.25 1
0.0215295 0.0775493 0.265 589.75 1
0.030967 -0.0387549 0.267 593 1
0.0322468 -0.0389001 0.268 561 1
0.0305033 -0.0374787 0.267 610.5 1
0.0327535 -0.0367058 0.267818 533.591 1
0.0330004 -0.0332046 0.267357 508.786 1
0.0325545 -0.0310593 0.267333 528.833 1
0.0306302 -0.0235505 0.2676 609.4 1
0.0319559 -0.0240522 0.268 557.5 1
0.030907 -0.0182975 0.269 602.333 1
0.0326592 -0.0182975 0.269 513.167 1
0.0309245 -0.0159277 0.268429 584.786 1
0.0319956 -0.0159217 0.268333 534.333 1
0.0303572 -0.0129323 0.268571 607.571 1
0.0319559 -0.0135713 0.268 529 1
0.0277788 0.0131638 0.267 614.5 1
0.0289381 0.0131638 0.267 548.667 1
0.0279868 0.0144313 0.269 525.5 1
0.0291549 0.0144313 0.269 508.5 1
0.0277788 0.0244756 0.267 594 1
0.0283585 0.0244756 0.267 569 1
0.0277788 0.0250557 0.267 579 1
0.0283585 0.0250557 0.267 561 1
0.0264282 0.0370861 0.268 552.25 1
0.0254971 0.0407509 0.268 620.3 1
0.0257151 0.0427244 0.268667 614.333 1
0.0241906 0.0465755 0.269 660 1
0.0253587 0.0477444 0.269 593.25 1
0.0253587 0.0553422 0.269 558.5 1
0.0240107 0.0592814 0.267 572 1
0.0258463 0.0568833 0.268 535.75 1
0.0240707 0.0613696 0.267667 562.333 1
0.0225219 0.0723223 0.267667 566.417 1
0.0221881 0.0754219 0.269 582.214 1
0.0230011 0.0777701 0.26875 564.312 1
0.0336599 -0.0476963 0.27 547.625 1
0.0331338 -0.0399233 0.270143 535.357 1
0.0352555 -0.0390411 0.271 448 1
0.0345392 -0.0377238 0.27 472 1
0.0351254 -0.0377238 0.27 445 1
0.0345392 -0.0342041 0.27 457 1
0.0351254 -0.0342041 0.27 430 1
0.0324875 -0.0300978 0.27 536.75 1
0.0327806 -0.0265782 0.27 540.5 1
0.0308426 -0.0216719 0.271 621.167 1
0.0328136 -0.0221839 0.271364 525.227 1
0.0308426 -0.0199055 0.271 608.667 1
0.03286 -0.0199896 0.271 514.071 1
0.0301995 -0.0113471 0.2705 631.125 1
0.0319603 -0.0119337 0.2705 525.625 1
0.0309727 -0.00875191 0.272143 584.571 1
0.0324131 -0.00881732 0.272111 513.222 1
0.0302215 -0.00535069 0.271182 617.273 1
0.0322557 -0.00581725 0.273 510.167 1
0.0309564 -0.00313662 0.272 576.5 1
0.0307288 0.0133117 0.27 497.75 1
0.0297024 0.0159339 0.271333 439.333 1
0.0286993 0.0205771 0.273 489.5 1
0.0292384 0.0229066 0.2725 537.188 1
0.0298848 0.0253222 0.273 518 1
0.0273123 0.0339685 0.271 480 1
0.0281949 0.0348517 0.271 502 1
0.0272128 0.0369177 0.2706 538.8 1
0.0281256 0.0359399 0.270333 516.667 1
0.026795 0.0402973 0.270909 576.909 1
0.0280909 0.0417625 0.27 528 1
0.0239874 0.0446956 0.27 677.667 1
0.0259957 0.0442658 0.270556 597.778 1
0.0280909 0.0423491 0.27 522 1
0.0239874 0.0458688 0.27 678 1
0.0261888 0.0465561 0.271733 587.267 1
0.026724 0.0581088 0.271 508.5 1
0.0232394 0.0718548 0.27025 567.688 1
0.0245736 0.0725598 0.27 543 1
0.0232582 0.0750289 0.270286 560.429 1
0.0245736 0.0746129 0.27 532 1
0.0231937 0.0772444 0.271 562 1
0.0344079 -0.0460578 0.276 525.5 1
0.0355032 -0.0471192 0.2752 476 1
0.0344079 -0.0454581 0.276 523 1
0.0356063 -0.0454581 0.276 471 1
0.0358754 -0.0368291 0.275 440.667 1
0.0356064 -0.0325656 0.276 436.75 1
0.0336287 -0.0287925 0.275636 523.182 1
0.0334756 -0.0253818 0.2745 530 1
0.0335637 -0.024293 0.274 503.5 1
0.0335637 -0.00762447 0.274 461.833 1
0.0331857 -0.00525943 0.2748 482.2 1
0.031184 -0.00196907 0.274 574.25 1
0.0301038 0.0198317 0.275 489.333 1
0.0301038 0.0216241 0.275 522 1
0.0276146 0.0310704 0.274 297 1
0.0293435 0.0299465 0.2746 457.7 1
0.0276146 0.0325586 0.274 454 1
0.0289829 0.0333921 0.274 487.9 1
0.0279121 0.0379164 0.274 533 1
0.0293497 0.036645 0.2752 502.3 1
0.0279121 0.0414882 0.274 550 1
0.0283774 0.0399959 0.274667 524.833 1
0.0279121 0.0438695 0.274 543.5 1
0.028507 0.0438695 0.274 522.5 1
0.0271184 0.0485106 0.275 541.5 1
0.0264642 0.0502697 0.275286 552.429 1
0.0284155 0.0501861 0.276 506 1
0.02583 0.0551802 0.274 556.75 1
0.0270198 0.0563709 0.274 519.5 1
0.02583 0.0611333 0.274 536.25 1
0.0243872 0.0660166 0.2745 568 1
0.0256106 0.0652997 0.274833 546.333 1
0.0243724 0.0674653 0.274333 551.333 1
0.0261678 0.0679819 0.275545 523.818 1
0.0248201 0.0729729 0.276 550 1
0.0243428 0.0766113 0.274 535 1
0.0249377 0.0766113 0.274 529 1
0.0369382 -0.0465256 0.277 410.5 1
0.0342942 -0.043595 0.2775 528.562 1
0.0365117 -0.0437244 0.278333 437.708 1
0.0345325 -0.0411092 0.277 511.5 1
0.0368353 -0.0404247 0.2785 420.188 1
0.034479 -0.0320104 0.279 505 1
0.0350848 -0.0320104 0.279 477 1
0.034479 -0.0304949 0.279 503 1
0.0350848 -0.0304949 0.279 476.5 1
0.0345559 -0.0269601 0.278 500.333 1
0.0352105 -0.0263458 0.28 477 1
0.0328465 -0.00350781 0.278 516 1
0.0313375 -0.000789823 0.278 588.5 1
0.0327743 -0.00154816 0.278667 525 1
0.0307652 0.00146383 0.279857 618.143 1
0.0325473 0.00174833 0.279909 528.045 1
0.030651 0.00407122 0.28 605.75 1
0.0324748 0.00407122 0.28 527.125 1
0.0305031 0.0188927 0.277 470.4 1
0.0318262 0.0205777 0.277 466 1
0.0312248 0.0211796 0.277 487 1
0.0318262 0.0211796 0.277 464 1
0.0303227 0.0271978 0.277 504.5 1
0.030735 0.029411 0.278 484 1
0.0291244 0.0335372 0.278 486.667 1
0.0299358 0.0383052 0.279 501.5 1
0.0294924 0.0401825 0.2794 510.9 1
0.0286655 0.0472954 0.278429 520.929 1
0.0270149 0.052023 0.277 539 1
0.0285185 0.0512707 0.277 501.375 1
0.0266038 0.0541193 0.2771 534.2 1
0.0285185 0.0539789 0.277 491.125 1
0.0274143 0.0562878 0.278 517 1
0.0288274 0.0563885 0.28 490.5 1
0.0270035 0.0612553 0.28 523.75 1
0.0263485 0.0641811 0.2795 539.625 1
0.025892 0.0696162 0.2772 535.8 1
0.0261691 0.0718506 0.278727 535.909 1
0.0263957 0.0764639 0.28 526.25 1
0.0258733 0.0784794 0.2796 514.7 1
0.0308701 0.00532568 0.282 613.25 1
0.0325406 0.00574188 0.282333 531.667 1
0.0309795 0.0314761 0.283 492.5 1
0.0317884 0.0307522 0.282 465 1
0.0306723 0.0320909 0.283 500 1
0.027405 0.0623898 0.281 525 1
0.0280151 0.0623898 0.281 516 1
0.027405 0.0630004 0.281 528 1
0.0280151 0.0630004 0.281 516 1
0.0276001 0.0723642 0.283 518.5 1
0.0286753 0.0728253 0.283 488.5 1
0.0268794 0.0751257 0.281385 521.692 1
0.0287683 0.0751752 0.2824 408.6 1
0.0275026 0.0773164 0.282 473 1
0.0281148 0.0773164 0.282 340 1
0.0348445 -0.011104 0.287 472 1
0.0360908 -0.011104 0.287 416.667 1
0.0348445 -0.0104804 0.287 474 1
0.0360908 -0.0104804 0.287 423 1
0.0328879 0.00828115 0.285333 513.417 1
0.0323222 0.0173956 0.284 489.5 1
0.0323222 0.0192467 0.284 478 1
0.0308168 0.0336829 0.284333 493.5 1
0.0320139 0.0318958 0.284 454 1
0.0304723 0.0414598 0.284 490.5 1
0.0305528 0.0440455 0.28475 489.125 1
0.0306512 0.0466691 0.285667 495.667 1
0.0292391 0.0587367 0.284 494.667 1
0.0293764 0.0608737 0.285333 490.5 1
0.0277626 0.0650608 0.284667 527.667 1
0.0283807 0.0650608 0.284667 516 1
0.0278927 0.0666069 0.286 524 1
0.0285136 0.0666069 0.286 517 1
0.0362165 -0.0255343 0.288 458.333 1
0.0363004 -0.0237111 0.288667 455.667 1
0.0349659 -0.0145842 0.288 489.5 1
0.0355912 -0.0145842 0.288 455.5 1
0.0349659 -0.012707 0.288 477.75 1
0.0362165 -0.012707 0.288 399.667 1
0.033862 0.00970497 0.28925 489.25 1
0.0335778 0.0108136 0.2895 505.75 1
0.0342628 0.0199824 0.2884 423.8 1
0.0355461 0.0197109 0.289333 310.667 1
0.0338709 0.0224684 0.288571 436.857 1
0.0354644 0.0225952 0.288667 302.667 1
0.0327761 0.0342245 0.288889 457 1
0.0352088 0.0347749 0.29 290 1
0.0332752 0.0353562 0.2896 444.6 1
0.0352088 0.035405 0.29 220 1
0.0310446 0.0585811 0.289333 460.5 1
0.0321521 0.0589383 0.288 443 1
0.0309874 0.060987 0.2888 465.8 1
0.0321521 0.059564 0.288 441.5 1
0.0302763 0.0733299 0.288 435 1
0.0302763 0.0739556 0.288 424.5 1
0.0345006 0.00646615 0.292 492.5 1
0.0357685 0.00646615 0.292 433.5 1
0.0345006 0.00710056 0.292 488.5 1
0.0357685 0.00710056 0.292 435 1
0.0339826 0.0131725 0.293 483.125 1
0.0344178 0.0170499 0.294 454 1
0.0356944 0.0170499 0.294 368.833 1
0.0346188 0.0182651 0.293 433.5 1
0.035891 0.0182651 0.293 335 1
0.0338076 0.0241882 0.2915 448.25 1
0.0354516 0.0242297 0.292 391 1
0.0339012 0.0261615 0.2923 439.9 1
0.0355002 0.02617 0.2924 390 1
0.0339154 0.0294755 0.293333 440.389 1
0.0354148 0.0300612 0.2938 364.5 1
0.0342221 0.0332825 0.292714 417.5 1
0.0355071 0.0330491 0.293333 388 1
0.0332326 0.0372373 0.292 445.562 1
0.0312262 0.0445165 0.294 502 1
0.0318645 0.0445165 0.294 481.5 1
0.0311837 0.0505172 0.2936 497.2 1
0.032367 0.0509025 0.293818 462.273 1
0.0311908 0.0540373 0.293667 481 1
0.0320768 0.0536532 0.29375 458.125 1
0.0310668 0.0569983 0.2925 470.75 1
0.0322998 0.05778 0.292167 453.667 1
0.0301143 0.0646265 0.2925 489.5 1
0.0275269 0.0699074 0.292 544 1
0.0288935 0.069192 0.293 517.25 1
0.0275269 0.0708591 0.292 545 1
0.0297127 0.0716374 0.29325 496.562 1
0.0300628 0.0737139 0.292 477 1
0.0345348 0.0151852 0.295 458.5 1
0.0356557 0.0155056 0.295 400.75 1
0.0338649 0.0400601 0.295667 437.417 1
0.0342145 0.0513977 0.295 432.667 1
0.0337022 0.0534487 0.295 438.4 1
0.0329336 0.0568457 0.295 449.25 1
0.0314386 0.0647556 0.296 465 1
0.0320812 0.0647556 0.296 441 1
0.0304746 0.0686113 0.296 490.75 1
0.0311719 0.0715287 0.29575 472.625 1
0.0324668 0.0723442 0.296 394.6 1
0.0313324 0.0741508 0.295 455 1
0.0319729 0.0741508 0.295 428 1
0.037359 -0.0044319 0.299667 405.5 1
0.0371355 -0.00264836 0.3005 427.125 1
0.0369201 0.00487881 0.2998 429.7 1
0.0385048 0.00437657 0.301 284 1
0.0332685 0.0412376 0.298 457.75 1
0.0338822 0.0434592 0.298158 438.684 1
0.0350031 0.0449488 0.299 407 1
0.0335902 0.0470484 0.299133 444.6 1
0.0350812 0.0463519 0.299667 410.667 1
0.0333802 0.0494962 0.299 455.5 1
0.0337371 0.0554359 0.298333 436.333 1
0.0333802 0.056642 0.299 440 1
0.0336035 0.0629066 0.301 420.5 1
0.0335108 0.0651937 0.300571 414.857 1
0.0352372 0.0658495 0.301 396 1
0.0329506 0.068091 0.29925 431.583 1
0.0352372 0.0671574 0.301 393 1
0.0331824 0.0714045 0.299167 406.333 1
0.0374853 -0.00118608 0.302 422.375 1
0.0386327 -0.00151415 0.302 288.75 1
0.0373214 0.00176655 0.302 423.667 1
0.0386327 0.00176655 0.302 286.333 1
0.0346986 0.0483525 0.302 434.5 1
0.0353543 0.0483525 0.302 421 1
0.0342355 0.05069 0.30225 445 1
0.0354128 0.0504031 0.3025 423.25 1
