-0.0107386 -0.0390835 0.224 970.5 1
-0.0102523 -0.0390835 0.224 956.5 1
-0.0039299 -0.0390835 0.224 842 1
-0.00344356 -0.0390835 0.224 796 1
0.00213974 -0.038909 0.223 635.5 1
0.017235 -0.0388002 0.221 124 1
0.0196731 -0.0393536 0.2225 835 1
0.0212643 -0.0393935 0.223 607.75 1
-0.0143862 -0.0361635 0.224 3819.75 1
-0.0121626 -0.0370936 0.223977 3525.72 1
-0.00897988 -0.0370956 0.223927 3500.63 1
-0.00565418 -0.0374908 0.224 3397.18 1
-0.00162327 -0.0374564 0.2232 3176.27 1
0.00123323 -0.0376192 0.22325 2795.38 1
0.0164384 -0.0368938 0.221296 2201.93 1
0.0190624 -0.0368788 0.221415 2461.32 1
0.0211117 -0.0359825 0.2214 1998 1
-0.0106907 -0.0347908 0.223 3840 1
-0.00972235 -0.0347908 0.223 3840 1
0.0207801 -0.0347908 0.223 3338 1
0.0213279 -0.0344082 0.223667 2660 1
0.0221754 -0.0295463 0.223923 1428 1
0.021534 -0.0261041 0.223286 1819.64 1
0.0206301 -0.0222934 0.224 3231.4 1
0.0216028 -0.0218067 0.224 1639.83 1
0.0206302 -0.0203467 0.224 3098.67 1
0.0216028 -0.0203467 0.224 1522.67 1
-0.00764508 -0.0423786 0.226 890.5 1
-0.00666372 -0.0423786 0.226 896.25 1
-0.022218 -0.0388672 0.227 2863 1
-0.0187233 -0.0393156 0.227 2048.09 1
-0.0156727 -0.0396459 0.226355 1222.42 1
-0.0123112 -0.0396849 0.2252 802.15 1
-0.00836094 -0.0398385 0.2255 833.875 1
-0.00566995 -0.0400187 0.225229 770.086 1
-0.00164669 -0.0394418 0.226333 822.8 1
0.0020368 -0.0397876 0.225 840.833 1
0.00508997 -0.0392581 0.225 578.75 1
-0.0281322 -0.0356615 0.227 3755.5 1
-0.025898 -0.0363191 0.227 3776.3 1
-0.022634 -0.0367908 0.226745 3759.3 1
-0.0191681 -0.0367174 0.225898 3787.51 1
-0.0157998 -0.0366358 0.225267 3769.96 1
-0.0129849 -0.0353473 0.225 3837.88 1
-0.00443595 -0.0380359 0.225 3253.33 1
-0.00345893 -0.0380359 0.225 3150 1
0.00313594 -0.0380359 0.225 2624.5 1
-0.0285671 -0.033152 0.227 3797.94 1
-0.0261608 -0.0334421 0.227 3791 1
-0.0226302 -0.0333223 0.226184 3816.35 1
-0.0192296 -0.0333709 0.225869 3815.26 1
-0.0156903 -0.0332809 0.225708 3829.1 1
-0.0135161 -0.0332512 0.225714 3639.36 1
0.0218126 -0.0325154 0.225889 2131 1
-0.0284279 -0.0311735 0.227 3785.6 1
-0.0259403 -0.0302883 0.227 3812.42 1
-0.0226182 -0.0298297 0.226731 3835.88 1
-0.0193929 -0.0294933 0.22675 3840 1
-0.015992 -0.0299883 0.226905 3840 1
0.0220912 -0.0297117 0.225429 1641.71 1
-0.0214787 -0.0267841 0.227 3840 1
-0.0195347 -0.027058 0.227 3840 1
-0.0167967 -0.0272772 0.227 3840 1
0.0228275 -0.0262292 0.2265 934.75 1
0.0224118 -0.0229289 0.225909 1175 1
0.0207052 -0.0185994 0.225111 3120.78 1
0.0216282 -0.0185994 0.225111 1611.33 1
0.020621 -0.0156583 0.226571 3360.71 1
0.0215028 -0.0152622 0.226533 1851.07 1
0.020569 -0.0129175 0.226 3340.5 1
0.0215504 -0.0129176 0.226 1619.42 1
-0.0315002 -0.0423791 0.23 326 1
-0.0295028 -0.0423791 0.23 494.714 1
-0.0262188 -0.0428175 0.229667 639.778 1
-0.0212632 -0.0428789 0.23 782 1
-0.0187825 -0.0428131 0.229813 873.188 1
-0.0174418 -0.0421949 0.229 622 1
-0.00924031 -0.0429412 0.229 896.625 1
-0.00103753 -0.0422317 0.2292 857.2 1
0.00045513 -0.0420106 0.228 919 1
-0.0427359 -0.0388812 0.23 3485 1
-0.0404888 -0.0391311 0.23 3415.43 1
-0.0354951 -0.0391311 0.23 3367 1
-0.0329708 -0.0398206 0.229448 2363.97 1
-0.0297376 -0.0401793 0.229021 1788.19 1
-0.026293 -0.0400731 0.228417 1677.6 1
-0.0225988 -0.0402118 0.228929 1419.57 1
-0.0194693 -0.0406542 0.228821 840.143 1
-0.0167869 -0.0409572 0.2282 436.6 1
-0.00376902 -0.0409511 0.229 405.5 1
-0.0014058 -0.0412323 0.229474 401.211 1
0.000456461 -0.0411391 0.228667 413.667 1
0.00520309 -0.0411298 0.23 407.5 1
0.0214936 -0.0387908 0.228 755.25 1
-0.0427359 -0.0371322 0.23 3547.58 1
-0.0404606 -0.0368563 0.229837 3583.98 1
-0.0369384 -0.036828 0.229653 3639.22 1
-0.0332587 -0.036618 0.228347 3679.22 1
-0.0298381 -0.0366262 0.228 3708.28 1
-0.0269361 -0.0376349 0.228 3744.25 1
0.022941 -0.0365203 0.2296 1134.2 1
-0.0401815 -0.033551 0.23 3606.64 1
-0.0369453 -0.0333392 0.229694 3660.1 1
-0.0332764 -0.0331615 0.228469 3711.47 1
-0.0303848 -0.0331932 0.228 3746.67 1
0.0234034 -0.0337991 0.229273 1015.59 1
0.024928 -0.0336342 0.23 640.25 1
-0.0392404 -0.0306359 0.23 3662.38 1
-0.0369335 -0.0299444 0.229957 3700.3 1
-0.0333332 -0.0297374 0.228857 3758.92 1
-0.0298044 -0.0295738 0.228 3792.15 1
-0.0267436 -0.0287184 0.228 3823.89 1
-0.0236772 -0.0282643 0.228 3833.5 1
-0.0364939 -0.0263885 0.23 3705.94 1
-0.0334064 -0.026316 0.22964 3789.94 1
-0.0298086 -0.0262747 0.22875 3811.56 1
-0.0263262 -0.0262066 0.228429 3822.67 1
-0.0230524 -0.026014 0.228 3839.93 1
-0.0200883 -0.0246729 0.228 3840 1
0.0231802 -0.0256389 0.23 912.25 1
-0.0364582 -0.0232117 0.23 3735.21 1
-0.0334683 -0.0234637 0.23 3792.76 1
-0.0296332 -0.0229075 0.22955 3815.35 1
-0.0263891 -0.0227888 0.22898 3819.84 1
-0.0228489 -0.0227269 0.228367 3839.69 1
-0.0197583 -0.0227465 0.228 3840 1
-0.0292851 -0.0193669 0.23 3817.33 1
-0.0261712 -0.0193443 0.229574 3824.17 1
-0.0227881 -0.0193516 0.229149 3840 1
-0.0194833 -0.0190542 0.229333 3840 1
-0.0174418 -0.019557 0.229 3840 1
0.0219886 -0.0177378 0.228 1439.5 1
-0.0286193 -0.0167787 0.23 3830.62 1
-0.0259434 -0.0159477 0.23 3832.83 1
-0.0225117 -0.0158946 0.23 3840 1
-0.019936 -0.0163154 0.23 3675.16 1
0.0223846 -0.0162517 0.228 1144.4 1
-0.0252581 -0.0136459 0.23 3827.62 1
0.0208876 -0.00514072 0.2295 2745.25 1
0.0213858 -0.00514072 0.2295 1748.5 1
0.020184 0.00309437 0.23 3341 1
0.0203821 0.00515988 0.2297 2742.05 1
0.0214014 0.00533386 0.229667 1105.83 1
0.0204337 0.00859116 0.23 2496.1 1
0.0214324 0.00859116 0.23 996.143 1
0.0204337 0.01059 0.23 2323 1
0.0214324 0.01059 0.23 948 1
0.0168645 0.0166388 0.229 3840 1
0.0193389 0.0162021 0.23 3200.31 1
0.0167952 0.0183788 0.22975 3798.75 1
0.0187414 0.0183077 0.23 3580.06 1
-0.0538579 -0.0432251 0.234 600.357 1
-0.0516887 -0.043215 0.2335 500.938 1
-0.0434101 -0.0427982 0.231842 494 1
-0.0404587 -0.0431126 0.231774 548.097 1
-0.0369097 -0.0428624 0.232619 517.381 1
-0.0341994 -0.0427201 0.2324 469.5 1
-0.0294241 -0.0433788 0.231333 875.917 1
-0.0246796 -0.0426714 0.2316 597 1
-0.0232165 -0.0427211 0.231391 629.783 1
-0.0203527 -0.0433162 0.231 974.25 1
-0.00889364 -0.0426788 0.233 526.75 1
-0.0604988 -0.0389219 0.234 3136.62 1
-0.0575969 -0.0398913 0.233625 3007.5 1
-0.0543099 -0.0402473 0.233275 2775.32 1
-0.0508308 -0.0401628 0.232381 2633.69 1
-0.047408 -0.0399922 0.232095 2768.95 1
-0.0439717 -0.0403538 0.231619 2329.29 1
-0.0401027 -0.0407482 0.231233 1826.73 1
-0.036843 -0.0404765 0.231368 2037.89 1
-0.0337269 -0.0409741 0.231 1197.83 1
-0.0249354 -0.041591 0.234 676 1
-0.0239193 -0.041591 0.234 642.667 1
-0.00788188 -0.0416664 0.233 408 1
0.00647955 -0.0413087 0.231 413.5 1
0.00748262 -0.0413087 0.231 409 1
0.0237826 -0.0385483 0.231 626 1
-0.0604988 -0.0376509 0.234 3190.88 1
-0.0577639 -0.0368588 0.233426 3284.85 1
-0.054313 -0.0367817 0.232524 3362.71 1
-0.050915 -0.036699 0.232 3449 1
-0.0473072 -0.0366353 0.231592 3492.2 1
-0.0442383 -0.036384 0.231 3549.59 1
0.0237826 -0.0375446 0.231 742.667 1
0.0248572 -0.0363932 0.231667 672.667 1
-0.0574755 -0.0338126 0.233968 3323.42 1
-0.0543736 -0.033286 0.233289 3410.47 1
-0.0508176 -0.0332291 0.232191 3486.02 1
-0.047341 -0.0331898 0.231917 3556.27 1
-0.0437215 -0.033062 0.231245 3577.14 1
-0.0411664 -0.0318984 0.231 3615.75 1
0.0238535 -0.0321516 0.2312 811 1
-0.0564344 -0.031423 0.234 3280 1
-0.0541267 -0.0300304 0.233878 3377.41 1
-0.0506998 -0.0298101 0.233326 3467.33 1
-0.047143 -0.0296743 0.232783 3577.74 1
-0.0437216 -0.0297024 0.231956 3601.53 1
-0.0404801 -0.0292899 0.231 3656.18 1
-0.0381571 -0.0282598 0.231 3727 1
0.0239559 -0.0295623 0.232667 828.167 1
0.0250567 -0.0303045 0.234 695.2 1
-0.0532591 -0.0273558 0.234 3387.62 1
-0.0510364 -0.0274829 0.234 3506.62 1
-0.0468982 -0.0264316 0.233667 3587.36 1
-0.0436662 -0.0261463 0.232286 3628.98 1
-0.0402284 -0.0261772 0.231045 3634.25 1
-0.0381571 -0.0262522 0.231 3694.83 1
0.023281 -0.0270051 0.231 933.833 1
-0.0466841 -0.0228387 0.233818 3560.55 1
-0.0437016 -0.0226305 0.232476 3611.1 1
-0.0402306 -0.0227363 0.231648 3673.17 1
-0.0375329 -0.02226 0.231067 3715.47 1
-0.0330506 -0.0221003 0.231 3793.14 1
-0.0311356 -0.0217353 0.231 3746 1
0.0240853 -0.0232902 0.2315 739 1
0.0245879 -0.0232902 0.2315 698.25 1
-0.0460425 -0.0195911 0.234 3587.64 1
-0.0436431 -0.0191802 0.23351 3640.35 1
-0.0402054 -0.0191126 0.23269 3697.52 1
-0.0367327 -0.0192478 0.231673 3730.84 1
-0.0332026 -0.0194041 0.231078 3765.82 1
-0.0310729 -0.0192886 0.231 3784.12 1
0.0235498 -0.0189416 0.233667 826.5 1
-0.0435349 -0.0158858 0.234 3662.17 1
-0.0403705 -0.0156381 0.233643 3694.21 1
-0.0368875 -0.0155599 0.232469 3729.82 1
-0.033205 -0.0156979 0.231759 3778.81 1
-0.0299515 -0.015643 0.231 3821.19 1
-0.0276249 -0.0147089 0.231 3836.5 1
-0.0198511 -0.0147089 0.231 3840 1
0.0235834 -0.0169336 0.234 811.25 1
-0.0424267 -0.0129027 0.234 3633.29 1
-0.0402658 -0.0120974 0.233881 3689.26 1
-0.0368988 -0.0121034 0.232957 3706.13 1
-0.0333502 -0.0120218 0.232449 3749.53 1
-0.0296793 -0.0124691 0.231367 3796.47 1
-0.0262671 -0.0122057 0.231 3819.02 1
-0.0226095 -0.0124505 0.231 3839.82 1
-0.019756 -0.0123813 0.231 3840 1
-0.0392762 -0.00882232 0.234 3694.77 1
-0.0366723 -0.00848736 0.233915 3711.38 1
-0.0333408 -0.00858602 0.233591 3770.64 1
-0.0298107 -0.0089901 0.232388 3798.33 1
-0.0261898 -0.0089593 0.231612 3835.92 1
-0.0226459 -0.00894991 0.231367 3839.98 1
-0.0195693 -0.00862142 0.231545 3840 1
-0.0169877 -0.00774915 0.233 3840 1
0.0217364 -0.00806157 0.232333 1958 1
-0.0393131 -0.00524041 0.234 3648.55 1
-0.0366576 -0.00527141 0.234 3682.73 1
-0.0332335 -0.00524041 0.234 3761.17 1
-0.0298536 -0.00550192 0.232979 3783.75 1
-0.0263097 -0.00546218 0.232673 3809.94 1
-0.0227074 -0.00544765 0.232 3837.78 1
-0.0192006 -0.00545269 0.232245 3840 1
-0.0166841 -0.00516739 0.233 3840 1
0.0220079 -0.00636066 0.231667 1446.58 1
-0.0389067 -0.00346101 0.234 3651.5 1
-0.0368745 -0.00346101 0.234 3676 1
-0.0326408 -0.00237642 0.234 3714.27 1
-0.0297233 -0.00193206 0.233691 3760.86 1
-0.0263564 -0.00192729 0.233082 3802.67 1
-0.0227239 -0.00191973 0.232163 3839.31 1
-0.0192409 -0.00192481 0.232735 3840 1
-0.0160479 -0.00153456 0.232364 3840 1
-0.0136407 -0.000659133 0.232 3840 1
0.0212748 -0.000656292 0.231 1914.75 1
-0.0294616 0.00153054 0.234 3773.3 1
-0.026442 0.00162238 0.233837 3790.08 1
-0.0228053 0.00161605 0.233 3828.76 1
-0.0192641 0.00161605 0.233 3839.65 1
-0.0156814 0.0016129 0.232367 3840 1
-0.013137 0.00160911 0.232 3840 1
0.0214722 0.00161331 0.233143 1693.21 1
-0.0289998 0.00365658 0.234 3750 1
-0.0260006 0.00477178 0.234 3767.68 1
-0.0228137 0.00516188 0.233082 3808.04 1
-0.0192704 0.00516188 0.233082 3836.55 1
-0.0157193 0.00515854 0.232939 3838.41 1
-0.0125956 0.00549226 0.232727 3840 1
-0.00990538 0.0064252 0.233 3840 1
0.021367 0.00362533 0.232 1521.5 1
-0.0225689 0.00800972 0.233769 3762.23 1
-0.0193042 0.00870481 0.233875 3831.71 1
-0.0157578 0.00872196 0.23349 3839.2 1
-0.0121818 0.00870322 0.233 3840 1
-0.00909761 0.00911147 0.233 3840 1
-0.00560543 0.0102219 0.233 3840 1
-0.0185122 0.0115005 0.234 3799.93 1
-0.0157841 0.0122946 0.233898 3819 1
-0.0121954 0.0122608 0.233245 3833.37 1
-0.00864069 0.0122468 0.233 3840 1
-0.00542383 0.0123766 0.233 3840 1
-0.00145097 0.0128495 0.232 3840 1
0.00166426 0.0129116 0.232 3840 1
0.00424092 0.0134544 0.232 3840 1
0.0202718 0.0123926 0.231 2640.5 1
0.0213362 0.0124298 0.231667 1104.33 1
-0.0147744 0.0145872 0.234 3831 1
-0.0119095 0.0155334 0.234 3838.11 1
-0.00866816 0.0158398 0.233714 3838.29 1
-0.00510013 0.0157919 0.23302 3838.9 1
-0.00155458 0.0157535 0.232429 3840 1
0.001921 0.015666 0.232106 3840 1
0.00424092 0.0149666 0.232 3840 1
0.0202718 0.0144002 0.231 2434.75 1
-0.010964 0.0178918 0.234 3831.5 1
-0.00856488 0.019304 0.234 3834.4 1
-0.00511585 0.0193946 0.233714 3837.98 1
-0.00156003 0.0193484 0.233163 3840 1
0.00147522 0.0193205 0.232828 3840 1
0.0170118 0.0204227 0.231 2662 1
0.0194822 0.0198458 0.231462 2883.73 1
0.021827 0.0202901 0.233333 858.25 1
-0.00753467 0.021959 0.234 3840 1
-0.00508968 0.0224039 0.234 3840 1
-0.00156475 0.0227037 0.23381 3840 1
0.0017305 0.0226414 0.233167 3840 1
0.00504289 0.0228217 0.23275 3840 1
0.00845812 0.022833 0.232 3777.85 1
0.0118245 0.0235074 0.232 3826.59 1
0.015638 0.0230521 0.231 3840 1
0.019172 0.0227548 0.232064 3096.06 1
0.0219649 0.021612 0.233 816.875 1
-0.000548992 0.0247552 0.234 3840 1
0.00213641 0.0253725 0.234 3838.95 1
0.00505487 0.0263125 0.233277 3838.02 1
0.00853838 0.0263604 0.232449 3840 1
0.0120503 0.0263126 0.232041 3840 1
0.0155132 0.0262039 0.231082 3840 1
0.018876 0.0261084 0.232892 3277.89 1
0.00214179 0.0299239 0.234 3835.59 1
0.00496941 0.0297096 0.233911 3837.07 1
0.00863257 0.0298532 0.233178 3839.02 1
0.0120699 0.0298927 0.232429 3840 1
0.0155716 0.0298333 0.231959 3831.76 1
0.0188154 0.0300272 0.233257 3218.77 1
0.00546293 0.0319575 0.234 3835 1
0.00864428 0.0331316 0.234 3815.6 1
0.0121316 0.0333448 0.233619 3824.79 1
0.0156508 0.0332762 0.233143 3790.83 1
0.0183251 0.0328862 0.23375 3570.44 1
0.01012 0.0354315 0.234 3809 1
0.0124731 0.0364751 0.234 3810.97 1
0.0156092 0.0366362 0.234 3788.85 1
0.0177408 0.0359399 0.234 3761.5 1
0.0129143 0.0402613 0.234 3750.64 1
0.0154545 0.0402613 0.234 3741.5 1
0.0134223 0.0425491 0.234 3711 1
0.0149465 0.0425491 0.234 3735.88 1
-0.0705366 -0.0428966 0.237 1062.5 1
-0.0682909 -0.0429809 0.236857 967.095 1
-0.0647054 -0.0432772 0.236897 862.966 1
-0.0613164 -0.0438183 0.236676 667.892 1
-0.0577682 -0.0436161 0.2356 612.325 1
-0.0554001 -0.0440663 0.235 541.875 1
-0.0111046 -0.0428966 0.237 464.625 1
-0.00977672 -0.0428438 0.236 453.75 1
0.00123443 -0.0422793 0.235 422 1
0.00431404 -0.0424592 0.236 411.5 1
-0.0711291 -0.0397213 0.237 2851.15 1
-0.0680024 -0.0402972 0.236325 2808.65 1
-0.0646845 -0.0403593 0.235705 2823.91 1
-0.061409 -0.040533 0.235364 2759.85 1
-0.058844 -0.0412581 0.235 2367 1
-0.00952053 -0.0419465 0.236 424.75 1
0.00123443 -0.0417687 0.235 422.5 1
0.00431404 -0.0419465 0.236 412 1
-0.0713406 -0.0367819 0.237 2927.75 1
-0.0681078 -0.0368826 0.236419 3055.3 1
-0.0648008 -0.0367841 0.235786 3092.33 1
-0.0617028 -0.0363927 0.235 3231.79 1
-0.0703027 -0.0338387 0.237 2975.64 1
-0.068221 -0.0333706 0.237 3087.88 1
-0.0646824 -0.03327 0.236286 3138.43 1
-0.0610691 -0.0331188 0.235214 3237.1 1
-0.0585364 -0.0324282 0.235 3284.29 1
0.0252148 -0.0323231 0.235 684.25 1
-0.070022 -0.030796 0.237 2990 1
-0.0682107 -0.0304665 0.237 3046 1
-0.0647649 -0.0299454 0.236721 3161.3 1
-0.0613213 -0.0296466 0.236349 3238.88 1
-0.0578743 -0.0295809 0.235444 3313.78 1
-0.0556552 -0.0292597 0.235 3417 1
0.0244495 -0.0293448 0.235 767.667 1
0.0258282 -0.029335 0.235467 640.067 1
-0.0633327 -0.0277065 0.237 3241 1
-0.0611114 -0.0262571 0.236951 3267 1
-0.0577289 -0.0260568 0.235841 3349.91 1
-0.0544279 -0.026148 0.235 3472.65 1
-0.0505529 -0.025941 0.235 3511.06 1
-0.0485121 -0.025941 0.235 3568 1
0.0244495 -0.0279833 0.235 771 1
0.0249238 -0.0275559 0.2366 725.8 1
-0.0603623 -0.0228382 0.237 3296.45 1
-0.0577562 -0.0225734 0.236286 3322.31 1
-0.0541916 -0.0229047 0.235286 3435.24 1
-0.0505529 -0.0228775 0.235 3529.35 1
-0.0483987 -0.0225939 0.235 3556.44 1
0.0241433 -0.0216522 0.235 769.4 1
0.0249597 -0.0218564 0.235 686.333 1
-0.0599023 -0.0201544 0.237 3211.67 1
-0.0575717 -0.0193257 0.236886 3298.29 1
-0.0542252 -0.0194406 0.23587 3446.41 1
-0.0506452 -0.0193369 0.235429 3514.63 1
-0.0476037 -0.0191769 0.235065 3535.03 1
0.0239392 -0.0208353 0.235 796.667 1
0.0248264 -0.0197746 0.235889 701.667 1
-0.0569006 -0.0158634 0.237 3402.89 1
-0.0541981 -0.0158245 0.236429 3462.86 1
-0.0507681 -0.0157965 0.236 3546.16 1
-0.0472659 -0.0157385 0.235143 3565.31 1
-0.0449405 -0.0145808 0.235 3649.38 1
-0.0569007 -0.0138037 0.237 3343.5 1
-0.0535009 -0.0125348 0.237 3400.64 1
-0.0506491 -0.0122648 0.236442 3512.23 1
-0.0473022 -0.0121341 0.235727 3573.25 1
-0.0440827 -0.0120813 0.23505 3640.85 1
-0.0418792 -0.0108791 0.235 3629.5 1
-0.0525269 -0.00942693 0.237 3464 1
-0.0506502 -0.00897259 0.237 3439.38 1
-0.047242 -0.008703 0.236575 3540.57 1
-0.0438169 -0.00861026 0.23581 3563.93 1
-0.0410855 -0.0083546 0.235 3637.93 1
0.0227601 -0.00887442 0.236 1051.5 1
-0.0463864 -0.00566804 0.237 3554.8 1
-0.0439309 -0.00512542 0.23635 3576.45 1
-0.0411017 -0.00532359 0.235 3622.29 1
-0.0352463 -0.00398638 0.235 3738 1
-0.0347361 -0.00398638 0.235 3749 1
0.0226637 -0.00475224 0.235 967.5 1
-0.0432905 -0.00201412 0.236667 3587.42 1
-0.0402131 -0.00186907 0.2354 3646.3 1
-0.0367854 -0.00173115 0.235279 3686.3 1
-0.0338768 -0.00124541 0.235 3698.26 1
0.0226958 -0.00168975 0.235333 884.667 1
-0.0428359 0.000699774 0.237 3582.08 1
-0.0402298 0.00164351 0.236814 3630.81 1
-0.0368843 0.00157365 0.236326 3683.59 1
-0.0332764 0.00163376 0.23549 3702.67 1
-0.0309945 0.0019703 0.235 3725.11 1
0.0227601 0.00138483 0.236 831.75 1
-0.039267 0.0043372 0.237 3590.31 1
-0.0366678 0.00524583 0.236881 3645.17 1
-0.0332319 0.00516397 0.235638 3687.66 1
-0.0297019 0.00534008 0.235 3726.84 1
-0.0269978 0.00613997 0.235 3771.33 1
-0.0361123 0.00797728 0.237 3616.8 1
-0.0331362 0.0087254 0.236744 3626.72 1
-0.0297891 0.00882473 0.236225 3700.76 1
-0.0261734 0.00884877 0.235404 3720.02 1
-0.0230351 0.00968804 0.235056 3762.17 1
-0.0209602 0.0103096 0.235 3840 1
-0.0322531 0.0112212 0.237 3651 1
-0.0297852 0.0118925 0.236939 3674.45 1
-0.026168 0.0121122 0.236525 3688.48 1
-0.0227035 0.0124149 0.235721 3720.05 1
-0.0196923 0.012615 0.235 3799.3 1
-0.0253669 0.0154122 0.237 3718.7 1
-0.0226573 0.0157191 0.236349 3736.63 1
-0.0192111 0.0157017 0.235444 3796.97 1
-0.0159365 0.0159652 0.235 3813.77 1
-0.0131891 0.0168293 0.235 3836.54 1
-0.0250492 0.0184816 0.237 3695.7 1
-0.0226425 0.0191125 0.236917 3700.27 1
-0.0193069 0.0191218 0.236619 3769.95 1
-0.0159675 0.0191384 0.235609 3795.63 1
-0.0123502 0.0193085 0.235 3809.88 1
-0.00999041 0.0205211 0.235 3796 1
-0.022425 0.0212107 0.237 3723.33 1
-0.0185443 0.022219 0.237 3766.33 1
-0.0157325 0.0226545 0.236302 3799.23 1
-0.0123045 0.022596 0.235327 3780.78 1
-0.00904084 0.0228896 0.235 3819.03 1
-0.00524536 0.0238398 0.235 3837.3 1
0.0217354 0.0239413 0.236 876.5 1
-0.0151925 0.0256447 0.237 3742.94 1
-0.0123402 0.0262871 0.236625 3762.21 1
-0.00874081 0.0262135 0.235673 3784.04 1
-0.00514693 0.0261541 0.235143 3818.12 1
-0.00171417 0.0263155 0.235 3817.88 1
0.00134376 0.0267938 0.235 3832.9 1
0.0202827 0.0271585 0.235 2041 1
0.0217353 0.0249668 0.236 864.5 1
-0.0119098 0.0294408 0.236929 3754.36 1
-0.00876218 0.0296154 0.236262 3788.95 1
-0.00509937 0.0297408 0.236022 3809.15 1
-0.00157475 0.0297426 0.235245 3813.53 1
0.00101334 0.0290987 0.235 3824.2 1
0.0202146 0.029405 0.235 1981.6 1
-0.0111046 0.031509 0.237 3770.5 1
-0.00847238 0.032321 0.237 3749.65 1
-0.00526834 0.0329318 0.237 3749.97 1
-0.00151217 0.0332884 0.235978 3771.11 1
0.00174677 0.0333274 0.235286 3794.02 1
0.004924 0.0336797 0.235054 3808.41 1
0.00735708 0.0345618 0.235 3838.25 1
0.0197609 0.0334817 0.235435 2360.17 1
0.0210556 0.0345985 0.237 938 1
-0.00107058 0.0361997 0.236909 3715.64 1
0.00175631 0.0368565 0.236611 3752.78 1
0.00507133 0.0366937 0.235571 3777.31 1
0.00862129 0.036848 0.235 3786 1
0.011091 0.0376485 0.235 3789.45 1
0.0173064 0.0378805 0.235 3719.33 1
0.0192073 0.0366672 0.235677 2813.87 1
0.0210556 0.0356283 0.237 909.667 1
-4.14675e-05 0.0418073 0.237 3708 1
0.00218218 0.0405384 0.237 3742.86 1
0.00509606 0.0402082 0.236674 3738.9 1
0.00863948 0.0402834 0.235844 3736.02 1
0.0111837 0.0404334 0.235 3750.29 1
0.0173064 0.0404334 0.235 3702.29 1
0.0186786 0.0401248 0.235852 3251.78 1
-4.14675e-05 0.0428372 0.237 3690.33 1
0.00189491 0.0437857 0.237 3724.26 1
0.0047982 0.0435608 0.237 3714.11 1
0.00881155 0.0436027 0.23675 3735.35 1
0.0121013 0.0439788 0.235632 3726 1
0.0159748 0.0440425 0.235265 3719.03 1
0.0183253 0.0436061 0.236625 3511.81 1
0.00433232 0.0461841 0.237 3712.5 1
0.00990675 0.0466132 0.237 3691.22 1
0.01237 0.0470545 0.236692 3706.03 1
0.0158213 0.0470761 0.236625 3721.55 1
0.0134401 0.0498916 0.237 3724.7 1
0.0151667 0.0503321 0.237 3731.3 1
-0.0787367 -0.0432881 0.239818 994.182 1
-0.0754907 -0.0432284 0.238833 1060.46 1
-0.0726428 -0.0430776 0.238 1040.06 1
-0.0638952 -0.0450351 0.238 506.714 1
0.0237656 -0.0423115 0.241 592.5 1
-0.078783 -0.0404514 0.239 2029.93 1
-0.0753326 -0.0402912 0.238333 2817.26 1
-0.072772 -0.0409446 0.238 2739.12 1
0.0235684 -0.0409241 0.239 633 1
0.0258586 -0.0399553 0.241 607.25 1
-0.0780684 -0.0366139 0.238 2278.14 1
-0.0752264 -0.0366139 0.238 2839.93 1
-0.0729873 -0.0359245 0.238 2916.58 1
0.0267376 -0.0371038 0.2395 593.5 1
-0.0783496 -0.0331122 0.238857 2120.54 1
-0.075438 -0.0330856 0.238667 2810.12 1
-0.0721868 -0.0331768 0.238 2930.56 1
0.0267935 -0.0345751 0.24 582.5 1
-0.0785951 -0.0295786 0.2402 2105.18 1
-0.0752191 -0.0296251 0.239256 2839.58 1
-0.0718276 -0.0298837 0.23825 2935.73 1
-0.0684228 -0.0288289 0.238 3105.56 1
-0.0651501 -0.0283405 0.238 3207.4 1
0.0260535 -0.0283405 0.238 638.5 1
-0.0786062 -0.0263569 0.241 2154.21 1
-0.0754049 -0.0261537 0.240125 2835.7 1
-0.0717613 -0.0263273 0.2385 2964.93 1
-0.06832 -0.0262982 0.238245 3071.73 1
-0.0647002 -0.0262106 0.238043 3153.09 1
-0.0776136 -0.0235926 0.241 2635.25 1
-0.0750786 -0.0227752 0.240366 2812.83 1
-0.0715421 -0.0228271 0.239227 2912.48 1
-0.0682778 -0.0227477 0.239 3073.81 1
-0.0647403 -0.0226887 0.238388 3157.57 1
-0.0619981 -0.0223422 0.238 3255.4 1
-0.0745294 -0.0196933 0.240909 2856.09 1
-0.0718046 -0.0192221 0.240381 2892.4 1
-0.0683743 -0.0191387 0.239333 3051.05 1
-0.0648724 -0.0191025 0.238878 3144.47 1
-0.0615057 -0.0190436 0.238324 3233.24 1
-0.059156 -0.018309 0.238 3233.8 1
0.0253353 -0.0184874 0.241 703.25 1
-0.0715929 -0.0157821 0.241 2933.31 1
-0.0683514 -0.0156422 0.24035 3023.27 1
-0.06477 -0.0157988 0.239105 3158.11 1
-0.0614243 -0.015819 0.238789 3237.26 1
-0.0589493 -0.0159303 0.238 3283.33 1
0.0240272 -0.0153457 0.241 837 1
0.0250737 -0.0153457 0.241 734.167 1
-0.0705311 -0.0130643 0.241 2898 1
-0.0682415 -0.0122945 0.240895 3011.11 1
-0.0647454 -0.0123626 0.240085 3135.7 1
-0.0613443 -0.0124295 0.238946 3177 1
-0.0579847 -0.0121728 0.238 3250.4 1
-0.0551772 -0.0118453 0.238 3366.05 1
0.0235775 -0.0117535 0.23975 975.562 1
0.0248378 -0.011896 0.24 723.25 1
-0.067698 -0.00927188 0.241 3044.85 1
-0.0648492 -0.00878953 0.240714 3117.22 1
-0.0611181 -0.00874191 0.239405 3166.76 1
-0.0576241 -0.00865844 0.23866 3275.55 1
-0.0543346 -0.00868876 0.238325 3336.05 1
-0.0510261 -0.00731217 0.238 3397.44 1
-0.0486146 -0.00713981 0.238 3414 1
0.0237792 -0.00898767 0.238222 838.333 1
0.02509 -0.0089747 0.238667 682.167 1
-0.0644842 -0.00609991 0.241 3097.58 1
-0.0612497 -0.00518172 0.240175 3144.98 1
-0.0577877 -0.00510407 0.239612 3245.02 1
-0.0543498 -0.00509876 0.239357 3291.69 1
-0.0507435 -0.00507652 0.238286 3436.9 1
-0.0477343 -0.00472672 0.238 3513.15 1
0.0240069 -0.00627175 0.2395 747.25 1
0.0245505 -0.00592079 0.241 717 1
-0.0604482 -0.00219735 0.241 3115.39 1
-0.0576661 -0.00167898 0.24095 3238.7 1
-0.0541348 -0.00172409 0.239944 3336.83 1
-0.050676 -0.00176986 0.238737 3455.42 1
-0.0470644 -0.00171036 0.238 3530.9 1
-0.0447391 -0.00067618 0.238 3595.75 1
-0.0596924 0.00140973 0.241 3159 1
-0.0575667 0.00163881 0.241 3189.4 1
-0.0540273 0.00166749 0.240238 3308.12 1
-0.0507068 0.00169962 0.239535 3398.49 1
-0.0471321 0.00162301 0.2385 3499.58 1
-0.0439938 0.00203083 0.238067 3498.6 1
-0.0416388 0.003202 0.238 3555 1
0.023178 0.00201671 0.240333 818.5 1
-0.0570388 0.00421477 0.241 3175.14 1
-0.0540752 0.00502878 0.241 3284.09 1
-0.0507591 0.00533365 0.240816 3322.12 1
-0.0471534 0.00531144 0.239762 3413.71 1
-0.043791 0.00535088 0.238909 3454.86 1
-0.0406155 0.00554574 0.238059 3563.41 1
-0.03828 0.00656309 0.238 3610 1
0.0232424 0.00376596 0.241 806.5 1
-0.0494891 0.00769303 0.241 3292.5 1
-0.0472412 0.00860535 0.240875 3339.88 1
-0.043714 0.008734 0.239651 3430.67 1
-0.040202 0.00891566 0.238667 3552.36 1
-0.0370669 0.00950077 0.238103 3609.72 1
-0.0341461 0.0104413 0.238 3639 1
-0.046143 0.0122815 0.241 3408.32 1
-0.0436931 0.0120767 0.240139 3446.49 1
-0.0402163 0.0123945 0.23959 3549.36 1
-0.0367648 0.0122437 0.239 3608.54 1
-0.0333895 0.012477 0.238235 3628.44 1
-0.0297538 0.0135438 0.238 3689.33 1
-0.0276869 0.0135438 0.238 3690 1
-0.0457889 0.0149861 0.241 3392.57 1
-0.0436545 0.0157391 0.240925 3426.35 1
-0.0402676 0.0157852 0.240612 3498.16 1
-0.0367716 0.0157414 0.239952 3586.52 1
-0.0332105 0.0156583 0.238694 3614.53 1
-0.0298015 0.0156384 0.238381 3652.4 1
-0.0272099 0.0157315 0.238 3684.77 1
0.0219195 0.0148365 0.238 1036 1
-0.039652 0.0187935 0.241 3438.85 1
-0.0368645 0.0191774 0.240556 3572.17 1
-0.0332711 0.0192906 0.239532 3379.85 1
-0.0298172 0.0193364 0.238837 3504 1
-0.0266837 0.0193702 0.238026 3656.08 1
-0.0243281 0.0207831 0.238 3676 1
0.0219195 0.0189732 0.238 921.25 1
-0.0360834 0.0220294 0.241 2799.4 1
-0.0332526 0.022793 0.240622 2115.97 1
-0.0296886 0.0227407 0.239548 2390.48 1
-0.0262288 0.022673 0.238833 2889.81 1
-0.0227794 0.0229208 0.238289 3564.42 1
-0.0197637 0.0234547 0.238 3736.62 1
-0.0323527 0.0252339 0.241 1652.5 1
-0.0295862 0.0257763 0.240588 1944.09 1
-0.0261334 0.0262107 0.240042 2140.77 1
-0.0227376 0.0261341 0.239293 3562.02 1
-0.0191849 0.0262448 0.238286 3698.95 1
-0.0163475 0.0266721 0.238 3727.44 1
0.0221959 0.0275901 0.241 845.25 1
-0.0285592 0.0283755 0.241 2592 1
-0.026131 0.0297507 0.240864 3424.95 1
-0.0227002 0.0298108 0.239905 3615.74 1
-0.0192603 0.0297264 0.239224 3675.49 1
-0.0158334 0.0296306 0.238452 3709.86 1
-0.0134423 0.0301941 0.238 3752.67 1
0.0206277 0.0285394 0.238 1730 1
0.021565 0.0284738 0.2392 1011.8 1
-0.0261318 0.0330235 0.240884 3579.07 1
-0.0227144 0.0332194 0.240055 3626.53 1
-0.0193109 0.0331923 0.239857 3642.86 1
-0.0155628 0.0331814 0.239182 3707.98 1
-0.0122605 0.033335 0.23845 3715.9 1
-0.00918558 0.0340251 0.238 3753.09 1
-0.00520898 0.0347445 0.238 3724.14 1
0.0206277 0.0339689 0.238 1394 1
0.0211444 0.0339689 0.238 941.5 1
-0.0250272 0.0357061 0.241 3566.38 1
-0.0226539 0.0361923 0.241 3583.07 1
-0.0193268 0.0366487 0.240745 3636.28 1
-0.0157347 0.0366778 0.240064 3678.15 1
-0.0122508 0.0367517 0.239278 3666.44 1
-0.00884871 0.0366472 0.238595 3704.79 1
-0.00521638 0.0366031 0.238309 3735.4 1
-0.0021947 0.0374161 0.238 3704 1
0.0208877 0.0383241 0.241 1209 1
0.0218432 0.0352972 0.24 774 1
-0.0183907 0.0397902 0.241 3595.93 1
-0.0157296 0.0403919 0.240837 3639.57 1
-0.0122343 0.0404112 0.240591 3639.73 1
-0.00883195 0.0401864 0.239936 3652.85 1
-0.00518226 0.0401711 0.239039 3696.94 1
-0.00162414 0.0404002 0.238 3700.73 1
0.000918007 0.0398785 0.238 3709.79 1
0.0205577 0.0397616 0.2402 1422.9 1
-0.0178326 0.0427748 0.241 3528.5 1
-0.0156188 0.0432581 0.241 3606.96 1
-0.0118327 0.0435427 0.241 3615.07 1
-0.00859774 0.0438645 0.240461 3653.62 1
-0.00528503 0.0437571 0.238851 3680.83 1
-0.00171109 0.0438532 0.238 3672.72 1
0.000475092 0.0445692 0.238 3672 1
0.00615917 0.0446985 0.238 3732.88 1
0.00796773 0.0450863 0.238 3730.25 1
0.0199198 0.0442008 0.2388 1964.9 1
0.0216726 0.0448692 0.241 711 1
-0.0105071 0.04644 0.241 3603.25 1
-0.00862602 0.0472312 0.240806 3623.69 1
-0.00524295 0.047193 0.2395 3635.62 1
-0.00152917 0.047185 0.238844 3640.6 1
0.00173212 0.0473753 0.238054 3668.22 1
0.00527334 0.0473393 0.238 3672.5 1
0.00836576 0.0473643 0.238 3728.46 1
0.0113265 0.0487059 0.238 3703.33 1
0.0170106 0.0487059 0.238 3697 1
0.0193813 0.0473382 0.239135 2393.59 1
-0.00841413 0.0495817 0.241 3618.1 1
-0.00499142 0.0502389 0.2408 3645.4 1
-0.00167682 0.0508331 0.240239 3636.17 1
0.00177381 0.0507289 0.239 3641.14 1
0.00514364 0.0506935 0.238833 3646.43 1
0.00876418 0.0506435 0.238595 3682.14 1
0.0121368 0.0508618 0.238139 3700.28 1
0.0165728 0.0511223 0.238071 3672.21 1
0.018566 0.0505299 0.239577 3173.65 1
-0.00115817 0.0540675 0.240767 3646.67 1
0.00181219 0.0542701 0.239902 3650.46 1
0.00516508 0.054289 0.239816 3630.55 1
0.00879703 0.0542157 0.23949 3662.96 1
0.0123313 0.0541965 0.2388 3670.2 1
0.0157998 0.0542413 0.238676 3630.3 1
0.0182052 0.0542721 0.240474 3370.37 1
-0.000356115 0.056441 0.241 3620 1
0.00199581 0.0576633 0.240931 3606.14 1
0.00517666 0.057812 0.240381 3603.76 1
0.00881928 0.0577422 0.240095 3607.74 1
0.0124005 0.0575768 0.239537 3622.49 1
0.0157632 0.0576122 0.239405 3602.22 1
0.018251 0.0575438 0.240722 3349.06 1
0.00309732 0.059792 0.241 3532 1
0.00566598 0.0600776 0.241 3604.27 1
0.00896836 0.061241 0.240978 3584.36 1
0.0122192 0.0611941 0.240333 3557.64 1
0.015543 0.0611235 0.240276 3577.89 1
0.0177482 0.0608392 0.241 3432.6 1
0.0123781 0.0646024 0.240875 3518.47 1
0.0152554 0.0646023 0.240875 3486.44 1
0.0153937 0.0668607 0.241 3396.5 1
0.0256529 -0.0425732 0.244 541.25 1
0.0259659 -0.0404716 0.242 578.917 1
0.0270167 -0.0359148 0.242 581 1
0.0271283 -0.0339515 0.243 593.75 1
0.0267102 -0.0285248 0.244 639 1
-0.079906 -0.0250049 0.242 1253.38 1
0.0265408 -0.0263841 0.243643 647.714 1
0.0280576 -0.0258963 0.2442 543.8 1
-0.0790726 -0.0225775 0.242114 1895.97 1
-0.0784535 -0.0192499 0.2428 2399.77 1
-0.0760295 -0.0189813 0.242111 2801.56 1
0.0257558 -0.0179958 0.245 712 1
-0.0784441 -0.0157473 0.243167 2307.36 1
-0.07516 -0.0156107 0.242342 2824.45 1
-0.0727603 -0.0144104 0.242 2926.4 1
0.0241269 -0.0143578 0.242 832.5 1
0.0254317 -0.0156218 0.243167 717.25 1
-0.0787233 -0.0120431 0.244295 2280.7 1
-0.0752431 -0.0120661 0.243548 2777.6 1
-0.0720568 -0.0121031 0.242357 2875.86 1
0.0254405 -0.0133063 0.242 684.25 1
-0.0786765 -0.00877781 0.244974 2285.82 1
-0.0751045 -0.00861557 0.244162 2789.38 1
-0.0718133 -0.00887438 0.243057 2893.4 1
-0.0691827 -0.00840696 0.242 3034.5 1
-0.0780327 -0.00549629 0.24496 2509.16 1
-0.0751328 -0.00524071 0.244279 2698.91 1
-0.071765 -0.00515269 0.243683 2849 1
-0.0682515 -0.00510842 0.242636 3001.55 1
-0.0649328 -0.00445829 0.242167 3062.46 1
0.0243263 -0.00493424 0.244 758 1
0.0248561 -0.00493424 0.244 704.5 1
-0.0749566 -0.00211553 0.245 2712.08 1
-0.072039 -0.00175819 0.244722 2819.03 1
-0.0682767 -0.00175033 0.243619 2957.98 1
-0.0646141 -0.00174421 0.242778 3016.28 1
-0.0618082 -0.00127175 0.242 3082.22 1
-0.07185 0.00156885 0.244838 2848.27 1
-0.0683376 0.00165964 0.243958 2921.94 1
-0.0647236 0.00168766 0.243191 3005.24 1
-0.0615226 0.0017243 0.242194 3074.53 1
-0.0594146 0.00325581 0.242 3165 1
0.024426 0.00329617 0.245 722 1
0.0249579 0.00329617 0.245 688 1
-0.0712293 0.00482364 0.245 2868.74 1
-0.0680186 0.00489091 0.244862 2938.62 1
-0.06466 0.00511728 0.244263 2992.37 1
-0.0611692 0.00542639 0.243175 3044.3 1
-0.0579205 0.00576954 0.242129 3117.68 1
-0.0549486 0.00667338 0.242 3164.38 1
0.0234224 0.00548387 0.242231 787.154 1
0.0249579 0.00382847 0.245 683 1
-0.0665344 0.00755456 0.245 2952 1
-0.0644536 0.00836867 0.245 3018.44 1
-0.0611621 0.00883921 0.243722 3029.72 1
-0.0577876 0.00880923 0.242889 3147.78 1
-0.0542351 0.00879005 0.242333 3254.14 1
-0.0509099 0.00891434 0.242156 3327.47 1
-0.0486436 0.00982809 0.242 3341.5 1
0.0234674 0.00882922 0.243333 757.083 1
-0.0638121 0.0120321 0.245 2940.53 1
-0.0612497 0.0122993 0.244071 2985.05 1
-0.0578264 0.012327 0.243409 3072.86 1
-0.0543502 0.0121967 0.243149 3179.91 1
-0.0509405 0.0122415 0.242929 3278.02 1
-0.0481181 0.0121941 0.242 3364.75 1
0.0236281 0.0139421 0.245 713.5 1
-0.0633428 0.0147405 0.245 2949 1
-0.0610974 0.0156858 0.244871 3029 1
-0.0577192 0.0156911 0.24405 3053.77 1
-0.0543432 0.0157407 0.244 3148.33 1
-0.0509908 0.0156869 0.243167 3238.31 1
-0.0475552 0.0160122 0.242 3348.86 1
-0.0452283 0.017189 0.242 3376.5 1
0.0227611 0.0160205 0.24425 908.625 1
-0.0600182 0.0182005 0.245 3021 1
-0.0577383 0.0184605 0.244917 3064.46 1
-0.054322 0.019134 0.244359 3178.26 1
-0.0508707 0.0192071 0.243532 3191.11 1
-0.0472489 0.0193127 0.242676 3261.11 1
-0.0436742 0.0193021 0.242119 3358.93 1
-0.0407623 0.0198179 0.242 3442.31 1
0.023199 0.0191897 0.243625 792.125 1
0.0249579 0.0195312 0.245 610.5 1
-0.0541351 0.0227895 0.244909 3141.48 1
-0.0508515 0.0226057 0.244359 3182.44 1
-0.0472582 0.0227935 0.244465 3225.35 1
-0.043613 0.0227682 0.243 3339.44 1
-0.0402689 0.0227286 0.24219 2726.19 1
-0.0374346 0.0233231 0.242 2137.46 1
-0.053922 0.0260449 0.245 3088.82 1
-0.0508424 0.026185 0.245 3187.31 1
-0.0473767 0.0262169 0.24466 3207.77 1
-0.0437086 0.0263202 0.243778 3322.97 1
-0.0402692 0.0263213 0.2433 2237.88 1
-0.0367435 0.0261358 0.242579 2355.11 1
-0.0335941 0.0264595 0.242467 1933.17 1
-0.0302539 0.0274417 0.242 1621.92 1
0.0233435 0.0266786 0.24375 677.062 1
0.0249579 0.0269835 0.245 507 1
-0.0505764 0.0288465 0.245 3110.62 1
-0.0473848 0.0291126 0.245 3218 1
-0.043849 0.0295917 0.244556 3306.75 1
-0.040298 0.0297842 0.243959 3322.57 1
-0.0365773 0.0297747 0.243878 3107.9 1
-0.0330436 0.0296904 0.243191 2268.83 1
-0.0298202 0.029914 0.242235 2714.32 1
0.0228904 0.0296635 0.243444 775.5 1
-0.0433873 0.0328307 0.245 3254.82 1
-0.0401967 0.0332886 0.244649 3357.41 1
-0.0366878 0.0332189 0.244075 3379 1
-0.0330526 0.0333243 0.242636 3435.8 1
-0.0297285 0.0332253 0.242 3471.83 1
-0.0276268 0.0345398 0.242 3544.75 1
0.0226509 0.0336486 0.244412 716.059 1
-0.0420655 0.0352341 0.245 3245 1
-0.0395721 0.0361324 0.245 3306.38 1
-0.0366866 0.0367702 0.244592 3350.1 1
-0.0330476 0.0368289 0.243222 3445.08 1
-0.0296548 0.0368324 0.2429 3473.48 1
-0.026327 0.0369563 0.242121 3539.42 1
-0.0230557 0.0380625 0.242 3542.4 1
-0.0205337 0.0384831 0.242 3606 1
0.0225388 0.0368452 0.244455 682 1
-0.0363472 0.040291 0.245 3324.69 1
-0.0332433 0.0402376 0.244667 3365.39 1
-0.0296466 0.0403136 0.243936 3423.45 1
-0.026211 0.0403354 0.242923 3486.85 1
-0.0226961 0.0404318 0.242643 3579.81 1
-0.0196739 0.0406579 0.242 3612.5 1
0.0205335 0.0418099 0.243 1638 1
0.0218836 0.0404861 0.243933 801.8 1
-0.0328794 0.0433005 0.245 3326.08 1
-0.0298074 0.0438059 0.244295 3345.73 1
-0.0262357 0.0437886 0.243722 3402.28 1
-0.022777 0.0437484 0.2435 3488.52 1
-0.0192925 0.0437898 0.24227 3530.57 1
-0.0160019 0.0449239 0.242 3607.44 1
-0.01274 0.0447049 0.242 3590.83 1
0.0205335 0.0428658 0.243 1608 1
0.0216837 0.0432973 0.243154 802.231 1
-0.0322248 0.0466786 0.245 3361.75 1
-0.0297803 0.0471291 0.244571 3346.17 1
-0.0261789 0.0470946 0.244105 3399.76 1
-0.0226887 0.0470658 0.244048 3453.33 1
-0.0193516 0.0472466 0.242947 3547.82 1
-0.015821 0.0472059 0.242238 3575.74 1
-0.0122125 0.0474214 0.242 3545.02 1
-0.0100253 0.0484729 0.242 3593 1
-0.0290036 0.0499314 0.245 3235.28 1
-0.0262475 0.0502925 0.245 3356.08 1
-0.0226353 0.0505479 0.244833 3434.61 1
-0.0192291 0.0507702 0.243897 3493.85 1
-0.0157619 0.0505038 0.243205 3514.38 1
-0.0122268 0.0509177 0.242773 3529.73 1
-0.00881279 0.0512434 0.242 3603.81 1
-0.00599709 0.0517152 0.242 3628.92 1
0.0198692 0.0519659 0.2426 1985.2 1
0.0218008 0.0506126 0.2442 613.8 1
-0.0215861 0.0527999 0.245 3423 1
-0.018582 0.0537573 0.2448 3419.24 1
-0.0156895 0.0542396 0.244286 3496.26 1
-0.0122072 0.0543451 0.243571 3504.45 1
-0.00873804 0.054156 0.242722 3488.44 1
-0.00524169 0.0541185 0.242182 3563.48 1
-0.002757 0.0549576 0.242 3604.67 1
0.0199374 0.0541264 0.242529 1707.53 1
0.0211304 0.054445 0.2438 697.4 1
-0.0175966 0.0567922 0.245 3395 1
-0.0155132 0.0574132 0.245 3421.12 1
-0.0122153 0.057774 0.244465 3454 1
-0.0087588 0.057717 0.243286 3467.98 1
-0.00537551 0.0577215 0.243021 3502.3 1
-0.00179139 0.0578615 0.242216 3559.19 1
0.000798326 0.0586731 0.242 3532.4 1
0.0199639 0.0575482 0.243158 1648.21 1
0.0215312 0.0575534 0.244333 603.556 1
-0.0115523 0.0603866 0.244929 3379.93 1
-0.00864715 0.0612794 0.244633 3430.6 1
-0.00534284 0.0613448 0.244048 3455.98 1
-0.00158831 0.0611002 0.242907 3519.14 1
0.00170346 0.0613787 0.242526 3554.03 1
0.00504499 0.0617608 0.242161 3581.23 1
0.00757623 0.062669 0.242 3584.5 1
0.0172965 0.062669 0.242 3494 1
0.0193191 0.0613709 0.242788 2224.42 1
0.0211477 0.0618616 0.244 579 1
-0.00748992 0.0637121 0.245 3392 1
-0.00519248 0.0646933 0.244895 3366.66 1
-0.00163419 0.0646586 0.244262 3439.86 1
0.00180578 0.0648873 0.243417 3487.14 1
0.0052263 0.0647006 0.242714 3482.5 1
0.00890625 0.0648388 0.2421 3550.43 1
0.0112542 0.0660866 0.242 3517.5 1
0.0170099 0.0652501 0.242 3386.55 1
0.0189367 0.0647669 0.242594 2438.09 1
0.0210611 0.0660957 0.243 527 1
-0.00456429 0.0669058 0.245 3326 1
-0.00136205 0.0675017 0.24496 3351.88 1
0.00184874 0.0682105 0.244086 3407.71 1
0.00524415 0.068085 0.2435 3406.74 1
0.00860996 0.0682867 0.243 3423.02 1
0.012066 0.0683317 0.2425 3425.05 1
0.0157554 0.0683303 0.242105 3432.16 1
0.0191945 0.0681733 0.243706 2060.97 1
0.0211911 0.0678334 0.2445 504.5 1
0.00226217 0.0708094 0.245 3376.83 1
0.00544526 0.0714225 0.244667 3282.92 1
0.00867561 0.0717548 0.243389 3315 1
0.0121298 0.0719012 0.243104 3351.1 1
0.0156123 0.0717016 0.243098 3427.76 1
0.0183778 0.0715657 0.244733 2928.53 1
0.00660628 0.074358 0.245 3183.25 1
0.00877454 0.0751644 0.244412 3182.12 1
0.0120622 0.0754464 0.244079 3256.87 1
0.0154472 0.0750501 0.244385 3296.92 1
0.0177769 0.0738257 0.245 3181.25 1
0.00953189 0.0777589 0.245 3118.67 1
0.0122802 0.0783503 0.245 3212.23 1
0.0145853 0.0775518 0.245 3284.25 1
0.0275749 -0.0409501 0.247 543.75 1
0.0275749 -0.0328982 0.247 611.375 1
0.0293019 -0.0316865 0.248 493 1
0.0278054 -0.0288359 0.246667 578.333 1
0.0288676 -0.029943 0.247571 513.286 1
0.0270021 -0.0232065 0.246667 635 1
0.0271481 -0.0147138 0.248 621.5 1
-0.0806926 -0.00791427 0.246 1030 1
-0.0806926 -0.00524191 0.246 884.714 1
-0.0796244 -0.00470744 0.246 1961.56 1
0.023821 -0.00392161 0.247 942.5 1
0.0248936 -0.00392161 0.247 738 1
-0.0809113 -0.00177119 0.246667 695.167 1
-0.0788593 -0.00176817 0.246111 2209.25 1
-0.0763308 -0.00105522 0.246 2688.83 1
0.0253197 -0.00214049 0.247667 694 1
-0.0808944 0.00182725 0.2476 854.2 1
-0.0789677 0.00171606 0.247167 2196.55 1
-0.0754266 0.00170766 0.246119 2694.5 1
-0.0732152 0.00277515 0.246 2798 1
-0.0808102 0.00495298 0.248 991.8 1
-0.0787168 0.00524934 0.247921 2372.61 1
-0.075195 0.00512338 0.246758 2646.64 1
-0.0720469 0.00581496 0.246 2783.44 1
-0.0687134 0.00628739 0.246 2871.71 1
-0.0777889 0.00806614 0.248 2477.33 1
-0.0749978 0.0087434 0.247366 2612.12 1
-0.0715848 0.00864244 0.246674 2797.4 1
-0.0682729 0.00874051 0.246103 2862.41 1
-0.0658712 0.0097233 0.246 2917.12 1
-0.0749258 0.0119576 0.248 2618.5 1
-0.0716685 0.0121832 0.247111 2720.69 1
-0.0682112 0.0121869 0.246432 2781.78 1
-0.065459 0.0125118 0.246 2886.7 1
0.0237567 0.0121463 0.246333 733.667 1
0.0249439 0.0116636 0.2475 652.5 1
-0.0740796 0.0146517 0.248 2624.67 1
-0.0714926 0.0151111 0.247867 2729.27 1
-0.0679614 0.0155205 0.247513 2826.36 1
-0.0646352 0.0160286 0.246375 2929.53 1
-0.0623551 0.0170277 0.246 3026.67 1
0.0238017 0.0161868 0.2468 705.8 1
0.0252131 0.0169067 0.2475 609.75 1
-0.0676183 0.0192316 0.248 2794.04 1
-0.0646357 0.0191459 0.246889 2871.03 1
-0.0614178 0.0195953 0.246 2949.5 1
-0.0577262 0.0204127 0.246 3066.57 1
0.0237245 0.0182748 0.246 707.5 1
0.0254334 0.0193112 0.246167 557.958 1
-0.0673491 0.0221951 0.248 2796.69 1
-0.0647773 0.022683 0.247429 2831.17 1
-0.0613096 0.0228599 0.246444 2928 1
-0.0577262 0.0228178 0.246 3028.55 1
0.0255327 0.0219257 0.248 453.75 1
-0.0643178 0.0261265 0.248 2812.41 1
-0.0611588 0.0261224 0.246917 2854.11 1
-0.0575668 0.0260681 0.246098 2951.22 1
-0.0553227 0.027628 0.246 3090.5 1
0.0247927 0.0278953 0.246 565.5 1
-0.06358 0.0286609 0.248 2811.67 1
-0.0609365 0.0292527 0.247833 2849.33 1
-0.0578873 0.0297726 0.2476 2892.1 1
-0.054329 0.0298072 0.246333 3040.06 1
-0.0510741 0.0304462 0.246 3120.23 1
-0.0473111 0.0308349 0.246 3220.75 1
0.0237245 0.0308349 0.246 679.5 1
-0.0569167 0.0325673 0.248 2931 1
-0.0540015 0.0331314 0.247647 3051.32 1
-0.0507111 0.0331008 0.246944 3083.11 1
-0.047326 0.033235 0.246244 3172.44 1
-0.0447169 0.0340799 0.246 3206.57 1
0.0237245 0.0324383 0.246 606.375 1
-0.0495505 0.0364438 0.248 3108.67 1
-0.0471075 0.036951 0.247091 3159.73 1
-0.0437786 0.0367063 0.246132 3208.45 1
-0.0407875 0.037134 0.246 3213.9 1
-0.0467694 0.0400232 0.247571 3103.46 1
-0.0436917 0.0402671 0.246975 3140.98 1
-0.0404252 0.0402513 0.246146 3195.63 1
-0.038178 0.0404554 0.246 3299 1
-0.0463198 0.0434484 0.248 3061.83 1
-0.0439468 0.0438814 0.24779 3131 1
-0.0404375 0.043737 0.246417 3182.08 1
-0.0368962 0.0436622 0.246 3317.95 1
-0.0341366 0.0443748 0.246 3308.83 1
-0.0460805 0.045903 0.248 3031.5 1
-0.0435318 0.0469088 0.248 3128.9 1
-0.0401193 0.0471043 0.247429 3171.31 1
-0.0367392 0.0471697 0.24678 3257.51 1
-0.0337758 0.0473279 0.246125 3288.44 1
-0.0398884 0.0491359 0.248 3183.2 1
-0.0364854 0.0504722 0.248 3201.36 1
-0.0331034 0.0507278 0.246842 3242.66 1
-0.0300689 0.0513888 0.246 3238.91 1
-0.0257286 0.0521895 0.246 3319.36 1
-0.0232766 0.052481 0.246 3381.5 1
0.020787 0.0511448 0.246 1177.25 1
0.0218378 0.0517099 0.2464 656.9 1
-0.0350423 0.0531771 0.248 3137.5 1
-0.0328515 0.0539622 0.247714 3230.86 1
-0.0297709 0.0544167 0.246694 3241.39 1
-0.0262319 0.0543894 0.246167 3297.71 1
-0.0228164 0.0544568 0.246118 3348.56 1
-0.0200126 0.0549158 0.246 3356.72 1
0.020956 0.0542547 0.248 1026.5 1
0.0220968 0.0544976 0.247 583.786 1
-0.0318117 0.0566794 0.248 3168 1
-0.0295162 0.057762 0.247656 3233.97 1
-0.0262244 0.0577916 0.247256 3238.72 1
-0.02283 0.0577797 0.246945 3254.72 1
-0.0193247 0.0577946 0.24619 3358.17 1
-0.0162441 0.0589837 0.246 3415.92 1
0.0222121 0.0569875 0.247 523.667 1
-0.0254401 0.0605409 0.248 3165.17 1
-0.0226685 0.0611388 0.247765 3282.85 1
-0.0193176 0.0611444 0.247132 3301.21 1
-0.0158249 0.0613978 0.246389 3312.22 1
-0.0127705 0.0617235 0.246148 3324.15 1
-0.0096569 0.0626359 0.246 3424.67 1
0.020787 0.0607653 0.246 844 1
0.0213211 0.0607653 0.246 604.5 1
-0.0214466 0.063684 0.248 3283.12 1
-0.0189943 0.0643759 0.247967 3226.93 1
-0.0158531 0.0649693 0.247622 3281.46 1
-0.0123354 0.0647177 0.246927 3297.44 1
-0.00894019 0.0648601 0.246147 3355.79 1
-0.00698638 0.0655755 0.246 3316 1
-0.0178121 0.0669169 0.248 3212 1
-0.0153814 0.0681484 0.248 3236.06 1
-0.0121074 0.068226 0.247676 3233.95 1
-0.00885276 0.0683867 0.246805 3240.9 1
-0.00548422 0.0684483 0.246 3243.75 1
-0.00217945 0.0690496 0.246 3330.62 1
0.020787 0.0695841 0.246 637 1
0.0213211 0.0695841 0.246 481 1
-0.0143122 0.0704192 0.248 3167.5 1
-0.0121377 0.0717247 0.248 3177.18 1
-0.00862685 0.0718638 0.247895 3166.08 1
-0.00514919 0.0718916 0.2475 3215.31 1
-0.00161376 0.071688 0.246651 3258.86 1
0.00155927 0.0723419 0.246 3272.28 1
0.00422978 0.0730582 0.246 3240.17 1
0.0200217 0.0720778 0.246136 1253.77 1
0.0213645 0.0716016 0.2465 455.833 1
-0.0116199 0.0739215 0.248 3081.25 1
-0.00829957 0.0739215 0.248 3080 1
-0.00509528 0.0751893 0.248 3099.44 1
-0.00163028 0.0751985 0.247 3172.09 1
0.00182632 0.075196 0.246 3142.22 1
0.00498381 0.0753217 0.246 3146.94 1
0.0167813 0.076265 0.246 3296 1
0.0192914 0.0754042 0.246583 1855.14 1
0.0214294 0.0747739 0.24725 426.5 1
-0.00454326 0.0778472 0.248 3045.86 1
-0.00149273 0.0785769 0.247528 3101.78 1
0.00183132 0.0786257 0.246694 3055.75 1
0.00530742 0.0785559 0.246476 3046.21 1
0.00848461 0.0790443 0.246036 3084.61 1
0.0121345 0.0800062 0.246 3120.9 1
0.0158633 0.0787507 0.24625 3213.84 1
0.018962 0.0785971 0.247733 2084.67 1
0.0214944 0.0774238 0.248 420 1
-0.000274154 0.0816958 0.248 2959.43 1
0.00191334 0.0822057 0.24775 2898.5 1
0.00532014 0.0822234 0.247041 2922.69 1
0.00876685 0.0824095 0.246946 2965.76 1
0.0122745 0.0823682 0.246667 2990.02 1
0.0157886 0.0822626 0.247158 3069.53 1
0.0179946 0.0820037 0.248 2796.38 1
0.00219654 0.0853875 0.248 2787.12 1
0.00541346 0.0857826 0.247539 2790.38 1
0.00883472 0.0859782 0.247806 2774.11 1
0.0123382 0.0860281 0.247952 2893 1
0.0158504 0.085689 0.247263 2933.11 1
0.0187125 0.0858473 0.248 1900.87 1
0.00614873 0.0879307 0.248 2713.75 1
0.00918361 0.0888124 0.248 2726.09 1
0.0123377 0.0889881 0.247943 2801 1
0.0156512 0.0887471 0.247615 2864.19 1
0.018533 0.0879307 0.248 1934.25 1
0.0276384 -0.0430769 0.25 510.5 1
0.0288947 -0.0427355 0.250667 472.5 1
0.0296632 -0.0410668 0.251714 491.143 1
0.0290727 -0.0365623 0.250667 517.833 1
0.0289954 -0.0335746 0.25 529.5 1
0.0275859 -0.0215212 0.252 624 1
0.0275859 -0.0193312 0.252 635.75 1
0.0272576 -0.0163961 0.249 632 1
0.0285664 -0.0159825 0.251 563 1
0.0261763 -0.00503534 0.249 667.25 1
0.0258159 -0.00142875 0.249 669.667 1
0.0255944 0.0011981 0.25125 683.312 1
-0.0808657 0.00659592 0.249 1214 1
0.0253974 0.00558038 0.252 691.5 1
-0.0810977 0.00878655 0.249714 1113.36 1
-0.0792339 0.00926566 0.24925 2295.88 1
0.0256237 0.00914595 0.251143 633.286 1
-0.0811658 0.0122022 0.25 930.182 1
-0.0788101 0.0122927 0.249333 2353.58 1
-0.0762705 0.0132231 0.249 2633.75 1
0.026311 0.01288 0.25025 582.312 1
-0.0809337 0.0157979 0.250286 1124.86 1
-0.0787098 0.0158216 0.249837 2295.56 1
-0.0753471 0.0159881 0.249222 2592.39 1
-0.0718684 0.0169906 0.249 2730.93 1
-0.0695128 0.0171452 0.249 2835.25 1
0.0261209 0.0152307 0.250167 588.542 1
-0.081086 0.0190039 0.2515 1265.58 1
-0.0788793 0.0194262 0.251162 2338.24 1
-0.0752375 0.0193915 0.250056 2571.81 1
-0.0718042 0.0193446 0.249444 2683.11 1
-0.0695128 0.0193092 0.249 2754 1
-0.0783691 0.0227209 0.251833 2441.58 1
-0.0752062 0.0226972 0.250556 2569.69 1
-0.0718144 0.0226562 0.250111 2652.11 1
-0.0688255 0.0230064 0.249091 2769.45 1
0.0235675 0.0240036 0.25 783.25 1
0.0255188 0.0236442 0.2505 422.375 1
-0.077463 0.0252906 0.252 2522 1
-0.0752086 0.0260898 0.251778 2593.11 1
-0.0716525 0.0261998 0.251 2646.48 1
-0.0681347 0.0263923 0.249611 2708.92 1
-0.0657671 0.0269216 0.249 2834.86 1
0.0237907 0.0249034 0.2495 707.875 1
0.0258989 0.0260184 0.250667 424.5 1
-0.0747695 0.0293338 0.252 2586.92 1
-0.0719225 0.0298919 0.2519 2682.85 1
-0.0682056 0.0296962 0.250441 2718.44 1
-0.064888 0.0299295 0.249107 2803.5 1
-0.0618541 0.0310306 0.249 2853.75 1
-0.0713169 0.0329375 0.252 2573.07 1
-0.0679881 0.0331703 0.251059 2642 1
-0.0646554 0.0330471 0.250314 2767.4 1
-0.0609806 0.0333757 0.24927 2840.24 1
-0.0580329 0.0339368 0.24915 2917.8 1
-0.0557271 0.0344569 0.249 2981.5 1
0.0249245 0.0335089 0.25 458 1
-0.0700767 0.0359671 0.252 2626.25 1
-0.0681618 0.035967 0.252 2619.33 1
-0.0647217 0.0366495 0.2516 2710.7 1
-0.0612306 0.0368426 0.2505 2830.97 1
-0.0578322 0.0367565 0.249917 2880.36 1
-0.0543942 0.0366333 0.249083 3000 1
-0.0515269 0.0367873 0.249 3029.5 1
-0.0639671 0.0398908 0.252 2810.75 1
-0.0614209 0.0402317 0.251278 2849.08 1
-0.0579045 0.0402033 0.250474 2863.74 1
-0.0543338 0.0403163 0.249896 2943.98 1
-0.0507703 0.040241 0.24939 3056.88 1
-0.0484288 0.0409487 0.249 3098.88 1
-0.0612811 0.0433993 0.2516 2797.87 1
-0.0579582 0.0438804 0.251 2841.89 1
-0.0542877 0.0438839 0.250632 2931.03 1
-0.0507723 0.043809 0.249889 2985.61 1
-0.0479962 0.0438701 0.249 3020.95 1
-0.0605567 0.0460412 0.252 2778.2 1
-0.0574283 0.0471771 0.251714 2845.61 1
-0.0543158 0.0473191 0.251222 2943.94 1
-0.0507173 0.0471691 0.249895 2937.68 1
-0.0474716 0.0473228 0.249053 3027.18 1
-0.044325 0.048498 0.249 3038.91 1
-0.041671 0.0487931 0.249 3136 1
-0.0563985 0.0493809 0.252 2836 1
-0.0537801 0.049772 0.252 2902.36 1
-0.0506149 0.0507853 0.251379 2880.17 1
-0.0472618 0.0508862 0.249972 2983.5 1
-0.0437718 0.0506985 0.249359 3067.31 1
-0.0404002 0.0509517 0.249226 3144.35 1
-0.0375918 0.0515964 0.249 3192.18 1
0.0224819 0.0503469 0.25 609.75 1
-0.0502237 0.0541521 0.252 2875.96 1
-0.0472729 0.0544691 0.251472 2925.33 1
-0.043704 0.0543522 0.250641 3021.69 1
-0.0401627 0.054173 0.250237 3077.53 1
-0.0367347 0.0541175 0.249457 3146.4 1
-0.0342375 0.0552849 0.249 3229.88 1
-0.0492858 0.0567723 0.252 2903.5 1
-0.0469879 0.0573198 0.252 2894.6 1
-0.043782 0.0578244 0.251809 2961.79 1
-0.0401876 0.0577667 0.251556 3032.08 1
-0.0368353 0.0576256 0.250771 3081.89 1
-0.0334399 0.0578626 0.249469 3171.22 1
-0.0310749 0.0587473 0.249 3266.2 1
-0.046003 0.0611524 0.252 2866.33 1
-0.0438145 0.0611524 0.252 2960.86 1
-0.0402582 0.0611523 0.252 2995.39 1
-0.0369116 0.061045 0.251556 3058.78 1
-0.0332286 0.0611886 0.250553 3130.61 1
-0.0296665 0.0611637 0.249303 3192.76 1
-0.0265683 0.0617996 0.249091 3176.73 1
-0.024101 0.0625883 0.249 3229.25 1
0.0213108 0.0604243 0.249 754 1
-0.0429938 0.0633423 0.252 2957.88 1
-0.0398934 0.0640724 0.252 2970.33 1
-0.0367839 0.0643826 0.252 3034.02 1
-0.0329949 0.0643908 0.251893 3075.93 1
-0.0297054 0.0646427 0.250667 3142.56 1
-0.0263697 0.0647416 0.25 3136.82 1
-0.0230693 0.065036 0.249353 3201.53 1
-0.0200464 0.0658342 0.249 3148.83 1
-0.0317776 0.06827 0.252 3029.5 1
-0.0298498 0.0682405 0.251889 3064.22 1
-0.0263969 0.0683152 0.25121 3100.21 1
-0.0227515 0.0681908 0.2499 3172.77 1
-0.0192472 0.0682252 0.249054 3120.95 1
-0.0171116 0.0691188 0.249 3202.43 1
-0.0259642 0.0716576 0.251794 3007.59 1
-0.0225856 0.0717445 0.250568 3063.97 1
-0.0193716 0.0719126 0.249949 3058.59 1
-0.015878 0.0719604 0.249211 3109.11 1
-0.0252121 0.0751138 0.252 2917.67 1
-0.0226505 0.0752378 0.251314 2984.94 1
-0.0193602 0.075518 0.250611 2945.25 1
-0.0157769 0.0752899 0.249857 3049.88 1
-0.0123695 0.0753838 0.249143 3025.93 1
-0.0086664 0.0753827 0.249 3025.4 1
-0.00626066 0.0769245 0.249 3067 1
-0.022178 0.0779011 0.252 2908.09 1
-0.0192312 0.0788739 0.251767 2913.5 1
-0.015658 0.0786987 0.250784 2951.08 1
-0.0122842 0.0787674 0.250556 2978.64 1
-0.00873304 0.0788508 0.249721 3002.37 1
-0.0055726 0.079236 0.249 2996.32 1
-0.00301696 0.0799 0.249 3022.5 1
0.0202296 0.0799 0.249 796 1
0.0213108 0.079359 0.249 442.125 1
-0.0178258 0.0814101 0.252 2855.38 1
-0.0156825 0.0823362 0.251789 2784.21 1
-0.0123364 0.0823787 0.251611 2834.28 1
-0.00882321 0.0822204 0.250568 2886.92 1
-0.00519146 0.0822484 0.249556 2891.67 1
-0.00194303 0.0824368 0.249 2934.97 1
0.00049705 0.0839574 0.249 2840 1
0.0195364 0.0826418 0.249625 1430.22 1
0.0214819 0.0835411 0.251 366 1
-0.015151 0.0852122 0.252 2716.39 1
-0.0123545 0.0857902 0.252 2752.83 1
-0.00877791 0.0855889 0.251405 2752.88 1
-0.00514866 0.0857542 0.250529 2772.94 1
-0.00165593 0.0857411 0.24935 2795.7 1
0.00082142 0.0862836 0.249 2772.3 1
0.0198691 0.0846787 0.249 969.5 1
0.0214819 0.0840864 0.251 363.5 1
-0.011625 0.0883452 0.252 2737.58 1
-0.008736 0.0891623 0.252 2696.57 1
-0.00528788 0.0892978 0.251368 2726.82 1
-0.00171518 0.0891331 0.2502 2734.1 1
0.00185283 0.0893169 0.249611 2673.81 1
0.00517901 0.0894792 0.249353 2689.26 1
0.00839836 0.0903244 0.249 2678.62 1
0.0121203 0.0909902 0.249 2761.67 1
0.0161258 0.0906951 0.249 2780.91 1
0.0186077 0.0896377 0.249 1798.62 1
-0.00743034 0.0920865 0.252 2445.5 1
-0.00524091 0.0928876 0.251944 2130.56 1
-0.00172208 0.0927447 0.251463 2403.63 1
0.00186493 0.0928865 0.2512 2545.5 1
0.00520254 0.0928834 0.250788 2524.79 1
0.00863524 0.0928396 0.2495 2574.6 1
0.0121203 0.0928837 0.249 2639.47 1
0.0156441 0.0929368 0.249143 2671.31 1
0.0186824 0.0927136 0.25 1546.83 1
-0.00524182 0.094824 0.252 366.167 1
-0.00148031 0.0948924 0.252 972 1
0.00187086 0.0950978 0.252 1405.25 1
0.00516734 0.0951989 0.251545 1640.18 1
0.00846507 0.0953328 0.250222 1545.22 1
0.0123906 0.0954083 0.249 1710.17 1
0.0156343 0.0955886 0.249 2047.04 1
0.0185286 0.0954007 0.24975 1211.44 1
0.0300399 -0.0394027 0.253571 495.357 1
0.0301086 -0.037204 0.254143 486.786 1
0.0306826 -0.0334119 0.255 460 1
0.0294646 -0.0231071 0.255 531.05 1
0.0276955 -0.0194079 0.253 634 1
0.0290217 -0.0206694 0.255 557.5 1
0.0276955 -0.014186 0.253 618.5 1
0.0289079 -0.0147939 0.254 541.333 1
0.0276955 -0.0136363 0.253 621 1
0.0289079 -0.0136902 0.254 540 1
0.0269408 0.00238464 0.253286 614.214 1
0.0266494 0.00533984 0.2535 622 1
0.0263182 0.0082879 0.253833 613 1
0.0266669 0.01186 0.253667 582.333 1
-0.0818901 0.0207187 0.253 829.5 1
-0.0814842 0.0229586 0.253444 1322.5 1
-0.0799676 0.0234671 0.253 2314.12 1
-0.081565 0.026238 0.254 1284.41 1
-0.0790597 0.0263425 0.253034 2405.21 1
-0.0808882 0.0296506 0.254167 1845.75 1
-0.0787922 0.0295884 0.253633 2397.23 1
-0.0763971 0.0303381 0.253 2563.25 1
0.0261305 0.029894 0.254571 541.643 1
-0.0811534 0.032794 0.255 1733.7 1
-0.0788696 0.0331987 0.254353 2347.47 1
-0.0753144 0.0333685 0.253053 2499.29 1
-0.0726893 0.0341859 0.253 2556.88 1
0.0259766 0.032517 0.255 513.667 1
-0.0782698 0.0366286 0.254692 2351.15 1
-0.0751704 0.0367061 0.253765 2492.5 1
-0.0719178 0.0367375 0.253062 2581.25 1
-0.0684322 0.0377588 0.253 2613.5 1
-0.0772779 0.0391653 0.255 2400 1
-0.0749493 0.0401688 0.2548 2447.63 1
-0.071629 0.0401079 0.253944 2602.58 1
-0.0680979 0.0399673 0.253421 2640.92 1
-0.065289 0.0406293 0.253 2751.94 1
-0.073956 0.0427665 0.255 2509.17 1
-0.0717414 0.0435975 0.255 2532.67 1
-0.068271 0.043504 0.254445 2641 1
-0.0648686 0.0438856 0.253606 2691.88 1
-0.0626646 0.0446298 0.253 2754.33 1
-0.0712985 0.045869 0.255 2500.6 1
-0.0684196 0.0466447 0.255 2603.53 1
-0.0650125 0.0473337 0.254514 2654.86 1
-0.0616417 0.0475862 0.2534 2768.04 1
-0.0590392 0.0481477 0.253 2809.8 1
-0.0638982 0.0504305 0.255 2639.72 1
-0.0610903 0.0506897 0.254444 2762.86 1
-0.0576544 0.0506933 0.253267 2735.57 1
-0.0543296 0.0514888 0.253 2847.7 1
-0.0522279 0.0520504 0.253 2906 1
-0.0634368 0.053016 0.255 2634 1
-0.0608531 0.0537547 0.255 2718.46 1
-0.0577499 0.0539835 0.254333 2769.83 1
-0.0542706 0.0543689 0.253556 2842.53 1
-0.0519532 0.054634 0.253 2856.8 1
-0.0575313 0.0570788 0.255 2756.29 1
-0.0544492 0.0578643 0.254389 2791.78 1
-0.0509708 0.0578503 0.253121 2845.09 1
-0.0480395 0.0587841 0.253 2884.38 1
-0.0538785 0.0605923 0.254889 2755.44 1
-0.0506693 0.061216 0.254364 2811 1
-0.0475313 0.061346 0.253043 2855.83 1
-0.050089 0.0644033 0.254818 2811.41 1
-0.0471809 0.0645386 0.253677 2858.48 1
-0.0438583 0.0650155 0.253346 2944.42 1
-0.0411504 0.065426 0.253 2947.83 1
-0.0351995 0.0657924 0.253 2994.5 1
-0.0341009 0.0657924 0.253 2999.83 1
-0.0471043 0.0668666 0.255 2850.6 1
-0.0436593 0.0680639 0.254724 2854.97 1
-0.0402978 0.0682539 0.253972 2907.28 1
-0.0366689 0.0681022 0.253119 2969.5 1
-0.0335516 0.068266 0.253 3022.6 1
-0.0424537 0.0708001 0.255 2806 1
-0.0399595 0.0715838 0.254645 2890.65 1
-0.0367802 0.071671 0.253909 2916.76 1
-0.0332592 0.0717031 0.253125 2949.72 1
-0.029736 0.0717383 0.253114 2985.71 1
-0.0275093 0.0723886 0.253 3011 1
-0.0391319 0.0741243 0.255 2808.8 1
-0.0366417 0.0749039 0.254645 2839.13 1
-0.0334341 0.0751113 0.254371 2858.43 1
-0.0298018 0.0751441 0.253911 2883.62 1
-0.02696 0.075137 0.253 2897.72 1
-0.0354778 0.077116 0.255 2782 1
-0.0326727 0.0776331 0.255 2833 1
-0.0295459 0.0788287 0.254529 2803.97 1
-0.0262052 0.0786441 0.253667 2812.36 1
-0.0231613 0.0792311 0.253227 2856.82 1
-0.0209177 0.0800841 0.253 2796.5 1
-0.0288341 0.0814097 0.255 2725.62 1
-0.0262632 0.0822504 0.254853 2733.65 1
-0.0228467 0.0824277 0.253825 2794.57 1
-0.01952 0.0823927 0.253125 2788.62 1
0.0218243 0.0832103 0.255 390.833 1
-0.0256045 0.0854264 0.255 2733.17 1
-0.022771 0.0858601 0.254778 2737.75 1
-0.0190545 0.0858445 0.253778 2768.67 1
-0.0164318 0.0863138 0.253 2732.92 1
0.0217102 0.0851601 0.253667 336 1
-0.0219135 0.0879195 0.255 2730.62 1
-0.0189307 0.0889395 0.254818 2698 1
-0.0157629 0.089232 0.254 2671.31 1
-0.0127698 0.0897951 0.253 2631.92 1
-0.0156309 0.0923612 0.254615 2114.19 1
-0.0124095 0.0927675 0.253111 1717.06 1
-0.00915621 0.0928561 0.253 1988.97 1
0.0309232 -0.0356283 0.257 462.667 1
0.0320926 -0.0368045 0.257429 412.357 1
0.0309233 -0.0345116 0.257 459 1
0.032247 -0.0341727 0.258667 413.167 1
0.0298819 -0.025534 0.256545 517 1
0.0303259 -0.0216395 0.256667 491 1
0.0298124 -0.0201229 0.258667 525.5 1
0.0274341 -0.0123046 0.2562 654.8 1
0.0288265 -0.0121883 0.256429 565.429 1
0.0278543 0.000944952 0.257 591.75 1
0.0284123 0.000944952 0.257 561 1
0.0279627 0.00963705 0.258 542.667 1
0.0284254 0.00885451 0.258571 525.571 1
0.0278904 0.0120332 0.257333 534.333 1
0.0284492 0.0120332 0.257333 503.667 1
0.0268196 0.0308833 0.256 486.667 1
-0.0814717 0.0345912 0.256 1678.5 1
-0.0813573 0.0366799 0.256412 1724.88 1
-0.0798433 0.0373907 0.256125 2276.88 1
-0.0815321 0.0402414 0.257571 1714.71 1
-0.0788837 0.0405332 0.256586 2347.72 1
-0.0764693 0.0415437 0.256 2359 1
-0.081548 0.0435499 0.258 1670.12 1
-0.0786288 0.0438215 0.256893 2341.5 1
-0.07558 0.0439354 0.256 2470.43 1
-0.0817064 0.0470055 0.2585 1581.25 1
-0.0787022 0.0471662 0.257562 2330.78 1
-0.0752303 0.0470656 0.256156 2464.12 1
-0.0721154 0.0475486 0.256 2544.07 1
-0.06841 0.0484962 0.256 2616.2 1
0.0232014 0.0488751 0.258 658 1
-0.0785223 0.0503772 0.25892 2330.24 1
-0.0752315 0.0507338 0.257467 2495.93 1
-0.0717103 0.0504457 0.256333 2561.77 1
-0.0681389 0.0507261 0.256025 2631.52 1
-0.0654456 0.0513699 0.256 2593.83 1
0.023388 0.050653 0.2582 612.1 1
0.0246971 0.0521595 0.259 488 1
-0.0770843 0.0530035 0.259 2358 1
-0.0747664 0.0541067 0.258762 2518.38 1
-0.0717549 0.0541006 0.257676 2545.97 1
-0.0682748 0.0542994 0.256818 2617.76 1
-0.0649842 0.0545159 0.256188 2626.19 1
-0.0622034 0.0550779 0.256 2704.5 1
0.0241348 0.0532848 0.259 499 1
0.0246971 0.0532848 0.259 482 1
-0.0737103 0.0563798 0.259 2397 1
-0.0712874 0.0573476 0.258708 2486.38 1
-0.0682902 0.0578378 0.258437 2560.38 1
-0.064627 0.0577406 0.257533 2624.37 1
-0.0610877 0.0578321 0.256412 2690.97 1
-0.0585442 0.0585077 0.256 2697.88 1
-0.0645935 0.060927 0.258678 2598.96 1
-0.0611728 0.0612766 0.257111 2635.17 1
-0.0577266 0.0611545 0.256324 2757.59 1
-0.0544693 0.062174 0.256133 2781.6 1
-0.0522914 0.0629573 0.256 2776 1
0.0231114 0.0620865 0.257 493.333 1
-0.0635884 0.0637889 0.259 2639 1
-0.0611289 0.0645069 0.258208 2634.33 1
-0.057843 0.0645611 0.25775 2692.28 1
-0.0543798 0.064596 0.257143 2746.39 1
-0.0518254 0.0651981 0.256231 2797.69 1
0.0231564 0.0641621 0.2575 479.75 1
-0.0602144 0.0673527 0.259 2570.58 1
-0.0578245 0.0677748 0.259 2692.75 1
-0.0543419 0.0683246 0.258676 2712.22 1
-0.0507022 0.0684106 0.256935 2780.74 1
-0.0474462 0.0687107 0.256154 2788.27 1
-0.04451 0.0693536 0.256 2849.5 1
-0.054085 0.0716857 0.259 2648.53 1
-0.050823 0.0717704 0.258062 2720.47 1
-0.0471549 0.0717963 0.256778 2770 1
-0.0439542 0.0718168 0.256 2804.14 1
-0.0417309 0.0726908 0.256 2842 1
-0.0531854 0.0741054 0.259 2618.5 1
-0.0506529 0.0744698 0.2587 2717.35 1
-0.0472753 0.0752722 0.257812 2697.09 1
-0.0438574 0.0752262 0.257055 2736.97 1
-0.040543 0.0753766 0.256194 2769.26 1
-0.0380625 0.0765286 0.256 2810.2 1
-0.046785 0.0786052 0.2589 2689.75 1
-0.0436411 0.0786274 0.25803 2687.7 1
-0.0401664 0.0787301 0.257 2706.06 1
-0.0367025 0.0786527 0.256333 2746.9 1
-0.0334189 0.0793399 0.256 2755.41 1
-0.0460759 0.0816618 0.259 2645.93 1
-0.0436613 0.0820146 0.258971 2683.11 1
-0.0400404 0.0821649 0.258059 2698.65 1
-0.0365593 0.0821524 0.25715 2707.23 1
-0.0331747 0.0822892 0.256444 2716.14 1
-0.0301514 0.0825169 0.256 2737.46 1
-0.0395875 0.0851925 0.258857 2646.57 1
-0.0368162 0.0857877 0.258062 2616.56 1
-0.0331597 0.0856016 0.256875 2688.59 1
-0.0297473 0.085657 0.256211 2686.55 1
-0.0272241 0.0860951 0.256 2663.25 1
-0.036128 0.0885484 0.259 2548.92 1
-0.0334797 0.0891389 0.258294 2523.65 1
-0.029991 0.0893321 0.257235 2518.74 1
-0.026139 0.0892037 0.256167 2562.75 1
-0.0227141 0.0896945 0.256 2600.04 1
-0.0197762 0.0904891 0.256 2625.12 1
-0.0332789 0.0922248 0.259 1269.1 1
-0.0300011 0.0919975 0.257889 1610.22 1
-0.0261401 0.092164 0.257 1655.87 1
-0.0226434 0.0925177 0.257 1863.58 1
-0.0192292 0.0927541 0.256111 1722.14 1
-0.0169971 0.0938263 0.256 1100 1
-0.038546 0.0978222 0.257 224 1
-0.037988 0.0978222 0.257 374 1
-0.0326871 0.0978222 0.257 138.25 1
-0.0298972 0.0978222 0.257 337.167 1
-0.0401735 0.100009 0.257 385.944 1
-0.0366273 0.0997258 0.257488 381.829 1
-0.033332 0.0997544 0.257211 367.895 1
-0.0297128 0.0997032 0.2571 374.55 1
-0.0262635 0.100028 0.258333 359.194 1
-0.0242254 0.0999903 0.259 358.333 1
-0.0188833 0.100553 0.259 376.438 1
-0.0171963 0.100553 0.259 376.25 1
-0.0402199 0.101731 0.257 239.714 1
-0.036593 0.101731 0.257 252.167 1
-0.0332451 0.101731 0.257 268 1
-0.0298972 0.101731 0.257 286.167 1
-0.0261372 0.101893 0.258 349.5 1
-0.0242254 0.102241 0.259 362.5 1
-0.0188833 0.102241 0.259 372.5 1
-0.0171963 0.102241 0.259 376.25 1
0.0304128 -0.0289528 0.261 515.75 1
0.0305545 -0.0276769 0.261 508 1
0.0285712 -0.00924743 0.261 605.75 1
0.0286807 -0.00643671 0.262 602.5 1
0.0284618 -0.000738685 0.26 591.25 1
0.0292495 0.0117788 0.262 493.625 1
0.0244143 0.0484943 0.262 610 1
0.0249832 0.0484943 0.262 551 1
-0.0820688 0.0508038 0.260286 1529.89 1
-0.079781 0.0515135 0.26 2325.25 1
0.0243367 0.050323 0.261167 561.5 1
0.025725 0.0507456 0.26115 481.05 1
-0.0820759 0.0543214 0.261676 1709.74 1
-0.0787324 0.0542341 0.260464 2325.86 1
-0.076394 0.0549028 0.26 2436.75 1
0.0243522 0.0551851 0.261333 499 1
0.0255479 0.0543943 0.2608 451 1
-0.0813902 0.0568905 0.262 2092.75 1
-0.0786052 0.0576872 0.261471 2355.94 1
-0.0754005 0.057713 0.260593 2438.67 1
-0.0727718 0.0587629 0.26 2487.17 1
0.0244143 0.0564636 0.262 506 1
0.025552 0.0564636 0.262 431.333 1
-0.0779771 0.0603059 0.262 2421.25 1
-0.0753433 0.0612504 0.2616 2428.71 1
-0.0716382 0.0612744 0.260667 2464.43 1
-0.0682165 0.0613236 0.260379 2544.55 1
-0.0660919 0.0619639 0.26 2559.25 1
-0.0749433 0.0644803 0.262 2400.54 1
-0.0717951 0.0647335 0.261795 2470.08 1
-0.0681761 0.0646086 0.261 2530.86 1
-0.0649992 0.0650664 0.260143 2570.11 1
-0.0627049 0.0659181 0.26 2585.5 1
0.0242746 0.064914 0.2605 430.75 1
0.0248402 0.064914 0.2605 415 1
-0.0742797 0.0667098 0.262 2367 1
-0.0711016 0.067675 0.262 2434.78 1
-0.0681517 0.0683171 0.2614 2494.5 1
-0.0648062 0.0683098 0.2605 2498.08 1
-0.061717 0.0684601 0.26 2540.96 1
-0.0567776 0.0693074 0.26 2716.75 1
-0.0679813 0.0716121 0.261963 2494.56 1
-0.064788 0.0716005 0.261308 2494.96 1
-0.06126 0.0715725 0.260545 2544.52 1
-0.0578303 0.0715088 0.26003 2618.5 1
-0.0556487 0.0726968 0.26 2617.25 1
-0.0646094 0.0738252 0.262 2502.58 1
-0.0610444 0.0743314 0.261889 2545.06 1
-0.0577428 0.0752266 0.260774 2604.97 1
-0.0543886 0.0755054 0.260029 2651.97 1
-0.0510386 0.0764628 0.26 2673.33 1
-0.0572052 0.0782485 0.261667 2555.11 1
-0.0542894 0.0789938 0.261387 2570.9 1
-0.050662 0.078898 0.26071 2626.94 1
-0.0482537 0.0793625 0.26 2630.2 1
-0.0566456 0.0832176 0.262 2532 1
-0.0543702 0.0823637 0.262 2517.97 1
-0.0508374 0.0821438 0.261171 2568.03 1
-0.0477767 0.082523 0.260238 2596.62 1
-0.0566456 0.0852099 0.262 2478.5 1
-0.0543702 0.0852099 0.262 2468.62 1
-0.0507944 0.0855785 0.261588 2492.03 1
-0.0473127 0.085644 0.260719 2514.81 1
-0.0438971 0.0858922 0.260611 2566.92 1
-0.0410698 0.0861715 0.260222 2632.11 1
-0.0495351 0.0880561 0.262 2374.5 1
-0.0470705 0.0890827 0.261968 2324.84 1
-0.0437341 0.0893754 0.261 2291.29 1
-0.0404803 0.0893953 0.260811 2477.65 1
-0.037477 0.0896473 0.260059 2483.82 1
-0.0464064 0.0914715 0.262 1035.88 1
-0.0436793 0.0914059 0.261 1224.2 1
-0.0401003 0.0919431 0.261 1264.68 1
-0.0365979 0.0917991 0.260412 1716.06 1
-0.0344799 0.0919029 0.26 1895 1
-0.0575116 0.100616 0.2618 388.55 1
-0.0549391 0.101149 0.262 386.5 1
-0.0518104 0.101148 0.262 382.167 1
-0.0227583 0.100493 0.26 369.647 1
-0.0206498 0.100659 0.26 383.667 1
-0.0600586 0.102572 0.262 373 1
-0.0575627 0.10218 0.261 381.389 1
-0.0542765 0.102397 0.261556 383 1
-0.0516398 0.102458 0.262 383.4 1
-0.0226255 0.102353 0.26 381.067 1
-0.0206498 0.102353 0.26 372.833 1
0.0313597 -0.0284604 0.263 465 1
0.0319307 -0.0284604 0.263 429 1
0.0314193 -0.0276553 0.2635 467 1
0.0320764 -0.0268661 0.2642 437.8 1
0.030046 -0.0179574 0.264 547.5 1
0.0276481 -0.00760409 0.263 686 1
0.0293611 -0.00760409 0.263 562.5 1
0.0297418 -0.00531846 0.263 531.625 1
0.029417 -0.00246502 0.2635 555 1
0.0299322 0.0098238 0.263 462.333 1
0.0299322 0.0126808 0.263 468.375 1
0.0296713 0.0160597 0.2645 492.875 1
0.029009 0.017959 0.265 491.5 1
0.0262309 0.0402768 0.266 416.5 1
0.0248873 0.0454231 0.264 552.5 1
0.0260642 0.0473637 0.264294 507.794 1
0.0265575 0.0496307 0.2635 466.875 1
-0.082938 0.0579171 0.263 1258.96 1
0.024793 0.0575362 0.263 467.75 1
-0.0843042 0.06177 0.264 242.75 1
-0.0822723 0.0610401 0.263579 1712.24 1
-0.0790811 0.0617653 0.263091 2349.32 1
-0.0822196 0.0648018 0.264667 1880.2 1
-0.0786972 0.0649217 0.263424 2330.67 1
-0.076317 0.0655767 0.263 2422.43 1
-0.0821804 0.0681697 0.265467 1892.17 1
-0.0786592 0.068259 0.264074 2331.63 1
-0.075247 0.0683565 0.26325 2391.29 1
-0.0724015 0.069046 0.263 2394.93 1
0.023651 0.0672501 0.263 476.75 1
0.0248873 0.0675058 0.264 410.5 1
-0.0814777 0.0711958 0.266 2215.44 1
-0.0786425 0.0716743 0.264965 2354.69 1
-0.075393 0.071646 0.264424 2350.27 1
-0.0717507 0.0716907 0.2635 2413.97 1
-0.0694241 0.0729642 0.263 2448.75 1
-0.0786797 0.074972 0.265812 2304.75 1
-0.0751462 0.0752624 0.265056 2322.69 1
-0.0717658 0.075154 0.264333 2391.03 1
-0.0683114 0.0752946 0.263545 2425.15 1
-0.064856 0.0758212 0.263 2441.04 1
-0.0617154 0.0761069 0.263 2463.62 1
-0.0777238 0.0781309 0.266 2268.5 1
-0.0751498 0.0784853 0.265692 2297.19 1
-0.0717689 0.0788009 0.265333 2352.22 1
-0.0680575 0.0789319 0.264471 2421.62 1
-0.0645294 0.0789774 0.264 2447.94 1
-0.0613158 0.0788982 0.263733 2481.3 1
-0.0587651 0.0794402 0.263 2562.75 1
-0.071049 0.0821383 0.265875 2340.94 1
-0.0683211 0.0823061 0.265061 2365.3 1
-0.064676 0.0823201 0.2646 2423.03 1
-0.0612283 0.0823697 0.264379 2492.48 1
-0.057995 0.0819067 0.263143 2549.11 1
-0.0682772 0.0849422 0.266 2338.5 1
-0.0649072 0.0854883 0.266 2327.31 1
-0.0613754 0.0857777 0.265222 2420.64 1
-0.0581295 0.0858636 0.263381 2466.24 1
-0.0540067 0.0869637 0.263 2454.83 1
-0.0611942 0.0892885 0.265517 1858.31 1
-0.0576073 0.0892235 0.264151 1961.7 1
-0.0541555 0.089209 0.263722 2148.58 1
-0.0507181 0.0895919 0.263286 2179.89 1
-0.0482966 0.0906778 0.263 1941 1
-0.0567914 0.0913094 0.264 305.333 1
-0.0542121 0.0913094 0.264 686 1
-0.0503924 0.091565 0.2635 870.75 1
-0.0482966 0.0918206 0.263 719.25 1
-0.0596573 0.0973319 0.264 233 1
-0.0576166 0.0973964 0.2634 356.333 1
-0.0540067 0.0978204 0.263 357 1
-0.0517227 0.0978204 0.263 341 1
-0.0632159 0.100388 0.2645 377.75 1
-0.0611159 0.0997035 0.263875 372.594 1
-0.0577983 0.0992871 0.263074 382.852 1
-0.053971 0.0996417 0.263 386.031 1
-0.0512151 0.0996615 0.263 372.833 1
-0.0630964 0.101921 0.264 374 1
-0.0614996 0.102156 0.2635 376 1
-0.0534357 0.10182 0.263 387 1
0.0310831 -0.0458873 0.268 463 1
0.0310831 -0.045305 0.268 470 1
0.0324163 -0.0251226 0.267 444.5 1
0.0307553 -0.0189803 0.267667 525.667 1
0.0326592 -0.0182975 0.269 436.833 1
0.031374 -0.0170649 0.268 507.5 1
0.0319559 -0.0170649 0.268 473 1
0.0305012 -0.0112422 0.268 536 1
0.030907 -0.00855681 0.269 505.667 1
0.0320751 -0.00777756 0.269 449.5 1
0.0303873 -0.000758571 0.267 516.25 1
0.0262741 0.0410696 0.267875 496.375 1
0.0264133 0.0437549 0.267842 503.316 1
0.0287556 0.0449467 0.268 412 1
0.0275232 0.0459958 0.267333 462.667 1
0.0287556 0.045529 0.268 409 1
0.0235188 0.0696932 0.268 556.875 1
0.0251701 0.0694332 0.267 405.5 1
-0.0841028 0.0703033 0.267 971 1
-0.0830262 0.072085 0.267 1810.36 1
0.0235627 0.0715744 0.2685 539.375 1
0.0252644 0.0708577 0.268 400.5 1
-0.082294 0.0753424 0.267125 1950 1
-0.0800449 0.0763943 0.267 2285.5 1
-0.0841488 0.0798887 0.269 1184.5 1
-0.0822672 0.0786469 0.267964 1952.96 1
-0.079077 0.0790449 0.267304 2254.61 1
-0.0765668 0.0798749 0.267 2268 1
-0.0841488 0.0810577 0.269 1102 1
-0.0818126 0.0818669 0.269 2090.85 1
-0.0786116 0.0822253 0.26804 2214.96 1
-0.0752587 0.0823505 0.2675 2288.44 1
-0.0726392 0.0828302 0.267091 2329.18 1
-0.0809366 0.0845643 0.269 2055 1
-0.0783668 0.0850319 0.269 2137.9 1
-0.075288 0.085911 0.26864 2164.04 1
-0.0719008 0.085962 0.267467 2221.6 1
-0.0685478 0.0866988 0.267214 2282.86 1
-0.0652627 0.0871261 0.267 2247.75 1
-0.0747068 0.0888502 0.269 1661.83 1
-0.07166 0.089253 0.26816 1459.04 1
-0.0683578 0.0891221 0.267767 1795.6 1
-0.0647511 0.0892418 0.267 1869.09 1
-0.064683 0.0911868 0.267 344 1
0.0330737 -0.024525 0.27 421 1
0.0332992 -0.0222123 0.2704 425.95 1
0.0330737 -0.0198321 0.27 387.389 1
0.0327263 -0.0155451 0.271167 449 1
0.0324651 -0.0122709 0.271444 456.833 1
0.0308426 -0.0101905 0.271 540.5 1
0.0322557 -0.00937604 0.273 464.833 1
0.0309564 0.00159396 0.272 504.167 1
0.0289702 0.0411759 0.27 425.167 1
0.029056 0.0436539 0.2708 424 1
-0.0844616 0.0831188 0.27 1025.5 1
-0.083172 0.0834708 0.27 1826.9 1
-0.0844802 0.0860762 0.271 1184.4 1
-0.0824152 0.0860636 0.270429 1951.1 1
-0.0793616 0.0865799 0.27 2068.9 1
-0.0844802 0.0878426 0.271 1019 1
-0.0819726 0.0887398 0.271 1502.48 1
-0.0787126 0.0886972 0.270154 1537.81 1
-0.0765477 0.0895716 0.27 1312.75 1
0.0305892 0.0051746 0.274 528.833 1
0.0299942 0.00755582 0.274 534.25 1
