0.0165247 0.0330129 0.186 3
0.0178259 0.0326536 0.186 3
0.0197957 0.0326896 0.186 3
0.0179381 0.0338212 0.186 3
0.0199572 0.0338211 0.186 3
0.0143036 0.0499856 0.186 3
0.0156025 0.0500413 0.185833 3
0.0177362 0.0499856 0.186 3
0.0124863 0.0507938 0.186 3
0.013787 0.051269 0.185727 3
0.0156604 0.0513723 0.18532 3
0.0177325 0.051389 0.18596 3
0.0190823 0.0507265 0.186 3
0.0138997 0.0534206 0.186 3
0.015728 0.0534314 0.185909 3
0.0172314 0.0530164 0.186 3
0.0141016 0.054936 0.186 3
0.0153132 0.054936 0.186 3
0.0161482 0.0309665 0.187889 3
0.0178951 0.0310654 0.187667 3
0.0199323 0.0310654 0.187667 3
0.0218879 0.0310198 0.187769 3
0.0146615 0.031734 0.188 3
0.0157939 0.0320747 0.187421 3
0.0175995 0.0319425 0.187 3
0.0200935 0.0319425 0.187 3
0.022063 0.0325178 0.18748 3
0.0234372 0.0333678 0.188 3
0.0184405 0.0348155 0.187 3
0.0198752 0.0350439 0.187133 3
0.0219622 0.0346654 0.187 3
0.0239939 0.0349089 0.188 3
0.025274 0.0350017 0.188 3
0.0201038 0.0363632 0.188 3
0.0220086 0.0366355 0.188 3
0.0240155 0.0368057 0.188 3
0.025274 0.0366355 0.188 3
0.0238454 0.0380651 0.188 3
0.0117652 0.0501583 0.1874 3
0.0135859 0.0497752 0.1878 3
0.0159862 0.0492346 0.187375 3
0.0178792 0.0491655 0.1875 3
0.019795 0.0495834 0.187579 3
0.0211923 0.0499104 0.188 3
0.0118449 0.0507883 0.187222 3
0.0133655 0.0504575 0.187 3
0.0199273 0.0514858 0.187292 3
0.0211923 0.0515442 0.188 3
0.0166135 0.0545203 0.187 3
0.018021 0.0538161 0.187 3
0.0198386 0.0535697 0.187789 3
0.0138392 0.0560778 0.187 3
0.0159926 0.0559782 0.187 3
0.0179166 0.0556983 0.187696 3
0.0193555 0.0550161 0.188 3
0.0139745 0.0577706 0.187 3
0.0158364 0.057691 0.1874 3
0.0176645 0.057496 0.188 3
0.01403 0.0598385 0.18775 3
0.015886 0.0597134 0.188 3
0.0171105 0.0597134 0.188 3
0.0140492 0.061143 0.188 3
0.015711 0.0613764 0.188 3
0.0171105 0.061143 0.188 3
0.00826038 0.0249784 0.191 3
0.00950444 0.0249784 0.191 3
0.0113705 0.0245634 0.191 3
0.00826038 0.0262233 0.191 3
0.00950444 0.0262233 0.191 3
0.0115058 0.0262052 0.191 3
0.012822 0.0260849 0.191 3
0.00787759 0.0284258 0.191 3
0.00950444 0.0282982 0.191 3
0.0115779 0.0282982 0.191 3
0.0136397 0.0286054 0.19084 3
0.0152139 0.0287999 0.190667 3
0.021624 0.0293884 0.19 3
0.00781607 0.0303138 0.191 3
0.00954158 0.0304514 0.190571 3
0.0115375 0.0304723 0.190333 3
0.0135195 0.0305159 0.189615 3
0.0155403 0.0303379 0.18975 3
0.0178248 0.0300577 0.190091 3
0.0199728 0.0300054 0.19 3
0.0220814 0.0300818 0.1895 3
0.0241932 0.0304504 0.1902 3
0.0262206 0.0304875 0.190429 3
0.0281589 0.0304116 0.190846 3
0.0296169 0.0305805 0.191 3
0.00763834 0.031618 0.191 3
0.0122774 0.0319028 0.189 3
0.0135084 0.0319028 0.189 3
0.0242424 0.032462 0.189087 3
0.0263518 0.0326699 0.18988 3
0.0283572 0.032653 0.190083 3
0.0296297 0.0326634 0.19075 3
0.0245878 0.033956 0.189 3
0.0264178 0.0346155 0.189545 3
0.0284305 0.0347548 0.19 3
0.0299535 0.0346393 0.1905 3
0.0202792 0.037241 0.189 3
0.0264344 0.0366251 0.189 3
0.0284071 0.0367874 0.18984 3
0.0300316 0.0365977 0.191 3
0.0208947 0.0380623 0.189 3
0.0222814 0.0385554 0.1891 3
0.0243116 0.0390296 0.189294 3
0.0262456 0.0387033 0.18912 3
0.0283896 0.038826 0.18972 3
0.0300316 0.0386725 0.191 3
0.0228616 0.0401213 0.19 3
0.0242565 0.0406343 0.190615 3
0.0262107 0.0409155 0.190435 3
0.028372 0.0409121 0.190087 3
0.0299427 0.0410735 0.191 3
0.0285802 0.0432373 0.191 3
0.0297488 0.0430109 0.191 3
0.0285802 0.0453122 0.191 3
0.0294096 0.0453122 0.191 3
0.00763834 0.0480095 0.191 3
0.0113705 0.0480095 0.191 3
0.014066 0.0480095 0.191 3
0.0148954 0.0480095 0.191 3
0.0177626 0.0479316 0.1902 3
0.0197151 0.0479404 0.1895 3
0.0284617 0.0469128 0.191 3
0.0294096 0.0465571 0.191 3
0.00570313 0.0493927 0.191 3
0.00739209 0.0494065 0.19 3
0.00945468 0.0494065 0.19 3
0.0115088 0.0493718 0.189867 3
0.0135441 0.0488665 0.1895 3
0.0154577 0.0487958 0.189625 3
0.0177266 0.0485736 0.1898 3
0.0202381 0.0489029 0.189 3
0.0221122 0.0492888 0.189926 3
0.0241033 0.0493458 0.190773 3
0.025602 0.0496883 0.191 3
0.00981526 0.0507918 0.189 3
0.010636 0.0507918 0.189 3
0.0223777 0.0513079 0.189389 3
0.0241697 0.051416 0.19055 3
0.0254404 0.0512996 0.191 3
0.0208947 0.0538715 0.189 3
0.0221128 0.0535226 0.189682 3
0.023888 0.0535978 0.19095 3
0.0252627 0.0527817 0.191 3
0.0201979 0.0557453 0.189133 3
0.0219275 0.0558753 0.1903 3
0.0233965 0.055479 0.191 3
0.0184736 0.0583064 0.189 3
0.0198924 0.0576848 0.189526 3
0.0219285 0.0577576 0.19085 3
0.018159 0.0600538 0.189 3
0.0198721 0.0599581 0.19013 3
0.0215305 0.0598363 0.191 3
0.0139187 0.0624948 0.189 3
0.0158825 0.0625535 0.189 3
0.0179538 0.0619929 0.189 3
0.0199213 0.062046 0.190143 3
0.0215305 0.0619112 0.191 3
0.0139187 0.063932 0.189 3
0.0157281 0.0639349 0.189087 3
0.0178812 0.0641234 0.189789 3
0.0198104 0.0639093 0.1904 3
0.0213231 0.0635711 0.191 3
0.0139924 0.0661279 0.19 3
0.0156425 0.0661279 0.19 3
0.0177805 0.066199 0.1908 3
0.0193879 0.0659226 0.191 3
0.0140674 0.0679667 0.19 3
0.0156117 0.0681726 0.190042 3
0.0177982 0.0681358 0.191 3
0.0198717 0.0681358 0.191 3
0.0215305 0.0681358 0.191 3
0.0159153 0.0697048 0.190429 3
0.0178704 0.0701566 0.191 3
0.019786 0.0701779 0.190448 3
0.0215305 0.0702107 0.191 3
0.0159043 0.0729872 0.190667 3
0.0179222 0.0725627 0.190783 3
0.0198036 0.0722867 0.190039 3
0.02147 0.0722444 0.190688 3
0.0160229 0.0740442 0.189182 3
0.0179588 0.0740699 0.1892 3
0.0199054 0.0742698 0.18981 3
0.0218756 0.0743407 0.190519 3
0.0233965 0.0747754 0.191 3
0.0225671 0.0756054 0.191 3
0.0233965 0.0756054 0.191 3
0.00767834 0.0251091 0.192 3
0.0124722 0.024692 0.192 3
0.0134026 0.0244284 0.192462 3
0.00745031 0.0264597 0.192286 3
0.00583268 0.0286993 0.193 3
0.0069739 0.0281891 0.192286 3
0.0162384 0.0286794 0.192167 3
0.017938 0.0287284 0.1925 3
0.0198576 0.0288144 0.192375 3
0.02206 0.0290721 0.192 3
0.0241443 0.0290721 0.192 3
0.0263911 0.0289575 0.192167 3
0.0283867 0.0287284 0.1925 3
0.0303337 0.0287452 0.192529 3
0.0318127 0.0290138 0.193 3
0.00373752 0.0300621 0.193 3
0.00551164 0.0301662 0.192455 3
0.00684461 0.0303235 0.192 3
0.0306788 0.0302478 0.192529 3
0.0318127 0.0302718 0.193 3
0.0313936 0.0317393 0.193 3
0.0319803 0.0327038 0.193 3
0.0323015 0.0343252 0.193 3
0.0310225 0.0367893 0.192 3
0.0324878 0.0366548 0.193 3
0.0310225 0.038875 0.192 3
0.0323428 0.0386985 0.192636 3
0.023013 0.0413838 0.193 3
0.0240458 0.041658 0.192333 3
0.0310225 0.0409608 0.192 3
0.0325467 0.0408756 0.192583 3
0.0339078 0.0409644 0.193 3
0.0243528 0.0422122 0.192 3
0.0269938 0.04369 0.193 3
0.0277293 0.0435471 0.192 3
0.0308836 0.0431856 0.192 3
0.0325405 0.0428955 0.193 3
0.0339078 0.0420127 0.193 3
0.0269938 0.044948 0.193 3
0.0276877 0.0451322 0.192 3
0.0306057 0.0451322 0.192 3
0.0320222 0.044948 0.193 3
0.00733095 0.0480523 0.192 3
0.0095542 0.0480523 0.192 3
0.0117775 0.0480523 0.192 3
0.013865 0.0478629 0.1925 3
0.0159255 0.0477818 0.192714 3
0.0176299 0.0477493 0.1928 3
0.0201147 0.0480523 0.192 3
0.02206 0.0480523 0.192 3
0.0244796 0.047884 0.192444 3
0.0264857 0.0474172 0.192571 3
0.0280906 0.0474127 0.192 3
0.0304479 0.0472452 0.19219 3
0.0320222 0.0466253 0.193 3
0.00157252 0.0490713 0.193 3
0.00340625 0.0491028 0.192538 3
0.00516959 0.048864 0.192556 3
0.00733095 0.0484694 0.192 3
0.0095542 0.0484694 0.192 3
0.0117775 0.0484694 0.192 3
0.0130976 0.0484694 0.192 3
0.0160156 0.0484694 0.192 3
0.0187252 0.0484694 0.192 3
0.0201147 0.0484694 0.192 3
0.02206 0.0484694 0.192 3
0.0241443 0.0484694 0.192 3
0.0264739 0.0491074 0.192 3
0.028313 0.0493037 0.192 3
0.0304538 0.049264 0.192696 3
0.0265413 0.0515459 0.192 3
0.0284139 0.0515724 0.19268 3
0.0300603 0.0514284 0.193 3
0.0249781 0.0538924 0.192 3
0.0263011 0.0535296 0.192 3
0.0283461 0.0536966 0.193 3
0.0297175 0.0531247 0.193 3
0.0245933 0.0556893 0.192 3
0.0262951 0.0557007 0.19248 3
0.0281461 0.0556931 0.193 3
0.0241704 0.0577067 0.1922 3
0.02587 0.0577182 0.193 3
0.0226853 0.0597324 0.192 3
0.0241805 0.0598199 0.19228 3
0.0255272 0.0600435 0.193 3
0.0226854 0.0618182 0.192 3
0.024144 0.0619455 0.192565 3
0.0255272 0.0617208 0.193 3
0.0223727 0.0640604 0.192 3
0.0240361 0.0641708 0.1928 3
0.0204684 0.0662172 0.192 3
0.0221073 0.0661271 0.1924 3
0.0236416 0.0661237 0.193 3
0.0203926 0.0672411 0.192 3
0.0225357 0.0681556 0.192769 3
0.0163282 0.0706825 0.192 3
0.0170577 0.0709954 0.192 3
0.0227326 0.070306 0.1924 3
0.0236415 0.0709459 0.193 3
0.0160751 0.0721277 0.192 3
0.0173704 0.0722469 0.192 3
0.0226853 0.0724555 0.192 3
0.0237812 0.0727629 0.193 3
0.0243263 0.0745906 0.192435 3
0.0259369 0.0751831 0.192667 3
0.0307651 0.0753487 0.193 3
0.0245612 0.0760012 0.192 3
0.0264033 0.0760943 0.1925 3
0.0276224 0.0761874 0.193 3
0.0306953 0.0761175 0.193 3
0.0158424 0.0229595 0.195 3
0.014287 0.0241062 0.194 3
0.0156945 0.0242142 0.19487 3
0.0171125 0.0250778 0.195 3
0.00589312 0.0269843 0.195 3
0.0063165 0.0269843 0.195 3
0.0161247 0.0262076 0.195 3
0.0176899 0.0264643 0.195 3
0.0198116 0.0266665 0.195 3
0.0219814 0.0269843 0.195 3
0.00187107 0.0293145 0.195 3
0.00358185 0.0289542 0.194909 3
0.00517288 0.0284792 0.194444 3
0.0063165 0.0278316 0.195 3
0.0161824 0.0276889 0.194 3
0.0176566 0.0276889 0.194 3
0.019903 0.0278294 0.194 3
0.0219141 0.0281675 0.1944 3
0.0240364 0.0281818 0.1945 3
0.0261479 0.0281818 0.1945 3
0.028332 0.0278316 0.195 3
0.0304488 0.0278316 0.195 3
0.0324663 0.0283766 0.194524 3
0.0338358 0.0286789 0.195 3
0.00187107 0.0297381 0.195 3
0.00334857 0.0297076 0.1948 3
0.00459929 0.0295856 0.194 3
0.0328542 0.0304595 0.1942 3
0.0340475 0.031221 0.195 3
0.0326883 0.0324307 0.194 3
0.0342396 0.0328365 0.194714 3
0.0327497 0.0345733 0.194 3
0.0343836 0.0347328 0.1945 3
0.0343836 0.0368457 0.1945 3
0.0344715 0.0389684 0.194455 3
0.0359527 0.0392706 0.195 3
0.0348556 0.0408043 0.194294 3
0.0359527 0.0407534 0.195 3
0.024945 0.0435072 0.195 3
0.0260618 0.0433846 0.194556 3
0.0343612 0.0431567 0.194375 3
0.0264673 0.0453611 0.194778 3
0.0330305 0.0451809 0.194 3
0.0344791 0.0450332 0.194778 3
0.00165567 0.0479376 0.1945 3
0.00333568 0.0481313 0.194 3
0.0055821 0.0481313 0.194 3
0.00754772 0.0481313 0.194 3
0.00965372 0.0481313 0.194 3
0.0115491 0.0479205 0.194 3
0.013562 0.0478558 0.194167 3
0.0158122 0.047411 0.195 3
0.0177099 0.0475604 0.1946 3
0.0197626 0.0479205 0.194 3
0.0218686 0.0479205 0.194 3
0.0239497 0.0475871 0.194556 3
0.0259543 0.0469512 0.194 3
0.0327898 0.047469 0.194 3
0.0340475 0.0471084 0.195 3
-0.000455929 0.0486355 0.194333 3
0.000748577 0.0487087 0.194143 3
0.00525806 0.0483794 0.195 3
0.0311351 0.0502388 0.194 3
0.0325812 0.0494582 0.194421 3
0.0340475 0.0488031 0.195 3
0.0309546 0.0517442 0.194 3
0.0325199 0.0514076 0.194609 3
0.0304654 0.0537199 0.194056 3
0.032374 0.0533236 0.194833 3
0.0288185 0.0565612 0.194 3
0.0303366 0.0556654 0.194391 3
0.0319004 0.0553397 0.195 3
0.0267125 0.0582472 0.194 3
0.028209 0.0579128 0.19415 3
0.0300706 0.0575805 0.194833 3
0.0265019 0.0599332 0.194 3
0.0283072 0.0598906 0.194696 3
0.0298138 0.0598184 0.195 3
0.0263613 0.0621334 0.194125 3
0.0283555 0.0619457 0.194917 3
0.0297609 0.0617779 0.195 3
0.0261344 0.0641498 0.194154 3
0.0282886 0.0640783 0.194923 3
0.0296021 0.0640551 0.195 3
0.0246064 0.0664664 0.194 3
0.0260545 0.0662184 0.194227 3
0.0283614 0.0661946 0.194958 3
0.0296021 0.0661734 0.195 3
0.0242106 0.0684337 0.1942 3
0.0261949 0.0683119 0.195 3
0.0282017 0.0678355 0.195 3
0.0296021 0.0674444 0.195 3
0.0242905 0.0703124 0.194 3
0.0260538 0.0704504 0.195 3
0.0246064 0.072578 0.194 3
0.0261486 0.0725666 0.194852 3
0.0291787 0.0733757 0.195 3
0.0304488 0.0733757 0.195 3
0.0263597 0.074441 0.194579 3
0.028101 0.0746853 0.195 3
0.0304114 0.0744818 0.19444 3
0.0324273 0.0749739 0.194609 3
0.0341739 0.0753174 0.194857 3
0.0283711 0.0764363 0.194857 3
0.0299241 0.0764241 0.194 3
0.0323987 0.0761607 0.194 3
0.0345889 0.076175 0.194667 3
0.0177788 0.0226021 0.1965 3
0.0192128 0.0225529 0.197 3
0.0179146 0.0240288 0.196217 3
0.0191738 0.0240008 0.1966 3
0.00698721 0.0264839 0.196 3
0.0180514 0.0254193 0.196 3
0.0206489 0.0257859 0.196714 3
0.021948 0.0259678 0.196125 3
0.0239338 0.0262513 0.19625 3
0.0257711 0.0267617 0.197 3
0.0281948 0.027047 0.197 3
0.0304424 0.0269555 0.196333 3
0.03252 0.0269097 0.196 3
0.0343968 0.027047 0.197 3
-0.000747302 0.0288059 0.196833 3
0.00115011 0.0285109 0.196444 3
0.00289446 0.0283196 0.196714 3
0.00487079 0.0280457 0.1965 3
0.024009 0.0273356 0.196 3
0.0260563 0.0274751 0.197 3
0.0281948 0.0274751 0.197 3
0.0304424 0.0273821 0.196333 3
0.0328746 0.0275485 0.196 3
0.0342954 0.0280289 0.196556 3
-0.00281463 0.0298291 0.197 3
-0.000826815 0.0299643 0.196286 3
0.000816796 0.0296777 0.196 3
0.0347745 0.0302901 0.196444 3
0.0361789 0.0311845 0.197 3
0.0350732 0.0322328 0.196 3
0.0361076 0.0326112 0.197 3
0.0360343 0.0346794 0.1966 3
0.0364437 0.0367977 0.1965 3
0.0365735 0.0387974 0.196625 3
0.0369631 0.0409574 0.197 3
0.0364437 0.0429876 0.1965 3
0.0258828 0.0453003 0.1965 3
0.0360618 0.0451809 0.19675 3
-0.00473935 0.0480196 0.197 3
-0.00283826 0.048002 0.196429 3
-0.000743566 0.0478869 0.196167 3
0.000941383 0.0476395 0.196571 3
0.00288924 0.0477269 0.196429 3
0.00507225 0.0479888 0.196 3
0.00719998 0.0479888 0.196 3
0.00932771 0.0479888 0.196 3
0.0113136 0.0478469 0.196 3
0.0136731 0.0474862 0.196727 3
0.0156307 0.0473241 0.197 3
0.0181729 0.0473411 0.196556 3
0.0198764 0.0474964 0.196167 3
0.0222392 0.0472903 0.196444 3
0.0243198 0.0469019 0.1968 3
0.0256123 0.0465767 0.196333 3
0.0350732 0.04735 0.196 3
0.0361076 0.0471636 0.197 3
-0.00472732 0.0485375 0.1965 3
-0.00317927 0.04856 0.196375 3
-0.0015237 0.0486275 0.196 3
0.0348193 0.0495926 0.196167 3
0.0358937 0.0486616 0.197 3
0.034511 0.0515077 0.196429 3
0.0332647 0.054057 0.196 3
0.0344624 0.0534567 0.196818 3
0.0328089 0.0558391 0.1962 3
0.0339691 0.0557238 0.197 3
0.0310913 0.0579351 0.196 3
0.0324136 0.0576983 0.196643 3
0.0339691 0.0570078 0.197 3
0.0308336 0.0597302 0.1961 3
0.0317999 0.0597593 0.197 3
0.030796 0.0619543 0.1964 3
0.0316166 0.06193 0.197 3
0.0307267 0.064028 0.196294 3
0.0317999 0.0641006 0.197 3
0.0308178 0.0660869 0.196 3
0.0322582 0.0659961 0.197 3
0.0272006 0.0690678 0.196 3
0.0287205 0.0688853 0.196 3
0.0306252 0.0681958 0.196 3
0.0325026 0.0683196 0.197 3
0.0272006 0.0703453 0.196 3
0.028343 0.0702962 0.1961 3
0.0304416 0.0705175 0.196739 3
0.0324786 0.0704032 0.196862 3
0.0339691 0.0702762 0.197 3
0.0285039 0.0724068 0.196074 3
0.0306122 0.0724339 0.196148 3
0.0325536 0.0725482 0.1962 3
0.0339691 0.0724163 0.197 3
0.0284469 0.0744212 0.196 3
0.0327327 0.0741353 0.196 3
0.0346129 0.0745512 0.196667 3
0.0359899 0.0749905 0.196857 3
0.0286901 0.0758812 0.196 3
0.0296918 0.0764824 0.197 3
0.035286 0.0758812 0.196 3
0.0357115 0.0758812 0.196 3
0.0199552 0.0228825 0.198 3
0.0200626 0.0242806 0.198 3
0.0212449 0.0248183 0.198 3
0.0246839 0.0248183 0.198 3
0.0256727 0.0249437 0.199 3
0.0332337 0.0249437 0.199 3
0.0336658 0.0249437 0.199 3
0.0362581 0.0249437 0.199 3
0.00533895 0.0271843 0.198 3
0.0246839 0.0256787 0.198 3
0.0264001 0.02605 0.198375 3
0.0282178 0.0264173 0.198167 3
0.0304874 0.0265391 0.198 3
0.0326986 0.0262651 0.198375 3
0.0345698 0.0261612 0.198316 3
0.0362581 0.0262407 0.199 3
-0.00277802 0.0287002 0.198714 3
-0.000989952 0.0281881 0.198 3
0.0010422 0.0276494 0.19825 3
0.00298959 0.027754 0.199 3
0.00478085 0.0275634 0.198667 3
0.0354312 0.0284749 0.198 3
0.0364742 0.0281863 0.199 3
-0.00327526 0.0294834 0.199 3
0.0367927 0.0303359 0.198588 3
0.0371882 0.0323784 0.1982 3
0.0371507 0.0344975 0.198 3
0.0382024 0.0351041 0.199 3
0.0374731 0.0365409 0.198 3
0.0382082 0.0366243 0.19875 3
0.0377955 0.0387993 0.198 3
0.0382254 0.0387993 0.198 3
0.0377955 0.0409502 0.198 3
0.0382254 0.0409502 0.198 3
0.0377955 0.0422408 0.198 3
0.0382057 0.0431648 0.198857 3
0.0245619 0.0454224 0.19875 3
0.0255437 0.045037 0.198 3
0.0371507 0.0452521 0.198 3
0.0381098 0.044863 0.199 3
-0.00707061 0.0479396 0.1988 3
-0.00512967 0.0474817 0.198333 3
-0.00321165 0.047384 0.198375 3
-0.000834014 0.0473506 0.198429 3
0.00104533 0.0469938 0.199 3
0.00298228 0.0472436 0.1986 3
0.00512401 0.0476181 0.198 3
0.00727345 0.0476181 0.198 3
0.0094229 0.0476181 0.198 3
0.0117261 0.0475141 0.198167 3
0.0136362 0.0470979 0.198833 3
0.0157353 0.0469939 0.199 3
0.0176796 0.0469938 0.199 3
0.0199136 0.0470225 0.198667 3
0.0216645 0.04696 0.198556 3
0.0239348 0.0465489 0.198333 3
0.0370074 0.0472596 0.198 3
-0.00729654 0.0487134 0.198667 3
-0.00583813 0.0486935 0.198 3
0.0367402 0.0496242 0.1988 3
0.0356461 0.0514898 0.198 3
0.0363131 0.0511016 0.198286 3
0.0353237 0.0535331 0.198 3
0.0360506 0.0537909 0.19875 3
0.0350012 0.0555765 0.198 3
0.0360421 0.055641 0.199 3
0.0332817 0.0583727 0.198 3
0.034658 0.0578308 0.198143 3
0.0360421 0.0573705 0.199 3
0.0329592 0.0600397 0.198 3
0.0346842 0.0596866 0.199 3
0.0328517 0.0620293 0.198 3
0.0346379 0.0620723 0.199 3
0.0328995 0.0640846 0.198 3
0.0346596 0.0641009 0.198727 3
0.0360421 0.064072 0.199 3
0.0332816 0.0663311 0.198 3
0.0344867 0.0662337 0.199 3
0.0332817 0.0680518 0.198 3
0.0346164 0.0685141 0.198875 3
0.0360421 0.0692602 0.199 3
0.0348874 0.0701177 0.198167 3
0.0364125 0.0704338 0.199 3
0.0351087 0.0724612 0.198 3
0.0365288 0.0723134 0.198905 3
0.0352162 0.0738593 0.198 3
0.0366739 0.0739406 0.198273 3
0.0227824 0.0224182 0.201 3
0.0242369 0.0220821 0.20075 3
0.025567 0.0222102 0.201 3
0.0208081 0.0237654 0.2 3
0.0220142 0.0237171 0.2 3
0.024468 0.0235792 0.2 3
0.0262489 0.0241127 0.200571 3
0.0281127 0.024976 0.201 3
0.0324767 0.024976 0.201 3
0.0348982 0.0242051 0.2005 3
0.0375259 0.0248518 0.2 3
-3.51686e-05 0.0271595 0.201 3
0.00105584 0.0271595 0.201 3
0.00301964 0.0271595 0.201 3
0.00517577 0.0270244 0.2 3
0.00647846 0.0270244 0.2 3
0.0266702 0.0252863 0.2 3
0.0284196 0.0257279 0.2004 3
0.0303611 0.0259381 0.2 3
0.0321788 0.0256754 0.2005 3
0.0349206 0.0252863 0.2 3
0.0375259 0.0261553 0.2 3
0.0387493 0.0265621 0.200333 3
-0.00723579 0.0289063 0.201 3
-0.00521019 0.0288065 0.200687 3
-0.00340989 0.0283065 0.200625 3
-0.000903487 0.027834 0.2002 3
0.00105584 0.0275962 0.201 3
0.00301964 0.0275962 0.201 3
0.0375259 0.028328 0.2 3
0.0388358 0.0282824 0.201 3
-0.00723579 0.0297797 0.201 3
-0.00515582 0.0299542 0.200222 3
-0.00394307 0.0296316 0.2 3
0.0375259 0.0296316 0.2 3
0.0384328 0.0305303 0.2002 3
0.0389268 0.0325366 0.2005 3
0.039155 0.0344723 0.200714 3
0.0393414 0.0366559 0.2004 3
0.0392628 0.0387567 0.2 3
0.0392628 0.0409293 0.2 3
0.0240648 0.0437538 0.2 3
0.0392318 0.0427916 0.2 3
0.00127404 0.0457193 0.201 3
0.00214684 0.0457193 0.201 3
0.0153802 0.0461437 0.2 3
0.0177684 0.0461437 0.2 3
0.0190711 0.0461437 0.2 3
0.0227646 0.045974 0.2004 3
0.0239522 0.0453576 0.200545 3
0.0391163 0.0452515 0.201 3
-0.0107706 0.0475972 0.201 3
-0.00946275 0.0473551 0.200588 3
-0.00749586 0.0472893 0.2 3
-0.00545059 0.0467748 0.200714 3
-0.00289949 0.0467748 0.200714 3
-0.00109278 0.0467748 0.200714 3
0.00105584 0.0465928 0.201 3
0.00320145 0.0467748 0.200714 3
0.00532555 0.0471238 0.200167 3
0.00736529 0.0469114 0.2005 3
0.00954187 0.0469114 0.2005 3
0.0115008 0.0469114 0.2005 3
0.0134933 0.0465928 0.201 3
0.0157106 0.0465891 0.20075 3
0.0177684 0.0465782 0.2 3
0.0201257 0.0465911 0.200889 3
0.021986 0.0465865 0.200571 3
0.037743 0.0476646 0.2 3
0.0387812 0.0472427 0.200714 3
-0.0109452 0.0485579 0.201 3
-0.00958806 0.0483163 0.2 3
-0.00828537 0.0483163 0.2 3
0.037743 0.0491854 0.2 3
0.0385531 0.0490036 0.200444 3
0.0370917 0.0517926 0.2 3
0.03815 0.0513964 0.201 3
0.0370917 0.0535307 0.2 3
0.0370917 0.0557033 0.2 3
0.0369922 0.0579922 0.2004 3
0.0353548 0.0604832 0.2 3
0.0365745 0.05964 0.200333 3
0.0353548 0.0613522 0.2 3
0.0366916 0.0620211 0.200444 3
0.03815 0.0627507 0.201 3
0.0368022 0.0635973 0.2 3
0.0385864 0.0636242 0.201 3
0.0353548 0.0663493 0.2 3
0.0362232 0.0654802 0.2 3
0.0353133 0.0679912 0.201 3
0.0359865 0.0684738 0.2005 3
0.0373708 0.0702911 0.2 3
0.0383353 0.0706877 0.2006 3
0.037743 0.0724327 0.2 3
0.0383944 0.0719982 0.2 3
0.020459 0.0230193 0.203 3
0.0217179 0.0227303 0.202 3
0.0264983 0.0222476 0.202 3
0.0341221 0.0227988 0.203 3
0.0037108 0.0243424 0.203 3
0.00503304 0.0247835 0.203 3
0.00723675 0.0247835 0.203 3
0.0269369 0.0235642 0.202 3
0.028288 0.0242956 0.202615 3
0.0304454 0.0251003 0.202 3
0.0325873 0.0245689 0.202444 3
0.034038 0.0240614 0.2025 3
-0.0110541 0.0269887 0.203 3
-0.0024475 0.0272946 0.202 3
-0.00113177 0.0272946 0.202 3
0.0013969 0.0265477 0.203 3
0.00310061 0.0261558 0.202455 3
0.00519511 0.0260353 0.202167 3
0.0072706 0.0260485 0.202556 3
0.029349 0.0255391 0.202 3
0.0304454 0.0255391 0.202 3
0.0315419 0.0255391 0.202 3
-0.0134782 0.0280914 0.203 3
-0.0112634 0.0282058 0.202579 3
-0.00942334 0.0281628 0.202238 3
-0.0075549 0.0279319 0.20225 3
-0.00537352 0.0277701 0.2025 3
-0.00328297 0.0276711 0.20275 3
-0.00113177 0.0277335 0.202 3
0.0396555 0.0288307 0.202 3
0.0407332 0.0285324 0.203 3
-0.00946466 0.0297084 0.202 3
0.0396555 0.0303668 0.202 3
0.0407333 0.0305171 0.203 3
0.0406931 0.0326892 0.2028 3
0.040713 0.0348577 0.202167 3
0.0411338 0.036709 0.202556 3
0.0410737 0.0388012 0.2025 3
0.0408333 0.040981 0.2024 3
0.0235442 0.043087 0.203 3
0.0398748 0.0439719 0.202 3
0.0405592 0.0429031 0.202286 3
-0.0119356 0.0459538 0.203 3
-0.00686705 0.0459538 0.203 3
-0.00532444 0.0459538 0.203 3
-0.00312072 0.0459538 0.203 3
-0.000917005 0.0459538 0.203 3
0.000405225 0.0459538 0.203 3
0.00327006 0.0459538 0.203 3
0.00525341 0.0459538 0.203 3
0.00745712 0.0459538 0.203 3
0.00944047 0.0459538 0.203 3
0.0114238 0.0459538 0.203 3
0.0136275 0.0459538 0.203 3
0.0159737 0.0459498 0.202429 3
0.0179461 0.0459469 0.202 3
0.0199197 0.0459469 0.202 3
0.0221131 0.0457598 0.202286 3
0.0234863 0.0447396 0.2025 3
0.0398748 0.0452885 0.202 3
0.0403133 0.0452885 0.202 3
-0.0137379 0.0473287 0.20275 3
-0.0116223 0.0471091 0.202059 3
-0.00946465 0.0468245 0.202 3
-0.00738707 0.0467529 0.202167 3
-0.00532444 0.0463948 0.203 3
-0.00312072 0.0463948 0.203 3
-0.000917005 0.0463948 0.203 3
0.000405225 0.0463948 0.203 3
0.00327006 0.0463948 0.203 3
0.00510254 0.0466593 0.202385 3
0.00745712 0.0463948 0.203 3
0.00944047 0.0463948 0.203 3
0.0114238 0.0463948 0.203 3
0.0136275 0.0463948 0.203 3
0.0153905 0.0463948 0.203 3
0.0398748 0.0466051 0.202 3
0.0402955 0.047559 0.202857 3
0.0392169 0.0498967 0.202 3
0.0402925 0.0492616 0.203 3
0.0392654 0.0512775 0.20225 3
0.0385183 0.0534509 0.202167 3
0.0383397 0.0558215 0.202 3
0.0383872 0.0578688 0.20225 3
0.0374626 0.0604297 0.202 3
0.0385296 0.0598467 0.203 3
0.0374626 0.0613074 0.202 3
0.0387272 0.0619325 0.202714 3
0.0385296 0.0649188 0.203 3
0.0370908 0.0664625 0.2026 3
0.0382462 0.0658639 0.203 3
0.0365855 0.0682563 0.202 3
0.0374626 0.0696461 0.202 3
0.0389758 0.0700974 0.2028 3
0.0400722 0.0699909 0.203 3
0.0271144 0.0221326 0.205 3
0.0278245 0.022411 0.2045 3
0.0327097 0.0226098 0.205 3
0.0337907 0.0223553 0.205 3
-0.0169491 0.0250277 0.205 3
-0.0157128 0.0247308 0.205 3
0.00174448 0.0250277 0.205 3
0.00263465 0.0250277 0.205 3
0.00616511 0.0249056 0.204 3
0.00660803 0.0249056 0.204 3
0.0287746 0.0236537 0.204667 3
0.030493 0.0243418 0.204444 3
0.032328 0.0237671 0.204529 3
0.0336808 0.0236137 0.204333 3
-0.0173832 0.0263465 0.204867 3
-0.0156968 0.0262378 0.2045 3
-0.0137437 0.0265388 0.204368 3
-0.0119614 0.0266231 0.204818 3
-0.00938266 0.0270319 0.205 3
-0.00737979 0.0270319 0.205 3
-0.0053769 0.0270319 0.205 3
-0.00314662 0.0269792 0.2046 3
-0.000921523 0.0269001 0.204 3
0.000980901 0.0262625 0.204714 3
0.00263465 0.025473 0.205 3
0.00616511 0.0253488 0.204 3
0.00660803 0.0253488 0.204 3
-0.0173942 0.0277 0.205 3
-0.0157692 0.0279142 0.204125 3
-0.0137661 0.0275649 0.204 3
-0.0122158 0.0275649 0.204 3
0.0415983 0.0286729 0.204 3
0.0423325 0.028794 0.204333 3
0.0415983 0.0304458 0.204 3
0.0426653 0.0303934 0.204714 3
0.0415983 0.0324403 0.204 3
0.0426237 0.0325463 0.204667 3
0.0415983 0.0344348 0.204 3
0.0426237 0.0345473 0.204667 3
0.0429149 0.0366079 0.205 3
0.0427666 0.0386863 0.205 3
0.0424946 0.0411608 0.205 3
0.0413769 0.0435208 0.204 3
0.0424698 0.0430661 0.205 3
-0.0152057 0.0458488 0.20475 3
-0.0136706 0.0459083 0.204615 3
-0.0117007 0.0458856 0.204667 3
-0.0093369 0.0461801 0.204 3
-0.0072187 0.0458856 0.204667 3
-0.0053769 0.0457384 0.205 3
-0.00315147 0.0457384 0.205 3
-0.00092604 0.0457384 0.205 3
0.00107685 0.0457384 0.205 3
0.00307973 0.0457384 0.205 3
0.00529912 0.0456938 0.2048 3
0.00749386 0.0455153 0.204 3
0.00948696 0.0455153 0.204 3
0.0114801 0.0455153 0.204 3
0.013722 0.0456045 0.2044 3
0.01594 0.0456045 0.2044 3
0.0179024 0.0455153 0.204 3
0.0198955 0.0455153 0.204 3
0.0220774 0.0450713 0.204286 3
0.0413769 0.0452937 0.204 3
-0.0171717 0.0466292 0.205 3
-0.0159597 0.0466273 0.204667 3
-0.0137661 0.0466234 0.204 3
-0.0114408 0.0466234 0.204 3
-0.0093369 0.0466234 0.204 3
-0.00778671 0.0466234 0.204 3
0.0413769 0.0472882 0.204 3
0.0413768 0.049061 0.204 3
0.0409576 0.0510986 0.204429 3
0.0396051 0.0537149 0.204 3
0.0406895 0.0533101 0.205 3
0.0396051 0.0554878 0.204 3
0.0406895 0.0555371 0.205 3
0.0395735 0.0573872 0.204 3
0.0400219 0.0584321 0.205 3
0.0395849 0.0600649 0.204714 3
0.0400219 0.0597683 0.205 3
0.0396051 0.0616928 0.204 3
0.0404911 0.0619145 0.204 3
0.0388908 0.0668108 0.2042 3
0.0400219 0.0668946 0.205 3
0.0373168 0.0684396 0.204 3
0.0389128 0.0685181 0.204591 3
0.0401641 0.0685224 0.204875 3
0.0376121 0.0696708 0.204 3
0.0389408 0.0696708 0.204 3
0.0402696 0.0696708 0.204 3
-0.0150192 0.0206741 0.206 3
-0.0141932 0.0207744 0.207 3
-0.0174102 0.0225194 0.2065 3
-0.0156291 0.0221388 0.206 3
-0.0137937 0.0222236 0.207 3
0.0291766 0.0230231 0.207 3
0.0305249 0.0230231 0.207 3
0.0324676 0.0222946 0.2065 3
-0.0175356 0.0242234 0.206286 3
-0.0156341 0.0239189 0.206 3
-0.0135119 0.0242558 0.206333 3
-0.0119341 0.0245278 0.2068 3
-3.60434e-05 0.0251497 0.206 3
0.000858472 0.0251497 0.206 3
0.0291766 0.0234729 0.207 3
0.0305249 0.0234729 0.207 3
-0.0195114 0.0262712 0.207 3
-0.0185823 0.0261579 0.206111 3
-0.0136774 0.0255973 0.206 3
-0.0114005 0.0258419 0.206429 3
-0.00945134 0.0258827 0.2065 3
-0.0072118 0.0263452 0.2066 3
-0.0051866 0.0263005 0.20625 3
-0.00316684 0.0262687 0.206 3
-0.000812203 0.026018 0.206267 3
0.000679569 0.0258658 0.206 3
-0.0195864 0.0277454 0.207 3
-0.0185972 0.0276114 0.206 3
0.0437952 0.0305205 0.206 3
0.0446375 0.0306863 0.206444 3
0.0437952 0.0325346 0.206 3
0.044815 0.0324416 0.206429 3
0.0437952 0.0345486 0.206 3
0.0446455 0.0345583 0.206545 3
0.0437952 0.0367864 0.206 3
0.0446551 0.0367184 0.206875 3
0.0436035 0.0388964 0.206 3
0.0446819 0.038764 0.207 3
0.0435715 0.0408145 0.206 3
0.0446819 0.0403381 0.207 3
0.0073437 0.0439475 0.206 3
0.0226456 0.0434269 0.206571 3
0.0233115 0.0432187 0.2068 3
0.0437302 0.0429853 0.20675 3
-0.0195864 0.0459598 0.207 3
-0.0177457 0.0456233 0.2065 3
-0.0159361 0.0454784 0.206714 3
-0.0135191 0.0452851 0.207 3
-0.0114705 0.0456233 0.2065 3
-0.00942845 0.0459615 0.206 3
-0.00740878 0.0454784 0.206714 3
-0.00520464 0.0452852 0.207 3
-0.00318222 0.0452851 0.207 3
-0.000935074 0.0452851 0.207 3
0.00108735 0.0452852 0.207 3
0.00310978 0.0452852 0.207 3
0.00548517 0.0449529 0.206167 3
0.00735388 0.044776 0.206286 3
0.00921412 0.044953 0.206167 3
0.0115926 0.0450664 0.206 3
0.0136053 0.0450664 0.206 3
0.015618 0.0450664 0.206 3
0.0178542 0.0450664 0.206 3
0.020034 0.0447639 0.206444 3
0.0216768 0.0445401 0.206444 3
0.0232213 0.044395 0.206 3
0.0430918 0.0450353 0.206375 3
-0.0193616 0.0467468 0.207 3
0.042677 0.0473042 0.206 3
0.042677 0.0490945 0.206 3
0.0415589 0.0522275 0.206 3
0.0427086 0.0513509 0.2068 3
0.0416598 0.0537013 0.2065 3
0.0421081 0.0537013 0.2065 3
0.041237 0.0555127 0.2064 3
0.04221 0.0556291 0.207 3
0.0410665 0.0577285 0.206333 3
0.04221 0.0569784 0.207 3
0.0410369 0.0600547 0.20675 3
0.0410865 0.0617006 0.207 3
-0.0190949 0.0227915 0.209 3
-0.0186412 0.0227915 0.209 3
-0.0126812 0.0222305 0.208 3
-0.0117262 0.0223508 0.2087 3
-0.0100195 0.0227915 0.209 3
0.0287778 0.0225644 0.209 3
0.0303361 0.0225429 0.2088 3
0.0315756 0.0224565 0.208 3
-0.0237839 0.0247592 0.209 3
-0.0215907 0.0250619 0.209 3
-0.0196327 0.0243488 0.2086 3
-0.0185698 0.0240604 0.2082 3
-0.0126812 0.0231344 0.208 3
-0.01134 0.0237647 0.20825 3
-0.00960068 0.0241711 0.208478 3
-0.00752379 0.0248348 0.209 3
-0.0235873 0.0260609 0.209 3
-0.0219052 0.0263918 0.20875 3
-0.0204502 0.0261674 0.208167 3
-0.00726198 0.0256198 0.208 3
-0.00522979 0.0256198 0.208 3
-0.00319759 0.0256198 0.208 3
-0.00161699 0.0256198 0.208 3
-0.0231789 0.0273323 0.209 3
-0.0218466 0.0276154 0.2084 3
0.0460267 0.0326245 0.208 3
0.0458434 0.0348603 0.2084 3
0.0467018 0.0342193 0.209 3
0.0457965 0.0366594 0.208667 3
0.046248 0.0370952 0.209 3
0.0457943 0.0389115 0.209 3
0.046248 0.0389114 0.209 3
0.0224251 0.041863 0.209 3
0.045282 0.0410356 0.208429 3
0.046248 0.0405008 0.209 3
0.0167529 0.0436793 0.209 3
0.0178874 0.0436793 0.209 3
0.0199293 0.0436793 0.209 3
0.021975 0.0432328 0.208556 3
0.0450056 0.0428964 0.2085 3
-0.0283972 0.0448145 0.209 3
-0.0231789 0.0457227 0.209 3
-0.0218691 0.045406 0.208471 3
-0.0199954 0.0452079 0.208476 3
-0.0177336 0.0448145 0.209 3
-0.0156916 0.0448145 0.209 3
-0.0136375 0.0447717 0.2088 3
-0.0115522 0.045278 0.208 3
-0.00951998 0.045504 0.208 3
-0.0072969 0.0448145 0.209 3
-0.00525493 0.0448145 0.209 3
-0.00321296 0.0448145 0.209 3
-0.000944109 0.0448145 0.209 3
0.00109786 0.0448145 0.209 3
0.00312694 0.044643 0.2082 3
0.005157 0.0446002 0.208 3
0.00967299 0.0446001 0.208 3
0.0114794 0.0446002 0.208 3
0.0135116 0.0446001 0.208 3
0.015859 0.0445577 0.208091 3
0.0178303 0.0444446 0.208333 3
0.019644 0.0442668 0.208714 3
0.0437687 0.0459559 0.208 3
0.0448159 0.0448923 0.208667 3
-0.0217132 0.0466337 0.208 3
-0.02081 0.0466337 0.208 3
0.0437687 0.0473115 0.208 3
0.0442204 0.0473115 0.208 3
0.0437687 0.0493452 0.208 3
0.0442204 0.0493452 0.208 3
0.0439792 0.0516258 0.209 3
0.0444329 0.0516258 0.209 3
0.0430913 0.0534124 0.208 3
0.0431431 0.0555134 0.20825 3
0.0419624 0.0581575 0.208 3
0.0431511 0.0578228 0.208833 3
0.0419624 0.0592872 0.208 3
0.0424048 0.0597645 0.2084 3
0.042391 0.0618427 0.209 3
0.0403818 0.0647101 0.208 3
0.042391 0.0634319 0.209 3
0.0403818 0.0651621 0.208 3
-0.00993318 0.0205853 0.212 3
-0.00738811 0.0205465 0.2116 3
-0.00602079 0.0205853 0.212 3
0.0289608 0.0208156 0.212 3
0.0294211 0.0208156 0.212 3
-0.021466 0.0229005 0.21 3
-0.0200982 0.0229005 0.21 3
-0.0110553 0.0216078 0.21 3
-0.0093622 0.0219552 0.210667 3
-0.00736367 0.022084 0.21092 3
-0.00554768 0.022148 0.211533 3
0.0209366 0.0229005 0.21 3
0.0219185 0.0229732 0.210667 3
0.0286338 0.0217982 0.211111 3
0.0303157 0.0217982 0.211111 3
0.031802 0.0218635 0.211 3
-0.0257974 0.0247256 0.21 3
-0.0243894 0.024162 0.21 3
-0.0219219 0.0242237 0.21 3
-0.0203261 0.0238131 0.21 3
-0.00892761 0.0233568 0.21 3
-0.00723031 0.0239669 0.210176 3
-0.0052623 0.0242737 0.210619 3
-0.00332401 0.0244659 0.210818 3
-0.00114847 0.0247584 0.210571 3
0.00110311 0.0249537 0.21 3
0.00259886 0.0249574 0.211 3
0.00546044 0.0244995 0.211 3
0.0209366 0.0233568 0.21 3
0.0219185 0.0234309 0.210667 3
-0.0277527 0.026677 0.211 3
-0.0263181 0.0262809 0.211059 3
-0.0246837 0.0264271 0.210222 3
-0.0226059 0.0256381 0.21 3
0.00295475 0.0254217 0.212 3
0.00523138 0.0253017 0.211 3
-0.0277527 0.0275939 0.211 3
-0.025813 0.0277247 0.212 3
-0.0242799 0.0275503 0.210667 3
0.0471532 0.0331663 0.21 3
0.0473812 0.0352041 0.21025 3
0.048523 0.0351579 0.211 3
0.047426 0.036738 0.2106 3
0.048753 0.0362458 0.212 3
0.0474794 0.0389226 0.211111 3
0.048753 0.0397003 0.212 3
0.0204455 0.0410821 0.212 3
0.0213783 0.0411154 0.211 3
0.0460134 0.041607 0.21 3
0.0473783 0.0408876 0.211 3
0.048753 0.0401609 0.212 3
-0.0316467 0.0434097 0.211 3
-0.030401 0.0432511 0.211143 3
-0.0284663 0.0436789 0.2112 3
-0.026232 0.043776 0.211667 3
-0.024164 0.043776 0.211667 3
-0.0223343 0.0438344 0.211545 3
-0.019868 0.0437531 0.211714 3
-0.0180591 0.0439596 0.211286 3
-0.0158418 0.0440973 0.211 3
-0.0137803 0.0440973 0.211 3
-0.012406 0.0440973 0.211 3
-0.00736672 0.0440973 0.211 3
-0.00521736 0.0439895 0.211429 3
-0.0032514 0.0439715 0.2115 3
-0.000955386 0.0439506 0.2114 3
0.00110836 0.043867 0.211 3
0.00316987 0.043867 0.211 3
0.00531085 0.0438135 0.211111 3
0.00730441 0.0437064 0.211333 3
0.00945231 0.0437204 0.211231 3
0.0115042 0.0436934 0.211429 3
0.0137281 0.0437064 0.211333 3
0.015883 0.0433505 0.211 3
0.0178717 0.043052 0.2115 3
0.0200183 0.0428003 0.210857 3
0.0213844 0.0423078 0.210571 3
0.0460134 0.0425196 0.21 3
0.0469553 0.0430906 0.211077 3
-0.0303569 0.0452571 0.21 3
-0.0282617 0.0453005 0.21 3
-0.0262286 0.0452639 0.210238 3
-0.0242639 0.0452747 0.210182 3
-0.022257 0.0446909 0.210714 3
-0.0199648 0.0445557 0.211 3
-0.0179033 0.0445557 0.211 3
-0.0158418 0.0445557 0.211 3
-0.0137803 0.0445557 0.211 3
-0.011328 0.0447694 0.211 3
-0.00942823 0.0447828 0.211 3
-0.00736672 0.0445557 0.211 3
-0.00530522 0.0445557 0.211 3
-0.00324371 0.0445557 0.211 3
-0.00095311 0.0445135 0.2108 3
0.00110311 0.0443446 0.21 3
0.00315485 0.0443446 0.21 3
0.00520659 0.0443446 0.21 3
0.00725832 0.0443446 0.21 3
0.00953803 0.0443446 0.21 3
0.0115898 0.0443446 0.21 3
0.0136415 0.0443446 0.21 3
0.0156933 0.0443446 0.21 3
0.0453295 0.0457133 0.21 3
0.0466817 0.0454578 0.212 3
-0.0302524 0.047234 0.210333 3
-0.0283725 0.047424 0.2105 3
-0.0262851 0.0472294 0.211167 3
-0.0240601 0.0470213 0.21075 3
-0.0228338 0.046854 0.21 3
0.0453294 0.0473102 0.21 3
0.0466817 0.0473002 0.212 3
-0.0299715 0.0496241 0.211818 3
-0.0286876 0.0493938 0.211909 3
-0.0269637 0.0484517 0.212 3
0.0453294 0.0493634 0.21 3
0.0466817 0.048682 0.212 3
-0.0297715 0.0510311 0.212 3
-0.0289199 0.0511001 0.212 3
0.0455454 0.0514322 0.211 3
0.045164 0.0535981 0.211111 3
0.0450147 0.0556799 0.210889 3
0.0452345 0.0578182 0.211444 3
0.0435057 0.0598573 0.21 3
0.0449401 0.059854 0.2116 3
0.0437128 0.061976 0.211 3
0.0447025 0.0619013 0.212 3
0.0416819 0.064648 0.21 3
0.0432851 0.0642396 0.210636 3
0.0446458 0.064285 0.211625 3
0.0416819 0.0655605 0.21 3
0.0430961 0.0655447 0.2105 3
0.0448581 0.065185 0.211 3
-0.00905515 0.0206825 0.213 3
-0.00512428 0.0206825 0.213 3
-0.00386075 0.0206148 0.2135 3
0.028635 0.0209138 0.213 3
0.0307187 0.0206067 0.213556 3
0.0322927 0.0206142 0.2135 3
-0.00466182 0.0220708 0.213 3
-0.00345882 0.0220795 0.213333 3
0.0197092 0.0226394 0.214 3
0.0222429 0.0226182 0.2138 3
0.0239698 0.0222588 0.213333 3
0.0261685 0.0218394 0.213 3
0.0279875 0.0216543 0.213 3
0.030716 0.0213766 0.213 3
0.0327186 0.0216014 0.2134 3
-0.00304323 0.0234591 0.213 3
-0.000810647 0.0239769 0.2135 3
0.00112018 0.0239494 0.21325 3
0.00320743 0.0239769 0.2135 3
0.00514334 0.023841 0.213667 3
0.0201256 0.0235142 0.2135 3
0.0230855 0.0232277 0.213 3
0.0235479 0.0232277 0.213 3
-0.0273221 0.0276241 0.213 3
-0.0268597 0.0276241 0.213 3
0.0493308 0.036965 0.2135 3
0.0487518 0.0387306 0.213 3
-0.0298656 0.0417387 0.213 3
-0.0288103 0.0415369 0.21375 3
0.017809 0.0416042 0.2135 3
0.0197276 0.0411295 0.2132 3
0.049215 0.0410744 0.2134 3
-0.0298656 0.0422014 0.213 3
-0.0283502 0.0427543 0.213286 3
-0.0262888 0.043097 0.214 3
-0.024198 0.043097 0.214 3
-0.0219186 0.0433384 0.213667 3
-0.0176106 0.0438212 0.213 3
-0.0157607 0.0438212 0.213 3
-0.0137875 0.0438173 0.213143 3
-0.0116531 0.0437944 0.214 3
-0.00937906 0.0438122 0.213333 3
-0.00734226 0.0437392 0.213385 3
-0.00523023 0.0436065 0.213909 3
-0.00305751 0.043562 0.214 3
-0.000966696 0.043562 0.214 3
0.00112412 0.043562 0.214 3
0.00321494 0.043562 0.214 3
0.0052062 0.0435287 0.214 3
0.00739658 0.0433295 0.214 3
0.00948739 0.0433295 0.214 3
0.0115782 0.0433295 0.214 3
0.013636 0.0429963 0.2135 3
0.0155311 0.0426972 0.2134 3
0.0177673 0.0422014 0.213 3
0.0191546 0.0422014 0.213 3
0.0478268 0.0440525 0.213 3
0.0488662 0.0429974 0.2135 3
-0.013047 0.0442593 0.214 3
-0.0116531 0.0442593 0.214 3
-0.0100269 0.0442593 0.214 3
0.047883 0.0452633 0.21325 3
0.0489806 0.0444918 0.214 3
-0.026166 0.0482175 0.213 3
0.0480514 0.0472815 0.214 3
-0.0277552 0.0498049 0.213286 3
-0.0262981 0.0492585 0.2137 3
-0.0251273 0.0486763 0.214 3
0.047723 0.0495062 0.213714 3
-0.030229 0.0519858 0.213 3
-0.0282038 0.0514942 0.213429 3
-0.0269858 0.051001 0.214 3
0.04699 0.0515531 0.2134 3
-0.0300969 0.0535394 0.213 3
-0.0285503 0.0535246 0.213647 3
0.0471221 0.0537907 0.214 3
-0.0301322 0.0554563 0.21325 3
-0.02881 0.0555858 0.21375 3
0.0471221 0.0556505 0.214 3
-0.0299726 0.0574771 0.214 3
-0.0288443 0.0577428 0.214 3
0.0473388 0.0578892 0.213929 3
0.0487483 0.0586727 0.214 3
-0.0297735 0.0598351 0.214 3
-0.0290766 0.0596026 0.214 3
0.0457458 0.0602496 0.213 3
0.047042 0.0598977 0.2135 3
-0.0297735 0.0609974 0.214 3
-0.0293089 0.0609974 0.214 3
0.0455916 0.0620236 0.213 3
0.0472092 0.0620439 0.213895 3
0.0487483 0.0628572 0.214 3
0.0455145 0.0639518 0.213 3
0.0471905 0.0639785 0.214 3
0.0487483 0.0633221 0.214 3
0.0471221 0.0651819 0.214 3
-0.026166 0.0690423 0.213 3
-0.0275533 0.0701993 0.213 3
-0.0262269 0.0703648 0.2135 3
-0.0244819 0.070193 0.214 3
-0.0276827 0.0721561 0.214 3
-0.0264437 0.0718462 0.214 3
-0.0248949 0.0716912 0.214 3
0.0284886 0.0206815 0.2154 3
0.030605 0.0200629 0.2158 3
0.0324969 0.0200938 0.216 3
-0.002605 0.0218109 0.215 3
-0.00112681 0.0227451 0.215 3
0.00112937 0.0227452 0.215 3
0.00338556 0.0227451 0.215 3
0.00488637 0.022851 0.216 3
0.0205968 0.0228509 0.216 3
0.0219634 0.0220595 0.2156 3
0.0247785 0.0218785 0.215667 3
0.0268032 0.0218109 0.215 3
0.0280562 0.0211757 0.215667 3
-0.000737814 0.0236793 0.215 3
-0.0280455 0.0288177 0.215 3
-0.026727 0.0289071 0.215667 3
0.0494384 0.0350525 0.216 3
0.0501431 0.0374594 0.215 3
0.0184009 0.039795 0.215 3
0.0501431 0.0388607 0.215 3
-0.0281321 0.0410891 0.215667 3
-0.027238 0.0411533 0.216 3
-0.00496196 0.0418572 0.216 3
0.0142657 0.0418572 0.216 3
0.0159984 0.0415454 0.215429 3
0.0178575 0.0409412 0.2155 3
0.0501431 0.0409628 0.215 3
-0.0275787 0.0423642 0.215 3
-0.0262257 0.042443 0.2154 3
-0.0241897 0.0425612 0.216 3
-0.022203 0.0428069 0.215667 3
-0.0198765 0.0432983 0.215 3
-0.0177759 0.0432983 0.215 3
-0.0156753 0.0432983 0.215 3
-0.0137748 0.0433984 0.215 3
-0.0115275 0.0437344 0.216 3
-0.00939231 0.0436129 0.2154 3
-0.00720101 0.0431021 0.215857 3
-0.00512945 0.0428293 0.216 3
-0.00308609 0.0430305 0.216 3
-0.000975731 0.0430305 0.216 3
0.00113463 0.0430305 0.216 3
0.0032321 0.0428711 0.2152 3
0.00534404 0.0429309 0.2155 3
0.00723122 0.0430305 0.216 3
0.00934158 0.0430305 0.216 3
0.0114519 0.0430305 0.216 3
0.013589 0.0426381 0.2155 3
0.0156894 0.0422411 0.215167 3
0.0501431 0.0430648 0.215 3
0.0496757 0.0455054 0.2155 3
0.0506108 0.0453769 0.216 3
0.0493239 0.0471458 0.2155 3
-0.0257115 0.0498848 0.215 3
-0.0246016 0.0494868 0.2155 3
0.0494384 0.0493659 0.216 3
-0.0275787 0.0521737 0.215 3
-0.0262089 0.0513878 0.2155 3
0.0480425 0.0517065 0.215 3
0.0489739 0.0513575 0.2155 3
-0.0275787 0.053575 0.215 3
-0.0266995 0.0535854 0.215714 3
0.0480984 0.0536381 0.21525 3
0.0485657 0.0536381 0.21525 3
-0.0278249 0.0557025 0.2151 3
-0.027238 0.0557014 0.216 3
0.0480872 0.0557279 0.2152 3
0.0486221 0.0551037 0.2155 3
-0.0278121 0.0577791 0.215 3
-0.0270621 0.0579891 0.216 3
0.0480425 0.057312 0.215 3
0.0491295 0.0580236 0.215333 3
-0.0281622 0.0600563 0.215 3
-0.0270035 0.0599249 0.216 3
-0.0296793 0.0619831 0.215 3
-0.0282789 0.0619832 0.215 3
-0.0270035 0.0620368 0.216 3
0.0487427 0.0624502 0.215 3
-0.0283058 0.0639641 0.215714 3
-0.0270035 0.0639139 0.216 3
-0.0279414 0.0653218 0.216 3
-0.0261783 0.0689899 0.215 3
-0.0241933 0.0690023 0.215143 3
-0.0222357 0.0690762 0.216 3
-0.0233992 0.0702221 0.2152 3
-0.0222468 0.0703604 0.215474 3
-0.0278121 0.0717926 0.215 3
-0.0260706 0.0730323 0.215 3
-0.0240365 0.0725208 0.215 3
-0.0225606 0.0720262 0.215 3
-0.0257115 0.0741283 0.215 3
-0.0247779 0.0741283 0.215 3
-0.0116086 0.0208831 0.2175 3
-0.00712762 0.0201898 0.217667 3
-0.00616278 0.0201279 0.217 3
0.0226808 0.0209311 0.218 3
0.0236274 0.0209311 0.218 3
0.0266416 0.0208831 0.2175 3
-0.0116086 0.0213557 0.2175 3
-0.00137287 0.0222495 0.217 3
0.00303373 0.0223171 0.217667 3
0.00493162 0.0221152 0.218 3
0.0206922 0.0220137 0.217 3
0.0216691 0.0218108 0.217333 3
0.0236274 0.0214048 0.218 3
0.0266416 0.0213557 0.2175 3
-0.000744678 0.0231924 0.217 3
0.00302444 0.0231924 0.217 3
-0.0257151 0.0290857 0.217 3
-0.024887 0.028983 0.218 3
-0.0276633 0.0305715 0.2175 3
-0.0264237 0.0304367 0.217667 3
-0.024887 0.0294566 0.218 3
-0.0278352 0.0396937 0.217 3
0.016291 0.0396398 0.218 3
0.017001 0.0396398 0.218 3
0.0516706 0.0386048 0.2175 3
-0.0275996 0.0401652 0.217 3
-0.0265426 0.0411262 0.2176 3
-0.024177 0.0417712 0.218 3
-0.0227571 0.0417712 0.218 3
0.0122679 0.0415343 0.218 3
0.0136879 0.0415343 0.218 3
0.0156593 0.0408448 0.217214 3
0.0173942 0.0404009 0.217 3
-0.0261862 0.042051 0.217 3
-0.024177 0.0422448 0.218 3
-0.0218599 0.0426849 0.217143 3
-0.0200614 0.0427582 0.217 3
-0.0180983 0.0429153 0.217 3
-0.0158211 0.0429939 0.217 3
-0.0135243 0.0431707 0.217 3
-0.0116065 0.0433293 0.2175 3
-0.00946075 0.0432297 0.217 3
-0.00735755 0.0426199 0.2175 3
-0.00616278 0.0422867 0.217 3
-0.00311466 0.0424816 0.218 3
-0.000984731 0.0424426 0.2178 3
0.00113988 0.0422867 0.217 3
0.00302444 0.0422867 0.217 3
0.00514457 0.0422867 0.217 3
0.00728252 0.0423842 0.2175 3
0.00941856 0.0424426 0.2178 3
0.011505 0.0422867 0.217 3
0.0131539 0.0422867 0.217 3
0.0515518 0.0429939 0.217 3
0.0517889 0.0451993 0.2174 3
0.0529727 0.0453235 0.218 3
0.050374 0.0474729 0.217 3
0.0511599 0.0471511 0.217333 3
-0.023708 0.0496501 0.2175 3
-0.0227571 0.0495862 0.218 3
0.0508427 0.0495862 0.218 3
-0.0257151 0.0524232 0.217 3
-0.0242971 0.0514806 0.217571 3
0.0499701 0.0516824 0.217 3
0.0507654 0.0512458 0.217333 3
-0.0257151 0.0536019 0.217 3
-0.0248869 0.0536121 0.218 3
0.0495887 0.0534448 0.217 3
0.0506061 0.0526648 0.218 3
-0.0262306 0.0558198 0.217375 3
-0.024887 0.0557434 0.218 3
0.0492971 0.0559255 0.217 3
-0.026153 0.0576594 0.217571 3
-0.024887 0.0569275 0.218 3
0.0496645 0.0571511 0.2175 3
0.0506061 0.0571643 0.218 3
-0.0259931 0.0597385 0.217643 3
-0.0260179 0.0618663 0.217286 3
-0.0259596 0.0639964 0.217385 3
-0.0251236 0.0640321 0.218 3
-0.0278007 0.066315 0.2171 3
-0.026354 0.0657901 0.217417 3
-0.0251236 0.0656898 0.218 3
-0.0278873 0.0683445 0.217692 3
-0.0267013 0.0686106 0.218 3
-0.0220471 0.0690053 0.218 3
-0.0201877 0.0686331 0.218 3
-0.021946 0.0696317 0.217 3
-0.0207681 0.0696317 0.217 3
-0.013431 0.018093 0.219 3
-0.0115609 0.0179966 0.219111 3
-0.0100692 0.0184943 0.22 3
-0.015016 0.0203134 0.219 3
-0.0135895 0.0198376 0.219 3
-0.0115609 0.0197946 0.219111 3
-0.00971463 0.01997 0.219714 3
-0.0055315 0.0204062 0.22 3
0.0228889 0.0204062 0.22 3
0.024083 0.0204062 0.22 3
0.0261724 0.0203599 0.2195 3
0.0282528 0.0203134 0.219 3
0.0299171 0.0203134 0.219 3
-0.015016 0.0212651 0.219 3
-0.0135895 0.0217409 0.219 3
-0.0005138 0.0222167 0.219 3
0.00115514 0.0222927 0.21975 3
0.00306625 0.0223181 0.22 3
0.00550749 0.0224712 0.21975 3
0.00685617 0.0229304 0.219 3
0.0220716 0.021265 0.219 3
0.0249245 0.021265 0.219 3
0.0256377 0.021265 0.219 3
0.00590521 0.0234062 0.219 3
0.00685617 0.0234062 0.219 3
-0.02416 0.0292489 0.22 3
-0.0255955 0.0310191 0.219 3
-0.0243611 0.0305563 0.219667 3
-0.0279176 0.0327602 0.2195 3
-0.0263619 0.0327153 0.219556 3
-0.0245182 0.0319973 0.22 3
-0.0279812 0.0347457 0.22 3
-0.0265483 0.0347456 0.22 3
-0.0270259 0.0361796 0.22 3
0.0520257 0.0373746 0.22 3
0.0525034 0.0373746 0.22 3
-0.0262093 0.0389377 0.219833 3
0.0120939 0.0394777 0.22 3
0.0135481 0.0392117 0.219583 3
0.0151771 0.0391079 0.219 3
0.0520257 0.0378525 0.22 3
0.0530766 0.0384261 0.22 3
-0.0259697 0.0407751 0.219308 3
-0.02438 0.0414058 0.219833 3
-0.0224626 0.041748 0.21975 3
-0.00720329 0.0416764 0.22 3
-0.00534655 0.0417041 0.219429 3
-0.00314324 0.0416764 0.22 3
-0.000658035 0.0415621 0.2194 3
0.0011517 0.0412956 0.21925 3
0.00291181 0.0415718 0.2192 3
0.00519198 0.0417249 0.219 3
0.00733165 0.0417249 0.219 3
0.00966666 0.0414378 0.219375 3
0.0115969 0.0410812 0.219529 3
0.0135178 0.0405506 0.219083 3
0.0149869 0.040345 0.219 3
0.0520269 0.0410112 0.219 3
-0.0219355 0.0423675 0.21925 3
-0.0200086 0.0424386 0.219 3
-0.0178689 0.0426765 0.219 3
-0.0157292 0.0426765 0.219 3
-0.0135895 0.0426765 0.219 3
-0.0116877 0.0426765 0.219 3
-0.00954795 0.0426765 0.219 3
-0.00757058 0.0423632 0.2196 3
-0.00513346 0.0421544 0.22 3
-0.00314324 0.0421544 0.22 3
-0.00171028 0.0421544 0.22 3
0.0532198 0.0433493 0.22 3
0.0529779 0.0445797 0.219 3
0.0520269 0.0476725 0.219 3
0.0531402 0.0466155 0.22 3
-0.0217212 0.0499273 0.2195 3
0.0519316 0.0492408 0.2192 3
-0.0233369 0.051479 0.219 3
-0.0220119 0.0514318 0.219571 3
0.0519302 0.0516184 0.22 3
-0.0238124 0.0536201 0.219 3
-0.0219365 0.0535838 0.219667 3
-0.0200203 0.0540243 0.22 3
-0.0184282 0.0543429 0.22 3
0.0503628 0.0543338 0.219 3
0.0515282 0.0535154 0.219727 3
-0.0238124 0.0555233 0.219 3
-0.0221483 0.0555233 0.219 3
-0.0200623 0.0556751 0.2196 3
-0.0179505 0.0557769 0.22 3
0.0503628 0.0555234 0.219 3
0.0514075 0.0558189 0.2196 3
-0.0252389 0.0581403 0.219 3
-0.0240168 0.0576046 0.219133 3
-0.0220001 0.0576628 0.2199 3
-0.0198611 0.0576888 0.22 3
-0.0179505 0.0576888 0.22 3
0.0503628 0.0567129 0.219 3
0.0513646 0.0574638 0.219444 3
-0.0252389 0.0598056 0.219 3
-0.0241755 0.0598036 0.219765 3
-0.0220974 0.0592749 0.22 3
-0.0198611 0.0591228 0.22 3
-0.0179505 0.0591228 0.22 3
0.0508316 0.0588838 0.22 3
-0.0252389 0.0619468 0.219 3
-0.0241689 0.0619778 0.219706 3
-0.0226076 0.0617517 0.22 3
-0.0240985 0.0641303 0.21979 3
-0.022147 0.0642781 0.22 3
-0.0257936 0.0670221 0.219 3
-0.0241249 0.0661985 0.219688 3
-0.0221896 0.0662925 0.22 3
-0.0259909 0.0682364 0.219333 3
-0.0242129 0.0682276 0.219857 3
-0.022065 0.0682264 0.219789 3
-0.0199817 0.0683527 0.219583 3
-0.018046 0.0683478 0.22 3
-0.0255929 0.0696384 0.22 3
-0.0242833 0.0696122 0.219667 3
-0.0221482 0.0695597 0.219 3
-0.0209595 0.0695597 0.219 3
-0.00925915 0.0185469 0.2212 3
-0.00726878 0.0184212 0.222 3
-0.00558179 0.0184212 0.222 3
0.0230969 0.0184212 0.222 3
0.0235789 0.0184212 0.222 3
-0.00868336 0.0197957 0.2212 3
-0.00762813 0.0194693 0.221692 3
-0.00493913 0.020029 0.222 3
0.0222208 0.0200568 0.2216 3
0.0241243 0.0194681 0.221111 3
0.0261117 0.0195387 0.221 3
0.0280955 0.0195829 0.2215 3
0.0312909 0.019627 0.222 3
0.0317729 0.019627 0.222 3
-0.0026777 0.0214592 0.221 3
-0.00100283 0.0215564 0.222 3
0.00116615 0.0215564 0.222 3
0.00309413 0.0215563 0.222 3
0.00526311 0.0215564 0.222 3
0.00742426 0.0220133 0.22175 3
0.00887808 0.022521 0.222 3
0.020446 0.022521 0.222 3
0.0213135 0.0214592 0.221 3
-0.0235501 0.0293818 0.221 3
-0.0234963 0.0307829 0.2214 3
-0.0227856 0.0307651 0.221571 3
-0.0254694 0.0332231 0.221 3
-0.0238622 0.0327253 0.221533 3
-0.0224516 0.0319264 0.222 3
-0.0254694 0.0346635 0.221 3
-0.0244397 0.0344905 0.221533 3
-0.0259684 0.0368523 0.221167 3
-0.02457 0.0367951 0.221857 3
0.0518612 0.0368797 0.221333 3
0.0535696 0.0371942 0.221778 3
0.0549086 0.0377143 0.222 3
-0.0255846 0.0389201 0.222 3
-0.0251026 0.0389201 0.222 3
0.00936008 0.0394024 0.222 3
0.0110773 0.0389049 0.221 3
0.0539442 0.0388325 0.2215 3
0.0549086 0.0389201 0.222 3
-0.0254694 0.0401853 0.221 3
-0.0241599 0.0408392 0.221571 3
-0.022098 0.0415098 0.221667 3
-0.0199514 0.0418658 0.221 3
-0.0177922 0.0418658 0.221 3
-0.0156329 0.0418658 0.221 3
-0.0139857 0.0415988 0.2215 3
-0.0115545 0.0418658 0.221 3
-0.00939525 0.0418658 0.221 3
-0.00819568 0.0418658 0.221 3
-0.00509979 0.0413318 0.222 3
-0.00317181 0.0413318 0.222 3
-0.00124211 0.0412387 0.2215 3
0.0033201 0.0411456 0.221 3
0.0052394 0.0411456 0.221 3
0.00757043 0.0408861 0.221333 3
0.00918608 0.0406266 0.221667 3
0.0107574 0.0401853 0.221 3
0.0536156 0.0408855 0.221364 3
0.0549086 0.040126 0.222 3
-0.0213908 0.042346 0.221 3
-0.0199514 0.042346 0.221 3
-0.0177922 0.042346 0.221 3
-0.0156329 0.042346 0.221 3
-0.0137137 0.042346 0.221 3
-0.0115545 0.042346 0.221 3
-0.00939525 0.042346 0.221 3
-0.00819568 0.042346 0.221 3
0.0534617 0.042346 0.221 3
0.0532218 0.0478678 0.221 3
-0.0194716 0.0500285 0.221 3
0.053302 0.0496922 0.222 3
-0.0198981 0.0515756 0.221 3
-0.0177922 0.051709 0.221 3
-0.0160783 0.0518041 0.2212 3
-0.0144987 0.0521842 0.222 3
0.0531414 0.050898 0.222 3
-0.0197115 0.0532695 0.221 3
-0.0177122 0.0535496 0.221 3
-0.0156852 0.0536911 0.22175 3
-0.0141372 0.05339 0.222 3
-0.0170724 0.0553102 0.221 3
-0.0159082 0.0556754 0.2215 3
0.0520223 0.0550701 0.221 3
0.0533817 0.0557934 0.221333 3
-0.0168325 0.057711 0.221 3
-0.0159207 0.0576037 0.221154 3
0.0529819 0.0569907 0.221 3
-0.0235501 0.0603518 0.221 3
-0.0221106 0.0603518 0.221 3
-0.0199514 0.0603518 0.221 3
-0.0157037 0.0589367 0.222 3
-0.0218707 0.061072 0.221 3
-0.0199514 0.0646732 0.221 3
-0.0180314 0.0646953 0.221429 3
-0.0164267 0.0647247 0.222 3
-0.0213908 0.0665938 0.221 3
-0.0199514 0.0661137 0.221 3
-0.0177464 0.0660212 0.221217 3
-0.0159486 0.066181 0.221538 3
-0.02379 0.0688746 0.221 3
-0.0230702 0.0682744 0.221 3
-0.0199514 0.0675541 0.221 3
-0.0177922 0.0675542 0.221 3
-0.0163527 0.0675541 0.221 3
-0.0046386 0.0185042 0.223 3
-0.00319216 0.0185457 0.2235 3
0.0216029 0.0185872 0.224 3
0.0270743 0.0185042 0.223 3
0.028204 0.018262 0.223 3
-0.00657526 0.0197155 0.223 3
-0.00502593 0.0195701 0.223 3
-0.00318973 0.0199839 0.2233 3
-0.00101187 0.0200472 0.224 3
0.00103075 0.0200959 0.224 3
0.003122 0.0205339 0.224 3
0.00531052 0.0205339 0.224 3
0.00749904 0.0205339 0.224 3
0.0094444 0.0205339 0.224 3
0.0109034 0.0205339 0.224 3
0.0202445 0.0206343 0.223333 3
0.0216028 0.0195605 0.224 3
0.0264933 0.0195701 0.223 3
0.0282847 0.0189887 0.223 3
0.0302214 0.0197155 0.223 3
0.0327886 0.0198038 0.224 3
-0.00101187 0.0210205 0.224 3
0.00117665 0.0210205 0.224 3
0.003122 0.0210205 0.224 3
0.00531052 0.0210205 0.224 3
0.00749904 0.0210205 0.224 3
0.00943106 0.0214748 0.223667 3
0.0109034 0.0215072 0.224 3
0.0199746 0.0215269 0.2232 3
-0.0219425 0.030499 0.2232 3
-0.0209517 0.0309974 0.224 3
-0.0220268 0.0326653 0.223286 3
-0.0209517 0.0324574 0.224 3
-0.0235211 0.0349772 0.223 3
-0.0221297 0.0345894 0.223625 3
0.0510406 0.0352195 0.223 3
-0.0235211 0.036673 0.223 3
-0.0226539 0.0368374 0.224 3
0.00895806 0.0375674 0.224 3
0.0520089 0.0361885 0.223 3
0.0534614 0.0361885 0.223 3
0.0551601 0.0373241 0.224 3
-0.0239749 0.0389993 0.223222 3
-0.0226539 0.0387841 0.224 3
0.003122 0.0395141 0.224 3
0.00579686 0.0391491 0.224 3
0.00755833 0.0391158 0.223714 3
0.0093294 0.0385688 0.2236 3
-0.0235211 0.040549 0.223 3
-0.0220416 0.0407995 0.223429 3
-0.0199344 0.0411244 0.2235 3
-0.0178729 0.0413605 0.2232 3
-0.0158087 0.0416111 0.2235 3
-0.0131115 0.0415179 0.223 3
-0.0114169 0.041518 0.223 3
-0.00948026 0.041518 0.223 3
-0.00730152 0.041518 0.223 3
-0.00514574 0.0407308 0.224 3
-0.00320039 0.0407308 0.224 3
-0.00101046 0.0406217 0.2234 3
0.0011714 0.040549 0.223 3
0.00311085 0.0404393 0.2232 3
0.00536307 0.0403923 0.223286 3
0.00699183 0.0403662 0.223333 3
0.0549139 0.0412757 0.223 3
0.0201438 0.0426775 0.224 3
0.0552076 0.0431853 0.2236 3
0.0550209 0.0451161 0.223857 3
0.0543092 0.0479242 0.2235 3
0.0547331 0.0473858 0.22325 3
0.0544306 0.0492476 0.224 3
0.054917 0.0492476 0.224 3
0.0535098 0.0520316 0.223 3
0.0535421 0.0537112 0.223 3
0.0546718 0.0543572 0.223 3
-0.0150482 0.055084 0.223 3
-0.014564 0.055084 0.223 3
0.0538972 0.0551324 0.223 3
0.0546718 0.0553262 0.223 3
0.0100194 0.0167891 0.226 3
0.0114915 0.0167891 0.226 3
0.0129634 0.0167891 0.226 3
-0.000737237 0.0184607 0.225 3
0.00118366 0.0182079 0.225333 3
0.00314721 0.0182419 0.22575 3
0.00486726 0.0185076 0.226 3
0.00746615 0.0182871 0.225846 3
0.00958676 0.0180981 0.225714 3
0.0114854 0.0180062 0.225875 3
0.0135108 0.0181866 0.226 3
0.0151715 0.0182621 0.226 3
0.020569 0.0187531 0.226 3
0.0221374 0.0186978 0.225333 3
0.0246303 0.0186702 0.225 3
0.0267026 0.0182621 0.226 3
0.0283554 0.0179767 0.2255 3
0.0302482 0.0183036 0.225 3
0.0324465 0.0186702 0.225 3
-0.00101639 0.019159 0.225 3
0.00142616 0.0194034 0.225 3
0.0031397 0.0196691 0.22525 3
0.00510937 0.0197205 0.225833 3
0.00729805 0.0196767 0.225333 3
0.00948655 0.0196478 0.225 3
0.0115179 0.0197997 0.225143 3
0.0136655 0.0199312 0.22545 3
0.0157973 0.0200816 0.225231 3
0.0178439 0.0201956 0.225667 3
0.0199705 0.0199141 0.22525 3
0.0221374 0.0191874 0.225333 3
0.0246303 0.019159 0.225 3
0.0267025 0.0192442 0.226 3
0.0304925 0.019159 0.225 3
0.0324465 0.019159 0.225 3
0.0119291 0.0216032 0.225 3
0.0136389 0.0216032 0.225 3
0.0156906 0.0215544 0.225 3
0.0177912 0.0211144 0.225 3
0.0190125 0.0211144 0.225 3
-0.0200154 0.0311 0.225333 3
-0.0198174 0.0325464 0.225556 3
-0.0210453 0.0345577 0.225 3
-0.0204027 0.0347112 0.226 3
0.0524632 0.0354478 0.226 3
0.0536899 0.0354478 0.226 3
0.0549166 0.0354478 0.226 3
-0.0215954 0.036734 0.225286 3
-0.0206481 0.0366753 0.226 3
0.0054693 0.0374507 0.2255 3
0.00686784 0.0372263 0.22525 3
0.0524632 0.0359388 0.226 3
0.05369 0.0359388 0.226 3
0.0558958 0.0368458 0.225273 3
0.0568794 0.0366753 0.226 3
-0.0218144 0.0389256 0.225235 3
-0.0201351 0.0391681 0.22575 3
-0.01844 0.0398669 0.226 3
-0.00519168 0.0398669 0.226 3
-0.00322896 0.0398669 0.226 3
-0.00101949 0.0397611 0.2254 3
0.001429 0.0395038 0.225333 3
0.00313808 0.0391385 0.2252 3
0.00502807 0.0387435 0.225182 3
0.00669166 0.0381862 0.2255 3
0.0563834 0.0389572 0.225 3
-0.0215338 0.0401794 0.225 3
-0.0198452 0.040224 0.22525 3
-0.0178293 0.040774 0.22525 3
-0.0157413 0.0410945 0.226 3
-0.0134891 0.0409581 0.22525 3
-0.0115194 0.0409127 0.225 3
-0.0095653 0.0409127 0.225 3
-0.007367 0.0409127 0.225 3
-0.00519168 0.0403579 0.226 3
-0.00322896 0.0403579 0.226 3
-0.00101949 0.0402508 0.2254 3
0.00118191 0.0401794 0.225 3
0.00313594 0.0401794 0.225 3
0.00435721 0.0401794 0.225 3
0.0563842 0.0408343 0.225143 3
0.0568794 0.041831 0.226 3
0.0563887 0.042813 0.226 3
0.0568794 0.042322 0.226 3
0.0563887 0.0450226 0.226 3
0.0561434 0.0494418 0.226 3
0.0549789 0.0512361 0.22525 3
0.0554344 0.0535652 0.225333 3
0.0571247 0.054352 0.226 3
-0.0151831 0.0563113 0.225 3
-0.0141198 0.055684 0.225857 3
0.0558949 0.0550892 0.225 3
-0.015112 0.0577836 0.2254 3
-0.0146946 0.057289 0.225 3
-0.0150052 0.0590166 0.226 3
0.0140682 0.0161946 0.228 3
0.00538165 0.0180963 0.227 3
0.00636735 0.0180963 0.227 3
0.0140374 0.0176408 0.2275 3
0.0160836 0.0184134 0.227 3
0.0179494 0.0188361 0.227 3
0.020105 0.0185721 0.2274 3
0.0217411 0.0181761 0.228 3
0.0310099 0.0180963 0.227 3
0.0320903 0.0181495 0.227667 3
0.0162244 0.0193293 0.227 3
0.0179494 0.0193293 0.227 3
0.0196743 0.0193293 0.227 3
-0.0185216 0.0311659 0.227 3
-0.018542 0.0324354 0.22725 3
-0.0195074 0.0348648 0.227 3
-0.0186032 0.0342754 0.228 3
0.0515777 0.0349416 0.2275 3
0.053175 0.0350184 0.228 3
0.0561453 0.0356046 0.227 3
0.057131 0.0356046 0.227 3
-0.0198038 0.036932 0.227583 3
0.00390309 0.0373308 0.227 3
0.00439594 0.0373308 0.227 3
0.00809233 0.0373308 0.227 3
0.0561453 0.0360978 0.227 3
0.0578958 0.0366036 0.227364 3
-0.0196518 0.038606 0.22725 3
-0.0185826 0.0394331 0.22775 3
-0.00523763 0.0394767 0.228 3
-0.00325754 0.0394767 0.228 3
-0.000843424 0.0390402 0.227625 3
0.0010898 0.0388363 0.227571 3
0.00316649 0.0383594 0.22725 3
0.00439594 0.0383172 0.227 3
0.00809233 0.0383172 0.227 3
0.0580615 0.0389394 0.22775 3
-0.0175359 0.0402899 0.227 3
-0.0158384 0.0403609 0.2274 3
-0.0135932 0.0402899 0.227 3
-0.0116217 0.0402899 0.227 3
-0.00940389 0.0402899 0.227 3
-0.00718606 0.0402899 0.227 3
0.0578777 0.0409628 0.228 3
0.0577127 0.0431093 0.228 3
0.0563917 0.0459616 0.227 3
0.0576302 0.0451734 0.228 3
0.0563918 0.0471946 0.227 3
0.057567 0.0473497 0.22775 3
0.0563917 0.0484276 0.227 3
0.0573775 0.0484276 0.227 3
0.0563918 0.0516333 0.227 3
0.0578703 0.0523731 0.227 3
0.0563917 0.0528663 0.227 3
0.0576239 0.0532362 0.227 3
-0.013158 0.0560714 0.228 3
-0.013622 0.0576784 0.2275 3
-0.0151381 0.060282 0.228 3
-0.013653 0.0597866 0.228 3
0.0151243 0.0162656 0.229 3
0.0199343 0.0163366 0.23 3
0.0214324 0.0163366 0.23 3
0.0156215 0.0172607 0.229 3
0.0178897 0.0177884 0.2294 3
0.0199898 0.0176872 0.229 3
0.0222541 0.0174748 0.2292 3
0.0240088 0.0181196 0.2298 3
0.0259267 0.0183354 0.23 3
0.0306707 0.0173361 0.23 3
0.0332719 0.0182558 0.229 3
0.0342663 0.0182557 0.229 3
0.0260626 0.0192509 0.229 3
0.0345149 0.0192509 0.229 3
-0.0174217 0.0326908 0.2294 3
-0.0165193 0.0323274 0.23 3
0.0499279 0.0331818 0.229 3
0.0511447 0.0333268 0.23 3
-0.0189334 0.0354208 0.229 3
-0.0178248 0.034859 0.229667 3
0.0514764 0.0342143 0.22925 3
0.053744 0.0344953 0.2298 3
0.0556426 0.0347961 0.229444 3
0.0575111 0.0349989 0.2295 3
0.0588848 0.0353255 0.23 3
-0.0189334 0.0366646 0.229 3
-0.0179905 0.0367713 0.229667 3
-0.00278675 0.0375743 0.23 3
-0.000925693 0.0371155 0.229222 3
0.00120504 0.0374518 0.22925 3
0.00295595 0.0375743 0.23 3
0.0593391 0.036558 0.229 3
-0.0189334 0.038406 0.229 3
-0.0176825 0.0389533 0.229471 3
-0.0158652 0.0394846 0.2292 3
-0.0137129 0.0396499 0.229 3
-0.0117241 0.0396498 0.229 3
-0.00948674 0.0396499 0.229 3
-0.00709347 0.0393744 0.229333 3
-0.00528357 0.0388236 0.23 3
-0.00318624 0.0386736 0.23 3
-0.00136764 0.0382769 0.229222 3
0.00120504 0.0379498 0.22925 3
0.00295595 0.038074 0.23 3
0.0592551 0.0387402 0.2295 3
0.0591702 0.0409294 0.23 3
0.0591345 0.0430711 0.23 3
0.0591345 0.0453198 0.23 3
0.057883 0.0496005 0.229 3
0.0580346 0.0514751 0.2296 3
-0.0117241 0.0560686 0.229 3
-0.00998393 0.0560686 0.229 3
-0.0117241 0.0575611 0.229 3
-0.0100336 0.0574119 0.229 3
-0.0118733 0.0592528 0.229 3
-0.0104811 0.058805 0.229 3
0.0162595 0.0159058 0.231 3
0.0177641 0.0164077 0.231 3
0.022278 0.0164076 0.231 3
0.0237526 0.016418 0.232333 3
0.0246044 0.0173158 0.23225 3
0.0263764 0.017468 0.23175 3
0.0277825 0.0175622 0.233 3
0.02993 0.0174868 0.232 3
0.0330942 0.0175622 0.233 3
0.0339596 0.0174868 0.232 3
0.0366354 0.0185746 0.233 3
0.0387601 0.018119 0.233 3
0.0408089 0.0179418 0.233 3
0.042453 0.0180684 0.233 3
-0.0154358 0.0331839 0.2325 3
0.0523449 0.0333645 0.232 3
0.0533293 0.0335083 0.233 3
-0.0170926 0.0344754 0.231 3
-0.0158596 0.034536 0.23225 3
-0.00687012 0.0352801 0.233 3
-0.00482581 0.0351287 0.232 3
0.0523449 0.0338686 0.232 3
0.0533293 0.0340146 0.233 3
0.0581376 0.0346247 0.232 3
0.0596976 0.0347454 0.2318 3
0.0612313 0.0348623 0.23275 3
-0.0170926 0.0367339 0.231 3
-0.0159027 0.0368612 0.232176 3
-0.00719755 0.0369142 0.232667 3
-0.00532492 0.0368602 0.2318 3
-0.00335613 0.0366224 0.231 3
-0.00179579 0.0364829 0.231 3
0.0603588 0.0367339 0.231 3
0.060908 0.0358848 0.232 3
-0.0170926 0.0382395 0.231 3
-0.0156963 0.0385471 0.231462 3
-0.0137517 0.0385992 0.232 3
-0.0116766 0.0387995 0.231571 3
-0.00935916 0.0386549 0.232 3
-0.00750097 0.0384328 0.231667 3
-0.00530654 0.0382395 0.231 3
-0.00380193 0.0382395 0.231 3
0.0604043 0.0389091 0.232 3
0.060908 0.0389091 0.232 3
0.0604043 0.0409253 0.232 3
0.060908 0.0409253 0.232 3
0.0604043 0.0431936 0.232 3
0.0614186 0.0427805 0.2325 3
0.0604043 0.0444537 0.232 3
0.060908 0.0444537 0.232 3
0.0594773 0.0473423 0.231333 3
0.0594773 0.0488487 0.231333 3
0.0596487 0.0522655 0.232 3
0.0593916 0.0527941 0.231 3
0.0267454 0.0164365 0.235 3
0.039501 0.0164365 0.235 3
0.0410316 0.0164365 0.235 3
0.0430725 0.0164365 0.235 3
0.0452835 0.0162663 0.235 3
0.0471543 0.0161812 0.235 3
0.04894 0.0161812 0.235 3
0.0267454 0.0169471 0.235 3
0.0287864 0.017713 0.235 3
0.0295517 0.017713 0.235 3
0.0322202 0.0176376 0.234 3
0.0352685 0.0176376 0.234 3
0.0367927 0.0176376 0.234 3
0.0387115 0.0174074 0.234333 3
0.0411428 0.0170925 0.234667 3
0.0430888 0.0174801 0.234167 3
0.0450625 0.0175811 0.234 3
0.0472756 0.0171536 0.234333 3
0.0491952 0.0172024 0.235 3
0.0504707 0.0172024 0.235 3
0.062716 0.0230739 0.235 3
0.0632262 0.0230739 0.235 3
0.0606751 0.0243504 0.235 3
0.0620782 0.024478 0.235 3
0.0636854 0.0245036 0.235 3
0.0606751 0.0271585 0.235 3
0.0621273 0.0264516 0.235 3
0.0636854 0.0262395 0.235 3
0.0606751 0.0276691 0.235 3
0.0614405 0.0276691 0.235 3
0.0637364 0.0309878 0.235 3
-0.0140123 0.0331437 0.234 3
0.0606751 0.0330301 0.235 3
0.0621037 0.0328259 0.235 3
0.0634813 0.0320089 0.235 3
-0.0150284 0.0354315 0.234 3
-0.0136521 0.0347245 0.234375 3
-0.0115211 0.0353277 0.235 3
-0.00956696 0.0350629 0.2346 3
-0.00791571 0.0354315 0.234 3
0.0543203 0.0339063 0.234 3
0.0555905 0.0339063 0.234 3
0.0576226 0.0339063 0.234 3
0.0596548 0.0339063 0.234 3
0.0619698 0.0342739 0.234455 3
-0.0150284 0.0364483 0.234 3
-0.0134663 0.0368671 0.234333 3
-0.0115015 0.0367953 0.2346 3
-0.00951047 0.0368671 0.234333 3
-0.00791571 0.0364483 0.234 3
-0.010964 0.0384819 0.234 3
0.0621951 0.0397529 0.234 3
0.0623723 0.041227 0.234667 3
0.0613097 0.0472243 0.2345 3
0.0602915 0.0513002 0.2345 3
0.0614405 0.0526871 0.235 3
0.0452401 0.0145167 0.237 3
0.0472172 0.0144922 0.2366 3
0.0486359 0.0144555 0.236 3
0.017711 0.0158041 0.237 3
0.0258345 0.0165065 0.236 3
0.0287139 0.0161553 0.2365 3
0.030446 0.0165065 0.236 3
0.0325308 0.016524 0.23625 3
0.0345809 0.016524 0.23625 3
0.0365947 0.0165065 0.236 3
0.0383881 0.0165065 0.236 3
0.0416381 0.0158041 0.237 3
0.0429245 0.0158041 0.237 3
0.0449828 0.0155466 0.237 3
0.0471775 0.0152502 0.2364 3
0.0496845 0.0154684 0.2366 3
0.0515631 0.0157696 0.2365 3
0.053617 0.0157696 0.2365 3
0.0557596 0.0157954 0.236875 3
0.0578469 0.0159757 0.237 3
0.0599051 0.016319 0.237 3
0.0614488 0.016319 0.237 3
0.0258345 0.0170192 0.236 3
0.0283964 0.0170192 0.236 3
0.030446 0.0170192 0.236 3
0.0325308 0.0170372 0.23625 3
0.0345809 0.0170372 0.23625 3
0.0365947 0.0170192 0.236 3
0.0383881 0.0170192 0.236 3
0.0537598 0.0172755 0.236 3
0.055297 0.0172756 0.236 3
0.0584472 0.0174346 0.237 3
0.0599051 0.0178637 0.237 3
0.0614488 0.0178637 0.237 3
0.0604196 0.0204383 0.237 3
0.0619633 0.0199233 0.237 3
0.0635071 0.0204383 0.237 3
0.0602922 0.0219356 0.2365 3
0.0619604 0.0219875 0.236444 3
0.0641427 0.0219356 0.2365 3
0.0655585 0.0217798 0.236667 3
0.0617019 0.0234285 0.236 3
0.0645201 0.0234285 0.236 3
0.0642639 0.0272741 0.236 3
0.065308 0.0266173 0.237 3
0.0622322 0.0286395 0.236267 3
0.0638311 0.0284975 0.236429 3
0.065308 0.0273897 0.237 3
0.0573323 0.0309941 0.237 3
0.0604196 0.0309941 0.237 3
0.0620618 0.0304529 0.2364 3
0.0638311 0.0303315 0.236429 3
0.0557303 0.0327612 0.23675 3
0.0576812 0.0325908 0.236556 3
0.0598499 0.0325908 0.236556 3
0.061755 0.0320724 0.2366 3
0.0627352 0.0369157 0.237 3
0.0632498 0.0369156 0.237 3
0.0627267 0.0382981 0.236 3
0.0627267 0.0411182 0.236 3
0.0627352 0.043867 0.237 3
0.0632498 0.043867 0.237 3
0.0627352 0.0443819 0.237 3
0.0632498 0.0443819 0.237 3
0.0617891 0.0493925 0.236333 3
0.0619633 0.0513333 0.237 3
0.0621563 0.0533286 0.237 3
0.0632498 0.0528781 0.237 3
0.0310925 0.0146392 0.239 3
0.0318708 0.0146392 0.239 3
0.0344654 0.0146392 0.239 3
0.0360221 0.0146392 0.239 3
0.0414706 0.0146392 0.239 3
0.0433878 0.0141535 0.2387 3
0.0450021 0.0139629 0.238857 3
0.0474979 0.0138023 0.238 3
0.0492709 0.0140996 0.238667 3
0.0514824 0.0143495 0.2385 3
0.0535515 0.0143495 0.2385 3
0.055625 0.0143495 0.2385 3
0.0576962 0.0143495 0.2385 3
0.0597664 0.0143495 0.2385 3
0.0617079 0.0143796 0.239 3
0.0242449 0.0158707 0.238 3
0.0261363 0.0159207 0.23875 3
0.0279003 0.0158929 0.238333 3
0.0305381 0.015769 0.238143 3
0.032286 0.0157816 0.239 3
0.0346293 0.0157053 0.238857 3
0.0367283 0.0157283 0.2382 3
0.0389718 0.0158707 0.238 3
0.0410104 0.0156333 0.238333 3
0.0431501 0.0151109 0.23825 3
0.0443975 0.0150951 0.238 3
0.0580909 0.0153536 0.238 3
0.0598995 0.0153536 0.238 3
0.0620963 0.0157091 0.238167 3
0.0640776 0.0158435 0.238714 3
0.0653402 0.0159374 0.239 3
0.0627415 0.017939 0.238 3
0.0642197 0.0180234 0.238143 3
0.0661186 0.0182741 0.239 3
0.0604162 0.0194904 0.238 3
0.060933 0.0194904 0.238 3
0.064464 0.0198351 0.238 3
0.0662391 0.0200484 0.2385 3
0.0676753 0.0200915 0.239 3
0.0668754 0.0215586 0.238 3
0.0676505 0.0215586 0.238 3
0.060933 0.0290565 0.238 3
0.0655997 0.0286593 0.239 3
0.0583493 0.0311249 0.238 3
0.0597962 0.0305044 0.238 3
0.060933 0.0300907 0.238 3
0.0655997 0.0302171 0.239 3
0.0540699 0.033263 0.2385 3
0.0547322 0.0331932 0.238 3
0.0583493 0.0316419 0.238 3
0.0593828 0.0316419 0.238 3
0.0642917 0.0331932 0.238 3
0.0540699 0.0337811 0.2385 3
0.0547322 0.0337103 0.238 3
0.0644943 0.0345954 0.23875 3
0.0645619 0.035929 0.239 3
0.0629999 0.0393983 0.238 3
0.0635166 0.0393983 0.238 3
0.0629999 0.0399154 0.238 3
0.0635166 0.0399154 0.238 3
0.0629999 0.0518085 0.238 3
0.0635166 0.0518085 0.238 3
0.03737 0.0118819 0.241 3
0.0514977 0.0118819 0.241 3
0.0535907 0.0118819 0.241 3
0.0313527 0.0139763 0.241 3
0.0325253 0.0139183 0.24 3
0.0346806 0.0139473 0.2405 3
0.0369193 0.0135886 0.240333 3
0.0391142 0.0136272 0.241 3
0.0409896 0.0134382 0.24075 3
0.0427731 0.0132231 0.24 3
0.0467885 0.0139763 0.241 3
0.0501896 0.0139763 0.241 3
0.0513389 0.0134046 0.240667 3
0.0535793 0.0132822 0.240556 3
0.0554221 0.0134527 0.241 3
0.0598818 0.0133969 0.24 3
0.0637898 0.014179 0.24 3
0.0661486 0.0142381 0.241 3
0.0677183 0.0142381 0.241 3
0.0250737 0.0150235 0.241 3
0.0263818 0.0150235 0.241 3
0.0284748 0.0150235 0.241 3
0.0302216 0.014982 0.240333 3
0.0330463 0.0149612 0.24 3
0.0372149 0.0149612 0.24 3
0.0387782 0.0149612 0.24 3
0.0403415 0.0149612 0.24 3
0.0637899 0.0147005 0.24 3
0.066313 0.0155899 0.240333 3
0.0677183 0.0155471 0.241 3
0.0663953 0.0175684 0.24 3
0.0679146 0.0174452 0.241 3
0.0669335 0.0286373 0.241 3
0.0674567 0.0286373 0.241 3
0.0669335 0.0307318 0.241 3
0.0674567 0.0307318 0.241 3
0.0551921 0.03269 0.24 3
0.064832 0.0371222 0.24 3
0.0661487 0.0370151 0.241 3
0.0648332 0.0388591 0.240143 3
0.0653637 0.0398949 0.241 3
0.0648405 0.0404185 0.241 3
0.0653637 0.0404185 0.241 3
0.0624872 0.0467687 0.24 3
0.0630082 0.0467687 0.24 3
0.0639227 0.0494777 0.2405 3
0.0643152 0.0513082 0.2405 3
0.0653637 0.0516761 0.241 3
0.0645379 0.0539778 0.240429 3
0.0653637 0.0535087 0.241 3
0.0643109 0.054851 0.24 3
0.0262706 0.0140575 0.2424 3
0.028409 0.014073 0.242667 3
0.0308215 0.0140923 0.243 3
0.0385759 0.0129828 0.242 3
0.0450664 0.0130364 0.243 3
0.0524995 0.0129828 0.242 3
0.0530249 0.0129828 0.242 3
0.0548639 0.0127199 0.242 3
0.0576087 0.0135364 0.2425 3
0.0590673 0.0135085 0.242 3
0.061957 0.0135085 0.242 3
0.063796 0.0135085 0.242 3
0.0658977 0.0135085 0.242 3
0.0681501 0.0136085 0.242222 3
0.0188727 0.0161374 0.242 3
0.0196399 0.0157417 0.2424 3
0.0220972 0.0161908 0.2428 3
0.0238905 0.015346 0.2428 3
0.0687875 0.0156117 0.242 3
0.0698631 0.0164681 0.243 3
0.0687875 0.0169261 0.242 3
0.0698631 0.0169961 0.243 3
0.0688079 0.028875 0.243 3
0.0683632 0.0302418 0.242667 3
0.0698631 0.0299309 0.243 3
0.0513975 0.0333626 0.243 3
0.0533967 0.033294 0.2425 3
0.0549515 0.03305 0.242 3
0.0664231 0.0324366 0.242 3
0.0680115 0.0323507 0.242667 3
0.0516446 0.0340562 0.242571 3
0.0534312 0.0339964 0.242143 3
0.0664231 0.0345398 0.242 3
0.0677528 0.0346825 0.243 3
0.0664231 0.0361171 0.242 3
0.0682804 0.0367943 0.243 3
0.0664231 0.038746 0.242 3
0.0681045 0.0387301 0.243 3
0.0659316 0.0408706 0.242125 3
0.0655074 0.043041 0.2425 3
0.0643214 0.045844 0.242 3
0.0656424 0.0444496 0.243 3
0.0644543 0.0472559 0.2425 3
0.0656424 0.0481453 0.243 3
0.0643214 0.0484729 0.242 3
0.0655749 0.0494135 0.24275 3
0.0663663 0.0515248 0.24275 3
0.0677528 0.0523689 0.243 3
0.0664338 0.0528969 0.243 3
0.050108 0.0121182 0.244 3
0.0559605 0.0120544 0.2445 3
0.057954 0.0120883 0.244429 3
0.0598684 0.0121985 0.2442 3
0.0623317 0.0123201 0.2445 3
0.0640584 0.0122949 0.244 3
0.0660926 0.0117962 0.244667 3
0.0682175 0.0117962 0.244667 3
0.0699025 0.0120158 0.2448 3
0.0204365 0.0142082 0.245 3
0.0215004 0.0142082 0.245 3
0.0245912 0.0141503 0.244 3
0.0268197 0.0131437 0.245 3
0.0277697 0.01309 0.244 3
0.0300113 0.0142082 0.245 3
0.0465012 0.0131436 0.245 3
0.0500197 0.01309 0.244 3
0.0510792 0.01309 0.244 3
0.0563769 0.012825 0.244 3
0.0579661 0.012825 0.244 3
0.0600852 0.012825 0.244 3
0.0623317 0.0128512 0.2445 3
0.0640584 0.012825 0.244 3
0.0659126 0.012825 0.244 3
0.0680316 0.012825 0.244 3
0.0701262 0.0135435 0.244222 3
0.0203531 0.0152106 0.244 3
0.0219424 0.0152106 0.244 3
0.0701506 0.0154756 0.244 3
0.0683104 0.028048 0.245 3
0.0707041 0.0309757 0.245 3
0.071768 0.0309757 0.245 3
0.0494268 0.0328388 0.245 3
0.0513853 0.0327315 0.2442 3
0.0536823 0.0328388 0.245 3
0.0547461 0.0328388 0.245 3
0.0688262 0.0332348 0.244 3
0.0703586 0.0325218 0.244375 3
0.071768 0.0323064 0.245 3
0.0688262 0.0348252 0.244 3
0.0700786 0.0347695 0.244143 3
0.071768 0.0344357 0.245 3
0.0704786 0.036855 0.244077 3
0.0715336 0.0367099 0.2442 3
0.0688262 0.0395963 0.244 3
0.0702081 0.0389394 0.2442 3
0.071475 0.0385361 0.244 3
0.0667072 0.0417169 0.244 3
0.0681808 0.041112 0.244273 3
0.0700962 0.0406331 0.245 3
0.0667072 0.0430422 0.244 3
0.0681854 0.0428913 0.244769 3
0.0696402 0.0424201 0.245 3
0.0663782 0.0452092 0.24425 3
0.068157 0.0451317 0.244857 3
0.0696402 0.045614 0.245 3
0.066223 0.0470506 0.244167 3
0.068276 0.047187 0.244875 3
0.0702949 0.0473132 0.245 3
0.0667072 0.0491386 0.244 3
0.0681718 0.0492387 0.2445 3
0.0704381 0.0493399 0.245 3
0.0667072 0.050729 0.244 3
0.0681451 0.0511834 0.244 3
0.0696208 0.050729 0.244 3
0.0667072 0.0539097 0.244 3
0.067655 0.0536007 0.244143 3
0.0648528 0.056526 0.245 3
0.0664856 0.0560377 0.244857 3
0.0679435 0.0558991 0.244875 3
0.0648528 0.0570583 0.245 3
0.0662967 0.0577427 0.245 3
0.0679912 0.0576971 0.245 3
0.0664486 0.0591875 0.245 3
0.0677785 0.0591875 0.245 3
0.0599301 0.00967335 0.247 3
0.061865 0.0094894 0.246875 3
0.0639266 0.00957113 0.247 3
0.0659518 0.00999548 0.246125 3
0.0681593 0.0100054 0.246375 3
0.0701166 0.00978859 0.2463 3
0.0493605 0.0121184 0.246571 3
0.051498 0.0121284 0.246 3
0.0581742 0.0110595 0.246 3
0.0602051 0.0112945 0.246364 3
0.0621302 0.0113793 0.246091 3
0.0639681 0.0112776 0.2461 3
0.0656516 0.0110595 0.246 3
0.0680552 0.0107922 0.246 3
0.0705305 0.011204 0.24625 3
0.0720856 0.012446 0.247 3
0.0184583 0.0143243 0.247 3
0.0226564 0.0142663 0.246 3
0.0241464 0.0135894 0.246667 3
0.0258609 0.0131973 0.246 3
0.0479534 0.013251 0.247 3
0.0492268 0.0132331 0.246667 3
0.0718668 0.013745 0.24625 3
0.017922 0.0153976 0.247 3
0.0719884 0.0156455 0.246667 3
0.0710132 0.0180808 0.247 3
0.0702981 0.0285453 0.247 3
0.0710132 0.0296186 0.247 3
0.0720857 0.0304236 0.247 3
0.0480262 0.0319038 0.246 3
0.0493615 0.0319038 0.246 3
0.051498 0.0319038 0.246 3
0.0533673 0.0319039 0.246 3
0.0552493 0.0323979 0.246571 3
0.0720856 0.0347167 0.247 3
0.0710132 0.0416931 0.247 3
0.0704709 0.0432857 0.2466 3
0.0705437 0.0449995 0.246429 3
0.0688563 0.0540844 0.246 3
0.0693904 0.0535499 0.246 3
0.0687716 0.0556731 0.246333 3
0.0695314 0.0555321 0.2465 3
0.0664528 0.0580929 0.246 3
0.067254 0.058093 0.246 3
0.0723775 0.0103411 0.248 3
0.0248248 0.0122763 0.249 3
0.0253654 0.0122763 0.249 3
0.0727451 0.0116145 0.248333 3
0.0740209 0.0120058 0.249 3
0.0196098 0.0143823 0.248 3
0.0220329 0.0133046 0.248 3
0.0231098 0.0133046 0.248 3
0.0734803 0.0136288 0.249 3
0.0740209 0.0136288 0.249 3
0.0734803 0.0149812 0.249 3
0.0740209 0.0149812 0.249 3
0.0723775 0.0170764 0.248 3
0.0645601 0.026883 0.249 3
0.0645601 0.027965 0.249 3
0.047801 0.0312109 0.249 3
0.0493225 0.0311482 0.2485 3
0.0513781 0.0310856 0.248 3
0.053641 0.0311483 0.2485 3
0.0556399 0.0312109 0.249 3
0.0567212 0.0312109 0.249 3
0.0734803 0.0314814 0.249 3
0.0740209 0.0314814 0.249 3
0.0562242 0.0321632 0.248 3
0.0572618 0.0331044 0.249 3
0.0734803 0.0325634 0.249 3
0.0740209 0.0325634 0.249 3
0.0725601 0.040888 0.248625 3
0.0726308 0.0429968 0.249 3
0.0723991 0.0450062 0.249 3
0.0745896 0.0104245 0.25 3
0.0227533 0.0123256 0.25 3
0.0238389 0.0123256 0.25 3
0.0270956 0.0123256 0.25 3
0.0281024 0.0122139 0.2505 3
0.0749153 0.0116195 0.25 3
0.0765228 0.0118295 0.251 3
0.0289166 0.0130298 0.2505 3
0.0298096 0.013412 0.25 3
0.0375582 0.0134655 0.251 3
0.0381032 0.0134655 0.251 3
0.0751324 0.0136835 0.25 3
0.0765228 0.0134656 0.251 3
0.0746036 0.0158873 0.2505 3
0.0761141 0.0153743 0.251 3
0.0729806 0.0183736 0.251 3
0.0735255 0.0183736 0.251 3
0.0688903 0.0264478 0.25 3
0.0558143 0.0290076 0.251 3
0.0705283 0.0279169 0.251 3
0.0722439 0.0286586 0.250333 3
0.0735255 0.028735 0.251 3
0.0495473 0.0303709 0.251 3
0.0514547 0.030371 0.251 3
0.0536346 0.030371 0.251 3
0.0557254 0.0301589 0.2506 3
0.057826 0.0306022 0.250667 3
0.0729612 0.0297068 0.25 3
0.074388 0.0304307 0.2506 3
0.0762503 0.0309163 0.251 3
0.0580839 0.0323485 0.25 3
0.0597459 0.0327471 0.251 3
0.0609915 0.0322796 0.251 3
0.0751604 0.0325523 0.251 3
0.0757054 0.0325523 0.251 3
0.074343 0.0341883 0.251 3
0.0740705 0.0412777 0.251 3
0.0744792 0.042641 0.251 3
0.073798 0.0445497 0.251 3
0.0729806 0.046731 0.251 3
0.073798 0.046731 0.251 3
0.0222902 0.0122469 0.254 3
0.0264918 0.0121505 0.252 3
0.0278049 0.0114191 0.254 3
0.0305623 0.0122469 0.254 3
0.0333197 0.0122469 0.254 3
0.0349052 0.0118089 0.2535 3
0.0366907 0.0116405 0.253909 3
0.0382829 0.0122469 0.254 3
0.0203051 0.0135908 0.253333 3
0.0217921 0.013159 0.253 3
0.0264918 0.012698 0.252 3
0.0307768 0.0131858 0.2535 3
0.0327752 0.013418 0.2532 3
0.034814 0.0132891 0.252833 3
0.0367914 0.0133092 0.253222 3
0.0382829 0.0127987 0.254 3
0.0768276 0.0162567 0.252 3
0.0748033 0.0177897 0.252 3
0.0765708 0.0180193 0.252571 3
0.0785404 0.0185932 0.254 3
0.0710828 0.0195418 0.252 3
0.0725465 0.0199341 0.252333 3
0.0744619 0.0202365 0.252857 3
0.0764766 0.0199384 0.253556 3
0.0782646 0.0199728 0.254 3
0.0730256 0.0221802 0.254 3
0.0746801 0.0221802 0.254 3
0.0766102 0.0219043 0.254 3
0.0779889 0.0216284 0.254 3
0.0713649 0.0242916 0.253 3
0.0726703 0.0241429 0.253545 3
0.0746436 0.0240994 0.253875 3
0.0766102 0.0241117 0.254 3
0.0777132 0.0241117 0.254 3
0.0642437 0.0269332 0.252 3
0.070675 0.0263069 0.2523 3
0.0724398 0.0262066 0.252917 3
0.0744231 0.0262281 0.253125 3
0.0765886 0.0262906 0.2532 3
0.0777132 0.0254914 0.254 3
0.0476102 0.0293254 0.25375 3
0.0493928 0.0292387 0.253 3
0.0514179 0.0292965 0.2535 3
0.0536173 0.0292965 0.2535 3
0.0556831 0.0288826 0.2535 3
0.0575779 0.0287073 0.253167 3
0.0595311 0.028977 0.2536 3
0.0621721 0.0293081 0.2536 3
0.0641525 0.0283932 0.252 3
0.0705357 0.0274807 0.252 3
0.0725679 0.0277153 0.252 3
0.0747379 0.0283386 0.252333 3
0.0766579 0.0283193 0.252857 3
0.0473918 0.0302869 0.252583 3
0.0490959 0.0300698 0.2526 3
0.0514179 0.0298473 0.2535 3
0.0536173 0.0298473 0.2535 3
0.0551606 0.0297884 0.253 3
0.0577915 0.0297295 0.2525 3
0.0598883 0.0305715 0.252667 3
0.0618652 0.0303937 0.253143 3
0.0638732 0.0303028 0.2527 3
0.0754599 0.0299444 0.252 3
0.0765541 0.0299445 0.252 3
0.0601402 0.0318607 0.252 3
0.0612345 0.0318607 0.252 3
0.0749127 0.0350545 0.252 3
0.0760205 0.0348049 0.2525 3
0.0749353 0.0369343 0.253 3
0.0759424 0.0364762 0.253 3
0.0749353 0.0388582 0.253 3
0.0757593 0.0388582 0.253 3
0.0750393 0.0408995 0.252222 3
0.0757593 0.0402323 0.253 3
0.07521 0.0438052 0.253 3
0.0757593 0.0438052 0.253 3
0.0747533 0.0456387 0.2522 3
0.0757593 0.0449046 0.253 3
0.0741114 0.0479279 0.253 3
0.0730128 0.0484775 0.253 3
0.0741114 0.0484775 0.253 3
0.0213541 0.0123433 0.256 3
0.0234853 0.0114641 0.255 3
0.0290217 0.0114641 0.255 3
0.0327588 0.0118796 0.255 3
0.0340044 0.0114641 0.255 3
0.0213541 0.0128995 0.256 3
0.0323435 0.0128491 0.255 3
0.0649855 0.0251359 0.256 3
0.0655413 0.0251359 0.256 3
0.0649855 0.0262483 0.256 3
0.0655413 0.0262483 0.256 3
0.0454208 0.0283062 0.256 3
0.0474302 0.0287231 0.25575 3
0.0492947 0.0286763 0.255333 3
0.0513681 0.0287512 0.256 3
0.0535913 0.0287512 0.256 3
0.0555367 0.0287512 0.256 3
0.0602611 0.0287512 0.256 3
0.0618673 0.0287231 0.25575 3
0.0636244 0.0286388 0.255 3
0.0453542 0.0297469 0.255 3
0.0464614 0.0297469 0.255 3
0.0285229 0.0101976 0.258 3
0.0296432 0.0101976 0.258 3
0.0352447 0.0101976 0.258 3
0.0363651 0.0101976 0.258 3
0.0198404 0.0124398 0.258 3
0.0285229 0.0107581 0.258 3
0.0305359 0.0114531 0.257429 3
0.032444 0.0115989 0.258 3
0.0352447 0.0107581 0.258 3
0.0363651 0.0107581 0.258 3
0.01816 0.0146819 0.258 3
0.019523 0.0133939 0.2575 3
0.01816 0.0152425 0.258 3
0.0100377 0.0270139 0.258 3
0.0113181 0.0265334 0.258 3
0.0642795 0.0263599 0.258 3
0.0100377 0.0284152 0.258 3
0.011158 0.0284152 0.258 3
0.0472881 0.0278547 0.258 3
0.0495287 0.0278547 0.258 3
0.0514893 0.0278547 0.258 3
0.0534499 0.0278547 0.258 3
0.0556905 0.0278547 0.258 3
0.0579311 0.0278547 0.258 3
0.0598916 0.0278547 0.258 3
0.0618522 0.0278547 0.258 3
0.0638444 0.0277467 0.257 3
0.0100377 0.0298166 0.258 3
0.011158 0.0298166 0.258 3
0.0228168 0.0102766 0.26 3
0.0238537 0.0102371 0.259 3
0.0343442 0.0102634 0.259667 3
0.0183007 0.0125362 0.26 3
0.0205588 0.0116888 0.26 3
0.0222967 0.0114834 0.2592 3
0.0242754 0.0112218 0.259 3
0.0261533 0.0116664 0.2595 3
0.0275088 0.0116439 0.259 3
0.0343442 0.0108276 0.259667 3
0.017821 0.0137575 0.2596 3
0.0623316 0.0246812 0.26 3
0.0631784 0.0246812 0.26 3
0.0123259 0.0265559 0.259 3
0.0137458 0.0265815 0.25925 3
0.015196 0.0266584 0.26 3
0.0470902 0.0269409 0.26 3
0.0490647 0.0267435 0.259 3
0.0510417 0.0269409 0.26 3
0.0535819 0.0269409 0.26 3
0.0555577 0.0269409 0.26 3
0.057985 0.0267149 0.26 3
0.0597914 0.026376 0.26 3
0.0618437 0.0264042 0.259667 3
0.0635788 0.0257449 0.259333 3
0.0123259 0.0285254 0.259 3
0.0137423 0.0285458 0.259188 3
0.0154479 0.0288612 0.2595 3
0.0437032 0.0280707 0.26 3
0.0448322 0.0280706 0.26 3
0.0123259 0.0299322 0.259 3
0.0137317 0.0299322 0.259 3
0.0156999 0.0299322 0.259 3
0.0178727 0.00978646 0.262 3
0.0198138 0.0103294 0.261333 3
0.0215701 0.0103557 0.262 3
0.0249832 0.0103557 0.262 3
0.025552 0.0103557 0.262 3
0.0308378 0.0103162 0.261 3
0.0325379 0.0103162 0.261 3
0.017743 0.0116242 0.261286 3
0.019637 0.0113752 0.261143 3
0.0215701 0.0109249 0.262 3
0.0249832 0.0109249 0.262 3
0.025552 0.0109249 0.262 3
0.0308378 0.0108832 0.261 3
0.0325379 0.0108832 0.261 3
0.0172377 0.0131515 0.261 3
0.055985 0.0243019 0.262 3
0.0575804 0.0248237 0.2615 3
0.0597381 0.0247762 0.261 3
0.061438 0.0247762 0.261 3
0.0161044 0.0264774 0.261 3
0.0173038 0.0265789 0.262 3
0.0460303 0.0268635 0.262 3
0.0473602 0.0268122 0.2615 3
0.049538 0.0267609 0.261 3
0.052088 0.0267609 0.261 3
0.0539268 0.02626 0.261667 3
0.055824 0.0259352 0.26125 3
0.0577547 0.0259103 0.261 3
0.0161044 0.0281786 0.261 3
0.0173038 0.0282866 0.262 3
0.0460303 0.0274327 0.262 3
0.0473602 0.0273804 0.2615 3
0.0496324 0.027328 0.261 3
0.052088 0.027328 0.261 3
0.0526547 0.027328 0.261 3
0.0205104 0.00810959 0.263 3
0.0210815 0.00810959 0.263 3
0.0326253 0.00814042 0.264 3
0.0345978 0.00813271 0.26375 3
0.0359278 0.00810959 0.263 3
0.0157164 0.0104347 0.264 3
0.020021 0.00941566 0.263 3
0.0218621 0.00945093 0.263222 3
0.0234543 0.00957437 0.264 3
0.0265061 0.0103952 0.263 3
0.0276481 0.0103952 0.263 3
0.0305032 0.0095381 0.263 3
0.0325709 0.00927146 0.263556 3
0.0345541 0.0092667 0.263417 3
0.0361562 0.00936668 0.263 3
0.016003 0.0114385 0.264 3
0.0265061 0.0109666 0.263 3
0.0276481 0.0109666 0.263 3
0.0162896 0.0130158 0.264 3
0.0173699 0.0152522 0.263 3
0.051827 0.0247742 0.264 3
0.0537819 0.0243206 0.26375 3
0.0551963 0.0241694 0.263667 3
0.0185119 0.0266803 0.263 3
0.0455219 0.0270685 0.264 3
0.0478147 0.0262082 0.264 3
0.0494415 0.0261585 0.2635 3
0.0516699 0.0259567 0.2632 3
0.0535551 0.0257853 0.2632 3
0.0550567 0.0252518 0.263 3
0.0185119 0.0283945 0.263 3
0.0455219 0.0276421 0.264 3
0.0221883 0.00762417 0.266 3
0.0288298 0.00820209 0.266 3
0.0305428 0.00790799 0.265833 3
0.0324462 0.00742198 0.265667 3
0.0344749 0.00730764 0.265 3
0.0221882 0.00878002 0.266 3
0.0244062 0.00961063 0.265 3
0.0261827 0.00962877 0.2655 3
0.0284777 0.00951834 0.265111 3
0.0302443 0.00877177 0.26575 3
0.0315982 0.00874701 0.265 3
0.0141029 0.0119586 0.266 3
0.0152005 0.0119137 0.265 3
0.0158354 0.0136924 0.266 3
0.0501982 0.0226502 0.266 3
0.0507758 0.0226502 0.266 3
0.049878 0.0243683 0.265833 3
0.051352 0.0241238 0.265455 3
0.0531739 0.0240045 0.265 3
0.0435567 0.0264067 0.266 3
0.0450712 0.0265199 0.2654 3
0.046845 0.0263075 0.265 3
0.0495578 0.0255078 0.265667 3
0.0508725 0.0254438 0.265 3
0.0445437 0.0277468 0.265 3
0.0305012 0.00593469 0.268 3
0.024086 0.00767636 0.267833 3
0.0261372 0.00826376 0.268 3
0.0283483 0.0079144 0.268 3
0.030283 0.00717201 0.268 3
0.0240568 0.00882953 0.2675 3
0.0261372 0.00884603 0.268 3
0.0278828 0.00884603 0.268 3
0.0135761 0.0137438 0.267 3
0.0153152 0.0143239 0.267 3
0.0118371 0.0157742 0.267 3
0.0135761 0.0157742 0.267 3
0.0158949 0.0157742 0.267 3
0.017634 0.0163543 0.267 3
0.0118371 0.0175145 0.267 3
0.0135761 0.0178045 0.267 3
0.0158121 0.0176802 0.267 3
0.017634 0.0175145 0.267 3
0.0135761 0.0192548 0.267 3
0.0153152 0.0192548 0.267 3
0.0497028 0.0222382 0.268 3
0.0415567 0.0242762 0.268 3
0.0430945 0.0244009 0.268 3
0.0450199 0.0245517 0.267833 3
0.0473009 0.0245287 0.267583 3
0.0492688 0.0241083 0.267222 3
0.0435932 0.0257318 0.268 3
0.0449639 0.0256838 0.2675 3
0.047242 0.0256598 0.26725 3
0.0486479 0.0256358 0.267 3
0.0245286 0.00552794 0.2695 3
0.0263108 0.00538744 0.269778 3
0.0282081 0.00545102 0.27 3
0.0298495 0.00597897 0.27 3
0.0241906 0.00654127 0.269 3
0.0262458 0.00712842 0.269111 3
0.0281457 0.007077 0.2694 3
0.0298495 0.00656559 0.27 3
0.0414197 0.0226135 0.269 3
0.0428798 0.0226134 0.269 3
0.0452956 0.0223744 0.269 3
0.0472601 0.0223212 0.269 3
0.0487203 0.0223212 0.269 3
0.0406897 0.0236362 0.269 3
0.0428798 0.0234901 0.269 3
0.045216 0.0234901 0.269 3
0.0472601 0.0234901 0.269 3
0.0487202 0.0234901 0.269 3
