0.0183419 0.0326088 0.186 3
0.0199573 0.0326088 0.186 3
0.0200726 0.0339077 0.186 3
0.0139651 0.0500525 0.1858 3
0.0156888 0.050097 0.185667 3
0.0176545 0.050016 0.185909 3
0.0124863 0.0507938 0.186 3
0.0137257 0.0514096 0.18525 3
0.0156325 0.0515256 0.185 3
0.0177104 0.051403 0.18572 3
0.0192169 0.0512653 0.186 3
0.013881 0.0535514 0.18575 3
0.0156351 0.053455 0.185526 3
0.0176224 0.0531321 0.185933 3
0.0138997 0.055037 0.186 3
0.0153132 0.054936 0.186 3
0.0157843 0.0722791 0.186 3
0.0171304 0.0732221 0.186 3
0.0163228 0.0736262 0.186 3
0.0171304 0.0736262 0.186 3
0.0146615 0.0309171 0.188 3
0.0159602 0.0310198 0.187769 3
0.0178951 0.0310654 0.187667 3
0.0199323 0.0310654 0.187667 3
0.0218879 0.0310198 0.187769 3
0.0141717 0.0320608 0.188 3
0.01584 0.0322316 0.187211 3
0.0175449 0.0324854 0.187 3
0.0198615 0.0317684 0.187 3
0.0221276 0.0324991 0.187348 3
0.0234372 0.0325509 0.188 3
0.0180345 0.0344092 0.187 3
0.0198035 0.0350477 0.187 3
0.0220023 0.0346678 0.187 3
0.0238001 0.0348882 0.188 3
0.0201208 0.0365334 0.188 3
0.0220213 0.0366583 0.187636 3
0.0240495 0.0368397 0.188 3
0.0254489 0.0370732 0.188 3
0.0226209 0.0380651 0.188 3
0.0242722 0.0383993 0.188 3
0.0255189 0.0383102 0.188 3
0.0099266 0.0500738 0.188 3
0.0114684 0.0499192 0.187937 3
0.0135649 0.0496513 0.187615 3
0.0159863 0.0492346 0.187375 3
0.0178792 0.0491655 0.1875 3
0.0199122 0.0497685 0.187467 3
0.0211923 0.0499104 0.188 3
0.00976333 0.0507273 0.188 3
0.0115889 0.0506823 0.187833 3
0.0129594 0.0504575 0.187 3
0.0199104 0.0514181 0.187292 3
0.0211923 0.0515442 0.188 3
0.0166135 0.0545203 0.187 3
0.0180055 0.0541721 0.187 3
0.0198386 0.0535697 0.187789 3
0.0139745 0.0563486 0.187 3
0.0159926 0.0559782 0.187 3
0.0179002 0.0556466 0.187522 3
0.0193555 0.0554246 0.188 3
0.0139745 0.0575675 0.187 3
0.0158364 0.057691 0.1874 3
0.0178452 0.0575894 0.188 3
0.0140492 0.0597134 0.188 3
0.015886 0.0597134 0.188 3
0.0174445 0.0594906 0.188 3
0.0140492 0.061143 0.188 3
0.0156819 0.061143 0.188 3
0.0161691 0.0728642 0.187333 3
0.0175594 0.072902 0.187636 3
0.0191514 0.0731925 0.188 3
0.018335 0.0740094 0.188 3
0.0191514 0.0740094 0.188 3
0.00950445 0.0246672 0.191 3
0.00826038 0.0264308 0.191 3
0.009539 0.0262579 0.191 3
0.0115058 0.0262052 0.191 3
0.012822 0.0260849 0.191 3
0.00798392 0.0285748 0.191 3
0.00954659 0.0283789 0.190926 3
0.0115558 0.0284496 0.190633 3
0.0135667 0.0285546 0.190269 3
0.0153935 0.0288301 0.19075 3
0.0203864 0.0293884 0.19 3
0.0220365 0.0293884 0.19 3
0.0243054 0.0293884 0.19 3
0.0263418 0.0292013 0.1904 3
0.0273361 0.0289206 0.191 3
0.00784569 0.0301656 0.191 3
0.00949251 0.0305092 0.190462 3
0.0115121 0.0306136 0.18992 3
0.0135393 0.0305354 0.18944 3
0.0157798 0.0301016 0.189444 3
0.0179102 0.0300054 0.19 3
0.019903 0.0300394 0.189778 3
0.0220922 0.0300881 0.189375 3
0.024203 0.030497 0.1892 3
0.0262972 0.0305449 0.1896 3
0.0282249 0.0304415 0.190538 3
0.0296169 0.0297506 0.191 3
0.0113581 0.0320153 0.189667 3
0.0130981 0.0319028 0.189 3
0.0245878 0.0325188 0.189 3
0.026286 0.0325876 0.1894 3
0.028318 0.0327471 0.19 3
0.0296297 0.0326634 0.19075 3
0.0247245 0.0342982 0.189 3
0.026286 0.0346451 0.1894 3
0.0282243 0.0347548 0.19 3
0.0298242 0.0347303 0.191 3
0.0249981 0.0358038 0.189 3
0.026399 0.036604 0.189095 3
0.0282914 0.0368394 0.189818 3
0.0298538 0.0365384 0.191 3
0.0208947 0.0380623 0.189 3
0.0221514 0.0386526 0.189 3
0.0239039 0.0392257 0.189 3
0.0265575 0.0383497 0.189 3
0.028354 0.0387762 0.18948 3
0.0302685 0.0388504 0.191 3
0.0227412 0.0399101 0.189 3
0.0242791 0.0409054 0.1898 3
0.0257955 0.0409117 0.189833 3
0.0284831 0.0408655 0.18987 3
0.0302389 0.0407474 0.191 3
0.028284 0.0431187 0.191 3
0.0298242 0.0432373 0.191 3
0.0285802 0.0453122 0.191 3
0.0294096 0.0453122 0.191 3
0.00597958 0.0480095 0.191 3
0.00722365 0.0480095 0.191 3
0.0138586 0.0480095 0.191 3
0.0177266 0.047831 0.1898 3
0.0204937 0.0480095 0.191 3
0.0284617 0.0469128 0.191 3
0.0294096 0.0465571 0.191 3
0.00411348 0.0496694 0.191 3
0.00553527 0.0494323 0.191 3
0.00748085 0.0492013 0.190364 3
0.00937458 0.0492367 0.189571 3
0.0115054 0.0489432 0.1898 3
0.0135723 0.0489688 0.1899 3
0.0154577 0.0487958 0.189625 3
0.0177266 0.0485736 0.1898 3
0.0200295 0.0488979 0.189444 3
0.022095 0.0492502 0.189778 3
0.0240802 0.0492985 0.190591 3
0.026092 0.0494619 0.191 3
0.0223777 0.0513079 0.189389 3
0.0241697 0.051416 0.19055 3
0.0256359 0.0512048 0.191 3
0.0208947 0.0538715 0.189 3
0.0221019 0.0534748 0.18985 3
0.0238035 0.0534388 0.190938 3
0.0252627 0.0527817 0.191 3
0.0204667 0.0556054 0.189182 3
0.0219964 0.055809 0.190455 3
0.0233965 0.0550641 0.191 3
0.0186378 0.0585938 0.189 3
0.0198753 0.0577278 0.189333 3
0.0219391 0.0578576 0.190783 3
0.0184033 0.060207 0.189 3
0.0199146 0.0599174 0.189737 3
0.0216583 0.0597059 0.19075 3
0.0139187 0.0624948 0.189 3
0.0158679 0.0623921 0.189 3
0.0178786 0.0619404 0.189 3
0.0199213 0.062046 0.190143 3
0.0214986 0.0617835 0.191 3
0.0139187 0.0641373 0.189 3
0.0156548 0.0640268 0.189 3
0.0178291 0.0640332 0.189765 3
0.0198515 0.0640438 0.1908 3
0.0211158 0.0637786 0.191 3
0.0139371 0.0660732 0.18925 3
0.0156807 0.0661616 0.189773 3
0.0178386 0.066111 0.190818 3
0.019457 0.0655422 0.191 3
0.0140108 0.0680758 0.19025 3
0.015663 0.0680758 0.19025 3
0.0177692 0.0681744 0.190852 3
0.0195607 0.0682914 0.191 3
0.0142319 0.0696297 0.191 3
0.0158104 0.0701336 0.190792 3
0.0177299 0.0701621 0.190107 3
0.0196811 0.070222 0.190385 3
0.0211158 0.0708331 0.191 3
0.0158357 0.0720216 0.189739 3
0.0179949 0.0721634 0.189385 3
0.0198669 0.0722634 0.189731 3
0.0217274 0.0725312 0.190409 3
0.0202976 0.0741601 0.189059 3
0.0221603 0.0743839 0.19 3
0.0241642 0.0743468 0.190286 3
0.0259554 0.0745903 0.19 3
0.00788677 0.0251091 0.192 3
0.00872049 0.0251091 0.192 3
0.0117481 0.0245912 0.192176 3
0.0133475 0.0243494 0.1926 3
0.0075072 0.0263975 0.192267 3
0.00872049 0.0255263 0.192 3
0.00562317 0.0290138 0.193 3
0.00713836 0.0282326 0.192444 3
0.0162662 0.0281708 0.1925 3
0.017938 0.0287284 0.1925 3
0.0198534 0.0289575 0.192167 3
0.0222603 0.0288144 0.192375 3
0.0242072 0.0287284 0.1925 3
0.0262119 0.0286903 0.192556 3
0.0284875 0.0286903 0.192556 3
0.0302874 0.0290471 0.192429 3
0.0318127 0.0290138 0.193 3
0.00415655 0.0304814 0.193 3
0.00543364 0.0302274 0.1925 3
0.00684461 0.0303235 0.192 3
0.0310508 0.030043 0.193 3
0.0318127 0.0302718 0.193 3
0.0313936 0.031949 0.193 3
0.0320222 0.0323684 0.193 3
0.0310225 0.0349121 0.192 3
0.0324412 0.034465 0.193 3
0.0310225 0.0367893 0.192 3
0.0323277 0.0365888 0.192545 3
0.0310225 0.0384579 0.192 3
0.0325057 0.0388071 0.192565 3
0.0339078 0.0390775 0.193 3
0.0310225 0.0413779 0.192 3
0.0325844 0.0408372 0.1926 3
0.0339078 0.0407548 0.193 3
0.0248987 0.0430611 0.193 3
0.0260668 0.043122 0.192333 3
0.0276877 0.0438808 0.192 3
0.0310225 0.0430465 0.192 3
0.0325055 0.042849 0.19279 3
0.0339078 0.0420127 0.193 3
0.0269938 0.044948 0.193 3
0.0276877 0.0451322 0.192 3
0.030652 0.0452249 0.192 3
0.0320222 0.044948 0.193 3
0.00830363 0.0480523 0.192 3
0.0095542 0.0480523 0.192 3
0.0116385 0.0480523 0.192 3
0.0135839 0.0480523 0.192 3
0.0158071 0.0480523 0.192 3
0.0187252 0.0480523 0.192 3
0.0195589 0.0480523 0.192 3
0.0222042 0.047884 0.192444 3
0.0243507 0.0478192 0.192615 3
0.0263888 0.0472457 0.19232 3
0.0280906 0.0474127 0.192 3
0.0304787 0.0472914 0.192381 3
0.0320222 0.0470446 0.193 3
0.00345458 0.0491685 0.192833 3
0.00498168 0.0488037 0.1925 3
0.00830363 0.0484694 0.192 3
0.0095542 0.0484694 0.192 3
0.0116385 0.0484694 0.192 3
0.0135839 0.0484694 0.192 3
0.0158071 0.0484694 0.192 3
0.0187252 0.0484694 0.192 3
0.0195589 0.0484694 0.192 3
0.02206 0.0484694 0.192 3
0.0241443 0.0484694 0.192 3
0.0262286 0.0484694 0.192 3
0.028313 0.0493037 0.192 3
0.0304538 0.049264 0.192696 3
0.0265697 0.0518066 0.192 3
0.0284139 0.0515723 0.19268 3
0.0298971 0.0514175 0.193 3
0.024728 0.0540592 0.192 3
0.0263376 0.0536029 0.192261 3
0.0282509 0.0537537 0.193 3
0.0243555 0.0557235 0.192105 3
0.0263385 0.0557931 0.1928 3
0.0281462 0.0556931 0.193 3
0.0242211 0.0578268 0.1926 3
0.0255272 0.0579469 0.193 3
0.0226853 0.0601496 0.192 3
0.0242211 0.0599191 0.1926 3
0.0255272 0.0600435 0.193 3
0.0226853 0.0618182 0.192 3
0.0240755 0.0620088 0.192714 3
0.0255272 0.0613015 0.193 3
0.0222685 0.0639039 0.192 3
0.0240606 0.0642368 0.193 3
0.0202964 0.0663106 0.192 3
0.0220567 0.0660666 0.192435 3
0.0239209 0.0659839 0.193 3
0.0202031 0.0677341 0.192 3
0.0215219 0.0679652 0.1924 3
0.0208095 0.0699525 0.192 3
0.0216698 0.0705486 0.1926 3
0.0286699 0.0711556 0.193 3
0.0224468 0.0720236 0.192333 3
0.0240925 0.0728206 0.192417 3
0.0263997 0.07285 0.19281 3
0.0284058 0.0725503 0.193 3
0.0249781 0.0741241 0.192 3
0.0265244 0.0743711 0.192437 3
0.0280063 0.0747738 0.192938 3
0.0270624 0.0760012 0.192 3
0.0285376 0.0761667 0.192889 3
0.015419 0.0229595 0.195 3
0.014287 0.0241062 0.194 3
0.0153898 0.0243186 0.1948 3
0.0175359 0.0250778 0.195 3
0.0160969 0.0261615 0.194667 3
0.0177123 0.0263841 0.195 3
0.019683 0.0266211 0.195 3
0.0226164 0.0269843 0.195 3
0.0234631 0.0269843 0.195 3
0.00144769 0.0288908 0.195 3
0.00334715 0.0288407 0.194667 3
0.00545 0.0284954 0.194308 3
0.0063165 0.0278316 0.195 3
0.0176566 0.0276889 0.194 3
0.0199338 0.0280228 0.194125 3
0.0217811 0.0280942 0.194625 3
0.0240982 0.0278316 0.195 3
0.0262151 0.0278316 0.195 3
0.028332 0.0278316 0.195 3
0.030473 0.0281428 0.194556 3
0.0324984 0.0284046 0.194714 3
0.0338358 0.0286789 0.195 3
0.00165458 0.029978 0.1945 3
0.00320608 0.0299747 0.194 3
0.00459929 0.0295856 0.194 3
0.0328313 0.0304388 0.194067 3
0.0340475 0.0307973 0.195 3
0.0330305 0.0325361 0.194 3
0.0342396 0.0328365 0.194714 3
0.0343836 0.0347328 0.1945 3
0.0343836 0.0368457 0.1945 3
0.0346065 0.0387519 0.194125 3
0.0359527 0.0392706 0.195 3
0.0349866 0.0408951 0.194333 3
0.0359527 0.0407534 0.195 3
0.0266072 0.0433895 0.194 3
0.034559 0.0430131 0.1943 3
0.0359527 0.0426599 0.195 3
0.0262304 0.0451521 0.194333 3
0.0330305 0.0451809 0.194 3
0.0344403 0.0449812 0.194556 3
-3.41188e-05 0.047744 0.195 3
0.000389256 0.047744 0.195 3
0.0056523 0.0481313 0.194 3
0.00754772 0.0481313 0.194 3
0.00965372 0.0481313 0.194 3
0.0115491 0.0479205 0.194 3
0.0134209 0.0478558 0.194167 3
0.0155506 0.0479205 0.194 3
0.0176566 0.0479205 0.194 3
0.0197626 0.0479205 0.194 3
0.0218735 0.0475775 0.194571 3
0.0238824 0.0474918 0.194714 3
0.0257452 0.0467684 0.19425 3
0.0330305 0.0472884 0.194 3
0.0342894 0.0469269 0.195 3
-0.000877856 0.0486355 0.194333 3
0.0013043 0.0489733 0.194217 3
0.0032127 0.0486158 0.194385 3
0.004623 0.0483794 0.195 3
0.0311351 0.0502388 0.194 3
0.0325454 0.0494053 0.194211 3
0.0340475 0.0490149 0.195 3
0.030756 0.0516719 0.194 3
0.0325939 0.0514126 0.194818 3
0.0303825 0.053652 0.194217 3
0.0321423 0.0534634 0.195 3
0.0288185 0.0565612 0.194 3
0.0303093 0.0556152 0.194217 3
0.0320654 0.0553507 0.195 3
0.0264636 0.057979 0.194 3
0.0283043 0.0578147 0.194294 3
0.0303547 0.0576623 0.1948 3
0.031719 0.0570646 0.195 3
0.0265481 0.0598949 0.194333 3
0.028332 0.0598185 0.195 3
0.0301666 0.0597478 0.195 3
0.0262341 0.0621363 0.194238 3
0.028332 0.0619368 0.195 3
0.0298373 0.0617014 0.195 3
0.0261238 0.0641245 0.194077 3
0.0282562 0.0641199 0.194786 3
0.0296021 0.0640551 0.195 3
0.0246064 0.0668879 0.194 3
0.0260807 0.0662556 0.194 3
0.0282486 0.0661862 0.194417 3
0.0296021 0.0661734 0.195 3
0.0370112 0.0670207 0.195 3
0.022019 0.0685437 0.194 3
0.0240499 0.0683635 0.1946 3
0.0261889 0.0684338 0.1948 3
0.0283118 0.0683119 0.195 3
0.0296021 0.0678681 0.195 3
0.0370112 0.0674444 0.195 3
0.0224341 0.0702744 0.194333 3
0.0240534 0.0704634 0.194889 3
0.0261881 0.0705484 0.1948 3
0.028167 0.0704456 0.19468 3
0.0299573 0.0709535 0.194556 3
0.022711 0.071735 0.194 3
0.0243078 0.0719939 0.194417 3
0.0259511 0.0721241 0.194 3
0.0275549 0.071735 0.194 3
0.030583 0.0725532 0.1945 3
0.0319306 0.0733757 0.195 3
0.0290291 0.0746854 0.194 3
0.0303749 0.0746763 0.194222 3
0.0319034 0.0747937 0.194833 3
0.0290291 0.0759499 0.194 3
0.0303629 0.0763012 0.194 3
0.0325872 0.0762252 0.194538 3
0.0338358 0.0763414 0.195 3
0.0163492 0.0230772 0.196 3
0.0177788 0.0226021 0.1965 3
0.0192128 0.0225529 0.197 3
0.0163492 0.0241418 0.196 3
0.0179146 0.0240288 0.196217 3
0.0191738 0.0240008 0.1966 3
0.0219929 0.024693 0.197 3
0.00592334 0.0269097 0.196 3
0.00677444 0.0266258 0.196 3
0.02067 0.0259263 0.196625 3
0.0220674 0.0260178 0.196261 3
0.0243167 0.0262419 0.196533 3
0.0258261 0.0267088 0.196875 3
0.0281948 0.027047 0.197 3
0.0303334 0.027047 0.197 3
0.0324048 0.0269921 0.1966 3
0.0343967 0.027047 0.197 3
-0.000728629 0.0285969 0.196625 3
0.000906109 0.0282589 0.1968 3
0.00295955 0.0281171 0.197 3
0.00498774 0.0279668 0.196444 3
0.00634889 0.0273356 0.196 3
0.0208174 0.0273356 0.196 3
0.0216685 0.0273356 0.196 3
0.0246474 0.0273356 0.196 3
0.0262376 0.0274402 0.19675 3
0.0281948 0.0274751 0.197 3
0.0303334 0.0274751 0.197 3
0.0327416 0.0275779 0.196429 3
0.034725 0.028255 0.196647 3
-0.00107221 0.0300088 0.196571 3
0.000391252 0.0296777 0.196 3
0.0349323 0.0302217 0.196571 3
0.0361789 0.0311845 0.197 3
0.0350732 0.0322328 0.196 3
0.0361076 0.0326112 0.197 3
0.0360343 0.0346794 0.1966 3
0.0364437 0.0367977 0.1965 3
0.0365735 0.0387974 0.196625 3
0.0367754 0.0409624 0.196 3
0.0367553 0.0432667 0.1968 3
0.0257225 0.04539 0.1965 3
0.0362211 0.044981 0.196286 3
-0.00666408 0.0480196 0.197 3
-0.00516707 0.0480196 0.197 3
-0.00283826 0.048002 0.196429 3
-0.00109816 0.0479888 0.196 3
0.00145511 0.0479888 0.196 3
0.0031573 0.0479888 0.196 3
0.00507225 0.0479888 0.196 3
0.00719998 0.0479888 0.196 3
0.00932771 0.0479888 0.196 3
0.0116276 0.0476122 0.1965 3
0.0136692 0.0474695 0.196769 3
0.0157532 0.0474782 0.196533 3
0.017869 0.0474298 0.196333 3
0.0200829 0.0473141 0.196444 3
0.0220462 0.0470518 0.196833 3
0.02427 0.0468066 0.1964 3
0.0254565 0.0465094 0.1965 3
0.0350732 0.0477759 0.196 3
0.0361076 0.0473776 0.197 3
-0.00666408 0.0484476 0.197 3
-0.00516707 0.0484476 0.197 3
-0.00308142 0.0485504 0.196429 3
0.034903 0.0494792 0.196 3
0.0358937 0.0488756 0.197 3
0.034511 0.0515077 0.196429 3
0.0333474 0.053643 0.196 3
0.0345916 0.0535669 0.196714 3
0.0330015 0.0559625 0.196333 3
0.0342134 0.0555404 0.197 3
0.0314561 0.0582089 0.196 3
0.0327243 0.0577769 0.1968 3
0.0339691 0.0570078 0.197 3
0.0313852 0.0598413 0.196 3
0.0322581 0.0600039 0.197 3
0.0309951 0.061864 0.196 3
0.0322581 0.061502 0.197 3
0.0306578 0.0639238 0.196333 3
0.0316166 0.063856 0.197 3
0.0306578 0.0660566 0.196333 3
0.0316166 0.0659961 0.197 3
0.0293284 0.0690678 0.196 3
0.0306013 0.0682444 0.196313 3
0.0319017 0.0684215 0.197 3
0.0378393 0.0675773 0.196 3
0.0293284 0.0699195 0.196 3
0.0306017 0.0702551 0.196278 3
0.0320443 0.0702762 0.197 3
0.0312433 0.0716228 0.196 3
0.0326033 0.0724445 0.1965 3
0.0341829 0.0729513 0.197 3
0.0330035 0.0746811 0.196 3
0.0342733 0.0744581 0.196941 3
0.0331583 0.0758812 0.196 3
0.0348372 0.0768512 0.196667 3
0.0358937 0.0769104 0.197 3
0.0201701 0.0228825 0.198 3
0.021299 0.0229403 0.1985 3
0.020184 0.0241892 0.198133 3
0.0215608 0.0241891 0.198643 3
0.0352716 0.0245727 0.1988 3
0.0368607 0.0249123 0.19875 3
0.00533895 0.0271843 0.198 3
0.026288 0.0260845 0.198286 3
0.0284533 0.0266463 0.1988 3
0.0306097 0.0266463 0.1988 3
0.0327363 0.0264173 0.198167 3
0.0347262 0.0261295 0.198087 3
0.0369062 0.0262408 0.199 3
-0.00435541 0.0290511 0.199 3
-0.00285437 0.0287236 0.198733 3
-0.00118274 0.0279323 0.198222 3
0.00104008 0.0276145 0.198 3
0.00298746 0.0277261 0.1988 3
0.00478085 0.0275634 0.198667 3
0.0354312 0.0276145 0.198 3
0.0366807 0.0284102 0.198556 3
-0.00435541 0.0294834 0.199 3
-0.00300956 0.0298449 0.198273 3
0.0368944 0.0303359 0.198588 3
0.0372632 0.0324433 0.1986 3
0.0371507 0.0344975 0.198 3
0.0382024 0.0351041 0.199 3
0.0371507 0.035788 0.198 3
0.0382024 0.0368335 0.199 3
0.0377955 0.0387993 0.198 3
0.0382254 0.0387993 0.198 3
0.0377955 0.0409502 0.198 3
0.0382254 0.0409502 0.198 3
0.0377955 0.042671 0.198 3
0.0382162 0.0431031 0.1984 3
0.0135751 0.045913 0.199 3
0.0245868 0.0457333 0.1986 3
0.0256727 0.0452645 0.199 3
0.0371507 0.0456823 0.198 3
0.0381098 0.044863 0.199 3
-0.00910806 0.0478586 0.199 3
-0.00718499 0.0475428 0.198714 3
-0.00520641 0.047306 0.1985 3
-0.00305154 0.047306 0.1985 3
-0.000894421 0.0476181 0.198 3
0.00113491 0.0473506 0.198429 3
0.00298208 0.047306 0.1985 3
0.00513695 0.047306 0.1985 3
0.00729182 0.047306 0.1985 3
0.00934803 0.0473407 0.198444 3
0.0116087 0.0472436 0.1986 3
0.0137551 0.0468858 0.199 3
0.0157353 0.0469939 0.199 3
0.0176796 0.0469939 0.199 3
0.0196779 0.0469398 0.199 3
0.0220002 0.0467777 0.199 3
0.0239348 0.0465489 0.198333 3
0.0370074 0.0472596 0.198 3
0.0379864 0.0465615 0.199 3
0.036814 0.049632 0.198889 3
0.0356461 0.0514898 0.198 3
0.0363131 0.0511016 0.198286 3
0.0356461 0.0527803 0.198 3
0.0360506 0.0537909 0.19875 3
0.0350012 0.0562218 0.198 3
0.0360421 0.055641 0.199 3
0.034658 0.0578308 0.198143 3
0.0360421 0.0573705 0.199 3
0.0332816 0.0598783 0.198 3
0.0347173 0.0597106 0.198556 3
0.033036 0.0622136 0.198 3
0.0347459 0.0619102 0.199 3
0.0328517 0.0641802 0.198 3
0.0347459 0.064072 0.199 3
0.0327792 0.0663227 0.198375 3
0.0345299 0.0661617 0.199 3
0.0329063 0.0681926 0.198143 3
0.0343447 0.0684264 0.199 3
0.0367811 0.0690282 0.198333 3
0.0388903 0.0687405 0.198571 3
0.0332816 0.0702028 0.198 3
0.0346593 0.0703792 0.1985 3
0.0367162 0.0702436 0.198809 3
0.0383534 0.0701524 0.198667 3
0.0332817 0.0714933 0.198 3
0.0348723 0.0722677 0.198 3
0.0367009 0.0722363 0.198667 3
0.0354312 0.074648 0.198 3
0.0364198 0.0742035 0.198 3
0.0350012 0.0762253 0.198 3
0.0362581 0.0763941 0.199 3
0.0249332 0.020941 0.2 3
0.0224147 0.0223315 0.2 3
0.0243276 0.0220616 0.2 3
0.0261786 0.0222456 0.200667 3
0.022545 0.0233309 0.2 3
0.024468 0.0235792 0.2 3
0.0261607 0.0241759 0.20025 3
0.0276763 0.024976 0.201 3
0.0329204 0.0247711 0.200857 3
0.0344681 0.0241747 0.200769 3
-0.000657543 0.0268768 0.200286 3
0.000922416 0.0266861 0.2004 3
0.00300462 0.0270244 0.2 3
0.00542792 0.0267408 0.200545 3
0.00650005 0.0266778 0.200667 3
0.0262359 0.0252863 0.2 3
0.0281043 0.0258505 0.200167 3
0.0303611 0.025938 0.2 3
0.0324484 0.0257263 0.200308 3
0.0342692 0.0252863 0.2 3
0.0387493 0.0265621 0.200333 3
-0.0087632 0.028688 0.201 3
-0.0072911 0.028361 0.2007 3
-0.00535428 0.0284179 0.200364 3
-0.00333026 0.0281395 0.200429 3
-0.000906562 0.0275138 0.2004 3
0.00105058 0.0274589 0.2 3
0.00300462 0.0274589 0.2 3
0.0375259 0.0276762 0.2 3
0.0389103 0.0283256 0.200667 3
-0.00676556 0.0296316 0.2 3
-0.00546287 0.0296316 0.2 3
0.0383944 0.0305006 0.2 3
0.0387937 0.0327346 0.200375 3
0.039155 0.0344723 0.200714 3
0.0392628 0.036584 0.2 3
0.0392628 0.0387567 0.2 3
0.0392628 0.0409293 0.2 3
0.0392086 0.042939 0.2 3
0.0153802 0.0461437 0.2 3
0.0171171 0.0461437 0.2 3
0.0230558 0.0458608 0.200667 3
0.0241963 0.0452772 0.200353 3
0.0389657 0.0452784 0.200333 3
-0.0110699 0.0470918 0.201 3
-0.0094917 0.0469907 0.200571 3
-0.00785114 0.04723 0.2 3
-0.00527198 0.0465928 0.201 3
-0.00308998 0.0465927 0.201 3
-0.000905711 0.0469114 0.2005 3
0.000924517 0.0467202 0.2008 3
0.00301964 0.0465928 0.201 3
0.00520165 0.0465928 0.201 3
0.00738365 0.0465928 0.201 3
0.00970248 0.046699 0.200833 3
0.0113656 0.0468052 0.200667 3
0.0133478 0.0465928 0.201 3
0.0157106 0.0465891 0.20075 3
0.0179996 0.0465891 0.20075 3
0.0200393 0.0465928 0.201 3
0.0221116 0.0465911 0.200889 3
0.037743 0.0476646 0.2 3
0.0388819 0.0473173 0.200833 3
0.037743 0.0491854 0.2 3
0.0381773 0.0491854 0.2 3
0.0370917 0.0517926 0.2 3
0.03815 0.0513964 0.201 3
0.0370917 0.0535307 0.2 3
0.0370917 0.0557033 0.2 3
0.0369922 0.0579922 0.2004 3
0.0368087 0.0598763 0.200556 3
0.0367502 0.0619412 0.2005 3
0.0367316 0.0640869 0.2004 3
0.0385864 0.0644976 0.201 3
0.0353548 0.0670011 0.2 3
0.0366092 0.0660355 0.2 3
0.0386856 0.0660856 0.201 3
0.0353548 0.0683047 0.2 3
0.036815 0.068234 0.200167 3
0.0388153 0.0677913 0.200556 3
0.0212354 0.0229059 0.202 3
0.033954 0.0226864 0.202 3
0.00723675 0.0247835 0.203 3
0.0269369 0.0235642 0.202 3
0.0284836 0.0246655 0.202364 3
0.0303957 0.0247165 0.202714 3
0.032643 0.0243313 0.202667 3
0.033954 0.0235642 0.202 3
-0.00706942 0.0270314 0.2025 3
-0.00544997 0.0269707 0.202615 3
-0.00281836 0.0270606 0.202444 3
-0.00101417 0.0262347 0.202667 3
0.00119266 0.0259341 0.202 3
0.00304111 0.0262485 0.2024 3
0.00505035 0.026064 0.202429 3
0.00712657 0.0260699 0.203 3
0.0289104 0.0255391 0.202 3
0.0304454 0.0255391 0.202 3
0.0315419 0.0255391 0.202 3
-0.0109309 0.0282762 0.20275 3
-0.00945578 0.0281447 0.202333 3
-0.00836822 0.027953 0.202 3
-0.00464035 0.0277335 0.202 3
-0.00310535 0.0277335 0.202 3
0.041174 0.0285324 0.203 3
-0.00946466 0.0297085 0.202 3
0.0396555 0.0303668 0.202 3
0.0407333 0.0305171 0.203 3
0.0396555 0.0319028 0.202 3
0.0407333 0.0325018 0.203 3
0.0409379 0.0347036 0.202556 3
0.0411338 0.036709 0.202556 3
0.0410737 0.0388012 0.2025 3
0.0408333 0.040981 0.2024 3
0.0243054 0.043533 0.202 3
0.0398748 0.0439719 0.202 3
0.0405592 0.0429031 0.202286 3
-0.0128171 0.0459538 0.203 3
-0.0114949 0.0459538 0.203 3
-0.00973187 0.0459538 0.203 3
-0.0048837 0.0459538 0.203 3
-0.00312072 0.0459538 0.203 3
-0.000917005 0.0459538 0.203 3
0.00106634 0.0459538 0.203 3
0.00304969 0.0459538 0.203 3
0.00539025 0.0459515 0.202667 3
0.00729941 0.0459515 0.202667 3
0.00944047 0.0459538 0.203 3
0.0114238 0.0459538 0.203 3
0.0137506 0.0459515 0.202667 3
0.0158273 0.0459486 0.20225 3
0.0179461 0.0459469 0.202 3
0.0199197 0.0459469 0.202 3
0.0220394 0.0456559 0.202444 3
0.0236501 0.0446738 0.2024 3
0.0398748 0.0452885 0.202 3
0.0403133 0.0452885 0.202 3
-0.013607 0.0469541 0.202818 3
-0.0117621 0.0465858 0.202556 3
-0.00936184 0.0465667 0.2026 3
-0.00749108 0.0468246 0.202 3
-0.0048837 0.0463948 0.203 3
-0.00312072 0.0463948 0.203 3
-0.000917005 0.0463948 0.203 3
0.00106634 0.0463948 0.203 3
0.00304969 0.0463948 0.203 3
0.00503304 0.0463948 0.203 3
0.0076775 0.0463948 0.203 3
0.00944047 0.0463948 0.203 3
0.0114238 0.0463948 0.203 3
0.0134072 0.0463948 0.203 3
0.0156109 0.0463948 0.203 3
0.0398748 0.0466051 0.202 3
0.0402955 0.047559 0.202857 3
0.0392169 0.0494578 0.202 3
0.0402925 0.0490411 0.203 3
0.0393625 0.0514043 0.20275 3
0.0387415 0.0533959 0.202375 3
0.0383397 0.0558215 0.202 3
0.0383398 0.0577965 0.202 3
0.0383872 0.0596264 0.20225 3
0.0385296 0.0618315 0.203 3
0.0387601 0.0638577 0.202667 3
0.0402925 0.0642572 0.203 3
0.0271144 0.0221326 0.205 3
0.0278245 0.0224111 0.2045 3
0.03264 0.0225631 0.204571 3
0.0336258 0.0222462 0.204 3
-0.0173133 0.0243798 0.205 3
-0.015741 0.0242642 0.205 3
-0.0140561 0.0245823 0.205 3
-3.58685e-05 0.0250277 0.205 3
0.000409217 0.0250277 0.205 3
0.00506914 0.0249666 0.2045 3
0.00815823 0.0249056 0.204 3
0.00904406 0.0244623 0.204 3
0.0285005 0.0237112 0.2044 3
0.0304525 0.0239142 0.205 3
0.0322569 0.0236126 0.204615 3
0.0336258 0.0231327 0.204 3
-0.0173473 0.0262068 0.204846 3
-0.0157322 0.0262349 0.204333 3
-0.0138134 0.0264079 0.204409 3
-0.0117786 0.0267299 0.204643 3
-0.00936566 0.0269792 0.2046 3
-0.0073607 0.0265206 0.2045 3
-0.00520303 0.0261613 0.204 3
-0.00330933 0.0264098 0.2045 3
-3.58685e-05 0.025473 0.205 3
0.000409217 0.025473 0.205 3
0.00506914 0.0254109 0.2045 3
0.00815823 0.025792 0.204 3
0.00904406 0.025792 0.204 3
-0.0169491 0.0277 0.205 3
-0.0157793 0.0275987 0.20425 3
-0.0136298 0.027974 0.204 3
-0.0119603 0.0282468 0.204 3
-0.0102227 0.0275649 0.204 3
0.0429149 0.0290362 0.205 3
0.0415983 0.0304458 0.204 3
0.0430798 0.0303048 0.204818 3
0.0415983 0.0324403 0.204 3
0.0426237 0.0325463 0.204667 3
0.0415983 0.0339916 0.204 3
0.0427402 0.0344812 0.2048 3
0.0427753 0.0367093 0.204333 3
0.0425882 0.0389634 0.2045 3
0.0226635 0.0419526 0.205 3
0.0231086 0.0419526 0.205 3
0.0424946 0.0411608 0.205 3
0.0208832 0.0437341 0.205 3
0.022282 0.0433524 0.205 3
0.0234764 0.0432215 0.204333 3
0.0413769 0.0435208 0.204 3
0.0424698 0.0430661 0.205 3
-0.0147237 0.0457384 0.205 3
-0.0137365 0.0458856 0.204667 3
-0.0115754 0.0456045 0.2044 3
-0.00944762 0.0458477 0.204 3
-0.00734379 0.0461801 0.204 3
-0.00548326 0.045812 0.204833 3
-0.00315147 0.0457384 0.205 3
-0.00092604 0.0457384 0.205 3
0.00107472 0.0456826 0.20475 3
0.00306471 0.0455153 0.204 3
0.00527928 0.0455153 0.204 3
0.00749386 0.0455153 0.204 3
0.00948696 0.0455153 0.204 3
0.0115152 0.0456492 0.2046 3
0.0137618 0.0457384 0.205 3
0.015924 0.0455599 0.2042 3
0.0179462 0.0451814 0.2045 3
0.019989 0.0451337 0.204524 3
0.0220106 0.0447093 0.204625 3
0.0231086 0.0441795 0.205 3
0.0413769 0.0452937 0.204 3
0.0424698 0.0450703 0.205 3
-0.0158364 0.0466292 0.205 3
-0.0139875 0.0466234 0.204 3
-0.00867253 0.0466234 0.204 3
-0.00734379 0.0466234 0.204 3
-0.00601505 0.0466234 0.204 3
0.0413769 0.0472882 0.204 3
0.0424699 0.0464065 0.205 3
0.0413619 0.0494751 0.2048 3
0.0407088 0.0511047 0.2042 3
0.0396051 0.0541581 0.204 3
0.0406895 0.0535328 0.205 3
0.0396051 0.0554878 0.204 3
0.0406895 0.054869 0.205 3
0.0396051 0.0577038 0.204 3
0.0406895 0.0575413 0.205 3
0.0396051 0.0599199 0.204 3
0.0396051 0.0619145 0.204 3
0.0408379 0.0621437 0.205 3
0.0396051 0.0634657 0.204 3
0.0411346 0.0637768 0.205 3
-0.0150192 0.0206741 0.206 3
-0.0174102 0.0225194 0.2065 3
-0.0156291 0.0221388 0.206 3
-0.013466 0.0222621 0.2062 3
-0.0121708 0.0223485 0.207 3
0.0291766 0.0230231 0.207 3
0.0305249 0.0230231 0.207 3
0.0324676 0.0222945 0.2065 3
-0.0177027 0.0235833 0.206 3
-0.0150192 0.0235833 0.206 3
-0.0132934 0.0240816 0.206222 3
-0.0116586 0.0244202 0.206778 3
-0.0103731 0.0245972 0.207 3
-0.00339047 0.0251497 0.206 3
-0.000706929 0.0251497 0.206 3
0.00130573 0.0251497 0.206 3
0.00309476 0.0251497 0.206 3
0.00622556 0.0247022 0.206 3
0.00667281 0.0247022 0.206 3
0.0291766 0.0234729 0.207 3
0.0305249 0.0234729 0.207 3
-0.0192974 0.026364 0.207 3
-0.0185396 0.0262899 0.206429 3
-0.0132302 0.0255973 0.206 3
-0.0113753 0.0259162 0.206167 3
-0.00945134 0.0258827 0.2065 3
-0.00786304 0.0262686 0.206 3
-0.0045305 0.0254967 0.207 3
-0.00373577 0.025547 0.2065 3
-0.000706929 0.0255973 0.206 3
0.00130573 0.0255973 0.206 3
0.00309476 0.0255973 0.206 3
0.00622556 0.0255973 0.206 3
0.00667281 0.0255973 0.206 3
-0.0195864 0.0277454 0.207 3
-0.0181499 0.0276114 0.206 3
0.0437952 0.0314157 0.206 3
0.0449535 0.030998 0.2068 3
0.0437952 0.0325346 0.206 3
0.044835 0.03234 0.206667 3
0.0437952 0.0345486 0.206 3
0.0445376 0.0347231 0.206444 3
0.0437952 0.0367864 0.206 3
0.044655 0.0367184 0.206875 3
0.0436035 0.0388964 0.206 3
0.0446819 0.038764 0.207 3
0.0436138 0.040855 0.2062 3
0.0446819 0.0401132 0.207 3
0.0185251 0.0439475 0.206 3
0.0198669 0.0439475 0.206 3
0.0217611 0.0434862 0.207 3
0.0437831 0.0430365 0.207 3
-0.021429 0.0456899 0.207 3
-0.0198111 0.04551 0.207 3
-0.0177457 0.0456233 0.2065 3
-0.0158318 0.0455857 0.206556 3
-0.0137438 0.0452852 0.207 3
-0.0116647 0.0450664 0.206 3
-0.00942845 0.0457825 0.206 3
-0.00719827 0.0458262 0.2062 3
-0.00520465 0.0452851 0.207 3
-0.00318222 0.0452852 0.207 3
-0.000935074 0.0452852 0.207 3
0.0010826 0.0451211 0.20625 3
0.00309476 0.0450664 0.206 3
0.00533104 0.0450664 0.206 3
0.0073437 0.0450664 0.206 3
0.00935636 0.0450664 0.206 3
0.0115926 0.0450664 0.206 3
0.0136053 0.0450664 0.206 3
0.0158149 0.0448111 0.206375 3
0.0175919 0.0445237 0.2066 3
0.0198669 0.044395 0.206 3
0.0437831 0.0450603 0.207 3
-0.0216088 0.0464095 0.207 3
-0.0198679 0.0466082 0.206556 3
-0.0177027 0.0468566 0.206 3
0.0431194 0.0471706 0.2064 3
0.0427288 0.0491549 0.20625 3
0.0415589 0.0517799 0.206 3
0.0424451 0.051231 0.2065 3
0.0417606 0.0538302 0.207 3
0.04221 0.0538302 0.207 3
0.041237 0.0558707 0.2064 3
0.04221 0.0556291 0.207 3
0.0413728 0.0577281 0.206556 3
0.04221 0.057653 0.207 3
0.0412236 0.0598613 0.206385 3
0.04221 0.0599017 0.207 3
0.0414537 0.0617221 0.206429 3
0.0424298 0.0619992 0.20625 3
0.042945 0.0638713 0.20675 3
-0.0109271 0.0209752 0.209 3
-0.0104733 0.0209752 0.209 3
0.032253 0.0206489 0.208 3
-0.0113022 0.0221825 0.2084 3
-0.0100649 0.0222466 0.209 3
0.0287778 0.0225644 0.209 3
0.0303361 0.0225429 0.2088 3
0.0320272 0.0218539 0.208 3
-0.0195928 0.024633 0.20825 3
-0.018552 0.0242641 0.208 3
-0.0111562 0.0234278 0.2082 3
-0.00952234 0.0241192 0.208524 3
-0.00797755 0.0248348 0.209 3
0.00382048 0.0248348 0.209 3
0.00472802 0.0248349 0.209 3
0.0207372 0.0235863 0.208 3
0.0211888 0.0235863 0.208 3
-0.0231789 0.0261972 0.209 3
-0.0219826 0.0263829 0.209 3
-0.0202826 0.0261749 0.208375 3
-0.00726198 0.0256198 0.208 3
-0.00545559 0.0256198 0.208 3
-0.00252019 0.0256198 0.208 3
-0.00161699 0.0256198 0.208 3
-0.0216663 0.027635 0.209 3
-0.0205842 0.0278795 0.208 3
0.0458009 0.0327751 0.208 3
0.0456163 0.0346231 0.2086 3
0.0465505 0.034295 0.209 3
0.0457943 0.0368681 0.209 3
0.046248 0.0368681 0.209 3
0.0457943 0.0389115 0.209 3
0.046248 0.0389115 0.209 3
0.0223178 0.0416627 0.208 3
0.0451966 0.0409741 0.208333 3
0.046248 0.0405008 0.209 3
-0.0302123 0.0436793 0.209 3
0.0159699 0.043685 0.208667 3
0.0178018 0.0436963 0.208 3
0.019834 0.0436963 0.208 3
0.0223178 0.0425665 0.208 3
0.0450057 0.0428964 0.2085 3
-0.0302123 0.0451425 0.209 3
-0.0283972 0.0452686 0.209 3
-0.0269225 0.0450416 0.209 3
-0.0240216 0.045074 0.209 3
-0.0222175 0.0451592 0.2085 3
-0.0200025 0.0448145 0.209 3
-0.0177336 0.0448145 0.209 3
-0.0156916 0.0448145 0.209 3
-0.0136497 0.0448145 0.209 3
-0.0118346 0.0448145 0.209 3
-0.00929418 0.045504 0.208 3
-0.0072681 0.0453661 0.2082 3
-0.00525493 0.0448145 0.209 3
-0.00321296 0.0448145 0.209 3
-0.000944074 0.0447717 0.2088 3
0.0010926 0.0446002 0.208 3
0.0031248 0.0446002 0.208 3
0.0053828 0.0446001 0.208 3
0.007415 0.0446002 0.208 3
0.0094472 0.0446001 0.208 3
0.0114794 0.0446002 0.208 3
0.0135116 0.0446001 0.208 3
0.0153554 0.0443668 0.2085 3
0.0451136 0.0450416 0.209 3
-0.0302123 0.0466308 0.209 3
-0.0290779 0.0466309 0.209 3
0.0437687 0.0477634 0.208 3
0.0448903 0.0470843 0.20875 3
0.043874 0.0492384 0.2085 3
0.0443267 0.0492384 0.2085 3
0.0435846 0.0515907 0.208556 3
0.0444329 0.0513988 0.209 3
0.0431328 0.0534646 0.2082 3
0.0432985 0.0557126 0.209 3
0.0432985 0.0577559 0.209 3
0.0432985 0.0597993 0.209 3
0.0434099 0.061678 0.208444 3
0.0444461 0.0629025 0.208 3
0.043543 0.0633544 0.208 3
0.0444461 0.0633544 0.208 3
-0.00740164 0.0205853 0.212 3
-0.00602079 0.0205853 0.212 3
0.0307421 0.0207763 0.2116 3
0.0318792 0.0206193 0.21 3
-0.0215682 0.0230096 0.211 3
-0.019942 0.0229823 0.21075 3
-0.0187304 0.0229005 0.21 3
-0.00922583 0.0218807 0.210857 3
-0.00744573 0.0221522 0.211 3
-0.0056222 0.0225109 0.211857 3
0.0209366 0.0229005 0.21 3
0.022342 0.022755 0.2112 3
0.0234374 0.0224277 0.212 3
0.0290533 0.0218635 0.211 3
0.0305883 0.0215853 0.210533 3
0.0318792 0.0215318 0.21 3
-0.0257974 0.0244974 0.21 3
-0.0241297 0.0245095 0.21 3
-0.0219383 0.0243519 0.210364 3
-0.0200652 0.0240318 0.210385 3
-0.0187304 0.0233568 0.21 3
-0.00892761 0.0233568 0.21 3
-0.00720913 0.0241658 0.210238 3
-0.00527477 0.0242029 0.211 3
-0.00332879 0.0244971 0.211091 3
-0.000953145 0.0246119 0.211 3
0.00110836 0.0246119 0.211 3
0.00299003 0.0244406 0.2105 3
0.00537365 0.0244217 0.210667 3
0.0205438 0.0233506 0.2116 3
0.0221832 0.0233529 0.211 3
0.0234374 0.0231187 0.212 3
-0.026442 0.026051 0.2115 3
-0.0242444 0.026253 0.210125 3
-0.0222867 0.0259119 0.21 3
-0.0238218 0.0275503 0.210667 3
-0.0228338 0.0274631 0.21 3
0.0471532 0.03271 0.21 3
0.0477213 0.0349287 0.211 3
0.048523 0.0346995 0.211 3
0.0476071 0.0367209 0.211143 3
0.048753 0.0367064 0.212 3
0.0476951 0.0387798 0.211231 3
0.048753 0.0387791 0.212 3
0.0205782 0.0415759 0.211 3
0.0214258 0.0414446 0.210333 3
0.0460134 0.041607 0.21 3
0.0473783 0.0408876 0.211 3
0.048753 0.0401609 0.212 3
-0.0304545 0.0431084 0.210762 3
-0.0284115 0.0435967 0.2108 3
-0.0262676 0.0436934 0.211429 3
-0.0242019 0.0437204 0.211231 3
-0.0220746 0.0437342 0.211467 3
-0.0199648 0.0440973 0.211 3
-0.0179033 0.0440973 0.211 3
-0.0158418 0.0440973 0.211 3
-0.0137803 0.0440973 0.211 3
-0.012406 0.0440973 0.211 3
-0.00680173 0.0440344 0.21125 3
-0.00531779 0.0439715 0.2115 3
-0.00342208 0.044003 0.211375 3
-0.000799296 0.0439509 0.210667 3
0.00110836 0.043867 0.211 3
0.00316987 0.043867 0.211 3
0.00531085 0.0438135 0.211111 3
0.00730441 0.0437064 0.211333 3
0.00945231 0.0437204 0.211231 3
0.0115042 0.0436934 0.211429 3
0.0137099 0.0436515 0.211067 3
0.0159207 0.0431026 0.211 3
0.0178206 0.0429289 0.2109 3
0.0199653 0.0428879 0.210444 3
0.0215037 0.0426967 0.2102 3
0.0460134 0.0429758 0.21 3
0.0470629 0.0429925 0.210769 3
-0.0303569 0.0443446 0.21 3
-0.0283051 0.0443446 0.21 3
-0.0261394 0.0453141 0.21 3
-0.0245056 0.0450543 0.21 3
-0.0219624 0.044429 0.2104 3
-0.0199648 0.0445557 0.211 3
-0.0179033 0.0445557 0.211 3
-0.0158418 0.0445557 0.211 3
-0.0137803 0.0445557 0.211 3
-0.0112249 0.0446896 0.211308 3
-0.00942823 0.0447828 0.211 3
-0.00757149 0.044803 0.210733 3
-0.00530522 0.0445557 0.211 3
-0.00324371 0.0445557 0.211 3
-0.000951737 0.044429 0.2104 3
0.00110311 0.0443446 0.21 3
0.00315485 0.0443446 0.21 3
0.00520659 0.0443446 0.21 3
0.00725832 0.0443446 0.21 3
0.00953803 0.0443446 0.21 3
0.0115898 0.0443446 0.21 3
0.0136415 0.0443446 0.21 3
0.0460134 0.0445727 0.21 3
0.0471755 0.0452642 0.2115 3
-0.0303745 0.0477951 0.210125 3
-0.0282709 0.0474747 0.2105 3
-0.0264955 0.0472599 0.2112 3
-0.024202 0.0473002 0.212 3
0.0453295 0.0479946 0.21 3
0.0465716 0.0471897 0.2115 3
-0.0301688 0.0491394 0.2106 3
-0.0288114 0.0494047 0.211571 3
-0.0269637 0.0484517 0.212 3
0.0453834 0.0491946 0.21025 3
0.0466817 0.048682 0.212 3
-0.0299198 0.0513767 0.211455 3
-0.0288854 0.051213 0.21175 3
0.0455454 0.0514322 0.211 3
-0.0300264 0.053412 0.212 3
-0.029035 0.0530577 0.212 3
0.0450624 0.0536919 0.210875 3
0.0451422 0.0556236 0.21125 3
0.0447825 0.0576191 0.211 3
0.0450893 0.059912 0.211 3
0.0464516 0.060197 0.212 3
0.0451592 0.0619941 0.211062 3
0.0464516 0.0620395 0.212 3
0.0455393 0.0633863 0.2115 3
0.0464516 0.0634213 0.212 3
-0.0276541 0.0703303 0.212 3
-0.0271938 0.0703303 0.212 3
-0.0219005 0.0707909 0.212 3
-0.0257676 0.0721379 0.211 3
-0.0242449 0.0720163 0.211375 3
-0.0228212 0.0717121 0.212 3
-0.00481304 0.0203223 0.2136 3
-0.00352214 0.0205471 0.214 3
0.0266786 0.0205471 0.214 3
0.0288662 0.0209138 0.213 3
0.0308547 0.0203585 0.213 3
-0.00651164 0.021608 0.213 3
-0.00496803 0.0216841 0.213429 3
-0.00362952 0.0220053 0.2135 3
0.0219294 0.0225336 0.213 3
0.0242396 0.0220058 0.2135 3
0.0262139 0.0217095 0.214 3
0.0280897 0.0218511 0.213462 3
0.0295599 0.0213766 0.213 3
-0.00304323 0.0234591 0.213 3
-0.000966661 0.0235472 0.2138 3
0.001121 0.0234866 0.21325 3
0.00320205 0.0234811 0.2132 3
0.00484113 0.0235692 0.214 3
-0.0280158 0.0266985 0.213 3
-0.0280079 0.0281257 0.214 3
-0.0261975 0.0276565 0.21325 3
-0.0250098 0.0276241 0.213 3
0.0499099 0.0354254 0.214 3
0.0497544 0.0368583 0.213333 3
0.0499099 0.0384475 0.214 3
-0.0298656 0.0417387 0.213 3
-0.0290766 0.0419346 0.214 3
0.017977 0.0417143 0.213667 3
0.0196396 0.0415558 0.21325 3
0.0490413 0.0409756 0.21325 3
-0.0298656 0.0422014 0.213 3
-0.0284505 0.0429136 0.213667 3
-0.0262888 0.043097 0.214 3
-0.024198 0.043097 0.214 3
-0.0221072 0.043097 0.214 3
-0.0199228 0.0438211 0.213 3
-0.0178418 0.0438211 0.213 3
-0.0157607 0.0438212 0.213 3
-0.0136797 0.0438212 0.213 3
-0.0117884 0.0438033 0.213667 3
-0.0092393 0.0437433 0.213429 3
-0.00745183 0.0436836 0.213462 3
-0.00514833 0.043562 0.214 3
-0.00320835 0.0437255 0.213667 3
-0.000808085 0.043889 0.213333 3
0.00112412 0.043562 0.214 3
0.00321494 0.043562 0.214 3
0.00519327 0.0434124 0.213429 3
0.00739658 0.0433295 0.214 3
0.00945332 0.0431776 0.21325 3
0.0115683 0.043289 0.2138 3
0.013636 0.0429963 0.2135 3
0.0155311 0.0426972 0.2134 3
0.0178079 0.0423005 0.2135 3
0.0196171 0.0422014 0.213 3
0.0487518 0.043127 0.213 3
-0.0114208 0.0442593 0.214 3
-0.0100269 0.0442593 0.214 3
0.0489234 0.0453695 0.21375 3
-0.0258191 0.0478704 0.213 3
-0.0250098 0.0475233 0.213 3
0.0479017 0.0473667 0.213333 3
0.0489806 0.0465841 0.214 3
-0.0277185 0.049738 0.213 3
-0.0262944 0.0494279 0.213615 3
-0.0251273 0.0486763 0.214 3
0.0474319 0.0495287 0.214 3
-0.0278952 0.0513885 0.213308 3
-0.0269858 0.051466 0.214 3
0.04699 0.0515531 0.2134 3
-0.0296344 0.0542335 0.213 3
-0.0283302 0.0535312 0.2134 3
0.046902 0.0535394 0.213 3
-0.030093 0.0556083 0.2133 3
-0.0286299 0.0554587 0.213643 3
0.047012 0.0555216 0.2135 3
-0.0299726 0.0574771 0.214 3
-0.0288443 0.0577428 0.214 3
0.0457458 0.0579357 0.213 3
0.0467782 0.0576612 0.2137 3
-0.0297735 0.0596026 0.214 3
-0.0290301 0.0594166 0.214 3
0.0457458 0.0588613 0.213 3
0.0473937 0.0598428 0.2132 3
0.0486724 0.0604375 0.213667 3
0.0475956 0.0618693 0.213 3
0.0485205 0.0618693 0.213 3
0.0474635 0.0634229 0.213 3
0.0485205 0.0630262 0.213 3
-0.0267534 0.0712262 0.214 3
-0.0237499 0.0705198 0.213625 3
-0.0221639 0.0704503 0.2132 3
-0.0275533 0.071819 0.213 3
-0.0263618 0.0717764 0.213333 3
-0.00963039 0.0206911 0.2155 3
-0.00543093 0.0200351 0.216 3
0.02599 0.0207391 0.216 3
0.0283348 0.0207391 0.216 3
0.0302659 0.0205881 0.2154 3
0.032589 0.0201357 0.216 3
-0.011941 0.0218109 0.215 3
-0.00963039 0.0211593 0.2155 3
-0.002605 0.022278 0.215 3
-0.000971213 0.0227452 0.215 3
0.00112937 0.0227452 0.215 3
0.00323554 0.0227875 0.2154 3
0.0200665 0.0227804 0.215333 3
0.0221601 0.0222252 0.216 3
0.02599 0.0212084 0.216 3
0.0281003 0.0212084 0.216 3
0.0198013 0.0236793 0.215 3
-0.0277069 0.0289517 0.216 3
-0.026769 0.0289517 0.216 3
-0.0281759 0.0298903 0.216 3
-0.027238 0.0298903 0.216 3
0.0501431 0.0367587 0.215 3
0.0184009 0.039795 0.215 3
0.0501431 0.0395615 0.215 3
-0.0294459 0.0414299 0.215 3
-0.0283441 0.0412134 0.2155 3
-0.026769 0.0416225 0.216 3
-0.00847923 0.0418572 0.216 3
-0.00754129 0.0418572 0.216 3
0.0160192 0.0416007 0.215714 3
0.0178017 0.0410444 0.215429 3
0.0193345 0.0409627 0.215 3
0.0501431 0.0411963 0.215 3
-0.0280455 0.0423642 0.215 3
-0.0261783 0.0423642 0.215 3
-0.0240777 0.0423641 0.215 3
-0.0219067 0.042684 0.215833 3
-0.0200357 0.0431509 0.2152 3
-0.0177759 0.0432983 0.215 3
-0.0156753 0.0432983 0.215 3
-0.0137748 0.0433984 0.215 3
-0.0114742 0.0435319 0.215 3
-0.00914512 0.0431488 0.215636 3
-0.00737076 0.0428385 0.216 3
-0.00519645 0.0430305 0.216 3
-0.00292024 0.043209 0.215333 3
-0.000905533 0.0434504 0.215429 3
0.00113463 0.0430305 0.216 3
0.0032321 0.0428711 0.2152 3
0.00534404 0.0429309 0.2155 3
0.00723122 0.0430305 0.216 3
0.00931432 0.0429109 0.2154 3
0.0116323 0.0428312 0.215 3
0.0138864 0.0425435 0.2152 3
0.0157136 0.0423064 0.2155 3
0.0501431 0.0430648 0.215 3
0.0501431 0.0451669 0.215 3
0.0513143 0.0449076 0.216 3
0.0495203 0.0472632 0.215333 3
0.0506108 0.0467848 0.216 3
-0.0254781 0.0498381 0.215 3
-0.0246016 0.0494868 0.2155 3
0.048117 0.0496821 0.215333 3
0.0490724 0.0490992 0.215714 3
-0.0260624 0.0515079 0.215429 3
0.048266 0.0514777 0.216 3
0.0487349 0.0514777 0.216 3
-0.0275787 0.053575 0.215 3
-0.026727 0.0537411 0.215667 3
0.0481319 0.0534393 0.2154 3
0.0485995 0.0534393 0.2154 3
-0.0277788 0.0559439 0.215 3
-0.0268547 0.0554028 0.21575 3
0.0480425 0.055677 0.215 3
0.0485093 0.0549764 0.215 3
-0.0278121 0.057779 0.215 3
-0.0270621 0.0579891 0.216 3
0.0479614 0.0580236 0.215333 3
0.0494384 0.058517 0.216 3
-0.0296793 0.0608153 0.215 3
-0.0281622 0.0600563 0.215 3
-0.0270035 0.0599249 0.216 3
0.0477313 0.0591026 0.215 3
0.0487427 0.0589469 0.215 3
-0.0296793 0.0617496 0.215 3
-0.0283441 0.0621281 0.2155 3
-0.0270035 0.0618022 0.216 3
-0.0284104 0.0634447 0.216 3
-0.0279414 0.067199 0.216 3
-0.0263 0.067199 0.216 3
-0.0248931 0.067199 0.216 3
-0.0278897 0.0684785 0.2156 3
-0.0262885 0.0684416 0.215739 3
-0.0242851 0.0685724 0.2156 3
-0.0230173 0.0683722 0.216 3
-0.0278121 0.0699241 0.215 3
-0.0261908 0.0703735 0.215273 3
-0.0243111 0.0702356 0.215 3
-0.0229107 0.0699241 0.215 3
-0.0257115 0.0717926 0.215 3
-0.0247779 0.0717926 0.215 3
-0.0149474 0.0204575 0.218 3
-0.0135275 0.0204575 0.218 3
-0.0118581 0.0205519 0.21775 3
-0.00663392 0.0201279 0.217 3
-0.00616278 0.0201279 0.217 3
0.0254036 0.0208351 0.217 3
-0.0150309 0.0217093 0.2175 3
-0.0136514 0.0218398 0.217286 3
-0.0116086 0.0213557 0.2175 3
-0.00074811 0.0221152 0.218 3
0.0052967 0.0221958 0.2174 3
0.0203142 0.0221152 0.218 3
0.021667 0.0220476 0.217333 3
0.0254036 0.0213066 0.217 3
0.004909 0.0231924 0.217 3
-0.0257151 0.0290857 0.217 3
-0.024887 0.028983 0.218 3
-0.0277269 0.0311143 0.218 3
-0.0262762 0.0306061 0.21775 3
-0.024887 0.0294566 0.218 3
0.0517894 0.0372716 0.218 3
-0.0279635 0.0398766 0.218 3
0.0516706 0.0386048 0.2175 3
-0.027642 0.0406983 0.217333 3
-0.0262872 0.0410288 0.217833 3
-0.0240874 0.0416179 0.2172 3
-0.0224693 0.0416754 0.2175 3
0.0115579 0.0415343 0.218 3
0.0139246 0.0415343 0.218 3
0.0157991 0.0410222 0.217455 3
0.0173942 0.0404009 0.217 3
-0.0257151 0.042051 0.217 3
-0.0240874 0.0420898 0.2172 3
-0.0219965 0.0421479 0.2175 3
-0.0198674 0.0425248 0.217455 3
-0.0179206 0.0426675 0.217571 3
-0.0158211 0.0429939 0.217 3
-0.0135243 0.0431707 0.217 3
-0.0115809 0.0432297 0.217 3
-0.00986899 0.042666 0.217333 3
-0.00663392 0.0422867 0.217 3
-0.00522883 0.0423647 0.2174 3
-0.00311467 0.0424816 0.218 3
-0.00118539 0.0426953 0.217714 3
0.00114038 0.0423355 0.21725 3
0.00302444 0.0422867 0.217 3
0.00514457 0.0422867 0.217 3
0.00729818 0.0424816 0.218 3
0.00940082 0.0423647 0.2174 3
0.011505 0.0422867 0.217 3
0.0135204 0.0422605 0.217 3
0.051789 0.0431314 0.2175 3
0.0529727 0.0434289 0.218 3
0.0519654 0.0449307 0.21725 3
0.0528512 0.0447459 0.2175 3
-0.0238305 0.0481801 0.217 3
0.050374 0.0479444 0.217 3
0.0514939 0.0471686 0.2175 3
-0.0237105 0.0494042 0.2172 3
-0.0222838 0.0495862 0.218 3
0.0499028 0.0495159 0.217 3
0.0508435 0.049669 0.217667 3
-0.0257151 0.0524232 0.217 3
-0.0244179 0.0512444 0.2172 3
0.0498105 0.0513931 0.217625 3
-0.0257151 0.0536019 0.217 3
-0.0248869 0.0536121 0.218 3
0.0496656 0.0532498 0.21725 3
-0.0260884 0.0559304 0.2175 3
-0.024887 0.055033 0.218 3
0.049602 0.0561132 0.217182 3
0.0506061 0.0562171 0.218 3
-0.026153 0.0576594 0.217571 3
0.0496673 0.0576093 0.217 3
-0.0259931 0.0597385 0.217643 3
-0.0261327 0.0617923 0.217091 3
-0.0281493 0.0642884 0.217 3
-0.0265022 0.0641707 0.217667 3
-0.027852 0.0661359 0.217133 3
-0.0262583 0.0662773 0.2176 3
-0.0245514 0.066584 0.217769 3
-0.023903 0.0677255 0.217125 3
-0.0233594 0.0696317 0.217 3
-0.0131141 0.0184102 0.219 3
-0.0116083 0.0180694 0.22 3
-0.0100692 0.0184943 0.22 3
-0.0135895 0.0193618 0.219 3
-0.0114035 0.0196716 0.219429 3
-0.00957983 0.0200245 0.21975 3
-0.00768094 0.0204062 0.22 3
0.024083 0.0204062 0.22 3
0.0271877 0.0204062 0.22 3
0.0276654 0.0204062 0.22 3
0.0311682 0.0203265 0.22 3
0.0322031 0.0201672 0.22 3
-0.000870455 0.0220031 0.21925 3
0.00100814 0.0220458 0.2192 3
0.00305231 0.0222167 0.219 3
0.00507312 0.0225735 0.219 3
0.0205006 0.0213622 0.22 3
0.022096 0.0212893 0.21925 3
0.0242113 0.0212651 0.219 3
0.00590521 0.0234062 0.219 3
-0.0238479 0.0291602 0.219333 3
-0.0252389 0.0307812 0.219 3
-0.0242736 0.0304717 0.219538 3
-0.0229658 0.0297268 0.22 3
-0.0278541 0.0326845 0.219 3
-0.0262366 0.0327446 0.2194 3
-0.0246377 0.0324354 0.22 3
-0.0279812 0.0347457 0.22 3
-0.0265482 0.0347456 0.22 3
-0.0270259 0.0361796 0.22 3
0.0520257 0.0366576 0.22 3
0.0528616 0.0370161 0.22 3
-0.0264868 0.0396741 0.2195 3
0.0123805 0.0397645 0.22 3
0.0135746 0.0397645 0.22 3
0.0159163 0.0393541 0.219375 3
0.0175545 0.0395837 0.219 3
0.0532198 0.0388085 0.22 3
-0.026004 0.0406056 0.219667 3
-0.0243434 0.0413427 0.2195 3
-0.0220105 0.0416764 0.22 3
-0.0198611 0.0416764 0.22 3
-0.0179505 0.0416764 0.22 3
-0.0167564 0.0416764 0.22 3
-0.0105469 0.0416764 0.22 3
-0.00919373 0.0416958 0.2196 3
-0.00741957 0.0417087 0.219333 3
-0.00544243 0.0416926 0.219667 3
-0.00314324 0.0416764 0.22 3
-0.000834523 0.0416926 0.219667 3
0.00129303 0.0415346 0.219 3
0.00290967 0.0415346 0.219 3
0.00519198 0.0417249 0.219 3
0.00736513 0.0416764 0.22 3
0.00966666 0.0414378 0.219375 3
0.0117028 0.0411398 0.219692 3
0.0134455 0.0409675 0.219833 3
0.0154015 0.0404847 0.2195 3
0.0175545 0.0400595 0.219 3
0.0520269 0.0410112 0.219 3
-0.0215329 0.0421544 0.22 3
-0.0198611 0.0421544 0.22 3
-0.0179505 0.0421544 0.22 3
-0.0158606 0.0425895 0.219167 3
-0.0135895 0.0426765 0.219 3
-0.0115609 0.0426185 0.219111 3
-0.00959155 0.0421544 0.22 3
-0.00744211 0.0421544 0.22 3
-0.00505385 0.0421544 0.22 3
-0.00314324 0.0421544 0.22 3
-0.00123263 0.0421544 0.22 3
0.00736513 0.0421544 0.22 3
0.0532199 0.0428713 0.22 3
0.0520269 0.0481483 0.219 3
-0.0203388 0.0500411 0.22 3
0.0519316 0.0492408 0.2192 3
-0.0236539 0.0517962 0.219 3
-0.0220119 0.0514318 0.219571 3
-0.0198611 0.051475 0.22 3
-0.0179505 0.051475 0.22 3
0.0511438 0.051444 0.219143 3
-0.0238479 0.0537017 0.219333 3
-0.0219707 0.0536658 0.22 3
-0.0198611 0.053626 0.22 3
-0.0180036 0.053626 0.22 3
0.0503628 0.0543338 0.219 3
0.0514075 0.0539104 0.2196 3
-0.0252389 0.0559992 0.219 3
-0.0239483 0.0555913 0.219 3
-0.0219897 0.0557262 0.2198 3
-0.0198611 0.0557769 0.22 3
-0.0179505 0.0557769 0.22 3
0.0503628 0.0552854 0.219 3
0.0515503 0.0556496 0.2195 3
0.0527402 0.0562371 0.219 3
-0.0252389 0.0576645 0.219 3
-0.024143 0.0576205 0.219471 3
-0.0220105 0.0576888 0.22 3
-0.0198611 0.0576888 0.22 3
-0.0179505 0.0576888 0.22 3
0.0516533 0.0571207 0.219 3
0.0527402 0.0567129 0.219 3
-0.0252389 0.0598056 0.219 3
-0.0240985 0.0598326 0.219789 3
-0.0220105 0.0598397 0.22 3
-0.019816 0.0594642 0.2195 3
-0.0179505 0.0591228 0.22 3
-0.0255085 0.0621758 0.219571 3
-0.0245183 0.0617517 0.22 3
-0.0254766 0.0640879 0.219 3
-0.02416 0.0650975 0.22 3
-0.0218636 0.0646563 0.22 3
-0.0203387 0.0641416 0.22 3
-0.0254766 0.0652774 0.219 3
-0.0239796 0.0660084 0.219286 3
-0.0220195 0.06629 0.219478 3
-0.0203388 0.0662925 0.22 3
-0.0233369 0.0678944 0.219 3
-0.0219608 0.0683209 0.219778 3
-0.0201477 0.0683478 0.22 3
-0.0184282 0.0689214 0.22 3
-0.0220041 0.0702241 0.219727 3
-0.0200203 0.069957 0.22 3
-0.022386 0.071463 0.219 3
-0.0105948 0.017618 0.221 3
-0.00946425 0.0180402 0.221091 3
-0.00775077 0.0184212 0.222 3
-0.00868859 0.0193269 0.221333 3
-0.00792874 0.0191576 0.2216 3
0.019964 0.0205917 0.222 3
0.0220831 0.020063 0.2215 3
0.0241135 0.0199758 0.2216 3
0.0261118 0.020499 0.221 3
0.0287508 0.020499 0.221 3
0.0301903 0.020499 0.221 3
-0.00124383 0.0215564 0.222 3
0.00140714 0.0215563 0.222 3
0.00308983 0.0215321 0.22175 3
0.0052394 0.0214592 0.221 3
0.00742426 0.0220133 0.22175 3
0.00887807 0.022521 0.222 3
-0.0235501 0.0308223 0.221 3
-0.0227856 0.0309709 0.221571 3
-0.0238202 0.0327374 0.221462 3
-0.0226578 0.0318785 0.221667 3
-0.0254694 0.0349036 0.221 3
-0.0244005 0.0345467 0.221571 3
-0.0259684 0.0368523 0.221167 3
-0.02457 0.0367951 0.221857 3
0.013698 0.0374731 0.222 3
0.0520167 0.0360261 0.222 3
0.053638 0.0365304 0.222 3
0.0549086 0.0377143 0.222 3
-0.0259876 0.0388033 0.221333 3
-0.0251026 0.0389201 0.222 3
0.00984208 0.0394024 0.222 3
0.0117098 0.0390407 0.222 3
0.0136664 0.038832 0.2215 3
0.0153157 0.0387448 0.221 3
0.0543041 0.0388325 0.2215 3
0.0547849 0.0388325 0.2215 3
-0.0254694 0.0401853 0.221 3
-0.0243064 0.0407261 0.221333 3
-0.0221897 0.0412946 0.2218 3
-0.0200417 0.0413318 0.222 3
-0.0178392 0.0412573 0.2216 3
-0.0156329 0.0418658 0.221 3
-0.0137137 0.0418658 0.221 3
-0.0117944 0.0418658 0.221 3
-0.00509979 0.0413318 0.222 3
-0.00317181 0.0413318 0.222 3
-0.0010028 0.0412946 0.2218 3
0.000920982 0.0411456 0.221 3
0.0033201 0.0411456 0.221 3
0.0052394 0.0411456 0.221 3
0.00739861 0.0411456 0.221 3
0.00918608 0.0406266 0.221667 3
0.0112372 0.0401853 0.221 3
0.0136363 0.0401853 0.221 3
0.0536547 0.0409899 0.2212 3
0.0549086 0.0403671 0.222 3
-0.015393 0.042346 0.221 3
-0.0137137 0.042346 0.221 3
-0.0117944 0.042346 0.221 3
0.0534617 0.042346 0.221 3
0.0533178 0.0472436 0.221 3
0.0532217 0.0496185 0.221667 3
-0.0168325 0.051709 0.221 3
-0.0158804 0.0519752 0.221111 3
-0.0144987 0.0521842 0.222 3
0.0521423 0.0520691 0.221 3
0.0531414 0.050898 0.222 3
-0.0170724 0.0537097 0.221 3
-0.0156675 0.0536309 0.2215 3
-0.0144987 0.05339 0.222 3
0.0520223 0.0531495 0.221 3
0.0532217 0.0543547 0.222 3
-0.0168325 0.0555503 0.221 3
-0.01592 0.0557178 0.221667 3
0.0535228 0.0556125 0.22125 3
0.0551496 0.0553193 0.222 3
-0.0168325 0.057711 0.221 3
-0.0161673 0.0575099 0.221286 3
-0.0239099 0.0625125 0.221 3
-0.0225904 0.0622725 0.221 3
-0.0254694 0.0634728 0.221 3
-0.0242973 0.0642651 0.22125 3
-0.0222705 0.0638729 0.221 3
-0.0194716 0.0646732 0.221 3
-0.0178996 0.0641513 0.221294 3
-0.0159133 0.0641142 0.221556 3
-0.0194716 0.0661137 0.221 3
-0.0177807 0.0661515 0.221652 3
-0.0159447 0.0661717 0.222 3
-0.0194716 0.0680343 0.221 3
-0.0179249 0.0680828 0.221333 3
-0.0164267 0.0678598 0.222 3
-0.00660475 0.0185872 0.224 3
0.0220388 0.0185457 0.2235 3
0.0234431 0.0185042 0.223 3
0.0284116 0.0185872 0.224 3
0.0298706 0.0185872 0.224 3
-0.00698029 0.0196225 0.2236 3
-0.00320039 0.0205339 0.224 3
-0.000817299 0.020272 0.2238 3
0.00117315 0.0206343 0.223333 3
0.00325676 0.0205083 0.2232 3
0.00529867 0.0202442 0.2235 3
0.00719472 0.0203021 0.2236 3
0.0094444 0.0205339 0.224 3
0.0113898 0.0205339 0.224 3
0.0135783 0.0205339 0.224 3
0.0155236 0.0205339 0.224 3
0.0184416 0.0205339 0.224 3
0.0199678 0.0198457 0.223556 3
0.0220388 0.0190313 0.2235 3
0.0242903 0.0193521 0.223 3
0.0263481 0.0197155 0.223 3
0.028327 0.0195016 0.223333 3
0.0302063 0.0196225 0.2236 3
0.0318159 0.0198038 0.224 3
-0.00295116 0.021337 0.2235 3
-0.00125504 0.0210205 0.224 3
0.00117665 0.0210205 0.224 3
0.00798538 0.0210205 0.224 3
0.00941629 0.0214425 0.223333 3
0.0113898 0.0215072 0.224 3
0.013254 0.021345 0.224 3
0.0156626 0.0214377 0.224 3
0.0184416 0.0210205 0.224 3
0.018928 0.0210205 0.224 3
-0.0218584 0.0309051 0.223333 3
-0.0209517 0.0309974 0.224 3
-0.0221412 0.0326434 0.223333 3
-0.0209517 0.0319706 0.224 3
-0.0235211 0.0349772 0.223 3
-0.0223128 0.0345409 0.223833 3
-0.0235475 0.0367149 0.22325 3
-0.0226539 0.0365941 0.224 3
0.0070127 0.0375674 0.224 3
0.055037 0.0367541 0.2235 3
-0.0239866 0.0390182 0.223333 3
-0.0224107 0.0391491 0.224 3
0.00604003 0.0395141 0.224 3
0.00749013 0.0389831 0.22375 3
0.00924085 0.0389339 0.223 3
0.0108547 0.038611 0.223 3
0.0558822 0.0386109 0.223 3
-0.0235211 0.040549 0.223 3
-0.0221016 0.0403662 0.223333 3
-0.0199438 0.0406581 0.2236 3
-0.0177905 0.0407308 0.224 3
-0.0157744 0.041518 0.223 3
-0.0135957 0.041518 0.223 3
-0.0112717 0.0413241 0.223 3
-0.00962551 0.0413241 0.223 3
-0.00710244 0.0412931 0.223286 3
-0.00514574 0.0407308 0.224 3
-0.00320039 0.0407308 0.224 3
-0.00101183 0.0406944 0.2238 3
0.0011714 0.0405489 0.223 3
0.00310807 0.040549 0.223 3
0.00541235 0.0404576 0.223167 3
0.00737499 0.0404393 0.2232 3
0.0556453 0.0408997 0.2236 3
0.0549139 0.0429715 0.223 3
0.0551601 0.0446241 0.224 3
0.0544306 0.0480309 0.224 3
0.054917 0.0477876 0.224 3
0.0544306 0.0492476 0.224 3
0.054917 0.0492476 0.224 3
-0.0138378 0.0524192 0.223 3
0.0537729 0.0520009 0.223286 3
0.054917 0.0519243 0.224 3
-0.0138378 0.0533882 0.223 3
0.0538357 0.0534311 0.223182 3
0.0552029 0.0537829 0.223545 3
-0.0151157 0.0558177 0.224 3
-0.0146293 0.0558177 0.224 3
0.0541877 0.0548417 0.223 3
0.055156 0.0548417 0.223 3
-0.0157745 0.0582332 0.223 3
-0.0157745 0.0592022 0.223 3
0.00805668 0.0167891 0.226 3
0.00948655 0.0167148 0.225 3
0.0114914 0.0167891 0.226 3
0.0129634 0.0167891 0.226 3
-0.00516872 0.0186702 0.225 3
-0.00321468 0.0186702 0.225 3
-0.000737237 0.0184607 0.225 3
0.00118666 0.0182419 0.22575 3
0.00314326 0.0182281 0.225583 3
0.00508998 0.0181813 0.225 3
0.00737867 0.0180753 0.225118 3
0.00948655 0.0179369 0.225 3
0.0114787 0.0179959 0.22575 3
0.013298 0.0182175 0.226 3
0.0151715 0.0187531 0.226 3
0.0207223 0.0186702 0.225 3
0.0246303 0.0186702 0.225 3
0.0261732 0.0182345 0.225667 3
0.0280793 0.0180892 0.225889 3
0.0301911 0.0183434 0.2255 3
0.031958 0.0186702 0.225 3
-0.00516871 0.0196478 0.225 3
-0.00321468 0.0196478 0.225 3
-0.0011052 0.019559 0.225 3
0.00118349 0.0196691 0.22525 3
0.00299046 0.0196075 0.2251 3
0.00508997 0.019159 0.225 3
0.00761394 0.0194849 0.225 3
0.00948655 0.0196478 0.225 3
0.0114406 0.0196478 0.225 3
0.0136591 0.0196762 0.225333 3
0.0158586 0.0199185 0.2253 3
0.0177671 0.0201405 0.225545 3
0.0198674 0.0195256 0.225 3
0.0246303 0.019159 0.225 3
0.0260959 0.019159 0.225 3
0.0273171 0.019159 0.225 3
0.030981 0.019159 0.225 3
0.0326093 0.0196478 0.225 3
0.0165699 0.0211144 0.225 3
0.017547 0.0211144 0.225 3
-0.0200154 0.0311 0.225333 3
-0.0212895 0.0330911 0.225 3
-0.0199564 0.0323907 0.225714 3
-0.0214117 0.0348021 0.225 3
-0.0204027 0.0347112 0.226 3
0.0539353 0.0354478 0.226 3
0.0554073 0.0354478 0.226 3
-0.0217404 0.0368591 0.22525 3
-0.020321 0.0367571 0.226 3
0.0051126 0.0371663 0.226 3
0.0539353 0.0359388 0.226 3
0.0561172 0.0367119 0.225273 3
-0.0216609 0.0386636 0.225154 3
-0.0200626 0.0388805 0.225625 3
-0.0179287 0.0398228 0.22575 3
-0.00666372 0.0398669 0.226 3
-0.00519168 0.0398669 0.226 3
-0.00322896 0.0398669 0.226 3
-0.00101949 0.0397611 0.2254 3
0.00133226 0.0393544 0.2256 3
0.00314523 0.0393171 0.225667 3
0.00514373 0.0388215 0.225471 3
0.00632527 0.0385528 0.2255 3
0.0575803 0.0390252 0.226 3
-0.0210453 0.0401794 0.225 3
-0.0198239 0.0401794 0.225 3
-0.0179287 0.0403133 0.22575 3
-0.0159159 0.0409127 0.225 3
-0.0137176 0.0409127 0.225 3
-0.0117636 0.0409127 0.225 3
-0.00932104 0.0409127 0.225 3
-0.00755756 0.040774 0.22525 3
-0.00519168 0.0403579 0.226 3
-0.00322896 0.0403579 0.226 3
-0.00101949 0.0402508 0.2254 3
0.00118191 0.0401794 0.225 3
0.00313594 0.0401794 0.225 3
0.00484572 0.0401794 0.225 3
0.0563834 0.0416459 0.225 3
0.05737 0.0403579 0.226 3
0.0562206 0.0429495 0.225 3
0.0551621 0.0458011 0.225 3
0.0558163 0.0475721 0.225667 3
0.0552242 0.0512361 0.22525 3
0.0561434 0.0531244 0.226 3
0.0571247 0.0533699 0.226 3
-0.0139931 0.0554573 0.2255 3
-0.0151831 0.0580222 0.225 3
-0.0144711 0.05819 0.225333 3
-0.0150053 0.0597532 0.226 3
-0.0135612 0.0599884 0.225556 3
0.0140065 0.0161236 0.227 3
0.0150583 0.0161946 0.228 3
0.0140065 0.0176031 0.227 3
0.0155379 0.0180226 0.227533 3
0.0179494 0.0188361 0.227 3
0.0200686 0.0185402 0.227 3
0.0219171 0.0181162 0.22725 3
0.0241724 0.0181441 0.2276 3
0.0305171 0.0180963 0.227 3
0.0320903 0.0181495 0.227667 3
0.0162244 0.0193293 0.227 3
0.0179494 0.0193293 0.227 3
0.0196743 0.0193293 0.227 3
-0.0186032 0.0313032 0.228 3
-0.0195074 0.0331387 0.227 3
-0.0186032 0.0325416 0.228 3
-0.0195074 0.0346182 0.227 3
-0.0186032 0.0342754 0.228 3
0.0519561 0.0356046 0.227 3
0.0529418 0.0356046 0.227 3
0.0557599 0.0350835 0.227889 3
0.0571344 0.0351356 0.2278 3
-0.0195088 0.0368022 0.227429 3
-0.000534916 0.0374952 0.228 3
0.00134067 0.0371664 0.2272 3
0.00316382 0.0368376 0.227 3
0.00439594 0.0368376 0.227 3
0.0519561 0.0360978 0.227 3
0.0529418 0.0360978 0.227 3
0.0566382 0.0360978 0.227 3
0.0578958 0.0366036 0.227364 3
-0.0192609 0.0388104 0.227 3
-0.018246 0.0390887 0.227667 3
-0.0148906 0.0394767 0.228 3
-0.0143955 0.0394767 0.228 3
-0.0067227 0.0394767 0.228 3
-0.00523763 0.0394767 0.228 3
-0.00325754 0.0394767 0.228 3
-0.00102697 0.0388441 0.2272 3
0.00104456 0.0385145 0.227 3
0.00316382 0.0383172 0.227 3
0.00439594 0.0383172 0.227 3
0.0578703 0.0380706 0.227 3
-0.015811 0.0402899 0.227 3
-0.0135932 0.0402899 0.227 3
-0.0116217 0.0402899 0.227 3
-0.00940389 0.0402899 0.227 3
-0.00767891 0.0402899 0.227 3
0.0576239 0.0412763 0.227 3
0.0574596 0.0429203 0.227 3
0.056515 0.0455917 0.227 3
0.0576302 0.0444303 0.228 3
0.0563917 0.046948 0.227 3
0.0576302 0.0481455 0.228 3
0.0563927 0.0496316 0.228 3
0.0571847 0.0492353 0.228 3
0.0563919 0.0512775 0.227143 3
0.0568877 0.0506224 0.228 3
0.0576302 0.0528515 0.228 3
-0.01368 0.0579417 0.227286 3
-0.0114254 0.0583005 0.228 3
-0.0131003 0.0592778 0.227 3
-0.0119981 0.0595818 0.2276 3
0.0161891 0.015837 0.23 3
0.0161187 0.0172607 0.229 3
0.0177826 0.017847 0.229444 3
0.020119 0.0180258 0.22925 3
0.0221565 0.0173172 0.22975 3
0.0241264 0.0172984 0.2295 3
0.0260626 0.0172607 0.229 3
0.0280828 0.0172795 0.22925 3
0.0332719 0.0182558 0.229 3
0.0337691 0.0182558 0.229 3
0.0332719 0.0192509 0.229 3
0.0343668 0.0193069 0.229667 3
-0.0176904 0.0314405 0.229 3
-0.0177097 0.0327208 0.22925 3
-0.0189334 0.0354208 0.229 3
-0.017842 0.034892 0.229889 3
-0.00278675 0.0355754 0.23 3
0.0523931 0.0353255 0.23 3
0.0534657 0.0352104 0.22925 3
0.0555196 0.0347491 0.2295 3
0.0577841 0.0346645 0.2296 3
-0.0189334 0.0366646 0.229 3
-0.0179905 0.0367714 0.229667 3
-0.0029865 0.0369746 0.23 3
-0.00178024 0.0369134 0.229 3
0.0594872 0.0366482 0.229571 3
-0.0189334 0.0379084 0.229 3
-0.0175145 0.0386929 0.229364 3
-0.0158474 0.0391777 0.229571 3
-0.0137287 0.0394433 0.22925 3
-0.0117241 0.0396499 0.229 3
-0.00948674 0.0396499 0.229 3
-0.00743621 0.039099 0.229667 3
-0.00528357 0.0388236 0.23 3
-0.00328208 0.0385174 0.229667 3
-0.00178024 0.0379084 0.229 3
0.059126 0.0389035 0.229 3
0.0586288 0.0411424 0.229 3
0.0594617 0.0412856 0.229333 3
0.0586288 0.0436301 0.229 3
0.0596324 0.0428311 0.229833 3
0.057883 0.0456202 0.229 3
0.0591345 0.04482 0.23 3
0.057883 0.0471129 0.229 3
0.057883 0.0496005 0.229 3
0.0581357 0.0513163 0.23 3
0.0581357 0.0525655 0.23 3
0.0596339 0.0533151 0.23 3
-0.0132734 0.0558137 0.23 3
-0.0125244 0.0558136 0.23 3
-0.0132157 0.0573124 0.229 3
-0.0121241 0.0578392 0.229778 3
-0.0122213 0.058805 0.229 3
0.0178037 0.0164432 0.2315 3
0.0199414 0.0162966 0.233 3
0.0238855 0.0164787 0.232 3
0.0260119 0.0162966 0.233 3
0.0411883 0.0162966 0.233 3
0.0198273 0.0172086 0.231667 3
0.026012 0.0168028 0.233 3
0.030367 0.0174491 0.2315 3
0.0325195 0.0175245 0.2325 3
0.034967 0.0184949 0.232 3
0.0366354 0.0185746 0.233 3
0.0388503 0.0181303 0.232909 3
0.0409414 0.0176185 0.2325 3
0.0431513 0.0175665 0.2324 3
0.0447111 0.0177571 0.23225 3
-0.0170926 0.0324679 0.231 3
-0.0162492 0.0327902 0.2315 3
0.0503301 0.0333645 0.232 3
0.0514858 0.0334604 0.232667 3
0.0533975 0.0333933 0.2322 3
0.055619 0.0333645 0.232 3
0.0576338 0.0333645 0.232 3
0.0596487 0.0333645 0.232 3
0.0614235 0.0335083 0.233 3
-0.0171296 0.0345511 0.2315 3
-0.0161701 0.0346506 0.232167 3
-0.007376 0.0352801 0.233 3
-0.00532952 0.0351287 0.232 3
0.0503301 0.0338686 0.232 3
0.0515738 0.0343056 0.231556 3
0.0533825 0.0342533 0.231462 3
0.0554592 0.0342732 0.231333 3
0.057969 0.0340709 0.231667 3
0.05976 0.0344624 0.231308 3
0.061419 0.0346739 0.232571 3
-0.0171518 0.0368602 0.2318 3
-0.0159357 0.036936 0.232647 3
-0.00889364 0.0367988 0.233 3
-0.00729917 0.036832 0.232333 3
-0.00532076 0.0368282 0.2316 3
-0.00380194 0.0364829 0.231 3
0.0603111 0.0366502 0.231 3
0.0616719 0.036735 0.2326 3
-0.0170926 0.0382395 0.231 3
-0.0157892 0.0381654 0.231857 3
-0.0136325 0.0385089 0.231875 3
-0.0115079 0.0386924 0.231889 3
-0.00934962 0.0386138 0.23175 3
-0.00750242 0.0381819 0.231667 3
-0.00530654 0.0382395 0.231 3
0.0603947 0.0389923 0.231 3
0.0614509 0.0387741 0.2312 3
0.0603946 0.0407489 0.231 3
0.0613977 0.0417527 0.231 3
0.0603947 0.0437602 0.231 3
0.0613977 0.0422546 0.231 3
0.0598931 0.0450149 0.231 3
0.059563 0.0469072 0.231667 3
0.0599058 0.0497076 0.233 3
0.0598345 0.0516554 0.232455 3
0.0611705 0.0522387 0.233 3
0.0600281 0.0528961 0.232 3
0.0611705 0.0529981 0.233 3
-0.0115874 0.0559918 0.23125 3
-0.0111734 0.057477 0.231333 3
0.0220592 0.0163666 0.234 3
0.0281558 0.0163666 0.234 3
0.0298068 0.0164365 0.235 3
0.0374601 0.0164365 0.235 3
0.0389908 0.0164365 0.235 3
0.0405214 0.0164365 0.235 3
0.042951 0.0158804 0.234333 3
0.0450907 0.0161971 0.234 3
0.0471543 0.0161812 0.235 3
0.0484298 0.0161812 0.235 3
0.0220592 0.016875 0.234 3
0.0281558 0.016875 0.234 3
0.0295517 0.0169471 0.235 3
0.0347604 0.0176376 0.234 3
0.0369261 0.0174995 0.2342 3
0.0386538 0.0172923 0.2345 3
0.0405214 0.0169471 0.235 3
0.0423812 0.016875 0.234 3
0.0456835 0.0171292 0.234 3
0.0474094 0.0172024 0.235 3
0.04894 0.0172024 0.235 3
0.0619507 0.0271585 0.235 3
0.0606751 0.0286902 0.235 3
0.0618918 0.0285724 0.235 3
0.0632262 0.0289455 0.235 3
0.0604169 0.0303476 0.234 3
0.0618197 0.0304119 0.2345 3
0.0632262 0.0304772 0.235 3
-0.0150284 0.0331437 0.234 3
-0.0130517 0.0332854 0.235 3
0.0539649 0.0329832 0.234667 3
0.0559342 0.0327978 0.2348 3
0.0577452 0.0326194 0.2345 3
0.0596863 0.0323981 0.234125 3
0.0617204 0.0323981 0.234125 3
0.0634813 0.0320089 0.235 3
-0.0150284 0.0346689 0.234 3
-0.013532 0.0347425 0.2345 3
-0.0116044 0.0350629 0.2346 3
-0.00943985 0.0349231 0.234 3
0.0623475 0.0345672 0.234 3
0.0634813 0.0340513 0.235 3
-0.0150284 0.0364483 0.234 3
-0.013454 0.0368324 0.234111 3
-0.0115456 0.0368671 0.234333 3
-0.00994789 0.0369567 0.234 3
0.0621951 0.0407697 0.234 3
0.061179 0.0455995 0.234 3
0.061179 0.0476331 0.234 3
0.0601629 0.0486499 0.234 3
0.0614405 0.0514107 0.235 3
0.0436964 0.0145167 0.237 3
0.0450865 0.0144677 0.2362 3
0.0472983 0.0145167 0.237 3
0.0485847 0.0145167 0.237 3
0.0200265 0.0158041 0.237 3
0.0210556 0.0158041 0.237 3
0.0310245 0.0165415 0.2365 3
0.0325981 0.0165589 0.23675 3
0.0345451 0.0165065 0.236 3
0.0367842 0.0160382 0.236667 3
0.038808 0.0158041 0.237 3
0.0410528 0.0157774 0.2366 3
0.0436964 0.0150316 0.237 3
0.0451127 0.0153469 0.236091 3
0.0471649 0.0152457 0.236333 3
0.0494706 0.0156495 0.236625 3
0.0515907 0.0157782 0.236625 3
0.053576 0.016113 0.237 3
0.0557886 0.016319 0.237 3
0.0578468 0.0159757 0.237 3
0.0599051 0.015804 0.237 3
0.0617918 0.0159757 0.237 3
0.0307463 0.0170432 0.236333 3
0.032598 0.0170733 0.23675 3
0.0345451 0.0170192 0.236 3
0.0363385 0.0170192 0.236 3
0.0501731 0.0172755 0.236 3
0.0514541 0.0172755 0.236 3
0.052735 0.0172755 0.236 3
0.0582006 0.017361 0.236 3
0.0598424 0.0178454 0.23675 3
0.0619633 0.0178637 0.237 3
0.0635071 0.0178637 0.237 3
0.0604196 0.0194084 0.237 3
0.0619634 0.0199233 0.237 3
0.0640216 0.0199233 0.237 3
0.0623469 0.0218311 0.23675 3
0.0642319 0.0219894 0.236286 3
0.0659869 0.0217798 0.236667 3
0.0673663 0.0214682 0.237 3
0.0621145 0.0240017 0.2366 3
0.0640077 0.0239413 0.236 3
0.0625099 0.0260908 0.236 3
0.0640077 0.0262486 0.236 3
0.065308 0.0268747 0.237 3
0.0629829 0.0280432 0.236 3
0.064076 0.0283293 0.23625 3
0.065308 0.0279046 0.237 3
0.0601647 0.0311197 0.236 3
0.0640077 0.030607 0.236 3
0.0501731 0.033427 0.236 3
0.0506855 0.033427 0.236 3
0.0534731 0.0333112 0.237 3
0.0560656 0.0321452 0.236 3
0.0640216 0.0333112 0.237 3
0.0627267 0.0416309 0.236 3
0.0627267 0.0421437 0.236 3
0.0620435 0.0497494 0.236 3
0.0627267 0.0513731 0.236 3
0.0346949 0.014627 0.2388 3
0.0369048 0.014578 0.238 3
0.038861 0.0141348 0.238 3
0.0409517 0.0146392 0.239 3
0.0429066 0.0145984 0.238333 3
0.0456218 0.0138603 0.239 3
0.047438 0.0138604 0.239 3
0.0492709 0.0140996 0.238667 3
0.0515893 0.0143796 0.239 3
0.0536649 0.0143796 0.239 3
0.0552216 0.0143796 0.239 3
0.0598995 0.0143194 0.238 3
0.0614497 0.0143194 0.238 3
0.0186388 0.0159374 0.239 3
0.0191577 0.0159374 0.239 3
0.0219195 0.0158707 0.238 3
0.0242449 0.0158707 0.238 3
0.0260534 0.0158707 0.238 3
0.0281507 0.0158874 0.23825 3
0.0302507 0.015904 0.2385 3
0.0323898 0.0159374 0.239 3
0.0346559 0.0156469 0.238533 3
0.0366464 0.0153536 0.238 3
0.0387134 0.0150951 0.238 3
0.0409517 0.0151585 0.239 3
0.0429066 0.0151162 0.238333 3
0.0539571 0.0153536 0.238 3
0.0555073 0.0153536 0.238 3
0.0570574 0.0153536 0.238 3
0.058866 0.0153536 0.238 3
0.0627415 0.0153536 0.238 3
0.0642198 0.0159538 0.238143 3
0.0659629 0.0158336 0.239 3
0.0648085 0.017939 0.238 3
0.0661186 0.0180144 0.239 3
0.0604162 0.0205246 0.238 3
0.060933 0.0205246 0.238 3
0.0662879 0.020093 0.238143 3
0.0681672 0.0205245 0.238 3
0.0604162 0.0220757 0.238 3
0.0613205 0.0223343 0.238 3
0.0606701 0.0237264 0.239 3
0.061189 0.0237264 0.239 3
0.0655997 0.0291786 0.239 3
0.0578326 0.0308664 0.238 3
0.058866 0.0306078 0.238 3
0.0655997 0.0304767 0.239 3
0.0523676 0.0333327 0.239 3
0.0529236 0.0331932 0.238 3
0.0580393 0.0319522 0.238 3
0.058866 0.032159 0.238 3
0.0655997 0.0317749 0.239 3
0.0521081 0.0338519 0.239 3
0.0529236 0.0337103 0.238 3
0.0645619 0.0354097 0.239 3
0.0645619 0.0364483 0.239 3
0.0622248 0.0474132 0.238 3
0.0642159 0.0557475 0.239 3
0.0522826 0.0118819 0.241 3
0.0528058 0.0118819 0.241 3
0.0346806 0.0139473 0.2405 3
0.0365202 0.0135707 0.24 3
0.0382571 0.0139183 0.24 3
0.0410937 0.0135886 0.240333 3
0.042991 0.0134103 0.24025 3
0.0446028 0.0134237 0.2405 3
0.0500854 0.0134237 0.2405 3
0.0513721 0.0132538 0.240692 3
0.0531305 0.0133374 0.2405 3
0.0562342 0.014179 0.24 3
0.0575369 0.014179 0.24 3
0.0591002 0.014179 0.24 3
0.0611845 0.0133969 0.24 3
0.0640504 0.014179 0.24 3
0.0665336 0.0138159 0.2405 3
0.0678457 0.0137047 0.240833 3
0.0228854 0.0160041 0.24 3
0.0234064 0.0160041 0.24 3
0.032592 0.0149924 0.2405 3
0.0562342 0.0147005 0.24 3
0.0575369 0.0147005 0.24 3
0.0591002 0.0147005 0.24 3
0.0640504 0.0147005 0.24 3
0.066786 0.0153523 0.24 3
0.0679999 0.0155716 0.240375 3
0.0671768 0.0180898 0.24 3
0.0680295 0.0181081 0.24025 3
0.0679584 0.0196541 0.24 3
0.0669335 0.0286373 0.241 3
0.0674567 0.0286373 0.241 3
0.0603929 0.0307318 0.241 3
0.0614394 0.0307318 0.241 3
0.0669335 0.0302082 0.241 3
0.0674567 0.0302082 0.241 3
0.0522826 0.033088 0.241 3
0.0535907 0.033088 0.241 3
0.0555671 0.0327581 0.2405 3
0.0603929 0.031779 0.241 3
0.0661487 0.0328262 0.241 3
0.0522826 0.0336116 0.241 3
0.0661487 0.034397 0.241 3
0.0648405 0.0380623 0.241 3
0.0653637 0.0380623 0.241 3
0.0639227 0.0494777 0.2405 3
0.0637899 0.0538081 0.24 3
0.0669335 0.0545559 0.241 3
0.0677183 0.0545559 0.241 3
0.0637898 0.054851 0.24 3
0.0664524 0.0559937 0.240636 3
0.0677154 0.0557192 0.240857 3
0.0662389 0.057406 0.24 3
0.0676979 0.0569367 0.24 3
0.0499775 0.0119838 0.242 3
0.0514487 0.0119312 0.242 3
0.0540354 0.0119805 0.243 3
0.0669614 0.0122445 0.243 3
0.0682804 0.0122445 0.243 3
0.0325596 0.0140459 0.2422 3
0.0391013 0.0129827 0.242 3
0.0406776 0.0129828 0.242 3
0.0459318 0.0129828 0.242 3
0.0473111 0.0130006 0.242333 3
0.0492384 0.0130006 0.242333 3
0.0537255 0.0128951 0.242 3
0.0552842 0.0133508 0.242 3
0.057491 0.0135085 0.242 3
0.0597147 0.0135364 0.2425 3
0.0616944 0.0135085 0.242 3
0.063796 0.0135085 0.242 3
0.0658245 0.0134033 0.242143 3
0.0684494 0.0130178 0.242667 3
0.0698631 0.0138283 0.243 3
0.0202697 0.0151482 0.243 3
0.0218525 0.0151482 0.243 3
0.0242058 0.0151357 0.2428 3
0.0264913 0.0150859 0.242 3
0.028593 0.0150859 0.242 3
0.0306947 0.0150859 0.242 3
0.0687875 0.0164003 0.242 3
0.0698631 0.0148842 0.243 3
0.0687875 0.0169261 0.242 3
0.0688079 0.028875 0.243 3
0.0686664 0.0303973 0.2425 3
0.0698631 0.0299309 0.243 3
0.0503978 0.0332253 0.242 3
0.0517209 0.0328512 0.242571 3
0.0535078 0.0325707 0.243 3
0.0681409 0.0325036 0.2425 3
0.0503978 0.0337511 0.242 3
0.0514487 0.0337511 0.242 3
0.0676133 0.0346122 0.2425 3
0.0664231 0.0366429 0.242 3
0.0677528 0.0367943 0.243 3
0.0660728 0.0389213 0.242 3
0.0677528 0.0389061 0.243 3
0.0660519 0.0409443 0.242563 3
0.0677528 0.0404899 0.243 3
0.0657454 0.0429004 0.2426 3
0.06441 0.0453814 0.242333 3
0.0656424 0.0444496 0.243 3
0.0645207 0.0473038 0.24275 3
0.0656424 0.0481453 0.243 3
0.0643214 0.0484729 0.242 3
0.0656424 0.0492012 0.243 3
0.0682804 0.0542167 0.243 3
0.0688424 0.0102161 0.245 3
0.0700202 0.00975982 0.245 3
0.0560237 0.0116764 0.244 3
0.0577372 0.0121122 0.2446 3
0.0597995 0.0123452 0.245 3
0.0620395 0.012315 0.2444 3
0.0640584 0.0122949 0.244 3
0.0663136 0.0119208 0.2445 3
0.0683044 0.0113683 0.2446 3
0.0701166 0.0114565 0.244636 3
0.0225643 0.0142082 0.245 3
0.0494268 0.0131436 0.245 3
0.0563769 0.012825 0.244 3
0.0577808 0.0128425 0.244333 3
0.0597995 0.0128775 0.245 3
0.0620395 0.012846 0.2444 3
0.0640584 0.012825 0.244 3
0.0659125 0.012825 0.244 3
0.0701506 0.012825 0.244 3
0.018234 0.0162708 0.244 3
0.0192936 0.0152106 0.244 3
0.0702465 0.0160283 0.244333 3
0.0704381 0.0176682 0.245 3
0.0701506 0.0289938 0.244 3
0.0703677 0.0310866 0.2442 3
0.071768 0.0309757 0.245 3
0.0512886 0.0328388 0.245 3
0.055677 0.0327057 0.245 3
0.0582924 0.0323952 0.245 3
0.070464 0.03255 0.244167 3
0.0716215 0.0322405 0.2445 3
0.0688262 0.0348252 0.244 3
0.0702233 0.0347278 0.24425 3
0.071768 0.0344356 0.245 3
0.0688262 0.0369457 0.244 3
0.0702145 0.0368764 0.244059 3
0.0715336 0.0367099 0.2442 3
0.0688262 0.0390662 0.244 3
0.0698857 0.0390662 0.244 3
0.0683721 0.0413761 0.244 3
0.0700135 0.0409967 0.244444 3
0.0667072 0.0433073 0.244 3
0.0682581 0.0430564 0.244333 3
0.0696402 0.0429525 0.245 3
0.0663099 0.0451627 0.244 3
0.0679526 0.0450203 0.244667 3
0.066223 0.0470506 0.244167 3
0.0679985 0.0471791 0.244833 3
0.0668439 0.0492382 0.2445 3
0.068157 0.0493869 0.244857 3
0.0699062 0.0498722 0.245 3
0.0663575 0.0513991 0.244667 3
0.0682415 0.0514167 0.24475 3
0.0699062 0.0509369 0.245 3
0.0665816 0.0537314 0.245 3
0.0684752 0.0533045 0.244875 3
0.0660026 0.0553098 0.244333 3
0.0677667 0.0547049 0.244 3
0.0618965 0.00788455 0.247 3
0.0632371 0.00788455 0.247 3
0.0587083 0.00999054 0.246 3
0.0600786 0.00959368 0.2468 3
0.0618965 0.00949447 0.247 3
0.0640415 0.00949447 0.247 3
0.0659986 0.00981229 0.2469 3
0.0679797 0.00995801 0.246143 3
0.0693904 0.00945604 0.246 3
0.0717939 0.0102578 0.246 3
0.0227484 0.0121777 0.247 3
0.0582505 0.011174 0.246 3
0.059981 0.0113981 0.2464 3
0.062009 0.0113437 0.246385 3
0.0640462 0.0112908 0.2464 3
0.0658385 0.0112864 0.2463 3
0.0677881 0.0107922 0.246 3
0.0717938 0.0115939 0.246 3
0.0200671 0.0143243 0.247 3
0.0221683 0.0137587 0.2465 3
0.0243091 0.0142953 0.2465 3
0.0259661 0.0143243 0.247 3
0.0307291 0.0142953 0.2465 3
0.0326247 0.0132331 0.246667 3
0.0381453 0.0131973 0.246 3
0.0717938 0.0137318 0.246 3
0.017922 0.0153976 0.247 3
0.0718668 0.0158866 0.24625 3
0.0720856 0.0172758 0.247 3
0.0688681 0.028277 0.247 3
0.0497621 0.0327055 0.246 3
0.0513377 0.0321176 0.246 3
0.0536343 0.0319038 0.246 3
0.0556548 0.0319903 0.246667 3
0.0572041 0.032436 0.247 3
0.071832 0.0411044 0.246 3
0.0707256 0.0431277 0.246 3
0.0720856 0.0427664 0.247 3
0.0702385 0.0452295 0.246429 3
0.0718175 0.0457179 0.247 3
0.0702828 0.0472758 0.246111 3
0.0715849 0.0471737 0.2462 3
0.0703518 0.0492207 0.246 3
0.0715268 0.0495414 0.246 3
0.0664528 0.0535499 0.246 3
0.0680552 0.0538172 0.246 3
0.0676583 0.0555343 0.2465 3
0.0731852 0.0103411 0.248 3
0.0742621 0.0103411 0.248 3
0.0731852 0.0116882 0.248 3
0.0743121 0.0116966 0.248167 3
0.0759131 0.0120058 0.249 3
0.0186077 0.0141698 0.249 3
0.0204999 0.0133583 0.249 3
0.0215226 0.0133225 0.248333 3
0.0240139 0.0133583 0.249 3
0.0268789 0.0143823 0.248 3
0.028225 0.0143823 0.248 3
0.0295711 0.0143823 0.248 3
0.0731852 0.0138435 0.248 3
0.0743885 0.0137147 0.2486 3
0.0759131 0.0136288 0.249 3
0.0186077 0.0147108 0.249 3
0.0733819 0.0157723 0.248667 3
0.0739218 0.0157723 0.248667 3
0.0634789 0.025801 0.249 3
0.0686147 0.026883 0.249 3
0.0683392 0.0275833 0.248 3
0.0705069 0.028506 0.249 3
0.047801 0.0312109 0.249 3
0.0494229 0.0312109 0.249 3
0.0513781 0.0310856 0.248 3
0.0537478 0.0312109 0.249 3
0.0557969 0.0311483 0.2485 3
0.0578024 0.0312109 0.249 3
0.0591539 0.0312109 0.249 3
0.0723775 0.0305468 0.248 3
0.0492244 0.0321632 0.248 3
0.0578395 0.0321632 0.248 3
0.0590638 0.0322027 0.249 3
0.0723991 0.0439242 0.249 3
0.0728751 0.0453264 0.248778 3
0.0742912 0.0452766 0.249 3
0.07321 0.0466291 0.249 3
0.0206645 0.0121022 0.251 3
0.0212095 0.0121022 0.251 3
0.0250242 0.0121022 0.251 3
0.0255692 0.0121022 0.251 3
0.0307463 0.0121022 0.251 3
0.0318362 0.0121022 0.251 3
0.0200106 0.013302 0.251 3
0.0212095 0.0126476 0.251 3
0.0249577 0.0131572 0.250333 3
0.0262264 0.0133389 0.250333 3
0.0285372 0.0134521 0.25075 3
0.0306483 0.0132591 0.2502 3
0.0319085 0.0130298 0.2505 3
0.034561 0.0134655 0.251 3
0.0751324 0.0155846 0.25 3
0.0763704 0.0156168 0.2505 3
0.0729612 0.0183004 0.25 3
0.074388 0.0176917 0.2506 3
0.0757054 0.0172829 0.251 3
0.0722439 0.0194125 0.250333 3
0.0735255 0.0194643 0.251 3
0.0688903 0.0248183 0.25 3
0.0705283 0.0249176 0.251 3
0.0648194 0.026991 0.25 3
0.0688903 0.0259046 0.25 3
0.0703707 0.0264059 0.250714 3
0.0514547 0.0290076 0.251 3
0.0566318 0.0290076 0.251 3
0.0577217 0.0290076 0.251 3
0.0588116 0.0290076 0.251 3
0.0648194 0.0283489 0.25 3
0.0705226 0.027661 0.250333 3
0.0722439 0.0286586 0.250333 3
0.0735255 0.028735 0.251 3
0.0495473 0.030371 0.251 3
0.0513727 0.0301589 0.2506 3
0.0536346 0.030371 0.251 3
0.055855 0.0302532 0.250778 3
0.0575684 0.0300176 0.250333 3
0.0597089 0.0304227 0.250818 3
0.0617269 0.0306022 0.250667 3
0.0639536 0.0300646 0.250714 3
0.0729612 0.0297068 0.25 3
0.074343 0.0309162 0.251 3
0.0604771 0.0316079 0.25 3
0.0612913 0.0316079 0.25 3
0.074343 0.0325523 0.251 3
0.0737754 0.0432859 0.25 3
0.0732326 0.0443721 0.25 3
0.0745171 0.0444905 0.250667 3
0.0187056 0.0122469 0.254 3
0.0198086 0.0122469 0.254 3
0.0244961 0.0122469 0.254 3
0.0266319 0.0116629 0.253333 3
0.0283016 0.0122228 0.2535 3
0.0297745 0.0121505 0.252 3
0.0331885 0.0121987 0.253 3
0.0350562 0.011722 0.2534 3
0.0368538 0.0116992 0.2529 3
0.038255 0.0121505 0.252 3
0.0182595 0.0137036 0.2524 3
0.0195273 0.0130869 0.2532 3
0.0244961 0.0127987 0.254 3
0.0264918 0.012698 0.252 3
0.0283016 0.0127735 0.2535 3
0.0297745 0.012698 0.252 3
0.0331885 0.0127484 0.253 3
0.035064 0.0130053 0.252667 3
0.0367666 0.0132059 0.2523 3
0.038255 0.012698 0.252 3
0.0177376 0.014888 0.252 3
0.0754599 0.0184468 0.252 3
0.0766635 0.0180087 0.252 3
0.0785404 0.0185932 0.254 3
0.0727381 0.0207187 0.253 3
0.0744704 0.0203264 0.252667 3
0.0765833 0.020169 0.253 3
0.0785404 0.0199728 0.254 3
0.0727381 0.0226426 0.253 3
0.074386 0.0220929 0.253 3
0.0765833 0.0220929 0.253 3
0.0785404 0.0210765 0.254 3
0.0727382 0.0240168 0.253 3
0.0743861 0.0240168 0.253 3
0.0765833 0.0240168 0.253 3
0.0562057 0.0271469 0.254 3
0.0567572 0.0271469 0.254 3
0.0642437 0.0269332 0.252 3
0.0726057 0.0262254 0.252222 3
0.0744215 0.0261534 0.252933 3
0.0765833 0.0262155 0.253 3
0.0500065 0.0292773 0.253333 3
0.050839 0.0291232 0.252 3
0.0535126 0.0292387 0.253 3
0.0558588 0.0287822 0.253143 3
0.0575935 0.0283696 0.253273 3
0.0595735 0.0287687 0.2525 3
0.0623479 0.0287989 0.253091 3
0.0640199 0.0283766 0.252 3
0.0727242 0.0277545 0.252 3
0.0745935 0.0282365 0.2524 3
0.0765833 0.0284142 0.253 3
0.0474226 0.0305827 0.25275 3
0.0494641 0.0300934 0.2528 3
0.050839 0.0296707 0.252 3
0.0535126 0.0297884 0.253 3
0.0555987 0.0297295 0.2525 3
0.0598667 0.0296707 0.252 3
0.0620117 0.030088 0.252444 3
0.0639701 0.0296707 0.252 3
0.0749127 0.0303094 0.252 3
0.0766579 0.0305168 0.252857 3
0.0754599 0.0321345 0.252 3
0.0763794 0.0325789 0.252714 3
0.0748366 0.0346912 0.252667 3
0.0761923 0.0344001 0.253222 3
0.0752315 0.0365284 0.254 3
0.0762793 0.036418 0.254 3
0.0750506 0.0429052 0.2532 3
0.0760587 0.0431506 0.254 3
0.0755073 0.0442543 0.254 3
0.0760587 0.0442543 0.254 3
0.0352494 0.0101185 0.256 3
0.0362191 0.010079 0.255 3
0.0179488 0.0122951 0.255 3
0.0202424 0.011509 0.256 3
0.0223779 0.0122951 0.255 3
0.0309594 0.0114641 0.255 3
0.0323435 0.0114641 0.255 3
0.0344194 0.011201 0.255333 3
0.0362191 0.010633 0.255 3
0.0166296 0.0145681 0.256 3
0.0178398 0.0135696 0.255143 3
0.0223779 0.0128491 0.255 3
0.0166296 0.0151243 0.256 3
0.0171855 0.0151243 0.256 3
0.0640683 0.0267689 0.255667 3
0.0460878 0.0287512 0.256 3
0.0470758 0.0286763 0.255333 3
0.0522018 0.0287512 0.256 3
0.0534335 0.0286669 0.25525 3
0.0553197 0.0286388 0.255 3
0.0605794 0.0286389 0.255 3
0.0620452 0.0283055 0.255333 3
0.0636097 0.0277233 0.2555 3
0.045532 0.0298636 0.256 3
0.0473375 0.0297761 0.25525 3
0.0489528 0.0297469 0.255 3
0.0752509 0.0377803 0.255 3
0.0760814 0.0377803 0.255 3
0.0754476 0.0389907 0.255667 3
0.0762803 0.0389907 0.255667 3
0.0749634 0.0408968 0.255909 3
0.0763051 0.0409467 0.25575 3
0.0752509 0.0422125 0.255 3
0.0760814 0.0422125 0.255 3
0.0285229 0.0101976 0.258 3
0.0296432 0.0101976 0.258 3
0.0345502 0.0101581 0.257 3
0.0192055 0.011554 0.257 3
0.0215209 0.011599 0.258 3
0.0247854 0.011554 0.257 3
0.0284492 0.0112887 0.257333 3
0.030023 0.0114403 0.257143 3
0.0345502 0.0107164 0.257 3
0.0644024 0.0243965 0.257 3
0.00804582 0.0269092 0.257 3
0.00945377 0.0269441 0.257333 3
0.0113181 0.0265334 0.258 3
0.0624123 0.0267336 0.258 3
0.0637405 0.0259186 0.257333 3
0.00767383 0.0283051 0.257 3
0.00945377 0.0283418 0.257333 3
0.011158 0.0284152 0.258 3
0.0450475 0.0289757 0.258 3
0.0493368 0.0288635 0.257 3
0.0512897 0.0288635 0.257 3
0.05401 0.0278547 0.258 3
0.0556905 0.0278547 0.258 3
0.0582645 0.0277467 0.257 3
0.0598916 0.0278547 0.258 3
0.0616716 0.0277737 0.25725 3
0.00804582 0.029701 0.257 3
0.00968734 0.0301067 0.2576 3
0.0109339 0.0301529 0.258 3
0.0202765 0.00985295 0.26 3
0.0216877 0.0102766 0.26 3
0.0270505 0.0102766 0.26 3
0.027615 0.0102766 0.26 3
0.0329777 0.0102766 0.26 3
0.0339755 0.0102371 0.259 3
0.0359437 0.00939304 0.259 3
0.0179024 0.0119552 0.259667 3
0.0199943 0.0108415 0.26 3
0.0223819 0.0113764 0.259333 3
0.0239458 0.0116888 0.26 3
0.0262925 0.0114834 0.2592 3
0.027615 0.0108415 0.26 3
0.0329777 0.0108415 0.26 3
0.0339755 0.0107998 0.259 3
0.0171497 0.0136492 0.259667 3
0.0624526 0.024618 0.259333 3
0.0123259 0.0265559 0.259 3
0.0134859 0.0266242 0.259667 3
0.0541464 0.0269409 0.26 3
0.0556786 0.0264567 0.26 3
0.0576947 0.0264567 0.26 3
0.0599043 0.0264889 0.26 3
0.0617474 0.026197 0.259625 3
0.0123259 0.0285254 0.259 3
0.0134771 0.0285799 0.2595 3
0.0437032 0.0280706 0.26 3
0.0453083 0.0280167 0.2595 3
0.0471902 0.0279627 0.259 3
0.0492544 0.0280166 0.2595 3
0.0516061 0.0280706 0.26 3
0.0530947 0.0279626 0.259 3
0.0123259 0.0299322 0.259 3
0.0134506 0.0299322 0.259 3
0.0184415 0.00978646 0.262 3
0.0226211 0.0103162 0.261 3
0.0241077 0.0103458 0.26175 3
0.0261209 0.0103557 0.262 3
0.0308378 0.0103162 0.261 3
0.0319712 0.0103162 0.261 3
0.0184415 0.0109249 0.262 3
0.0226211 0.0108832 0.261 3
0.0241077 0.0109145 0.26175 3
0.0261209 0.0109249 0.262 3
0.0308378 0.0108832 0.261 3
0.0319712 0.0108832 0.261 3
0.0161662 0.0251558 0.262 3
0.0545629 0.0243019 0.262 3
0.0556855 0.0245865 0.2614 3
0.0577547 0.0247762 0.261 3
0.0597381 0.0247762 0.261 3
0.061438 0.0247762 0.261 3
0.0146878 0.0264774 0.261 3
0.0159382 0.02634 0.26175 3
0.0460303 0.0268635 0.262 3
0.047168 0.0268635 0.262 3
0.0491589 0.0268635 0.262 3
0.0514343 0.0268635 0.262 3
0.0537127 0.0262494 0.261556 3
0.0549214 0.0259103 0.261 3
0.0591714 0.0259103 0.261 3
0.0146878 0.0281786 0.261 3
0.0158622 0.0282506 0.261667 3
0.0460303 0.0274327 0.262 3
0.047168 0.0274327 0.262 3
0.049159 0.0274327 0.262 3
0.0514343 0.0274327 0.262 3
0.0532886 0.0273629 0.261333 3
0.0228812 0.00814042 0.264 3
0.0234543 0.00814042 0.264 3
0.0157164 0.0104347 0.264 3
0.0173699 0.0098238 0.263 3
0.0196539 0.0095381 0.263 3
0.0223422 0.00943074 0.263429 3
0.0234543 0.00928758 0.264 3
0.0288996 0.00957437 0.264 3
0.0306192 0.00957437 0.264 3
0.0326253 0.00957437 0.264 3
0.0345322 0.00954717 0.26325 3
0.0359278 0.0095381 0.263 3
0.016003 0.0114385 0.264 3
0.0173699 0.011538 0.263 3
0.051827 0.0247742 0.264 3
0.0537818 0.0243206 0.26375 3
0.0173699 0.0261089 0.263 3
0.043922 0.026966 0.263 3
0.045064 0.026966 0.263 3
0.0495342 0.0262082 0.264 3
0.051787 0.0260162 0.2638 3
0.0533154 0.0255695 0.263333 3
0.0179409 0.0283945 0.263 3
0.043922 0.0275374 0.263 3
0.045064 0.0275374 0.263 3
0.0288298 0.00820209 0.266 3
0.0302443 0.00819438 0.26575 3
0.0325539 0.00819438 0.26575 3
0.034605 0.00820209 0.266 3
0.0360489 0.00820209 0.266 3
0.0244062 0.00961063 0.265 3
0.0261323 0.00961063 0.265 3
0.0280526 0.00944451 0.2652 3
0.0302443 0.00877177 0.26575 3
0.0325539 0.00877177 0.26575 3
0.034605 0.00878002 0.266 3
0.0360489 0.00878002 0.266 3
0.0141029 0.0119586 0.266 3
0.0152579 0.0119586 0.266 3
0.0163512 0.0130652 0.265 3
0.0516421 0.0226502 0.266 3
0.0496207 0.0249619 0.266 3
0.051602 0.0240494 0.2655 3
0.053174 0.0240045 0.265 3
0.0433929 0.0263075 0.265 3
0.045119 0.0263074 0.265 3
0.0474204 0.0263074 0.265 3
0.0496207 0.0255398 0.266 3
0.050968 0.0254918 0.2655 3
0.0222716 0.00823293 0.267 3
0.0241635 0.00754784 0.2674 3
0.0262141 0.00772739 0.2676 3
0.0281026 0.00766202 0.267333 3
0.0304736 0.00738347 0.26775 3
0.0325377 0.00739036 0.268 3
0.0345743 0.00739036 0.268 3
0.0222716 0.00881303 0.267 3
0.0245904 0.00881303 0.267 3
0.0263296 0.00881303 0.267 3
0.0280687 0.00881303 0.267 3
0.0135894 0.0137573 0.26725 3
0.0157017 0.0139372 0.267 3
0.0118371 0.0157742 0.267 3
0.0136027 0.0158037 0.2675 3
0.0156636 0.0158333 0.268 3
0.01715 0.0160417 0.2676 3
0.0118371 0.0175145 0.267 3
0.0135828 0.0178125 0.267125 3
0.0156002 0.0177791 0.267818 3
0.0173945 0.017566 0.267778 3
0.0135761 0.0192548 0.267 3
0.0153152 0.0192548 0.267 3
0.0414017 0.0224453 0.267 3
0.0430114 0.0225294 0.268 3
0.0451273 0.0222912 0.268 3
0.0473754 0.0222382 0.268 3
0.0495094 0.0222879 0.2679 3
0.0509666 0.0227353 0.267 3
0.040983 0.0237666 0.267 3
0.0432001 0.0241388 0.267231 3
0.0452103 0.0241873 0.267769 3
0.0473087 0.0242414 0.267625 3
0.0494931 0.0240049 0.267231 3
0.0509666 0.0238955 0.267 3
0.0437205 0.0256358 0.267 3
0.0451697 0.0256358 0.267 3
0.0471986 0.0256358 0.267 3
0.0486479 0.0256358 0.267 3
0.0244826 0.0055185 0.269 3
0.0262347 0.00537239 0.269 3
0.0282788 0.00537239 0.269 3
0.029739 0.00537239 0.269 3
0.0330737 0.00597897 0.27 3
0.0341192 0.00595683 0.269 3
0.0241906 0.00654127 0.269 3
0.0262347 0.00654127 0.269 3
0.0282789 0.0069796 0.269 3
0.029739 0.00654127 0.269 3
0.0330737 0.00656559 0.27 3
0.0341192 0.00654127 0.269 3
0.0308426 0.00600112 0.271 3
0.0320194 0.00600112 0.271 3
0.0308426 0.00658991 0.271 3
0.0320194 0.00658991 0.271 3
