0.0179381 0.0326088 0.186 3
0.0197957 0.0326896 0.186 3
0.0179381 0.0338212 0.186 3
0.0198838 0.0341701 0.186 3
0.0124527 0.0510593 0.1855 3
0.0137078 0.0513648 0.185357 3
0.0156401 0.0514034 0.185414 3
0.0177325 0.051389 0.18596 3
0.0192169 0.0512653 0.186 3
0.013881 0.0535514 0.18575 3
0.0157003 0.0534848 0.1858 3
0.0172314 0.0530164 0.186 3
0.0138997 0.055037 0.186 3
0.0153132 0.054936 0.186 3
0.0142533 0.0309171 0.188 3
0.0159602 0.0310198 0.187769 3
0.0178951 0.0310654 0.187667 3
0.0199323 0.0310654 0.187667 3
0.0211547 0.0310654 0.187667 3
0.0142533 0.031734 0.188 3
0.01584 0.0322316 0.187211 3
0.0174706 0.0322198 0.187 3
0.0200935 0.0319425 0.187 3
0.0220525 0.0324572 0.187593 3
0.0237094 0.0330955 0.188 3
0.0184405 0.0348155 0.187 3
0.0199968 0.0353572 0.187 3
0.0220023 0.0346678 0.187 3
0.0239947 0.0348001 0.187833 3
0.025274 0.0350017 0.188 3
0.0200973 0.0364861 0.187412 3
0.0219618 0.0367627 0.1876 3
0.0239382 0.036784 0.188 3
0.025274 0.0362271 0.188 3
0.0207841 0.0380651 0.188 3
0.0219179 0.0383374 0.188 3
0.0238454 0.0380651 0.188 3
0.0095778 0.0499847 0.188 3
0.0114604 0.0498857 0.187812 3
0.0136794 0.0498076 0.187706 3
0.0158578 0.0498212 0.187667 3
0.0178951 0.0498212 0.187667 3
0.0199397 0.049839 0.187733 3
0.0214372 0.0500738 0.188 3
0.00935516 0.0507273 0.188 3
0.0115509 0.0508636 0.187214 3
0.0137715 0.0504575 0.187 3
0.0158015 0.0504575 0.187 3
0.0178315 0.0504575 0.187 3
0.019914 0.051479 0.187192 3
0.0213089 0.0513692 0.188 3
0.0166135 0.0545203 0.187 3
0.0180703 0.053899 0.187 3
0.0198814 0.0535735 0.187579 3
0.0139745 0.0563486 0.187 3
0.0159926 0.0559782 0.187 3
0.01783 0.0556982 0.187381 3
0.0194779 0.0553429 0.188 3
0.0139745 0.0577706 0.187 3
0.0157751 0.0577626 0.187083 3
0.0178361 0.0575588 0.1879 3
0.01403 0.0598385 0.18775 3
0.0159094 0.0598087 0.18781 3
0.0174445 0.0594906 0.188 3
0.0140492 0.0615514 0.188 3
0.0157953 0.0615061 0.188 3
0.0171105 0.061143 0.188 3
0.0164982 0.0731925 0.188 3
0.0177228 0.0731925 0.188 3
0.0161717 0.0740911 0.188 3
0.0177228 0.0740094 0.188 3
0.00826038 0.0249784 0.191 3
0.00963204 0.0245953 0.191 3
0.00808266 0.0261047 0.191 3
0.00950444 0.0262233 0.191 3
0.0114503 0.0266702 0.191 3
0.012822 0.0270532 0.191 3
0.00798392 0.0285748 0.191 3
0.00949798 0.0283662 0.19031 3
0.0115558 0.0284496 0.190633 3
0.0135502 0.0285201 0.190039 3
0.0155305 0.0287899 0.190211 3
0.01747 0.0291805 0.190444 3
0.0193551 0.0293884 0.19 3
0.0236866 0.0293884 0.19 3
0.00757182 0.0304603 0.1909 3
0.00942994 0.0306035 0.190154 3
0.0115069 0.0306008 0.18984 3
0.0134011 0.0303707 0.189143 3
0.0157199 0.0301068 0.189176 3
0.0179165 0.0301073 0.189333 3
0.0199327 0.0300326 0.189733 3
0.0220845 0.0303735 0.190067 3
0.0241836 0.0304688 0.189857 3
0.026267 0.0304614 0.190267 3
0.0282249 0.0304414 0.190538 3
0.00680897 0.031618 0.191 3
0.0100734 0.0320716 0.19 3
0.011867 0.0319028 0.189 3
0.0130981 0.0319028 0.189 3
0.0243705 0.0322772 0.189 3
0.0263411 0.0326564 0.1898 3
0.028318 0.0327471 0.19 3
0.0298487 0.032879 0.1905 3
0.0249981 0.033956 0.189 3
0.0263669 0.0345486 0.189182 3
0.0284188 0.0347398 0.18992 3
0.030256 0.034808 0.190667 3
0.0249981 0.037241 0.189 3
0.0263411 0.0366811 0.189 3
0.0283299 0.0366869 0.18932 3
0.0302685 0.0364198 0.191 3
0.022536 0.0391915 0.189 3
0.024274 0.0389681 0.189 3
0.0262405 0.038695 0.18908 3
0.0283776 0.0388099 0.18964 3
0.0300316 0.0386725 0.191 3
0.0223309 0.0399101 0.189 3
0.0242275 0.0408852 0.189957 3
0.0264095 0.0405533 0.1897 3
0.0284305 0.0409469 0.19 3
0.0300315 0.0409549 0.191 3
0.0285604 0.0432077 0.190867 3
0.0298242 0.0432373 0.191 3
0.0283268 0.0451277 0.191 3
0.0294096 0.0451047 0.191 3
0.014066 0.0480095 0.191 3
0.0153101 0.0480095 0.191 3
0.0180055 0.0480095 0.191 3
0.0223598 0.0480095 0.191 3
0.0238113 0.0480095 0.191 3
0.0283729 0.0465571 0.191 3
0.00570312 0.0493927 0.191 3
0.00743546 0.0493286 0.190308 3
0.00935155 0.0492004 0.19 3
0.0115173 0.0489944 0.19 3
0.0135578 0.0489177 0.1897 3
0.0157095 0.0488922 0.189455 3
0.0178636 0.0488665 0.1895 3
0.0199208 0.0488665 0.1895 3
0.0221528 0.0491594 0.189467 3
0.0240888 0.0492984 0.190143 3
0.0256774 0.0494619 0.191 3
0.00718583 0.0504414 0.19 3
0.022459 0.0515621 0.189267 3
0.0241793 0.0514103 0.190368 3
0.0255391 0.0512601 0.191 3
0.0208947 0.0542822 0.189 3
0.022169 0.0535789 0.189682 3
0.0240415 0.0535699 0.19085 3
0.0252627 0.0531967 0.191 3
0.0205962 0.0557007 0.189 3
0.02203 0.055814 0.190333 3
0.0233965 0.055479 0.191 3
0.0186378 0.0585938 0.189 3
0.0198753 0.0577278 0.189333 3
0.0219193 0.0578052 0.190609 3
0.0184033 0.060207 0.189 3
0.0199146 0.0599174 0.189737 3
0.0216583 0.0597058 0.19075 3
0.0139187 0.0629054 0.189 3
0.0160218 0.0627514 0.189 3
0.0179538 0.0619929 0.189 3
0.0199213 0.062046 0.190143 3
0.0214986 0.0617835 0.191 3
0.0139187 0.0641373 0.189 3
0.0156548 0.0640267 0.189 3
0.0178714 0.0640877 0.189684 3
0.0198104 0.0639093 0.1904 3
0.0211158 0.0637786 0.191 3
0.013974 0.0662478 0.18975 3
0.0156878 0.0661933 0.189864 3
0.017668 0.0661168 0.190174 3
0.0193879 0.0659226 0.191 3
0.0142113 0.0678393 0.190167 3
0.0157096 0.0681286 0.190136 3
0.0177652 0.0681525 0.190148 3
0.0195563 0.0682568 0.190238 3
0.0211158 0.0689658 0.191 3
0.0144807 0.0697957 0.191 3
0.015728 0.0701602 0.19081 3
0.0177394 0.0702215 0.19 3
0.0197893 0.0702469 0.1902 3
0.0211158 0.0702107 0.191 3
0.0159227 0.0724105 0.190067 3
0.0177894 0.0723916 0.189774 3
0.0198199 0.0723019 0.190038 3
0.0216963 0.0725215 0.190833 3
0.0335565 0.072908 0.191 3
0.0343018 0.0727765 0.19025 3
0.0155601 0.0737871 0.189 3
0.0188429 0.0741978 0.189 3
0.0199408 0.0741794 0.189368 3
0.0218907 0.0743196 0.190276 3
0.0237076 0.0745161 0.191 3
0.0331418 0.074153 0.191 3
0.0341181 0.0739547 0.190667 3
0.0238113 0.0756054 0.191 3
0.0115077 0.0248102 0.1926 3
0.0133753 0.0246109 0.193 3
0.00735911 0.0267497 0.1924 3
0.0117202 0.0256899 0.192091 3
0.0131808 0.0254379 0.1926 3
0.00415655 0.0290138 0.193 3
0.00574511 0.0288063 0.192636 3
0.00713044 0.0281999 0.192222 3
0.0161913 0.0279905 0.1926 3
0.018106 0.0286426 0.192625 3
0.0198576 0.0288144 0.192375 3
0.0219316 0.0290471 0.192429 3
0.024376 0.0290471 0.192429 3
0.026437 0.0288144 0.192375 3
0.0283867 0.0287284 0.1925 3
0.0301563 0.0288063 0.192636 3
0.0318127 0.0290138 0.193 3
0.00379738 0.0299722 0.193 3
0.00541141 0.0301714 0.192238 3
0.00684461 0.0299064 0.192 3
0.022594 0.0294331 0.193 3
0.0238511 0.0294331 0.193 3
0.0307098 0.0300066 0.192733 3
0.0318127 0.0302718 0.193 3
0.0309343 0.0324733 0.192273 3
0.0319989 0.0324615 0.193 3
0.0313936 0.0338359 0.193 3
0.0322647 0.0347036 0.192778 3
0.0310225 0.0372064 0.192 3
0.0325467 0.0366914 0.192583 3
0.0339078 0.0367712 0.193 3
0.0310226 0.038875 0.192 3
0.0325844 0.0387449 0.1926 3
0.0339078 0.0386582 0.193 3
0.0256034 0.0417951 0.192 3
0.0310226 0.0409608 0.192 3
0.0325057 0.0407896 0.192565 3
0.0339078 0.0403355 0.193 3
0.025951 0.0428945 0.19225 3
0.0277293 0.0435471 0.192 3
0.0310225 0.0430465 0.192 3
0.0324509 0.0428955 0.192778 3
0.0269938 0.044948 0.193 3
0.0276877 0.0452713 0.192 3
0.0306259 0.0451619 0.192125 3
0.0320222 0.044948 0.193 3
0.0074699 0.0480523 0.192 3
0.00872049 0.0480523 0.192 3
0.0122638 0.0480523 0.192 3
0.0130976 0.0480523 0.192 3
0.0164324 0.0480523 0.192 3
0.0177525 0.0480523 0.192 3
0.0199757 0.0480523 0.192 3
0.0220516 0.0477367 0.192833 3
0.0243345 0.047708 0.192909 3
0.0263888 0.0472457 0.19232 3
0.0282733 0.0473372 0.192 3
0.0304856 0.04707 0.192435 3
0.0320222 0.046206 0.193 3
0.00185188 0.0489316 0.193 3
0.00340906 0.0491422 0.192692 3
0.00516959 0.048864 0.192556 3
0.0074699 0.0484694 0.192 3
0.00969203 0.0485075 0.192889 3
0.011526 0.0485015 0.19275 3
0.0130976 0.0484694 0.192 3
0.0164324 0.0484694 0.192 3
0.0177525 0.0484694 0.192 3
0.0199757 0.0484694 0.192 3
0.0214348 0.0484694 0.192 3
0.0249781 0.0484694 0.192 3
0.0266134 0.0491112 0.192 3
0.0283372 0.049345 0.19216 3
0.0303487 0.049229 0.192952 3
0.0266157 0.0515683 0.192 3
0.0283671 0.0514864 0.19236 3
0.0301365 0.0516571 0.193 3
0.0249781 0.0543095 0.192 3
0.0264008 0.0535419 0.192095 3
0.0283461 0.0536966 0.193 3
0.0297175 0.0531247 0.193 3
0.0245933 0.0556893 0.192 3
0.0263063 0.0557235 0.19256 3
0.0279716 0.0557106 0.193 3
0.0241704 0.0577067 0.1922 3
0.0261697 0.0576115 0.193 3
0.0226854 0.0601496 0.192 3
0.0241841 0.059879 0.192583 3
0.0255272 0.0598339 0.193 3
0.0226854 0.0618182 0.192 3
0.0240238 0.0620442 0.1927 3
0.0222685 0.0639039 0.192 3
0.0240606 0.0642368 0.193 3
0.0204782 0.0662489 0.192091 3
0.0220813 0.0661417 0.192652 3
0.0236415 0.0657043 0.193 3
0.0205176 0.068009 0.192455 3
0.0215165 0.0681903 0.193 3
0.0334888 0.0692686 0.193 3
0.0222655 0.0706376 0.192875 3
0.0237114 0.0712254 0.193 3
0.03091 0.0703807 0.1926 3
0.0324196 0.0701629 0.192333 3
0.0224074 0.0718992 0.192 3
0.0242118 0.0726553 0.192533 3
0.0258079 0.072935 0.192818 3
0.0310068 0.0724942 0.193 3
0.0325661 0.0727756 0.192826 3
0.0345364 0.0728329 0.193 3
0.0247002 0.0744717 0.192 3
0.0261797 0.0747511 0.192565 3
0.0276224 0.0753487 0.193 3
0.0313936 0.0743005 0.193 3
0.0323493 0.0747583 0.192529 3
0.0249781 0.0760012 0.192 3
0.0264891 0.0761409 0.19275 3
0.0276224 0.0761874 0.193 3
0.0313936 0.0759777 0.193 3
0.0318127 0.0759777 0.193 3
0.015419 0.0229595 0.195 3
0.0119704 0.0247385 0.194 3
0.0140339 0.0242147 0.194875 3
0.0153614 0.0243814 0.194937 3
0.0143606 0.0255015 0.195 3
0.0158602 0.0261169 0.194765 3
0.0177116 0.0265053 0.1946 3
0.0192294 0.0265606 0.195 3
0.00144769 0.0293145 0.195 3
0.00328779 0.0288176 0.194714 3
0.00544644 0.0282241 0.1942 3
0.0176566 0.0276889 0.194 3
0.019955 0.0279008 0.1945 3
0.021925 0.0281818 0.1945 3
0.0239681 0.0282693 0.194375 3
0.0260067 0.0280942 0.194625 3
0.0282435 0.027746 0.1944 3
0.0305631 0.0280113 0.194571 3
0.0324984 0.0284046 0.194714 3
0.0338358 0.0286789 0.195 3
0.00165458 0.029978 0.1945 3
0.00284428 0.0302881 0.194 3
0.0328542 0.0304595 0.1942 3
0.0342592 0.0314328 0.195 3
0.0329731 0.0324595 0.194 3
0.0340475 0.0327038 0.195 3
0.0330305 0.0340113 0.194 3
0.0342559 0.0348694 0.194375 3
0.0347368 0.0367749 0.194286 3
0.0359527 0.0375759 0.195 3
0.0349479 0.0388552 0.194286 3
0.0359527 0.0388469 0.195 3
0.0347565 0.040953 0.194294 3
0.0359527 0.0407534 0.195 3
0.0265019 0.0439164 0.194 3
0.0343836 0.0429726 0.1945 3
0.0263439 0.045339 0.194 3
0.0330305 0.0451809 0.194 3
0.0344791 0.0450332 0.194778 3
-0.000286736 0.0479764 0.1944 3
0.00123389 0.0478731 0.194667 3
0.00333568 0.0481313 0.194 3
0.0055821 0.0481313 0.194 3
0.00754772 0.0481313 0.194 3
0.00965372 0.0481313 0.194 3
0.0115491 0.0479205 0.194 3
0.013562 0.0478558 0.194167 3
0.0155491 0.0477628 0.194333 3
0.0176566 0.0479205 0.194 3
0.0197626 0.0479205 0.194 3
0.0219597 0.0474403 0.1948 3
0.0240726 0.0472717 0.1948 3
0.0257452 0.0467684 0.19425 3
0.0326561 0.047382 0.194 3
0.0340475 0.0471084 0.195 3
-0.0023546 0.0486355 0.194333 3
-0.000982947 0.0486995 0.194167 3
0.000808464 0.0487635 0.194 3
0.00525806 0.0483794 0.195 3
0.0311351 0.0498173 0.194 3
0.0324836 0.0494723 0.194381 3
0.0340475 0.0490149 0.195 3
0.0311351 0.0515033 0.194 3
0.0324911 0.0513612 0.194435 3
0.0304607 0.0538389 0.194063 3
0.0323739 0.0533236 0.194833 3
0.0288185 0.0561397 0.194 3
0.0303399 0.0555728 0.194579 3
0.031973 0.0549886 0.195 3
0.0266072 0.0585633 0.194 3
0.0282803 0.0578959 0.194 3
0.0300557 0.0575185 0.195 3
0.0264817 0.0598952 0.194071 3
0.0283574 0.0598645 0.194773 3
0.0298138 0.0598184 0.195 3
0.0261084 0.0620198 0.1942 3
0.028332 0.0619368 0.195 3
0.0298138 0.0610894 0.195 3
0.0261084 0.0641295 0.1942 3
0.0280732 0.0640786 0.195 3
0.0243256 0.0666068 0.194 3
0.0261351 0.0660969 0.1944 3
0.0278027 0.0657497 0.195 3
0.0223664 0.0685929 0.194 3
0.0240062 0.0684036 0.194571 3
0.0258976 0.0681329 0.195 3
0.031052 0.0686441 0.1948 3
0.0322987 0.0690202 0.194667 3
0.0224583 0.0698804 0.194 3
0.0241102 0.070305 0.194308 3
0.0259703 0.0705302 0.19475 3
0.0291787 0.0708337 0.195 3
0.0301695 0.0704566 0.194647 3
0.0325962 0.0696765 0.194333 3
0.0338358 0.0695627 0.195 3
0.0246064 0.071735 0.194 3
0.0264666 0.0723606 0.194125 3
0.0283429 0.0728768 0.194545 3
0.0298831 0.0725917 0.19425 3
0.0333268 0.0721301 0.1945 3
0.0337491 0.0721301 0.1945 3
0.0282416 0.0746121 0.194 3
0.0302927 0.0746854 0.194 3
0.0317669 0.0755284 0.194 3
0.0286079 0.0763714 0.194 3
0.0302325 0.0763413 0.194 3
0.0317669 0.0759499 0.194 3
0.0163492 0.0230772 0.196 3
0.0177158 0.0225529 0.197 3
0.0163492 0.0241418 0.196 3
0.0177596 0.0240358 0.196409 3
0.0191153 0.0245676 0.196 3
0.00595357 0.027047 0.197 3
0.00638128 0.027047 0.197 3
0.0176258 0.0254193 0.196 3
0.0204596 0.0261653 0.196357 3
0.0219828 0.0261921 0.196095 3
0.023994 0.0263172 0.19675 3
0.0261798 0.0269555 0.196333 3
0.0284773 0.0269097 0.196 3
0.030605 0.0269097 0.196 3
0.032902 0.0266854 0.196444 3
0.0345249 0.0266076 0.196917 3
-0.000747302 0.0288059 0.196833 3
0.00115011 0.0285109 0.196444 3
0.00295955 0.0281171 0.197 3
0.0049911 0.0279823 0.196556 3
0.00638128 0.0274751 0.197 3
0.0203919 0.0273356 0.196 3
0.0220941 0.0273356 0.196 3
0.0242218 0.027655 0.196 3
0.0261797 0.0273821 0.196333 3
0.0284773 0.0273356 0.196 3
0.030605 0.0273356 0.196 3
0.0329759 0.0275181 0.196 3
0.0348278 0.0282039 0.196611 3
-0.000743537 0.0298197 0.196 3
0.000391252 0.0301035 0.196 3
0.0347372 0.0303938 0.1965 3
0.0350416 0.0324273 0.196364 3
0.0361076 0.0334672 0.197 3
0.0350732 0.034149 0.196 3
0.0361076 0.0347513 0.197 3
0.0363695 0.0368461 0.196429 3
0.0368129 0.038872 0.1962 3
0.0368223 0.0408023 0.19625 3
0.0250729 0.0437304 0.196 3
0.0254984 0.0437304 0.196 3
0.0364437 0.0429876 0.1965 3
0.0258606 0.0452626 0.196333 3
0.0359701 0.0450661 0.19625 3
-0.00431164 0.0480196 0.197 3
-0.00283826 0.048002 0.196429 3
-0.000982461 0.0476493 0.196556 3
0.00103482 0.0473776 0.197 3
0.00288924 0.0477269 0.196429 3
0.00507225 0.0479888 0.196 3
0.00719998 0.0479888 0.196 3
0.00932771 0.0479888 0.196 3
0.0115775 0.0477295 0.19625 3
0.0135383 0.0474695 0.196769 3
0.0158169 0.0473719 0.1968 3
0.017869 0.0474298 0.196333 3
0.0200829 0.0473141 0.196444 3
0.0220462 0.0470518 0.196833 3
0.02427 0.0468066 0.1964 3
0.0254565 0.0465094 0.1965 3
0.0350732 0.04735 0.196 3
0.0361076 0.0471636 0.197 3
-0.00430069 0.0485376 0.1965 3
-0.00344743 0.0485376 0.1965 3
0.034903 0.0494792 0.196 3
0.0358937 0.0488756 0.197 3
0.034511 0.0515077 0.196429 3
0.0332647 0.054057 0.196 3
0.0344624 0.0534567 0.196818 3
0.0314561 0.0562926 0.196 3
0.0327553 0.0559319 0.196364 3
0.0339691 0.0555098 0.197 3
0.0311369 0.0577831 0.196 3
0.0322777 0.0576857 0.196615 3
0.0308336 0.0597302 0.1961 3
0.0317999 0.0597593 0.197 3
0.0305054 0.0620259 0.196267 3
0.0316166 0.06193 0.197 3
0.0291582 0.0639577 0.196 3
0.0303063 0.0637888 0.196267 3
0.0316166 0.063214 0.197 3
0.0287964 0.0661934 0.196 3
0.0302745 0.0660432 0.1968 3
0.0270182 0.0684595 0.196 3
0.028256 0.0682312 0.196571 3
0.0301875 0.068175 0.19672 3
0.0325162 0.0681233 0.196316 3
0.0344986 0.0685371 0.196923 3
0.0270182 0.070102 0.196 3
0.0284215 0.0704808 0.1962 3
0.0300092 0.0697491 0.196 3
0.0335838 0.0694936 0.196 3
0.034708 0.0697975 0.196857 3
0.0272006 0.0716228 0.196 3
0.0282645 0.0720487 0.196 3
0.035466 0.0732723 0.197 3
0.0358937 0.0732723 0.197 3
0.035466 0.0737003 0.197 3
0.0358937 0.0737003 0.197 3
0.0188804 0.0226674 0.198 3
0.0198873 0.0228658 0.1986 3
0.0222594 0.0224793 0.199 3
0.0237677 0.0219761 0.199 3
0.0122789 0.0245113 0.199 3
0.0130769 0.0243881 0.198 3
0.0188804 0.0237429 0.198 3
0.0200553 0.0241344 0.198278 3
0.0215684 0.0241975 0.198714 3
0.0248086 0.0245113 0.199 3
0.0256727 0.0249437 0.199 3
0.034998 0.0246787 0.198857 3
0.0368607 0.0249123 0.19875 3
0.00533895 0.0271843 0.198 3
0.0246839 0.0256787 0.198 3
0.0262546 0.0261738 0.1985 3
0.0282178 0.0264173 0.198167 3
0.0305931 0.0263303 0.198286 3
0.0323086 0.0260824 0.198625 3
0.0347491 0.0258201 0.198143 3
0.0368604 0.0262073 0.19875 3
-0.00277802 0.0287002 0.198714 3
-0.000934141 0.0281219 0.198273 3
0.00104533 0.027754 0.199 3
0.00298959 0.027754 0.199 3
0.00478085 0.0275634 0.198667 3
0.0366807 0.0284102 0.198556 3
-0.00291818 0.0298811 0.1982 3
0.0368146 0.030487 0.1985 3
0.0368728 0.0325329 0.198556 3
0.0372257 0.0345659 0.1984 3
0.0382024 0.0355364 0.199 3
0.0371507 0.0362182 0.198 3
0.0382024 0.0368335 0.199 3
0.0377955 0.0387993 0.198 3
0.0386842 0.039142 0.198545 3
0.0377955 0.0409502 0.198 3
0.0385992 0.0407539 0.198444 3
0.0239445 0.0431027 0.199 3
0.0377955 0.0422408 0.198 3
0.0382057 0.0431648 0.198857 3
0.0224323 0.045913 0.199 3
0.0242953 0.045385 0.1985 3
0.0255437 0.045037 0.198 3
0.0371507 0.0452521 0.198 3
0.0381592 0.0445295 0.199 3
-0.00692976 0.048061 0.1985 3
-0.00526314 0.0478712 0.198286 3
-0.00295468 0.0473407 0.198444 3
-0.000898937 0.0469939 0.199 3
0.00104533 0.0469939 0.199 3
0.00298228 0.0472436 0.1986 3
0.00512401 0.0476181 0.198 3
0.00727345 0.0476181 0.198 3
0.0094229 0.0476181 0.198 3
0.0115849 0.0474933 0.1982 3
0.0137638 0.0468994 0.1986 3
0.0156969 0.0468758 0.1985 3
0.0176796 0.0469939 0.199 3
0.0196779 0.0469398 0.199 3
0.0220931 0.0464686 0.198375 3
0.0240391 0.0465426 0.198 3
0.0371336 0.0472025 0.1986 3
-0.0071278 0.0486935 0.198 3
-0.00540824 0.0486935 0.198 3
0.0368295 0.0493403 0.198875 3
0.0356461 0.0514898 0.198 3
0.0360759 0.0512747 0.198 3
0.0350012 0.0542859 0.198 3
0.0360421 0.0536954 0.199 3
0.0350012 0.0555765 0.198 3
0.0360421 0.055641 0.199 3
0.0332817 0.0581576 0.198 3
0.0345629 0.0576968 0.198222 3
0.0359989 0.0570678 0.199 3
0.0329592 0.0600396 0.198 3
0.0347939 0.0598445 0.199 3
0.0326989 0.0619772 0.1982 3
0.0341643 0.06201 0.199 3
0.0313472 0.0646104 0.198 3
0.0325547 0.0641195 0.198312 3
0.0340193 0.0638361 0.199 3
0.0313472 0.0663311 0.198 3
0.032542 0.0663023 0.198292 3
0.0340748 0.0664767 0.198867 3
0.0289828 0.0689122 0.198 3
0.0313472 0.0676217 0.198 3
0.0326368 0.0676217 0.198 3
0.0346552 0.0680192 0.198364 3
0.0367443 0.068633 0.198125 3
0.0382024 0.0692602 0.199 3
0.0287319 0.0698418 0.1985 3
0.0356461 0.0699877 0.198 3
0.0368375 0.070209 0.198625 3
0.0381715 0.0702485 0.199 3
0.035178 0.0722867 0.199 3
0.0371223 0.0716382 0.199 3
0.0350602 0.0737675 0.198333 3
0.0208081 0.0226791 0.2 3
0.0220565 0.0224075 0.2 3
0.0249333 0.0220273 0.2 3
0.0261356 0.0222096 0.200333 3
0.022545 0.0233309 0.2 3
0.0242819 0.0233309 0.2 3
0.0263434 0.0239389 0.200444 3
0.0281127 0.024976 0.201 3
0.0328736 0.0247356 0.200571 3
0.0343394 0.0239652 0.200182 3
-0.000907935 0.0271325 0.2008 3
0.00105058 0.0270244 0.2 3
0.00300462 0.0270244 0.2 3
0.00543254 0.0268758 0.200286 3
0.00728045 0.0266452 0.200923 3
0.0266702 0.0252863 0.2 3
0.0284196 0.0257279 0.2004 3
0.0299269 0.025938 0.2 3
0.032596 0.0253369 0.2004 3
0.033835 0.0252863 0.2 3
0.0387493 0.0265621 0.200333 3
-0.00714851 0.028819 0.201 3
-0.00531693 0.0284766 0.200522 3
-0.00340686 0.0282717 0.200375 3
-0.00109275 0.0276615 0.200571 3
0.00105058 0.0274589 0.2 3
0.00300462 0.0274589 0.2 3
0.0375259 0.0276762 0.2 3
0.0389316 0.0283418 0.200778 3
-0.00679939 0.0297797 0.201 3
-0.00524576 0.0296316 0.2 3
-0.00394307 0.0296316 0.2 3
0.0385864 0.0304347 0.201 3
0.0385224 0.0325627 0.200667 3
0.0389268 0.0347153 0.2005 3
0.0393414 0.0366559 0.2004 3
0.0392628 0.0383222 0.2 3
0.040332 0.0391688 0.201 3
0.0392628 0.0415812 0.2 3
0.040332 0.0406973 0.201 3
0.0392318 0.0427916 0.2 3
0.0138604 0.0461437 0.2 3
0.0155973 0.0461437 0.2 3
0.0177684 0.0461437 0.2 3
0.0202291 0.045854 0.2 3
0.0221959 0.0452994 0.200111 3
0.0237684 0.0448959 0.20025 3
0.0389076 0.0454015 0.200778 3
-0.00918434 0.0476047 0.200667 3
-0.00752349 0.0474168 0.200154 3
-0.00525887 0.0469114 0.2005 3
-0.00323216 0.046699 0.200833 3
-0.00090797 0.0465927 0.201 3
0.00105584 0.0465927 0.201 3
0.00320145 0.0467748 0.200714 3
0.00517577 0.0472301 0.2 3
0.00734692 0.04723 0.2 3
0.00951806 0.04723 0.2 3
0.0116367 0.0470176 0.200333 3
0.0132766 0.0465865 0.200571 3
0.0155973 0.0465782 0.2 3
0.0177684 0.0465782 0.2 3
0.0199396 0.0465782 0.2 3
0.0214594 0.0465782 0.2 3
0.037743 0.0476646 0.2 3
0.0384591 0.0469448 0.200333 3
-0.00915383 0.0483163 0.2 3
-0.00785114 0.0483163 0.2 3
0.037743 0.0485336 0.2 3
0.0381568 0.0495344 0.20075 3
0.0370917 0.0513581 0.2 3
0.03815 0.0509598 0.201 3
0.0371381 0.0533809 0.20025 3
0.0371288 0.0553232 0.2002 3
0.0369403 0.0579516 0.200667 3
0.0362232 0.0598314 0.2 3
0.0353548 0.062004 0.2 3
0.0363681 0.0620348 0.2008 3
0.0352101 0.0641043 0.2 3
0.0366952 0.0642064 0.201 3
0.0351067 0.0659458 0.2 3
0.0366225 0.0654801 0.201 3
0.0353548 0.0674356 0.2 3
0.0367298 0.0689565 0.2 3
0.0390894 0.068583 0.2005 3
0.0365127 0.0725776 0.2 3
0.0368022 0.074026 0.2 3
0.033954 0.0226864 0.202 3
0.00613489 0.0247835 0.203 3
0.00707601 0.0248614 0.2022 3
0.028288 0.0242956 0.202615 3
0.0304454 0.0251003 0.202 3
0.0327884 0.0242956 0.202615 3
0.033954 0.0235642 0.202 3
-0.0150208 0.0269887 0.203 3
-0.0141393 0.0269887 0.203 3
-0.00683322 0.0272946 0.202 3
-0.00544997 0.0269707 0.202615 3
-0.0029792 0.0269707 0.202615 3
-0.000916302 0.0262876 0.2027 3
0.00106284 0.0263863 0.202333 3
0.00304217 0.0262612 0.2025 3
0.00518295 0.0261 0.202053 3
0.00734359 0.02571 0.202091 3
0.00895539 0.0257585 0.202 3
0.029349 0.0255391 0.202 3
0.0304454 0.0255391 0.202 3
0.0315419 0.0255391 0.202 3
-0.0150208 0.0274298 0.203 3
-0.0136585 0.0279109 0.203 3
-0.011323 0.0284043 0.202875 3
-0.00939088 0.0282133 0.2023 3
-0.00765316 0.0280036 0.202143 3
-0.00464035 0.0277335 0.202 3
-0.00310535 0.0277335 0.202 3
0.0405326 0.0283918 0.202 3
-0.00946466 0.0297085 0.202 3
0.0396555 0.0303668 0.202 3
0.0407333 0.0305171 0.203 3
0.0396555 0.0325611 0.202 3
0.0407332 0.0325018 0.203 3
0.0396555 0.0338778 0.202 3
0.0407445 0.0347026 0.202429 3
0.0411338 0.036709 0.202556 3
0.0413056 0.0386542 0.202714 3
0.0411782 0.0410609 0.2028 3
0.0235443 0.043528 0.203 3
0.0398748 0.0439719 0.202 3
0.0403133 0.0430941 0.202 3
-0.00686705 0.0459538 0.203 3
-0.00532444 0.0459538 0.203 3
-0.00312072 0.0459538 0.203 3
-0.000917005 0.0459538 0.203 3
0.00106284 0.0459492 0.202333 3
0.00304969 0.0459538 0.203 3
0.00525341 0.0459538 0.203 3
0.00745712 0.0459538 0.203 3
0.00944047 0.0459538 0.203 3
0.0114238 0.0459538 0.203 3
0.0137506 0.0459515 0.202667 3
0.0157533 0.0459469 0.202 3
0.0179461 0.0459469 0.202 3
0.0199451 0.0457832 0.20225 3
0.0214894 0.0451434 0.202333 3
0.0235443 0.0444101 0.203 3
0.0398748 0.0446302 0.202 3
0.0402995 0.0453656 0.202667 3
-0.0132473 0.0474581 0.202833 3
-0.0114502 0.0473098 0.2022 3
-0.00959622 0.0470001 0.202 3
-0.00738707 0.0467529 0.202167 3
-0.00532444 0.0463948 0.203 3
-0.00312072 0.0463948 0.203 3
-0.000917005 0.0463948 0.203 3
0.00106634 0.0463948 0.203 3
0.00304969 0.0463948 0.203 3
0.00523615 0.0466813 0.202333 3
0.00743263 0.0466813 0.202333 3
0.00956388 0.0467018 0.202286 3
0.0113013 0.0465858 0.202556 3
0.0134072 0.0463948 0.203 3
0.0392169 0.0474829 0.202 3
0.0402925 0.0470564 0.203 3
0.0392364 0.0492632 0.2021 3
0.039054 0.0516749 0.202667 3
0.0385183 0.0534509 0.202167 3
0.0383397 0.0558215 0.202 3
0.0384347 0.0579406 0.2025 3
0.0374626 0.0599908 0.202 3
0.0385296 0.0598468 0.203 3
0.0374626 0.0619658 0.202 3
0.0385295 0.0619785 0.203 3
0.0374626 0.0637213 0.202 3
0.038403 0.0640448 0.202333 3
0.037207 0.0664644 0.202143 3
0.0384564 0.0663446 0.202091 3
0.0369553 0.0681538 0.202375 3
0.0385798 0.0679767 0.202111 3
0.0374277 0.0693293 0.203 3
0.0378684 0.0693293 0.203 3
0.0297147 0.0717551 0.203 3
-0.0149463 0.0205737 0.205 3
-0.0152006 0.0221008 0.205 3
0.0271144 0.0221326 0.205 3
0.0278933 0.0224667 0.205 3
0.0333456 0.0223553 0.205 3
0.0337907 0.0223553 0.205 3
-0.0171281 0.024374 0.204857 3
-0.0156045 0.0241222 0.20488 3
-0.0138335 0.0246936 0.205 3
-0.000480954 0.0250277 0.205 3
0.00107685 0.0250277 0.205 3
0.00307973 0.0250277 0.205 3
0.00505783 0.0249056 0.204 3
0.0287258 0.0236137 0.204333 3
0.0305254 0.0246839 0.204 3
0.032538 0.0240387 0.204714 3
0.0337907 0.0232461 0.205 3
-0.0173667 0.0263209 0.204667 3
-0.0157443 0.026159 0.2041 3
-0.0136855 0.0261988 0.204381 3
-0.0117786 0.0267299 0.204643 3
-0.00938266 0.0270319 0.205 3
-0.00720743 0.0266471 0.204333 3
-0.00522489 0.0262676 0.204833 3
-0.00329251 0.0262251 0.2045 3
-0.000480954 0.025473 0.205 3
0.00107422 0.0257433 0.2045 3
0.00307973 0.025473 0.205 3
0.00505782 0.0253488 0.204 3
-0.0173667 0.027655 0.204667 3
-0.0159806 0.0275649 0.204 3
-0.0131017 0.0275649 0.204 3
-0.0115515 0.0275649 0.204 3
-0.0102227 0.0275649 0.204 3
0.0415983 0.0291161 0.204 3
0.0424781 0.0290762 0.2045 3
0.0416493 0.0304839 0.20425 3
0.0426409 0.0302611 0.20475 3
0.0416391 0.0324712 0.2042 3
0.0424524 0.0328251 0.204556 3
0.0415983 0.0344348 0.204 3
0.0426237 0.0345473 0.204667 3
0.0429149 0.0366079 0.205 3
0.0426972 0.0386221 0.204667 3
0.0424946 0.0411608 0.205 3
0.0413769 0.0430776 0.204 3
0.0424699 0.0426207 0.205 3
-0.013531 0.0460539 0.204286 3
-0.0118734 0.0459838 0.204444 3
-0.0093369 0.0461801 0.204 3
-0.0072187 0.0458856 0.204667 3
-0.0053769 0.0457384 0.205 3
-0.00315147 0.0457384 0.205 3
-0.000926005 0.0456938 0.2048 3
0.00107159 0.0455153 0.204 3
0.00307202 0.0456045 0.2044 3
0.00530516 0.0457384 0.205 3
0.00730805 0.0457384 0.205 3
0.00931093 0.0457384 0.205 3
0.0115364 0.0457384 0.205 3
0.0136947 0.0455153 0.204 3
0.0159092 0.0455153 0.204 3
0.0179024 0.0455153 0.204 3
0.019674 0.0455153 0.204 3
0.0226635 0.0448476 0.205 3
0.0231086 0.0448476 0.205 3
0.0413769 0.0452937 0.204 3
-0.0156881 0.0469261 0.205 3
-0.0140613 0.0469189 0.204 3
-0.0115515 0.0466234 0.204 3
-0.0093369 0.0466234 0.204 3
-0.00778671 0.0466234 0.204 3
0.0414783 0.0474052 0.2045 3
0.0408021 0.0491608 0.204286 3
0.0406895 0.0515285 0.205 3
0.0396051 0.0537149 0.204 3
0.0406895 0.0533101 0.205 3
0.0396051 0.0554878 0.204 3
0.0395735 0.0573872 0.204 3
0.0400219 0.0584321 0.205 3
0.0395768 0.0597683 0.205 3
0.0400219 0.0597683 0.205 3
0.0390052 0.0620156 0.204333 3
0.0400219 0.0622179 0.205 3
0.0396051 0.0636873 0.204 3
-0.0174102 0.0225194 0.2065 3
-0.0162491 0.0220168 0.206 3
-0.013466 0.0222621 0.2062 3
-0.0118337 0.0225734 0.207 3
0.0328204 0.022255 0.206833 3
-0.0191369 0.0243724 0.207 3
-0.0180477 0.024224 0.206286 3
-0.0133986 0.0238554 0.206143 3
-0.0118955 0.0242993 0.206625 3
0.00175299 0.0244784 0.206 3
0.00220024 0.0244784 0.206 3
0.0306011 0.0240308 0.206 3
0.0322052 0.0237235 0.20625 3
-0.0198432 0.026364 0.207 3
-0.0185972 0.0262687 0.206 3
-0.0114005 0.0258419 0.206429 3
-0.00961415 0.0259792 0.206375 3
-0.00786304 0.0262686 0.206 3
-0.00250807 0.0254967 0.207 3
-0.00160922 0.0254967 0.207 3
-0.0194918 0.0276114 0.206 3
-0.0185972 0.0276114 0.206 3
0.0436035 0.0307763 0.206 3
0.0442424 0.0305205 0.206 3
0.0434564 0.032448 0.2063 3
0.0447674 0.0326732 0.206875 3
0.0438377 0.0345813 0.2062 3
0.0444629 0.0348126 0.206429 3
0.0437952 0.0367864 0.206 3
0.044655 0.0367184 0.206875 3
0.0436035 0.0388964 0.206 3
0.0446819 0.0380893 0.207 3
0.0436138 0.040855 0.2062 3
0.0225727 0.0433376 0.206889 3
0.0233115 0.0432187 0.2068 3
0.0434144 0.0432656 0.206667 3
-0.0211593 0.0459598 0.207 3
-0.0198111 0.0459598 0.207 3
-0.0177027 0.0459615 0.206 3
-0.0155501 0.0457079 0.206375 3
-0.0136623 0.0455388 0.206625 3
-0.0114694 0.0456233 0.2065 3
-0.00942845 0.0459615 0.206 3
-0.00740877 0.0454784 0.206714 3
-0.00520465 0.0452852 0.207 3
-0.00318222 0.0452852 0.207 3
-0.000935039 0.0452414 0.2068 3
0.0010821 0.0450664 0.206 3
0.00309476 0.0450664 0.206 3
0.00533104 0.0450664 0.206 3
0.0073437 0.0450664 0.206 3
0.00939355 0.0452414 0.2068 3
0.0117695 0.0450259 0.2065 3
0.0134775 0.0448395 0.206333 3
0.015618 0.0450664 0.206 3
0.0178542 0.0450664 0.206 3
0.0200905 0.0450664 0.206 3
0.021876 0.0446586 0.206533 3
0.0232213 0.044395 0.206 3
0.0428613 0.0451019 0.206167 3
-0.0211593 0.0464095 0.207 3
-0.0196559 0.0465373 0.206714 3
-0.0179263 0.0468566 0.206 3
0.042677 0.0473042 0.206 3
0.0415589 0.0499896 0.206 3
0.0426671 0.0494171 0.2066 3
0.0416093 0.0513954 0.20625 3
0.0420571 0.0513954 0.20625 3
0.0417606 0.0536053 0.207 3
0.04221 0.0536053 0.207 3
0.0411373 0.055597 0.206286 3
0.04221 0.0556291 0.207 3
0.0409376 0.0576689 0.20625 3
0.0410865 0.0599017 0.207 3
0.0397698 0.0616263 0.206 3
0.0406518 0.0614386 0.2065 3
0.0397698 0.0634166 0.206 3
0.0402171 0.0634166 0.206 3
-0.0113438 0.0209083 0.208333 3
-0.0104733 0.0209752 0.209 3
-0.0195183 0.0227552 0.208667 3
-0.018552 0.0226825 0.208 3
-0.0112865 0.0218793 0.2081 3
-0.0102214 0.022284 0.2085 3
0.0312736 0.0225644 0.209 3
0.0320778 0.0224925 0.208333 3
-0.0231789 0.0250619 0.209 3
-0.0221063 0.0246491 0.209 3
-0.0201461 0.02408 0.208824 3
-0.018552 0.0231344 0.208 3
-0.0108748 0.0240382 0.208 3
-0.0096059 0.024187 0.208609 3
-0.00752379 0.0248349 0.209 3
-3.63934e-05 0.024716 0.208 3
0.000415206 0.024716 0.208 3
0.0293176 0.0233603 0.208 3
0.0304466 0.0233604 0.208 3
0.0315756 0.0233603 0.208 3
-0.0235192 0.0261972 0.209 3
-0.021937 0.0262893 0.208316 3
-0.0206172 0.0258865 0.208333 3
-0.00884258 0.0256198 0.208 3
-0.00726198 0.0256198 0.208 3
-0.00522979 0.0256198 0.208 3
-0.00364919 0.0256198 0.208 3
-0.0231789 0.0273323 0.209 3
-0.0227251 0.0273323 0.209 3
0.0453493 0.0310428 0.208 3
0.0453493 0.0324739 0.208 3
0.046248 0.0325543 0.209 3
0.0454755 0.0346331 0.208429 3
0.046248 0.0345977 0.209 3
0.0457943 0.0368681 0.209 3
0.046248 0.0368681 0.209 3
0.0452563 0.0392065 0.2084 3
0.046248 0.0389115 0.209 3
0.0224251 0.041863 0.209 3
0.0451422 0.0411005 0.208273 3
0.046248 0.0414089 0.209 3
0.0119883 0.0436793 0.209 3
0.012669 0.0436793 0.209 3
0.0160723 0.0436793 0.209 3
0.0221982 0.0429982 0.209 3
0.0450056 0.0428964 0.2085 3
-0.0277166 0.0457227 0.209 3
-0.0262544 0.0453191 0.209 3
-0.0241872 0.0452182 0.209 3
-0.0220941 0.045296 0.2084 3
-0.0199546 0.0451592 0.2085 3
-0.0177963 0.0451209 0.208556 3
-0.0159677 0.0450443 0.208667 3
-0.0136497 0.0448145 0.209 3
-0.0115946 0.0449869 0.20875 3
-0.00933859 0.045307 0.208286 3
-0.0072969 0.0448145 0.209 3
-0.00525493 0.0448145 0.209 3
-0.00321296 0.0448145 0.209 3
-0.000942702 0.0446859 0.2084 3
0.0010926 0.0446002 0.208 3
0.0031248 0.0446002 0.208 3
0.0053828 0.0446002 0.208 3
0.007415 0.0446001 0.208 3
0.0094472 0.0446001 0.208 3
0.0115812 0.0445068 0.2082 3
0.013885 0.0445068 0.2082 3
0.0158201 0.0445224 0.208167 3
0.0178018 0.0446002 0.208 3
0.019834 0.0446001 0.208 3
0.0215175 0.0441334 0.209 3
0.0437687 0.045504 0.208 3
0.044667 0.0449322 0.2085 3
-0.021939 0.0466337 0.208 3
0.0437687 0.0473115 0.208 3
0.0442204 0.0473116 0.208 3
0.0437687 0.0491192 0.208 3
0.0442204 0.0491192 0.208 3
0.0433335 0.0512604 0.208273 3
0.0444329 0.0509447 0.209 3
0.0430913 0.0534124 0.208 3
0.0432467 0.0556467 0.20875 3
0.0419624 0.0577056 0.208 3
0.0430458 0.0577415 0.208714 3
0.0419624 0.0597391 0.208 3
0.0429583 0.0597761 0.208615 3
0.041285 0.0624506 0.208 3
0.0425725 0.0618427 0.209 3
0.0413346 0.06411 0.20825 3
0.042391 0.0641131 0.209 3
0.0414834 0.0654753 0.209 3
0.042391 0.0654753 0.209 3
-0.00901263 0.0205853 0.212 3
-0.00740164 0.0205853 0.212 3
-0.0055605 0.0205853 0.212 3
0.0310321 0.0208156 0.212 3
0.0319526 0.0208156 0.212 3
-0.021466 0.0229005 0.21 3
-0.0205541 0.0229005 0.21 3
-0.00934234 0.0219092 0.210222 3
-0.00736612 0.0220921 0.211 3
-0.00555147 0.0221615 0.211667 3
0.019525 0.0224278 0.212 3
0.0218264 0.0224277 0.212 3
0.0290533 0.0227804 0.211 3
0.0304947 0.0222038 0.211111 3
0.0321366 0.0217046 0.2108 3
-0.0259203 0.0246141 0.211 3
-0.0241763 0.0244721 0.21 3
-0.021808 0.023699 0.21 3
-0.0205541 0.0233568 0.21 3
-0.00892761 0.0233568 0.21 3
-0.00723031 0.0239669 0.210176 3
-0.0052623 0.0242737 0.210619 3
-0.00332401 0.0244659 0.210818 3
-0.00133376 0.0247259 0.210667 3
0.00110311 0.0249537 0.21 3
0.00354699 0.0247259 0.210667 3
0.00533013 0.0246818 0.2112 3
0.0199852 0.023349 0.212 3
0.021829 0.0234331 0.211818 3
0.0234374 0.0231187 0.212 3
-0.0262547 0.0262798 0.211667 3
-0.0244434 0.0262886 0.210333 3
0.00571646 0.0254217 0.212 3
-0.0257731 0.0276811 0.211667 3
-0.0242408 0.0275067 0.210333 3
0.0473778 0.0333242 0.211 3
0.0476079 0.0347002 0.211 3
0.048753 0.034864 0.212 3
0.0473778 0.0367625 0.211 3
0.0473778 0.0388254 0.211 3
0.0217235 0.0415759 0.211 3
0.0460134 0.0404664 0.21 3
0.0472263 0.040818 0.210833 3
-0.0316467 0.0434097 0.211 3
-0.0303407 0.0433097 0.211348 3
-0.0283812 0.0438007 0.211615 3
-0.0262676 0.0436934 0.211429 3
-0.0242104 0.0437364 0.211308 3
-0.0223192 0.0439596 0.211286 3
-0.019868 0.0437531 0.211714 3
-0.0180591 0.0439596 0.211286 3
-0.0158418 0.0440973 0.211 3
-0.0137803 0.0440973 0.211 3
-0.0119479 0.0440973 0.211 3
-0.00721912 0.0440554 0.211167 3
-0.00531779 0.0439715 0.2115 3
-0.00325139 0.0439715 0.2115 3
-0.000953145 0.043867 0.211 3
0.00110599 0.0437895 0.210625 3
0.00316236 0.0437636 0.2105 3
0.00531085 0.0438135 0.211111 3
0.00730441 0.0437064 0.211333 3
0.00943867 0.0436571 0.210923 3
0.011414 0.0436609 0.211667 3
0.01378 0.0436346 0.211143 3
0.0157422 0.0431449 0.211333 3
0.0178464 0.0432192 0.2112 3
0.0199587 0.0432511 0.211143 3
0.0214767 0.0429162 0.210833 3
0.0460134 0.0432039 0.21 3
0.0471124 0.0430699 0.210833 3
-0.0303639 0.0452676 0.21005 3
-0.0284675 0.045177 0.210238 3
-0.0262534 0.0443446 0.21 3
-0.0242238 0.0443868 0.2102 3
-0.0220263 0.0445557 0.211 3
-0.0199648 0.0445557 0.211 3
-0.0179033 0.0445557 0.211 3
-0.0158418 0.0445557 0.211 3
-0.0137803 0.0445557 0.211 3
-0.0111149 0.0447208 0.211 3
-0.00959511 0.0447007 0.211333 3
-0.00736672 0.0445557 0.211 3
-0.00530522 0.0445557 0.211 3
-0.00324371 0.0445557 0.211 3
-0.000948627 0.0443446 0.21 3
0.00110311 0.0443446 0.21 3
0.00315485 0.0443446 0.21 3
0.00520659 0.0443446 0.21 3
0.00725832 0.0443446 0.21 3
0.00953803 0.0443446 0.21 3
0.0111338 0.0443446 0.21 3
0.0138695 0.0443446 0.21 3
0.0152373 0.0443446 0.21 3
0.017745 0.0443446 0.21 3
0.0200247 0.0443446 0.21 3
0.0453295 0.0457133 0.21 3
0.0467778 0.0451426 0.2116 3
-0.0304292 0.047424 0.2105 3
-0.0283725 0.047424 0.2105 3
-0.0262676 0.0473701 0.211429 3
-0.024356 0.0471515 0.211333 3
0.0453295 0.0473103 0.21 3
0.0466817 0.0473002 0.212 3
-0.030373 0.0494925 0.211368 3
-0.0286615 0.0491937 0.211889 3
-0.0265034 0.0484517 0.212 3
0.0453295 0.0493634 0.21 3
0.0466817 0.0496032 0.212 3
-0.030168 0.0512862 0.212 3
-0.029035 0.0512153 0.212 3
0.0453713 0.0517218 0.21125 3
-0.0301857 0.0535183 0.212 3
0.0450893 0.053494 0.211 3
0.0450147 0.0556799 0.210889 3
0.045159 0.0577752 0.2109 3
0.0467219 0.058385 0.211833 3
0.0450086 0.0598069 0.210625 3
0.046342 0.0600561 0.2115 3
0.0435057 0.0621386 0.21 3
0.0451269 0.0618694 0.211643 3
0.0464516 0.0615789 0.212 3
0.0434747 0.0638306 0.210125 3
0.0449644 0.0637301 0.2115 3
-0.0255828 0.0730939 0.212 3
-0.0246622 0.0730939 0.212 3
-0.00651164 0.0186 0.213 3
-0.00604919 0.0186 0.213 3
-0.00998007 0.0206825 0.213 3
-0.00690803 0.0196577 0.213 3
-0.00529244 0.0198621 0.213 3
-0.00419936 0.0202197 0.213 3
0.0223918 0.0206825 0.213 3
0.0302536 0.0209138 0.213 3
0.0326131 0.0200821 0.214 3
-0.00466182 0.0220708 0.213 3
-0.00374239 0.022106 0.213333 3
0.020542 0.0225335 0.213 3
0.0223147 0.0217623 0.213 3
0.0241757 0.0221671 0.213286 3
0.0288514 0.021916 0.21375 3
0.0298373 0.021564 0.213333 3
0.0331833 0.0212445 0.214 3
-0.00304323 0.0234591 0.213 3
-0.000965288 0.0240585 0.2134 3
0.00111887 0.0243846 0.213 3
0.00314306 0.0239187 0.213571 3
0.00482982 0.0239769 0.2135 3
-0.0280158 0.0266985 0.213 3
-0.0278498 0.0281539 0.2135 3
-0.0266058 0.0284188 0.21375 3
0.0493308 0.0369661 0.2135 3
0.0492665 0.03894 0.213444 3
-0.0298656 0.0417387 0.213 3
-0.0290766 0.0419346 0.214 3
0.0164568 0.0417022 0.214 3
0.017809 0.0416042 0.2135 3
0.0197655 0.0415761 0.213222 3
0.0212357 0.0417387 0.213 3
0.0491378 0.0412637 0.213333 3
-0.0298656 0.0422014 0.213 3
-0.0284505 0.0429136 0.213667 3
-0.0262888 0.043097 0.214 3
-0.024198 0.043097 0.214 3
-0.0221932 0.0435798 0.213333 3
-0.0176106 0.0438212 0.213 3
-0.0157607 0.0438212 0.213 3
-0.0137007 0.0435898 0.213 3
-0.0117849 0.0438145 0.21325 3
-0.00956228 0.0437944 0.214 3
-0.00741147 0.0437131 0.213417 3
-0.0053626 0.0434093 0.21325 3
-0.00328588 0.0435212 0.2138 3
-0.000966661 0.0435212 0.2138 3
0.00111887 0.0433584 0.213 3
0.00319992 0.0433584 0.213 3
0.00519327 0.0434124 0.213429 3
0.0073888 0.043289 0.2138 3
0.00946522 0.0428795 0.2135 3
0.0115683 0.043289 0.2138 3
0.0137171 0.04293 0.213556 3
0.0154319 0.0424281 0.213143 3
0.0177673 0.0422014 0.213 3
0.0198483 0.0422014 0.213 3
0.0212357 0.0422014 0.213 3
0.0491378 0.0428077 0.213333 3
-0.0109561 0.0442593 0.214 3
-0.00956228 0.0442593 0.214 3
0.0478269 0.0454408 0.213 3
0.0489806 0.0449568 0.214 3
0.0479765 0.0469765 0.213667 3
-0.0277185 0.049738 0.213 3
-0.0264791 0.0497611 0.213667 3
0.0469019 0.0489117 0.213 3
-0.0296344 0.0523825 0.213 3
-0.0283203 0.0513515 0.213353 3
-0.0269858 0.051001 0.214 3
0.046957 0.0512864 0.21325 3
-0.0296344 0.0535394 0.213 3
-0.0285994 0.0534221 0.213333 3
0.047034 0.0534569 0.2136 3
-0.0300613 0.0557643 0.213 3
-0.0288273 0.0556395 0.213615 3
0.046902 0.0556219 0.213 3
-0.0297735 0.0579752 0.214 3
-0.0288111 0.0578092 0.214 3
0.0471865 0.0576663 0.2135 3
-0.0297735 0.0596026 0.214 3
-0.0288443 0.0596026 0.214 3
0.0470131 0.0627104 0.2135 3
0.0470131 0.063638 0.2135 3
-0.0276827 0.0686691 0.214 3
-0.0276396 0.0704175 0.213667 3
-0.0262479 0.0704175 0.213667 3
-0.0240844 0.0705398 0.213333 3
-0.0223507 0.0704306 0.213 3
-0.0275533 0.071819 0.213 3
-0.026166 0.0722817 0.213 3
-0.024151 0.0722487 0.213 3
-0.0226976 0.0720503 0.213 3
-0.0110586 0.0207391 0.216 3
-0.0035386 0.0206431 0.215 3
0.0235357 0.0206431 0.215 3
0.0309498 0.0205134 0.2156 3
0.0317046 0.0204096 0.215 3
-0.0110586 0.0212084 0.216 3
-0.00279657 0.022085 0.2154 3
-0.00167919 0.022851 0.216 3
0.00182957 0.0227452 0.215 3
0.00323554 0.0227875 0.2154 3
0.00535535 0.0228509 0.216 3
0.0202681 0.0218109 0.215 3
0.0243526 0.0214605 0.215 3
0.026378 0.0220783 0.215333 3
0.0281026 0.0218591 0.215222 3
-0.000504416 0.0236794 0.215 3
0.00112937 0.0236793 0.215 3
0.00229637 0.0236793 0.215 3
-0.0254781 0.0288176 0.215 3
-0.0280455 0.0297519 0.215 3
-0.026727 0.0298441 0.215667 3
-0.0294459 0.0414299 0.215 3
-0.0283441 0.0412134 0.2155 3
-0.027238 0.0416225 0.216 3
-0.00660335 0.0418572 0.216 3
-0.00566542 0.0418572 0.216 3
0.00136911 0.0418572 0.216 3
0.00230705 0.0418572 0.216 3
0.00957607 0.0418572 0.216 3
0.0137968 0.0418572 0.216 3
0.015727 0.0413234 0.215667 3
0.0177163 0.0410009 0.2152 3
0.0194244 0.040684 0.216 3
0.0501431 0.0407292 0.215 3
0.0513143 0.0413879 0.216 3
-0.0280455 0.0423642 0.215 3
-0.0262257 0.042443 0.2154 3
-0.0241897 0.0425612 0.216 3
-0.0220193 0.0430035 0.2154 3
-0.0198765 0.0432983 0.215 3
-0.0177759 0.0432983 0.215 3
-0.0156753 0.0432983 0.215 3
-0.0136914 0.0434151 0.215 3
-0.0114742 0.0435319 0.215 3
-0.00913143 0.0434465 0.215571 3
-0.00728345 0.0428907 0.2153 3
-0.00528617 0.0427148 0.215231 3
-0.00307786 0.0429309 0.2155 3
-0.000974323 0.0429109 0.2154 3
0.00119476 0.0426936 0.215273 3
0.00314606 0.0427854 0.215091 3
0.00534404 0.0429309 0.2155 3
0.00744367 0.0429109 0.2154 3
0.0095465 0.042663 0.215333 3
0.0116323 0.0428313 0.215 3
0.0136598 0.0424147 0.215429 3
0.0153667 0.0421306 0.215 3
0.0501431 0.0437655 0.215 3
0.0513143 0.0427958 0.216 3
0.0501418 0.045377 0.216 3
0.0506108 0.0453769 0.216 3
0.0480425 0.0482031 0.215 3
0.0492334 0.0472633 0.215444 3
-0.0254781 0.0493709 0.215 3
-0.0245445 0.0489038 0.215 3
0.0482101 0.0495439 0.21575 3
0.0486785 0.049544 0.21575 3
-0.0275787 0.0521737 0.215 3
-0.0261799 0.0515091 0.215571 3
0.048266 0.0514778 0.216 3
0.0487349 0.0514778 0.216 3
-0.027777 0.0538145 0.215333 3
-0.0267907 0.0533524 0.2158 3
0.0481319 0.0534393 0.2154 3
0.0485995 0.0534393 0.2154 3
-0.0278249 0.0557025 0.2151 3
-0.027238 0.0557014 0.216 3
0.0480425 0.055677 0.215 3
0.0487394 0.0556908 0.2155 3
-0.0278121 0.0577791 0.215 3
-0.0270621 0.0579891 0.216 3
0.0480425 0.057312 0.215 3
0.0491078 0.0575926 0.215429 3
-0.0296793 0.0608153 0.215 3
-0.0279677 0.0600368 0.215 3
-0.0270035 0.0599249 0.216 3
-0.0296793 0.0612825 0.215 3
-0.0283441 0.0621281 0.2155 3
-0.0270035 0.0613329 0.216 3
-0.0284104 0.0634447 0.216 3
-0.0279414 0.067199 0.216 3
-0.0278552 0.0679265 0.215333 3
-0.0262392 0.0686811 0.2155 3
-0.0246202 0.0688128 0.215667 3
-0.0252447 0.0699241 0.215 3
-0.024115 0.0697979 0.215333 3
-0.0229107 0.0699241 0.215 3
-0.0135275 0.0183261 0.218 3
-0.0149474 0.0204575 0.218 3
-0.0135215 0.0199743 0.2179 3
-0.0117178 0.0203436 0.2178 3
-0.00966214 0.0202207 0.218 3
-0.00808443 0.0202207 0.218 3
0.0218701 0.0208351 0.217 3
0.0262306 0.0209311 0.218 3
0.0283072 0.0208927 0.2176 3
0.0298794 0.0208351 0.217 3
-0.0150309 0.0217093 0.2175 3
-0.0136429 0.0218257 0.217143 3
-0.012052 0.0213066 0.217 3
-0.000872607 0.0222238 0.217462 3
0.00107791 0.022262 0.217545 3
0.00302444 0.0220138 0.217 3
0.00515362 0.0220543 0.2174 3
0.0218701 0.0213066 0.217 3
0.0262306 0.0214048 0.218 3
0.0280908 0.0213802 0.21775 3
-0.000509108 0.0231924 0.217 3
0.000904311 0.0231924 0.217 3
-0.0247728 0.0290858 0.217 3
-0.0275996 0.0309716 0.217 3
-0.0260687 0.0307049 0.217333 3
-0.024887 0.0301671 0.218 3
-0.0277269 0.0320616 0.218 3
-0.0263069 0.0320616 0.218 3
0.050374 0.0361577 0.217 3
0.0508451 0.0361577 0.217 3
-0.0278352 0.0396937 0.217 3
0.0158178 0.0396398 0.218 3
0.017001 0.0396398 0.218 3
0.0517419 0.0388928 0.2178 3
-0.0275996 0.0406366 0.217 3
-0.0263049 0.0410537 0.217429 3
-0.0243159 0.0415264 0.217429 3
-0.0225204 0.0417712 0.218 3
-0.0066645 0.0415343 0.218 3
-0.00570111 0.0414074 0.217333 3
-3.81431e-05 0.0415343 0.218 3
0.00114513 0.0415343 0.218 3
0.00232841 0.0415343 0.218 3
0.0103747 0.0415343 0.218 3
0.0115579 0.0415343 0.218 3
0.0138542 0.0411549 0.217429 3
0.0156467 0.0407012 0.2176 3
0.0174484 0.040525 0.217667 3
0.0515518 0.0404009 0.217 3
-0.0261862 0.042051 0.217 3
-0.0240874 0.0420898 0.2172 3
-0.0219015 0.0425871 0.217333 3
-0.0198981 0.0429158 0.2178 3
-0.0177057 0.0429939 0.217 3
-0.0158211 0.0429939 0.217 3
-0.0135243 0.0431707 0.217 3
-0.0115809 0.0432297 0.217 3
-0.0094686 0.04308 0.2172 3
-0.00761112 0.0424816 0.218 3
-0.0045138 0.0422867 0.217 3
-0.00310038 0.0422867 0.217 3
-0.000980249 0.0422867 0.217 3
0.000433172 0.0422867 0.217 3
0.00326001 0.0422867 0.217 3
0.00514457 0.0422867 0.217 3
0.00728035 0.0423842 0.2175 3
0.00922778 0.0422867 0.217 3
0.011505 0.0422867 0.217 3
0.0126828 0.0422867 0.217 3
0.0515518 0.0439369 0.217 3
0.0516112 0.0451683 0.21725 3
-0.0238305 0.0481801 0.217 3
0.050374 0.0470014 0.217 3
0.0511591 0.0471458 0.217667 3
-0.0238881 0.049515 0.217167 3
-0.0226527 0.0493587 0.217 3
0.0496673 0.0493587 0.217 3
0.0508427 0.0488757 0.218 3
-0.0257151 0.0524232 0.217 3
-0.0245334 0.0512449 0.217667 3
0.0498962 0.0514807 0.218 3
-0.0259272 0.0537934 0.2172 3
-0.0248869 0.0536121 0.218 3
0.04978 0.0533722 0.21775 3
-0.0262912 0.0557324 0.217444 3
-0.0248869 0.0555066 0.218 3
0.0498295 0.055835 0.217154 3
0.0510797 0.0560926 0.21775 3
-0.026153 0.0576594 0.217571 3
0.0501384 0.0571379 0.217 3
0.0510807 0.0571379 0.217 3
-0.0261348 0.0595727 0.217667 3
-0.0273641 0.0625597 0.217 3
-0.0264241 0.0620325 0.2178 3
-0.0277821 0.0643583 0.2175 3
-0.0262793 0.0640718 0.217778 3
-0.0251236 0.0642689 0.218 3
-0.0279635 0.0661635 0.218 3
-0.0263069 0.0661635 0.218 3
-0.0242822 0.0662161 0.218 3
-0.0220471 0.0666371 0.218 3
-0.0203905 0.0666371 0.218 3
-0.0277237 0.0675069 0.2176 3
-0.0262265 0.0676131 0.217333 3
-0.0240847 0.0682059 0.217913 3
-0.0219457 0.0679904 0.218 3
-0.0199172 0.0682948 0.218 3
-0.0182607 0.0682948 0.218 3
-0.023467 0.0699526 0.218 3
-0.0131141 0.0174586 0.219 3
-0.0114595 0.0179508 0.2192 3
-0.00959155 0.0180163 0.22 3
-0.0116877 0.0193618 0.219 3
-0.00964137 0.0197085 0.219333 3
0.0264404 0.020383 0.21975 3
0.0282529 0.0203134 0.219 3
0.0305825 0.0200295 0.219308 3
0.0320567 0.0200755 0.219 3
-0.00265347 0.021265 0.219 3
-0.00123263 0.0213622 0.22 3
0.00376554 0.021265 0.219 3
0.00520277 0.0213039 0.2194 3
0.00736513 0.0223181 0.22 3
0.0247995 0.0213622 0.22 3
0.0252771 0.0213622 0.22 3
-0.0238479 0.0291602 0.219333 3
-0.0252389 0.0312571 0.219 3
-0.0240368 0.0304504 0.219385 3
-0.0229658 0.0302048 0.22 3
-0.027854 0.0331603 0.219 3
-0.0260505 0.0330269 0.219167 3
-0.024424 0.0323741 0.2198 3
-0.0279176 0.0346678 0.2195 3
-0.0263619 0.0346233 0.219556 3
-0.0248765 0.0342677 0.22 3
-0.0265483 0.0361796 0.22 3
0.0123805 0.0371356 0.22 3
0.0133141 0.0373172 0.219667 3
0.0156526 0.0376805 0.219 3
0.017079 0.0376805 0.219 3
0.0520269 0.0374426 0.219 3
-0.0260969 0.0392866 0.219111 3
-0.0248765 0.0397645 0.22 3
0.0104699 0.0397645 0.22 3
0.0118396 0.0388569 0.219938 3
0.0135137 0.0387929 0.219632 3
0.0155932 0.0386916 0.219 3
0.0175545 0.0389493 0.219 3
-0.0259641 0.0403855 0.219333 3
-0.0242813 0.0410649 0.2198 3
-0.0224882 0.0416764 0.22 3
-0.00744211 0.0416764 0.22 3
-0.00504345 0.0413422 0.2195 3
-0.00312895 0.0417249 0.219 3
-0.000989317 0.0415718 0.2192 3
0.00115564 0.0409594 0.22 3
0.00305874 0.0413422 0.2195 3
0.00519198 0.0417249 0.219 3
0.00733165 0.0417249 0.219 3
0.00944153 0.0412244 0.219474 3
0.011624 0.0405811 0.21925 3
0.0133703 0.0404878 0.219 3
0.0147016 0.0400595 0.219 3
0.0181911 0.0405095 0.2195 3
0.0190676 0.0409594 0.22 3
0.0532199 0.0416764 0.22 3
-0.0217227 0.0422965 0.2195 3
-0.0200086 0.0424386 0.219 3
-0.0178689 0.0426765 0.219 3
-0.0157292 0.0426765 0.219 3
-0.0135896 0.0426765 0.219 3
-0.0116877 0.0426765 0.219 3
-0.00978569 0.0426765 0.219 3
-0.00744211 0.0421544 0.22 3
0.0532198 0.0431103 0.22 3
0.0532198 0.0452613 0.22 3
0.0520269 0.0474346 0.219 3
-0.0217211 0.0499273 0.2195 3
0.0517091 0.0494072 0.219667 3
0.0525034 0.0486071 0.22 3
-0.0236935 0.0517169 0.219 3
-0.0219897 0.0514283 0.2198 3
0.0511418 0.0512401 0.219429 3
-0.0238168 0.0536224 0.219385 3
-0.0220728 0.0537091 0.22 3
-0.019808 0.0537322 0.22 3
-0.0181552 0.0538308 0.22 3
0.0503628 0.0543338 0.219 3
0.0511756 0.0537937 0.219571 3
-0.0238124 0.0555233 0.219 3
-0.0219694 0.055675 0.2196 3
-0.0198611 0.0557769 0.22 3
-0.0179505 0.0557769 0.22 3
0.0503628 0.0548096 0.219 3
0.051683 0.0553411 0.219222 3
0.0527402 0.0555234 0.219 3
-0.0252389 0.0576645 0.219 3
-0.0241172 0.0575583 0.219235 3
-0.0220105 0.0576888 0.22 3
-0.0198611 0.0576888 0.22 3
-0.0179505 0.0576888 0.22 3
-0.0256243 0.0601123 0.21925 3
-0.0242462 0.0596303 0.219857 3
-0.0218058 0.0593959 0.22 3
-0.0200203 0.0594414 0.22 3
-0.0179505 0.0591228 0.22 3
-0.0255542 0.0619663 0.219444 3
-0.0248765 0.0619906 0.22 3
-0.0254358 0.0633113 0.219333 3
-0.0242148 0.0643225 0.219571 3
-0.0220499 0.0645009 0.219714 3
-0.0199314 0.0645881 0.219769 3
-0.0184281 0.0646196 0.22 3
-0.0238124 0.0655153 0.219 3
-0.0221483 0.0657533 0.219 3
-0.0198862 0.0660985 0.219316 3
-0.018241 0.0665093 0.219667 3
-0.022386 0.0690839 0.219 3
-0.0177897 0.067813 0.2192 3
-0.0222501 0.0702735 0.219 3
-0.0209595 0.0702735 0.219 3
-0.022386 0.071463 0.219 3
-0.00867551 0.0185783 0.221 3
-0.00819568 0.0185783 0.221 3
0.0289352 0.0184998 0.2215 3
0.0304761 0.0185259 0.221333 3
0.0320628 0.0184998 0.2215 3
-0.00867551 0.0195387 0.221 3
-0.00819568 0.0195387 0.221 3
0.020446 0.0205917 0.222 3
0.0219705 0.0201114 0.221444 3
0.0243815 0.0203431 0.2214 3
0.0259889 0.0199486 0.222 3
0.028374 0.0194623 0.2215 3
0.0302847 0.0193799 0.22125 3
0.0324959 0.0193859 0.222 3
-3.8668e-05 0.0214592 0.221 3
0.00116089 0.0214592 0.221 3
0.00284028 0.0214592 0.221 3
0.00741644 0.0215078 0.2215 3
0.0198741 0.0214592 0.221 3
0.0213135 0.0214592 0.221 3
-0.0228303 0.0293818 0.221 3
-0.0235501 0.0313024 0.221 3
-0.0222501 0.0305088 0.221714 3
-0.0237173 0.0328545 0.221286 3
-0.0226578 0.0323601 0.221667 3
-0.0254694 0.0353837 0.221 3
-0.0240532 0.0345313 0.2215 3
-0.0273887 0.0373043 0.221 3
-0.0260452 0.0371123 0.221 3
-0.0245539 0.036771 0.221714 3
0.0520781 0.0362257 0.22175 3
0.0534191 0.0369516 0.221636 3
0.0549086 0.0377143 0.222 3
-0.0258292 0.0385048 0.221 3
-0.0245829 0.0388617 0.221667 3
0.00791408 0.0394024 0.222 3
0.00933789 0.0388325 0.2215 3
0.0107574 0.039225 0.221 3
0.0186745 0.039225 0.221 3
0.0191543 0.039225 0.221 3
0.053569 0.0386839 0.221111 3
0.0549086 0.0381967 0.222 3
-0.0237842 0.0404501 0.2214 3
-0.0220566 0.0413898 0.221667 3
-0.0199514 0.0418658 0.221 3
-0.0177922 0.0418658 0.221 3
-0.0156329 0.0418658 0.221 3
-0.0137137 0.0418658 0.221 3
-0.0115545 0.0418658 0.221 3
-0.00939525 0.0418658 0.221 3
-0.00715754 0.0413911 0.221889 3
-0.004597 0.0411456 0.221 3
-0.00315753 0.0411456 0.221 3
-0.000998352 0.0409899 0.2212 3
0.00116615 0.0403672 0.222 3
0.00323529 0.0405228 0.2218 3
0.00506754 0.0408537 0.221375 3
0.00741535 0.0407564 0.2215 3
0.0093179 0.0401853 0.221 3
0.0186745 0.0401853 0.221 3
0.0196341 0.0401853 0.221 3
0.0534617 0.0406655 0.221 3
-0.0213908 0.042346 0.221 3
-0.0199514 0.042346 0.221 3
-0.0177922 0.042346 0.221 3
-0.0156329 0.042346 0.221 3
-0.0137137 0.042346 0.221 3
-0.0115545 0.042346 0.221 3
-0.00939525 0.042346 0.221 3
-0.00819568 0.042346 0.221 3
0.0533178 0.0472436 0.221 3
0.0532217 0.0496185 0.221667 3
-0.0199514 0.051709 0.221 3
-0.0178988 0.0517624 0.221 3
-0.0158729 0.0521892 0.221 3
0.0521822 0.051629 0.221 3
-0.0213908 0.0529094 0.221 3
-0.0204312 0.0529094 0.221 3
-0.0172643 0.0534856 0.221 3
-0.0158151 0.0537418 0.221231 3
-0.0144987 0.0545958 0.222 3
0.0520223 0.0536297 0.221 3
0.0532217 0.0543547 0.222 3
-0.0168325 0.0555503 0.221 3
-0.0158478 0.0556686 0.221692 3
-0.0144987 0.0550781 0.222 3
0.0535838 0.0551947 0.2215 3
-0.0168325 0.057711 0.221 3
-0.0161673 0.0575099 0.221286 3
-0.0235501 0.0603518 0.221 3
-0.0225904 0.0603518 0.221 3
-0.0240299 0.0620324 0.221 3
-0.0225904 0.0620324 0.221 3
-0.0240299 0.0637129 0.221 3
-0.0221106 0.0637129 0.221 3
-0.0174235 0.0646835 0.2212 3
-0.0164267 0.0647247 0.222 3
-0.017293 0.0660896 0.221231 3
-0.0163971 0.0660511 0.2216 3
0.0288979 0.0166405 0.224 3
-0.0075436 0.0185042 0.223 3
-0.00101187 0.0185872 0.224 3
0.000933483 0.0185872 0.224 3
0.0271957 0.0185872 0.224 3
0.0285325 0.0178406 0.2238 3
0.0298706 0.0178571 0.224 3
0.0318159 0.0178571 0.224 3
-0.0075436 0.0194732 0.223 3
-0.00320039 0.0200472 0.224 3
-0.00100825 0.0199747 0.2232 3
0.00113583 0.0200501 0.223474 3
0.00296495 0.0205083 0.2232 3
0.005112 0.0206468 0.22325 3
0.00746557 0.0206845 0.223 3
0.0094444 0.0205339 0.224 3
0.0109034 0.0205339 0.224 3
0.0184416 0.0205339 0.224 3
0.0198453 0.0201038 0.223385 3
0.023982 0.0197597 0.2235 3
0.0265176 0.0195871 0.2232 3
0.0278005 0.0189887 0.223 3
-0.00320039 0.0210205 0.224 3
0.00604003 0.0210205 0.224 3
0.00930281 0.0217617 0.2235 3
0.0111813 0.0219244 0.224 3
0.0184416 0.0210205 0.224 3
0.018928 0.0210205 0.224 3
-0.0214381 0.0309974 0.224 3
-0.0209517 0.0309974 0.224 3
-0.0218164 0.0326127 0.2234 3
-0.0209517 0.0324574 0.224 3
-0.0235211 0.0354617 0.223 3
-0.0221297 0.0345894 0.223625 3
-0.0235211 0.036673 0.223 3
-0.0226539 0.0368374 0.224 3
0.00748122 0.0374836 0.2235 3
0.00891807 0.0369152 0.223 3
0.0541875 0.0363507 0.224 3
0.055037 0.0367541 0.2235 3
-0.0235211 0.0388532 0.223 3
-0.0226539 0.0387841 0.224 3
-0.000525531 0.0395141 0.224 3
0.00148687 0.0393243 0.223714 3
0.00287027 0.0393958 0.223333 3
0.00563475 0.0391897 0.224 3
0.00735626 0.038736 0.223375 3
0.00891807 0.0378842 0.223 3
0.0554015 0.0393109 0.2234 3
-0.0222244 0.0405121 0.2236 3
-0.0199344 0.0411244 0.2235 3
-0.0178729 0.0413605 0.2232 3
-0.0157745 0.041518 0.223 3
-0.0135957 0.041518 0.223 3
-0.011417 0.041518 0.223 3
-0.00948027 0.041518 0.223 3
-0.00715978 0.0409932 0.223667 3
-0.00513534 0.0406399 0.2235 3
-0.0031861 0.040549 0.223 3
-0.00105201 0.0403995 0.223273 3
0.000933483 0.0400008 0.224 3
0.00385151 0.0400008 0.224 3
0.00562277 0.0402444 0.223556 3
0.0549139 0.0410334 0.223 3
0.0549139 0.0429714 0.223 3
0.0548101 0.0449441 0.223 3
0.0541877 0.0478164 0.223 3
0.0546718 0.047332 0.223 3
0.0543496 0.049175 0.223667 3
0.0548353 0.049175 0.223667 3
0.0534614 0.0516924 0.223 3
-0.0150482 0.0538727 0.223 3
-0.014564 0.0538727 0.223 3
0.0537575 0.0536031 0.223222 3
0.0548353 0.054033 0.223667 3
-0.0151157 0.0563044 0.224 3
-0.0146293 0.0563044 0.224 3
0.0541877 0.0548417 0.223 3
0.0554516 0.0548438 0.2238 3
-0.0156098 0.0579943 0.22325 3
-0.0146293 0.0572776 0.224 3
-0.0154451 0.0592133 0.2235 3
-0.0146293 0.0592244 0.224 3
0.00952871 0.0167891 0.226 3
0.0110008 0.0167891 0.226 3
-0.00663424 0.0186702 0.225 3
-0.00518128 0.0187116 0.2255 3
-0.00321468 0.0186702 0.225 3
0.00191467 0.0181813 0.225 3
0.00314489 0.0182281 0.225583 3
0.0051126 0.0182621 0.226 3
0.00731173 0.01824 0.225733 3
0.00951817 0.0179959 0.22575 3
0.011197 0.0181639 0.226 3
0.0200783 0.0187531 0.226 3
0.0220411 0.0187531 0.226 3
0.0242491 0.0187531 0.226 3
0.0261528 0.0187116 0.2255 3
0.0275613 0.0179369 0.225 3
-0.00663424 0.019159 0.225 3
-0.00518128 0.0196915 0.2255 3
-0.00321468 0.019159 0.225 3
0.00191467 0.019159 0.225 3
0.00328421 0.0196075 0.2251 3
0.00509752 0.0196762 0.225333 3
0.00729014 0.0196535 0.225067 3
0.00948655 0.0196478 0.225 3
0.0115401 0.0198371 0.225571 3
0.0136793 0.0201956 0.225667 3
0.0158841 0.0201956 0.225667 3
0.0177384 0.0201083 0.225182 3
0.019652 0.0195034 0.2256 3
0.0220411 0.0192442 0.226 3
0.0242491 0.0192442 0.226 3
0.0261528 0.0192016 0.2255 3
0.0119291 0.0211144 0.225 3
0.0135501 0.0215144 0.225 3
0.0155929 0.0213588 0.225 3
0.017547 0.0211144 0.225 3
-0.0200154 0.0311 0.225333 3
-0.0199564 0.0323907 0.225714 3
-0.0210453 0.0345577 0.225 3
-0.0204027 0.0347112 0.226 3
0.0518952 0.0353955 0.225667 3
0.0535126 0.0353301 0.22525 3
0.0554073 0.0354478 0.226 3
-0.0215954 0.036734 0.225286 3
-0.0204845 0.0365116 0.226 3
0.00343593 0.0370179 0.2254 3
0.00506208 0.0369007 0.225706 3
0.00631125 0.0372463 0.225 3
0.0518952 0.0358858 0.225667 3
0.0535126 0.0358195 0.22525 3
0.0560592 0.0367922 0.225556 3
0.0568794 0.0366753 0.226 3
-0.021525 0.0389158 0.225308 3
-0.0201351 0.0391681 0.22575 3
-0.01844 0.0398669 0.226 3
-0.00666372 0.0398669 0.226 3
-0.00516871 0.0396905 0.225 3
-0.00297648 0.0394104 0.2255 3
-0.00114228 0.0392237 0.225833 3
0.00118716 0.0386394 0.226 3
0.00326272 0.0385654 0.225333 3
0.00489365 0.0386102 0.225182 3
0.00631125 0.038224 0.225 3
0.0563834 0.0384684 0.225 3
0.0575336 0.0395396 0.226 3
-0.0215338 0.0401794 0.225 3
-0.0198452 0.040224 0.22525 3
-0.0178293 0.040774 0.22525 3
-0.0159159 0.0409126 0.225 3
-0.0137176 0.0409126 0.225 3
-0.0115193 0.0409127 0.225 3
-0.0095653 0.0409127 0.225 3
-0.00755756 0.040774 0.22525 3
-0.00516872 0.0401794 0.225 3
-0.00321468 0.0401794 0.225 3
-0.00174915 0.0401794 0.225 3
0.0563834 0.0409127 0.225 3
0.05737 0.040849 0.226 3
0.0562206 0.0429495 0.225 3
0.0571247 0.043304 0.226 3
0.0559764 0.0454752 0.225 3
0.0571247 0.0450226 0.226 3
0.0558949 0.0472676 0.225 3
0.0571247 0.0467412 0.226 3
0.0561434 0.0494418 0.226 3
0.0549179 0.0514228 0.225 3
-0.014024 0.054352 0.226 3
0.0558612 0.0536877 0.225571 3
0.0571162 0.0541115 0.225 3
-0.0139422 0.0552522 0.226 3
-0.0151831 0.0585111 0.225 3
-0.0141916 0.0581537 0.22575 3
-0.0140239 0.0595077 0.226 3
0.0135732 0.0161946 0.228 3
0.0269388 0.0161946 0.228 3
0.0120352 0.0176031 0.227 3
0.0135499 0.0178958 0.2276 3
0.0157777 0.0183961 0.227667 3
0.0179883 0.0183828 0.2275 3
0.0197729 0.0182443 0.227 3
0.0211529 0.0180963 0.227 3
0.02434 0.0179284 0.228 3
0.0261499 0.0176488 0.2276 3
0.0278064 0.0171099 0.227 3
0.0310099 0.0180963 0.227 3
0.0315028 0.0180963 0.227 3
0.0135137 0.0193293 0.227 3
0.0157315 0.0193293 0.227 3
0.0179494 0.0193293 0.227 3
0.0191815 0.0193293 0.227 3
-0.0179713 0.0312117 0.227333 3
-0.0163756 0.0313032 0.228 3
-0.0195074 0.0331387 0.227 3
-0.0180862 0.0323968 0.227455 3
-0.0163756 0.0322939 0.228 3
-0.0195074 0.0346182 0.227 3
-0.0186032 0.0342754 0.228 3
0.0514633 0.0348648 0.227 3
0.05367 0.0350184 0.228 3
0.0557599 0.0350835 0.227889 3
0.057131 0.0356046 0.227 3
-0.0196809 0.0369854 0.2273 3
-0.00041116 0.0372475 0.228 3
0.00104745 0.0372642 0.2278 3
0.00242454 0.0373308 0.227 3
0.0566382 0.0360978 0.227 3
0.0578958 0.0366036 0.227364 3
-0.0196305 0.0385638 0.227 3
-0.0182663 0.0391319 0.227917 3
-0.00672269 0.0394767 0.228 3
-0.00522723 0.0393901 0.2275 3
-0.00324931 0.0388947 0.2275 3
-0.00102853 0.0383847 0.2274 3
0.000453134 0.0383172 0.227 3
0.0578703 0.0385638 0.227 3
-0.017536 0.0402899 0.227 3
-0.015811 0.0402899 0.227 3
-0.0135932 0.0402899 0.227 3
-0.0116217 0.0402899 0.227 3
-0.00940389 0.0402899 0.227 3
-0.00767891 0.0402899 0.227 3
0.0583632 0.0412763 0.227 3
0.0582153 0.0426573 0.227 3
0.0579689 0.0453698 0.227 3
0.0579967 0.0473001 0.2275 3
0.0576302 0.0486409 0.228 3
0.0563919 0.0516307 0.227143 3
0.0575241 0.0516839 0.228 3
0.0563917 0.0528663 0.227 3
0.0578777 0.0528515 0.228 3
0.0588678 0.0528515 0.228 3
-0.0141681 0.0561542 0.227 3
-0.0135177 0.0579005 0.2274 3
-0.0131003 0.059771 0.227 3
-0.0121679 0.0597866 0.228 3
0.0158342 0.0159799 0.229667 3
0.0176872 0.0163366 0.23 3
0.0156215 0.0172607 0.229 3
0.0176872 0.0173361 0.23 3
0.0199806 0.0175988 0.229714 3
0.0222049 0.0176979 0.229143 3
0.0237009 0.0175095 0.229 3
0.0287972 0.0172607 0.229 3
0.0332719 0.0182558 0.229 3
0.0337691 0.0182558 0.229 3
-0.0176904 0.0314405 0.229 3
-0.0176158 0.0327834 0.229111 3
-0.0165193 0.0335766 0.23 3
-0.0189334 0.0354208 0.229 3
-0.0177133 0.0347202 0.2293 3
-0.0165193 0.0340763 0.23 3
0.0538123 0.0342764 0.229667 3
0.0546512 0.0341769 0.229 3
0.057883 0.035172 0.229 3
0.0596339 0.0353255 0.23 3
-0.0189334 0.0366646 0.229 3
-0.0179905 0.0367713 0.229667 3
-0.00478421 0.0375743 0.23 3
-0.00303643 0.0371995 0.23 3
-0.00178024 0.0369134 0.229 3
0.059571 0.0365062 0.229222 3
-0.0189334 0.0379084 0.229 3
-0.0175145 0.0386929 0.229364 3
-0.0158381 0.0392957 0.229429 3
-0.0137129 0.0396499 0.229 3
-0.0117241 0.0396499 0.229 3
-0.00948674 0.0396499 0.229 3
-0.00743621 0.039099 0.229667 3
-0.00517538 0.0386061 0.2296 3
-0.00352757 0.0383644 0.2295 3
-0.00178024 0.0379084 0.229 3
0.0592293 0.0389719 0.2294 3
0.0586288 0.0406449 0.229 3
0.0597337 0.0411148 0.229 3
0.0586288 0.0446252 0.229 3
0.059126 0.0446252 0.229 3
0.057883 0.0498493 0.229 3
0.057883 0.0508444 0.229 3
0.0591345 0.0515661 0.23 3
0.057883 0.0540783 0.229 3
-0.0132157 0.055571 0.229 3
-0.0117129 0.0559386 0.23 3
-0.0132157 0.0573124 0.229 3
-0.0115203 0.057787 0.2299 3
-0.0114961 0.0591283 0.229429 3
0.0174121 0.0155373 0.233 3
0.0194356 0.0162966 0.233 3
0.0219649 0.0162966 0.233 3
0.0240736 0.0164361 0.2314 3
0.0260394 0.0164077 0.231 3
0.0285951 0.0164423 0.2322 3
0.029806 0.0162966 0.233 3
0.0397523 0.0164787 0.232 3
0.040256 0.0164787 0.232 3
0.0475118 0.0160435 0.233 3
0.0194356 0.0168028 0.233 3
0.0219649 0.0168028 0.233 3
0.0293002 0.0168028 0.233 3
0.0330942 0.0175622 0.233 3
0.0347303 0.0178731 0.232667 3
0.0366483 0.018274 0.232857 3
0.0388669 0.0178127 0.232533 3
0.041056 0.0177574 0.23225 3
0.0432381 0.0176025 0.232867 3
0.0450836 0.0172584 0.233 3
0.0472589 0.017056 0.233 3
0.0492823 0.017056 0.233 3
0.0348164 0.019419 0.231 3
0.0371412 0.019334 0.233 3
-0.0159759 0.0332552 0.233 3
0.0503301 0.0333645 0.232 3
0.0514858 0.0334604 0.232667 3
0.0530764 0.0335083 0.233 3
0.0558588 0.0335083 0.233 3
0.0578823 0.0335083 0.233 3
0.0599058 0.0335083 0.233 3
0.0614235 0.0335083 0.233 3
-0.0171666 0.0351287 0.232 3
-0.0161133 0.0348449 0.2328 3
-0.007376 0.0352801 0.233 3
-0.00532952 0.0351287 0.232 3
0.0503301 0.0338686 0.232 3
0.0515738 0.0343056 0.231556 3
0.0529594 0.0342779 0.231857 3
0.0560225 0.0342911 0.2318 3
0.0578854 0.0343218 0.231667 3
0.0599549 0.0343916 0.231615 3
0.0615704 0.0346426 0.232125 3
-0.0171518 0.0368602 0.2318 3
-0.0159357 0.036936 0.232647 3
-0.00939951 0.037305 0.233 3
-0.00736863 0.0367588 0.23275 3
-0.00537807 0.0367272 0.231667 3
-0.00380194 0.0364829 0.231 3
-0.000792722 0.0369848 0.231 3
0.06052 0.0371103 0.231 3
0.0614509 0.0367648 0.2312 3
-0.0170926 0.0382395 0.231 3
-0.015633 0.0383492 0.231667 3
-0.0137384 0.0385626 0.231778 3
-0.0114965 0.0386559 0.231667 3
-0.00933899 0.0385727 0.2315 3
-0.00734434 0.038153 0.232 3
-0.00580808 0.0382395 0.231 3
0.0603966 0.038675 0.2312 3
0.0612998 0.038675 0.2312 3
0.0604043 0.0404213 0.232 3
0.060908 0.0401693 0.232 3
0.0596486 0.0479821 0.232 3
0.0597772 0.0493499 0.2325 3
0.0597344 0.051079 0.232333 3
0.0475759 0.0139443 0.234455 3
0.0489858 0.014333 0.234 3
0.020535 0.0163666 0.234 3
0.0286638 0.015604 0.234 3
0.0308272 0.0164365 0.235 3
0.0326884 0.0163899 0.234333 3
0.0389908 0.0164365 0.235 3
0.0413651 0.0163666 0.234 3
0.0428892 0.0163666 0.234 3
0.0453659 0.0161759 0.234 3
0.0471891 0.0152866 0.234333 3
0.0494938 0.015604 0.234 3
0.0513891 0.0157728 0.235 3
0.0531238 0.0157728 0.235 3
0.020535 0.016875 0.234 3
0.0309332 0.0173417 0.234429 3
0.0324209 0.0173211 0.234143 3
0.0373007 0.0176376 0.234 3
0.0389908 0.0169471 0.235 3
0.0413651 0.016875 0.234 3
0.0423812 0.016875 0.234 3
0.0565934 0.0309878 0.235 3
0.0571036 0.0309878 0.235 3
-0.0150284 0.0331437 0.234 3
-0.0140722 0.0332854 0.235 3
0.0500019 0.0331437 0.234 3
0.0511027 0.0329742 0.234 3
0.0537872 0.0330301 0.235 3
0.0558351 0.0325322 0.234571 3
0.0577249 0.0325724 0.234857 3
0.0598453 0.032995 0.23475 3
0.0618194 0.0326194 0.2345 3
-0.0150284 0.0346689 0.234 3
-0.0136348 0.0346712 0.235 3
-0.0113198 0.0353969 0.234333 3
-0.00938549 0.0348777 0.234429 3
0.0543203 0.0339063 0.234 3
0.0548284 0.0339063 0.234 3
0.0624491 0.0339063 0.234 3
-0.0150284 0.0364483 0.234 3
-0.0135389 0.0367953 0.2346 3
-0.0115456 0.0368671 0.234333 3
-0.00954996 0.0363263 0.2342 3
0.0624609 0.0401781 0.235 3
0.0614405 0.0437521 0.235 3
0.0601629 0.0496667 0.234 3
0.0614405 0.0509001 0.235 3
0.06042 0.053453 0.235 3
0.0436964 0.0145167 0.237 3
0.0451624 0.0144922 0.2366 3
0.047041 0.0137443 0.237 3
0.0501731 0.0141991 0.236 3
0.0515631 0.0142292 0.2365 3
0.052735 0.0141991 0.236 3
0.0583714 0.0141991 0.236 3
0.0599051 0.0142592 0.237 3
0.0614488 0.0142593 0.237 3
0.0263469 0.0157374 0.236 3
0.0278841 0.0157373 0.236 3
0.0313469 0.0158041 0.237 3
0.0325225 0.0159045 0.2362 3
0.0345248 0.0160234 0.236444 3
0.0365947 0.0165065 0.236 3
0.0390118 0.0160382 0.236667 3
0.0410528 0.0157774 0.2366 3
0.0433048 0.0156589 0.236111 3
0.0451472 0.0153584 0.236273 3
0.0522227 0.0152246 0.236 3
0.0538365 0.0155894 0.236333 3
0.0555401 0.0160863 0.2366 3
0.0578521 0.0158487 0.236571 3
0.059716 0.0157535 0.23625 3
0.0618985 0.0157868 0.23675 3
0.0635071 0.016319 0.237 3
0.0324956 0.0170192 0.236 3
0.0348013 0.0170192 0.236 3
0.0365947 0.0170192 0.236 3
0.0378757 0.0170192 0.236 3
0.0582006 0.017361 0.236 3
0.0596523 0.0177883 0.236 3
0.0617019 0.0177883 0.236 3
0.0635071 0.0178637 0.237 3
0.0604196 0.0199234 0.237 3
0.0617019 0.0198393 0.236 3
0.0635071 0.0199234 0.237 3
0.0601647 0.0218903 0.236 3
0.0618442 0.0219472 0.236 3
0.0640934 0.0218959 0.236857 3
0.0655653 0.022498 0.237 3
0.0601647 0.0234285 0.236 3
0.0621502 0.0238131 0.236 3
0.0640077 0.0239413 0.236 3
0.0621045 0.0263951 0.236 3
0.0639683 0.0260908 0.236 3
0.065308 0.0268747 0.237 3
0.0619581 0.0285559 0.236 3
0.0639878 0.0282513 0.236556 3
0.065308 0.0273897 0.237 3
0.0550408 0.0313761 0.236 3
0.0583614 0.0309941 0.237 3
0.059716 0.0306388 0.23625 3
0.0619581 0.0306069 0.236 3
0.0638871 0.0304143 0.2365 3
0.0522227 0.0331706 0.236 3
0.0535036 0.0326579 0.236 3
0.0550408 0.0321452 0.236 3
0.0583614 0.031509 0.237 3
0.0596523 0.0321452 0.236 3
0.0617873 0.0321451 0.236 3
0.0638101 0.0325302 0.236111 3
0.0640216 0.0343411 0.237 3
0.0619633 0.0451543 0.237 3
0.0432867 0.0125622 0.239 3
0.0360221 0.0146392 0.239 3
0.0386166 0.0146392 0.239 3
0.0412188 0.0142088 0.238909 3
0.0431853 0.0139061 0.238769 3
0.0453623 0.0138604 0.239 3
0.0466596 0.0138604 0.239 3
0.0539571 0.0143194 0.238 3
0.0606701 0.013341 0.239 3
0.062139 0.0136486 0.238333 3
0.0640429 0.01412 0.239 3
0.0653402 0.0143796 0.239 3
0.0304457 0.0158707 0.238 3
0.035613 0.0158707 0.238 3
0.0367283 0.0157283 0.2382 3
0.0386747 0.0155858 0.2384 3
0.0409166 0.0151458 0.2388 3
0.0428473 0.0150951 0.238 3
0.056024 0.0153536 0.238 3
0.0570574 0.0153536 0.238 3
0.064464 0.0156983 0.238 3
0.0661186 0.0159374 0.239 3
0.0648085 0.017939 0.238 3
0.0661186 0.0174952 0.239 3
0.0648085 0.0200074 0.238 3
0.0661186 0.0200915 0.239 3
0.065842 0.0215586 0.238 3
0.0650668 0.0285394 0.238 3
0.0661858 0.0284596 0.238571 3
0.0650668 0.0295736 0.238 3
0.0655974 0.0305703 0.238857 3
0.053146 0.0328134 0.239 3
0.0655997 0.0322942 0.239 3
0.0645619 0.0354097 0.239 3
0.0645619 0.035929 0.239 3
0.062434 0.0493876 0.2388 3
0.0622248 0.0515499 0.238 3
0.0624321 0.0537665 0.2382 3
0.0635216 0.0535946 0.238667 3
0.0446955 0.0118819 0.241 3
0.0389398 0.0139763 0.241 3
0.0407448 0.0132409 0.240333 3
0.0424258 0.0128754 0.24 3
0.0450311 0.0133969 0.24 3
0.0522826 0.0137145 0.241 3
0.0534599 0.0135836 0.241 3
0.0556837 0.0142381 0.241 3
0.0580383 0.0142381 0.241 3
0.0590848 0.0142381 0.241 3
0.0645715 0.0133969 0.24 3
0.0663382 0.0136203 0.2405 3
0.0677183 0.0137145 0.241 3
0.0187168 0.0160041 0.24 3
0.0200195 0.0160041 0.24 3
0.0221498 0.0160374 0.2405 3
0.0242401 0.0160374 0.2405 3
0.025597 0.0160707 0.241 3
0.0330463 0.0149612 0.24 3
0.0346096 0.0149612 0.24 3
0.0372149 0.0149612 0.24 3
0.0556837 0.0147617 0.241 3
0.0580383 0.0147617 0.241 3
0.0590848 0.0147617 0.241 3
0.066786 0.0150916 0.24 3
0.0677115 0.0155257 0.240667 3
0.0663953 0.0186113 0.24 3
0.067681 0.0175294 0.241 3
0.0671768 0.020697 0.24 3
0.06798 0.0198233 0.241 3
0.0671768 0.0217398 0.24 3
0.0680528 0.0215082 0.240333 3
0.0669163 0.0272149 0.24 3
0.0669163 0.0285186 0.24 3
0.0682416 0.0286373 0.241 3
0.0669163 0.0303435 0.24 3
0.0520656 0.0332114 0.24 3
0.0534812 0.0330193 0.2405 3
0.0548988 0.0328262 0.241 3
0.0664038 0.0326256 0.2405 3
0.0674567 0.031779 0.241 3
0.0660572 0.0346116 0.240667 3
0.064832 0.0368615 0.24 3
0.0637898 0.0418151 0.24 3
0.0639228 0.0432096 0.2405 3
0.0640557 0.0448692 0.241 3
0.0627475 0.0474872 0.241 3
0.0636632 0.047749 0.241 3
0.0639228 0.0494777 0.2405 3
0.064 0.0516093 0.2402 3
0.0653637 0.0521997 0.241 3
0.0637898 0.0527653 0.24 3
0.0459318 0.0119312 0.242 3
0.0540354 0.0119805 0.243 3
0.0627407 0.0122445 0.243 3
0.0640596 0.0122445 0.243 3
0.0661011 0.0122319 0.24275 3
0.067924 0.0122277 0.242667 3
0.0369997 0.0140343 0.242 3
0.039181 0.0130096 0.2425 3
0.0459318 0.0129828 0.242 3
0.0539475 0.0129484 0.243 3
0.0555049 0.0135364 0.2425 3
0.0569656 0.0142972 0.242 3
0.0602418 0.0135364 0.2425 3
0.0615177 0.0132631 0.242333 3
0.0640596 0.0127724 0.243 3
0.0661011 0.0127593 0.24275 3
0.0684505 0.0132818 0.242667 3
0.02238 0.0151482 0.243 3
0.0239124 0.0156428 0.2425 3
0.0255456 0.0151482 0.243 3
0.028593 0.0150859 0.242 3
0.0297663 0.0151482 0.243 3
0.0569656 0.014823 0.242 3
0.0688585 0.0156286 0.24225 3
0.0687393 0.0178865 0.2422 3
0.0685248 0.0190292 0.242 3
0.0698631 0.0201638 0.243 3
0.0698631 0.0212197 0.243 3
0.0698631 0.028875 0.243 3
0.0685248 0.0303335 0.242 3
0.0698631 0.0304589 0.243 3
0.0503978 0.0332253 0.242 3
0.0514487 0.0332253 0.242 3
0.0535078 0.0325707 0.243 3
0.0683632 0.0327012 0.242667 3
0.0698631 0.0320427 0.243 3
0.0503978 0.0337511 0.242 3
0.0514487 0.0337511 0.242 3
0.0681409 0.0346111 0.2425 3
0.0664231 0.0366429 0.242 3
0.0676133 0.0367197 0.2425 3
0.0659663 0.0387866 0.24225 3
0.0677528 0.0389061 0.243 3
0.066035 0.0409335 0.2425 3
0.0660561 0.0429917 0.242857 3
0.0643214 0.045844 0.242 3
0.0656424 0.0452415 0.243 3
0.0643214 0.0468956 0.242 3
0.0656424 0.0473533 0.243 3
0.0659397 0.0494611 0.242429 3
0.0680166 0.0502571 0.243 3
0.0659728 0.0512521 0.242 3
0.0680166 0.051577 0.243 3
0.0660512 0.0536443 0.242286 3
0.0680166 0.0531608 0.243 3
0.0645872 0.0563285 0.243 3
0.0655074 0.0556869 0.2425 3
0.0377243 0.0120791 0.245 3
0.0382562 0.0120791 0.245 3
0.0473709 0.0120298 0.244 3
0.0490849 0.0120607 0.244625 3
0.0514691 0.0120594 0.2446 3
0.0534163 0.012079 0.245 3
0.0558296 0.0117883 0.2445 3
0.0573298 0.011889 0.245 3
0.0600155 0.0123351 0.2448 3
0.0621093 0.0123284 0.244667 3
0.0661827 0.0115468 0.245 3
0.0683104 0.0115468 0.245 3
0.069356 0.0122949 0.244 3
0.0203531 0.0141503 0.244 3
0.0219884 0.0141793 0.2445 3
0.0236281 0.0142082 0.245 3
0.0318731 0.0142082 0.245 3
0.0350646 0.0142082 0.245 3
0.0369264 0.013676 0.245 3
0.0382562 0.0131436 0.245 3
0.0473709 0.01309 0.244 3
0.0491608 0.0131437 0.245 3
0.0514553 0.0134746 0.244375 3
0.0531983 0.01309 0.244 3
0.0556588 0.0128425 0.244333 3
0.057868 0.0133726 0.244333 3
0.059811 0.0132017 0.244444 3
0.0621093 0.01286 0.244667 3
0.0702014 0.0137657 0.244571 3
0.0177769 0.0152728 0.245 3
0.0198629 0.0152417 0.2445 3
0.0214126 0.0152106 0.244 3
0.0245912 0.0152106 0.244 3
0.0267102 0.0152106 0.244 3
0.0278836 0.0152729 0.245 3
0.0309483 0.0152106 0.244 3
0.0322727 0.0152106 0.244 3
0.0702944 0.0157729 0.2445 3
0.0703423 0.0176449 0.244667 3
0.0709453 0.0300541 0.244 3
0.071475 0.0300541 0.244 3
0.0494268 0.0328388 0.245 3
0.0514691 0.0327851 0.2446 3
0.0554554 0.03275 0.245 3
0.0705479 0.0329698 0.244 3
0.071475 0.0327047 0.244 3
0.0703938 0.034766 0.244091 3
0.0715727 0.0346081 0.244333 3
0.0688262 0.0369457 0.244 3
0.0700126 0.0367217 0.244273 3
0.071768 0.0357664 0.245 3
0.0689202 0.0388549 0.244333 3
0.070109 0.0385702 0.244778 3
0.0683905 0.0410656 0.244333 3
0.0696402 0.0408233 0.245 3
0.0682175 0.0431605 0.244667 3
0.0667072 0.0448976 0.244 3
0.0679526 0.0450203 0.244667 3
0.0667072 0.0470181 0.244 3
0.0679526 0.0471466 0.244667 3
0.0667072 0.0486085 0.244 3
0.0681854 0.0490913 0.244143 3
0.0701657 0.0490947 0.244667 3
0.0682965 0.0541748 0.244 3
0.0667072 0.0557652 0.244 3
0.068122 0.0555839 0.244133 3
0.0662531 0.057507 0.244 3
0.0678369 0.0572813 0.24425 3
0.0618965 0.00788455 0.247 3
0.0632371 0.00788455 0.247 3
0.0599301 0.00967335 0.247 3
0.0618965 0.00949447 0.247 3
0.0640415 0.00949447 0.247 3
0.0659186 0.00979981 0.2466 3
0.0682626 0.0100207 0.24675 3
0.0701617 0.0100242 0.246833 3
0.0580216 0.0114031 0.246 3
0.0598895 0.0113647 0.246833 3
0.062009 0.0113437 0.246385 3
0.0639681 0.0112776 0.2461 3
0.0656516 0.0110595 0.246 3
0.0681935 0.0108141 0.2465 3
0.0705815 0.011487 0.246583 3
0.0720856 0.012446 0.247 3
0.0200671 0.0137877 0.247 3
0.0222122 0.013251 0.247 3
0.0244703 0.0135715 0.246333 3
0.0262521 0.0139279 0.246333 3
0.0283793 0.0143243 0.247 3
0.0305715 0.0141261 0.246667 3
0.0324019 0.0139279 0.246333 3
0.0338726 0.0142663 0.246 3
0.0707256 0.0129301 0.246 3
0.0720856 0.0137877 0.247 3
0.0720857 0.0156659 0.247 3
0.0549249 0.0309602 0.247 3
0.0720856 0.0312286 0.247 3
0.0482215 0.0320335 0.247 3
0.0495621 0.0320335 0.247 3
0.0515495 0.0319363 0.24625 3
0.0536344 0.0319039 0.246 3
0.0557858 0.0320925 0.246571 3
0.0573382 0.0323018 0.247 3
0.058947 0.0325701 0.247 3
0.0720856 0.0317652 0.247 3
0.0717938 0.0369813 0.246 3
0.0707256 0.0396537 0.246 3
0.0719884 0.03869 0.246667 3
0.0709413 0.0411156 0.24675 3
0.0702385 0.0430879 0.246429 3
0.0703353 0.0450893 0.2465 3
0.0702989 0.0472865 0.246167 3
0.072147 0.0472791 0.24675 3
0.0707622 0.00953292 0.248 3
0.0723206 0.00980695 0.248111 3
0.0745615 0.0103828 0.249 3
0.0247251 0.012227 0.248 3
0.0252635 0.012227 0.248 3
0.0727596 0.011536 0.2482 3
0.074512 0.0117275 0.248833 3
0.0186077 0.0136288 0.249 3
0.0196098 0.0133046 0.248 3
0.0268789 0.0133046 0.248 3
0.0283111 0.0133449 0.24875 3
0.030231 0.0133583 0.249 3
0.0328466 0.0133225 0.248333 3
0.0373785 0.0133046 0.248 3
0.0732836 0.0135916 0.248333 3
0.0742263 0.0133901 0.2486 3
0.0186077 0.0147108 0.249 3
0.0734803 0.0149812 0.249 3
0.0740209 0.0149812 0.249 3
0.0723775 0.0170764 0.248 3
0.0702237 0.0283915 0.248 3
0.047801 0.0312109 0.249 3
0.0495362 0.0308085 0.248667 3
0.0514817 0.0306073 0.2485 3
0.0534237 0.0307667 0.248333 3
0.0561806 0.0312109 0.249 3
0.0575321 0.0312109 0.249 3
0.0596946 0.0312109 0.249 3
0.0578395 0.0321632 0.248 3
0.0595324 0.0321306 0.249 3
0.0734803 0.0393258 0.249 3
0.0740209 0.0393258 0.249 3
0.0724505 0.0408262 0.24825 3
0.0726694 0.0428422 0.249 3
0.0723991 0.0455471 0.249 3
0.0723991 0.0466291 0.249 3
0.0198471 0.0121022 0.251 3
0.0241103 0.0123256 0.25 3
0.026466 0.0122809 0.2502 3
0.0287609 0.0122511 0.250333 3
0.0302779 0.0122139 0.2505 3
0.0318362 0.0121022 0.251 3
0.0762179 0.012054 0.25 3
0.0175969 0.0142267 0.25 3
0.0198471 0.0126476 0.251 3
0.027204 0.0126476 0.251 3
0.027749 0.0126476 0.251 3
0.0307463 0.0126476 0.251 3
0.0318362 0.0126476 0.251 3
0.0347417 0.0134298 0.250333 3
0.0363707 0.0134298 0.250333 3
0.0751324 0.0139551 0.25 3
0.0762179 0.0136835 0.25 3
0.0175969 0.0147698 0.25 3
0.0747038 0.0157061 0.2502 3
0.0762503 0.0154652 0.251 3
0.074343 0.0172829 0.251 3
0.0721631 0.0194643 0.251 3
0.0691659 0.0249176 0.251 3
0.0648194 0.0264478 0.25 3
0.0691659 0.0262809 0.251 3
0.0699833 0.0268263 0.251 3
0.0500923 0.0290076 0.251 3
0.0511822 0.0290076 0.251 3
0.0579942 0.0290076 0.251 3
0.0626264 0.0290076 0.251 3
0.0631713 0.0290076 0.251 3
0.0691659 0.0276443 0.251 3
0.0703466 0.0277351 0.251 3
0.0724356 0.028735 0.251 3
0.0735255 0.028735 0.251 3
0.0479125 0.030371 0.251 3
0.0490459 0.0301849 0.250429 3
0.0511822 0.0295529 0.251 3
0.054452 0.030371 0.251 3
0.0557032 0.0303105 0.2505 3
0.0577899 0.0301664 0.251 3
0.0596291 0.030371 0.251 3
0.0618998 0.0302801 0.251 3
0.0631713 0.0300983 0.251 3
0.0729612 0.0297068 0.25 3
0.074343 0.0303709 0.251 3
0.074343 0.0320069 0.251 3
0.074343 0.0374603 0.251 3
0.0743429 0.038551 0.251 3
0.0737754 0.0411132 0.25 3
0.0726898 0.0443721 0.25 3
0.0164348 0.0121987 0.253 3
0.0177544 0.0121625 0.25225 3
0.0199261 0.0121505 0.252 3
0.0221147 0.0121505 0.252 3
0.0241391 0.0114935 0.252 3
0.0287561 0.0116329 0.252667 3
0.0304419 0.0113742 0.253 3
0.0366285 0.0122469 0.254 3
0.0164781 0.0133338 0.253667 3
0.0176071 0.0132173 0.2525 3
0.0199261 0.012698 0.252 3
0.0221147 0.012698 0.252 3
0.0234825 0.012698 0.252 3
0.0286803 0.012698 0.252 3
0.0366285 0.0127987 0.254 3
0.0768276 0.0162567 0.252 3
0.0732713 0.0184468 0.252 3
0.0747873 0.0182096 0.2525 3
0.0765836 0.017971 0.253 3
0.0777132 0.0185932 0.254 3
0.0732713 0.0195418 0.252 3
0.0744324 0.0201238 0.253 3
0.0766102 0.0199728 0.254 3
0.0777132 0.0199728 0.254 3
0.0730256 0.0227321 0.254 3
0.0746755 0.0219979 0.253714 3
0.0766102 0.0219043 0.254 3
0.0777132 0.0219043 0.254 3
0.0709238 0.0244722 0.2526 3
0.0726703 0.0241429 0.253545 3
0.0746066 0.0240872 0.25375 3
0.0765054 0.0240186 0.253818 3
0.0777132 0.0238358 0.254 3
0.0640954 0.026576 0.2525 3
0.070675 0.0259784 0.2523 3
0.0724398 0.0262066 0.252917 3
0.074386 0.0262155 0.253 3
0.0760339 0.0262155 0.253 3
0.0453969 0.0290232 0.254 3
0.0469598 0.0290517 0.253429 3
0.0493928 0.0292387 0.253 3
0.0534057 0.029181 0.2525 3
0.0556543 0.0293543 0.254 3
0.0571576 0.0292772 0.253333 3
0.0599855 0.029181 0.2525 3
0.0618481 0.0286484 0.253091 3
0.0639179 0.0282479 0.252571 3
0.0710828 0.0274807 0.252 3
0.0725679 0.0277153 0.252 3
0.0747564 0.0282237 0.252 3
0.076007 0.028302 0.252 3
0.045442 0.0302409 0.252857 3
0.0471104 0.0301829 0.252545 3
0.0493928 0.0297884 0.253 3
0.0534057 0.0297295 0.2525 3
0.0556543 0.0299062 0.254 3
0.0571576 0.0298277 0.253333 3
0.0599855 0.0297295 0.2525 3
0.0617816 0.0296707 0.252 3
0.064189 0.0301087 0.252 3
0.0754599 0.0304919 0.252 3
0.076007 0.0304919 0.252 3
0.0751976 0.0326105 0.2525 3
0.0760205 0.0326105 0.2525 3
0.0750094 0.0344956 0.25325 3
0.0761091 0.0344956 0.25325 3
0.0752315 0.0365284 0.254 3
0.0762425 0.0366204 0.254 3
0.0760587 0.0390117 0.254 3
0.0749558 0.0409432 0.254 3
0.0760587 0.0403914 0.254 3
0.0747454 0.0433826 0.252667 3
0.0757593 0.0438052 0.253 3
0.0745038 0.045258 0.253 3
0.0757593 0.0457291 0.253 3
0.0745038 0.04675 0.253 3
0.0757593 0.0462788 0.253 3
0.0269122 0.0101185 0.256 3
0.0285228 0.0100987 0.2555 3
0.0302471 0.0101185 0.256 3
0.0188529 0.011509 0.256 3
0.0194087 0.011509 0.256 3
0.0224657 0.011509 0.256 3
0.0264255 0.0113242 0.2556 3
0.0282186 0.011059 0.25525 3
0.0302471 0.0106747 0.256 3
0.0326111 0.0116662 0.2558 3
0.0349038 0.0119021 0.2555 3
0.0368437 0.0114866 0.2555 3
0.0384336 0.0122951 0.255 3
0.033174 0.0128491 0.255 3
0.0345581 0.0128491 0.255 3
0.0384336 0.0128491 0.255 3
0.0788496 0.0183894 0.255 3
0.0788496 0.0194974 0.255 3
0.0626806 0.0267689 0.255667 3
0.0637592 0.0266303 0.255857 3
0.0438646 0.0287512 0.256 3
0.0449762 0.0287512 0.256 3
0.0475687 0.0286388 0.255 3
0.0495065 0.0286388 0.255 3
0.051646 0.0287512 0.256 3
0.0535913 0.0287512 0.256 3
0.0558146 0.0287512 0.256 3
0.0579804 0.0287231 0.25575 3
0.0600257 0.0286388 0.255 3
0.0620463 0.0276726 0.2558 3
0.0630707 0.0278078 0.255 3
0.0760814 0.0413814 0.255 3
0.0760814 0.0427665 0.255 3
0.0760814 0.0452596 0.255 3
0.0226412 0.0101976 0.258 3
0.0352447 0.0101976 0.258 3
0.0363651 0.0101976 0.258 3
0.0167596 0.011599 0.258 3
0.017833 0.011569 0.257333 3
0.0203215 0.011554 0.257 3
0.0218387 0.0112887 0.257333 3
0.0236694 0.011554 0.257 3
0.0334342 0.011554 0.257 3
0.0344659 0.0113948 0.2572 3
0.0363651 0.0107581 0.258 3
0.0635327 0.0244914 0.258 3
0.0115201 0.0264455 0.257143 3
0.0128385 0.0270139 0.258 3
0.0624124 0.0267336 0.258 3
0.0640928 0.0256125 0.258 3
0.00999878 0.0285843 0.257 3
0.0114622 0.0283903 0.257267 3
0.0128385 0.0284152 0.258 3
0.043367 0.0278547 0.258 3
0.0450475 0.0278547 0.258 3
0.0471048 0.0277467 0.257 3
0.0495287 0.0278547 0.258 3
0.0514893 0.0278547 0.258 3
0.0534498 0.0278547 0.258 3
0.0551303 0.0278547 0.258 3
0.0584912 0.0278547 0.258 3
0.060054 0.0278007 0.2575 3
0.0613335 0.0277467 0.257 3
0.00999878 0.029701 0.257 3
0.0114056 0.0297299 0.25725 3
0.0128385 0.0298166 0.258 3
0.0205588 0.00801708 0.26 3
0.0183007 0.00971174 0.26 3
0.0200529 0.00953905 0.259714 3
0.0216877 0.0102766 0.26 3
0.0241348 0.0102371 0.259 3
0.025889 0.0102634 0.259667 3
0.0284618 0.0094293 0.26 3
0.0324133 0.0102766 0.26 3
0.0348536 0.00978679 0.259857 3
0.0359437 0.00939304 0.259 3
0.0183007 0.0108415 0.26 3
0.0199173 0.0107998 0.259 3
0.0216877 0.0108415 0.26 3
0.0241348 0.0107998 0.259 3
0.025889 0.0108276 0.259667 3
0.0324133 0.0108415 0.26 3
0.0343442 0.0108276 0.259667 3
0.0160428 0.0249637 0.26 3
0.0619526 0.0246433 0.2596 3
0.0140254 0.0265784 0.259222 3
0.0157953 0.0264244 0.259727 3
0.0435351 0.0262745 0.259 3
0.0449995 0.0268718 0.259333 3
0.0470901 0.0269409 0.26 3
0.0493481 0.0269409 0.26 3
0.0516061 0.0269409 0.26 3
0.0535819 0.0269409 0.26 3
0.0555577 0.0269409 0.26 3
0.0578156 0.0269409 0.26 3
0.0600346 0.026547 0.259833 3
0.0617977 0.0260617 0.259286 3
0.0140129 0.0285254 0.259 3
0.0156436 0.0283565 0.259 3
0.0561875 0.0279627 0.259 3
0.0573122 0.0279627 0.259 3
0.0140129 0.0299322 0.259 3
0.0151375 0.0299322 0.259 3
0.0352223 0.00807875 0.262 3
0.0357912 0.00807875 0.262 3
0.0173038 0.0103557 0.262 3
0.022139 0.00950184 0.262 3
0.0232767 0.00950184 0.262 3
0.0297045 0.00946557 0.261 3
0.0344348 0.00930205 0.2612 3
0.0357912 0.00864799 0.262 3
0.0173038 0.0109249 0.262 3
0.0539941 0.0248712 0.262 3
0.0558144 0.0244158 0.262 3
0.0578812 0.0244917 0.262 3
0.0598514 0.0248237 0.2615 3
0.0458546 0.0259103 0.261 3
0.046988 0.0259103 0.261 3
0.0485901 0.0260096 0.262 3
0.0517187 0.0260096 0.262 3
0.0537097 0.0260096 0.262 3
0.0559308 0.0259848 0.26175 3
0.0577547 0.0259103 0.261 3
0.0591714 0.0259103 0.261 3
0.0220214 0.00756685 0.264 3
0.0326253 0.00814042 0.264 3
0.0342574 0.00811987 0.263333 3
0.0162278 0.0103952 0.263 3
0.0220214 0.008714 0.264 3
0.0310742 0.0095381 0.263 3
0.0325973 0.00927952 0.263778 3
0.0340119 0.00903044 0.2632 3
0.0162278 0.011538 0.263 3
0.0501074 0.0247742 0.264 3
0.0517288 0.0242971 0.2635 3
0.0534011 0.0239588 0.263444 3
0.0550567 0.0238233 0.263 3
0.0573408 0.0238233 0.263 3
0.0455219 0.0262081 0.264 3
0.0499809 0.0258552 0.263333 3
0.0513451 0.0255375 0.263 3
0.0530582 0.0252518 0.263 3
0.0229678 0.00817126 0.265 3
0.0235432 0.00817126 0.265 3
0.0310228 0.00817126 0.265 3
0.0315982 0.00817126 0.265 3
0.0348938 0.00733521 0.266 3
0.0229678 0.00874701 0.265 3
0.0242336 0.00943791 0.265 3
0.0261827 0.00962877 0.2655 3
0.0279634 0.00964691 0.266 3
0.0310228 0.00874701 0.265 3
0.0315982 0.00874701 0.265 3
0.0141029 0.0119586 0.266 3
0.0152579 0.0119586 0.266 3
0.0141029 0.0131145 0.266 3
0.0158046 0.0130898 0.2655 3
0.0117928 0.0186047 0.266 3
0.0117928 0.0191827 0.266 3
0.0501982 0.0226502 0.266 3
0.0507758 0.0226502 0.266 3
0.0478881 0.0249619 0.266 3
0.0495589 0.0243527 0.265667 3
0.0509296 0.0238854 0.2656 3
0.0478881 0.0255398 0.266 3
0.0489196 0.0254758 0.265333 3
0.0335757 0.00591254 0.267 3
0.0341554 0.00591254 0.267 3
0.0239067 0.00768149 0.268 3
0.0258463 0.00826376 0.268 3
0.0290465 0.00826376 0.268 3
0.0305834 0.00789104 0.2672 3
0.0328028 0.0072661 0.267 3
0.0341554 0.00707274 0.267 3
0.0246826 0.00884603 0.268 3
0.0258463 0.00884603 0.268 3
0.0290465 0.00884603 0.268 3
0.0301344 0.00882403 0.267333 3
0.0133829 0.0139372 0.267 3
0.0158949 0.0143239 0.267 3
0.0118371 0.0157742 0.267 3
0.0135761 0.0157742 0.267 3
0.0158318 0.0157382 0.267273 3
0.0175377 0.0158833 0.267429 3
0.0118371 0.0175145 0.267 3
0.0135761 0.0178045 0.267 3
0.0156381 0.0175504 0.267556 3
0.0174092 0.0175801 0.268 3
0.0135761 0.0192548 0.267 3
0.0415567 0.0225294 0.268 3
0.0427205 0.0228205 0.268 3
0.0497028 0.0222382 0.268 3
0.0408003 0.0235192 0.268 3
0.0429585 0.0243556 0.268 3
0.044757 0.0248585 0.268 3
0.0470845 0.0251496 0.268 3
0.0495793 0.0239246 0.267333 3
0.0430114 0.0257318 0.268 3
0.0450479 0.0257318 0.268 3
0.0470845 0.0257318 0.268 3
0.0242213 0.00537868 0.269333 3
0.0263322 0.00539236 0.27 3
0.028384 0.00539236 0.27 3
0.0301557 0.00561815 0.2696 3
0.0324875 0.00597897 0.27 3
0.0244826 0.0069796 0.269 3
0.0263423 0.00725541 0.2695 3
0.0282901 0.00737701 0.269667 3
0.0303353 0.00712842 0.269111 3
0.0324875 0.00656559 0.27 3
0.0268188 0.00887904 0.269 3
0.0279868 0.00887904 0.269 3
0.0437559 0.0226135 0.269 3
0.0452956 0.0223744 0.269 3
0.0473387 0.0223576 0.269444 3
0.0487203 0.0223212 0.269 3
0.0437559 0.0234901 0.269 3
0.0453912 0.0240161 0.269 3
0.0472601 0.0240745 0.269 3
0.0487203 0.0240745 0.269 3
