0.0102307 0.027047 0.197 3
0.0115139 0.027047 0.197 3
0.00983591 0.0284628 0.197 3
0.0115139 0.0283311 0.197 3
0.0134386 0.0285451 0.197 3
0.00124868 0.0313272 0.197 3
0.00324469 0.0310418 0.197 3
0.00509252 0.0308673 0.1968 3
0.0072298 0.0308673 0.1968 3
0.0093753 0.0304711 0.197 3
0.0115139 0.0304711 0.197 3
0.0135942 0.0303544 0.197 3
0.0149356 0.0302571 0.197 3
-3.44687e-05 0.0328252 0.197 3
0.00116538 0.0326809 0.19681 3
0.00302273 0.0324395 0.196304 3
0.00507406 0.0324586 0.19608 3
0.00720318 0.0324585 0.19608 3
0.00921131 0.0323037 0.196368 3
0.0112695 0.0319386 0.197 3
0.0130109 0.0317552 0.197 3
-3.44687e-05 0.0347513 0.197 3
0.00124316 0.0346246 0.19628 3
0.00311002 0.0344802 0.196 3
0.00507225 0.0339361 0.196 3
0.00634889 0.0339361 0.196 3
-3.44687e-05 0.0360353 0.197 3
0.0011515 0.03628 0.196778 3
0.00273175 0.0358524 0.196 3
0.00979884 0.024618 0.198923 3
0.0112943 0.024618 0.198923 3
0.013143 0.0251599 0.199 3
0.00795827 0.0264569 0.199 3
0.00940221 0.0263315 0.198333 3
0.0115842 0.0261346 0.1982 3
0.0137554 0.0263866 0.19848 3
0.0155678 0.026658 0.198769 3
0.0168155 0.0266731 0.199 3
-3.48187e-05 0.0286187 0.199 3
0.00104533 0.0286187 0.199 3
0.00306154 0.0286858 0.198765 3
0.00506832 0.0286858 0.198765 3
0.00739499 0.028383 0.198704 3
0.00892135 0.0283315 0.198 3
0.0141039 0.0280925 0.198 3
0.0158606 0.0284688 0.19808 3
0.0177479 0.028232 0.1986 3
0.0197835 0.0281111 0.199 3
0.0213521 0.0284025 0.199 3
-0.000439412 0.0306501 0.198687 3
0.00101156 0.0303286 0.198476 3
0.00277297 0.0301737 0.198158 3
0.00522969 0.0298658 0.198231 3
0.00719823 0.0299353 0.198091 3
0.0160861 0.0299805 0.198 3
0.0176094 0.0298811 0.1982 3
0.0194078 0.0294834 0.199 3
-0.000983506 0.0326709 0.1984 3
0.000395244 0.0319164 0.198 3
-0.00111325 0.0345846 0.1985 3
-0.000836208 0.036477 0.198571 3
0.000395244 0.0368635 0.198 3
0.0383682 0.020609 0.201 3
0.00803826 0.0223558 0.201 3
0.00941533 0.0220961 0.200737 3
0.0113023 0.0225552 0.200833 3
0.0126205 0.0227925 0.201 3
0.0287673 0.0225742 0.201 3
0.0305129 0.0225742 0.201 3
0.0326949 0.0225742 0.201 3
0.0346587 0.0225742 0.201 3
0.0367195 0.022186 0.201 3
0.0386009 0.0216862 0.201 3
0.00777746 0.0242546 0.200714 3
0.00926264 0.0237782 0.2 3
0.0119173 0.0238414 0.200188 3
0.0136318 0.0242278 0.200765 3
0.0154883 0.0248512 0.201 3
0.0178573 0.024976 0.201 3
0.0200393 0.0245393 0.201 3
0.022324 0.0244109 0.201 3
0.0242252 0.0241324 0.200905 3
0.0261634 0.0240455 0.200833 3
0.0283027 0.0240778 0.2008 3
0.030507 0.0240976 0.20096 3
0.0326949 0.0238842 0.201 3
0.0345278 0.0236222 0.201 3
0.0361861 0.0234475 0.201 3
-0.000669918 0.0267899 0.200909 3
0.00105409 0.0266778 0.200667 3
0.00301463 0.0266778 0.200667 3
0.00529672 0.0265546 0.200706 3
0.00715556 0.0260723 0.200421 3
0.0140775 0.0252863 0.2 3
0.015856 0.0256763 0.200273 3
0.0178633 0.0261261 0.200217 3
0.0199595 0.0261806 0.2002 3
0.0221329 0.0261806 0.2002 3
0.0242962 0.0261705 0.20012 3
0.0262359 0.0261553 0.2 3
0.0279345 0.0259509 0.2 3
0.0304834 0.0253874 0.2008 3
-0.00102572 0.0283456 0.200545 3
0.00105058 0.0276762 0.2 3
0.00300462 0.0276762 0.2 3
0.00517577 0.0276762 0.2 3
0.00647846 0.0276762 0.2 3
0.0221107 0.0276762 0.2 3
0.0238477 0.0276762 0.2 3
-0.00141394 0.0304309 0.2005 3
-0.00242811 0.0327373 0.2004 3
-0.0015548 0.0320215 0.2 3
-0.00291488 0.0346036 0.200556 3
-0.00286814 0.0367128 0.2007 3
-0.0015548 0.0372358 0.2 3
-0.00243538 0.0382954 0.201 3
-0.00112057 0.0381049 0.2 3
0.0389703 0.0164036 0.203 3
0.0370971 0.0181678 0.203 3
0.0387706 0.0177559 0.202917 3
0.0404027 0.0181678 0.203 3
0.00767749 0.0205936 0.203 3
0.00941722 0.0201018 0.2025 3
0.0107627 0.0205936 0.203 3
0.0266295 0.0208141 0.203 3
0.0283924 0.0208141 0.203 3
0.0306057 0.0206104 0.202857 3
0.032526 0.0203388 0.202667 3
0.0348365 0.0202131 0.202706 3
0.0368622 0.0198645 0.20232 3
0.0390574 0.0197141 0.202 3
0.0410122 0.0198528 0.2022 3
0.0431032 0.0198867 0.202917 3
0.0444796 0.0197114 0.203 3
0.00587045 0.0227547 0.203 3
0.0073055 0.0219952 0.202412 3
0.0100518 0.0213699 0.202 3
0.0117059 0.0217914 0.202429 3
0.0135475 0.0223707 0.202625 3
0.0156957 0.0226122 0.203 3
0.018035 0.0227988 0.203 3
0.0199265 0.0223342 0.202895 3
0.0219535 0.0220881 0.20256 3
0.0241193 0.0220577 0.20228 3
0.026305 0.0220491 0.2022 3
0.028308 0.0218808 0.202222 3
0.0304068 0.0215878 0.202308 3
0.032419 0.0215893 0.202 3
0.0346119 0.0215893 0.202 3
0.0365541 0.0213385 0.202 3
0.0396555 0.0211504 0.202 3
0.0409712 0.0215893 0.202 3
0.0428323 0.0212028 0.2025 3
-3.55185e-05 0.0247835 0.203 3
0.00128671 0.024563 0.203 3
0.00304969 0.0243424 0.203 3
0.00536844 0.0242959 0.202619 3
0.00690502 0.0239936 0.202091 3
0.0137797 0.0233448 0.202 3
0.0158572 0.0239752 0.202389 3
0.0179273 0.0240745 0.202316 3
0.0198297 0.0235783 0.202333 3
0.0218933 0.0235642 0.202 3
-0.00245557 0.0269437 0.202667 3
-0.00103153 0.025991 0.202333 3
0.00106284 0.0255805 0.202333 3
0.00303967 0.0255805 0.202333 3
0.00492505 0.0256517 0.2022 3
-0.0024475 0.0283918 0.202 3
-0.00444295 0.0313992 0.203 3
-0.00294705 0.0304875 0.202524 3
-0.00444295 0.0325018 0.203 3
-0.00338644 0.0324562 0.202375 3
-0.0044342 0.0344173 0.2026 3
-0.00399433 0.0344173 0.2026 3
-0.00443857 0.0366548 0.2028 3
-0.00399827 0.0366548 0.2028 3
-0.00443857 0.0388595 0.2028 3
-0.00332025 0.0390547 0.202471 3
0.00525341 0.0503642 0.203 3
0.00775095 0.0500702 0.203 3
0.00944047 0.0499232 0.203 3
0.0109831 0.0499232 0.203 3
0.00541869 0.0513566 0.203 3
0.00745712 0.0514669 0.203 3
0.0092201 0.0510258 0.203 3
0.0373514 0.0143382 0.205 3
0.0390427 0.0142491 0.205 3
0.0400219 0.0141155 0.205 3
0.0369723 0.0157758 0.204667 3
0.0388213 0.015489 0.204105 3
0.0407708 0.0158277 0.204929 3
0.0432858 0.0165652 0.205 3
0.0451404 0.0165652 0.205 3
0.0473993 0.0162042 0.204667 3
0.0494449 0.0158083 0.2045 3
0.0506464 0.0158512 0.204 3
0.00797568 0.0187922 0.205 3
0.00931093 0.0187922 0.205 3
0.0108688 0.0187922 0.205 3
0.0329005 0.0185695 0.205 3
0.0348223 0.0182891 0.204714 3
0.0365281 0.0176355 0.204353 3
0.038055 0.0169276 0.204 3
0.0412058 0.0175393 0.20425 3
0.0430474 0.017932 0.204478 3
0.0451414 0.0178648 0.204167 3
0.0473225 0.0177863 0.204077 3
0.0493493 0.017814 0.204 3
0.0509663 0.0178382 0.204267 3
0.00596272 0.0203914 0.204667 3
0.00741059 0.0199458 0.204538 3
0.00931093 0.0192375 0.205 3
0.0115793 0.0200729 0.204444 3
0.0134123 0.020437 0.20475 3
0.0157647 0.0205737 0.205 3
0.0177676 0.0205737 0.205 3
0.0201037 0.0203164 0.204529 3
0.0220593 0.0203442 0.204444 3
0.0240452 0.0202564 0.204556 3
0.0260934 0.0201915 0.204588 3
0.0284185 0.0200106 0.204375 3
0.0303782 0.019856 0.2045 3
0.0323591 0.0194033 0.2044 3
0.0345117 0.0193653 0.204 3
0.0455845 0.0193653 0.204 3
0.0473562 0.0193653 0.204 3
0.0486849 0.0193653 0.204 3
-0.000480954 0.022578 0.205 3
0.00107685 0.022578 0.205 3
0.00327048 0.0223235 0.205 3
0.00522007 0.0219009 0.2043 3
0.00660803 0.0215814 0.204 3
0.0139389 0.021394 0.204333 3
0.0159838 0.0215516 0.20425 3
0.017797 0.0217134 0.204263 3
0.0194026 0.0215011 0.204143 3
-0.0026322 0.0242854 0.205 3
-0.000961611 0.0240497 0.204583 3
0.000978469 0.0237833 0.204429 3
0.00306471 0.0233543 0.204 3
0.00461491 0.0233543 0.204 3
-0.00303306 0.026132 0.2045 3
-0.00114298 0.0253488 0.204 3
-0.00335756 0.0284513 0.204 3
-0.00447578 0.0305193 0.2045 3
-0.00403178 0.0305193 0.2045 3
-0.00512922 0.0324403 0.204 3
-0.0051355 0.0344778 0.20425 3
-0.00549786 0.0367402 0.2045 3
-0.0069347 0.0390575 0.205 3
-0.00558687 0.0387395 0.2045 3
-0.00480797 0.040407 0.2045 3
-0.00359656 0.0408391 0.205 3
0.00147743 0.0479209 0.205 3
0.00307973 0.0477427 0.205 3
0.00530516 0.0477427 0.205 3
0.00730805 0.0477427 0.205 3
0.00930444 0.0477114 0.204867 3
0.0115256 0.0476957 0.2048 3
0.0137618 0.0477427 0.205 3
0.01586 0.0475836 0.205 3
0.0177095 0.0472198 0.205 3
0.0198941 0.0470251 0.205 3
0.0213283 0.0466292 0.205 3
0.00133101 0.0493126 0.204692 3
0.00306771 0.0493301 0.2042 3
0.00528446 0.0493301 0.2042 3
0.00732382 0.0492415 0.2042 3
0.00941177 0.0488601 0.204231 3
0.0116262 0.0490977 0.204105 3
0.0137322 0.0491925 0.20455 3
0.0155759 0.0490972 0.204909 3
0.0173225 0.0486335 0.205 3
0.0014096 0.0510521 0.204875 3
0.00312783 0.0514355 0.204227 3
0.00461491 0.0521636 0.204 3
0.0121445 0.0506123 0.204 3
0.00174448 0.052642 0.205 3
0.00328744 0.053414 0.205 3
0.00529222 0.0536255 0.2045 3
0.00694831 0.0533378 0.20425 3
0.037491 0.0120045 0.207 3
0.0383899 0.0120045 0.207 3
0.0354686 0.0140284 0.207 3
0.036787 0.0135379 0.206714 3
0.0388058 0.0133318 0.206471 3
0.0408888 0.0136067 0.206533 3
0.0429163 0.0139963 0.207 3
0.0451313 0.0142533 0.207 3
0.0471537 0.0142532 0.207 3
0.0493523 0.0142395 0.2068 3
0.050504 0.0141844 0.206 3
0.0188398 0.016502 0.207 3
0.0200982 0.0163221 0.207 3
0.0218172 0.0161646 0.207 3
0.0350936 0.0160915 0.206556 3
0.0361005 0.0154772 0.206333 3
0.0413352 0.0150795 0.206 3
0.0429784 0.0156488 0.206273 3
0.0451344 0.0156094 0.206444 3
0.0471224 0.0153308 0.206375 3
0.0491622 0.0150795 0.206 3
-0.00295274 0.0184952 0.206667 3
-0.00160662 0.0184952 0.206667 3
0.00752924 0.0184245 0.2065 3
0.00947641 0.017852 0.206444 3
0.0115468 0.0181713 0.206588 3
0.0135923 0.0184599 0.206727 3
0.0156938 0.0183009 0.207 3
0.0179236 0.0180577 0.2068 3
0.0200712 0.0180994 0.206609 3
0.0220498 0.0179659 0.206455 3
0.0241627 0.0180223 0.2064 3
0.0262784 0.018097 0.206762 3
0.0282119 0.0180798 0.206818 3
0.0304656 0.0184892 0.2066 3
0.0325948 0.017981 0.206286 3
0.0344325 0.0174748 0.206182 3
0.0357445 0.0170936 0.206 3
0.0431243 0.0170936 0.206 3
-0.00489225 0.0200935 0.206727 3
-0.00321132 0.0199583 0.206095 3
-0.000872831 0.019881 0.206261 3
0.00101106 0.0199168 0.206667 3
0.00310477 0.0202913 0.206667 3
0.00531926 0.01981 0.206625 3
0.00702445 0.0192659 0.2065 3
0.0120399 0.0193314 0.206 3
0.0138009 0.0196738 0.206182 3
0.0156559 0.0196015 0.2065 3
0.0178542 0.019779 0.206 3
0.0198349 0.0195232 0.206 3
0.0221032 0.0193314 0.206 3
0.0241158 0.0193314 0.206 3
0.0263521 0.0193314 0.206 3
0.0283648 0.0193314 0.206 3
0.0507277 0.0195552 0.206 3
-0.00497263 0.022088 0.206667 3
-0.00316684 0.0220168 0.206 3
-0.0010718 0.0218048 0.206 3
0.0010821 0.0215692 0.206 3
0.0028508 0.0214879 0.206 3
0.00466016 0.0211217 0.206 3
-0.00493694 0.0241887 0.206615 3
-0.0036485 0.0241169 0.206 3
-0.00485663 0.0258827 0.2065 3
-0.00406136 0.0262686 0.206 3
-0.00470748 0.0285789 0.206286 3
-0.00406136 0.0282827 0.206 3
-0.00497263 0.0297213 0.206667 3
-0.00406136 0.0296254 0.206 3
-0.00632821 0.0412375 0.207 3
-0.00559841 0.0409188 0.206333 3
0.0307496 0.0416873 0.207 3
0.0325473 0.0416873 0.207 3
0.0336709 0.0416873 0.207 3
-0.00520464 0.0423619 0.207 3
0.0244182 0.04364 0.206667 3
0.0263401 0.0432188 0.206522 3
0.028338 0.0431039 0.206545 3
0.0304505 0.0431193 0.206909 3
0.0324125 0.0427666 0.207 3
0.0341203 0.0425867 0.207 3
-0.000485647 0.04551 0.207 3
0.00112083 0.0453449 0.206684 3
0.00303059 0.0455856 0.206667 3
0.00535692 0.0459598 0.207 3
0.00737935 0.0459598 0.207 3
0.00940177 0.0459598 0.207 3
0.0117142 0.0455633 0.206765 3
0.0136383 0.0456233 0.2065 3
0.0156685 0.0452108 0.206667 3
0.0178886 0.0451525 0.2064 3
0.0200542 0.0451916 0.206286 3
0.022058 0.04508 0.206385 3
0.0240901 0.045255 0.206077 3
0.0263521 0.0448426 0.206 3
0.0282306 0.0447978 0.206 3
0.0297065 0.044395 0.206 3
-0.000722151 0.0472133 0.206789 3
0.000948057 0.0471849 0.206067 3
0.00320962 0.0467821 0.206167 3
0.00533967 0.0467076 0.206333 3
0.00735558 0.0467076 0.206333 3
0.0093715 0.0467076 0.206333 3
0.0115019 0.0467535 0.206231 3
0.0136053 0.0468566 0.206 3
0.0153943 0.0468566 0.206 3
0.0223268 0.0468567 0.206 3
0.0232213 0.0468566 0.206 3
-0.000451008 0.0493272 0.206615 3
0.000411214 0.0493183 0.206 3
-3.61309e-05 0.051458 0.2065 3
0.000814145 0.0517854 0.2062 3
0.00130901 0.0536404 0.206556 3
0.00247073 0.0540256 0.2062 3
0.00176149 0.0549545 0.207 3
0.0032403 0.0554537 0.206538 3
0.00533967 0.0556749 0.206333 3
0.00668361 0.0556749 0.206333 3
0.00378392 0.0567535 0.207 3
0.00535692 0.0567535 0.207 3
0.00670521 0.0567535 0.207 3
0.0371726 0.0100772 0.209 3
0.0385339 0.0100772 0.209 3
0.0353004 0.0121012 0.208667 3
0.0366789 0.0113564 0.208368 3
0.0389581 0.0112733 0.208412 3
0.0408137 0.0117985 0.208667 3
0.0430716 0.0121205 0.209 3
0.0450591 0.0121058 0.20875 3
0.0470799 0.0119692 0.209 3
0.0494244 0.0123476 0.209 3
0.0507685 0.0122885 0.208 3
0.0144841 0.014618 0.209 3
0.015985 0.0141988 0.209 3
0.0178018 0.0145481 0.208 3
0.0196082 0.0145481 0.208 3
0.0227694 0.0145481 0.208 3
0.0240133 0.0142774 0.209 3
0.0330887 0.0142774 0.209 3
0.0346732 0.0136061 0.208364 3
0.0360916 0.0129663 0.208 3
0.0414205 0.0129212 0.208 3
0.0433172 0.0130793 0.208 3
0.0450895 0.0132333 0.208143 3
0.0473062 0.0132127 0.208333 3
0.0494178 0.0131811 0.208385 3
0.0507685 0.0131923 0.208 3
0.00767753 0.0164343 0.209 3
0.00949262 0.0164343 0.209 3
0.0115346 0.0164343 0.209 3
0.0139082 0.0160839 0.208875 3
0.0158106 0.0157185 0.20855 3
0.0178018 0.0156779 0.208 3
0.0196082 0.0154519 0.208 3
0.0227694 0.0154519 0.208 3
0.0241827 0.0157147 0.2085 3
0.0262402 0.0159541 0.208667 3
0.0283588 0.015985 0.208615 3
0.0303891 0.0159254 0.208714 3
0.0326416 0.0157684 0.208737 3
0.0344465 0.015581 0.208 3
-0.00638936 0.0184777 0.209 3
-0.00511442 0.0182784 0.2088 3
-0.00335141 0.0176501 0.208167 3
-0.000773066 0.017877 0.208625 3
0.00109523 0.0179794 0.2085 3
0.00313231 0.0179794 0.2085 3
0.00529346 0.018025 0.208444 3
0.007235 0.017509 0.208467 3
0.00922159 0.017059 0.208714 3
0.0117328 0.0171869 0.2085 3
0.0135286 0.017281 0.208267 3
0.0157696 0.0172595 0.208 3
0.0178018 0.0168076 0.208 3
0.0241242 0.0168076 0.208 3
0.0261564 0.0168076 0.208 3
0.0286725 0.0170013 0.208 3
0.0304466 0.0172595 0.208 3
0.0322325 0.0171773 0.208 3
0.0340594 0.0168076 0.208 3
-0.00683702 0.0200474 0.2088 3
-0.00561243 0.0196903 0.208222 3
0.00177 0.0192931 0.208 3
0.0031248 0.0192931 0.208 3
0.0047054 0.0192931 0.208 3
-0.0067144 0.0220575 0.2085 3
-0.00590719 0.0220046 0.208 3
-0.006562 0.0238117 0.208286 3
-0.00590719 0.0240382 0.208 3
-0.00638936 0.0261972 0.209 3
-0.00551211 0.0265286 0.2084 3
-0.00522979 0.0283314 0.208 3
0.0197024 0.0314191 0.209 3
0.0197024 0.0318732 0.209 3
-0.00635879 0.0360138 0.208 3
-0.00590719 0.0360138 0.208 3
-0.00703618 0.0387252 0.208 3
-3.65684e-05 0.0395926 0.209 3
0.000417202 0.0395926 0.209 3
0.0335425 0.0393656 0.209 3
0.0346769 0.0393655 0.209 3
0.0367188 0.0393655 0.209 3
-0.00253231 0.0416359 0.209 3
-0.000899412 0.0410907 0.20881 3
0.000417202 0.0409548 0.209 3
0.0162992 0.041863 0.209 3
0.0178874 0.041863 0.209 3
0.0199293 0.041863 0.209 3
0.0219713 0.041863 0.209 3
0.0242726 0.0416684 0.209 3
0.0262483 0.0413555 0.208733 3
0.028548 0.0410965 0.208632 3
0.0303686 0.0406463 0.208526 3
0.0325569 0.0406293 0.2085 3
0.0347561 0.0408495 0.208364 3
0.0367345 0.0407365 0.2087 3
0.0387608 0.0407278 0.209 3
-0.00636643 0.0428447 0.20825 3
-0.00523817 0.0430128 0.208333 3
-0.00321 0.0429675 0.20885 3
-0.000900877 0.0430323 0.208905 3
0.00101989 0.0432076 0.208556 3
0.00302918 0.0435125 0.208538 3
0.00518179 0.0436793 0.209 3
0.00722376 0.0436793 0.209 3
0.00949262 0.0436793 0.209 3
0.0115346 0.0436793 0.209 3
0.0138164 0.0433598 0.208714 3
0.0158716 0.0432129 0.208565 3
0.0178531 0.0431412 0.2086 3
0.0198912 0.0431412 0.2086 3
0.0221069 0.0431584 0.2085 3
0.0239969 0.0427545 0.208333 3
0.0259157 0.0423372 0.208143 3
0.0284144 0.0421146 0.208 3
0.0297692 0.0421146 0.208 3
0.0349626 0.0421146 0.208 3
0.0363174 0.0421146 0.208 3
-0.00638936 0.0450416 0.209 3
-0.00525493 0.0450416 0.209 3
-0.00317802 0.0451687 0.208724 3
-0.00118909 0.0448457 0.2082 3
0.0010926 0.0446002 0.208 3
0.00324075 0.0445224 0.208167 3
0.00526905 0.0449651 0.208364 3
0.0072869 0.0448876 0.208565 3
0.00945628 0.0448683 0.2082 3
0.0114978 0.0444446 0.208333 3
0.0134219 0.0444924 0.208231 3
-0.00638936 0.0466309 0.209 3
-0.00515769 0.0470201 0.209 3
-0.00320768 0.0473579 0.2086 3
-0.00161699 0.0473116 0.208 3
-0.00275919 0.0490148 0.209 3
-0.00161893 0.0491791 0.20825 3
-0.00089736 0.0513008 0.2086 3
-0.000263337 0.0533459 0.208333 3
0.000415206 0.0536383 0.208 3
0.0013184 0.0552953 0.208 3
0.0025603 0.0562368 0.208 3
0.00177851 0.0570748 0.209 3
0.00309969 0.0576724 0.208833 3
0.00532537 0.0579794 0.208286 3
0.00664035 0.0581848 0.2085 3
0.00518179 0.0591182 0.209 3
0.00654311 0.0591182 0.209 3
0.0372017 0.00802408 0.21175 3
0.0387958 0.00790564 0.211667 3
0.0409282 0.00837941 0.212 3
0.042309 0.00837941 0.212 3
0.0496736 0.00803396 0.212 3
0.0331034 0.0102218 0.212 3
0.0348842 0.00982743 0.211636 3
0.0366177 0.00939357 0.210875 3
0.0387923 0.00932124 0.2104 3
0.0409195 0.00944926 0.211118 3
0.042931 0.00970467 0.2115 3
0.0450754 0.00971454 0.211714 3
0.0472977 0.00974515 0.211667 3
0.0492685 0.00949638 0.21125 3
0.0121605 0.0122945 0.212 3
0.0307252 0.0119874 0.212 3
0.0326086 0.0116488 0.211391 3
0.0345467 0.0113833 0.210381 3
0.0362106 0.0105816 0.21 3
0.0396302 0.0105816 0.21 3
0.0412507 0.0109301 0.210125 3
0.0430405 0.0110222 0.210385 3
0.0450974 0.0110849 0.210286 3
0.0473619 0.0110222 0.210385 3
0.0493931 0.0112317 0.210118 3
0.0505728 0.011266 0.21 3
-3.70933e-05 0.0141369 0.212 3
0.00111362 0.0141369 0.212 3
0.00318489 0.0141369 0.212 3
0.00525617 0.0141369 0.212 3
0.00732745 0.0141369 0.212 3
0.00953683 0.0139527 0.212 3
0.0114479 0.0136496 0.2116 3
0.0135396 0.0138196 0.210364 3
0.0150093 0.0140036 0.21 3
0.0245869 0.0135575 0.2116 3
0.026234 0.0137941 0.211273 3
0.0283036 0.0139073 0.21113 3
0.03042 0.013816 0.21064 3
0.0323438 0.0135217 0.210235 3
0.0337029 0.0130911 0.21 3
-0.00704002 0.0160852 0.211769 3
-0.00540947 0.0159843 0.211214 3
-0.00316738 0.0157487 0.211217 3
-0.000954048 0.0156874 0.2112 3
0.00110561 0.0156435 0.2106 3
0.00316086 0.0156289 0.2104 3
0.0052219 0.015644 0.2106 3
0.00723974 0.0155684 0.211273 3
0.00956485 0.0154154 0.2106 3
0.0116174 0.0154079 0.2105 3
0.0134135 0.0156005 0.21 3
0.0261799 0.0151442 0.21 3
0.0282316 0.0151442 0.21 3
0.0305113 0.0151442 0.21 3
0.0318792 0.0151442 0.21 3
-0.00739372 0.0178212 0.211095 3
-0.00541969 0.0173879 0.2101 3
-0.00322834 0.0169692 0.21 3
-0.000948627 0.0169692 0.21 3
0.00110311 0.0169692 0.21 3
0.00315485 0.0169692 0.21 3
0.00520659 0.0169692 0.21 3
0.00657441 0.0169692 0.21 3
-0.00806662 0.019372 0.211333 3
-0.00710384 0.0222162 0.21 3
-0.00763165 0.0241793 0.210556 3
-0.00751101 0.0260815 0.210429 3
0.0335636 0.0265732 0.212 3
0.0347143 0.0265732 0.212 3
0.0358651 0.0265732 0.212 3
-0.00687202 0.0283596 0.210923 3
-0.00596399 0.0283756 0.21 3
-0.006811 0.0298412 0.2115 3
-0.00553427 0.0307265 0.211 3
-0.00533036 0.0321004 0.212 3
0.015768 0.0335535 0.211 3
0.0206757 0.0321004 0.212 3
0.021136 0.0321004 0.212 3
0.0517448 0.0332519 0.212 3
0.053586 0.0332519 0.212 3
0.055197 0.0332519 0.212 3
-0.0064505 0.0351558 0.211 3
-0.00599239 0.0351558 0.211 3
0.015768 0.0340119 0.211 3
0.0452242 0.0351711 0.212 3
0.0472832 0.0347973 0.2116 3
0.0494435 0.034864 0.212 3
0.0515531 0.0346721 0.212 3
0.053586 0.0346337 0.212 3
0.0551133 0.0343825 0.212 3
0.00523138 0.0374501 0.211 3
0.00717684 0.0371421 0.2116 3
0.0330513 0.0373378 0.211667 3
0.0347395 0.037364 0.211615 3
0.0367509 0.0368247 0.211583 3
0.0388868 0.0368817 0.211348 3
0.0410184 0.0368414 0.211818 3
0.0430871 0.0369427 0.211696 3
0.0450212 0.036731 0.211182 3
0.0471295 0.0367385 0.211083 3
0.049312 0.0366156 0.211857 3
0.0510544 0.0362458 0.212 3
0.00151346 0.0395083 0.21 3
0.0032899 0.0390477 0.2108 3
0.00525052 0.0389639 0.21175 3
0.00694388 0.0389326 0.212 3
0.0183743 0.03947 0.212 3
0.0199853 0.03947 0.212 3
0.0220565 0.03947 0.212 3
0.0243742 0.0391267 0.211571 3
0.0262168 0.0389409 0.211706 3
0.0283699 0.0392553 0.211267 3
0.0304268 0.0388881 0.211 3
0.0324693 0.0388433 0.21076 3
0.0346698 0.0384735 0.210333 3
0.0367248 0.0384735 0.210333 3
0.0388377 0.0388493 0.210217 3
0.040909 0.0389646 0.210182 3
0.0430284 0.0388295 0.2109 3
0.0451591 0.0386575 0.211333 3
0.0469197 0.0381377 0.211 3
0.00133108 0.0409226 0.21 3
0.00320511 0.0408775 0.21075 3
0.00524669 0.0410035 0.2116 3
0.00720716 0.0413945 0.211833 3
0.00953667 0.0414767 0.211667 3
0.0116623 0.0412172 0.211778 3
0.0137502 0.0410191 0.21168 3
0.0157829 0.0409249 0.2112 3
0.0178295 0.0408857 0.211 3
0.0199816 0.0409218 0.210864 3
0.0219999 0.0407682 0.210696 3
0.0240739 0.0406762 0.210217 3
0.0262214 0.0403014 0.210333 3
0.0278198 0.0403014 0.210333 3
0.040998 0.0404664 0.21 3
0.0430366 0.0401695 0.2106 3
0.00151346 0.0423371 0.21 3
0.00315729 0.0425463 0.210133 3
0.00521777 0.0428359 0.210438 3
0.0073472 0.0427643 0.210826 3
0.00951325 0.0427791 0.210429 3
0.0116036 0.0427978 0.21025 3
0.0134661 0.0424845 0.21 3
0.0152373 0.0422914 0.21 3
-0.00507616 0.04937 0.211 3
-0.00355538 0.0496403 0.2104 3
-0.00510022 0.0514456 0.212 3
-0.00332675 0.0513608 0.211333 3
-0.00163513 0.0517274 0.210333 3
-0.00256865 0.0525971 0.212 3
-0.000720656 0.0536978 0.21 3
-0.000494973 0.0550879 0.210667 3
0.000875139 0.0561312 0.21 3
0.00133458 0.0578341 0.210667 3
0.00224297 0.0582604 0.21 3
0.00348689 0.0595365 0.2108 3
0.0052303 0.0603721 0.211 3
0.007056 0.0603003 0.21075 3
0.00547958 0.0616217 0.21175 3
0.00710471 0.061791 0.211692 3
0.00732745 0.063191 0.212 3
0.0371327 0.00590125 0.214 3
0.0387589 0.00590125 0.214 3
0.0399204 0.00590125 0.214 3
0.0352185 0.00774896 0.213667 3
0.0365818 0.00716227 0.2135 3
0.038809 0.00679923 0.213 3
0.040986 0.00727796 0.2135 3
0.0427195 0.00743899 0.213667 3
0.0450313 0.00776105 0.214 3
0.0475005 0.0074078 0.213875 3
0.049098 0.00727796 0.2135 3
0.00990554 0.0100393 0.214 3
0.010649 0.00985329 0.214 3
0.0250524 0.0103182 0.214 3
0.025517 0.0103182 0.214 3
0.029234 0.0103182 0.214 3
0.0306013 0.00992905 0.213818 3
0.032574 0.00945826 0.213625 3
0.0344942 0.00892637 0.213286 3
0.0360342 0.00865033 0.213 3
0.0434335 0.00865033 0.213 3
0.0450521 0.00865033 0.213 3
0.0471332 0.00865033 0.213 3
0.0485205 0.00865033 0.213 3
-3.74432e-05 0.012178 0.214 3
0.00112412 0.012178 0.214 3
0.00321494 0.012178 0.214 3
0.00530576 0.012178 0.214 3
0.00746177 0.0118487 0.213667 3
0.0095054 0.0117376 0.213579 3
0.0110376 0.0118129 0.213231 3
0.024666 0.0119844 0.213333 3
0.0261549 0.0119525 0.213412 3
0.0284992 0.0118436 0.213412 3
0.0301616 0.011314 0.213231 3
0.0321034 0.0107328 0.213 3
-0.00651164 0.0142036 0.213 3
-0.00505413 0.0139159 0.213333 3
-0.00307972 0.013957 0.213286 3
-0.0010125 0.0136475 0.213263 3
0.00112062 0.0130664 0.213333 3
0.00320493 0.0130664 0.213333 3
0.00528923 0.0130664 0.213333 3
0.00725162 0.0131722 0.213167 3
0.00921184 0.013278 0.213 3
-0.00512428 0.0151291 0.213 3
-0.00419936 0.0151291 0.213 3
-0.00905515 0.0181372 0.213 3
-0.00908348 0.0195873 0.213667 3
-0.00909766 0.0247316 0.214 3
-0.00909765 0.0256615 0.214 3
-0.00813023 0.0269299 0.213 3
0.0348781 0.0266985 0.213 3
-0.00840072 0.0293811 0.214 3
-0.00810866 0.0282306 0.213111 3
0.0554854 0.0291486 0.214 3
-0.00840072 0.0303109 0.214 3
-0.00735519 0.030582 0.2133 3
-0.00604919 0.0310949 0.213 3
0.0524653 0.0310084 0.214 3
0.0537663 0.0308224 0.214 3
0.0552531 0.0305434 0.214 3
-0.00700029 0.032606 0.2138 3
-0.00607191 0.032606 0.2138 3
0.0166891 0.0333331 0.214 3
0.0171537 0.0333331 0.214 3
0.0431728 0.0335656 0.214 3
0.0452936 0.0332208 0.213778 3
0.0472807 0.0330483 0.213667 3
0.0495686 0.0330279 0.213533 3
0.051495 0.0323425 0.213526 3
0.0536161 0.0323696 0.213444 3
0.0554298 0.0321637 0.213133 3
-0.00840072 0.0351929 0.214 3
-0.00723915 0.0347279 0.214 3
-0.00607759 0.034263 0.214 3
0.0122178 0.0350284 0.213 3
0.0136051 0.0350284 0.213 3
0.0155205 0.0347016 0.213429 3
0.0171537 0.034263 0.214 3
0.0346877 0.0352003 0.213889 3
0.0367849 0.0350337 0.2136 3
0.0387781 0.0349325 0.213615 3
0.0408612 0.0348799 0.213714 3
0.0430712 0.0347234 0.2135 3
0.0450112 0.0343354 0.213231 3
0.0471332 0.0338715 0.213 3
0.0494454 0.0338715 0.213 3
0.0508328 0.0338715 0.213 3
-0.00840072 0.0370527 0.214 3
-0.00734967 0.0368295 0.213833 3
0.00828693 0.0371109 0.213 3
0.00955915 0.0370071 0.213357 3
0.0115613 0.0367655 0.21368 3
0.0136567 0.0367864 0.2138 3
0.0156791 0.0368808 0.214 3
0.0178507 0.0377501 0.214 3
0.0199415 0.0377501 0.214 3
0.0222646 0.0375176 0.214 3
0.0240928 0.0372381 0.213733 3
0.0261731 0.0372263 0.213667 3
0.0282203 0.0373697 0.214 3
0.0305735 0.037103 0.213625 3
0.0323653 0.0365179 0.213526 3
0.03469 0.0362301 0.213267 3
0.0367279 0.0357226 0.213 3
0.038809 0.0357226 0.213 3
0.04089 0.0357226 0.213 3
0.0429711 0.0357226 0.213 3
0.0503703 0.0373423 0.213 3
0.051811 0.0372624 0.2136 3
0.0536161 0.036906 0.213444 3
0.0549261 0.0367062 0.213333 3
-0.00840072 0.0396099 0.214 3
-0.00760809 0.0386843 0.213091 3
0.00757964 0.0390165 0.213 3
0.00944543 0.0389709 0.21305 3
0.0115349 0.0389977 0.2132 3
0.0136179 0.0389977 0.2132 3
0.0157009 0.0389977 0.2132 3
0.0176725 0.0388331 0.21325 3
0.0198794 0.0385587 0.213333 3
0.0221239 0.0385833 0.213286 3
0.0239197 0.0383648 0.213111 3
0.0263227 0.038129 0.213 3
0.0283186 0.0383016 0.213333 3
0.0295599 0.0382679 0.213 3
-0.00840072 0.0400748 0.214 3
-0.00793609 0.0400748 0.214 3
0.00736201 0.0405817 0.213 3
0.00944305 0.0405817 0.213 3
0.0110617 0.0405817 0.213 3
-0.00449348 0.0536016 0.2138 3
-0.00313909 0.0536025 0.213462 3
-0.00165586 0.0537708 0.213 3
-0.00259288 0.0549531 0.214 3
-0.00147623 0.0557387 0.2138 3
-0.000656916 0.057388 0.213833 3
0.000426185 0.0578409 0.2135 3
0.0013501 0.0594012 0.213 3
0.00262185 0.0603653 0.213 3
0.00344268 0.0620877 0.21375 3
0.00481851 0.0623321 0.213 3
0.00344725 0.0635546 0.214 3
0.00528662 0.0637957 0.21325 3
0.00680707 0.063813 0.213 3
0.00577039 0.0654144 0.214 3
0.00669964 0.0654144 0.214 3
0.0372452 0.0038446 0.216 3
0.0388866 0.0038446 0.216 3
0.0402935 0.0038446 0.216 3
0.0475625 0.0038446 0.216 3
0.0350021 0.00563435 0.215667 3
0.0367571 0.00514887 0.215375 3
0.0389195 0.00473279 0.215385 3
0.041064 0.00540239 0.215412 3
0.0431073 0.00576869 0.216 3
0.0453987 0.00559755 0.21575 3
0.0473354 0.00521689 0.215455 3
0.0487427 0.00546171 0.215 3
0.0306797 0.00783357 0.216 3
0.0328165 0.00766506 0.215667 3
0.034461 0.00713456 0.215143 3
0.0436079 0.00686307 0.215 3
0.0452417 0.00686307 0.215 3
0.0468755 0.00686307 0.215 3
-3.77931e-05 0.0104147 0.216 3
0.00113463 0.0104147 0.216 3
0.00324499 0.0104147 0.216 3
0.00535085 0.00993736 0.215833 3
0.00730811 0.00996296 0.215615 3
0.00907648 0.00978361 0.215889 3
0.0263042 0.00986207 0.215769 3
0.0285194 0.00975174 0.215625 3
0.0302723 0.00890079 0.215333 3
0.0321714 0.00873155 0.215 3
-0.00493899 0.0122349 0.215 3
-0.00331343 0.0119114 0.2155 3
-0.000974213 0.0117064 0.2156 3
0.00113113 0.0113175 0.215333 3
0.00323497 0.0113175 0.215333 3
0.00533432 0.0113091 0.215167 3
0.00743114 0.0108336 0.215 3
0.00883153 0.0108336 0.215 3
0.0267565 0.0111139 0.215 3
0.0279702 0.0110671 0.215 3
-0.00657278 0.0134028 0.215 3
-0.00535911 0.0131225 0.215 3
-0.0033052 0.0130524 0.215 3
-0.00120461 0.0127021 0.215 3
-0.0100738 0.0183075 0.215 3
-0.0110586 0.0200351 0.216 3
-0.00977175 0.0201684 0.215364 3
-0.00797318 0.0206431 0.215 3
-0.00904736 0.0217628 0.215769 3
-0.00798801 0.0220868 0.2154 3
0.0494384 0.0214431 0.216 3
0.0508453 0.0214431 0.216 3
-0.00914017 0.0271828 0.215 3
-0.00917206 0.0284503 0.21575 3
0.033259 0.0280132 0.216 3
0.0337279 0.0280132 0.216 3
0.0520177 0.0288344 0.216 3
0.0536533 0.0287012 0.215615 3
0.0550636 0.0281285 0.215889 3
-0.00910016 0.0304737 0.215889 3
-0.00797318 0.0313868 0.215 3
0.0243486 0.0308288 0.216 3
0.0252865 0.0308289 0.216 3
0.0456866 0.0310635 0.216 3
0.047328 0.0310635 0.216 3
0.0497093 0.0307662 0.215692 3
0.0515455 0.0304946 0.215455 3
0.0535005 0.0299496 0.215 3
0.0550445 0.0295184 0.215 3
-0.00893511 0.0323427 0.215667 3
-0.00797318 0.0325546 0.215 3
0.0181964 0.0333069 0.215333 3
0.0198152 0.0331753 0.216 3
0.0223348 0.0325818 0.216 3
0.0241141 0.0324714 0.216 3
0.0252865 0.0324714 0.216 3
0.03279 0.03341 0.216 3
0.0346659 0.03341 0.216 3
0.0370107 0.0331753 0.216 3
0.0386186 0.0332089 0.216 3
0.0410953 0.0329193 0.215643 3
0.0432708 0.0326292 0.2155 3
0.0451175 0.0322718 0.2153 3
0.0473368 0.0318742 0.215385 3
0.0493877 0.0319595 0.215231 3
-0.0088756 0.0344603 0.215857 3
-0.0079979 0.0342963 0.215667 3
0.0167671 0.0353573 0.215 3
0.0180463 0.0346899 0.2154 3
0.0198934 0.0345832 0.216 3
0.0220037 0.0345832 0.216 3
0.0241141 0.0345832 0.216 3
0.0259118 0.0348179 0.216 3
0.0283348 0.0352871 0.216 3
0.0304756 0.0349195 0.215667 3
0.0326708 0.0347723 0.215217 3
0.0347108 0.0342139 0.215385 3
0.0367482 0.0342378 0.215308 3
0.0388899 0.0339997 0.215444 3
0.0410406 0.0339559 0.215 3
0.042441 0.033956 0.215 3
-0.00847923 0.0364603 0.216 3
-0.00801026 0.0364603 0.216 3
0.0167671 0.0362916 0.215 3
0.0179955 0.0366473 0.215111 3
0.0200418 0.0366479 0.2155 3
0.022027 0.0364458 0.215263 3
0.0242011 0.0361387 0.215286 3
0.0262933 0.0360857 0.215385 3
0.0284662 0.0363803 0.215222 3
0.0301636 0.0361578 0.21525 3
0.053469 0.0385688 0.215 3
0.0548315 0.0392762 0.216 3
-0.00449299 0.0557014 0.216 3
-0.00323289 0.0556859 0.215333 3
-0.00292977 0.0574221 0.216 3
-0.00144384 0.0583318 0.21575 3
-0.00102472 0.059904 0.215789 3
0.000829575 0.0603216 0.215143 3
-0.000799867 0.0612742 0.216 3
0.00124903 0.0619016 0.215667 3
0.00229637 0.0619831 0.215 3
0.00182957 0.0631509 0.215 3
0.00229637 0.0631509 0.215 3
0.0456363 0.00198565 0.218 3
0.046583 0.00198565 0.218 3
0.0349869 0.00388019 0.218 3
0.0367182 0.00358889 0.2176 3
0.0387734 0.00316974 0.218 3
0.0410448 0.00335865 0.217727 3
0.0430585 0.00336891 0.217786 3
0.0453533 0.00328922 0.217647 3
0.0469141 0.00307913 0.217222 3
0.0288338 0.00601156 0.218 3
0.0304904 0.00601156 0.218 3
0.0325748 0.00552965 0.2177 3
0.0344702 0.0050293 0.217455 3
0.0362947 0.00434052 0.217333 3
0.0414223 0.00433386 0.217 3
0.0432328 0.00476017 0.2171 3
0.0449 0.00465039 0.217111 3
0.0466049 0.00433386 0.217 3
-0.00264136 0.00790611 0.218 3
0.00327503 0.00790611 0.218 3
0.00516828 0.00790611 0.218 3
0.00729817 0.00790611 0.218 3
0.00919142 0.00790611 0.218 3
0.0248106 0.00790611 0.218 3
0.0262306 0.00790611 0.218 3
0.0283208 0.00742159 0.2177 3
0.0302365 0.00712188 0.2172 3
0.0322351 0.00692692 0.217 3
-0.00452766 0.0100214 0.217667 3
-0.00311181 0.0095542 0.2178 3
-0.00107829 0.00964443 0.2177 3
0.00114251 0.00930454 0.2175 3
0.00302578 0.00928931 0.217125 3
0.00498752 0.00896993 0.217 3
0.0072647 0.00881277 0.217 3
0.00914926 0.00881277 0.217 3
0.0263459 0.00881277 0.217 3
0.0282304 0.00881277 0.217 3
-0.00489071 0.0115001 0.217 3
-0.00286481 0.011288 0.217 3
-0.00121582 0.0109344 0.217 3
-0.0111097 0.0208351 0.217 3
0.0524994 0.0206943 0.218 3
0.0536826 0.0206943 0.218 3
0.0548659 0.0206943 0.218 3
-0.0111097 0.0213066 0.217 3
-0.00995424 0.0224197 0.2175 3
0.0480183 0.0220138 0.217 3
0.0484894 0.0220138 0.217 3
0.0524994 0.0216416 0.218 3
0.0529727 0.0216416 0.218 3
-0.00950436 0.0236546 0.218 3
-0.0092677 0.0268516 0.218 3
0.0373534 0.0266148 0.218 3
0.0378267 0.0266148 0.218 3
0.0524994 0.0270884 0.218 3
0.0536826 0.0270884 0.218 3
0.0548659 0.0270884 0.218 3
-0.0102143 0.0282725 0.218 3
0.0309637 0.028983 0.218 3
0.0319104 0.0285093 0.218 3
0.0373534 0.027562 0.218 3
0.0378267 0.027562 0.218 3
0.0482396 0.028983 0.218 3
0.0498039 0.0289291 0.2176 3
0.0513664 0.0283573 0.217357 3
0.0534974 0.0277029 0.21725 3
0.0546142 0.0276714 0.217 3
-0.011161 0.0311143 0.218 3
-0.0102143 0.0304039 0.218 3
0.0267385 0.0306573 0.217 3
0.0285327 0.0305704 0.2175 3
0.030543 0.0305091 0.218 3
0.0323541 0.0303151 0.218 3
0.0347502 0.0306407 0.218 3
0.0366434 0.0311143 0.218 3
0.0387734 0.0311143 0.218 3
0.0409032 0.0311143 0.218 3
0.0430332 0.0311143 0.218 3
0.0450889 0.0305399 0.2175 3
0.0473316 0.0302528 0.2176 3
0.0491074 0.0300014 0.217273 3
0.0508451 0.0297929 0.217 3
-0.00999775 0.0326806 0.2174 3
0.0265814 0.0326217 0.217 3
0.0285193 0.0326814 0.2174 3
0.030434 0.0327108 0.2176 3
0.0324744 0.03256 0.217455 3
0.0346705 0.0324595 0.2175 3
0.0366246 0.03235 0.217111 3
0.0389581 0.0323397 0.217143 3
0.0408249 0.0320962 0.217167 3
0.0429703 0.0318809 0.217 3
-0.00922519 0.0340361 0.217 3
0.026817 0.0343897 0.217 3
0.028466 0.0345076 0.217 3
0.0303506 0.0340361 0.217 3
0.0317639 0.0340361 0.217 3
-0.00898962 0.0391436 0.217 3
-0.00804734 0.038515 0.217 3
0.0524994 0.0391661 0.218 3
0.0533923 0.0394827 0.2174 3
0.0546142 0.0394579 0.217 3
0.0539193 0.0405871 0.218 3
0.0550391 0.0410142 0.21775 3
-0.0045138 0.0573736 0.217 3
-0.00357152 0.0583166 0.217 3
-0.00294333 0.0595738 0.217 3
0.0431891 -0.00062504 0.22 3
0.0450998 -0.00062504 0.22 3
0.0372185 0.00200386 0.22 3
0.0390991 0.00176335 0.219833 3
0.0411414 0.00127191 0.219737 3
0.0431499 0.00104608 0.2198 3
0.0450705 0.000960383 0.219 3
0.0283819 0.00391579 0.22 3
0.0305031 0.00343425 0.2198 3
0.0326312 0.00343188 0.219667 3
0.0346578 0.00331292 0.219667 3
0.0367887 0.00295013 0.219333 3
0.0388452 0.00247903 0.21975 3
0.0408531 0.00247056 0.219 3
0.0429928 0.00247056 0.219 3
0.044657 0.00247056 0.219 3
0.00187212 0.00582772 0.22 3
0.00306625 0.00582772 0.22 3
0.00521569 0.00582772 0.22 3
0.00736513 0.00582772 0.22 3
0.00975339 0.00582772 0.22 3
0.0247995 0.00582772 0.22 3
0.0264227 0.00550171 0.219733 3
0.0281662 0.00515199 0.21925 3
0.0304106 0.00485227 0.219133 3
0.0325322 0.0043738 0.219 3
0.0339587 0.0043738 0.219 3
-0.00266558 0.00702268 0.22 3
-0.000991541 0.00748253 0.2195 3
0.00119431 0.00740955 0.219412 3
0.00295441 0.00693097 0.219286 3
0.00519989 0.0067624 0.219333 3
0.00734281 0.0067624 0.219333 3
0.00933754 0.00685374 0.2192 3
0.0248995 0.00685374 0.2192 3
0.0261884 0.00680392 0.219273 3
-0.000751541 0.00889399 0.219 3
-0.011625 0.0220386 0.2196 3
0.0538408 0.0222225 0.22 3
0.0550051 0.0222685 0.2195 3
-0.011161 0.0241276 0.22 3
-0.0102228 0.0242853 0.2192 3
-0.0105469 0.025425 0.22 3
-0.0102398 0.0263796 0.219111 3
0.0391291 0.02662 0.22 3
0.0409032 0.0262103 0.22 3
0.0499736 0.0267385 0.2198 3
0.05139 0.0268175 0.219667 3
0.0535101 0.0261682 0.219778 3
0.0550052 0.0260815 0.2195 3
-0.0112633 0.0285319 0.22 3
0.0330077 0.0286401 0.219 3
0.0349312 0.0287266 0.219 3
0.0368115 0.0286401 0.219 3
0.038882 0.0283072 0.2195 3
0.0409566 0.0283552 0.22 3
0.0431725 0.0287598 0.219917 3
0.0451123 0.0287565 0.219615 3
0.0474135 0.0284492 0.219778 3
0.0493497 0.0279714 0.219471 3
0.0515515 0.0276885 0.219 3
-0.011741 0.0304438 0.22 3
0.0330077 0.0307019 0.219 3
0.0345854 0.030327 0.219 3
0.0368115 0.0300675 0.219 3
0.0387284 0.0300788 0.219083 3
0.0409523 0.0303535 0.219263 3
0.0430416 0.0301013 0.21925 3
0.0448608 0.0297956 0.219 3
0.0472722 0.0295917 0.219 3
-0.0122187 0.0316388 0.22 3
-0.00935273 0.0371356 0.22 3
-0.00935273 0.0409594 0.22 3
0.053431 0.0410671 0.2193 3
0.0546421 0.0417249 0.219 3
0.0541751 0.0428713 0.22 3
0.0553693 0.0428714 0.22 3
0.0373158 -0.00111305 0.222 3
0.0388757 -0.00105914 0.221889 3
0.0409863 -0.000627882 0.221 3
0.0421859 -0.000627881 0.221 3
0.0250249 0.00202208 0.222 3
0.0262299 0.00202208 0.222 3
0.0283989 0.00202208 0.222 3
0.030522 0.00153671 0.221667 3
0.0325318 0.00157335 0.221615 3
0.0346887 0.00150269 0.221714 3
0.0367247 0.000947928 0.221667 3
0.0387588 0.000759568 0.221222 3
0.0407464 0.000332429 0.221 3
0.00333513 0.00395139 0.222 3
0.00478111 0.00395139 0.222 3
0.0108061 0.00395139 0.222 3
0.0230969 0.00395139 0.222 3
0.0244991 0.00342522 0.222 3
0.0261924 0.00322275 0.221688 3
0.028251 0.00303683 0.221312 3
0.0304302 0.00249313 0.221 3
0.0325894 0.00249313 0.221 3
0.0347486 0.00249313 0.221 3
0.0361881 0.00249313 0.221 3
-0.000999255 0.00538335 0.2214 3
0.00109928 0.0053473 0.221727 3
0.00315166 0.00494722 0.221455 3
0.00513364 0.00497238 0.221231 3
0.00743209 0.00515721 0.222 3
0.00925568 0.00529661 0.2218 3
0.0111193 0.0051528 0.221833 3
0.0230969 0.00443372 0.222 3
0.0243854 0.00502834 0.221667 3
0.025891 0.00465715 0.221167 3
0.0273113 0.00441375 0.221 3
-0.000998317 0.00633437 0.221 3
0.000920982 0.00633437 0.221 3
0.00883809 0.00633437 0.221 3
0.0107574 0.00633437 0.221 3
0.0241925 0.00633437 0.221 3
-0.0122742 0.0224195 0.221 3
0.0479438 0.0226596 0.221 3
0.0495432 0.0226596 0.221 3
0.0515424 0.0226596 0.221 3
0.0532218 0.0226596 0.221 3
-0.0132937 0.0234856 0.222 3
-0.012142 0.0243158 0.2215 3
0.0429056 0.0248204 0.221 3
0.0452248 0.0246603 0.221 3
0.0472664 0.0242696 0.221 3
0.0494041 0.0241836 0.221 3
0.0515424 0.0241001 0.221 3
0.0534239 0.0241506 0.221 3
0.0551411 0.0243402 0.221 3
-0.0118221 0.0263202 0.2215 3
0.0429056 0.0262608 0.221 3
0.0450648 0.0262608 0.221 3
0.047224 0.0262608 0.221 3
0.0492033 0.0261408 0.221 3
0.0515424 0.0257807 0.221 3
0.052742 0.0257806 0.221 3
-0.0121156 0.0281132 0.2216 3
0.0429056 0.0277012 0.221 3
0.0450648 0.0277012 0.221 3
0.0469841 0.0277012 0.221 3
-0.00939525 0.0387448 0.221 3
0.0503429 0.0394651 0.221 3
0.0516591 0.0395544 0.2215 3
0.052742 0.0394651 0.221 3
-0.0106427 0.0403671 0.222 3
-0.0101607 0.0403671 0.222 3
0.0503429 0.0399452 0.221 3
0.0519305 0.0406193 0.221818 3
0.0531013 0.0411581 0.2215 3
0.0524987 0.0430199 0.222 3
0.0533414 0.0431012 0.221357 3
0.0549012 0.0437865 0.221 3
0.0524987 0.0451904 0.222 3
0.0536275 0.0451274 0.221687 3
0.0549633 0.0450386 0.22125 3
0.0524987 0.0463962 0.222 3
0.0538483 0.0468303 0.222 3
0.0551496 0.0468786 0.222 3
0.0310864 -0.00306977 0.224 3
0.0322738 -0.00285625 0.223571 3
0.0343368 -0.00257156 0.223 3
0.0291411 -0.000636404 0.224 3
0.0305825 -0.00100105 0.223875 3
0.0325393 -0.00117349 0.223222 3
0.0345789 -0.00111806 0.223 3
0.0362735 -0.00111806 0.223 3
0.0113898 0.0020403 0.224 3
0.0184416 0.00131028 0.224 3
0.0200166 0.00108801 0.223818 3
0.02203 0.00106279 0.2234 3
0.0240763 0.00108476 0.223364 3
0.0262786 0.000766941 0.223556 3
0.0283481 0.000820691 0.2235 3
0.0303241 0.000497188 0.223167 3
0.0326422 0.000335437 0.223 3
0.0345789 0.000335437 0.223 3
0.0357893 0.000335437 0.223 3
-0.000899758 0.00364619 0.223 3
0.00141632 0.00373179 0.223333 3
0.00303594 0.00333288 0.223667 3
0.00542439 0.00337326 0.223667 3
0.00748788 0.00349438 0.223667 3
0.00943034 0.00349438 0.223667 3
0.0114977 0.003197 0.223267 3
0.0128857 0.00339942 0.2238 3
0.0204356 0.00311098 0.224 3
0.0220026 0.00324466 0.223125 3
0.0236851 0.00287907 0.223 3
-0.00100735 0.00445369 0.223 3
0.0011714 0.00445369 0.223 3
0.00238182 0.00445369 0.223 3
0.00601306 0.00445369 0.223 3
0.00746557 0.00445369 0.223 3
0.00940224 0.00445369 0.223 3
0.0120651 0.00445369 0.223 3
0.0130335 0.00445369 0.223 3
0.0206302 0.00447366 0.224 3
0.0220388 0.00446367 0.2235 3
-0.0133836 0.0221865 0.2235 3
-0.0152903 0.0245605 0.223 3
-0.0139992 0.0242374 0.223 3
-0.0138699 0.0260723 0.2235 3
-0.0134135 0.0275907 0.224 3
-0.0126274 0.02989 0.223 3
-0.0121432 0.02989 0.223 3
-0.00948027 0.0366729 0.223 3
-0.0106907 0.03958 0.223 3
-0.0102065 0.03958 0.223 3
0.0500722 0.0410334 0.223 3
0.0513399 0.0414437 0.22325 3
0.0519543 0.042942 0.2236 3
0.0518643 0.0453373 0.223571 3
0.0520089 0.0470897 0.223 3
0.0532193 0.0476953 0.223 3
0.0546718 0.0480587 0.223 3
0.0534614 0.0485432 0.223 3
0.0546718 0.0485432 0.223 3
0.0267025 -0.00457023 0.226 3
0.0281746 -0.00457023 0.226 3
0.0263754 -0.00293351 0.226 3
0.0283685 -0.00309213 0.2256 3
0.0302482 -0.00308347 0.225 3
0.0146809 -0.000642087 0.226 3
0.0159076 -0.000642087 0.226 3
0.0179637 -0.00106255 0.225857 3
0.0199199 -0.00107697 0.225444 3
0.0221063 -0.0011864 0.225556 3
0.0241955 -0.00113168 0.2255 3
0.0261538 -0.00113168 0.2255 3
0.0281856 -0.00118241 0.225 3
0.0297597 -0.00161694 0.225 3
-3.95428e-05 0.00205851 0.226 3
0.00118716 0.00205851 0.226 3
0.00329258 0.00161387 0.2257 3
0.00510506 0.00156446 0.225667 3
0.00730986 0.00156446 0.225667 3
0.00951141 0.00107349 0.2256 3
0.011466 0.000828042 0.2255 3
0.0136579 0.0010722 0.22532 3
0.0158372 0.00107171 0.225 3
0.0177098 0.00104456 0.225 3
0.0190125 0.000908767 0.225 3
-3.94261e-05 0.00303086 0.225333 3
0.00103745 0.00298272 0.2254 3
0.00313861 0.00254107 0.22525 3
0.00508997 0.00253825 0.225 3
0.00728827 0.00253825 0.225 3
0.00948655 0.00253825 0.225 3
0.0139054 0.00293822 0.225 3
0.0155929 0.00278267 0.225 3
0.0179911 0.00307154 0.225 3
0.0194522 0.00341817 0.225 3
0.018524 0.00449363 0.225 3
0.019501 0.00449363 0.225 3
-0.0130803 0.0204043 0.2258 3
-0.0118489 0.0200223 0.225286 3
-0.0147599 0.0219448 0.226 3
-0.0140163 0.0220802 0.225444 3
-0.0122521 0.0211144 0.225 3
-0.0113252 0.0391304 0.226 3
-0.0103438 0.0391304 0.226 3
0.0497644 0.0415855 0.226 3
0.0499353 0.0425047 0.225667 3
0.0511254 0.0433803 0.225333 3
0.0502771 0.0448234 0.225 3
0.051127 0.0446891 0.22525 3
0.020256 -0.00461068 0.228 3
0.0220947 -0.00503528 0.228 3
0.0241724 -0.00509708 0.2276 3
0.0258349 -0.00459045 0.227 3
0.0101081 -0.00262922 0.228 3
0.0115931 -0.00262922 0.228 3
0.0158008 -0.00262922 0.228 3
0.0181001 -0.00304888 0.227571 3
0.0199646 -0.00311882 0.2275 3
0.0219279 -0.00311684 0.227375 3
0.02411 -0.00311089 0.227 3
0.0258349 -0.00360407 0.227 3
0.00342526 -0.000647769 0.228 3
0.00515784 -0.000647769 0.228 3
0.00738544 -0.000647769 0.228 3
0.00959197 -0.00114171 0.2275 3
0.0115677 -0.00114171 0.2275 3
0.0135435 -0.00114171 0.2275 3
0.0157315 -0.00163131 0.227 3
0.0172101 -0.00163131 0.227 3
-3.97178e-05 0.000834644 0.227 3
0.00119479 0.000835209 0.227375 3
0.0030181 0.000539031 0.2272 3
0.00513522 0.000341454 0.227 3
0.00735305 0.000341454 0.227 3
-0.0148906 0.0209005 0.228 3
-0.0138015 0.0203061 0.228 3
-0.0116729 0.0191668 0.228 3
-0.0148906 0.0213959 0.228 3
-0.0143955 0.0213959 0.228 3
-0.0148253 0.0279602 0.227 3
-0.0143324 0.0279602 0.227 3
-0.0108824 0.0383172 0.227 3
-0.0103896 0.0383172 0.227 3
0.0479773 0.0429442 0.228 3
0.0492671 0.0434003 0.227429 3
0.0499847 0.044482 0.227 3
0.0196823 -0.00692311 0.229571 3
0.0213393 -0.00662105 0.229 3
0.00969736 -0.00465113 0.23 3
0.0116948 -0.00465113 0.23 3
0.0131929 -0.00465113 0.23 3
0.0161891 -0.00465113 0.23 3
0.0180838 -0.00501525 0.2295 3
0.0199471 -0.00542696 0.229 3
0.0213393 -0.00562597 0.229 3
0.00195722 -0.00265228 0.23 3
0.00320563 -0.00265229 0.23 3
0.00520309 -0.00265229 0.23 3
0.00735035 -0.00285217 0.23 3
0.00923934 -0.00327007 0.2295 3
0.011644 -0.00363583 0.229 3
0.0136482 -0.00314226 0.22925 3
0.0156546 -0.00364377 0.2295 3
0.0171131 -0.00363583 0.229 3
-0.000539607 -0.000653451 0.23 3
0.00131124 -0.00107953 0.229429 3
0.00304253 -0.00144667 0.229 3
0.00518047 -0.00164568 0.229 3
0.00716924 -0.00164568 0.229 3
0.00841222 -0.00164568 0.229 3
-0.0153615 0.0206633 0.2295 3
-0.0137428 0.0195427 0.2295 3
-0.0125244 0.0193349 0.23 3
-0.0170186 0.0230827 0.23 3
-0.0158576 0.0221993 0.229714 3
-0.0170186 0.0235824 0.23 3
-0.0165193 0.0235824 0.23 3
-0.0117241 0.0334306 0.229 3
-0.0129671 0.0354208 0.229 3
-0.0116196 0.0349061 0.229182 3
-0.0130096 0.0367855 0.22975 3
-0.0115178 0.0368012 0.22985 3
-0.0130237 0.038074 0.23 3
-0.0116366 0.0384071 0.23 3
0.0184238 -0.00926784 0.233 3
0.00602977 -0.00673669 0.233 3
0.00729447 -0.0067367 0.233 3
0.00940877 -0.00715821 0.232571 3
0.0113736 -0.0070983 0.232375 3
0.0138709 -0.0067367 0.233 3
0.0160395 -0.00706454 0.232667 3
0.0178399 -0.00721292 0.232 3
-0.00484661 -0.00521802 0.233 3
-0.00332897 -0.00521802 0.233 3
-0.00105252 -0.00471179 0.233 3
0.00133112 -0.00514281 0.232857 3
0.00324047 -0.00520791 0.2325 3
0.00525641 -0.00520483 0.232375 3
0.00725884 -0.00519309 0.231875 3
0.0093277 -0.00551191 0.231167 3
0.0117457 -0.00567511 0.231 3
0.0139396 -0.00534871 0.231333 3
0.0156128 -0.00534871 0.231333 3
0.0172626 -0.00567511 0.231 3
-0.0028231 -0.00369933 0.233 3
-0.0010518 -0.00318806 0.2326 3
0.00110802 -0.00324585 0.231571 3
0.00321956 -0.00366758 0.231 3
0.00522571 -0.00366758 0.231 3
0.00698108 -0.00366758 0.231 3
-0.00105108 -0.00166868 0.2322 3
0.000461118 -0.00166006 0.231 3
-0.0134465 0.0185746 0.233 3
-0.0119289 0.0185746 0.233 3
-0.0172406 0.0205995 0.233 3
-0.0159422 0.0200498 0.2325 3
-0.0146481 0.019503 0.232 3
-0.0175942 0.0214265 0.231 3
-0.0165911 0.0214265 0.231 3
-0.0138926 0.0293321 0.232 3
-0.0138926 0.0300881 0.232 3
-0.0149642 0.0332552 0.233 3
-0.0138327 0.0324679 0.231 3
-0.0134565 0.0342245 0.231 3
-0.0125788 0.0344754 0.231 3
0.00608153 -0.00883681 0.235 3
0.00735708 -0.00883681 0.235 3
0.00939796 -0.00883681 0.235 3
0.0114389 -0.00883681 0.235 3
0.0134797 -0.00883681 0.235 3
0.0159743 -0.00911782 0.234714 3
0.0175241 -0.00932857 0.2345 3
-0.00743931 -0.00679453 0.235 3
-0.00538695 -0.00729064 0.2345 3
-0.00335041 -0.00729064 0.2345 3
-0.0010593 -0.00729064 0.2345 3
0.00123181 -0.00729064 0.2345 3
0.00326835 -0.00729064 0.2345 3
0.00519394 -0.00736089 0.234429 3
0.00732577 -0.00778241 0.234 3
0.0085959 -0.00778241 0.234 3
0.0121522 -0.00778241 0.234 3
0.0136764 -0.00778241 0.234 3
0.0154545 -0.00778241 0.234 3
-0.00896998 -0.00577337 0.235 3
-0.00724958 -0.00541806 0.234333 3
-0.00588351 -0.00524041 0.234 3
-0.00105704 -0.00574881 0.234 3
0.000467107 -0.00574881 0.234 3
0.0221535 0.0143942 0.235 3
0.0244232 0.013996 0.23475 3
0.0256885 0.0138632 0.234667 3
-0.00948019 0.0164365 0.235 3
-0.00794953 0.0164365 0.235 3
0.0206228 0.0156706 0.235 3
0.0221535 0.0154154 0.235 3
0.024104 0.0156119 0.234125 3
0.0256156 0.0153498 0.234 3
-0.0171335 0.0184788 0.235 3
-0.0153317 0.0180762 0.23475 3
-0.013562 0.017713 0.235 3
-0.0114097 0.0178504 0.2348 3
-0.00954701 0.0175923 0.234857 3
-0.00794953 0.0169471 0.235 3
0.0240914 0.016875 0.234 3
-0.0176945 0.0199123 0.234714 3
-0.0155707 0.018949 0.2345 3
-0.010964 0.0189086 0.234 3
-0.00994789 0.0189086 0.234 3
-0.0160445 0.0267888 0.234 3
-0.0160788 0.0283755 0.2345 3
-0.0155622 0.0303958 0.234375 3
-0.0140123 0.0311102 0.234 3
-0.0152824 0.0319998 0.234 3
-0.0140123 0.0316186 0.234 3
0.0143663 -0.0109717 0.237 3
0.0157932 -0.0111684 0.2368 3
0.0175691 -0.0115403 0.236571 3
0.0189974 -0.0120015 0.237 3
-0.00956087 -0.00891202 0.237 3
-0.00750263 -0.00891202 0.237 3
-0.00526592 -0.00924276 0.236667 3
-0.00337898 -0.00940813 0.2365 3
-0.00106834 -0.00940813 0.2365 3
0.00124231 -0.00940813 0.2365 3
0.00329622 -0.00940813 0.2365 3
0.00524195 -0.00948437 0.236571 3
0.00741969 -0.00994185 0.237 3
0.00944713 -0.0099104 0.23625 3
0.0114875 -0.00989992 0.236 3
0.0135371 -0.00989992 0.236 3
0.0153305 -0.00989991 0.236 3
-0.0116191 -0.00736727 0.237 3
-0.00952053 -0.00733618 0.236 3
-0.00747097 -0.00784893 0.236 3
-0.0110577 -0.00579794 0.236 3
-0.0100329 -0.00579794 0.236 3
0.0267158 0.0100112 0.237 3
0.020541 0.0124571 0.237 3
0.0218275 0.0124571 0.237 3
0.0244627 0.0121021 0.236778 3
0.0263748 0.0116469 0.23625 3
-0.0111046 0.0145167 0.237 3
-0.00956087 0.0145167 0.237 3
-0.00801719 0.0145167 0.237 3
0.0159835 0.0138547 0.237 3
0.0177044 0.0139967 0.236917 3
0.0200103 0.0139038 0.236438 3
0.0221076 0.0134482 0.236333 3
0.0239605 0.0132773 0.236333 3
0.0263469 0.0129172 0.236 3
-0.0198522 0.0165764 0.237 3
-0.0177939 0.0165764 0.237 3
-0.0157249 0.0160499 0.236833 3
-0.0136582 0.0160382 0.236667 3
-0.0115182 0.0158753 0.236429 3
-0.00953398 0.0155021 0.236333 3
-0.00799464 0.0155021 0.236333 3
0.0164245 0.0150316 0.237 3
0.0176915 0.0150158 0.23675 3
0.0198281 0.01531 0.236 3
-0.0198312 0.017844 0.23675 3
-0.0178355 0.0177206 0.236571 3
-0.0159426 0.0174218 0.23625 3
-0.0136197 0.0170192 0.236 3
-0.0115701 0.0170192 0.236 3
-0.0195122 0.0194548 0.236 3
-0.0182312 0.0190702 0.236 3
-0.0161816 0.0241976 0.236 3
-0.0172793 0.0263598 0.237 3
-0.0161816 0.0252231 0.236 3
-0.017221 0.0283227 0.2362 3
-0.0172064 0.0298378 0.236 3
0.0144875 -0.0131413 0.239 3
0.0157674 -0.0131276 0.23875 3
0.0179289 -0.013555 0.238429 3
0.0191176 -0.0136331 0.2385 3
-0.00964156 -0.0110643 0.239 3
-0.00756594 -0.0110643 0.239 3
-0.00549032 -0.0110643 0.239 3
-0.00314865 -0.0115604 0.2385 3
-0.000818459 -0.0115604 0.2385 3
0.00125282 -0.0115604 0.2385 3
0.0033241 -0.0115604 0.2385 3
0.00539537 -0.0115604 0.2385 3
0.00746665 -0.0115604 0.2385 3
0.00953793 -0.0115604 0.2385 3
0.0116092 -0.0115604 0.2385 3
0.0135652 -0.0116306 0.238429 3
0.0154604 -0.0120521 0.238 3
-0.0174251 -0.00898722 0.239 3
-0.0156955 -0.0093334 0.239 3
-0.0137789 -0.00949709 0.23875 3
-0.0116927 -0.00948769 0.2385 3
-0.00960121 -0.00998378 0.238 3
-0.00753429 -0.00998378 0.238 3
-0.00598409 -0.00998378 0.238 3
-0.0177711 -0.00725635 0.239 3
-0.0158684 -0.00742943 0.239 3
-0.0137501 -0.00740558 0.23825 3
-0.0132183 -0.00584708 0.238 3
0.0261628 0.00762918 0.239 3
0.0124119 0.0104851 0.239 3
0.0134497 0.0104851 0.239 3
0.0222711 0.0104851 0.239 3
0.024338 0.00978912 0.238917 3
0.0258217 0.00927096 0.238615 3
-0.0111983 0.0125622 0.239 3
-0.00964156 0.0125622 0.239 3
-0.00756594 0.0125622 0.239 3
0.0124119 0.0115237 0.239 3
0.0136966 0.011772 0.238786 3
0.0157627 0.0120254 0.238667 3
0.0178355 0.0120254 0.238667 3
0.0198428 0.0119814 0.238727 3
0.0220316 0.011544 0.238455 3
0.0238614 0.0114375 0.2383 3
0.0252783 0.0109583 0.238 3
-0.0219915 0.0140161 0.239 3
-0.0200197 0.01412 0.239 3
-0.017919 0.0140996 0.238667 3
-0.0158463 0.0140996 0.238667 3
-0.0137736 0.0140996 0.238667 3
-0.011693 0.0138308 0.2385 3
-0.00961466 0.013562 0.238333 3
-0.00754484 0.013562 0.238333 3
0.0141169 0.013337 0.238 3
0.0154603 0.0132852 0.238 3
0.0177857 0.0130267 0.238 3
0.0195942 0.0130267 0.238 3
-0.0215764 0.0151585 0.239 3
-0.0199638 0.0156333 0.238333 3
-0.017869 0.0156122 0.238 3
-0.015802 0.0150951 0.238 3
-0.0137351 0.0150951 0.238 3
-0.0121849 0.0150951 0.238 3
-0.0173522 0.0228514 0.238 3
-0.0173522 0.0233685 0.238 3
0.0161785 -0.0153457 0.241 3
0.017972 -0.0156629 0.2405 3
0.0192378 -0.015282 0.24 3
-0.00475139 -0.0132513 0.241 3
-0.00291175 -0.0132101 0.24025 3
-0.000712952 -0.0136687 0.240429 3
0.00126332 -0.0137474 0.2405 3
0.00335197 -0.0137474 0.2405 3
0.00544062 -0.0137474 0.2405 3
0.00752927 -0.0137474 0.2405 3
0.00961791 -0.0137474 0.2405 3
0.0117066 -0.0137474 0.2405 3
0.0136877 -0.0138261 0.240571 3
0.0158665 -0.014254 0.24025 3
0.0171535 -0.0142392 0.24 3
-0.0196639 -0.0111569 0.241 3
-0.0179198 -0.011506 0.241 3
-0.015968 -0.0116573 0.2405 3
-0.0137372 -0.0117181 0.240556 3
-0.0115291 -0.0116573 0.2405 3
-0.009199 -0.0122041 0.241 3
-0.00736763 -0.0122041 0.241 3
-0.00551329 -0.0121535 0.24 3
-0.0221058 -0.00976059 0.241 3
-0.0201668 -0.00957665 0.24075 3
-0.0181928 -0.00972007 0.24 3
-0.0164559 -0.0100677 0.24 3
-0.0195823 -0.00798196 0.24 3
-0.0185402 -0.00798196 0.24 3
0.0229807 0.00559859 0.241 3
0.0242628 0.00559279 0.24075 3
0.0254907 0.00557536 0.24 3
0.012073 0.00740039 0.24 3
0.0136963 0.00723572 0.240714 3
0.015132 0.00769303 0.241 3
0.0225883 0.00743122 0.241 3
0.0242376 0.007154 0.2405 3
0.0254907 0.00713967 0.24 3
0.0119428 0.00922542 0.24 3
0.0137741 0.00922995 0.240125 3
0.0157473 0.00956991 0.2408 3
0.0180099 0.00978747 0.241 3
0.0202425 0.00956991 0.2408 3
0.0221498 0.00924355 0.2405 3
0.0238216 0.00897376 0.24025 3
-0.0238499 0.0118819 0.241 3
-0.0222802 0.0118819 0.241 3
-0.0201872 0.0118819 0.241 3
-0.0180942 0.0118819 0.241 3
-0.0160012 0.0118819 0.241 3
-0.0136466 0.0118819 0.241 3
-0.0112764 0.0113419 0.240667 3
-0.00944045 0.0113336 0.2405 3
-0.00749904 0.0114049 0.240429 3
-0.00603437 0.0118326 0.24 3
0.0145481 0.0107897 0.24 3
0.0158508 0.0107897 0.24 3
0.0179351 0.0107897 0.24 3
0.0200194 0.0107897 0.24 3
0.0213221 0.0107897 0.24 3
-0.0221877 0.0128754 0.24 3
-0.0201034 0.0128754 0.24 3
-0.0180191 0.0128754 0.24 3
-0.0159348 0.0128754 0.24 3
-0.0138505 0.0128754 0.24 3
-0.0122873 0.0128754 0.24 3
-0.000833903 -0.0175849 0.243 3
0.00154025 -0.0175849 0.243 3
0.00259543 -0.0175849 0.243 3
0.0176317 -0.0175849 0.243 3
0.0197421 -0.0175849 0.243 3
-0.00479082 -0.0154731 0.243 3
-0.00278599 -0.0156843 0.243 3
-0.000833024 -0.0159772 0.242625 3
0.00127383 -0.0159692 0.2425 3
0.0032658 -0.0158892 0.242429 3
0.00547455 -0.0154094 0.242 3
0.00760052 -0.0154572 0.24275 3
0.00968708 -0.0154253 0.24225 3
0.0115401 -0.0159692 0.2425 3
0.0136461 -0.0159692 0.2425 3
0.0156532 -0.0163084 0.242333 3
0.0180846 -0.016461 0.242 3
0.0199236 -0.016461 0.242 3
-0.0195633 -0.0133612 0.243 3
-0.0175154 -0.0135395 0.2424 3
-0.0155743 -0.0138617 0.2425 3
-0.0134683 -0.0138617 0.2425 3
-0.0113623 -0.0138617 0.2425 3
-0.00925625 -0.0138617 0.2425 3
-0.00715023 -0.0138617 0.2425 3
-0.00519626 -0.0141594 0.2422 3
-0.00293214 -0.0143578 0.242 3
-0.0016186 -0.0143578 0.242 3
-0.0252624 -0.0117289 0.242 3
-0.0239856 -0.0117479 0.242375 3
-0.0218923 -0.0117543 0.2425 3
-0.0199201 -0.0120545 0.2422 3
-0.018432 -0.0122547 0.242 3
-0.0252624 -0.00962582 0.242 3
-0.0240615 -0.0095507 0.242 3
-0.0226353 -0.00910003 0.242 3
-0.025877 -0.00754823 0.242833 3
-0.0241044 -0.00761019 0.242429 3
-0.0226353 -0.00804847 0.242 3
0.0171041 0.00353324 0.243 3
0.0142753 0.00535893 0.242 3
0.0157643 0.00511008 0.242667 3
0.0171041 0.0051171 0.243 3
0.0197674 0.00534005 0.242857 3
0.0220252 0.00562182 0.242 3
0.0146694 0.00667338 0.242 3
0.0158517 0.00710504 0.2424 3
0.0174559 0.0074049 0.243 3
0.0199719 0.00721658 0.2426 3
0.0218939 0.00693627 0.242 3
-0.0211461 0.0098687 0.243 3
-0.0198271 0.0098687 0.243 3
-0.0177168 0.0098687 0.243 3
-0.0156064 0.0098687 0.243 3
-0.013496 0.0098687 0.243 3
-0.0113748 0.00985855 0.24275 3
-0.0092459 0.00983824 0.24225 3
-0.0069949 0.00964127 0.2426 3
-0.00521289 0.00944633 0.243 3
-0.00373565 0.00881277 0.243 3
0.0162456 0.00877651 0.242 3
0.0180846 0.00877651 0.242 3
0.0199236 0.00877651 0.242 3
-0.0237522 0.0109096 0.242667 3
-0.0218472 0.0108796 0.242 3
-0.0197455 0.0108796 0.242 3
-0.0176439 0.0108796 0.242 3
-0.0155422 0.0108796 0.242 3
-0.0134405 0.0108796 0.242 3
-0.012127 0.0108796 0.242 3
-0.00634736 0.0108796 0.242 3
-0.00582195 0.0108796 0.242 3
-0.00483026 -0.0190604 0.245 3
-0.00323446 -0.0190604 0.245 3
0.00341469 -0.0195927 0.245 3
0.00447856 -0.0190604 0.245 3
0.0119256 -0.0190604 0.245 3
0.0135214 -0.0190604 0.245 3
0.0156491 -0.0190604 0.245 3
0.0177043 -0.0189826 0.244 3
0.0199046 -0.0190604 0.245 3
0.0215003 -0.0190604 0.245 3
-0.00855378 -0.0169312 0.245 3
-0.00695798 -0.0171974 0.245 3
-0.00503909 -0.0176626 0.2448 3
-0.00307839 -0.0177045 0.244643 3
-0.00163197 -0.0176573 0.244 3
0.00351825 -0.0177925 0.244286 3
0.00498506 -0.0176523 0.244769 3
0.0071285 -0.0174405 0.244667 3
0.00925333 -0.0174405 0.244667 3
0.0114628 -0.0178314 0.2442 3
0.0134846 -0.0179475 0.244333 3
0.0156065 -0.0179475 0.244333 3
0.0177043 -0.0184524 0.244 3
0.0199046 -0.0185281 0.245 3
0.0215003 -0.0185281 0.245 3
-0.0216393 -0.0151214 0.245 3
-0.0199702 -0.0153192 0.24475 3
-0.0179023 -0.0153546 0.244545 3
-0.0156706 -0.0155368 0.244 3
-0.0135646 -0.0155527 0.24425 3
-0.0114794 -0.0156005 0.245 3
-0.00925527 -0.015675 0.244778 3
-0.00720429 -0.0158241 0.244333 3
-0.00534431 -0.016078 0.244167 3
-0.00322126 -0.0163319 0.244 3
0.00419539 -0.0163319 0.244 3
0.00525492 -0.0163319 0.244 3
0.00710908 -0.0163319 0.244 3
0.00922813 -0.0163319 0.244 3
-0.0239479 -0.0134529 0.244667 3
-0.0219798 -0.013649 0.244273 3
-0.0201877 -0.0139561 0.244167 3
-0.0180546 -0.0142114 0.244 3
-0.0258946 -0.00573448 0.24425 3
-0.0244617 -0.00547447 0.2445 3
0.018234 0.00354778 0.244 3
0.018234 0.00513816 0.244 3
-0.0170647 0.00782071 0.245 3
-0.0157349 0.00782071 0.245 3
-0.0138731 0.00782071 0.245 3
-0.0106815 0.00782071 0.245 3
-0.00935168 0.00782071 0.245 3
-0.00721739 0.00781273 0.24475 3
-0.00497035 0.00734621 0.244429 3
-0.0033636 0.00701428 0.24475 3
0.018234 0.00672854 0.244 3
-0.0255756 0.00888531 0.245 3
-0.0240898 0.00932417 0.244571 3
-0.0221929 0.00932417 0.244571 3
-0.0199631 0.00922665 0.244667 3
-0.0178087 0.00885811 0.24425 3
-0.0156706 0.00884904 0.244 3
-0.0135516 0.00884904 0.244 3
-0.0114326 0.00884904 0.244 3
-0.0093135 0.00884904 0.244 3
-0.00745934 0.00884904 0.244 3
-0.00507542 0.00884904 0.244 3
-0.00701478 -0.0213625 0.247 3
-0.00539209 -0.0213049 0.246333 3
0.00505139 -0.0213625 0.247 3
0.0120229 -0.0213625 0.247 3
0.0136318 -0.0213625 0.247 3
0.0157769 -0.0213625 0.247 3
0.017922 -0.0213625 0.247 3
0.0200671 -0.0213625 0.247 3
0.0222122 -0.0213625 0.247 3
-0.0233712 -0.019216 0.247 3
-0.0222986 -0.019216 0.247 3
-0.00862361 -0.0197526 0.247 3
-0.00722405 -0.0199513 0.2468 3
-0.00525255 -0.0200805 0.246083 3
-0.00378176 -0.0199399 0.246 3
0.00511955 -0.0201017 0.246571 3
0.00718677 -0.0197267 0.246667 3
0.00932898 -0.0197267 0.246667 3
0.011463 -0.019981 0.2465 3
0.013595 -0.0202352 0.246333 3
0.0157343 -0.0202352 0.246333 3
0.0178736 -0.0202352 0.246333 3
0.0200129 -0.0202352 0.246333 3
0.0219002 -0.0203829 0.2465 3
-0.0233712 -0.0178743 0.247 3
-0.0220549 -0.0177823 0.246727 3
-0.0201263 -0.017583 0.246667 3
-0.0179841 -0.017583 0.246667 3
-0.0158419 -0.017583 0.246667 3
-0.0136997 -0.017583 0.246667 3
-0.0115575 -0.017583 0.246667 3
-0.00941238 -0.0177109 0.246583 3
-0.00742284 -0.0181454 0.2463 3
-0.00591818 -0.0186037 0.246 3
0.00556504 -0.0186037 0.246 3
0.00716735 -0.0186037 0.246 3
0.00930376 -0.0186037 0.246 3
0.010906 -0.0186037 0.246 3
-0.0237515 -0.0155859 0.246571 3
-0.0223686 -0.0158244 0.246 3
-0.0200719 -0.0164658 0.246 3
-0.0179355 -0.0164658 0.246 3
-0.0157991 -0.0164658 0.246 3
-0.0136626 -0.0164658 0.246 3
-0.0115262 -0.0164658 0.246 3
-0.0096569 -0.0164658 0.246 3
-0.0241437 -0.0143668 0.246667 3
-0.0230095 -0.0143279 0.246 3
-0.0264812 -0.00497467 0.246 3
-0.0261218 -0.0033015 0.246571 3
-0.0245446 -0.00348277 0.2464 3
-0.0260525 -0.00123839 0.247 3
-0.0260525 0.000908181 0.247 3
-0.0260256 0.00305221 0.24675 3
-0.0255162 0.00520133 0.247 3
-0.0240862 0.00538021 0.247 3
-0.0177403 0.00573798 0.247 3
-0.0161314 0.00573798 0.247 3
-0.00862361 0.00573798 0.247 3
-0.00728292 0.00573798 0.247 3
-0.00513344 0.00573217 0.24675 3
-0.00325574 0.00573023 0.246667 3
-0.02568 0.00731816 0.246 3
-0.0242394 0.00727103 0.246444 3
-0.0221321 0.00740633 0.246429 3
-0.0201127 0.00733195 0.2465 3
-0.0180816 0.00725363 0.246429 3
-0.0158143 0.00679058 0.24625 3
-0.0135469 0.00701954 0.2468 3
-0.0116675 0.00725757 0.246571 3
-0.0094002 0.00679058 0.24625 3
-0.00725344 0.00678369 0.246 3
-0.00591818 0.00678368 0.246 3
0.00743496 -0.0237896 0.249 3
0.0088766 -0.023429 0.249 3
0.0164452 -0.023429 0.249 3
0.0180671 -0.023429 0.249 3
0.0199592 -0.023429 0.249 3
0.0215811 -0.023429 0.249 3
-0.024101 -0.0215355 0.249 3
-0.0224792 -0.0215355 0.249 3
-0.017073 -0.0215355 0.249 3
-0.0157214 -0.0215355 0.249 3
-0.0138293 -0.0215355 0.249 3
-0.0116668 -0.0215355 0.249 3
-0.0095 -0.0219304 0.248875 3
-0.00812007 -0.021449 0.248 3
0.00561029 -0.0222572 0.248 3
0.00722562 -0.0219878 0.248 3
0.00940461 -0.0220477 0.248667 3
0.0114627 -0.0221674 0.2488 3
0.0137134 -0.0223021 0.2485 3
0.0158408 -0.0222572 0.248 3
0.0179946 -0.0222572 0.248 3
0.0201483 -0.0222572 0.248 3
0.0220632 -0.0222872 0.248333 3
0.0232029 -0.022347 0.249 3
-0.0257228 -0.0199125 0.249 3
-0.0241088 -0.0202415 0.248286 3
-0.0218941 -0.020143 0.2485 3
-0.0198278 -0.0199405 0.248727 3
-0.01767 -0.0200449 0.248714 3
-0.0157849 -0.0200967 0.248692 3
-0.0138154 -0.0201636 0.24875 3
-0.0116551 -0.0201636 0.24875 3
-0.00966801 -0.0201961 0.248385 3
-0.00812007 -0.0209102 0.248 3
0.00722562 -0.0209102 0.248 3
0.00937941 -0.0209102 0.248 3
0.0109948 -0.0209102 0.248 3
-0.0257228 -0.0180191 0.249 3
-0.0245426 -0.0179467 0.248 3
-0.021312 -0.0187549 0.248 3
-0.0199659 -0.0187549 0.248 3
-0.0180813 -0.0187549 0.248 3
-0.0159275 -0.0187549 0.248 3
-0.0137737 -0.0187549 0.248 3
-0.01162 -0.0187549 0.248 3
-0.00973542 -0.0187549 0.248 3
-0.0257228 -0.0158551 0.249 3
-0.0245427 -0.0160609 0.248 3
-0.0257229 -0.0145027 0.249 3
-0.0246416 -0.00124842 0.249 3
-0.0245426 0.000911859 0.248 3
-0.000854492 0.00145652 0.249 3
-0.0242152 0.00325158 0.248333 3
-0.0192355 0.00362048 0.249 3
-0.0180813 0.00360594 0.248 3
-0.0156786 0.00361079 0.248333 3
-0.0146402 0.00362048 0.249 3
-0.00653097 0.00362048 0.249 3
-0.00517943 0.00362048 0.249 3
-0.00290111 0.00315678 0.249 3
-0.00125996 0.002809 0.249 3
-0.0234657 0.00468358 0.248 3
-0.0218945 0.00523183 0.2485 3
-0.0199931 0.00522869 0.248333 3
-0.0182428 0.0048991 0.248 3
-0.0157782 0.00490288 0.2482 3
-0.0138015 0.00523183 0.2485 3
-0.0116434 0.00523183 0.2485 3
-0.00960339 0.00515621 0.248571 3
-0.00732059 0.0046883 0.24825 3
-0.00515863 0.00468358 0.248 3
-0.00327406 0.00468358 0.248 3
-0.0237496 -0.0257985 0.251 3
-0.0262928 -0.0239807 0.251 3
-0.0242698 -0.024139 0.25075 3
-0.0222964 -0.0239807 0.251 3
-0.0197533 -0.0239807 0.251 3
-0.0177208 -0.0235701 0.2505 3
0.0096493 -0.0242801 0.250333 3
0.0116262 -0.0235231 0.25 3
0.013825 -0.0241155 0.2505 3
0.0156262 -0.0242339 0.2506 3
0.0176488 -0.0246832 0.25075 3
0.019768 -0.0246094 0.25 3
0.0221553 -0.0244512 0.2506 3
0.0237747 -0.0238663 0.25075 3
-0.0281093 -0.0219812 0.251 3
-0.0263959 -0.021916 0.25025 3
-0.0241978 -0.0224367 0.25 3
-0.0218457 -0.0220746 0.25 3
-0.0198759 -0.021916 0.25025 3
-0.0178652 -0.0220746 0.25 3
-0.0157846 -0.0224368 0.25 3
-0.0138848 -0.0224367 0.25 3
-0.0117137 -0.0224367 0.25 3
-0.0103567 -0.0224367 0.25 3
0.0241103 -0.0224367 0.25 3
-0.0281093 -0.0197998 0.251 3
-0.0269117 -0.0197209 0.25 3
-0.0294717 -0.0170732 0.251 3
-0.0282728 -0.0175094 0.251 3
-0.0269117 -0.0178199 0.25 3
-0.028072 -0.0156897 0.250667 3
-0.0269117 -0.0159188 0.25 3
-0.0279973 -0.0145609 0.25 3
-0.0265206 -0.0139311 0.2504 3
0.0389206 -0.00643913 0.251 3
0.0375582 -0.00425779 0.251 3
0.0390437 -0.00493804 0.250917 3
0.0405124 -0.00457481 0.2504 3
0.0375582 -0.00371245 0.251 3
0.039114 -0.00343348 0.2505 3
0.0406653 -0.0031545 0.25 3
-0.00222375 -0.000713114 0.251 3
-0.00167879 -0.000713114 0.251 3
-0.0237496 0.00092289 0.251 3
-0.0193899 0.00146822 0.251 3
-0.00481231 0.00119556 0.251 3
-0.00303705 0.000920696 0.250625 3
-0.0012684 0.00064876 0.25075 3
-0.023655 0.0025487 0.25 3
-0.0220707 0.00309696 0.2505 3
-0.0200894 0.0029176 0.250667 3
-0.0150303 0.0025589 0.251 3
-0.0136406 0.00309696 0.2505 3
-0.0117371 0.00309696 0.2505 3
-0.00956161 0.00309696 0.2505 3
-0.00750454 0.00302009 0.250571 3
-0.00520624 0.00255125 0.25025 3
-0.00384326 0.0025487 0.25 3
0.00930384 -0.0278176 0.25325 3
0.0142938 -0.0274865 0.254 3
0.0156725 -0.0274865 0.254 3
0.0181184 -0.0277083 0.2535 3
0.020058 -0.0280023 0.253667 3
0.0220897 -0.0279399 0.2536 3
0.0239938 -0.028059 0.253727 3
0.0261337 -0.0280203 0.253833 3
0.0278049 -0.0280383 0.254 3
-0.0222029 -0.0259012 0.252 3
-0.0205614 -0.0259013 0.252 3
0.00954996 -0.026228 0.2525 3
0.0117658 -0.026004 0.253 3
0.0137748 -0.026137 0.253143 3
0.0156206 -0.0262971 0.253167 3
0.0177667 -0.0262192 0.252417 3
0.0199525 -0.0262104 0.252333 3
0.0221439 -0.0262104 0.252333 3
0.0240614 -0.0262104 0.252333 3
0.0261001 -0.0263308 0.2535 3
0.0278049 -0.0269346 0.254 3
-0.0295891 -0.0237112 0.252 3
-0.0282213 -0.0242587 0.252 3
-0.0268535 -0.0248062 0.252 3
-0.0216557 -0.0248062 0.252 3
-0.0205614 -0.0248062 0.252 3
0.0117192 -0.0248062 0.252 3
0.0243032 -0.0248062 0.252 3
0.0254982 -0.024355 0.253 3
-0.0300598 -0.0218377 0.2525 3
-0.029042 -0.0220688 0.252 3
-0.0301764 -0.0199057 0.252333 3
-0.029042 -0.0198787 0.252 3
-0.0295891 -0.0182361 0.252 3
-0.029042 -0.0182361 0.252 3
0.03718 -0.0087235 0.254 3
0.035455 -0.00650326 0.2535 3
0.0367705 -0.00720819 0.253357 3
0.0381567 -0.00714492 0.2528 3
-0.00500185 -0.00430302 0.253667 3
-0.00388938 -0.00429171 0.253 3
0.035042 -0.00529562 0.2537 3
0.0369388 -0.00522125 0.252357 3
0.038255 -0.00536977 0.252 3
-0.0236737 -0.00264287 0.253111 3
-0.0222412 -0.00251516 0.254 3
-0.0204489 -0.00210127 0.254 3
-0.00666211 -0.00265312 0.254 3
-0.00527904 -0.00306386 0.25375 3
-0.00341162 -0.00302872 0.252429 3
0.0368872 -0.00372724 0.252 3
-0.0237157 -0.000996302 0.253556 3
-0.0218276 -0.000887194 0.254 3
-0.0204489 -0.000997565 0.254 3
-0.008868 -0.000721638 0.254 3
-0.00739158 -0.000812982 0.253778 3
-0.00520696 -0.00121354 0.252933 3
-0.00332943 -0.00126466 0.252167 3
-0.0232063 0.000382068 0.254 3
-0.0221602 0.00100731 0.252857 3
-0.020643 0.000930241 0.253 3
-0.0151201 0.000927319 0.2525 3
-0.0135288 0.000930994 0.2535 3
-0.011442 0.000851741 0.253429 3
-0.00952843 0.00100586 0.252714 3
-0.00744509 0.000927319 0.2525 3
-0.00565819 0.000653189 0.25225 3
0.0269122 -0.0315963 0.256 3
0.0166296 -0.0299277 0.256 3
0.0180192 -0.0299277 0.256 3
0.0199645 -0.0299277 0.256 3
0.0219099 -0.0299277 0.256 3
0.0243639 -0.0302864 0.2555 3
0.0263221 -0.0304449 0.255667 3
0.0279144 -0.0300878 0.255 3
0.0101978 -0.0284257 0.255 3
0.0116122 -0.028223 0.255667 3
0.0134827 -0.0282802 0.255727 3
0.0158467 -0.0285556 0.255333 3
0.0178109 -0.028804 0.2554 3
0.0199645 -0.0293715 0.256 3
0.0219099 -0.0293715 0.256 3
0.0240389 -0.0292568 0.255 3
0.0262534 -0.0292568 0.255 3
0.0279144 -0.0292568 0.255 3
0.0115819 -0.0270407 0.255 3
0.0132428 -0.0270407 0.255 3
0.0268071 -0.0253786 0.255 3
0.0279509 -0.0259658 0.255333 3
0.0268772 -0.0243333 0.255667 3
0.0280239 -0.0249219 0.256 3
0.0363611 -0.011017 0.256 3
0.0235773 -0.00934838 0.256 3
0.0351661 -0.00911904 0.2558 3
0.0363256 -0.0096179 0.25575 3
-0.0242227 -0.0065674 0.256 3
0.0235773 -0.00823599 0.256 3
0.030525 -0.00712359 0.256 3
0.0324384 -0.00711718 0.25575 3
0.0345964 -0.00738151 0.255286 3
0.0362191 -0.00820382 0.255 3
-0.0239698 -0.00509643 0.255727 3
-0.0222484 -0.00489315 0.255667 3
-0.00948202 -0.00489242 0.255667 3
-0.00779563 -0.00460265 0.255 3
-0.0061347 -0.00432564 0.255 3
0.030525 -0.0060112 0.256 3
0.0326409 -0.00571462 0.255167 3
0.0340598 -0.0056553 0.255 3
-0.0238513 -0.00377162 0.255 3
-0.0220058 -0.00303292 0.255 3
-0.0153297 -0.00211781 0.256 3
-0.0136622 -0.00211781 0.256 3
-0.0111611 -0.00253496 0.256 3
-0.00947565 -0.00294689 0.2555 3
-0.00771045 -0.00300451 0.255 3
-0.0061347 -0.00377162 0.255 3
-0.0219136 -0.00155552 0.255 3
-0.0152898 -0.00100353 0.255333 3
-0.0136267 -0.00100353 0.255333 3
-0.0114092 -0.00100353 0.255333 3
-0.00961474 -0.00108064 0.255 3
-0.00779563 -0.00155552 0.255 3
0.0161994 -0.0321234 0.258 3
0.0178799 -0.0321234 0.258 3
0.0241605 -0.0320302 0.257571 3
0.0259686 -0.0323625 0.257667 3
0.00999878 -0.0303238 0.257 3
0.0114108 -0.0303688 0.257375 3
0.0136522 -0.0303839 0.2575 3
0.015764 -0.030455 0.257429 3
0.0178106 -0.0308822 0.257 3
0.0197635 -0.0308822 0.257 3
0.0219955 -0.0308822 0.257 3
0.0236694 -0.0308821 0.257 3
0.0289703 -0.026136 0.257 3
0.0295283 -0.026136 0.257 3
0.0262151 -0.0233745 0.257333 3
0.028384 -0.0242166 0.257375 3
0.0301069 -0.024382 0.257857 3
0.0262151 -0.0228153 0.257333 3
0.0274025 -0.0228744 0.258 3
0.0349647 -0.0108227 0.258 3
0.0358049 -0.0108227 0.258 3
-0.0234804 -0.00882653 0.257 3
-0.0223644 -0.00882653 0.257 3
0.0247854 -0.0093849 0.257 3
0.0262822 -0.00886087 0.258 3
0.0282428 -0.00886087 0.258 3
0.030453 -0.00885229 0.25775 3
0.0329196 -0.00911825 0.257333 3
0.0345082 -0.00955518 0.257286 3
-0.0238989 -0.00743061 0.257 3
-0.0221412 -0.00737477 0.257 3
-0.0206904 -0.00715142 0.257 3
-0.0131576 -0.00659305 0.257 3
0.0247854 -0.00770979 0.257 3
0.0262822 -0.00773979 0.258 3
0.0282884 -0.00752837 0.257727 3
0.0300567 -0.00780334 0.257429 3
0.0325972 -0.00826816 0.257 3
0.0339922 -0.00826816 0.257 3
-0.0234804 -0.00603468 0.257 3
-0.0220854 -0.00603468 0.257 3
-0.0206904 -0.00603468 0.257 3
-0.0133808 -0.00502961 0.257 3
-0.0114837 -0.00491794 0.257 3
0.0289703 -0.00603468 0.257 3
0.0295283 -0.00603468 0.257 3
-0.0153896 -0.00296365 0.257 3
-0.0137156 -0.00324283 0.257 3
-0.0117627 -0.00338242 0.257 3
0.0115268 -0.0360442 0.26 3
0.0101155 -0.0337846 0.26 3
0.0116679 -0.0344907 0.26 3
0.0137777 -0.034192 0.259875 3
0.0157403 -0.0343062 0.259667 3
0.0174199 -0.0341433 0.2595 3
0.0199943 -0.0337846 0.26 3
0.0224404 -0.0339729 0.26 3
0.024228 -0.034067 0.26 3
0.025357 -0.034067 0.26 3
0.0100896 -0.0325719 0.259333 3
0.0114972 -0.0325719 0.259333 3
0.0137447 -0.0325612 0.25925 3
0.0154749 -0.0327544 0.259 3
0.017668 -0.033092 0.259 3
0.019943 -0.0325719 0.259333 3
0.0221952 -0.0325719 0.259333 3
0.0241348 -0.033092 0.259 3
0.0252594 -0.0328107 0.259 3
0.0286334 -0.0235258 0.259 3
0.0303204 -0.0235258 0.259 3
0.0318488 -0.0236167 0.26 3
0.0270505 -0.0222045 0.26 3
0.0285086 -0.0224114 0.259727 3
0.0303985 -0.0224573 0.259667 3
0.0318488 -0.0224869 0.26 3
0.0353814 -0.0131155 0.259 3
0.0359437 -0.0131155 0.259 3
0.0261029 -0.0108647 0.259 3
0.0307197 -0.0109066 0.26 3
0.0324133 -0.0109066 0.26 3
0.034428 -0.0116419 0.259583 3
0.0359437 -0.0119902 0.259 3
0.0264188 -0.00975184 0.259333 3
0.0284398 -0.00960054 0.2598 3
0.0306303 -0.00974871 0.25925 3
0.0325697 -0.00973932 0.259 3
0.0283522 -0.0083325 0.259 3
0.0138908 -0.0380292 0.262 3
0.0124449 -0.0365367 0.2615 3
0.0137724 -0.0367026 0.261556 3
0.0152831 -0.0365367 0.2615 3
0.0184415 -0.0357522 0.262 3
0.0198636 -0.0357522 0.262 3
0.022139 -0.0360368 0.262 3
0.0232767 -0.0363215 0.262 3
0.0124211 -0.0356158 0.261 3
0.0138378 -0.0351905 0.261 3
0.0158211 -0.0356158 0.261 3
0.0179934 -0.0350487 0.261 3
0.0199717 -0.0347631 0.261286 3
0.0218268 -0.0349492 0.261667 3
0.0238856 -0.0353024 0.2612 3
0.0263045 -0.0222898 0.261 3
0.0286807 -0.0215214 0.262 3
0.0302712 -0.0214393 0.261 3
0.0322545 -0.0214393 0.261 3
0.0286807 -0.0209522 0.262 3
0.0306821 -0.0202371 0.2616 3
0.0325471 -0.0200049 0.261533 3
0.0340847 -0.0192445 0.262 3
0.030956 -0.0186752 0.262 3
0.0326626 -0.0178214 0.262 3
0.0341985 -0.0176506 0.262 3
0.032947 -0.0159714 0.262 3
0.0345824 -0.0157579 0.262 3
0.030956 -0.0132675 0.262 3
0.0326626 -0.0138368 0.262 3
0.0345874 -0.0138114 0.2615 3
0.0268059 -0.011834 0.26175 3
0.0281728 -0.0112438 0.26125 3
0.0301202 -0.0117201 0.261333 3
0.0325379 -0.0120828 0.261 3
0.0197286 -0.040327 0.264 3
0.0156774 -0.0387952 0.263333 3
0.0179981 -0.0388688 0.263833 3
0.0198515 -0.0388111 0.264 3
0.0217348 -0.0383195 0.264 3
0.0159423 -0.0372764 0.263 3
0.0179526 -0.0370553 0.263167 3
0.019982 -0.0371102 0.263556 3
0.0216977 -0.0371102 0.263556 3
0.0266068 -0.0213989 0.264 3
0.0276481 -0.0213178 0.263 3
0.0299701 -0.0199138 0.263333 3
0.0306629 -0.0177452 0.2634 3
0.0288996 -0.0148027 0.264 3
0.0305459 -0.0156264 0.263375 3
0.0322162 -0.0156038 0.263 3
0.0288996 -0.0136556 0.264 3
0.0302177 -0.0137467 0.263 3
0.0287901 -0.0121753 0.263 3
0.0206664 -0.0404797 0.265 3
0.0212418 -0.0404797 0.265 3
0.0206664 -0.0393283 0.265 3
0.0218171 -0.0393283 0.265 3
0.0288298 -0.0198272 0.266 3
0.0294073 -0.0198272 0.266 3
0.0288298 -0.0178045 0.266 3
0.0298373 -0.0179308 0.265429 3
0.0288298 -0.0160707 0.266 3
0.0294073 -0.0160707 0.266 3
0.0278584 -0.0134194 0.265 3
0.0281737 -0.0199763 0.268 3
0.0281737 -0.0173561 0.268 3
0.0281475 -0.0158864 0.26775 3
0.0280687 -0.0143908 0.267 3
0.0259427 -0.0232653 0.269 3
0.0247746 -0.0218042 0.269 3
0.0260821 -0.0219405 0.269143 3
0.0275047 -0.0210053 0.27 3
0.0269185 -0.0198321 0.27 3
0.0275047 -0.0198321 0.27 3
0.0269185 -0.0177789 0.27 3
0.0278918 -0.0180382 0.2695 3
0.0247556 -0.0211609 0.272 3
0.0258725 -0.021109 0.271333 3
0.0242494 -0.0198101 0.272 3
0.0258725 -0.01993 0.271333 3
0.0247556 -0.0185016 0.272 3
0.0260548 -0.0180288 0.272 3
0.0270514 -0.0158027 0.271333 3
0.0276405 -0.0158027 0.271333 3
0.0271179 -0.0146603 0.272 3
0.0277084 -0.0146603 0.272 3
0.0226404 -0.0175106 0.275 3
0.0241331 -0.0175106 0.275 3
0.0256257 -0.0175106 0.275 3
0.0250287 -0.0163158 0.275 3
0.0260942 -0.0162366 0.273667 3
0.0277155 -0.0139258 0.275 3
0.0228051 -0.0164344 0.277 3
0.0240079 -0.0164344 0.277 3
0.0260646 -0.0152033 0.2765 3
0.0228874 -0.0152857 0.278 3
0.0240946 -0.0152857 0.278 3
0.0244841 -0.0141284 0.279 3
0.0262773 -0.0135096 0.27875 3
0.0225961 -0.0132665 0.28 3
0.0241159 -0.0132665 0.28 3
0.0230521 -0.0117457 0.28 3
0.0242679 -0.0117456 0.28 3
0.0260917 -0.0117456 0.28 3
0.0273075 -0.0117457 0.28 3
