-0.00314359 0.00360711 0.191 3
-0.000862799 0.00360711 0.191 3
0.000381271 0.00360711 0.191 3
-0.00726087 0.00571162 0.191 3
-0.00531605 0.00527244 0.190407 3
-0.00325756 0.00519074 0.190125 3
-0.00143805 0.00516617 0.1904 3
-0.00894925 0.00734189 0.191 3
-0.00745341 0.00726778 0.191 3
-0.00566315 0.00716139 0.1906 3
-0.00333339 0.00689064 0.19 3
-0.00209584 0.00689065 0.19 3
0.00286941 0.0080681 0.191 3
-0.00708315 0.0087943 0.191 3
-0.00625377 0.0087943 0.191 3
-3.3244e-05 0.0101931 0.19 3
0.00129598 0.00982614 0.19 3
0.0032449 0.00964167 0.190667 3
0.00521932 0.0101084 0.191 3
0.00680897 0.0102467 0.191 3
0.00154808 0.0112939 0.19 3
0.00340441 0.0111563 0.19 3
0.00482733 0.0112541 0.1905 3
-0.0320897 -0.00474154 0.193 3
-0.0308326 -0.00474154 0.193 3
-0.0339754 -0.00243528 0.193 3
-0.032527 -0.00323096 0.19281 3
-0.030708 -0.00332742 0.192818 3
-0.029366 -0.0039029 0.193 3
-0.0339754 -0.00159663 0.193 3
-0.0325859 -0.00137594 0.193 3
-0.0310421 -0.00170146 0.193 3
-0.00275748 0.00175793 0.193 3
-0.000751035 0.00103693 0.192762 3
0.00122283 0.000918199 0.19288 3
0.00268994 0.00133861 0.193 3
-0.0216139 0.00364488 0.193 3
-0.0201473 0.00364488 0.193 3
-0.0180522 0.00364488 0.193 3
-0.015957 0.00364488 0.193 3
-0.0136523 0.00364488 0.193 3
-0.0113476 0.00364488 0.193 3
-0.00925247 0.00364488 0.193 3
-0.00715732 0.00364488 0.193 3
-0.0051407 0.00316896 0.192444 3
-0.00289615 0.00261614 0.192286 3
-0.000867317 0.00258312 0.192 3
0.00121827 0.00258463 0.192133 3
0.00268994 0.00217726 0.193 3
-0.0197283 0.00448352 0.193 3
-0.0178726 0.00472313 0.193 3
-0.0159023 0.00503957 0.193 3
-0.0136523 0.0051125 0.193 3
-0.0114542 0.00505141 0.192864 3
-0.00947383 0.0050953 0.1924 3
-0.00754227 0.00488034 0.192125 3
-0.00628651 0.00446029 0.192 3
0.00413502 0.00592031 0.192 3
0.00528289 0.00530366 0.192923 3
0.00729929 0.00595114 0.193 3
-0.015538 0.00637046 0.193 3
-0.013338 0.00668496 0.193 3
-0.0113811 0.00720383 0.19285 3
-0.00984878 0.00667876 0.192 3
0.00375022 0.00730011 0.192 3
0.00539958 0.00718864 0.19248 3
0.00746795 0.00723728 0.192833 3
0.00960396 0.00741877 0.193 3
0.00413502 0.00863178 0.192 3
0.00547824 0.00900257 0.192 3
0.00752428 0.00918495 0.192 3
0.00959488 0.00929608 0.1928 3
0.00778255 0.0116561 0.192 3
0.0094392 0.0113287 0.192727 3
0.00755103 0.0135883 0.192278 3
0.00907451 0.0132808 0.192875 3
0.00792784 0.0147569 0.193 3
0.00876591 0.0147569 0.193 3
-0.0317872 -0.00669717 0.195 3
-0.0305171 -0.00669717 0.195 3
-0.0290353 -0.00669717 0.195 3
-0.0341158 -0.00479067 0.195 3
-0.0326353 -0.0054363 0.194333 3
-0.0302688 -0.00560647 0.194263 3
-0.0285788 -0.00523242 0.194778 3
-0.0383495 -0.00246051 0.195 3
-0.0368677 -0.00288418 0.195 3
-0.0346469 -0.00331994 0.194524 3
-0.0297288 -0.00286939 0.194 3
-0.0285772 -0.00319393 0.194176 3
-0.0269184 -0.00246051 0.195 3
-0.0383495 -0.00161318 0.195 3
-0.0366933 -0.00130975 0.194714 3
-0.034801 -0.00105162 0.194158 3
-0.032607 -0.000551172 0.194 3
-0.0302132 -0.00103589 0.194 3
-0.0283407 -0.00118707 0.1946 3
-0.0264315 -0.00104123 0.195 3
-0.0245898 -0.000554013 0.195 3
-0.000739714 -0.000694762 0.194833 3
0.00123283 -0.000976258 0.1945 3
0.0032557 -0.000929974 0.194778 3
0.004623 -0.000554013 0.195 3
-0.034362 0.000291815 0.194 3
-0.0324666 0.000291815 0.194 3
-0.0301801 0.000532669 0.194 3
-0.028345 0.000855136 0.195 3
-0.0262356 0.000926321 0.19464 3
-0.0240921 0.000924657 0.1944 3
-0.0220084 0.00092606 0.19464 3
-0.0199123 0.000926996 0.1948 3
-0.0177976 0.000926996 0.1948 3
-0.0157749 0.0012252 0.194706 3
-0.0135821 0.00135248 0.195 3
-0.0114578 0.00135127 0.194867 3
-0.00933237 0.00134945 0.194667 3
-0.00745865 0.00142869 0.194909 3
-0.00487176 0.00142537 0.194545 3
-0.00294612 0.000814385 0.194526 3
-0.00150816 0.000291815 0.194 3
0.00312508 0.000291815 0.194 3
-0.0278559 0.00256296 0.195 3
-0.0260982 0.00273875 0.194353 3
-0.0240024 0.0029111 0.194 3
-0.0220695 0.00283187 0.194 3
-0.0198305 0.00261003 0.194 3
-0.0177245 0.00261003 0.194 3
-0.0156185 0.00261003 0.194 3
-0.0135357 0.00261379 0.194333 3
-0.0114186 0.00261229 0.1942 3
-0.00930041 0.00261003 0.194 3
-0.007204 0.00261304 0.194267 3
-0.00508838 0.00218854 0.194 3
-0.00382477 0.00218854 0.194 3
0.00589312 0.00368265 0.195 3
0.00716325 0.00368265 0.195 3
0.00928012 0.00368265 0.195 3
0.011397 0.00368265 0.195 3
0.0128788 0.00368265 0.195 3
0.00601338 0.00507648 0.194333 3
0.00740475 0.00498948 0.194476 3
0.00950428 0.00514828 0.1944 3
0.01148 0.00509207 0.194455 3
0.0132824 0.00515688 0.1947 3
0.00839012 0.00640347 0.194 3
0.00965372 0.00640347 0.194 3
0.0115491 0.00724646 0.194 3
0.0132824 0.00727326 0.1947 3
0.0115676 0.00936904 0.1943 3
0.0128788 0.00919031 0.195 3
0.0102855 0.0120937 0.194 3
0.01158 0.0114909 0.1945 3
0.00983788 0.0136158 0.194167 3
0.0113365 0.0133665 0.195 3
0.00944313 0.0148333 0.194 3
-0.0413091 -0.00847791 0.197 3
-0.0295469 -0.00847791 0.197 3
-0.0282638 -0.00847791 0.197 3
-0.0269806 -0.00847791 0.197 3
-0.0423761 -0.0065186 0.196 3
-0.041076 -0.0070707 0.196818 3
-0.0395982 -0.00655186 0.197 3
-0.0342518 -0.00655186 0.197 3
-0.0324744 -0.00688096 0.1966 3
-0.0304293 -0.0074625 0.196556 3
-0.0282166 -0.00724234 0.19644 3
-0.0266955 -0.00690853 0.197 3
-0.0428016 -0.00524108 0.196 3
-0.0410108 -0.00525756 0.1966 3
-0.0389567 -0.00526782 0.197 3
-0.0367646 -0.00516082 0.197 3
-0.0349179 -0.00539267 0.196333 3
-0.0279076 -0.00566692 0.196 3
-0.0266977 -0.00568138 0.1965 3
0.00787829 -0.00483981 0.197 3
-0.044291 -0.00353773 0.196 3
-0.0430337 -0.00344095 0.196 3
-0.0408512 -0.00336029 0.196 3
-0.0389079 -0.00347385 0.196 3
-0.0366312 -0.00396356 0.196 3
-0.0257779 -0.00322088 0.196533 3
-0.0240588 -0.00288622 0.196938 3
-0.0220619 -0.00291376 0.197 3
-0.0201372 -0.00291376 0.197 3
-0.0182124 -0.00248575 0.197 3
-0.000462185 -0.00248575 0.197 3
0.00136664 -0.00266197 0.196429 3
0.00301605 -0.00294073 0.196714 3
0.00509813 -0.00248575 0.197 3
0.00638128 -0.00248575 0.197 3
-0.0432272 -0.00204729 0.196 3
-0.0406739 -0.00204729 0.196 3
-0.0393972 -0.00162145 0.196 3
-0.0258223 -0.00179179 0.196 3
-0.0241293 -0.00143244 0.19625 3
-0.0221459 -0.00116187 0.196167 3
-0.0200554 -0.0011977 0.1962 3
-0.0179653 -0.00116247 0.19625 3
-0.0158197 -0.000986284 0.1965 3
-0.0138164 -0.000940148 0.197 3
-0.0115828 -0.000559695 0.197 3
-0.00930167 -0.000702365 0.197 3
-0.00746605 -0.000880703 0.197 3
-0.0050245 -0.000702365 0.197 3
-0.00302277 -0.000986568 0.1966 3
-0.000924711 -0.00158559 0.196273 3
0.00124274 -0.00204938 0.1962 3
0.0031573 -0.00204729 0.196 3
0.00495127 -0.00165823 0.196385 3
0.00638128 -0.00205774 0.197 3
0.00958916 -0.000559695 0.197 3
-0.0155667 0.000294824 0.196 3
-0.0136518 0.000294824 0.196 3
-0.011524 0.000294824 0.196 3
-0.0093963 0.000294824 0.196 3
-0.00708619 0.00053816 0.196 3
-0.00532322 0.00053816 0.196 3
-0.0038642 0.000294824 0.196 3
0.0078383 0.00178526 0.196 3
0.00936785 0.000936888 0.19684 3
0.0114132 0.00124047 0.197 3
0.0136525 0.00136636 0.197 3
0.015746 0.00114109 0.197 3
0.00592334 0.00284986 0.196 3
0.00730637 0.0027434 0.196 3
0.00933117 0.00263769 0.196067 3
0.0114749 0.0026407 0.196333 3
0.0137213 0.0029438 0.196238 3
0.0157663 0.00307271 0.19668 3
0.0144343 0.00519197 0.196 3
0.0156913 0.00512943 0.196435 3
0.0144343 0.00732116 0.196 3
0.0153381 0.00734607 0.196667 3
0.0139052 0.00956473 0.196294 3
0.0149356 0.00949858 0.197 3
0.0134514 0.0115645 0.196429 3
0.0149356 0.0107826 0.197 3
0.0101788 0.0145604 0.196 3
0.0117528 0.014293 0.196222 3
0.0133617 0.013653 0.196556 3
0.0101788 0.0149863 0.196 3
0.0114801 0.0150169 0.1964 3
0.0130109 0.0150627 0.197 3
-0.0391362 -0.010942 0.199 3
-0.0257424 -0.010942 0.199 3
-0.0404027 -0.00915587 0.198182 3
-0.039015 -0.0092987 0.198857 3
-0.0374079 -0.00856398 0.199 3
-0.0326553 -0.00856398 0.199 3
-0.0302992 -0.00898199 0.198667 3
-0.0280958 -0.00946989 0.198333 3
-0.0262772 -0.00943826 0.198417 3
-0.0246932 -0.00927023 0.198667 3
-0.0402721 -0.00783265 0.198 3
-0.0386836 -0.00729361 0.198174 3
-0.0367348 -0.00713388 0.198545 3
-0.0348752 -0.00729597 0.1986 3
-0.0329437 -0.00771994 0.1984 3
-0.0307717 -0.00809076 0.198 3
-0.0259354 -0.00739171 0.198 3
-0.0243716 -0.00724456 0.1984 3
0.00795827 -0.00661837 0.199 3
0.00877805 -0.00658512 0.198 3
-0.0372199 -0.00572474 0.198 3
-0.0258995 -0.00515117 0.198 3
-0.0241465 -0.00508838 0.19832 3
-0.0221669 -0.00497652 0.198762 3
-0.0198762 -0.00466566 0.198667 3
-0.017743 -0.00467135 0.198933 3
-0.0155889 -0.00424041 0.199 3
-0.0142928 -0.00424041 0.199 3
-0.00893524 -0.00449982 0.199 3
-0.00737982 -0.00467277 0.199 3
-0.00517405 -0.00490032 0.199 3
-0.0032949 -0.00459416 0.199 3
0.00126136 -0.00424041 0.199 3
0.00298959 -0.00424041 0.199 3
0.00539246 -0.00442266 0.198857 3
0.00723911 -0.0050655 0.198316 3
0.00927087 -0.00504502 0.198238 3
0.0107667 -0.00424041 0.199 3
-0.0241084 -0.00378892 0.198 3
-0.0219589 -0.00378892 0.198 3
-0.0195638 -0.00360455 0.198 3
-0.0176049 -0.00326202 0.198235 3
-0.0156177 -0.003191 0.198789 3
-0.0137433 -0.00296972 0.198643 3
-0.0116888 -0.00294082 0.1988 3
-0.00945479 -0.00308396 0.198722 3
-0.00737055 -0.00315637 0.19875 3
-0.00520575 -0.0031516 0.19845 3
-0.0030477 -0.00314842 0.19825 3
-0.00100563 -0.00304668 0.198667 3
0.000970541 -0.00336511 0.198333 3
0.00298959 -0.00380805 0.199 3
0.00513062 -0.00336383 0.198267 3
0.00703896 -0.00343695 0.198 3
0.00948961 -0.00330893 0.19825 3
0.0109827 -0.00294334 0.199 3
-0.0170152 -0.00206818 0.198 3
-0.0157256 -0.00206818 0.198 3
-0.0135454 -0.00188382 0.198 3
-0.0116496 -0.00163939 0.198133 3
-0.00962446 -0.00167109 0.198 3
-0.00705615 -0.00178139 0.198 3
-0.00532557 -0.00167109 0.198 3
-0.00304386 -0.00206818 0.198 3
-0.00153926 -0.00206818 0.198 3
0.0102931 -0.0012099 0.1982 3
0.011555 -0.00113735 0.198652 3
0.0137837 -0.00099745 0.1989 3
0.0158108 -0.000948116 0.198444 3
0.0177561 -0.00104514 0.198778 3
0.0117873 0.000297832 0.198 3
0.0137218 0.000297832 0.198 3
0.0160145 0.000297832 0.198 3
0.0178518 0.000945491 0.1985 3
0.0178518 0.00310184 0.1985 3
0.016516 0.00610532 0.198 3
0.0174285 0.00526215 0.1986 3
0.016516 0.00739587 0.198 3
0.0174635 0.00743322 0.199 3
0.0158986 0.00956287 0.198333 3
0.0168155 0.00959501 0.199 3
0.0145815 0.0119128 0.198 3
0.0155503 0.0115968 0.198538 3
0.0168155 0.0108921 0.199 3
0.0146184 0.0136691 0.1985 3
0.015278 0.0133199 0.198667 3
0.0102827 0.0157845 0.198 3
0.0116507 0.0159926 0.198286 3
0.01373 0.0155822 0.1985 3
0.0150872 0.0149995 0.199 3
0.0118468 0.0169451 0.199 3
0.013143 0.0169451 0.199 3
-0.00673173 0.0251599 0.199 3
-0.00521953 0.0251599 0.199 3
-0.00305923 0.0251599 0.199 3
-0.000898937 0.0251599 0.199 3
0.00104533 0.0251599 0.199 3
0.00298959 0.0251599 0.199 3
0.0045018 0.0251599 0.199 3
-0.00673173 0.0255922 0.199 3
-0.00488381 0.0261034 0.198846 3
-0.00305308 0.0264024 0.1986 3
-0.000897116 0.0263919 0.19852 3
0.00104113 0.0263497 0.1982 3
0.0029805 0.0263708 0.19836 3
0.00487214 0.0263334 0.199 3
-0.000464532 0.0276145 0.198 3
0.00119035 0.0282439 0.198231 3
0.00297833 0.0282963 0.19825 3
0.0045018 0.0279702 0.199 3
0.00126136 0.0294834 0.199 3
0.00298959 0.0294834 0.199 3
-0.0380021 -0.0130171 0.201 3
-0.0375657 -0.0130171 0.201 3
-0.0382575 -0.011529 0.200231 3
-0.0368763 -0.0114436 0.200882 3
-0.0303651 -0.0110519 0.201 3
-0.0281863 -0.01117 0.2005 3
-0.0262246 -0.0115772 0.200625 3
-0.0240007 -0.0114721 0.2007 3
-0.0225098 -0.0110519 0.201 3
-0.0381387 -0.00991059 0.2 3
-0.0366622 -0.00959883 0.200381 3
-0.0346964 -0.00950374 0.20056 3
-0.0325777 -0.00966757 0.200444 3
-0.0306019 -0.00999146 0.200167 3
-0.0289113 -0.0101279 0.2 3
-0.0237169 -0.00959896 0.200556 3
-0.0221825 -0.0093597 0.201 3
-0.0203278 -0.00865005 0.201 3
-0.00287178 -0.00865005 0.201 3
-0.0365103 -0.00817248 0.2 3
-0.0347734 -0.00817248 0.2 3
-0.0234498 -0.00746189 0.200333 3
-0.0222174 -0.0072921 0.200667 3
-0.020138 -0.00730078 0.200917 3
-0.017883 -0.00710496 0.2005 3
-0.0157138 -0.00710829 0.2006 3
-0.0135636 -0.00712159 0.201 3
-0.0115998 -0.00712159 0.201 3
-0.0087196 -0.00665163 0.2 3
-0.00741691 -0.00665163 0.2 3
-0.00524576 -0.00708616 0.2 3
-0.00304759 -0.0072921 0.200667 3
-0.00156257 -0.00668489 0.201 3
0.00607445 -0.00668489 0.201 3
0.0073694 -0.00702095 0.2006 3
0.00960019 -0.00716373 0.200429 3
0.0108749 -0.00668489 0.201 3
-0.0215294 -0.00578258 0.2 3
-0.0200096 -0.00578258 0.2 3
-0.0178384 -0.00578258 0.2 3
-0.0156673 -0.00534804 0.2 3
-0.0134707 -0.00517181 0.200167 3
-0.0115541 -0.00513656 0.2002 3
-0.00974004 -0.00528287 0.2 3
-0.00741691 -0.00578257 0.2 3
-0.0053905 -0.00578257 0.2 3
-0.00288851 -0.00553427 0.2 3
-0.000981531 -0.00509056 0.200609 3
0.000982881 -0.00486293 0.200889 3
0.00300676 -0.00491843 0.2002 3
0.00509029 -0.00540918 0.200444 3
0.00647846 -0.00578257 0.2 3
0.0103865 -0.00534804 0.2 3
0.0113209 -0.00490463 0.200455 3
0.0134933 -0.00428303 0.201 3
0.0156753 -0.00428303 0.201 3
0.0179916 -0.00468614 0.201 3
0.0200852 -0.00494957 0.201 3
0.0213485 -0.00471973 0.201 3
-0.013279 -0.00382719 0.2 3
-0.0115421 -0.00382719 0.2 3
-0.0102394 -0.00382719 0.2 3
-0.000903452 -0.00382719 0.2 3
0.000399237 -0.00382719 0.2 3
0.0119277 -0.00322701 0.200077 3
0.0136313 -0.00322684 0.200765 3
0.0156476 -0.00318653 0.20065 3
0.0178091 -0.00318335 0.20045 3
0.0199832 -0.00322442 0.200895 3
0.0213485 -0.00340962 0.201 3
0.0123406 -0.00208907 0.2 3
0.0136432 -0.00208907 0.2 3
0.0155973 -0.00208907 0.2 3
0.0177684 -0.00208907 0.2 3
0.0197729 -0.00122306 0.2005 3
0.0193075 0.000954455 0.2002 3
0.0193847 0.00314091 0.201 3
0.0184382 0.0053041 0.2002 3
0.0185119 0.00750793 0.201 3
0.0180316 0.00944953 0.2005 3
0.0164932 0.0118363 0.200333 3
0.0174133 0.0113685 0.200455 3
0.0160145 0.0136114 0.200273 3
0.0169845 0.0131851 0.201 3
0.00987585 0.0160909 0.2002 3
0.0108749 0.0166787 0.201 3
0.0140775 0.0165957 0.2 3
0.0153399 0.0157734 0.2006 3
0.0104385 0.0175521 0.201 3
0.0116459 0.0176788 0.200636 3
0.0137847 0.0176224 0.2008 3
0.0150207 0.0171154 0.201 3
-0.021637 0.0212641 0.201 3
-0.0199459 0.0215916 0.201 3
-0.0180913 0.0218099 0.201 3
-0.0133454 0.0227925 0.201 3
-0.0113816 0.0227925 0.201 3
-0.0094178 0.0227925 0.201 3
-0.00745399 0.0227925 0.201 3
-0.00527198 0.0227925 0.201 3
-0.00352638 0.0227925 0.201 3
0.00541985 0.0227925 0.201 3
-0.0148728 0.0238842 0.201 3
-0.0135013 0.0236971 0.201 3
-0.0113816 0.0236659 0.201 3
-0.00948271 0.0240738 0.200273 3
-0.00742432 0.0240058 0.2002 3
-0.005251 0.0240058 0.2002 3
-0.0031385 0.0241147 0.200478 3
-0.000959696 0.0243532 0.200375 3
0.00105321 0.0242594 0.2005 3
0.00301213 0.0242594 0.2005 3
0.00520972 0.0241657 0.200545 3
0.00738041 0.0243086 0.2009 3
-0.0087196 0.0255035 0.2 3
-0.00785114 0.0255036 0.2 3
0.00575474 0.0258657 0.2 3
0.00690122 0.0261014 0.200615 3
0.00537072 0.02829 0.2005 3
0.00651085 0.0278146 0.201 3
0.00170193 0.0302834 0.2 3
0.00301193 0.0303439 0.2004 3
0.00452443 0.0296316 0.2 3
-0.0342666 -0.0177041 0.203 3
-0.0326925 -0.0178301 0.203 3
-0.0359247 -0.0155409 0.203 3
-0.0346339 -0.0157929 0.203 3
-0.0326505 -0.0157929 0.203 3
-0.031108 -0.0157929 0.203 3
-0.0364647 -0.013477 0.202478 3
-0.0346339 -0.0135876 0.203 3
-0.0326253 -0.0135774 0.20284 3
-0.0306011 -0.0134333 0.203 3
-0.0282431 -0.012926 0.203 3
-0.0261636 -0.0128783 0.20225 3
-0.0241568 -0.0128624 0.202 3
-0.0222931 -0.0129261 0.203 3
-0.0362176 -0.0119847 0.202 3
-0.0346826 -0.0115458 0.202 3
-0.0324897 -0.0115458 0.202 3
-0.0302968 -0.0119847 0.202 3
-0.0285426 -0.0119847 0.202 3
-0.0218395 -0.0116778 0.202375 3
-0.0200215 -0.0114858 0.202875 3
-0.0178856 -0.0109414 0.203 3
-0.0159023 -0.0105003 0.203 3
-0.0134047 -0.0107943 0.203 3
-0.0214157 -0.0100097 0.202 3
-0.0199517 -0.00972573 0.202 3
-0.0180754 -0.00941309 0.20219 3
-0.0158827 -0.00938694 0.20275 3
-0.0136551 -0.00936842 0.20235 3
-0.0120961 -0.00913196 0.202 3
-0.000913895 -0.00915908 0.2026 3
0.000669671 -0.00900075 0.203 3
0.00767749 -0.00873612 0.203 3
0.00899972 -0.00873612 0.203 3
-0.0193325 -0.00825421 0.202 3
-0.0180168 -0.00825421 0.202 3
-0.015824 -0.00825421 0.202 3
-0.0136311 -0.00825421 0.202 3
-0.0120961 -0.00825421 0.202 3
-0.000787533 -0.00751127 0.202238 3
0.00103023 -0.00735605 0.202684 3
0.00304969 -0.00719245 0.203 3
0.00514109 -0.0072225 0.202444 3
0.00726009 -0.00787556 0.2024 3
0.00899972 -0.00829507 0.203 3
0.0114238 -0.00710424 0.203 3
0.0136275 -0.00675141 0.203 3
0.0159782 -0.00689842 0.203 3
0.0179806 -0.00717163 0.2024 3
0.0194811 -0.00671814 0.202 3
-3.53436e-05 -0.0058404 0.202 3
0.00106109 -0.0058404 0.202 3
0.00303466 -0.0058404 0.202 3
0.0119158 -0.00562096 0.202 3
0.0135736 -0.00540731 0.2022 3
0.0157533 -0.00540152 0.202 3
0.0177999 -0.00569411 0.202 3
0.0194811 -0.0058404 0.202 3
0.0221126 -0.00430434 0.202 3
0.021862 -0.00279962 0.202 3
0.0215278 -0.00115907 0.202 3
0.0203583 0.000962162 0.202 3
0.0212354 0.000303849 0.202 3
0.0204389 0.00316991 0.2028 3
0.0199701 0.00536415 0.2025 3
0.0199701 0.00734398 0.2025 3
0.0213405 0.00802368 0.203 3
0.0199701 0.0093238 0.2025 3
0.0213405 0.00890578 0.203 3
-0.0469747 0.0122137 0.203 3
0.0183526 0.0114548 0.20225 3
0.0193572 0.0111845 0.203 3
0.0166304 0.0143478 0.202 3
0.0176063 0.0135583 0.2025 3
-0.0348543 0.0164036 0.203 3
0.00927733 0.0163759 0.202667 3
0.0162686 0.0160905 0.2024 3
0.0171535 0.015742 0.203 3
-0.0344135 0.0168446 0.203 3
-0.0325526 0.0170406 0.203 3
-0.0303979 0.0175543 0.202952 3
-0.0282565 0.0176747 0.202833 3
-0.0263664 0.0178283 0.202842 3
-0.0242764 0.0181678 0.203 3
-0.0220727 0.0181678 0.203 3
-0.0201094 0.018248 0.203 3
-0.0183264 0.0186088 0.203 3
0.00948505 0.0177424 0.202588 3
0.0115868 0.0185172 0.202 3
0.0135886 0.0185538 0.2024 3
0.0153334 0.0178817 0.20225 3
-0.0294197 0.018956 0.202 3
-0.0283233 0.018956 0.202 3
-0.0262343 0.0193756 0.202154 3
-0.02406 0.0197307 0.202238 3
-0.0219857 0.0198526 0.2022 3
-0.0199615 0.0198143 0.202238 3
-0.018077 0.0199973 0.202455 3
-0.015886 0.0201322 0.2028 3
-0.0136986 0.0201525 0.203 3
-0.0114949 0.0201525 0.203 3
-0.00943804 0.0204465 0.203 3
-0.00716087 0.0202995 0.203 3
-0.00532444 0.0205936 0.203 3
-0.00356147 0.0205936 0.203 3
0.00613489 0.0205936 0.203 3
0.00745712 0.0205936 0.203 3
0.00954213 0.0199735 0.202947 3
0.0113733 0.0198949 0.202818 3
0.0133694 0.0193851 0.202727 3
0.0151702 0.0190499 0.203 3
-0.0173589 0.0213699 0.202 3
-0.015824 0.0220282 0.202 3
-0.0136729 0.021861 0.202 3
-0.0114435 0.0218193 0.2021 3
-0.00947091 0.0218219 0.202125 3
-0.00749108 0.0218087 0.202 3
-0.00530543 0.0218405 0.2023 3
-0.00305253 0.0219566 0.202455 3
-0.001055 0.0223163 0.202737 3
0.00115929 0.0223883 0.202714 3
0.00304376 0.0220969 0.20264 3
0.00521971 0.0219978 0.202435 3
0.00743508 0.0220705 0.2024 3
0.00942717 0.0221038 0.2027 3
0.0107627 0.0221372 0.203 3
-0.015824 0.0233448 0.202 3
-0.0145082 0.0233448 0.202 3
-0.0024475 0.0233448 0.202 3
-0.000815028 0.0236374 0.202 3
0.00106109 0.0233448 0.202 3
0.00303466 0.0233448 0.202 3
0.00508133 0.0233448 0.202 3
0.00742039 0.0233448 0.202 3
0.00936687 0.0241778 0.202444 3
0.0107627 0.0234603 0.203 3
0.00790282 0.0264169 0.202 3
0.00917602 0.0261066 0.203 3
0.00610467 0.0288307 0.202 3
0.00728374 0.0281108 0.20275 3
0.00128388 0.0313476 0.202667 3
0.00303466 0.0312445 0.202 3
0.00516342 0.0303441 0.202333 3
0.00128577 0.0322638 0.202889 3
0.00280245 0.0321298 0.202545 3
-0.0324382 -0.0196817 0.204444 3
-0.0311919 -0.0192889 0.205 3
-0.0305224 -0.0177232 0.204455 3
-0.0300746 -0.015846 0.204353 3
-0.0286044 -0.0153465 0.204889 3
-0.0262959 -0.0150577 0.205 3
-0.0242931 -0.0150577 0.205 3
-0.0299767 -0.0142751 0.204 3
-0.0284191 -0.0141168 0.204267 3
-0.0262104 -0.0141216 0.204333 3
-0.024214 -0.0141216 0.204333 3
-0.0220871 -0.0137625 0.2045 3
-0.0200158 -0.013467 0.2045 3
-0.0179181 -0.0134352 0.204778 3
-0.0156139 -0.0130534 0.205 3
-0.0193025 -0.0121033 0.204 3
-0.0176047 -0.0119556 0.204 3
-0.0157591 -0.0116601 0.204 3
-0.014209 -0.0116601 0.204 3
-3.56935e-05 -0.0109953 0.204 3
0.00107547 -0.0110271 0.204583 3
0.0028254 -0.0107947 0.205 3
0.00508262 -0.0106038 0.205 3
-3.56935e-05 -0.0101088 0.204 3
0.00125356 -0.0096298 0.204091 3
0.00306847 -0.00945638 0.20425 3
0.0052515 -0.0094438 0.204737 3
0.00723027 -0.00941126 0.204889 3
0.00941409 -0.00937175 0.204833 3
0.0112279 -0.00910955 0.204778 3
0.0137618 -0.00882219 0.205 3
0.016077 -0.00911433 0.204889 3
0.0175502 -0.0092795 0.204364 3
0.00173597 -0.00833593 0.204 3
0.00306471 -0.00833593 0.204 3
0.00527928 -0.00833593 0.204 3
0.00660803 -0.00833593 0.204 3
0.00992986 -0.00833593 0.204 3
0.0117376 -0.00798444 0.204273 3
0.0137171 -0.00790633 0.204333 3
0.0157966 -0.00793938 0.204308 3
0.0176809 -0.00833593 0.204 3
0.0223315 -0.000579583 0.204 3
0.0214457 0.00141491 0.204 3
0.0215158 0.00334812 0.204667 3
0.0217601 0.00548172 0.204571 3
0.0219831 0.00705926 0.204286 3
-0.0473139 0.0097111 0.205 3
-0.0458797 0.010107 0.205 3
-0.0470802 0.0111417 0.204143 3
-0.0453284 0.0117648 0.204524 3
-0.0432092 0.0121113 0.205 3
-0.0412381 0.0123658 0.205 3
-0.0387583 0.0125567 0.205 3
-0.036978 0.0125567 0.205 3
0.0185667 0.0124954 0.204 3
0.0201559 0.0117569 0.204533 3
-0.0469537 0.01355 0.204143 3
-0.0456117 0.0133771 0.2046 3
-0.042319 0.0130021 0.205 3
-0.041011 0.0135869 0.204353 3
-0.0389487 0.0136193 0.20425 3
-0.0368871 0.0137101 0.2045 3
-0.0349796 0.0139674 0.204909 3
-0.0325271 0.0143382 0.205 3
-0.0303017 0.0143382 0.205 3
-0.0287439 0.0143382 0.205 3
0.0183604 0.0138367 0.204167 3
0.0194561 0.0135041 0.2045 3
-0.0469925 0.0150063 0.205 3
-0.0387908 0.0149331 0.204 3
-0.0367976 0.0153763 0.204 3
-0.0345546 0.0155334 0.204174 3
-0.032575 0.0155729 0.204238 3
-0.0305378 0.0156124 0.2042 3
-0.0284653 0.0157528 0.204455 3
-0.0262318 0.0158573 0.2045 3
-0.0241167 0.0158122 0.204556 3
-0.0221425 0.0159112 0.204556 3
-0.0202316 0.0160085 0.205 3
-0.0180618 0.0163425 0.205 3
0.00759144 0.016019 0.204667 3
0.0181775 0.0156447 0.2046 3
0.0191028 0.0156744 0.205 3
-0.0255033 0.0171492 0.204 3
-0.0241745 0.0171492 0.204 3
-0.0221814 0.0171492 0.204 3
-0.019777 0.0174025 0.204 3
-0.0177324 0.0177735 0.204435 3
-0.0156931 0.0177918 0.204455 3
-0.0137233 0.0179165 0.204522 3
-0.0116732 0.0179396 0.204783 3
-0.00936741 0.0183162 0.204667 3
-0.00736779 0.0183162 0.204667 3
-0.00536816 0.0183162 0.204667 3
-0.00315016 0.0183407 0.204933 3
-0.00092604 0.0187922 0.205 3
0.00107685 0.0187922 0.205 3
0.00307973 0.0187922 0.205 3
0.00570079 0.0182973 0.205 3
0.00751174 0.0178591 0.20452 3
0.00904406 0.0187005 0.204 3
0.0163522 0.0177402 0.204 3
0.017238 0.0171492 0.204 3
-0.0173094 0.0191437 0.204 3
-0.0157591 0.0191437 0.204 3
-0.0137661 0.0191437 0.204 3
-0.0115515 0.0191437 0.204 3
-0.00920062 0.0195528 0.204 3
-0.00756525 0.0194761 0.204 3
-0.00535067 0.0195869 0.204 3
-0.00299924 0.0198399 0.204211 3
-0.000924234 0.0200877 0.2046 3
0.00107475 0.0200877 0.2046 3
0.00307372 0.0200877 0.2046 3
0.00521181 0.0200096 0.204391 3
0.00749602 0.0195932 0.204067 3
0.00904406 0.0191437 0.204 3
0.0123659 0.020695 0.204 3
0.0138171 0.0203793 0.204167 3
0.0153196 0.0199056 0.205 3
-0.000478608 0.0215814 0.204 3
0.000850136 0.0215814 0.204 3
0.011923 0.0220246 0.204 3
0.0136737 0.0218859 0.204778 3
0.0114743 0.0240355 0.204375 3
0.0128716 0.0234688 0.205 3
0.0099461 0.0262788 0.204333 3
0.0108157 0.0253488 0.204 3
0.00771531 0.0286729 0.204 3
0.0090884 0.0277 0.205 3
0.00618022 0.0305215 0.2045 3
0.00662423 0.0305215 0.2045 3
0.00129305 0.0333267 0.204 3
0.00336714 0.0331039 0.204444 3
0.00462622 0.0322988 0.2045 3
0.00129305 0.03377 0.204 3
0.0030776 0.0339024 0.2048 3
-0.0319456 -0.0217258 0.207 3
-0.0309906 -0.0215572 0.207 3
-0.0317913 -0.0205019 0.206 3
-0.030647 -0.0198968 0.206533 3
-0.0290243 -0.0194771 0.207 3
-0.0297787 -0.0184879 0.206 3
-0.028268 -0.0178524 0.2064 3
-0.0263255 -0.0175623 0.206867 3
-0.0243053 -0.0170035 0.207 3
-0.0279693 -0.0161076 0.206 3
-0.0261432 -0.0160792 0.206231 3
-0.0241653 -0.0159265 0.206357 3
-0.0220227 -0.0156298 0.206667 3
-0.0198476 -0.0156655 0.206714 3
-0.0177956 -0.015537 0.206714 3
-0.015916 -0.0151297 0.207 3
-0.0232934 -0.0146836 0.206 3
-0.0219516 -0.0146836 0.206 3
-0.019939 -0.0146836 0.206 3
-0.0177772 -0.0144598 0.206 3
-0.01569 -0.0140122 0.206 3
-0.0141589 -0.0135987 0.2065 3
0.00130856 -0.0131383 0.206333 3
0.00221092 -0.0131807 0.207 3
0.00558164 -0.0131807 0.207 3
0.0163679 -0.0131808 0.207 3
-3.60434e-05 -0.012222 0.206 3
0.0010821 -0.012222 0.206 3
0.00320131 -0.0118505 0.206444 3
0.00538596 -0.0117494 0.206476 3
0.00735796 -0.0115743 0.2064 3
0.0093894 -0.0115919 0.20672 3
0.0116378 -0.0111466 0.2068 3
0.0137488 -0.0113028 0.206714 3
0.0156786 -0.0115963 0.2068 3
0.0171834 -0.011103 0.206 3
0.00622556 -0.0102079 0.206 3
0.0073437 -0.0102079 0.206 3
0.00935636 -0.0102079 0.206 3
0.011847 -0.00985074 0.206182 3
0.0136053 -0.00976035 0.206 3
0.015374 -0.00984172 0.206 3
0.0171834 -0.0102079 0.206 3
0.0221579 0.00345226 0.2065 3
0.0235588 0.00570823 0.207 3
-0.0470009 0.00722873 0.206842 3
-0.0457175 0.00779065 0.206857 3
-0.0468191 0.00885836 0.206 3
-0.0452919 0.00952737 0.206476 3
-0.0431813 0.00980585 0.207 3
-0.0409342 0.0102056 0.207 3
-0.0395859 0.0102056 0.207 3
-0.0445381 0.0110514 0.206 3
-0.0429727 0.0110514 0.206 3
-0.040901 0.0114671 0.206333 3
-0.0389316 0.0115726 0.206444 3
-0.0368352 0.0115374 0.2067 3
-0.0348348 0.0117476 0.207 3
-0.0332939 0.0120046 0.207 3
-0.0299232 0.0120046 0.207 3
-0.0287996 0.0120046 0.207 3
-0.000485647 0.0120045 0.207 3
0.00041321 0.0120046 0.207 3
-0.0449804 0.0139305 0.206667 3
-0.0432922 0.0133212 0.206 3
-0.0360403 0.0128417 0.206 3
-0.0344817 0.0131242 0.206429 3
-0.0326565 0.0133667 0.206444 3
-0.0305234 0.0133204 0.2065 3
-0.0282144 0.0134623 0.206435 3
-0.0262745 0.013738 0.206778 3
-0.0241219 0.0140361 0.206615 3
-0.0220227 0.0140051 0.206667 3
-0.0197853 0.0140097 0.206733 3
-0.0177886 0.0140284 0.207 3
-0.016023 0.0142854 0.207 3
-0.0141932 0.0144781 0.207 3
-0.0045305 0.0144781 0.207 3
-0.00291785 0.0137903 0.207 3
-0.000935074 0.0135786 0.207 3
0.00101245 0.0136536 0.207 3
0.00317999 0.0136088 0.206565 3
0.00488378 0.0140725 0.206 3
0.0205068 0.0134738 0.20625 3
0.0210869 0.0138035 0.207 3
-0.0468196 0.0158266 0.2064 3
-0.0458033 0.0151283 0.206667 3
-0.027766 0.0148557 0.206 3
-0.0262006 0.0148557 0.206 3
-0.0241879 0.0148557 0.206 3
-0.0219516 0.0148557 0.206 3
-0.0196261 0.0151621 0.206111 3
-0.0177801 0.0154892 0.20625 3
-0.0157169 0.0157774 0.20636 3
-0.0136498 0.0158629 0.2066 3
-0.01159 0.0160579 0.206444 3
-0.00946921 0.0160442 0.2069 3
-0.00731094 0.0159668 0.206556 3
-0.00527363 0.0159984 0.206474 3
-0.00317607 0.0157954 0.2066 3
-0.000932704 0.0157774 0.20636 3
0.001084 0.0157728 0.2063 3
0.00309715 0.0157655 0.2062 3
0.00529377 0.0157882 0.206 3
0.00667281 0.0159746 0.206 3
0.0198669 0.0153033 0.206 3
-0.0107702 0.0173174 0.206 3
-0.00942845 0.0173173 0.206 3
-0.00741578 0.0173173 0.206 3
-0.00540313 0.0173173 0.206 3
-0.00316684 0.0173173 0.206 3
-0.000930556 0.0177649 0.206 3
0.0010821 0.0177649 0.206 3
0.00309476 0.0177649 0.206 3
0.00510741 0.0177649 0.206 3
0.0162889 0.0188838 0.206 3
0.0178542 0.0176754 0.206 3
0.019196 0.0173174 0.206 3
0.0160652 0.0200027 0.206 3
0.0143455 0.0227983 0.207 3
0.0152818 0.0219294 0.20675 3
0.0121517 0.024814 0.206 3
0.0136389 0.0240895 0.2065 3
0.0147949 0.0236977 0.207 3
0.0115538 0.0261948 0.206429 3
0.0129972 0.0254967 0.207 3
0.00801458 0.0291778 0.206 3
0.00947737 0.0282428 0.206444 3
0.00758389 0.0304374 0.206444 3
0.00848923 0.030171 0.206667 3
0.00569489 0.0324762 0.2062 3
0.00704228 0.0319055 0.207 3
0.00130573 0.0349962 0.206 3
0.00299931 0.0350057 0.206462 3
0.00468278 0.0340417 0.207 3
-3.62184e-05 0.036965 0.207 3
0.00113103 0.0367503 0.2068 3
0.00265946 0.0367256 0.206917 3
-3.62184e-05 0.0383142 0.207 3
0.00116226 0.038689 0.207 3
0.00266035 0.038764 0.207 3
-0.0298891 -0.0216394 0.208333 3
-0.0286889 -0.0215789 0.209 3
-0.0298891 -0.0205078 0.208333 3
-0.0282422 -0.0201439 0.208571 3
-0.0265023 -0.019958 0.208733 3
-0.0240216 -0.0194707 0.209 3
-0.0220445 -0.0189842 0.209 3
-0.0202294 -0.0189842 0.209 3
-0.0258679 -0.0184866 0.208 3
-0.0241522 -0.0180433 0.208267 3
-0.0221395 -0.0177465 0.208211 3
-0.0200251 -0.0177915 0.208737 3
-0.0177739 -0.0176309 0.208714 3
-0.0157496 -0.0175554 0.208615 3
-0.0138766 -0.0176219 0.209 3
-0.0235196 -0.0166338 0.208 3
-0.0221648 -0.0166338 0.208 3
-0.0199068 -0.0166338 0.208 3
-0.0178746 -0.0166338 0.208 3
-0.0157034 -0.0162167 0.208 3
-0.0138235 -0.0157459 0.2082 3
0.00336671 -0.0151245 0.209 3
0.00518179 -0.0151244 0.209 3
0.00699687 -0.0151244 0.209 3
0.00132474 -0.0142163 0.209 3
0.00322944 -0.0137692 0.208333 3
0.00532635 -0.0138093 0.208 3
0.00742877 -0.0137218 0.208375 3
0.00946991 -0.0137303 0.2085 3
0.0115213 -0.0137463 0.20875 3
0.0135564 -0.0137431 0.2087 3
0.0153299 -0.0137077 0.208167 3
0.0114794 -0.0123406 0.208 3
0.0132858 -0.0123406 0.208 3
0.022652 0.00190367 0.209 3
0.0231057 0.00190367 0.209 3
0.022652 0.00281184 0.209 3
0.0234947 0.00346053 0.209 3
-0.047092 0.00529362 0.2084 3
-0.0455271 0.00553634 0.209 3
-0.0450727 0.00718868 0.208421 3
-0.0430759 0.00779358 0.208667 3
-0.0408364 0.00779885 0.2088 3
-0.0388339 0.00826084 0.209 3
-0.036792 0.00826084 0.209 3
-0.0345231 0.00826084 0.209 3
-0.0447447 0.00867322 0.208 3
-0.0428379 0.00897449 0.208 3
-0.0408488 0.00909678 0.208154 3
-0.0387845 0.0095641 0.208182 3
-0.0366648 0.00958899 0.20828 3
-0.0345442 0.00954672 0.208652 3
-0.0326202 0.00971336 0.208857 3
-0.0304392 0.0096231 0.209 3
-0.0283972 0.0096231 0.209 3
-0.0266578 0.00977446 0.209 3
-0.0249939 0.0100772 0.209 3
-0.0172799 0.00973662 0.209 3
-0.034358 0.0111588 0.208 3
-0.0324567 0.0113733 0.208182 3
-0.0306021 0.0111869 0.208294 3
-0.0283167 0.0112202 0.208222 3
-0.0262841 0.0114076 0.20844 3
-0.0240961 0.0115958 0.208714 3
-0.0221957 0.0118178 0.209 3
-0.0198323 0.01178 0.209 3
-0.0176958 0.0114773 0.209 3
-0.0156916 0.0116664 0.209 3
-0.0138766 0.0121205 0.209 3
-0.00638936 0.0121206 0.209 3
-0.00525493 0.0121206 0.209 3
-0.00365576 0.0120819 0.208333 3
-0.0442931 0.0143221 0.208 3
-0.0433899 0.0143221 0.208 3
-0.0257776 0.0129663 0.208 3
-0.024197 0.0129663 0.208 3
-0.0221648 0.0129663 0.208 3
-0.0199068 0.0129664 0.208 3
-0.0178746 0.0129663 0.208 3
-0.015742 0.013368 0.208 3
-0.0135539 0.0135928 0.208435 3
-0.0115907 0.0136892 0.2087 3
-0.0095566 0.0136959 0.2088 3
-0.00728747 0.0136905 0.20872 3
-0.00527372 0.0136164 0.208316 3
-0.00376209 0.0131923 0.208 3
-0.0455302 0.0157144 0.2085 3
-0.0131328 0.015 0.208 3
-0.0115522 0.015 0.208 3
-0.00951998 0.015 0.208 3
-0.00726198 0.015 0.208 3
-0.00545559 0.015 0.208 3
-0.0470018 0.0171155 0.209 3
0.0182534 0.0183893 0.208 3
0.016447 0.0208748 0.208 3
0.0176452 0.0198182 0.208429 3
0.0162212 0.0220046 0.208 3
0.0174336 0.0214293 0.209 3
0.0144841 0.0248348 0.209 3
0.0152408 0.0239846 0.2085 3
0.0133496 0.0261972 0.209 3
0.0101246 0.0287833 0.208 3
0.0119883 0.0273323 0.209 3
0.0081313 0.0314191 0.209 3
0.00947898 0.0301875 0.208692 3
0.006286 0.0333024 0.208 3
0.00734415 0.0326707 0.208714 3
0.00858507 0.0318732 0.209 3
0.00530753 0.0348087 0.208 3
0.0065431 0.0348247 0.209 3
0.0038022 0.0366917 0.208 3
0.00511281 0.0366297 0.208222 3
0.00654311 0.0361869 0.209 3
0.0038022 0.0384993 0.208 3
0.0047054 0.0380474 0.208 3
-0.0221307 -0.0254748 0.212 3
-0.0207499 -0.0254748 0.212 3
-0.0281429 -0.0232365 0.2105 3
-0.0261166 -0.0237501 0.211 3
-0.0241158 -0.0240083 0.21125 3
-0.0221307 -0.024093 0.212 3
-0.0204047 -0.0238627 0.212 3
-0.0279252 -0.0221927 0.21 3
-0.0261115 -0.0221148 0.2107 3
-0.0240879 -0.0221456 0.211 3
-0.022057 -0.0221778 0.2113 3
-0.0198195 -0.0222403 0.2119 3
-0.0177581 -0.0222506 0.212 3
-0.015789 -0.0221994 0.212 3
-0.0137141 -0.0216913 0.212 3
-0.0115442 -0.0210991 0.212 3
-0.00947291 -0.0215597 0.212 3
-0.00786192 -0.0214445 0.212 3
0.00134376 -0.0210991 0.212 3
0.00226433 -0.0210991 0.212 3
-0.0259342 -0.0206263 0.21 3
-0.0242017 -0.0206719 0.21 3
-0.0219319 -0.0202255 0.2101 3
-0.0198745 -0.0201948 0.210471 3
-0.0178524 -0.0200269 0.2104 3
-0.0157968 -0.0200269 0.2104 3
-0.0138074 -0.0200296 0.210833 3
-0.0115004 -0.0198733 0.2112 3
-0.00953197 -0.0200333 0.211857 3
-0.00763178 -0.0201779 0.212 3
-0.000313264 -0.0195331 0.212 3
0.00115964 -0.0199015 0.212 3
0.00312736 -0.0197749 0.212 3
0.00502603 -0.0196021 0.212 3
0.00732745 -0.0192567 0.212 3
0.0087083 -0.0192567 0.212 3
-0.0191863 -0.0186187 0.21 3
-0.0178185 -0.0186187 0.21 3
-0.0157667 -0.0186187 0.21 3
-0.0134545 -0.0184232 0.21 3
-0.0117263 -0.0184739 0.210571 3
-0.00988634 -0.0187074 0.211 3
-0.000234258 -0.0180905 0.211429 3
0.00110941 -0.0178083 0.2112 3
0.00311179 -0.0178824 0.21113 3
0.00523138 -0.0180214 0.211 3
0.00736082 -0.0178898 0.211217 3
0.00945962 -0.017614 0.211474 3
0.0115723 -0.0176958 0.212 3
0.0135083 -0.017603 0.2115 3
-3.67433e-05 -0.0161094 0.21 3
0.00120081 -0.0157183 0.21 3
0.00312228 -0.0160767 0.21 3
0.00520659 -0.0163375 0.21 3
0.00729089 -0.0160767 0.21 3
0.00955664 -0.0156838 0.2104 3
0.0116174 -0.0156914 0.2105 3
0.0136671 -0.0156838 0.2104 3
0.0150093 -0.0156531 0.21 3
0.0241279 -0.00497802 0.212 3
-0.0453901 -0.00243318 0.211 3
0.0241279 -0.00359622 0.212 3
-0.0450804 -0.00100759 0.211222 3
-0.0433398 -0.000996084 0.211857 3
-0.0467644 0.00157807 0.211 3
-0.0450329 0.0010074 0.21148 3
-0.0430736 0.00100979 0.212 3
-0.0413092 0.00162393 0.212 3
-0.0389311 0.001931 0.212 3
-0.0377804 0.001931 0.212 3
-0.032257 0.001931 0.212 3
-0.0313364 0.001931 0.212 3
0.0228687 0.000775816 0.211 3
0.0240478 0.00103495 0.211647 3
0.0252785 0.00147039 0.212 3
-0.0469974 0.00322734 0.21025 3
-0.0452241 0.00320302 0.21092 3
-0.0431049 0.00312 0.211823 3
-0.0410024 0.0030825 0.212 3
-0.0389311 0.0030825 0.212 3
-0.0369173 0.00325523 0.212 3
-0.0347886 0.0037734 0.212 3
-0.032257 0.0030825 0.212 3
-0.0307841 0.00335886 0.212 3
-0.0285747 0.0037734 0.212 3
-0.0265035 0.0037734 0.212 3
0.0243812 0.00294206 0.2118 3
0.0255086 0.0033128 0.212 3
-0.044812 0.00504756 0.210286 3
-0.0430661 0.00512587 0.21084 3
-0.0410296 0.00509198 0.211238 3
-0.0390146 0.00517823 0.211417 3
-0.0367903 0.00514417 0.2116 3
-0.0345968 0.00519359 0.212 3
-0.0324508 0.00520369 0.212 3
-0.0304959 0.00509512 0.212 3
-0.0284104 0.00524953 0.211429 3
-0.0262709 0.0052762 0.211818 3
-0.0216371 0.00583691 0.211667 3
-0.0201939 0.00581853 0.211 3
0.0228687 0.00490167 0.211 3
0.0239326 0.00480629 0.211143 3
0.0257388 0.004234 0.212 3
-0.0442631 0.00670347 0.21 3
-0.0431232 0.00670346 0.21 3
-0.0410715 0.00670347 0.21 3
-0.0388465 0.0071693 0.2103 3
-0.03671 0.00712676 0.210556 3
-0.0346599 0.0072246 0.210444 3
-0.0325489 0.00737219 0.210667 3
-0.0305213 0.00745728 0.210762 3
-0.0284129 0.00741512 0.2108 3
-0.0261735 0.0074285 0.2112 3
-0.024164 0.00790564 0.211667 3
-0.0220938 0.00744485 0.21164 3
-0.0199417 0.00741347 0.21075 3
-0.0179572 0.00752125 0.210095 3
-0.0157667 0.00784411 0.21 3
-0.013943 0.00830036 0.21 3
-0.0108026 0.00833989 0.211 3
-0.0326366 0.00875662 0.21 3
-0.0305848 0.00875662 0.21 3
-0.0283051 0.00875662 0.21 3
-0.0260474 0.0091375 0.210182 3
-0.0241506 0.00946026 0.210444 3
-0.0219902 0.00946941 0.21065 3
-0.0198763 0.00944361 0.210063 3
-0.0181225 0.00921288 0.21 3
-0.0157667 0.00944101 0.21 3
-0.013763 0.00947702 0.21 3
-0.0113729 0.00957726 0.210353 3
-0.00938356 0.00966913 0.21 3
-0.00733181 0.0101254 0.21 3
-0.00596399 0.0101254 0.21 3
-0.0239737 0.0105816 0.21 3
-0.0216732 0.0109549 0.21 3
-0.0200982 0.0108097 0.21 3
-0.0187304 0.0105816 0.21 3
-0.0157667 0.0105816 0.21 3
-0.0136077 0.0111721 0.21 3
-0.0114353 0.0114942 0.21 3
-0.00938356 0.0114942 0.21 3
-0.0074111 0.0114347 0.21 3
-0.00557318 0.0111683 0.21 3
-0.044774 0.0159368 0.210571 3
-0.0437641 0.0155187 0.212 3
-0.0469947 0.0181442 0.210833 3
-0.0455465 0.0175775 0.211429 3
-0.0469878 0.0192497 0.211667 3
0.0184289 0.0203911 0.21 3
0.0194329 0.0195714 0.211 3
0.0164551 0.0230096 0.211 3
0.0178552 0.0218988 0.210111 3
0.0158456 0.0239266 0.2102 3
0.0169133 0.023468 0.211 3
0.0143138 0.0263948 0.2115 3
0.0151523 0.0261126 0.212 3
0.0116368 0.0284889 0.210833 3
0.0130604 0.0281417 0.211667 3
0.0102219 0.0308851 0.21 3
0.0115652 0.0302624 0.211625 3
0.00790442 0.0331525 0.2102 3
0.00940743 0.0325663 0.211133 3
0.0108946 0.0323307 0.212 3
0.00772205 0.0347959 0.2102 3
0.00924148 0.0344946 0.211533 3
0.0105494 0.0339428 0.212 3
-0.0160671 -0.0275749 0.214 3
-0.0196916 -0.0260577 0.213 3
-0.0178826 -0.0261189 0.2135 3
-0.015938 -0.0261284 0.214 3
-0.0144409 -0.0257151 0.214 3
-0.0195374 -0.0243609 0.213 3
-0.0178418 -0.0242066 0.213 3
-0.0157823 -0.0242414 0.2133 3
-0.0138338 -0.0242379 0.213857 3
-0.0116531 -0.0238553 0.214 3
-0.00943322 -0.0242686 0.214 3
-0.00716171 -0.0237778 0.214 3
-0.00540177 -0.0235383 0.214 3
-0.00305751 -0.0231579 0.214 3
-0.000966696 -0.0231579 0.214 3
0.00112412 -0.0231579 0.214 3
0.00321494 -0.0231579 0.214 3
0.00484113 -0.0231579 0.214 3
-0.0148358 -0.0228183 0.213 3
-0.013541 -0.0226332 0.213 3
-0.0115986 -0.0223555 0.213 3
-0.0095176 -0.0228183 0.213 3
-0.00726504 -0.0223622 0.213063 3
-0.00518367 -0.0219788 0.213474 3
-0.00312468 -0.0219487 0.213941 3
-0.000964862 -0.0219398 0.21345 3
0.00106713 -0.0220856 0.213308 3
0.0032564 -0.0219788 0.213474 3
0.0052323 -0.0218675 0.213714 3
0.00707987 -0.021586 0.213778 3
0.00948739 -0.0212981 0.214 3
0.0115553 -0.0212583 0.2136 3
-0.00651164 -0.020273 0.213 3
-0.00535551 -0.0203887 0.213 3
-0.00319556 -0.0203926 0.213364 3
-0.00110447 -0.0203086 0.213 3
0.000425187 -0.0207358 0.213 3
0.00343115 -0.0207358 0.213 3
0.00551219 -0.0203887 0.213 3
0.00736936 -0.0202925 0.2132 3
0.00951929 -0.0201515 0.213667 3
0.0115369 -0.0200657 0.21325 3
0.0131427 -0.0198103 0.213 3
0.00967428 -0.0188847 0.213 3
0.0115241 -0.0188847 0.213 3
0.0131427 -0.0188847 0.213 3
0.0249353 -0.0050015 0.213 3
0.0263227 -0.0050015 0.213 3
0.024627 -0.00284189 0.213 3
0.0260925 -0.00327386 0.213105 3
0.0273755 -0.00339767 0.214 3
-0.0421207 -0.000605153 0.213 3
-0.0411958 -0.000605153 0.213 3
0.0244729 -0.00106793 0.213 3
0.0259011 -0.00106887 0.213333 3
-0.0421207 0.000320395 0.213 3
-0.0408655 0.000717059 0.213 3
-0.0390569 0.000898864 0.213 3
-0.0368025 0.00147733 0.213 3
-0.0347214 0.00147733 0.213 3
-0.033334 0.00147733 0.213 3
0.0249353 0.000320395 0.213 3
0.0262916 0.000586509 0.213286 3
-0.0368024 0.00240288 0.213 3
-0.0346636 0.0029235 0.213 3
-0.033334 0.00309704 0.213 3
-0.0337965 0.00425397 0.213 3
-0.033334 0.00425397 0.213 3
-0.0240849 0.00541091 0.213 3
-0.0226976 0.00541091 0.213 3
0.0250524 0.00497136 0.214 3
0.025517 0.00497136 0.214 3
-0.0243161 0.00679923 0.213 3
-0.044433 0.0165175 0.213 3
-0.0436622 0.016209 0.213 3
-0.044768 0.0179467 0.2135 3
0.0200795 0.0186 0.213 3
0.0214669 0.0186 0.213 3
-0.0470425 0.0201866 0.213 3
-0.0454991 0.0198187 0.213667 3
0.0201267 0.0198049 0.2135 3
0.0214669 0.0190627 0.213 3
-0.046895 0.0220695 0.213846 3
-0.0454341 0.0220513 0.214 3
0.0185476 0.0226393 0.214 3
0.0197866 0.0215544 0.214 3
-0.0467789 0.0236157 0.214 3
-0.0453596 0.0237172 0.214 3
0.0163492 0.0248247 0.2132 3
0.0177591 0.0240721 0.213538 3
0.0190122 0.0235692 0.214 3
0.0158602 0.0263775 0.213636 3
0.0171537 0.0256615 0.214 3
0.0139355 0.0284237 0.2138 3
0.0122178 0.0310949 0.213 3
0.0133656 0.0306258 0.2136 3
0.0150629 0.0312408 0.214 3
0.0119535 0.0326815 0.213 3
0.0136382 0.0320956 0.2135 3
0.0150629 0.0317058 0.214 3
-0.0110586 -0.0297098 0.216 3
-0.0149751 -0.0277038 0.215 3
-0.013471 -0.028119 0.215 3
-0.0115275 -0.0283019 0.216 3
-0.0101206 -0.0278326 0.216 3
-0.0149751 -0.0267695 0.215 3
-0.013471 -0.0263543 0.215 3
-0.0115009 -0.0263647 0.2155 3
-0.00939537 -0.0263647 0.2155 3
-0.00730217 -0.0264097 0.215875 3
-0.00535277 -0.0261119 0.216 3
-0.00308609 -0.0257208 0.216 3
-0.000975731 -0.0252515 0.216 3
0.00113463 -0.0252515 0.216 3
0.00324499 -0.0252515 0.216 3
0.00535535 -0.0252515 0.216 3
-0.0128745 -0.024901 0.215 3
-0.0114742 -0.0249011 0.215 3
-0.00843997 -0.0249011 0.215 3
-0.00727298 -0.0249011 0.215 3
-0.00497234 -0.0246341 0.215 3
-0.00307656 -0.0242386 0.215333 3
-0.000972719 -0.0242386 0.215333 3
0.00113113 -0.0242386 0.215333 3
0.00323497 -0.0242386 0.215333 3
0.00540432 -0.0240997 0.215286 3
0.00722006 -0.0238075 0.215667 3
0.00934158 -0.0238436 0.216 3
0.0110087 -0.0236126 0.2156 3
0.00579735 -0.022799 0.215 3
0.00761786 -0.0223786 0.215 3
0.00945859 -0.0224086 0.215385 3
0.011171 -0.0223437 0.215111 3
0.0271624 -0.00249085 0.216 3
0.0276314 -0.00249085 0.216 3
-0.0427496 0.0157383 0.215 3
-0.0443688 0.0183495 0.2155 3
-0.0436519 0.0186272 0.216 3
0.0205968 0.0176887 0.216 3
0.0210658 0.0176887 0.216 3
-0.0444515 0.0199733 0.215333 3
-0.0436519 0.0200351 0.216 3
0.0205968 0.0200351 0.216 3
0.0210658 0.0200351 0.216 3
-0.0446168 0.0218109 0.215 3
-0.0436832 0.0213437 0.215 3
0.0198934 0.0219124 0.216 3
0.018721 0.0247281 0.216 3
0.0191899 0.0247281 0.216 3
0.0167671 0.0267156 0.215 3
0.0179584 0.0261498 0.215286 3
0.0191307 0.0258206 0.215333 3
0.0156188 0.0283841 0.21525 3
0.0174815 0.0281808 0.216 3
0.0141997 0.030219 0.215 3
0.0156374 0.0302893 0.2155 3
-0.00942335 -0.0302162 0.217714 3
-0.00808443 -0.0299849 0.218 3
-0.00928899 -0.0285674 0.217125 3
-0.00735755 -0.0284995 0.2175 3
-0.00523253 -0.0284995 0.2175 3
-0.00311466 -0.0280903 0.218 3
-0.00118761 -0.0277858 0.218 3
0.00114513 -0.0273799 0.218 3
0.00303838 -0.0273799 0.218 3
0.00516828 -0.0273799 0.218 3
0.00682487 -0.0273799 0.218 3
-0.00498494 -0.0270185 0.217 3
-0.00310038 -0.0270185 0.217 3
-0.00106381 -0.026444 0.217176 3
0.00114163 -0.0263525 0.217333 3
0.00302908 -0.0263525 0.217333 3
0.00515247 -0.0263525 0.217333 3
0.00722099 -0.0260609 0.217714 3
0.00941366 -0.02592 0.217667 3
0.0112466 -0.0260776 0.217857 3
0.0072647 -0.0248969 0.217 3
0.00938483 -0.0248969 0.217 3
0.0107982 -0.0248969 0.217 3
-0.0436184 0.0165919 0.217 3
0.0219708 0.0159579 0.218 3
-0.0432715 0.0178698 0.217538 3
0.0219205 0.0178126 0.2175 3
-0.0432987 0.0193208 0.218 3
-0.00859699 -0.0317877 0.219 3
-0.00812151 -0.0317877 0.219 3
-0.00859699 -0.031074 0.219 3
-0.00731077 -0.0306864 0.219143 3
-0.00546196 -0.0305668 0.219625 3
-0.00313848 -0.0299762 0.219667 3
-0.00131051 -0.0298318 0.219778 3
0.00115564 -0.029543 0.22 3
0.00306625 -0.029543 0.22 3
0.00521569 -0.029543 0.22 3
0.00736513 -0.029543 0.22 3
0.00951458 -0.029543 0.22 3
0.0109475 -0.029543 0.22 3
-0.00312895 -0.0289329 0.219 3
-0.000730568 -0.0285796 0.219273 3
0.00115214 -0.0285011 0.219333 3
0.00305696 -0.0285011 0.219333 3
0.00519989 -0.0285011 0.219333 3
0.00740915 -0.0283589 0.219286 3
0.00948214 -0.0282522 0.21925 3
0.0113519 -0.0281412 0.2195 3
0.00780714 -0.0270296 0.219 3
0.00947132 -0.0270296 0.219 3
0.0113733 -0.0270296 0.219 3
-0.00871476 -0.0339113 0.222 3
-0.00823277 -0.0339113 0.222 3
-0.00871476 -0.0329466 0.222 3
-0.00757919 -0.0326571 0.221667 3
-0.00529061 -0.0323594 0.221727 3
-0.00316705 -0.0321755 0.221667 3
-0.00114994 -0.0321641 0.221846 3
0.00116615 -0.0317409 0.222 3
0.00309413 -0.0317409 0.222 3
0.00526311 -0.0317409 0.222 3
0.00743209 -0.0317409 0.222 3
0.00911907 -0.0317409 0.222 3
-0.004597 -0.0311177 0.221 3
-0.00315752 -0.0311177 0.221 3
-0.000737234 -0.0307633 0.221273 3
0.00116264 -0.0306845 0.221333 3
0.00308484 -0.0306845 0.221333 3
0.0052473 -0.0306845 0.221333 3
0.00740977 -0.0306845 0.221333 3
0.00933196 -0.0306845 0.221333 3
0.0115239 -0.0304892 0.221353 3
0.0135041 -0.0301718 0.221889 3
0.014903 -0.0298115 0.222 3
0.0121489 -0.028909 0.221 3
0.0135359 -0.0288562 0.2217 3
0.014903 -0.0293292 0.222 3
-0.0122742 -0.00927067 0.221 3
-0.0113145 -0.00735005 0.221 3
0.0291219 -0.00256004 0.222 3
0.028437 -0.00127143 0.221667 3
-0.0070668 -0.0345878 0.22325 3
-0.00514054 -0.0346653 0.22375 3
-0.00319324 -0.0346271 0.2235 3
-0.0012203 -0.034495 0.224 3
0.000447145 -0.0342169 0.224 3
-0.00657526 -0.033095 0.223 3
-0.0046386 -0.033095 0.223 3
-0.0031861 -0.0333373 0.223 3
-0.000730709 -0.033151 0.223143 3
0.00117315 -0.0329026 0.223333 3
0.0031154 -0.0329272 0.2235 3
0.00530262 -0.0329518 0.223667 3
0.00748788 -0.0329518 0.223667 3
0.00948405 -0.0328696 0.223615 3
0.0113643 -0.0326848 0.2235 3
0.0135783 -0.0322701 0.224 3
0.0157668 -0.0322701 0.224 3
0.0176311 -0.0320268 0.224 3
0.018928 -0.0315401 0.224 3
0.0125493 -0.0313993 0.223 3
0.0140018 -0.0311224 0.223 3
0.0156964 -0.0309148 0.223 3
0.0173562 -0.0308358 0.223429 3
0.018928 -0.0310535 0.224 3
-0.0134135 -0.0113432 0.224 3
-0.0113493 -0.0090726 0.223714 3
-0.00976595 -0.00866651 0.224 3
-0.0109908 -0.00785992 0.2232 3
-0.00994217 -0.00787453 0.2236 3
0.0291411 -0.00501646 0.224 3
0.0296274 -0.00501646 0.224 3
0.0291411 -0.00355645 0.224 3
0.0296274 -0.00355645 0.224 3
0.0270743 0.00203119 0.223 3
0.0275585 0.00203119 0.223 3
0.0270743 0.00300019 0.223 3
0.0275585 0.00300019 0.223 3
-0.00887179 -0.0364864 0.226 3
-0.00718103 -0.0367209 0.225714 3
-0.0051802 -0.0368967 0.2255 3
-0.00322182 -0.0368967 0.2255 3
-0.00112745 -0.0368511 0.225556 3
0.00126894 -0.0364046 0.226 3
0.00290454 -0.0359954 0.226 3
0.0051126 -0.0357499 0.226 3
0.00732066 -0.0357499 0.226 3
0.00952871 -0.0357499 0.226 3
0.0114914 -0.0357499 0.226 3
-0.000527878 -0.0353473 0.225 3
0.00123893 -0.0348893 0.225077 3
0.00314059 -0.034666 0.225333 3
0.00509752 -0.034666 0.225333 3
0.00729906 -0.034666 0.225333 3
0.0095006 -0.034666 0.225333 3
0.0114575 -0.034666 0.225333 3
0.0136793 -0.034227 0.225667 3
0.0158841 -0.034227 0.225667 3
0.0178439 -0.034227 0.225667 3
0.0195736 -0.0340064 0.225833 3
0.0217957 -0.0337858 0.226 3
0.0136389 -0.0331475 0.225 3
0.0158371 -0.0331475 0.225 3
0.0180355 -0.0329031 0.225 3
0.0197773 -0.0325711 0.225357 3
0.021971 -0.0327687 0.226 3
0.0240038 -0.0325583 0.226 3
0.0197452 -0.0311921 0.225 3
-0.0135332 -0.012672 0.226 3
-0.0130803 -0.0115823 0.2258 3
-0.0117123 -0.0111452 0.2259 3
-0.00985314 -0.010708 0.226 3
-0.0127406 -0.0101717 0.225 3
-0.0113001 -0.00994989 0.2255 3
-0.0095762 -0.00957197 0.22525 3
-0.00749921 -0.00929507 0.225615 3
-0.00568236 -0.00948042 0.226 3
0.0262119 -0.00874389 0.226 3
0.0276839 -0.00874389 0.226 3
-0.00883253 -0.00821635 0.225 3
-0.00785551 -0.00821635 0.225 3
0.0227771 -0.00751634 0.226 3
0.024151 -0.00736904 0.226 3
0.0261828 -0.00750884 0.22575 3
0.028087 -0.00740684 0.225857 3
0.0301373 -0.00677982 0.226 3
0.0237584 -0.0062888 0.226 3
0.0260959 -0.00626097 0.225 3
0.0281133 -0.00627489 0.2255 3
0.0303826 -0.00592053 0.226 3
-0.00721772 -0.0400292 0.228 3
-0.00523763 -0.0400292 0.228 3
-0.00325754 -0.0400292 0.228 3
-0.00127745 -0.0400292 0.228 3
-0.00869006 -0.0384874 0.227667 3
-0.00726551 -0.0387758 0.227286 3
-0.00522231 -0.038925 0.227333 3
-0.00324801 -0.038925 0.227333 3
-0.00102694 -0.0388375 0.2274 3
0.00119591 -0.0384874 0.227667 3
0.00317311 -0.0384874 0.227667 3
0.00515246 -0.0385013 0.22775 3
0.00710257 -0.03826 0.228 3
0.00961305 -0.0380477 0.228 3
0.0115931 -0.0380477 0.228 3
0.0130782 -0.0380477 0.228 3
-0.00866462 -0.0373877 0.227 3
-0.00767891 -0.0373877 0.227 3
-3.97178e-05 -0.0373877 0.227 3
0.00119241 -0.0373877 0.227 3
0.00331167 -0.0369438 0.227 3
0.00513738 -0.0369082 0.227083 3
0.00736385 -0.0369494 0.227333 3
0.00958495 -0.0369494 0.227333 3
0.0115592 -0.0369494 0.227333 3
0.0134855 -0.036658 0.227714 3
0.0157777 -0.0365089 0.227667 3
0.0180021 -0.0365089 0.227667 3
0.0199792 -0.0365089 0.227667 3
0.0219886 -0.0365616 0.228 3
0.0239336 -0.0365089 0.227667 3
0.026044 -0.0365235 0.228 3
0.0276814 -0.0360663 0.228 3
0.0135137 -0.0354149 0.227 3
0.0157315 -0.0354149 0.227 3
0.0179494 -0.0354149 0.227 3
0.0200686 -0.034971 0.227 3
0.0219243 -0.0349737 0.227333 3
0.0240581 -0.0346362 0.227 3
0.0262554 -0.0348354 0.227437 3
0.0276814 -0.0350755 0.228 3
0.02411 -0.0334421 0.227 3
0.0260814 -0.0334421 0.227 3
-0.0148253 -0.0151941 0.227 3
-0.0137456 -0.0155651 0.227786 3
-0.0124155 -0.0147656 0.228 3
-0.0148253 -0.0137145 0.227 3
-0.0135586 -0.0136622 0.227385 3
-0.0118705 -0.0133195 0.227909 3
-0.00944533 -0.0127842 0.228 3
-0.000782427 -0.0127842 0.228 3
0.018771 -0.0135272 0.228 3
0.019266 -0.0135272 0.228 3
-0.0128539 -0.0122349 0.227 3
-0.0114003 -0.0120153 0.2275 3
-0.00933809 -0.0116534 0.227529 3
-0.00720717 -0.0112823 0.227667 3
-0.00522997 -0.0112823 0.227667 3
-0.00325278 -0.0112823 0.227667 3
-0.00117844 -0.0116944 0.228 3
0.0203267 -0.0114396 0.228 3
0.0217411 -0.0110504 0.228 3
0.0239687 -0.0108027 0.228 3
0.0261963 -0.0108027 0.228 3
0.0279289 -0.0108027 0.228 3
-0.00866462 -0.0102622 0.227 3
-0.00718606 -0.0102622 0.227 3
-0.00496823 -0.00989228 0.227 3
-0.00324325 -0.0102622 0.227 3
0.0206903 -0.00978404 0.227333 3
0.0219672 -0.00958375 0.227267 3
0.0240802 -0.00949296 0.22721 3
0.0262772 -0.0098243 0.227385 3
0.0283619 -0.00954389 0.2275 3
0.0301237 -0.00918312 0.22775 3
0.0321366 -0.00882127 0.228 3
0.0221386 -0.00828939 0.227 3
0.02411 -0.00828939 0.227 3
0.0287921 -0.00828939 0.227 3
0.0302932 -0.00780228 0.227167 3
0.0320213 -0.00760012 0.227818 3
-0.00728103 -0.0423791 0.23 3
-0.00528357 -0.0423791 0.23 3
-0.00328611 -0.0423791 0.23 3
-0.00103897 -0.0423791 0.23 3
0.000459122 -0.0423791 0.23 3
0.00745023 -0.0423791 0.23 3
0.00960133 -0.0428404 0.23 3
0.0111955 -0.0423791 0.23 3
-0.00926504 -0.0408215 0.229667 3
-0.00725993 -0.0412605 0.229333 3
-0.00526826 -0.0412605 0.229333 3
-0.00327659 -0.0412605 0.229333 3
-0.000973738 -0.0412169 0.229438 3
0.00114893 -0.0409028 0.229692 3
0.00320098 -0.0408215 0.229667 3
0.00519555 -0.0408215 0.229667 3
0.00724213 -0.041033 0.229733 3
0.00943742 -0.041086 0.22975 3
0.0116235 -0.0410228 0.23 3
0.0134426 -0.0407551 0.23 3
0.0156897 -0.0403803 0.23 3
0.0196847 -0.0403803 0.23 3
0.0261764 -0.0403803 0.23 3
-0.00923815 -0.0397072 0.229 3
-4.00677e-05 -0.0397072 0.229 3
0.00120292 -0.0397072 0.229 3
0.00319169 -0.0397072 0.229 3
0.00518047 -0.0397072 0.229 3
0.0073184 -0.0392594 0.229 3
0.00940661 -0.0392097 0.229 3
0.0116609 -0.0392675 0.229333 3
0.0137208 -0.039117 0.229286 3
0.0156727 -0.0390893 0.22975 3
0.0177533 -0.0387786 0.229615 3
0.019905 -0.0389211 0.229313 3
0.0221493 -0.0388256 0.229667 3
0.0241439 -0.0388256 0.229667 3
0.026148 -0.0390893 0.22975 3
0.028133 -0.0388256 0.229667 3
0.030421 -0.0386314 0.23 3
0.0325183 -0.0383315 0.23 3
0.0339166 -0.0381316 0.23 3
0.0141299 -0.0377171 0.229 3
0.0156215 -0.0377171 0.229 3
0.0178589 -0.0377171 0.229 3
0.0200963 -0.0377171 0.229 3
0.022085 -0.0377171 0.229 3
0.0240738 -0.0377171 0.229 3
0.0260626 -0.0377171 0.229 3
0.0283994 -0.0368215 0.229 3
0.0305373 -0.0364732 0.229 3
0.0325215 -0.0366584 0.229714 3
0.0339166 -0.0371322 0.23 3
0.0287972 -0.0349806 0.229 3
0.0302887 -0.0349806 0.229 3
-0.0130237 -0.0196423 0.23 3
-0.012025 -0.0196423 0.23 3
-0.0134532 -0.0180061 0.229462 3
-0.0120141 -0.0178783 0.2298 3
-0.0129671 -0.0158255 0.229 3
-0.0115394 -0.0155808 0.229706 3
-0.00927848 -0.0148952 0.23 3
-0.00728103 -0.0148952 0.23 3
-0.0111597 -0.014105 0.229333 3
-0.00942724 -0.0138177 0.229286 3
-0.00726466 -0.013617 0.2295 3
-0.00527591 -0.0133773 0.229667 3
-0.00328135 -0.0133773 0.229667 3
-0.00138386 -0.013461 0.2294 3
0.0204041 -0.0133773 0.229667 3
0.0219163 -0.0131368 0.229833 3
0.024179 -0.0128963 0.23 3
0.0261764 -0.0128963 0.23 3
0.0274248 -0.0128963 0.23 3
-0.00724937 -0.0123427 0.229 3
-0.0052606 -0.0123427 0.229 3
-0.00327183 -0.0123427 0.229 3
-0.00178024 -0.0123427 0.229 3
0.0203449 -0.0123427 0.229 3
0.0222635 -0.0119111 0.2293 3
0.0241088 -0.0118631 0.229333 3
0.0261005 -0.0118631 0.229333 3
0.0281981 -0.0115427 0.229273 3
0.030195 -0.0113378 0.2298 3
0.0324185 -0.0108975 0.23 3
0.0290458 -0.0103526 0.229 3
0.0308198 -0.00999073 0.22925 3
0.0323245 -0.00987011 0.229333 3
-0.0129406 -0.0457161 0.233 3
-0.0113985 -0.045114 0.2325 3
-0.00937934 -0.045114 0.2325 3
-0.00736017 -0.045114 0.2325 3
-0.005341 -0.045114 0.2325 3
-0.00332183 -0.045114 0.2325 3
-0.00116243 -0.0450471 0.232444 3
0.00122343 -0.0446557 0.23275 3
0.00324744 -0.0447037 0.233 3
0.00526448 -0.0446557 0.23275 3
0.00711205 -0.0449151 0.232 3
0.0122472 -0.0445709 0.231 3
0.0138113 -0.0445118 0.232 3
0.0159853 -0.044887 0.232636 3
0.0171591 -0.0447037 0.233 3
0.0207002 -0.0447037 0.233 3
0.0219649 -0.0447037 0.233 3
0.0232296 -0.0447037 0.233 3
-0.0111905 -0.0431066 0.231667 3
-0.00931882 -0.0428144 0.231 3
-0.00731269 -0.0433163 0.231 3
-0.00530654 -0.0433163 0.231 3
-0.0033004 -0.0433163 0.231 3
-0.00104349 -0.0433163 0.231 3
0.00132361 -0.0429664 0.231429 3
0.00322653 -0.0429081 0.2315 3
0.00523379 -0.0428847 0.231375 3
0.00708139 -0.0431155 0.231 3
0.00848569 -0.0433162 0.231 3
0.0119606 -0.043137 0.231 3
0.0137672 -0.0428612 0.23125 3
0.0158096 -0.0429539 0.23175 3
0.0177298 -0.0428653 0.232636 3
0.0200754 -0.0428447 0.2328 3
0.0219178 -0.0430935 0.2325 3
0.0240712 -0.043027 0.232444 3
0.0261607 -0.0430604 0.232714 3
0.0285413 -0.0426788 0.233 3
0.030059 -0.0426788 0.233 3
0.0142533 -0.0413087 0.231 3
0.015758 -0.0413087 0.231 3
0.0178026 -0.0408962 0.2315 3
0.0198273 -0.0410933 0.231667 3
0.0219576 -0.0408305 0.231444 3
0.0241787 -0.0409222 0.231333 3
0.0262902 -0.0413087 0.231 3
0.0283576 -0.0408962 0.2315 3
0.0304014 -0.0409409 0.23175 3
0.032484 -0.0410293 0.23225 3
0.0345753 -0.0411165 0.23275 3
0.0364668 -0.0409914 0.233 3
0.0381531 -0.0406539 0.233 3
0.033061 -0.0393011 0.231 3
0.0347262 -0.0389677 0.2314 3
0.0366227 -0.0389199 0.232556 3
0.038153 -0.0391352 0.233 3
0.0335625 -0.0362898 0.231 3
0.0346659 -0.0366914 0.231 3
0.0365103 -0.0366739 0.232556 3
0.0348989 -0.0346126 0.232667 3
0.0364668 -0.0345792 0.233 3
0.0346119 -0.0333136 0.233 3
0.0366354 -0.0333136 0.233 3
-0.00937825 -0.0211188 0.2325 3
-0.007376 -0.0211642 0.233 3
-0.00560543 -0.0215438 0.233 3
-0.00358191 -0.0215438 0.233 3
-0.00181134 -0.0211642 0.233 3
-0.0108235 -0.0194768 0.231 3
-0.00937348 -0.0198456 0.232375 3
-0.007376 -0.0198986 0.233 3
-0.00535249 -0.0198986 0.233 3
-0.00332898 -0.0198986 0.233 3
-0.00137773 -0.0197901 0.233 3
-0.0108235 -0.0177203 0.231 3
-0.00935385 -0.0177878 0.231875 3
-0.00735963 -0.0178361 0.2325 3
-0.00534675 -0.0178553 0.23275 3
-0.00332692 -0.0178645 0.232875 3
-0.00122974 -0.0178074 0.232706 3
0.000463114 -0.0170409 0.232 3
0.0179179 -0.0171143 0.233 3
0.0199414 -0.0171143 0.233 3
-0.0108235 -0.0164656 0.231 3
-0.00932518 -0.0159756 0.231167 3
-0.00732324 -0.0159874 0.231333 3
-0.00531229 -0.0157306 0.23125 3
-0.00331263 -0.0157735 0.231875 3
-0.00104688 -0.0157646 0.23175 3
0.000462615 -0.0157645 0.23175 3
0.0180918 -0.0161604 0.232 3
0.0198558 -0.0157824 0.232 3
0.0219335 -0.0155741 0.232667 3
0.0240457 -0.0155318 0.232615 3
0.0261524 -0.0155795 0.23275 3
0.0285414 -0.0150894 0.233 3
0.0308178 -0.0154691 0.233 3
0.0325647 -0.0155849 0.232833 3
0.0346119 -0.0155957 0.233 3
-0.00530654 -0.014458 0.231 3
-0.0033004 -0.014458 0.231 3
-0.00104349 -0.014458 0.231 3
0.000461118 -0.014458 0.231 3
0.0197702 -0.014458 0.231 3
0.0222655 -0.0140314 0.2314 3
0.0242276 -0.0140188 0.231385 3
0.0263379 -0.0139823 0.231417 3
0.0284613 -0.0138125 0.231933 3
0.0304337 -0.0137662 0.232 3
0.0324657 -0.0137724 0.232125 3
0.0342205 -0.0139408 0.2324 3
0.0285471 -0.0124505 0.231 3
0.0305533 -0.0121996 0.231 3
0.0323553 -0.0119666 0.231333 3
0.0339596 -0.0125044 0.232 3
0.0310823 -0.0507037 0.235 3
0.0315926 -0.0507037 0.235 3
-0.0110108 -0.0484061 0.235 3
-0.00948019 -0.0484061 0.235 3
-0.00743931 -0.0484061 0.235 3
-0.00539843 -0.0484061 0.235 3
-0.00335755 -0.0484061 0.235 3
-0.00182689 -0.0484061 0.235 3
0.0290415 -0.049172 0.235 3
0.030317 -0.049172 0.235 3
0.0319753 -0.0489167 0.235 3
-0.0133349 -0.0476071 0.234 3
-0.0115513 -0.0473578 0.234143 3
-0.0094533 -0.0472513 0.234333 3
-0.00741821 -0.0472513 0.234333 3
-0.00538312 -0.0472513 0.234333 3
-0.00334803 -0.0472513 0.234333 3
-0.00118538 -0.0471237 0.234333 3
0.00123443 -0.0471297 0.235 3
0.00250998 -0.0471297 0.235 3
0.0053162 -0.0463639 0.235 3
0.0228213 -0.0469292 0.234 3
0.0244787 -0.0469348 0.234571 3
0.0258525 -0.0468744 0.235 3
0.0286588 -0.0468744 0.235 3
0.030317 -0.0471297 0.235 3
0.0322486 -0.0470568 0.235 3
0.0336334 -0.0466192 0.235 3
-4.09426e-05 -0.0459124 0.234 3
0.00122918 -0.0459124 0.234 3
0.00326138 -0.0459124 0.234 3
0.00530112 -0.0458927 0.234333 3
0.0065637 -0.0459124 0.234 3
0.0167247 -0.0461666 0.234 3
0.0181293 -0.0452395 0.234 3
0.0198925 -0.0452395 0.234 3
0.0220592 -0.0459124 0.234 3
0.0241582 -0.0454386 0.234077 3
0.0262342 -0.0451611 0.234462 3
0.028246 -0.0450403 0.23475 3
0.0303538 -0.0449869 0.234706 3
0.0324089 -0.0451385 0.235 3
0.0340161 -0.0448321 0.235 3
0.0185029 -0.0436246 0.234 3
0.019773 -0.0436246 0.234 3
0.0268857 -0.0436246 0.234 3
0.0281558 -0.0436246 0.234 3
0.0307807 -0.0432857 0.234 3
0.0326718 -0.0430869 0.234091 3
0.034754 -0.0432695 0.234615 3
0.0369551 -0.0430768 0.234571 3
0.0388108 -0.0428946 0.234571 3
0.0402663 -0.0425346 0.235 3
0.0373007 -0.041591 0.234 3
0.0391974 -0.0410507 0.2344 3
0.0402663 -0.0410028 0.235 3
0.0391633 -0.0386748 0.2342 3
0.0402663 -0.0389605 0.235 3
0.0388243 -0.0369379 0.234429 3
0.0405214 -0.0376841 0.235 3
0.0373007 -0.0347276 0.234 3
0.0383168 -0.0349818 0.234 3
0.0348621 -0.0325415 0.234 3
0.0367927 -0.0324398 0.234 3
0.0353288 -0.0304569 0.2344 3
0.0368555 -0.0304569 0.2344 3
0.0354192 -0.0287491 0.235 3
0.0369499 -0.0287491 0.235 3
0.016541 -0.0193035 0.235 3
0.0180717 -0.0193035 0.235 3
0.0196024 -0.0193035 0.235 3
0.016541 -0.018793 0.235 3
0.0180204 -0.0182313 0.234333 3
0.0199772 -0.0181496 0.2346 3
0.022122 -0.0177473 0.234667 3
0.02416 -0.0177473 0.234667 3
0.026198 -0.0177473 0.234667 3
0.0282761 -0.0172612 0.235 3
0.0306559 -0.0175853 0.234778 3
0.0324813 -0.0177473 0.234667 3
0.0346843 -0.0177873 0.234714 3
0.0220592 -0.0166794 0.234 3
0.0240914 -0.0166794 0.234 3
0.0261236 -0.0166794 0.234 3
0.0281959 -0.0161948 0.234333 3
0.0301998 -0.0162829 0.234273 3
0.0327283 -0.0166794 0.234 3
0.0347604 -0.0166794 0.234 3
-0.0149638 -0.0531949 0.237 3
-0.014192 -0.0537098 0.237 3
-0.0152211 -0.0516501 0.237 3
-0.0136774 -0.0516501 0.237 3
-0.0116191 -0.0511353 0.237 3
-0.00878903 -0.0508778 0.237 3
-0.00544438 -0.0508778 0.237 3
-0.00338612 -0.0508778 0.237 3
-0.00184244 -0.0508778 0.237 3
0.0327518 -0.0509195 0.236 3
0.0346557 -0.0510813 0.23675 3
-0.0136297 -0.049673 0.236167 3
-0.0115779 -0.0496731 0.236167 3
-0.0095467 -0.0497782 0.236667 3
-0.00748788 -0.0494859 0.2365 3
-0.00542906 -0.0497085 0.236333 3
-0.0033766 -0.0497085 0.236333 3
-0.00106805 -0.049442 0.236533 3
0.00124319 -0.0492644 0.236667 3
0.00335393 -0.0491133 0.236933 3
0.00536144 -0.0490756 0.237 3
0.00730943 -0.049002 0.237 3
0.0087061 -0.0485606 0.237 3
0.0271155 -0.0488685 0.236 3
0.0281402 -0.0488685 0.236 3
0.0328799 -0.0496376 0.236 3
0.0346019 -0.0493802 0.236733 3
0.0359779 -0.0488181 0.237 3
-0.000553685 -0.0480994 0.236 3
0.00123968 -0.0480994 0.236 3
0.00339905 -0.0474401 0.236 3
0.00533882 -0.0473302 0.236 3
0.00713219 -0.0473302 0.236 3
0.0267312 -0.0475866 0.236 3
0.0280122 -0.0475866 0.236 3
0.0332642 -0.047843 0.236 3
0.0346388 -0.047396 0.236231 3
0.0365497 -0.0468156 0.237 3
0.0382935 -0.0462435 0.237 3
0.0349294 -0.0455357 0.236 3
0.0365716 -0.0451463 0.236231 3
0.0385741 -0.044959 0.2362 3
0.0408663 -0.0449563 0.237 3
0.0424099 -0.0441839 0.237 3
0.0410232 -0.0433015 0.236 3
0.0430429 -0.0428604 0.2368 3
0.0444682 -0.0428966 0.237 3
0.0414624 -0.0411773 0.236 3
0.0428045 -0.0413213 0.236333 3
0.0408219 -0.0395109 0.236 3
0.0394129 -0.0360499 0.236 3
0.0399253 -0.0360499 0.236 3
-0.0280851 -0.0300236 0.237 3
-0.0283445 -0.0283657 0.236636 3
0.0354634 -0.027964 0.237 3
0.0366722 -0.027905 0.2365 3
0.0380362 -0.027964 0.237 3
-0.0289914 -0.0270769 0.236 3
0.0367498 -0.0269342 0.237 3
0.01591 -0.02127 0.237 3
0.017711 -0.0212701 0.237 3
0.0189974 -0.0212701 0.237 3
0.0163552 -0.0201548 0.236 3
0.0176362 -0.0201548 0.236 3
0.0199081 -0.0200181 0.2362 3
0.0219675 -0.0199554 0.236667 3
0.0241871 -0.0199961 0.236714 3
0.0264213 -0.0199554 0.236667 3
0.0285168 -0.0192104 0.237 3
0.0304856 -0.0198846 0.236769 3
0.0325874 -0.0199554 0.236667 3
0.0344786 -0.0198984 0.2366 3
0.0358261 -0.0193857 0.236 3
0.0207106 -0.0188729 0.236 3
0.0222477 -0.0188729 0.236 3
0.0242973 -0.0188729 0.236 3
0.0263469 -0.0188729 0.236 3
0.0283964 -0.0181038 0.236 3
0.030263 -0.0184334 0.236 3
0.0324956 -0.0188729 0.236 3
0.0345451 -0.0188729 0.236 3
0.0358261 -0.0188729 0.236 3
-0.0132183 -0.0547121 0.238 3
-0.012236 -0.0554612 0.239 3
0.00540669 -0.054942 0.239 3
-0.0160604 -0.0526437 0.238 3
-0.0132184 -0.0536779 0.238 3
-0.0117627 -0.0534052 0.238429 3
-0.009901 -0.0532544 0.239 3
-0.00756594 -0.0528649 0.239 3
0.0015149 -0.0528649 0.239 3
0.00348674 -0.0533322 0.239 3
0.00540161 -0.0534851 0.238786 3
0.00699716 -0.0530437 0.2384 3
0.0373193 -0.0528649 0.239 3
0.0378383 -0.0528649 0.239 3
-0.0157504 -0.0511959 0.238 3
-0.0116682 -0.0521266 0.238 3
-0.00968635 -0.0517362 0.238364 3
-0.00754588 -0.0514329 0.238375 3
-0.00547992 -0.051718 0.2385 3
-0.00314382 -0.051653 0.2382 3
-0.000663096 -0.0512309 0.2384 3
0.00130397 -0.0513865 0.2384 3
0.00332061 -0.0514058 0.23825 3
0.00538528 -0.0513647 0.238062 3
0.00727213 -0.0512914 0.238 3
0.00874284 -0.0505754 0.238 3
0.035613 -0.0505754 0.238 3
0.0367606 -0.0512822 0.2384 3
0.0383053 -0.051411 0.239 3
0.0082261 -0.0497998 0.238 3
0.00874284 -0.0497998 0.238 3
0.035613 -0.0500583 0.238 3
0.0368881 -0.0494609 0.238444 3
0.038437 -0.0494298 0.239 3
0.0399139 -0.0487108 0.239 3
0.0372978 -0.0476166 0.2382 3
0.0388378 -0.0474438 0.2385 3
0.0406377 -0.0471648 0.238818 3
0.0427679 -0.0466338 0.239 3
0.0394885 -0.0459216 0.238 3
0.041126 -0.046018 0.2385 3
0.0431354 -0.0451781 0.238167 3
0.0447809 -0.0450138 0.238667 3
0.0436224 -0.0438532 0.238 3
0.0446559 -0.0438532 0.238 3
0.0415554 -0.039458 0.238 3
0.0410387 -0.0373896 0.238 3
-0.0275438 -0.0315752 0.239 3
-0.0270249 -0.0315752 0.239 3
-0.0274669 -0.0304522 0.238333 3
-0.0262127 -0.0301946 0.238909 3
-0.0246034 -0.0296712 0.239 3
-0.0274285 -0.0291161 0.238 3
-0.0266534 -0.0288576 0.238 3
0.0348379 -0.0285991 0.238 3
0.0360221 -0.027421 0.239 3
0.0380977 -0.027421 0.239 3
0.0317844 -0.0255171 0.239 3
0.0364225 -0.0259804 0.238714 3
0.0380977 -0.0263825 0.239 3
0.0139686 -0.0242189 0.239 3
0.0157847 -0.0235265 0.239 3
0.0170821 -0.0235265 0.239 3
0.0284575 -0.0234938 0.238667 3
0.0303595 -0.0237729 0.238 3
0.0323898 -0.0240458 0.239 3
0.0345691 -0.0236823 0.239 3
0.036541 -0.0240458 0.239 3
0.0159771 -0.0223939 0.238 3
0.0177857 -0.0223939 0.238 3
0.0199996 -0.021991 0.238429 3
0.0219656 -0.0219239 0.2385 3
0.0240369 -0.0219239 0.2385 3
0.0261081 -0.0219239 0.2385 3
0.0281643 -0.0219121 0.238375 3
0.0304457 -0.0218769 0.238 3
0.032771 -0.0218769 0.238 3
0.0346283 -0.0219082 0.238333 3
0.036541 -0.0219688 0.239 3
0.0283787 -0.0203256 0.238 3
0.0294122 -0.0203256 0.238 3
0.035613 -0.0203256 0.238 3
0.0366465 -0.0203256 0.238 3
-0.0109991 -0.0570761 0.240333 3
-0.00998387 -0.0572344 0.241 3
-0.0110975 -0.0555835 0.2402 3
-0.00944999 -0.0554754 0.24075 3
-0.00710601 -0.0551399 0.241 3
-0.00579789 -0.0551399 0.241 3
0.00165838 -0.0554017 0.241 3
0.00335116 -0.0555486 0.2405 3
0.00464769 -0.0554326 0.24 3
-0.00916083 -0.0538682 0.24 3
-0.00734231 -0.0539131 0.2402 3
-0.0051462 -0.0533886 0.240444 3
-0.00291397 -0.0534591 0.2405 3
-0.000825322 -0.053459 0.2405 3
0.00110477 -0.0537046 0.2402 3
0.00256339 -0.0538682 0.24 3
0.0390387 -0.0528254 0.24 3
0.040602 -0.0528254 0.24 3
-0.0173093 -0.0514747 0.241 3
-0.0162997 -0.0510924 0.240429 3
0.0395598 -0.0512611 0.24 3
0.0408625 -0.0512611 0.24 3
0.0430143 -0.0513404 0.240375 3
0.0450267 -0.0513074 0.240571 3
0.0465269 -0.0509511 0.241 3
-0.0154137 -0.0499575 0.24 3
0.0395598 -0.0496968 0.24 3
0.0409742 -0.0492498 0.24 3
0.0430818 -0.049329 0.24075 3
0.0452187 -0.0493802 0.241 3
0.0465269 -0.0493802 0.241 3
0.0416441 -0.0476111 0.24 3
0.0431396 -0.0474421 0.2402 3
0.0450267 -0.0472775 0.240571 3
0.0465269 -0.0478094 0.241 3
0.0437284 -0.0413538 0.24 3
0.0442495 -0.0413538 0.24 3
0.0416441 -0.0390074 0.24 3
0.0421652 -0.0387466 0.24 3
0.0405095 -0.0360282 0.241 3
-0.0263564 -0.033793 0.24 3
0.0392992 -0.0345752 0.24 3
0.0405095 -0.0355046 0.241 3
-0.0261724 -0.0324551 0.240273 3
-0.0243732 -0.0318394 0.241 3
-0.0260958 -0.0311858 0.24 3
-0.0242029 -0.0305841 0.240308 3
-0.0221058 -0.0309667 0.241 3
0.0346096 -0.0275358 0.24 3
0.0125158 -0.0268651 0.241 3
0.0138048 -0.0263058 0.240667 3
0.0156553 -0.0258179 0.241 3
0.0267742 -0.0260797 0.241 3
0.0276899 -0.0260797 0.241 3
0.0330463 -0.0259715 0.24 3
0.0346096 -0.0262322 0.24 3
0.0382571 -0.02545 0.24 3
0.0145481 -0.0246679 0.24 3
0.0158681 -0.0246936 0.24025 3
0.0180895 -0.0242797 0.240571 3
0.0200611 -0.0241978 0.2405 3
0.0221498 -0.0241978 0.2405 3
0.0242384 -0.0241978 0.2405 3
0.026313 -0.024185 0.240375 3
0.027575 -0.0241465 0.24 3
0.0344359 -0.0247548 0.24 3
0.0382571 -0.0244072 0.24 3
-0.00848395 -0.0632529 0.243 3
-0.00795636 -0.0632529 0.243 3
-0.00887964 -0.061933 0.243 3
-0.00738081 -0.061717 0.243 3
-0.005846 -0.061141 0.243 3
-0.0105507 -0.059575 0.242 3
-0.00917923 -0.0599784 0.242077 3
-0.00709906 -0.059966 0.242846 3
-0.005846 -0.0598212 0.243 3
-0.0105507 -0.0585234 0.242 3
-0.00912458 -0.0580727 0.242 3
-0.00719328 -0.0579928 0.2422 3
-0.00505461 -0.0577094 0.243 3
-0.00320806 -0.0571814 0.243 3
-0.000833904 -0.0569174 0.243 3
0.00138708 -0.0575284 0.242714 3
0.00321525 -0.0578925 0.242 3
-0.00844904 -0.0564203 0.242 3
-0.00713549 -0.0564203 0.242 3
-0.00497454 -0.0559326 0.242077 3
-0.00293618 -0.055709 0.242333 3
-0.000831615 -0.055709 0.242333 3
0.000933718 -0.0561154 0.242143 3
-0.0182444 -0.050582 0.243 3
-0.0163303 -0.0508996 0.242 3
-0.0171185 -0.0503738 0.242 3
-0.0163303 -0.0503738 0.242 3
0.0434836 -0.0405509 0.243 3
-0.0255777 -0.0345724 0.242857 3
-0.0244435 -0.0342154 0.243 3
-0.0254376 -0.0330231 0.242 3
-0.0238826 -0.0327026 0.242222 3
-0.0219074 -0.0325875 0.242667 3
-0.0197934 -0.0325763 0.242583 3
-0.0177749 -0.0325594 0.242818 3
-0.0163978 -0.0323676 0.243 3
0.016049 -0.0315757 0.243 3
0.0171041 -0.0321036 0.243 3
-0.0231608 -0.0314457 0.242 3
-0.0215845 -0.0312704 0.242 3
-0.0200082 -0.0311828 0.242 3
0.0139386 -0.0302557 0.243 3
0.0155968 -0.0301426 0.243 3
0.0173152 -0.0300974 0.243 3
0.0395267 -0.0307837 0.243 3
0.0400543 -0.0307837 0.243 3
0.0125677 -0.0280281 0.242 3
0.0138813 -0.0283786 0.242 3
0.0156671 -0.0284376 0.2428 3
0.0177071 -0.0282571 0.243 3
0.0197421 -0.02788 0.243 3
0.0215887 -0.027748 0.243 3
0.0239628 -0.027352 0.243 3
0.0260732 -0.027352 0.243 3
0.0395267 -0.0281439 0.243 3
0.0400543 -0.0281439 0.243 3
0.0146694 -0.0269766 0.242 3
0.0161406 -0.0267663 0.242 3
0.0179657 -0.0262501 0.242167 3
0.0200382 -0.0262247 0.242333 3
0.0221428 -0.0262247 0.242333 3
0.0242473 -0.0262247 0.242333 3
0.0259499 -0.0265244 0.242667 3
0.0395934 -0.0261353 0.242333 3
0.0405819 -0.0255042 0.243 3
0.0385759 -0.023559 0.242 3
0.0385759 -0.0222446 0.242 3
-0.00693395 -0.063822 0.244167 3
-0.00529269 -0.0638075 0.244875 3
-0.00671768 -0.0626649 0.244 3
-0.00515841 -0.062061 0.244545 3
-0.00376639 -0.0613782 0.245 3
-0.00486189 -0.0600398 0.244182 3
-0.00305544 -0.0594881 0.244889 3
-0.000840764 -0.059249 0.245 3
0.00112358 -0.0592628 0.2444 3
0.00260611 -0.0592721 0.244 3
-0.00481054 -0.058742 0.244 3
-0.00284286 -0.0580604 0.244 3
-0.000837331 -0.0579468 0.244 3
0.00112278 -0.0584239 0.244 3
0.00260611 -0.058742 0.244 3
-0.0178261 -0.0495651 0.2445 3
-0.0160848 -0.04978 0.24425 3
-0.0197244 -0.0462076 0.245 3
-0.0197244 -0.0456753 0.245 3
-0.0238025 -0.039199 0.245 3
0.0434422 -0.0386376 0.24425 3
0.0441075 -0.0395539 0.245 3
-0.024183 -0.0367985 0.244375 3
-0.022517 -0.0366262 0.245 3
-0.0128092 -0.0363601 0.245 3
-0.0113198 -0.036573 0.245 3
-0.0101496 -0.0368924 0.245 3
0.0419798 -0.0374247 0.245 3
0.0425117 -0.0374247 0.245 3
-0.0237495 -0.0348863 0.244 3
-0.0220612 -0.0346753 0.244375 3
-0.0200577 -0.0346073 0.244429 3
-0.0178435 -0.0341959 0.24475 3
-0.0157188 -0.0341962 0.24475 3
-0.0135185 -0.034497 0.245 3
-0.011639 -0.0350825 0.245 3
-0.0101496 -0.0355616 0.245 3
-0.016995 -0.033296 0.244 3
-0.0156859 -0.0333301 0.24425 3
-0.0138731 -0.0334324 0.245 3
0.0181811 -0.0321297 0.244 3
0.0198546 -0.0325511 0.244375 3
0.0215003 -0.0326339 0.245 3
0.018234 -0.0306453 0.244 3
0.0198233 -0.0303803 0.244 3
0.0220098 -0.0304744 0.24475 3
0.0238941 -0.0300105 0.245 3
0.0257558 -0.0297063 0.245 3
0.0396894 -0.0298502 0.244 3
0.0408609 -0.0299317 0.244667 3
0.0198234 -0.029055 0.244 3
0.0222073 -0.0286574 0.244 3
0.0240943 -0.0285645 0.244333 3
0.0262162 -0.0285645 0.244333 3
0.0413072 -0.0282794 0.244167 3
0.0428673 -0.0286133 0.24475 3
0.041454 -0.0264306 0.24425 3
0.042425 -0.0261917 0.2445 3
0.0397707 -0.0240669 0.2445 3
0.0410443 -0.0241789 0.244857 3
0.0425117 -0.0246495 0.245 3
0.039852 -0.0227865 0.245 3
0.0410223 -0.0225736 0.245 3
-0.00431587 -0.0640338 0.246 3
-0.00320792 -0.0640279 0.246727 3
-0.00431587 -0.0626975 0.246 3
-0.0029848 -0.0621036 0.2464 3
-0.000732713 -0.0615342 0.247 3
0.0012062 -0.061734 0.246778 3
0.00262747 -0.0616286 0.246 3
-0.00271356 -0.0605597 0.246 3
-0.000933997 -0.0600772 0.246333 3
0.00140695 -0.0605565 0.246143 3
0.00262747 -0.0605597 0.246 3
-0.0195379 -0.0490686 0.246 3
-0.0179894 -0.0486821 0.24675 3
-0.0166677 -0.0487314 0.247 3
-0.0195908 -0.047593 0.246667 3
-0.0182638 -0.0478939 0.246833 3
-0.0166677 -0.0481947 0.247 3
-0.0217624 -0.0444382 0.247 3
-0.0209579 -0.0452432 0.247 3
-0.0217624 -0.0439016 0.247 3
-0.023103 -0.0406817 0.247 3
-0.0222986 -0.0401451 0.247 3
-0.0233967 -0.038967 0.246333 3
-0.0223383 -0.0386737 0.246636 3
-0.0204216 -0.0379985 0.247 3
0.0435753 -0.0379216 0.2465 3
0.0444675 -0.0379985 0.247 3
-0.0217451 -0.0370198 0.2462 3
-0.0201057 -0.0367048 0.246417 3
-0.0182279 -0.0360235 0.246333 3
-0.015799 -0.0357068 0.246 3
-0.0139297 -0.0357068 0.246 3
0.0275749 -0.0358519 0.247 3
0.0429188 -0.0369 0.246833 3
0.0444675 -0.0374619 0.247 3
-0.0192708 -0.0351723 0.246 3
-0.0179355 -0.0351723 0.246 3
-0.0157991 -0.0351723 0.246 3
-0.0139297 -0.0351723 0.246 3
0.0226564 -0.0343706 0.246 3
0.0242841 -0.0344055 0.24625 3
0.0262342 -0.034242 0.247 3
0.0275749 -0.0345103 0.247 3
0.0404455 -0.0345103 0.247 3
0.0226564 -0.0327672 0.246 3
0.0242586 -0.0327672 0.246 3
0.0262564 -0.0324855 0.2467 3
0.0277894 -0.0322028 0.247 3
0.0406938 -0.0326327 0.246333 3
0.0431269 -0.0315588 0.247 3
0.0244664 -0.0310153 0.246 3
0.0262457 -0.0306419 0.2461 3
0.0281843 -0.0305343 0.247 3
0.0413499 -0.0311638 0.246 3
0.0430105 -0.0304039 0.246333 3
0.0281754 -0.0289368 0.246 3
-0.000584184 -0.0653556 0.249 3
0.00049705 -0.0653556 0.249 3
-0.00219717 -0.0642849 0.248 3
-0.000913216 -0.0641383 0.248154 3
0.00103394 -0.0640731 0.248222 3
-0.00219717 -0.0629379 0.248 3
-0.00085106 -0.0625338 0.248 3
0.0010335 -0.0629379 0.248 3
-0.0194274 -0.046504 0.248 3
-0.0180813 -0.0473122 0.248 3
-0.0167352 -0.0475816 0.248 3
-0.0210428 -0.0446181 0.248 3
-0.0203167 -0.0450685 0.249 3
-0.0215488 -0.0430268 0.248667 3
-0.0218083 -0.0411026 0.248364 3
-0.0203167 -0.0401996 0.249 3
-0.021312 -0.03923 0.248 3
-0.0197011 -0.0389406 0.248444 3
-0.0183991 -0.0382549 0.248667 3
0.0346863 -0.0381523 0.248 3
0.0363017 -0.0381523 0.248 3
-0.0194274 -0.0376135 0.248 3
-0.0178013 -0.0371073 0.248545 3
0.0287635 -0.0359971 0.248 3
0.0303788 -0.0365359 0.248 3
0.0325326 -0.0365359 0.248 3
0.0346863 -0.0368053 0.248 3
0.0363017 -0.0370747 0.248 3
0.0415839 -0.0361422 0.249 3
0.0431472 -0.0363632 0.248667 3
0.0443601 -0.0366727 0.2482 3
0.0287634 -0.03465 0.248 3
0.0303788 -0.03465 0.248 3
0.0325326 -0.03465 0.248 3
0.0344171 -0.0350542 0.248 3
0.0415839 -0.0347897 0.249 3
0.0427483 -0.0348522 0.249 3
0.044287 -0.0356012 0.249 3
0.0287635 -0.0327642 0.248 3
0.0303788 -0.0324948 0.248 3
0.0322633 -0.0328989 0.248 3
0.0415839 -0.0334373 0.249 3
0.0430256 -0.0328963 0.249 3
0.044287 -0.0326258 0.249 3
0.0301096 -0.0307436 0.248 3
-0.0177079 -0.0466688 0.250333 3
-0.0193513 -0.045339 0.2505 3
-0.0180276 -0.0452942 0.251 3
-0.0198941 -0.043163 0.2505 3
-0.0196746 -0.0410853 0.25 3
-0.0183 -0.0410679 0.251 3
-0.0175263 -0.038965 0.250333 3
-0.016056 -0.0371021 0.25 3
0.0439221 -0.0346579 0.25 3
0.0444649 -0.0346579 0.25 3
0.0439221 -0.0335716 0.25 3
0.0444649 -0.0335716 0.25 3
0.0397381 -0.0214358 0.251 3
0.040283 -0.0214358 0.251 3
0.0387656 -0.0202641 0.25 3
-0.0159258 -0.0468895 0.25225 3
-0.0135555 -0.0465254 0.254 3
-0.0175523 -0.0446534 0.252 3
-0.0156988 -0.045242 0.253 3
-0.0136658 -0.0452561 0.254 3
-0.0177477 -0.0429913 0.252 3
-0.0157293 -0.0431292 0.2535 3
-0.014107 -0.0440421 0.254 3
-0.0172787 -0.0409577 0.252 3
-0.0156551 -0.0410555 0.253571 3
-0.0156747 -0.0388636 0.252625 3
-0.014107 -0.0385235 0.254 3
-0.01515 -0.0372725 0.253 3
-0.014107 -0.0374198 0.254 3
0.0414279 -0.0221563 0.253 3
0.039486 -0.019605 0.252 3
0.0409907 -0.0198787 0.252 3
0.0392398 -0.0175791 0.252 3
0.0407916 -0.0180751 0.2528 3
-0.0130553 -0.0444924 0.255 3
-0.0119479 -0.0450465 0.255 3
-0.013559 -0.0430451 0.255571 3
-0.0119948 -0.0429983 0.256 3
-0.0136344 -0.0409709 0.2555 3
-0.0119948 -0.0407736 0.256 3
-0.0134584 -0.0393311 0.255667 3
-0.0119948 -0.039105 0.256 3
-0.0109257 -0.0431663 0.257 3
-0.0109257 -0.0409328 0.257 3
-0.00980971 -0.0403745 0.257 3
