-0.0003246 0.00789675 0.18 3
0.00114093 0.00770121 0.18 3
0.00250876 0.00809229 0.18 3
-0.00068284 0.0090048 0.18 3
0.000994375 0.00916774 0.18 3
-3.16692e-05 0.00400813 0.181 3
0.0011532 0.00402584 0.1818 3
0.00312935 0.00373371 0.182 3
-0.00305144 0.0056573 0.181333 3
-0.000974816 0.00534517 0.181 3
0.00115083 0.00520059 0.18148 3
0.00309642 0.00524949 0.182 3
0.00461116 0.00561196 0.182 3
-0.00310783 0.00707134 0.181182 3
-0.0012106 0.00718221 0.181 3
0.00114727 0.00656424 0.181 3
0.00311216 0.0069575 0.181 3
0.00515478 0.00670251 0.181714 3
0.0066857 0.00660051 0.182 3
-0.00502584 -0.000522761 0.184 3
-0.00342787 -0.000522761 0.184 3
-0.00502584 0.00067654 0.184 3
-0.00342787 0.000276773 0.184 3
0.0073584 0.00187585 0.184 3
0.0167465 0.00187585 0.184 3
0.0179449 0.00187585 0.184 3
0.0193432 0.00187585 0.184 3
-0.00542533 0.00407456 0.184 3
0.00394119 0.00365482 0.183 3
0.00522524 0.00332264 0.183783 3
0.0073584 0.00327503 0.184 3
0.00942945 0.00346439 0.184 3
0.0113248 0.00390323 0.184 3
0.0160616 0.00338924 0.184 3
0.0178976 0.00326544 0.18352 3
0.019836 0.00332004 0.183652 3
0.021722 0.00374748 0.184 3
-0.00682355 0.00587351 0.184 3
-0.00515561 0.00540188 0.1836 3
0.00394119 0.00445001 0.183 3
0.00537055 0.00506096 0.183118 3
0.00733116 0.00525374 0.183333 3
0.00951406 0.00525006 0.1832 3
0.0114453 0.00498467 0.183765 3
0.0159475 0.00447433 0.184 3
0.0178661 0.00445487 0.1832 3
0.0199529 0.00513276 0.183048 3
0.0219215 0.0052691 0.18384 3
0.023338 0.00547375 0.184 3
-0.00501327 0.00665491 0.1835 3
0.0204584 0.00746037 0.183 3
0.0218696 0.00724898 0.1834 3
0.023338 0.0072727 0.184 3
0.0202313 0.00941993 0.183 3
0.0218696 0.00944052 0.1834 3
0.023338 0.00947142 0.184 3
0.0202313 0.0116067 0.183 3
0.0218696 0.0116321 0.1834 3
0.023338 0.0116701 0.184 3
0.0206287 0.0135947 0.183 3
0.0218696 0.0136244 0.1834 3
0.0232049 0.0135357 0.184 3
0.0207189 0.0156516 0.1838 3
0.0218551 0.0156051 0.18387 3
0.0231383 0.015268 0.184 3
0.0207414 0.017067 0.184 3
0.0217401 0.017067 0.184 3
0.0153483 0.0228636 0.184 3
0.0135505 0.0242628 0.184 3
0.015177 0.02412 0.184 3
-0.00272876 0.0268613 0.184 3
-0.000990411 0.0265861 0.18376 3
0.00116374 0.0264027 0.1836 3
0.00324364 0.0263816 0.184 3
0.00521827 0.0263188 0.184 3
0.0073584 0.0266614 0.184 3
0.00895637 0.0258619 0.184 3
0.0135505 0.0258619 0.184 3
0.0150486 0.025662 0.184 3
-0.002826 0.028429 0.1838 3
-0.00102606 0.0283158 0.183067 3
0.00116071 0.0283184 0.18308 3
0.00327788 0.0285746 0.184 3
0.00476171 0.0284604 0.184 3
-0.0027548 0.0302265 0.183909 3
-0.000972477 0.0304223 0.183121 3
0.0011208 0.0304806 0.183357 3
0.00316374 0.0304592 0.184 3
0.00453343 0.0302308 0.184 3
-0.00242914 0.032458 0.184 3
-0.00102975 0.0325686 0.1835 3
0.00116378 0.0325907 0.1834 3
0.00291961 0.0323692 0.184 3
-0.00242914 0.0340571 0.184 3
-0.000881099 0.0345413 0.183917 3
0.00116528 0.034652 0.18376 3
0.0025645 0.0340571 0.184 3
-0.000431686 0.0360559 0.184 3
0.000766789 0.0360559 0.184 3
0.0185442 0.058243 0.184 3
0.0193432 0.0574435 0.184 3
-0.00245555 -0.000528443 0.186 3
-0.00164788 -0.000528443 0.186 3
0.0159189 -0.000528443 0.186 3
0.0171304 -0.000528443 0.186 3
0.0250052 -0.000528443 0.186 3
0.0256109 -0.000528443 0.186 3
-0.00688609 0.00148945 0.185667 3
-0.00575607 0.00168507 0.185 3
0.00800089 0.00188604 0.185 3
0.00960755 0.00161808 0.185 3
0.0116291 0.00148527 0.1852 3
0.0137742 0.00121 0.185769 3
0.015666 0.00108305 0.1854 3
0.0177937 0.000717442 0.185455 3
0.0201048 0.000910961 0.1855 3
0.0220507 0.00137727 0.185545 3
0.0242101 0.00120708 0.185385 3
0.0261196 0.00102799 0.185714 3
0.0274282 0.000683893 0.186 3
-0.00717423 0.00341974 0.185667 3
-0.00568655 0.00316916 0.185 3
0.0100092 0.00268992 0.185 3
0.0117051 0.0030472 0.185 3
0.0135907 0.00325933 0.185 3
0.0151304 0.00289089 0.185 3
0.0208541 0.00268992 0.185 3
0.0222312 0.0029196 0.185 3
0.0240674 0.00329283 0.185 3
0.0260866 0.0033556 0.185565 3
0.0274282 0.00371474 0.186 3
-0.00911881 0.00512913 0.186 3
-0.00727931 0.00491118 0.1854 3
-0.00605731 0.00490058 0.185 3
0.0134233 0.00449864 0.185 3
0.0243509 0.00520795 0.185 3
0.0261616 0.00531972 0.1856 3
0.0274282 0.00533119 0.186 3
0.0244691 0.00731222 0.185 3
0.0261716 0.00731505 0.185917 3
0.0274282 0.00714969 0.186 3
0.0244691 0.00932192 0.185 3
0.0260148 0.0093723 0.186 3
0.0245273 0.0114453 0.185625 3
0.0259699 0.0113031 0.186 3
0.0244114 0.0137085 0.185571 3
0.0256109 0.0136155 0.186 3
0.0228624 0.0163558 0.185 3
0.0242376 0.0158465 0.185455 3
0.0256109 0.0158381 0.186 3
0.0204524 0.0181646 0.185 3
0.0221536 0.0180464 0.185 3
0.0241311 0.0178091 0.18548 3
0.0256109 0.0172525 0.186 3
0.0162349 0.0209782 0.185 3
0.0176121 0.0206337 0.185 3
0.0202014 0.0201241 0.185 3
0.0220442 0.01995 0.185103 3
0.0237433 0.0197389 0.185846 3
0.0162349 0.022184 0.185 3
0.0177843 0.0221266 0.185 3
0.0201037 0.0220427 0.1855 3
0.0220085 0.022015 0.185765 3
0.0233898 0.0210916 0.186 3
-0.00467663 0.0251327 0.186 3
-0.00326322 0.0251327 0.186 3
-0.000789711 0.0249643 0.185875 3
0.00117685 0.0246836 0.185667 3
0.0031924 0.0246836 0.185667 3
0.00520795 0.0246836 0.185667 3
0.0072235 0.0246836 0.185667 3
0.00920049 0.0242253 0.185737 3
0.016235 0.0241937 0.185 3
0.0177095 0.0241979 0.185385 3
0.0199573 0.0241224 0.186 3
0.0215726 0.0237183 0.186 3
-0.00467663 0.0257389 0.186 3
-0.00334212 0.0260114 0.185389 3
-0.00113085 0.0256446 0.185455 3
0.00117262 0.0253995 0.185 3
0.00331482 0.0254665 0.185 3
0.00438592 0.0256005 0.185 3
0.00719756 0.0256005 0.185 3
0.00907199 0.0265384 0.185 3
0.0140258 0.0270073 0.185 3
0.0158687 0.0263926 0.185 3
0.0176515 0.0262259 0.185652 3
0.0195534 0.0257389 0.186 3
0.00759923 0.0284141 0.185 3
0.00924819 0.0282725 0.185167 3
0.0140258 0.0282131 0.185 3
0.0155999 0.0282276 0.185435 3
0.0171708 0.0277999 0.186 3
0.00547041 0.0305845 0.185 3
0.00717434 0.0304062 0.185103 3
0.00944803 0.0303541 0.1858 3
0.010871 0.0303862 0.186 3
0.0136978 0.0301841 0.186 3
0.0153805 0.0300494 0.186 3
0.00381212 0.0328641 0.185 3
0.00518925 0.0326344 0.185 3
0.00726135 0.0324939 0.185619 3
0.00938544 0.0323634 0.186 3
0.010871 0.0320026 0.186 3
-0.00244235 0.0352471 0.185 3
-0.00163902 0.0352471 0.185 3
0.0033712 0.0347711 0.185 3
0.00519426 0.0346746 0.18516 3
0.00723647 0.0346293 0.186 3
0.00903129 0.0342701 0.186 3
-0.00244235 0.0360509 0.185 3
-0.00106629 0.0368169 0.185238 3
0.00130058 0.0368762 0.185158 3
0.00318902 0.0367421 0.18544 3
0.00516256 0.0367647 0.185913 3
0.00689994 0.0365152 0.186 3
-0.000688775 0.0382158 0.186 3
0.00117791 0.0382254 0.1858 3
0.00302506 0.0381798 0.186 3
0.00461155 0.0380643 0.186 3
-3.25441e-05 0.0431157 0.186 3
0.00037129 0.0431157 0.186 3
0.00762976 0.0562743 0.18575 3
0.00931865 0.0558453 0.185692 3
0.0074019 0.0576057 0.185667 3
0.00930367 0.0575816 0.185385 3
0.0159478 0.0585008 0.186 3
0.017815 0.0580903 0.185429 3
0.0198899 0.0573944 0.186 3
0.00905372 0.0590781 0.186 3
0.0159224 0.0591596 0.185714 3
0.0171948 0.0593227 0.185143 3
0.0013883 -0.00235957 0.187 3
0.0034366 -0.00237219 0.188 3
0.0173146 -0.00237219 0.188 3
-0.00246875 -0.00134385 0.187 3
-0.00206275 -0.00134385 0.187 3
0.0013883 -0.00195328 0.187 3
0.0034366 -0.00196373 0.188 3
0.0178648 -0.00112022 0.187625 3
0.0200668 -0.0007655 0.187286 3
0.0219631 -0.000532989 0.1876 3
0.0239463 -0.000531853 0.1872 3
-0.00880869 0.00130393 0.188 3
-0.00794982 0.00170328 0.187 3
0.0222976 0.000281286 0.187 3
0.0235156 0.000281286 0.187 3
0.0271696 0.00170328 0.187 3
0.0284901 0.00108435 0.187353 3
0.0299681 0.00171239 0.188 3
-0.0108204 0.00357963 0.188 3
-0.00934687 0.00324442 0.187407 3
-0.00794982 0.00251585 0.187 3
0.0271696 0.00251585 0.187 3
0.0285468 0.00306499 0.187444 3
0.0299681 0.00293777 0.188 3
-0.0110537 0.0045716 0.188 3
-0.00938173 0.00455214 0.1872 3
0.0286372 0.0053678 0.1873 3
0.0299681 0.00538851 0.188 3
0.0271696 0.00820384 0.187 3
0.0285423 0.00742997 0.187 3
0.0303763 0.0074308 0.188 3
0.0271696 0.00942271 0.187 3
0.0283877 0.00942271 0.187 3
0.0303763 0.00947309 0.188 3
0.0269956 0.0116863 0.187 3
0.0284001 0.0114594 0.18708 3
0.0303309 0.0114246 0.188 3
0.0267636 0.0134855 0.187 3
0.0283734 0.0134173 0.187667 3
0.0299681 0.0127407 0.188 3
0.0265606 0.0157201 0.187 3
0.0277523 0.0154249 0.188 3
0.0262916 0.0181319 0.18725 3
0.027519 0.0178465 0.188 3
0.00996742 0.0207056 0.188 3
0.0114236 0.0203569 0.1878 3
0.0247825 0.0200701 0.187091 3
0.0260265 0.0199564 0.187733 3
0.00364069 0.0229522 0.188 3
0.0052734 0.0229522 0.188 3
0.00754135 0.0227597 0.187857 3
0.0094598 0.0222716 0.187526 3
0.0114943 0.0219277 0.187308 3
0.0240258 0.0221348 0.187391 3
0.0254489 0.0219019 0.188 3
-0.00656372 0.0247902 0.188 3
-0.00523634 0.0243686 0.187556 3
-0.00328953 0.0243159 0.1875 3
-0.00114306 0.0242847 0.187545 3
0.0011857 0.0238714 0.1872 3
0.00331348 0.0237339 0.187231 3
0.0052547 0.0236841 0.187333 3
0.00728546 0.0236758 0.187267 3
0.0090734 0.0234105 0.187 3
0.0107264 0.0232364 0.187 3
0.0223653 0.0241844 0.187 3
0.0239569 0.024209 0.187826 3
0.025274 0.024586 0.188 3
-0.00679466 0.0255926 0.1876 3
-0.00572043 0.0256891 0.187111 3
0.0184405 0.0272992 0.187 3
0.019957 0.0267735 0.187 3
0.0219108 0.0261845 0.18716 3
0.0238094 0.0260276 0.188 3
0.025274 0.0254029 0.188 3
0.0166135 0.0291275 0.187 3
0.0179327 0.028603 0.187111 3
0.0199206 0.028399 0.18755 3
0.0215911 0.0281817 0.187917 3
0.0119444 0.0309558 0.187 3
0.0137715 0.0313621 0.187 3
0.0161138 0.030862 0.187 3
0.0179084 0.0304009 0.187609 3
0.0198421 0.0298645 0.188 3
0.0211923 0.0294875 0.188 3
0.0117414 0.0326825 0.187 3
0.0137715 0.0325809 0.187 3
0.0158157 0.032609 0.18716 3
0.0177282 0.0324359 0.187952 3
0.0097114 0.0351202 0.187 3
0.0115056 0.0345909 0.187034 3
0.0137495 0.0347088 0.187346 3
0.01586 0.0347386 0.18768 3
0.0173826 0.0345251 0.188 3
0.00778288 0.0370501 0.187 3
0.00934807 0.0367109 0.187167 3
0.0113521 0.0367738 0.187833 3
0.013641 0.0364313 0.188 3
0.0157953 0.0362044 0.188 3
0.0171105 0.0360228 0.188 3
-0.000916376 0.0393922 0.187 3
0.0011853 0.0394878 0.187 3
0.00331233 0.0391763 0.187154 3
0.00538118 0.0389428 0.1875 3
0.0073008 0.0388086 0.18764 3
0.00935334 0.0388739 0.18796 3
0.0109879 0.0383715 0.188 3
-0.000728727 0.0409968 0.187 3
0.0011853 0.0411129 0.187 3
0.0031212 0.0408686 0.188 3
0.0052734 0.0403116 0.188 3
0.00750636 0.0406841 0.188 3
0.00916181 0.0407953 0.188 3
-3.27191e-05 0.0425349 0.187 3
0.0011273 0.0427671 0.187 3
0.00302843 0.0429666 0.188 3
0.00813063 0.0421497 0.188 3
0.00894699 0.0421497 0.188 3
0.00302843 0.0443962 0.188 3
0.00166624 0.0495935 0.187833 3
0.00319349 0.0493792 0.187667 3
0.00476318 0.0495019 0.188 3
0.0116001 0.0503189 0.188 3
0.0137759 0.0496761 0.187818 3
0.0158079 0.0495319 0.187913 3
0.0177042 0.0499847 0.188 3
0.00166304 0.0512721 0.1875 3
0.00302242 0.0514356 0.1876 3
0.00986538 0.0519527 0.188 3
0.0115907 0.0516031 0.187364 3
0.0136922 0.0513867 0.187069 3
0.0157656 0.0513304 0.187714 3
0.0179989 0.0512319 0.188 3
0.0193555 0.0515442 0.188 3
0.0018039 0.0529739 0.188 3
0.00262025 0.0529739 0.188 3
0.00943979 0.0538604 0.187808 3
0.011286 0.0536218 0.187409 3
0.0135668 0.0536237 0.188 3
0.0152737 0.0527696 0.188 3
0.0207841 0.0541992 0.188 3
0.0220086 0.0541992 0.188 3
0.0232332 0.0541992 0.188 3
0.00749352 0.0556585 0.187733 3
0.0095374 0.0551007 0.187 3
0.0114192 0.0555956 0.18756 3
0.0128247 0.0554246 0.188 3
0.018131 0.0564457 0.188 3
0.02058 0.0550161 0.188 3
0.0219746 0.0555948 0.188 3
0.0232332 0.0554246 0.188 3
0.00588567 0.0574668 0.188 3
0.00672901 0.056977 0.1876 3
0.0101174 0.0585832 0.187 3
0.0115574 0.0578333 0.187435 3
0.0137522 0.0583836 0.187667 3
0.0158716 0.0579313 0.187316 3
0.0178632 0.0573044 0.187588 3
0.019877 0.0574442 0.188 3
0.0216685 0.0569903 0.188 3
0.0101174 0.0591927 0.187 3
0.0115384 0.0591926 0.187 3
0.0136137 0.0591433 0.187167 3
0.0141986 -0.00466784 0.19 3
0.0150237 -0.00466784 0.19 3
-0.00231422 -0.00241004 0.191 3
0.00263419 -0.0023848 0.189 3
0.0183238 -0.00239742 0.19 3
0.0201284 -0.00255304 0.19 3
0.0219712 -0.00285105 0.190714 3
0.0240186 -0.00241004 0.191 3
0.0252627 -0.00241004 0.191 3
-0.00285616 -0.00157529 0.190333 3
-0.000853764 -0.00135823 0.189 3
0.000377279 -0.00135823 0.189 3
0.00263419 -0.00197417 0.189 3
0.0185834 -0.00167142 0.1895 3
0.0198005 -0.00166968 0.189333 3
0.0221002 -0.0015372 0.189286 3
0.0241245 -0.0015705 0.189667 3
0.0252627 -0.00199506 0.191 3
-0.0130962 0.00173972 0.191 3
-0.011272 0.00122325 0.190077 3
-0.00997582 0.00112556 0.189364 3
-0.00811987 0.00111725 0.191 3
0.0309482 0.0017215 0.189 3
0.031937 0.00173061 0.19 3
-0.0130413 0.00296953 0.1902 3
-0.0117093 0.00292027 0.189476 3
-0.00988142 0.00213213 0.189 3
0.030743 0.00326136 0.189 3
0.0325941 0.00309072 0.190545 3
0.0339711 0.00319213 0.191 3
0.0309482 0.00541717 0.189 3
0.0325098 0.00520687 0.190259 3
0.0339711 0.0049212 0.191 3
0.0325433 0.00745082 0.189731 3
0.0342673 0.00764947 0.190917 3
0.0324195 0.00953355 0.1892 3
0.0343265 0.00960745 0.190667 3
0.0309482 0.0123979 0.189 3
0.0324403 0.0115968 0.18932 3
0.0342992 0.0115529 0.190692 3
0.0291016 0.0142457 0.189 3
0.030509 0.0137886 0.1892 3
0.0325223 0.0136644 0.190217 3
0.0339711 0.013359 0.191 3
0.00763834 0.0166788 0.191 3
0.0287799 0.0159149 0.189091 3
0.0305075 0.0157732 0.19008 3
0.032105 0.0154339 0.191 3
0.00788716 0.0180897 0.191 3
0.00896175 0.0182902 0.1905 3
0.0287426 0.0177674 0.189333 3
0.0305379 0.0178154 0.190609 3
0.00597958 0.0208286 0.191 3
0.00753538 0.0200819 0.190667 3
0.00936974 0.0197582 0.189391 3
0.0268447 0.0204052 0.189 3
0.0283121 0.019844 0.189333 3
0.0301138 0.0200538 0.190824 3
-0.0108154 0.022696 0.191 3
-0.0104007 0.022696 0.191 3
-0.00708315 0.022696 0.191 3
-0.00531234 0.0227591 0.190667 3
-0.00333309 0.0227746 0.189933 3
-0.00106191 0.0227165 0.189444 3
0.00133493 0.0225583 0.189947 3
0.0032172 0.0222991 0.190364 3
0.00538506 0.0220687 0.19 3
0.00730653 0.0218625 0.189652 3
0.00899962 0.0214441 0.189111 3
0.0264964 0.0221255 0.189353 3
0.028213 0.0219816 0.190579 3
0.0296169 0.0214511 0.191 3
-0.01123 0.0235259 0.191 3
-0.00934793 0.0240352 0.190273 3
-0.00749196 0.0240862 0.189357 3
-0.00567317 0.0235588 0.1896 3
-0.00331585 0.0234849 0.189 3
-0.00105894 0.0234849 0.189 3
0.00119797 0.0234849 0.189 3
0.00263419 0.0234849 0.189 3
0.0249981 0.0236902 0.189 3
0.0260938 0.0240478 0.189909 3
0.0277508 0.0233184 0.191 3
0.0226245 0.0285751 0.189167 3
0.0236866 0.0283586 0.19 3
0.0202108 0.0309447 0.189 3
0.02221 0.030567 0.189417 3
0.0238113 0.030373 0.191 3
0.0186378 0.0329294 0.189 3
0.0200007 0.0325263 0.189364 3
0.0219621 0.0325786 0.19 3
0.0237076 0.0325517 0.191 3
0.0183462 0.0347056 0.189167 3
0.0198403 0.0347527 0.1901 3
0.0219895 0.0345794 0.190913 3
0.0231892 0.0345228 0.191 3
0.0135084 0.0374463 0.189 3
0.0157653 0.0371999 0.189 3
0.0178059 0.0368454 0.189684 3
0.0198465 0.0365915 0.19075 3
0.021964 0.0364845 0.191 3
0.0235002 0.0365977 0.191 3
0.0117723 0.0389941 0.189 3
0.0135107 0.0387471 0.1895 3
0.0156596 0.0387176 0.1902 3
0.0175154 0.0386106 0.190692 3
0.019457 0.0378426 0.191 3
0.0221524 0.0378426 0.191 3
0.00407041 0.0415526 0.189 3
0.00522684 0.0414033 0.189 3
0.00673766 0.0413473 0.189 3
0.0100204 0.0415526 0.189 3
0.0114669 0.0407664 0.18916 3
0.0135006 0.0409509 0.190455 3
0.0153101 0.040125 0.191 3
0.0018135 0.0438111 0.189 3
0.00407041 0.0431952 0.189 3
0.00532726 0.0430662 0.18988 3
0.00735348 0.0430951 0.189917 3
0.00943714 0.0433277 0.189238 3
0.0115374 0.0430842 0.19032 3
0.0130293 0.0432373 0.191 3
0.0180055 0.0440672 0.191 3
0.0329344 0.0438598 0.191 3
-3.3069e-05 0.0446324 0.189 3
0.00129363 0.0451577 0.189667 3
0.00330101 0.0455049 0.189 3
0.00537297 0.0451684 0.19025 3
0.0073859 0.0452876 0.19075 3
0.0094847 0.0451872 0.18981 3
0.0115272 0.0451122 0.19016 3
0.0134926 0.0454093 0.1908 3
0.0158433 0.0459642 0.191 3
0.0176891 0.0454432 0.191 3
0.0190423 0.0461421 0.191 3
-3.34189e-05 0.0469721 0.191 3
0.00132013 0.0472368 0.1902 3
0.00328863 0.0473595 0.189423 3
0.00531304 0.0473099 0.1905 3
0.007431 0.047387 0.191 3
0.00946948 0.0472186 0.19032 3
0.0115202 0.0472053 0.189586 3
0.0135804 0.0473437 0.19 3
0.0157061 0.0474483 0.19029 3
0.0177395 0.0473186 0.190538 3
0.0197827 0.0474254 0.190524 3
0.0217099 0.0475317 0.19075 3
0.026714 0.0480095 0.191 3
0.0275434 0.0480095 0.191 3
0.0018135 0.0485334 0.189 3
0.00324971 0.0485334 0.189 3
0.00554703 0.0490609 0.189381 3
0.00736171 0.0493537 0.189931 3
0.00948524 0.0492496 0.19 3
0.0114294 0.0493269 0.189077 3
0.0133821 0.0489124 0.189 3
0.0160218 0.0486874 0.189 3
0.0181276 0.0491148 0.189286 3
0.0198299 0.0491845 0.189385 3
0.0218726 0.0492957 0.19036 3
0.023921 0.0497549 0.191 3
0.0255115 0.0500429 0.191 3
0.0275434 0.0488394 0.191 3
0.0310569 0.0498836 0.190571 3
0.0324807 0.0491654 0.19 3
0.00407041 0.0514078 0.189 3
0.00531929 0.0513364 0.189 3
0.00738641 0.0513706 0.189038 3
0.00925916 0.0511269 0.189167 3
0.010636 0.0507918 0.189 3
0.0167912 0.052229 0.189 3
0.0176119 0.052229 0.189 3
0.0201947 0.0513353 0.189 3
0.0219347 0.05131 0.19004 3
0.024048 0.0514908 0.190958 3
0.0260434 0.0517306 0.19095 3
0.0283189 0.0517193 0.190235 3
0.0303488 0.0511225 0.19 3
0.0317307 0.0506478 0.19 3
0.0018135 0.0538715 0.189 3
0.0034475 0.0537699 0.189235 3
0.00530927 0.0536002 0.189815 3
0.00736926 0.0535857 0.18944 3
0.00878941 0.0530503 0.189 3
0.0143291 0.0542822 0.189 3
0.0159036 0.0535857 0.189353 3
0.0178816 0.0534544 0.1897 3
0.0199633 0.0534891 0.189154 3
0.0221897 0.0531539 0.18925 3
0.0242474 0.0535786 0.190038 3
0.0263006 0.0535738 0.190333 3
0.0282805 0.0532747 0.19 3
0.0298744 0.0525054 0.19 3
0.00358208 0.0554457 0.189846 3
0.0053295 0.0558078 0.19 3
0.00704302 0.0552427 0.189154 3
0.013944 0.0556806 0.189333 3
0.0150237 0.0553961 0.19 3
0.0186276 0.0556865 0.191 3
0.0197775 0.0557318 0.1898 3
0.0244905 0.0553468 0.189833 3
0.0260929 0.0552574 0.19 3
0.0276055 0.0549822 0.19 3
0.00550662 0.0569513 0.189 3
0.0136215 0.0577116 0.18964 3
0.0150823 0.0576984 0.189889 3
0.0174665 0.0574295 0.191 3
0.0199802 0.0569495 0.189182 3
0.00185187 -0.00474154 0.193 3
0.00331849 -0.00474154 0.193 3
0.00457559 -0.00474154 0.193 3
0.00834687 -0.00516086 0.193 3
0.00960396 -0.00516086 0.193 3
0.016099 -0.00474154 0.193 3
0.00157252 -0.00334381 0.193 3
0.00330989 -0.00347564 0.1925 3
0.00456373 -0.00347564 0.1925 3
0.00834687 -0.0039029 0.193 3
0.00969708 -0.00353017 0.193 3
0.0110419 -0.00347564 0.1925 3
0.016224 -0.00388267 0.192 3
0.0178914 -0.00321524 0.192 3
0.0197673 -0.00304838 0.192 3
0.0241443 -0.00304838 0.192 3
0.0253949 -0.00304838 0.192 3
-0.0151189 0.00175793 0.193 3
-0.0136823 0.00139851 0.193 3
-0.0119441 0.000706708 0.1925 3
-0.00925247 0.000290311 0.193 3
-0.00799538 0.000290311 0.193 3
-0.0151189 0.00217726 0.193 3
-0.0141195 0.00252837 0.192429 3
0.0350442 0.00363229 0.192333 3
0.036003 0.00364488 0.193 3
0.0348118 0.00513689 0.192263 3
0.036003 0.0051125 0.193 3
0.0351088 0.00695381 0.192273 3
0.0362409 0.00747963 0.192778 3
0.0353996 0.0092575 0.192 3
0.0363598 0.00928965 0.192667 3
0.0352209 0.0117008 0.192 3
0.0363598 0.0113826 0.192667 3
0.0348607 0.0136165 0.192385 3
0.036003 0.0130796 0.193 3
0.0328577 0.0160156 0.192167 3
0.0341173 0.0153858 0.193 3
0.00719949 0.0179905 0.1926 3
0.031231 0.0188519 0.192 3
0.0327698 0.0178024 0.192526 3
0.00389351 0.0207297 0.1924 3
0.00547566 0.0202873 0.192588 3
0.0068565 0.0193018 0.192333 3
0.031231 0.0201034 0.192 3
0.0321767 0.0198936 0.192667 3
-0.0126047 0.022724 0.193 3
-0.0113095 0.0222665 0.193 3
-0.00932381 0.0224149 0.192556 3
-0.00744448 0.0223007 0.192714 3
-0.00488862 0.0217089 0.192375 3
-0.00295931 0.0216184 0.1925 3
-0.000869576 0.0216184 0.1925 3
0.00106463 0.0215279 0.192625 3
0.0031306 0.0212985 0.192571 3
0.00496874 0.0213548 0.192 3
0.0289382 0.0230234 0.192 3
0.0305383 0.0222405 0.192444 3
0.0320222 0.0217456 0.193 3
-0.0126047 0.0231433 0.193 3
-0.0117667 0.0231433 0.193 3
0.0270624 0.0240663 0.192 3
0.028518 0.024208 0.1925 3
0.0303838 0.0238447 0.192857 3
0.0286699 0.0252399 0.193 3
0.0247696 0.0290721 0.192 3
0.0248729 0.0306584 0.1928 3
0.0247697 0.0326178 0.192 3
0.026051 0.0325256 0.193 3
0.0243528 0.0347035 0.192 3
0.0258764 0.0343252 0.193 3
0.020601 0.0376236 0.192 3
0.0219211 0.0376236 0.192 3
0.0243389 0.036678 0.192 3
0.0256834 0.0364845 0.1926 3
0.0184125 0.0392922 0.192 3
0.0200223 0.0388741 0.192222 3
0.022082 0.0388152 0.192389 3
0.024094 0.0384959 0.192786 3
0.0145565 0.0413779 0.192 3
0.0159183 0.0409886 0.192 3
0.0179478 0.0408804 0.1926 3
0.0198179 0.0407024 0.193 3
0.0222681 0.0401957 0.193 3
0.023432 0.0399161 0.193 3
0.0141586 0.0431721 0.19225 3
0.0159211 0.0428772 0.192958 3
0.0179225 0.0429109 0.192333 3
0.0200059 0.0429215 0.192714 3
0.0221749 0.0428514 0.193 3
0.0241715 0.0431474 0.193 3
0.0258091 0.0437663 0.1926 3
0.014287 0.0446478 0.192111 3
0.0158069 0.0448501 0.192185 3
0.0180767 0.0448541 0.192 3
0.0200538 0.0451082 0.192296 3
0.022198 0.044978 0.192923 3
0.0241774 0.044985 0.192267 3
0.026323 0.0450808 0.192357 3
0.0278319 0.0457866 0.193 3
0.0153903 0.0463837 0.192 3
0.0201842 0.0465923 0.192 3
0.0221849 0.0466854 0.192235 3
0.0241443 0.047218 0.192 3
0.0261743 0.0471454 0.192 3
0.028292 0.0471755 0.192348 3
0.0296662 0.0477998 0.192667 3
0.0228938 0.0484694 0.192 3
0.0242726 0.0488545 0.192 3
0.0262485 0.0493236 0.192 3
0.0285424 0.0494897 0.192211 3
0.0298751 0.0497641 0.192857 3
0.0266455 0.0510766 0.192 3
0.0280414 0.051133 0.193 3
0.0303461 0.0508185 0.193 3
0.016183 0.0560061 0.192333 3
0.0177055 0.0558427 0.19225 3
0.0160787 0.057663 0.19275 3
0.017728 0.0571695 0.1925 3
0.0120321 -0.00669717 0.195 3
-3.41188e-05 -0.00479067 0.195 3
0.00080913 -0.00477429 0.194333 3
0.00775832 -0.0051876 0.194 3
0.0116293 -0.00532111 0.194556 3
0.0177125 -0.00478085 0.1946 3
0.0198645 -0.00479067 0.195 3
0.0228281 -0.00479067 0.195 3
0.0242394 -0.00479067 0.195 3
0.02558 -0.00479067 0.195 3
-0.00320943 -0.00246051 0.195 3
-0.000502807 -0.00292845 0.194778 3
0.000669172 -0.0035813 0.194556 3
0.0180778 -0.00392312 0.194 3
0.0197626 -0.00392312 0.194 3
0.0218686 -0.00392312 0.194 3
0.0239746 -0.00392312 0.194 3
0.0254489 -0.00392312 0.194 3
-0.0108302 -0.000554013 0.195 3
-0.00948948 -0.000554013 0.195 3
-0.00765486 -0.000554013 0.195 3
-0.00426786 -0.00140135 0.195 3
-0.00352696 -0.00171909 0.195 3
-0.000877758 -0.00203266 0.1946 3
0.000389256 -0.00203684 0.195 3
-0.0169401 0.00134945 0.194667 3
-0.0155915 0.00105044 0.194588 3
-0.0137334 0.000533529 0.194571 3
-0.0122488 0.000291815 0.194 3
-0.0070198 0.00029332 0.195 3
-0.0168821 0.00218854 0.194 3
-0.0160397 0.00218854 0.194 3
0.0370117 0.00524287 0.194231 3
0.0380696 0.00558915 0.195 3
0.0371963 0.00703353 0.194455 3
0.0380696 0.00728381 0.195 3
0.0374532 0.00935392 0.194 3
0.0384279 0.00938607 0.194667 3
0.0374532 0.0114614 0.194 3
0.0385799 0.0115041 0.194722 3
0.036901 0.0137358 0.194474 3
0.038251 0.0133967 0.195 3
0.00589312 0.0163927 0.195 3
0.0063165 0.0163927 0.195 3
0.0350263 0.015831 0.194167 3
0.0364995 0.0156457 0.194778 3
0.00587434 0.0181157 0.1944 3
0.00671611 0.017181 0.194333 3
0.0348059 0.0178296 0.1945 3
0.0361644 0.0170281 0.195 3
-0.0137232 0.0206293 0.195 3
-0.0114652 0.0206293 0.195 3
-0.00998341 0.0206293 0.195 3
-0.0070198 0.0206293 0.195 3
-0.00496146 0.0204352 0.1945 3
-0.0031469 0.0202455 0.194375 3
-0.000880868 0.0206293 0.195 3
0.00141321 0.0203268 0.194429 3
0.00325164 0.0201116 0.194556 3
0.00528335 0.0194676 0.1944 3
0.0332411 0.0198913 0.194 3
0.0345896 0.0198978 0.194783 3
-0.0154873 0.0214767 0.195 3
-0.0135336 0.021821 0.1943 3
-0.0115573 0.0215253 0.194167 3
-0.00930041 0.0213664 0.194 3
-0.0071944 0.0213664 0.194 3
-0.00572019 0.0213665 0.194 3
0.032905 0.0221636 0.194308 3
0.0342476 0.0221049 0.194933 3
0.0305033 0.0249492 0.194 3
0.0324342 0.0241232 0.194417 3
0.0338358 0.0240186 0.195 3
0.0286816 0.0264936 0.1945 3
0.030367 0.0262834 0.19425 3
0.0320445 0.0261858 0.194833 3
0.0248171 0.0281104 0.194 3
0.0252383 0.0281104 0.194 3
0.0287055 0.0284185 0.194667 3
0.0303689 0.0283916 0.19448 3
0.0261968 0.0308332 0.194333 3
0.0283807 0.0306525 0.194957 3
0.0303206 0.0304572 0.194952 3
0.0267125 0.0319038 0.194 3
0.0282166 0.0325696 0.1942 3
0.0300255 0.0327038 0.195 3
0.0267125 0.0348543 0.194 3
0.0278983 0.0345904 0.194714 3
0.0267676 0.0368263 0.1944 3
0.0276969 0.0360931 0.195 3
0.0245012 0.0393854 0.194 3
0.0262355 0.0387831 0.194444 3
0.020605 0.0411767 0.194 3
0.0217106 0.041282 0.194 3
0.0240574 0.040993 0.194217 3
0.0258894 0.0410793 0.195 3
0.028332 0.0416008 0.195 3
0.0244743 0.0423816 0.194143 3
0.0262369 0.0427333 0.194375 3
0.0282406 0.0429359 0.194679 3
0.0298138 0.0432954 0.195 3
0.032805 0.0437101 0.194333 3
0.0285558 0.0450855 0.1945 3
0.0312956 0.0447783 0.195 3
0.0324438 0.045064 0.19475 3
0.0340475 0.0456256 0.195 3
0.0288185 0.0464454 0.194 3
0.0302264 0.0472424 0.194529 3
0.031719 0.0479558 0.195 3
0.030808 0.0492011 0.194385 3
0.031719 0.0492268 0.195 3
0.0348943 0.0496504 0.195 3
0.0301326 0.0512866 0.194778 3
0.031719 0.0504978 0.195 3
0.0181435 -0.00655186 0.197 3
-0.00153148 -0.00483981 0.197 3
0.0130109 -0.00569583 0.197 3
0.0160049 -0.00569584 0.197 3
0.0178386 -0.00566692 0.196 3
0.0200487 -0.00569005 0.1968 3
0.0220621 -0.00530446 0.196556 3
0.0242131 -0.00543598 0.196429 3
0.0257112 -0.00566692 0.196 3
-0.00491953 -0.00266738 0.196857 3
-0.00310446 -0.00306825 0.196909 3
-0.00110205 -0.00354675 0.1965 3
-0.0194956 -0.000559695 0.197 3
-0.0179986 -0.000559695 0.197 3
-0.0158291 -0.000558559 0.1966 3
-0.0136518 -0.000556854 0.196 3
-0.0116178 -0.00104763 0.196571 3
-0.00936975 -0.00117033 0.196714 3
-0.00711268 -0.00117033 0.196714 3
-0.00528018 -0.00165742 0.196308 3
-0.0038642 -0.00204729 0.196 3
-0.0194956 0.000296328 0.197 3
-0.0180228 0.000673681 0.196222 3
-0.016205 0.000294824 0.196 3
0.0389031 0.00604365 0.196 3
0.0391093 0.00744648 0.1965 3
0.0401709 0.00800053 0.197 3
0.0395414 0.00945035 0.196 3
0.0404422 0.00962097 0.196583 3
0.0395414 0.0115795 0.196 3
0.04071 0.0116091 0.1965 3
0.0392104 0.0138623 0.196308 3
0.04071 0.0128899 0.1965 3
0.00531199 0.0165608 0.197 3
0.037201 0.0166896 0.196 3
0.0385622 0.0157329 0.196368 3
0.00140668 0.0184093 0.19675 3
0.00314607 0.0182039 0.196778 3
0.00481723 0.0178922 0.196222 3
0.0368227 0.0180618 0.196 3
0.0383784 0.0176989 0.1968 3
-0.017397 0.0205476 0.19625 3
-0.0158197 0.02036 0.1965 3
-0.0136314 0.0201847 0.196571 3
-0.0114551 0.019548 0.196444 3
-0.00942027 0.0200184 0.1965 3
-0.00723855 0.0198393 0.196625 3
-0.00524998 0.0194642 0.196556 3
-0.00284172 0.0193444 0.196714 3
-0.000887644 0.0195061 0.1965 3
0.000970563 0.0194688 0.196429 3
0.0031573 0.0192447 0.196 3
0.00443394 0.0192447 0.196 3
0.035286 0.020948 0.196 3
0.0367073 0.0200646 0.196389 3
0.0380323 0.0193428 0.197 3
0.035286 0.0222255 0.196 3
0.0362721 0.0219998 0.196267 3
0.0348904 0.0241627 0.196167 3
0.036025 0.0239553 0.196714 3
0.0279809 0.027047 0.197 3
0.0332008 0.0262284 0.196 3
0.034594 0.0260243 0.19675 3
0.0269117 0.0289731 0.197 3
0.027874 0.0284381 0.197 3
0.0326046 0.0283146 0.196222 3
0.0339691 0.0279031 0.197 3
0.0266322 0.0300487 0.1962 3
0.0276724 0.0297282 0.196333 3
0.0312433 0.0311681 0.196 3
0.0326203 0.0304097 0.1966 3
0.0312433 0.0322328 0.196 3
0.0323294 0.0320405 0.197 3
0.0289028 0.0349297 0.196 3
0.0297125 0.0350495 0.196667 3
0.0284624 0.0369808 0.196625 3
0.0283377 0.0389323 0.1965 3
0.0267041 0.0406076 0.196 3
0.0283909 0.0408083 0.196056 3
0.0299209 0.0412786 0.19675 3
0.0365812 0.0414217 0.196667 3
0.0380323 0.0411714 0.197 3
0.0306323 0.0430363 0.196174 3
0.0324276 0.0434066 0.196727 3
0.0347117 0.0431481 0.196667 3
0.0366284 0.0429776 0.196107 3
0.0385368 0.0431994 0.1963 3
0.0401709 0.0435255 0.197 3
0.030531 0.0452393 0.196 3
0.0318816 0.0453628 0.196 3
0.0349314 0.0450789 0.196 3
0.0365626 0.0452208 0.196 3
0.0382648 0.0446885 0.196 3
0.0311369 0.0469242 0.196 3
0.0327682 0.0473145 0.196 3
0.0346477 0.04735 0.196 3
0.036361 0.0472155 0.196 3
0.0328982 0.0493846 0.196 3
0.0345869 0.049175 0.196 3
0.0360307 0.048734 0.196 3
0.0291156 0.0522472 0.196 3
0.0135481 -0.00683569 0.198143 3
0.0157353 -0.00661837 0.199 3
0.0176557 -0.00661006 0.19875 3
0.0199551 -0.00658512 0.198 3
0.0218896 -0.00658512 0.198 3
0.0240998 -0.0070341 0.1985 3
0.0258237 -0.0070341 0.1985 3
-0.00435541 -0.00424041 0.199 3
-0.0030478 -0.00422336 0.1982 3
0.0141517 -0.00572474 0.198 3
0.0150114 -0.00572474 0.198 3
-0.0216378 -0.00283525 0.199 3
-0.0199095 -0.00251098 0.199 3
-0.0177492 -0.00251098 0.199 3
-0.0155889 -0.00251098 0.199 3
-0.0136447 -0.00251098 0.199 3
-0.0117004 -0.00251098 0.199 3
-0.00954011 -0.00251098 0.199 3
-0.00707578 -0.00279362 0.198556 3
-0.00530437 -0.00322452 0.198556 3
-0.0030478 -0.00379275 0.1982 3
-0.0217458 -0.00137605 0.199 3
-0.0199716 -0.00141433 0.198263 3
-0.0176898 -0.00164148 0.198333 3
-0.015673 -0.00167511 0.198385 3
-0.0137492 -0.00161025 0.198286 3
-0.0119293 -0.00189128 0.198714 3
-0.00954011 -0.00207863 0.199 3
-0.00735102 -0.00207027 0.1982 3
0.0401599 0.00610532 0.198 3
0.0408018 0.00747411 0.198429 3
0.0414496 0.0093317 0.198 3
0.0428203 0.00975058 0.198875 3
0.0427883 0.0116279 0.198444 3
0.0410545 0.0138606 0.198167 3
0.0427754 0.0134032 0.198833 3
-3.48187e-05 0.0165127 0.199 3
0.00104533 0.0165127 0.199 3
0.00311972 0.0161009 0.198846 3
0.00447918 0.0159996 0.198 3
0.039515 0.0162147 0.198 3
0.0407089 0.0155727 0.198429 3
0.042523 0.0147833 0.199 3
-0.0147248 0.0184583 0.199 3
-0.0136447 0.0184583 0.199 3
-0.0116782 0.0184212 0.1986 3
-0.00954011 0.0184583 0.199 3
-0.00737982 0.0184583 0.199 3
-0.00504111 0.0180761 0.198375 3
-0.00305154 0.0179796 0.1985 3
-0.000855638 0.0179303 0.198524 3
0.000949744 0.0174807 0.198429 3
0.00274359 0.0172351 0.198273 3
0.00447918 0.0168599 0.198 3
0.0393593 0.0179795 0.198143 3
0.0404834 0.0176495 0.198692 3
-0.0189976 0.0197047 0.1985 3
-0.0178555 0.019585 0.198375 3
-0.0157256 0.0192259 0.198 3
-0.0137911 0.0192259 0.198 3
-0.0125014 0.0192259 0.198 3
-0.00906229 0.0192259 0.198 3
-0.00777263 0.0192259 0.198 3
0.0377955 0.0207316 0.198 3
0.0390889 0.020001 0.198529 3
0.0401467 0.0199716 0.199 3
0.0375376 0.0220221 0.198 3
0.0384943 0.0220073 0.198833 3
0.0370833 0.0240722 0.1985 3
0.0382024 0.0234304 0.199 3
0.0353237 0.0268617 0.198 3
0.0364742 0.0262407 0.199 3
0.0265913 0.0283605 0.198714 3
0.027617 0.0284025 0.199 3
0.0347749 0.0286512 0.198308 3
0.0358261 0.0281863 0.199 3
0.0345677 0.0304241 0.198437 3
0.0358261 0.0299158 0.199 3
0.0329302 0.0328243 0.198286 3
0.0342853 0.0320507 0.198833 3
0.0309799 0.0347911 0.19875 3
0.0319181 0.0345702 0.198636 3
0.0304064 0.0368468 0.198556 3
0.0322911 0.0373444 0.199 3
0.0345299 0.037482 0.199 3
0.0358261 0.037482 0.199 3
0.0303499 0.0388972 0.1985 3
0.0323696 0.0389953 0.199 3
0.0345299 0.0389953 0.199 3
0.0363578 0.0393279 0.199 3
0.0382024 0.03986 0.199 3
0.0307121 0.0408016 0.198062 3
0.0325221 0.0409027 0.199 3
0.0346911 0.0410323 0.198555 3
0.0368539 0.0405875 0.198333 3
0.0386938 0.0408017 0.198444 3
0.0327006 0.0424676 0.198235 3
0.034098 0.0423626 0.198286 3
0.0209121 -0.00865005 0.201 3
0.0222213 -0.00865005 0.201 3
0.0243782 -0.00864144 0.2008 3
0.0260188 -0.00860701 0.2 3
-0.0239645 -0.00697602 0.201 3
0.0141479 -0.00755829 0.201 3
0.0156272 -0.00753573 0.2004 3
0.0178404 -0.00755077 0.2008 3
0.0200631 -0.00759733 0.200455 3
0.0221476 -0.00775158 0.200333 3
0.0243782 -0.00820518 0.2008 3
0.0260188 -0.00817248 0.2 3
-0.0253464 -0.00428303 0.201 3
-0.0239004 -0.00515537 0.20095 3
-0.0221807 -0.00426172 0.2 3
-0.0200096 -0.00469625 0.2 3
-0.0177565 -0.00494138 0.200632 3
-0.0160365 -0.00457416 0.201 3
-0.0144364 -0.00428303 0.201 3
-0.0087632 -0.00428303 0.201 3
-0.00744046 -0.00427451 0.2006 3
-0.00532652 -0.00474483 0.200714 3
-0.00289479 -0.00517359 0.200429 3
-0.0255646 -0.00297292 0.201 3
-0.024211 -0.00318573 0.200625 3
-0.0224702 -0.00339266 0.2 3
-0.0200096 -0.00339266 0.2 3
-0.0178384 -0.00339266 0.2 3
-0.0156934 -0.00339904 0.200333 3
-0.0136299 -0.00324793 0.200818 3
-0.0113816 -0.00319127 0.201 3
-0.00931455 -0.00325347 0.200333 3
-0.00766447 -0.00347689 0.200273 3
-0.00546287 -0.00382719 0.2 3
-0.0257828 -0.00209952 0.201 3
-0.0240169 -0.00169904 0.2001 3
-0.0230492 -0.00165454 0.2 3
0.03948 0.00551519 0.2 3
0.0404171 0.00574274 0.200333 3
0.0417139 0.00707123 0.201 3
0.0431686 0.0079883 0.201 3
0.0436052 0.00899143 0.2 3
0.0449128 0.00960222 0.200667 3
0.0450212 0.0114098 0.2005 3
0.0436051 0.0139885 0.2 3
0.0448818 0.0134162 0.200714 3
-0.0087632 0.0166787 0.201 3
-0.00745399 0.0166787 0.201 3
-0.0050123 0.016456 0.200571 3
-0.00308486 0.0162143 0.200667 3
-0.000819552 0.0158681 0.2007 3
0.00105215 0.0155376 0.200375 3
0.00285988 0.0152197 0.2 3
0.0416511 0.0159439 0.2 3
0.0429774 0.0157621 0.200444 3
0.044696 0.0149319 0.201 3
-0.0200596 0.0181607 0.2005 3
-0.017883 0.0181607 0.2005 3
-0.0158073 0.0181174 0.200556 3
-0.0135379 0.0177351 0.2006 3
-0.0115421 0.0176821 0.2 3
-0.00951307 0.0176305 0.200091 3
-0.00742927 0.0174932 0.200333 3
-0.0055418 0.0173388 0.200222 3
-0.00307461 0.0170302 0.2 3
-0.00112057 0.0170302 0.2 3
0.0414948 0.018161 0.200143 3
0.0424932 0.0176584 0.200556 3
-0.0202267 0.0194202 0.2 3
0.0412454 0.0200382 0.200286 3
0.0422958 0.019954 0.201 3
0.0392628 0.0224619 0.2 3
0.0407853 0.0220478 0.200765 3
0.0422958 0.0210457 0.201 3
0.0375259 0.0248518 0.2 3
0.0390303 0.0241304 0.200714 3
0.040332 0.0234475 0.201 3
0.0282123 0.0266054 0.200667 3
0.0375182 0.0260259 0.20025 3
0.0384227 0.0261223 0.201 3
0.0275386 0.0276762 0.2 3
0.0369367 0.0283752 0.200333 3
0.0379318 0.0284696 0.201 3
0.0355719 0.0311524 0.2 3
0.03683 0.0304729 0.200429 3
0.0379318 0.0304348 0.201 3
0.0346949 0.0329237 0.2002 3
0.0365665 0.0320679 0.200909 3
0.0386955 0.0325091 0.201 3
0.0407684 0.0332734 0.201 3
0.0331836 0.0346287 0.2 3
0.0345477 0.0344723 0.200714 3
0.0394592 0.0341468 0.201 3
0.0407684 0.0345835 0.201 3
0.0440414 0.0352385 0.201 3
0.0444778 0.0352385 0.201 3
0.0326288 0.0364151 0.2 3
0.0345725 0.0364566 0.2005 3
0.0361978 0.0371413 0.200667 3
0.0435758 0.036743 0.200867 3
0.0449411 0.0367991 0.200875 3
0.0466598 0.0376404 0.201 3
0.0371537 0.0386946 0.2 3
0.0388133 0.0392487 0.200667 3
0.0437505 0.0389505 0.201 3
0.0450015 0.0387467 0.201 3
0.0462234 0.0382954 0.201 3
0.0392628 0.0402775 0.2 3
0.0402593 0.0404062 0.201 3
0.0434803 0.0406349 0.201 3
0.0444778 0.0402606 0.201 3
0.0394592 0.0426624 0.201 3
0.025748 -0.0105003 0.203 3
-0.0254726 -0.00913196 0.202 3
-0.0244075 -0.00888117 0.202 3
-0.0226218 -0.00869308 0.202 3
0.0138479 -0.00873612 0.203 3
0.016272 -0.00873612 0.203 3
0.0178146 -0.00873612 0.203 3
0.0197576 -0.0087189 0.2026 3
0.0219353 -0.00936991 0.2024 3
0.0240861 -0.0093514 0.202 3
0.0261905 -0.00946938 0.202167 3
0.0275947 -0.00913196 0.202 3
-0.0254726 -0.00737646 0.202 3
-0.0242243 -0.00771406 0.202 3
-0.0222506 -0.00747285 0.202375 3
-0.0207505 -0.0076335 0.203 3
-0.0154101 -0.00672923 0.202333 3
-0.0136986 -0.00675141 0.203 3
-0.012156 -0.00675141 0.203 3
-0.00290035 -0.00675141 0.203 3
0.0138479 -0.00829507 0.203 3
0.016272 -0.00829507 0.203 3
0.0178146 -0.00829507 0.203 3
0.0197576 -0.00827873 0.2026 3
-0.0260164 -0.00526006 0.202571 3
-0.025034 -0.00540153 0.202 3
-0.0156595 -0.00551124 0.202 3
-0.0136167 -0.0052283 0.202333 3
-0.0115592 -0.00514558 0.202783 3
-0.00930511 -0.00508259 0.202667 3
-0.00740961 -0.00536561 0.202444 3
-0.00531001 -0.00585196 0.2024 3
-0.00354392 -0.0058404 0.202 3
-0.0273616 -0.00322303 0.203 3
-0.026328 -0.0033757 0.20225 3
-0.0134118 -0.00386546 0.202 3
-0.0114382 -0.00386546 0.202 3
-0.00968394 -0.00386546 0.202 3
0.0418351 0.00559792 0.203 3
0.0434556 0.00733793 0.202333 3
0.0451604 0.00753535 0.202818 3
0.0468722 0.00783466 0.203 3
0.0455458 0.00880517 0.202143 3
0.0472039 0.00928686 0.202619 3
0.0486666 0.00956734 0.203 3
0.0472289 0.0115236 0.2025 3
0.0486666 0.01067 0.203 3
-0.00444295 0.0144188 0.203 3
-0.00312072 0.0144189 0.203 3
-0.000751727 0.0140881 0.203 3
0.00106317 0.0140893 0.2025 3
0.00248912 0.0141451 0.20225 3
0.0457955 0.0141284 0.202 3
0.0470895 0.0135499 0.202714 3
-0.0219464 0.0163166 0.202769 3
-0.0199037 0.0163484 0.202714 3
-0.0184554 0.0167617 0.202 3
-0.0149468 0.0167617 0.202 3
-0.0136311 0.0167617 0.202 3
-0.011476 0.0163759 0.202667 3
-0.00938178 0.0163166 0.202769 3
-0.00713688 0.0158359 0.202333 3
-0.00540223 0.0156325 0.202222 3
-0.00310535 0.0152256 0.202 3
-0.00157035 0.0152256 0.202 3
0.0438219 0.0165423 0.202 3
0.0451902 0.0158807 0.202385 3
0.046507 0.0156097 0.203 3
-0.0240561 0.0170652 0.203 3
-0.0221985 0.0175155 0.202267 3
-0.0199904 0.0172005 0.202 3
-0.017878 0.0171232 0.202571 3
-0.015992 0.0170802 0.202889 3
-0.0136311 0.0172005 0.202 3
-0.0114382 0.0172005 0.202 3
-0.00968394 0.0172005 0.202 3
0.0435472 0.0181009 0.20225 3
0.0449793 0.0177152 0.202867 3
0.0462426 0.0168446 0.203 3
0.0434267 0.0198533 0.2022 3
0.0448911 0.0199187 0.202867 3
0.0430863 0.0221477 0.202391 3
0.0448402 0.0218966 0.203 3
0.0396555 0.0251003 0.202 3
0.0410924 0.0243198 0.202286 3
0.0427901 0.0239749 0.203 3
0.0394049 0.026605 0.202 3
0.0410737 0.0262618 0.2025 3
0.0424962 0.0261066 0.203 3
0.0392169 0.0283918 0.202 3
0.041111 0.0282489 0.203 3
0.0424962 0.0274298 0.203 3
0.0390627 0.0304169 0.202333 3
0.0402925 0.0302415 0.203 3
0.037044 0.0330798 0.202 3
0.0389489 0.032624 0.202105 3
0.0409614 0.0323807 0.202556 3
0.0429606 0.0326828 0.202636 3
0.0444796 0.0329429 0.203 3
0.0352698 0.0354139 0.202 3
0.0367778 0.0346188 0.202706 3
0.0387171 0.0348883 0.202286 3
0.0429952 0.0347177 0.202077 3
0.0455815 0.0353686 0.203 3
0.0367055 0.0364834 0.202667 3
0.0387723 0.0367537 0.202833 3
0.0409614 0.0368814 0.202556 3
0.042576 0.0367918 0.202333 3
0.0457981 0.0364895 0.2025 3
0.0468136 0.0369637 0.2028 3
0.0376819 0.038047 0.202 3
0.0391032 0.0383711 0.202167 3
0.0410005 0.0387662 0.202636 3
0.0428591 0.0388671 0.20219 3
0.0410615 0.0409514 0.202 3
0.0425062 0.0408998 0.202 3
0.0398748 0.0439719 0.202 3
0.0409911 0.0431154 0.2021 3
0.0424264 0.0428548 0.202 3
-0.0228458 -0.010552 0.204 3
-0.0131659 -0.0110492 0.205 3
-0.0122758 -0.0110492 0.205 3
0.0202156 -0.0106038 0.205 3
0.0222571 -0.0108719 0.204444 3
0.0240286 -0.0110662 0.204714 3
0.025934 -0.0110319 0.204667 3
-0.0223589 -0.00941039 0.204385 3
-0.0199132 -0.0092267 0.204846 3
-0.0178393 -0.00926758 0.205 3
-0.016504 -0.00926758 0.205 3
-0.013522 -0.0096239 0.205 3
-0.0122757 -0.00971298 0.205 3
0.0156607 -0.00934805 0.2048 3
0.0177676 -0.00949028 0.205 3
0.0200002 -0.00965471 0.204429 3
0.02211 -0.0101088 0.204 3
0.0241031 -0.0101088 0.204 3
0.0262439 -0.0101088 0.204 3
-0.0276312 -0.00681792 0.205 3
-0.0265485 -0.00714589 0.2042 3
-0.0217733 -0.00834955 0.204333 3
-0.0200269 -0.00836045 0.2046 3
-0.0178393 -0.0083768 0.205 3
-0.016504 -0.0083768 0.205 3
-0.0111173 -0.00723415 0.204167 3
-0.00935978 -0.00724668 0.2045 3
-0.00734379 -0.00678466 0.204 3
-0.0051936 -0.00713118 0.204375 3
-0.00329655 -0.0075547 0.204833 3
0.0152448 -0.00833593 0.204 3
-0.0277642 -0.00499447 0.204571 3
-0.0271065 -0.00524496 0.2044 3
-0.0106656 -0.00589822 0.204 3
-0.00977981 -0.00589822 0.204 3
-0.0281842 -0.00353837 0.204857 3
-0.0270535 -0.00390373 0.204 3
0.042927 0.00595792 0.204 3
0.0431485 0.00673355 0.204 3
0.0451403 0.00654386 0.205 3
0.0473363 0.00692365 0.204556 3
0.0493581 0.00713084 0.204455 3
0.051149 0.00721195 0.205 3
0.0496446 0.00924513 0.204 3
0.0509265 0.00916054 0.205 3
-0.000683218 0.0121762 0.204727 3
0.00067297 0.0122295 0.204 3
0.0494528 0.0117208 0.204222 3
0.0507039 0.0107751 0.205 3
-0.00871504 0.0143382 0.205 3
-0.00737979 0.0143382 0.205 3
-0.00518356 0.013896 0.2044 3
-0.0031361 0.0136035 0.204 3
-0.00121929 0.0132623 0.204444 3
0.000976683 0.0133185 0.204 3
0.0480205 0.0140467 0.204 3
0.0495313 0.013654 0.20475 3
-0.0239737 0.015938 0.204714 3
-0.0219877 0.0153951 0.20425 3
-0.0200047 0.0154065 0.2044 3
-0.0177958 0.0158573 0.2045 3
-0.0156784 0.0158122 0.204556 3
-0.0136971 0.0159023 0.204444 3
-0.0116081 0.0154517 0.205 3
-0.0092416 0.0152901 0.204333 3
-0.00758325 0.0150799 0.2045 3
-0.00557213 0.0147115 0.204 3
0.0476671 0.0157215 0.204067 3
0.0490855 0.0157554 0.205 3
0.0460274 0.0180357 0.204 3
0.04728 0.0179028 0.204474 3
0.0486693 0.0176469 0.205 3
0.0460274 0.0200301 0.204 3
0.0470214 0.0199535 0.204615 3
0.0458059 0.0222463 0.204 3
0.0471099 0.0219427 0.204714 3
0.0435915 0.0246839 0.204 3
0.0450719 0.0240913 0.204211 3
0.0469607 0.0237217 0.204909 3
0.0435915 0.0262352 0.204 3
0.0446952 0.0263638 0.205 3
0.0415983 0.0291161 0.204 3
0.0430564 0.0284941 0.204118 3
0.0446953 0.0277 0.205 3
0.0412538 0.0306182 0.204 3
0.0430865 0.0303714 0.204478 3
0.0447906 0.0308814 0.205 3
0.0411554 0.0315539 0.204 3
0.042927 0.0315539 0.204 3
0.0451269 0.0324168 0.2046 3
0.0462531 0.032822 0.205 3
0.0452161 0.0344911 0.204333 3
0.0462531 0.0346036 0.205 3
0.0373906 0.0366509 0.204 3
0.0472492 0.0362954 0.2045 3
0.048701 0.0368306 0.205 3
-0.0216088 -0.0110445 0.207 3
-0.0197336 -0.0106658 0.2062 3
-0.0177886 -0.0107072 0.207 3
-0.015737 -0.0106865 0.2066 3
-0.0141932 -0.0111569 0.207 3
-0.0113453 -0.0110391 0.206 3
-0.010323 -0.0106555 0.206 3
0.0159185 -0.0107072 0.207 3
0.0181467 -0.0110517 0.206545 3
0.0200612 -0.0112958 0.206545 3
0.0220256 -0.0119631 0.206667 3
0.0241874 -0.0122576 0.2066 3
0.0266392 -0.0118041 0.2065 3
0.0275364 -0.011804 0.2065 3
-0.0280586 -0.00866241 0.2065 3
-0.0267772 -0.00868339 0.207 3
-0.0215571 -0.00989703 0.2065 3
-0.0197336 -0.0102178 0.2062 3
-0.0177886 -0.0102575 0.207 3
-0.0156167 -0.00983471 0.206846 3
-0.0141932 -0.0102575 0.207 3
-0.0112175 -0.00931278 0.206 3
-0.00949617 -0.00916791 0.206571 3
-0.0072118 -0.00866661 0.2066 3
-0.00520465 -0.00868339 0.207 3
-0.00318222 -0.00868339 0.207 3
-0.00160922 -0.00868339 0.207 3
0.0138289 -0.00953657 0.206 3
0.0155201 -0.0100172 0.206667 3
0.0178542 -0.0102079 0.206 3
0.019196 -0.0102079 0.206 3
-0.0322827 -0.00710931 0.207 3
-0.030867 -0.00706433 0.207 3
-0.0284853 -0.00743721 0.20675 3
-0.00741578 -0.00774631 0.206 3
-0.00607402 -0.00774631 0.206 3
-0.0302907 -0.0054052 0.206778 3
-0.0287166 -0.00542686 0.206154 3
-0.0297787 -0.003942 0.206 3
-0.0291078 -0.003942 0.206 3
0.0417606 0.00570823 0.207 3
0.0428882 0.00539921 0.206667 3
0.0449686 0.00568754 0.20625 3
0.0471868 0.00568525 0.206167 3
0.0493942 0.00519626 0.206556 3
0.0514096 0.00529314 0.206444 3
0.0532808 0.0051903 0.206857 3
0.052293 0.00724713 0.206 3
0.0533604 0.00727058 0.206667 3
0.0517961 0.00958442 0.206 3
0.0529451 0.00947747 0.2068 3
-0.00250807 0.0120046 0.207 3
-0.00160921 0.0115548 0.207 3
0.0515759 0.0115911 0.206545 3
0.0527716 0.0108802 0.207 3
-0.0238182 0.0144548 0.206667 3
-0.0219516 0.0144082 0.206 3
-0.0195967 0.0142066 0.206333 3
-0.0178416 0.0140361 0.206615 3
-0.0157408 0.0140051 0.206667 3
-0.0136774 0.0144082 0.206 3
-0.0114505 0.0140784 0.206545 3
-0.00956687 0.013943 0.206769 3
-0.00719827 0.0135702 0.2062 3
-0.00549079 0.0131712 0.2065 3
-0.00316684 0.0128417 0.206 3
0.0515656 0.0135568 0.206667 3
-0.0259375 0.0160943 0.2064 3
-0.0244128 0.01526 0.206286 3
-0.0219516 0.0148557 0.206 3
-0.019939 0.0148557 0.206 3
-0.0179263 0.0148557 0.206 3
-0.01569 0.0148557 0.206 3
-0.0136774 0.0148557 0.206 3
-0.0116647 0.0148557 0.206 3
-0.00987571 0.0148557 0.206 3
0.0500568 0.0157509 0.206 3
0.0509494 0.0158201 0.2069 3
0.0496702 0.0180851 0.20625 3
0.0509739 0.0171765 0.207 3
0.0482677 0.0200027 0.206 3
0.0491959 0.0199318 0.206556 3
0.0482677 0.0220168 0.206 3
0.0488687 0.022203 0.206333 3
0.0473732 0.0244464 0.206 3
0.0491762 0.0239226 0.207 3
0.0458078 0.0262687 0.206 3
0.0471537 0.0262531 0.207 3
0.0453944 0.0284182 0.206231 3
0.0462549 0.0288697 0.207 3
0.0453594 0.0301465 0.2065 3
0.0462549 0.0304438 0.207 3
0.0470713 0.0325201 0.206818 3
0.0489515 0.0333671 0.207 3
0.0543446 0.0317931 0.207 3
0.0474506 0.0346045 0.206333 3
0.0489515 0.0347163 0.207 3
0.0480441 0.0361151 0.206 3
0.0495068 0.0362027 0.2065 3
0.0509739 0.0362904 0.207 3
0.0581286 -0.0155579 0.209 3
0.0597374 -0.0157849 0.209 3
0.0612225 -0.0155786 0.209 3
-0.0197756 -0.012627 0.209 3
0.0160723 -0.012627 0.209 3
0.0178874 -0.012627 0.209 3
0.0208369 -0.0133081 0.209 3
0.0219713 -0.0133082 0.209 3
0.0240133 -0.0133082 0.209 3
0.0262821 -0.0133082 0.209 3
0.0278703 -0.0133081 0.209 3
0.0582276 -0.0141709 0.209 3
0.0597099 -0.0136108 0.209 3
-0.0199317 -0.011587 0.208667 3
-0.0182579 -0.0111253 0.2085 3
-0.0152379 -0.0114918 0.209 3
0.0141438 -0.0110301 0.208 3
0.0157901 -0.0115879 0.208267 3
0.0176188 -0.0118048 0.2085 3
0.019834 -0.0123406 0.208 3
0.0211888 -0.0123406 0.208 3
0.0263822 -0.0123406 0.208 3
0.0284144 -0.0123406 0.208 3
0.0601636 -0.0120215 0.209 3
-0.0300678 -0.00872533 0.208 3
-0.0293904 -0.00872533 0.208 3
-0.025326 -0.00962916 0.208 3
-0.0244228 -0.00962916 0.208 3
-0.0178746 -0.010307 0.208 3
-0.00728163 -0.00965694 0.2086 3
-0.00524946 -0.00966388 0.20875 3
-0.00319759 -0.00962916 0.208 3
-0.00162476 -0.00967545 0.209 3
0.0139632 -0.010307 0.208 3
0.0148664 -0.010307 0.208 3
-0.0304742 -0.00764075 0.208 3
-0.0323258 -0.00556197 0.208 3
0.0496513 0.00394705 0.209 3
0.0514459 0.00392816 0.208 3
0.0534949 0.00343411 0.208556 3
0.0557245 0.00348918 0.2088 3
0.0571385 0.00349296 0.209 3
0.042967 0.0048436 0.2085 3
0.0452108 0.00484128 0.2084 3
0.0473815 0.00483198 0.208 3
0.0554185 0.00529659 0.2085 3
0.0553534 0.00723222 0.208444 3
-0.00252019 0.010255 0.208 3
0.0539297 0.00957706 0.208 3
0.0550309 0.00893153 0.20875 3
-0.0109271 0.0121206 0.209 3
-0.00956575 0.0121205 0.209 3
-0.0072969 0.0121206 0.209 3
-0.00523689 0.012077 0.20825 3
-0.0032621 0.0115461 0.208 3
0.0537531 0.0115884 0.208625 3
-0.0295317 0.014618 0.209 3
-0.0283972 0.0142774 0.209 3
-0.0260505 0.0142147 0.208545 3
-0.0242988 0.0139603 0.208222 3
-0.0222293 0.0136119 0.208 3
-0.0198824 0.0135096 0.208429 3
-0.0179399 0.0130131 0.20875 3
-0.0158716 0.0129913 0.2084 3
-0.013617 0.0134495 0.2085 3
-0.0117216 0.0131846 0.2086 3
-0.00951998 0.0129663 0.208 3
-0.00748778 0.0129663 0.208 3
0.0532203 0.0135038 0.208167 3
-0.0295317 0.0150721 0.209 3
-0.0282346 0.0154657 0.2088 3
-0.0265303 0.0153013 0.208 3
-0.0248744 0.015 0.208 3
0.0521233 0.0156779 0.208 3
0.0532815 0.0157532 0.209 3
0.0517167 0.0177784 0.208333 3
0.0526008 0.0180237 0.209 3
0.0502115 0.0202466 0.2085 3
0.0511455 0.0198664 0.2088 3
0.0498703 0.0218885 0.208333 3
0.0507857 0.0216563 0.209 3
0.0480589 0.024942 0.208 3
0.0487363 0.024942 0.208 3
0.0480603 0.0258887 0.208333 3
0.0487363 0.0253939 0.208 3
0.047433 0.0281455 0.208667 3
0.052147 0.0291487 0.209 3
0.0535084 0.0291487 0.209 3
0.0474079 0.0307805 0.208778 3
0.0498782 0.031192 0.209 3
0.051661 0.0307429 0.208765 3
0.0534084 0.0303494 0.208304 3
0.0548006 0.030494 0.208 3
0.0478331 0.0322479 0.208 3
0.0494296 0.0324751 0.208421 3
0.0514459 0.0326245 0.208 3
0.0534279 0.0325241 0.208 3
0.0500911 0.0346581 0.208 3
0.0514459 0.0346581 0.208 3
0.0530265 0.0339802 0.208 3
0.0500911 0.0357879 0.208 3
0.0514459 0.0357879 0.208 3
0.058419 -0.019487 0.212 3
0.0600465 -0.0195923 0.211714 3
0.0619542 -0.0199016 0.2115 3
0.0639597 -0.0198824 0.2113 3
0.0662067 -0.0199579 0.211556 3
0.0678548 -0.019487 0.212 3
0.0418488 -0.0169537 0.212 3
0.0430358 -0.0178991 0.212 3
0.0449291 -0.0173789 0.212 3
0.0464516 -0.0169537 0.212 3
0.0496259 -0.0173979 0.2118 3
0.0516588 -0.0177433 0.211333 3
0.0534707 -0.0176346 0.211706 3
0.0557093 -0.0177418 0.2115 3
0.0577159 -0.017916 0.210826 3
0.0599509 -0.0180337 0.210556 3
0.0619713 -0.0179344 0.21 3
0.0640231 -0.0179343 0.21 3
0.0658864 -0.0179453 0.210125 3
0.068155 -0.0178327 0.2115 3
-0.0176046 -0.0156486 0.212 3
0.0160728 -0.0153416 0.212 3
0.0174537 -0.0153416 0.212 3
0.0220565 -0.0153415 0.212 3
0.0241278 -0.0153415 0.212 3
0.0263525 -0.0153416 0.212 3
0.0282703 -0.0153416 0.212 3
0.0303417 -0.0153416 0.212 3
0.0319526 -0.0153416 0.212 3
0.0415036 -0.0161477 0.212 3
0.0431234 -0.0159262 0.212 3
0.0450707 -0.0160325 0.212 3
0.0464516 -0.0160325 0.212 3
0.0496259 -0.0164775 0.2118 3
0.0517298 -0.0161861 0.211 3
0.0538241 -0.0162188 0.211 3
0.0557457 -0.0159729 0.2106 3
0.0574326 -0.0162733 0.210077 3
0.0621016 -0.0159247 0.21 3
0.0640231 -0.0158812 0.21 3
0.0659505 -0.0158605 0.21 3
0.0679176 -0.0161872 0.211 3
-0.0191863 -0.0126874 0.21 3
-0.0177474 -0.0136375 0.211238 3
-0.0159398 -0.0134984 0.211765 3
-0.0138456 -0.0128082 0.212 3
0.00778774 -0.0128082 0.212 3
0.00916859 -0.0128082 0.212 3
0.014094 -0.0133467 0.211538 3
0.0157142 -0.0138164 0.210824 3
0.0178295 -0.013896 0.211 3
0.0198438 -0.0138621 0.2105 3
0.0219525 -0.0143523 0.211 3
0.0242431 -0.0143523 0.211 3
0.0263046 -0.0143523 0.211 3
0.0284456 -0.0140333 0.210143 3
0.0302275 -0.0140255 0.210667 3
0.0319526 -0.0144203 0.212 3
0.0582326 -0.0132806 0.21 3
0.0592357 -0.0129155 0.21 3
0.0619713 -0.0135999 0.21 3
0.0640231 -0.0135999 0.21 3
0.0656189 -0.0139041 0.21 3
-0.0191863 -0.0122312 0.21 3
-0.0176907 -0.011819 0.210154 3
-0.0158916 -0.0119658 0.210667 3
-0.0138456 -0.0123476 0.212 3
-0.00940482 -0.0108883 0.2105 3
-0.00736672 -0.0109141 0.211 3
-0.005175 -0.0113442 0.2113 3
-0.00324121 -0.0113626 0.2108 3
-0.000953046 -0.0113876 0.211267 3
0.00111187 -0.0114092 0.211667 3
0.00317989 -0.0114092 0.211667 3
0.00525617 -0.0116567 0.212 3
0.00724623 -0.0115619 0.212 3
0.00933597 -0.0118451 0.212 3
0.0116234 -0.0116567 0.212 3
0.0135304 -0.0118369 0.210462 3
0.0150093 -0.0122312 0.21 3
0.058416 -0.0115644 0.210333 3
0.0597968 -0.0114239 0.21 3
0.0617915 -0.0114855 0.210118 3
0.0637756 -0.0118874 0.211111 3
-0.00940481 -0.0104309 0.2105 3
-0.00736672 -0.0104557 0.211 3
-0.00528717 -0.0104185 0.21025 3
-0.00322834 -0.0104061 0.21 3
-0.000705927 -0.00971645 0.2102 3
0.000968429 -0.0100153 0.2104 3
0.00316987 -0.0104557 0.211 3
0.0585082 -0.00952376 0.210667 3
0.0599196 -0.00949361 0.21 3
0.0617161 -0.00946348 0.210923 3
0.0630218 -0.00927695 0.212 3
0.058644 -0.00707026 0.210333 3
0.0599196 -0.00744047 0.21 3
0.0619067 -0.00725813 0.211333 3
0.0630218 -0.00728103 0.212 3
-0.0321048 -0.00449611 0.211 3
-0.0311886 -0.00449611 0.211 3
0.0585248 -0.00540518 0.210727 3
0.0598592 -0.0053092 0.210227 3
0.0619067 -0.00519194 0.211333 3
0.0630218 -0.00520832 0.212 3
-0.0321048 -0.00403768 0.211 3
-0.0311886 -0.00403768 0.211 3
0.058419 -0.00313562 0.212 3
0.0598115 -0.00312356 0.211233 3
0.0618808 -0.00321589 0.211818 3
0.0630218 -0.00405682 0.212 3
0.058419 -0.00106291 0.212 3
0.0595733 -0.0010589 0.2112 3
0.0615259 -0.00129321 0.212 3
0.0514652 0.00192918 0.2118 3
0.0537487 0.00161786 0.211333 3
0.0555987 0.00146354 0.2112 3
0.057882 0.00107539 0.21072 3
0.0598183 0.000922907 0.210824 3
0.0611807 0.00100979 0.212 3
0.0398189 0.0037556 0.211 3
0.0409385 0.00327481 0.211714 3
0.0428209 0.00356329 0.211286 3
0.0452014 0.00340915 0.211353 3
0.0473313 0.00352131 0.2108 3
0.0492844 0.00321519 0.210667 3
0.0514782 0.00283206 0.2106 3
0.0535107 0.00237806 0.2108 3
0.0555881 0.00236903 0.21 3
0.0580082 0.00307097 0.21 3
0.059888 0.0031193 0.211333 3
0.0611807 0.0023916 0.212 3
0.0398189 0.00421403 0.211 3
0.0411387 0.00465697 0.210333 3
0.0430257 0.00421403 0.211 3
0.0448581 0.00421403 0.211 3
0.0577782 0.0053474 0.2105 3
0.0596763 0.00499834 0.211833 3
-0.0108537 0.00791881 0.212 3
-0.00942823 0.00833989 0.211 3
-0.0069188 0.00835306 0.211333 3
-0.00602079 0.00837941 0.212 3
0.0562721 0.00830036 0.21 3
0.0577376 0.00727632 0.210875 3
0.0588793 0.00768851 0.212 3
-0.0156867 0.0102218 0.212 3
-0.0133853 0.00999151 0.212 3
-0.0114384 0.00963091 0.211529 3
-0.00942292 0.00947993 0.210875 3
-0.00729547 0.00956967 0.211167 3
-0.00577753 0.00973711 0.2115 3
-0.00345631 0.00966913 0.21 3
0.0558356 0.00969161 0.2105 3
0.0572488 0.00927813 0.2115 3
-0.032257 0.0122945 0.212 3
-0.0305384 0.012251 0.21125 3
-0.0285469 0.0122829 0.2118 3
-0.0262733 0.0122945 0.212 3
-0.024202 0.0122945 0.212 3
-0.0221307 0.0122945 0.212 3
-0.0197058 0.0119584 0.2115 3
-0.0177834 0.0118152 0.210778 3
-0.0157763 0.0114951 0.210857 3
-0.0137256 0.0115713 0.21075 3
-0.0115975 0.0113935 0.210571 3
-0.00939136 0.0110463 0.210167 3
-0.00734345 0.0110547 0.210333 3
-0.00535338 0.0111029 0.210455 3
-0.00380812 0.0109506 0.2105 3
0.055821 0.011484 0.211 3
0.0570381 0.0113733 0.212 3
-0.0336378 0.0132157 0.212 3
-0.032289 0.0133741 0.2116 3
-0.03043 0.013579 0.2105 3
-0.0282979 0.0134566 0.210375 3
-0.0262807 0.0132951 0.210833 3
-0.0239737 0.0130911 0.21 3
-0.021466 0.0130911 0.21 3
-0.0205541 0.0130911 0.21 3
0.0542203 0.0140036 0.21 3
0.0553519 0.0137537 0.210833 3
0.0542203 0.0158286 0.21 3
0.0555414 0.0157717 0.211429 3
0.0523966 0.0187942 0.21 3
0.053776 0.0179161 0.2104 3
0.0555705 0.0177937 0.211667 3
0.052123 0.0200718 0.21 3
0.053473 0.0200762 0.210923 3
0.0552737 0.0195106 0.212 3
0.0515928 0.022244 0.210571 3
0.0534129 0.0218245 0.211571 3
0.0498888 0.0251818 0.21 3
0.0516239 0.0242129 0.2115 3
0.0531258 0.0240399 0.212 3
0.0495557 0.0264453 0.21 3
0.05155 0.0262428 0.2112 3
0.0531258 0.0263429 0.212 3
0.0481791 0.0289459 0.21 3
0.0494923 0.0281815 0.21025 3
0.0514491 0.0284443 0.210364 3
0.0534986 0.0282464 0.21075 3
0.0546763 0.0286037 0.21 3
0.0480651 0.0302006 0.21 3
0.0494869 0.0301617 0.210444 3
0.0510287 0.0300866 0.21 3
0.048977 0.0315694 0.21 3
0.060364 -0.0215306 0.214 3
0.0619577 -0.021888 0.213444 3
0.0640507 -0.0220025 0.213556 3
0.0658072 -0.0218416 0.213143 3
0.0682626 -0.0215306 0.214 3
0.0696565 -0.0215306 0.214 3
0.0432708 -0.0198171 0.213077 3
0.045159 -0.0196248 0.2135 3
0.0474208 -0.0199365 0.214 3
0.0494452 -0.0196708 0.214 3
0.0516096 -0.0197952 0.213667 3
0.0534204 -0.0200299 0.213571 3
0.0556123 -0.019634 0.2136 3
0.0576735 -0.0200898 0.2135 3
0.0597301 -0.0205429 0.2134 3
0.0685217 -0.020273 0.213 3
0.0700613 -0.0199428 0.213714 3
0.0220323 -0.017346 0.214 3
0.0234262 -0.017346 0.214 3
0.029234 -0.0173461 0.214 3
0.0296986 -0.0173461 0.214 3
0.0375973 -0.0173461 0.214 3
0.0388169 -0.0174042 0.214 3
0.0407467 -0.017535 0.213467 3
0.0422111 -0.0178651 0.21325 3
0.0450521 -0.0186533 0.213 3
0.0471935 -0.0180396 0.213 3
0.049232 -0.0183863 0.213 3
0.051064 -0.0186533 0.213 3
0.0543012 -0.0186533 0.213 3
0.0552262 -0.0186533 0.213 3
0.0701343 -0.017988 0.213333 3
-0.0157065 -0.0157325 0.213087 3
-0.0139627 -0.0157045 0.2138 3
-0.00259288 -0.0147889 0.214 3
-0.000734383 -0.0152538 0.214 3
0.00739658 -0.0147889 0.214 3
0.00948739 -0.0147889 0.214 3
0.0115782 -0.0147889 0.214 3
0.013636 -0.0147543 0.2135 3
0.0155321 -0.0157224 0.213 3
0.0180274 -0.0160565 0.213333 3
0.0198572 -0.0158844 0.2131 3
0.0219294 -0.0163395 0.213 3
0.0241231 -0.0164162 0.214 3
0.0261731 -0.0160821 0.213667 3
0.0281981 -0.0163548 0.2132 3
0.0304848 -0.0163395 0.213 3
0.0328219 -0.0160821 0.213667 3
0.0346523 -0.0158754 0.213667 3
0.0366946 -0.0159707 0.213556 3
0.0389343 -0.0160211 0.213375 3
0.0407359 -0.0164166 0.213 3
0.0475956 -0.0161081 0.213 3
0.0485205 -0.0161081 0.213 3
-0.0151133 -0.0139793 0.213 3
-0.0137271 -0.0137265 0.21375 3
-0.0123036 -0.0132081 0.214 3
-0.00654221 -0.0129291 0.214 3
-0.00537517 -0.012914 0.21375 3
-0.00306788 -0.0134669 0.213667 3
-0.000936207 -0.0134707 0.213471 3
0.00112237 -0.0133739 0.213667 3
0.00320993 -0.0133739 0.213667 3
0.0052975 -0.0133739 0.213667 3
0.00729057 -0.013705 0.213294 3
0.00951005 -0.0137436 0.213308 3
0.0115376 -0.0135796 0.21325 3
0.0133893 -0.0139266 0.21325 3
-0.013047 -0.0124641 0.214 3
-0.011454 -0.0120656 0.214 3
-0.00931296 -0.0117447 0.2136 3
-0.00713989 -0.0118075 0.213333 3
-0.00559985 -0.0122036 0.2135 3
-0.00327445 -0.0124059 0.213 3
-0.000962178 -0.0124059 0.213 3
0.00111887 -0.0124059 0.213 3
0.00319992 -0.0124059 0.213 3
0.00528097 -0.0124059 0.213 3
0.00666833 -0.0124059 0.213 3
0.0101367 -0.0124059 0.213 3
0.0114214 -0.0120974 0.213 3
0.0641552 -0.00679078 0.213143 3
0.0654749 -0.00641983 0.214 3
0.0642848 -0.00530299 0.213273 3
0.0654749 -0.00548993 0.214 3
0.0579634 -0.00277775 0.214 3
0.0628566 -0.00291902 0.213 3
0.0641143 -0.00313032 0.213625 3
0.0654749 -0.00339767 0.214 3
0.0543238 -0.000607994 0.214 3
0.0557177 -0.000607994 0.214 3
0.0576724 -0.00107043 0.2135 3
0.0623942 -0.000913669 0.213 3
0.0639058 -0.00100549 0.213857 3
0.0415466 0.00194921 0.214 3
0.0429405 0.00194921 0.214 3
0.0450313 0.00194921 0.214 3
0.0474619 0.00174344 0.213286 3
0.0494453 0.00151653 0.213615 3
0.0516655 0.000984439 0.213714 3
0.0534204 0.000717919 0.213571 3
0.0556123 0.000321298 0.2136 3
0.0570759 0.000320395 0.213 3
0.062163 0.00101456 0.213 3
0.0633841 0.000786847 0.214 3
0.0394558 0.00311158 0.214 3
0.0407335 0.00276287 0.214 3
0.0432363 0.00282389 0.2134 3
0.0450313 0.00241416 0.214 3
0.0471332 0.00240288 0.213 3
0.0494454 0.00240288 0.213 3
0.0620935 0.00302835 0.213556 3
0.0606865 0.0054247 0.2135 3
0.0612716 0.00519454 0.2136 3
0.0599379 0.00717823 0.213429 3
-0.0363586 0.00973857 0.213846 3
-0.0351499 0.00965402 0.214 3
-0.0304705 0.0103182 0.214 3
-0.0283796 0.0103182 0.214 3
-0.0267534 0.0103182 0.214 3
-0.0197841 0.0103182 0.214 3
-0.0178976 0.00983722 0.213667 3
-0.0156683 0.00945835 0.213833 3
-0.0138155 0.00907019 0.213571 3
-0.0120807 0.00866386 0.213333 3
-0.0049824 0.00945477 0.214 3
0.0581396 0.00971469 0.213 3
0.0591974 0.00948728 0.213889 3
-0.0366883 0.0116092 0.213217 3
-0.0347183 0.0117962 0.213524 3
-0.0328717 0.0116443 0.2136 3
-0.0305339 0.0112431 0.213286 3
-0.0282912 0.0112124 0.213333 3
-0.0262835 0.0112982 0.2132 3
-0.0241067 0.0114377 0.2132 3
-0.0220822 0.0114672 0.21375 3
-0.0201448 0.0111695 0.2134 3
-0.0178418 0.0107328 0.213 3
-0.0044514 0.0107832 0.214 3
0.0578159 0.0116584 0.213 3
-0.0366483 0.0135866 0.213 3
-0.0348242 0.0137922 0.213 3
-0.033334 0.0142036 0.213 3
0.0577411 0.0136475 0.213556 3
-0.0362783 0.0156652 0.214 3
-0.0347517 0.0155987 0.214 3
-0.0334905 0.0152002 0.214 3
-0.0307905 0.0151291 0.213 3
0.0572755 0.0156807 0.213167 3
-0.0361854 0.0170135 0.214 3
-0.035349 0.01706 0.214 3
0.057475 0.0180888 0.213333 3
0.0559198 0.0205668 0.213 3
0.0573439 0.0198497 0.214 3
0.0543012 0.0227649 0.213 3
0.0557875 0.02211 0.213375 3
0.0543012 0.0241532 0.213 3
0.0558204 0.0242099 0.2135 3
0.0573439 0.0240341 0.214 3
0.0543012 0.0262357 0.213 3
0.0557177 0.0260102 0.214 3
0.0543012 0.0273927 0.213 3
0.05595 0.0282187 0.214 3
0.0601912 -0.0258549 0.216 3
0.0620001 -0.026056 0.216 3
0.0636567 -0.0259341 0.216 3
0.0724179 -0.0257208 0.216 3
0.0745282 -0.0252515 0.216 3
0.0761696 -0.0252515 0.216 3
0.0604456 -0.0240135 0.215714 3
0.0619706 -0.0240299 0.215182 3
0.0639986 -0.0239407 0.2156 3
0.0660868 -0.023609 0.216 3
0.0679627 -0.0235307 0.216 3
0.0706201 -0.0236872 0.216 3
0.0724179 -0.0240783 0.216 3
0.0745282 -0.0240783 0.216 3
0.0761696 -0.0240782 0.216 3
0.0459211 -0.0210279 0.216 3
0.0463901 -0.0210279 0.216 3
0.0513143 -0.0210279 0.216 3
0.0541281 -0.0217318 0.216 3
0.055535 -0.0217318 0.216 3
0.0577891 -0.0216983 0.215667 3
0.0598825 -0.022289 0.215333 3
0.0611129 -0.0225655 0.215 3
0.0671812 -0.0225655 0.215 3
0.0683482 -0.0225655 0.215 3
0.0705953 -0.0221832 0.215067 3
0.0725542 -0.0220713 0.2158 3
0.0743875 -0.0221542 0.216 3
0.0761696 -0.022905 0.216 3
0.0393556 -0.0191507 0.216 3
0.0410779 -0.0190797 0.2152 3
0.0426384 -0.0198546 0.216 3
0.0459211 -0.0205586 0.216 3
0.0467784 -0.0206693 0.2152 3
0.0492095 -0.0206969 0.215 3
0.0516241 -0.0206047 0.215667 3
0.0545777 -0.0206969 0.215 3
0.0557447 -0.0206969 0.215 3
0.0569117 -0.0206969 0.215 3
0.0713824 -0.0199963 0.215 3
0.0724877 -0.0199091 0.215615 3
0.0738248 -0.0205586 0.216 3
-0.0073068 -0.0168042 0.216 3
-0.000506762 -0.0168042 0.216 3
0.00113463 -0.0171562 0.216 3
0.00355763 -0.0171171 0.216 3
0.00535535 -0.0172735 0.216 3
0.00723122 -0.0172735 0.216 3
0.00945192 -0.0174115 0.216 3
0.0112761 -0.0176841 0.216 3
0.0126244 -0.0168042 0.216 3
0.0161416 -0.0168042 0.216 3
0.018721 -0.0175081 0.216 3
0.0200525 -0.0174433 0.2152 3
0.0227072 -0.0184468 0.216 3
0.0247026 -0.0174272 0.215 3
0.0263977 -0.0174676 0.2155 3
0.0283619 -0.0179651 0.215222 3
0.030699 -0.0179976 0.215429 3
0.0326146 -0.0177185 0.215286 3
0.0346983 -0.0179936 0.215556 3
0.0367095 -0.0179024 0.215438 3
0.0390514 -0.0182983 0.215429 3
0.0410779 -0.0186122 0.2152 3
0.0713824 -0.0185949 0.215 3
0.0724514 -0.0181616 0.215909 3
-0.0128745 -0.0157922 0.215 3
-0.0117481 -0.0152618 0.21575 3
-0.00941717 -0.0153964 0.216 3
-0.00742405 -0.0155137 0.216 3
-0.0048838 -0.01524 0.216 3
-0.00317988 -0.0154903 0.216 3
-0.000971829 -0.0155896 0.215417 3
0.00113331 -0.0156138 0.21575 3
0.00324123 -0.0156138 0.21575 3
0.00533675 -0.0155776 0.21525 3
0.00738297 -0.0158012 0.215571 3
0.00945859 -0.0158572 0.215385 3
0.0115808 -0.0157805 0.215286 3
0.0136097 -0.0156449 0.215111 3
0.0161416 -0.016335 0.216 3
0.0179341 -0.0164928 0.215 3
-0.0128745 -0.0143908 0.215 3
-0.0114294 -0.013818 0.215429 3
-0.00939384 -0.0137196 0.21545 3
-0.00732868 -0.0137547 0.215267 3
-0.00518041 -0.013946 0.215333 3
-0.00355506 -0.0144578 0.216 3
-0.00112681 -0.0143908 0.215 3
0.00112937 -0.0143908 0.215 3
0.00322996 -0.0143908 0.215 3
0.00533055 -0.0143908 0.215 3
-0.0110074 -0.0125224 0.215 3
-0.00937358 -0.0125224 0.215 3
-0.00750638 -0.0125224 0.215 3
0.0646799 -0.00812235 0.216 3
0.0651488 -0.00812235 0.216 3
0.0662476 -0.00493169 0.215 3
-0.0321622 -0.00342942 0.216 3
0.0569419 -0.00249085 0.216 3
0.0661309 -0.0031216 0.215 3
0.0677282 -0.00296013 0.216 3
0.0519367 -0.000612729 0.215667 3
0.0537219 -0.000922246 0.215 3
0.0557447 -0.00154507 0.215 3
0.0569117 -0.00154507 0.215 3
0.0660142 -0.00107795 0.215 3
0.0681972 -0.00108297 0.216 3
0.0398245 0.00196743 0.216 3
0.0410617 0.00168221 0.2156 3
0.0431073 0.00126349 0.216 3
0.0453246 0.00125998 0.2154 3
0.047572 0.000946729 0.215333 3
0.049626 0.000324607 0.2158 3
0.0513101 0.000323403 0.215 3
0.0644582 0.00117979 0.215 3
0.0660756 0.0010259 0.2152 3
0.068145 0.00092456 0.216 3
0.0392618 0.00299987 0.216 3
0.040636 0.0024292 0.215333 3
0.0627466 0.0038268 0.215 3
0.0640518 0.00301473 0.215333 3
0.0661538 0.00293953 0.216 3
0.0677282 0.00290601 0.216 3
0.0624109 0.00505879 0.21525 3
0.0636247 0.00466586 0.216 3
-0.034038 0.00783357 0.216 3
-0.0169207 0.00783357 0.216 3
-0.0156944 0.00780638 0.21525 3
-0.0134986 0.00739628 0.215444 3
-0.0119965 0.00783357 0.216 3
0.0606461 0.00803087 0.215 3
0.0616582 0.00725766 0.2156 3
-0.0343304 0.00933745 0.215222 3
-0.0327106 0.00964004 0.21575 3
-0.0304656 0.00969276 0.2156 3
-0.0283436 0.00968827 0.2155 3
-0.0261642 0.00986207 0.215769 3
-0.0241523 0.00992933 0.215667 3
-0.0220453 0.00992933 0.215667 3
-0.0199464 0.00923021 0.21575 3
-0.0177759 0.00873155 0.215 3
-0.0159087 0.00873155 0.215 3
0.0604437 0.0093065 0.215667 3
0.0611626 0.00931967 0.216 3
-0.0338804 0.0108336 0.215 3
-0.03248 0.0108336 0.215 3
-0.0257115 0.0108336 0.215 3
-0.0240777 0.0108336 0.215 3
-0.0219771 0.0108336 0.215 3
0.0598058 0.0115521 0.215333 3
0.0609281 0.0115879 0.216 3
-0.0329468 0.014337 0.215 3
0.0595344 0.0136499 0.2152 3
-0.0338804 0.0162055 0.215 3
-0.0325556 0.015776 0.2155 3
-0.0312242 0.0162809 0.216 3
0.0585455 0.0159719 0.215 3
0.0597557 0.0155769 0.216 3
-0.035981 0.0183075 0.215 3
-0.0345131 0.0179089 0.215087 3
-0.0326311 0.0179233 0.216 3
-0.0312242 0.0172195 0.216 3
0.0585455 0.0173733 0.215 3
-0.0360647 0.0199898 0.2155 3
-0.0347249 0.0200261 0.2159 3
-0.0329125 0.0198944 0.216 3
0.0585581 0.0201283 0.215333 3
0.0590523 0.0195659 0.216 3
-0.034507 0.0214431 0.216 3
0.0577459 0.0218627 0.2155 3
0.0581143 0.0249627 0.216 3
0.0590523 0.0249627 0.216 3
0.0561648 0.0269025 0.215 3
0.0573118 0.0265822 0.215 3
0.0611626 0.0256667 0.216 3
0.0559781 0.0276499 0.215 3
0.0569117 0.0276499 0.215 3
-0.0302863 0.03341 0.216 3
-0.0302863 0.0338793 0.216 3
0.0664621 -0.0273799 0.218 3
0.0595072 -0.0256828 0.217667 3
0.0646652 -0.0266257 0.217 3
0.0661515 -0.0261863 0.217643 3
0.0683553 -0.0254853 0.218 3
0.0702899 -0.0258875 0.2174 3
0.0715753 -0.0258399 0.217 3
0.0543926 -0.0231171 0.218 3
0.0557179 -0.0235434 0.218 3
0.0577893 -0.0239251 0.218 3
0.0595867 -0.0241729 0.217267 3
0.0649793 -0.0246612 0.217 3
0.0663104 -0.0247183 0.2175 3
0.0685464 -0.0243973 0.217643 3
0.0702201 -0.0245321 0.217182 3
0.0715753 -0.0248969 0.217 3
0.0772289 -0.023954 0.217 3
0.0777001 -0.023954 0.217 3
0.0430332 -0.0212226 0.218 3
0.045427 -0.0211252 0.217 3
0.0501328 -0.021933 0.218 3
0.0515527 -0.021933 0.218 3
0.0534405 -0.021977 0.217429 3
0.0555759 -0.0226435 0.218 3
0.0577555 -0.0227188 0.217429 3
0.05909 -0.0227754 0.217 3
0.0751874 -0.0212824 0.217 3
0.0766736 -0.0219137 0.217143 3
0.0777001 -0.0223039 0.217 3
0.026704 -0.0195649 0.218 3
0.0283089 -0.0195289 0.2176 3
0.0304904 -0.0195649 0.218 3
0.0324707 -0.0194751 0.217 3
0.0347236 -0.019584 0.217333 3
0.0366821 -0.019738 0.217692 3
0.0386441 -0.0198747 0.2175 3
0.0409512 -0.0199465 0.217 3
0.0428421 -0.0205197 0.217714 3
0.045427 -0.0206538 0.217 3
0.0746824 -0.019899 0.217077 3
0.0765385 -0.0199765 0.217923 3
-0.00663392 -0.016882 0.217 3
-0.00522051 -0.016882 0.217 3
-0.00310038 -0.016882 0.217 3
-0.00168696 -0.016882 0.217 3
0.00184659 -0.0175892 0.217 3
0.00278887 -0.0175892 0.217 3
0.0122117 -0.0180607 0.217 3
0.0136753 -0.0178785 0.217167 3
0.015321 -0.0174075 0.217667 3
0.0181843 -0.0176703 0.218 3
0.0242804 -0.0185749 0.2175 3
0.0263459 -0.0185321 0.217 3
0.0327062 -0.0185321 0.217 3
0.0376532 -0.0187679 0.217 3
0.03836 -0.0187679 0.217 3
0.0711041 -0.0171177 0.217 3
0.0723661 -0.0171375 0.21725 3
0.074513 -0.0177938 0.217647 3
0.0764015 -0.0179071 0.218 3
-0.0111097 -0.0157034 0.217 3
-0.00663392 -0.0159391 0.217 3
-0.00547749 -0.0160248 0.217 3
-0.00310038 -0.0164106 0.217 3
-0.00168696 -0.0164106 0.217 3
0.0138607 -0.0164106 0.217 3
0.015274 -0.0164106 0.217 3
0.0655154 -0.011513 0.218 3
0.0642726 -0.00981007 0.217 3
0.067172 -0.00653982 0.218 3
0.0676453 -0.00653982 0.218 3
0.067172 -0.00606618 0.218 3
0.0682769 -0.00517279 0.21775 3
0.0695386 -0.00464527 0.218 3
-0.0316043 -0.00297384 0.217 3
-0.0306296 -0.00282053 0.217333 3
-0.0291467 -0.00251391 0.218 3
0.0688201 -0.00329703 0.217091 3
0.0699172 -0.00322436 0.218 3
-0.0316043 -0.00108798 0.217 3
-0.0305311 -0.0010912 0.21775 3
-0.0291468 -0.00109299 0.218 3
0.0482396 -0.000619358 0.218 3
0.0494228 -0.000619358 0.218 3
0.0514851 -0.00116066 0.218 3
0.0696907 -0.00108798 0.217 3
-0.0305667 0.000327916 0.218 3
0.0370145 0.00145053 0.21775 3
0.0387381 0.0014739 0.217429 3
0.0409359 0.000955532 0.217333 3
0.0430332 0.000327916 0.218 3
0.0452322 0.000326713 0.2172 3
0.047076 0.000326412 0.217 3
0.068984 0.00197654 0.217 3
0.0697549 0.00103543 0.2172 3
0.0374177 0.002448 0.217 3
0.0388311 0.002448 0.217 3
0.0649793 0.0038624 0.217 3
0.0661572 0.0038624 0.217 3
0.0686388 0.00329842 0.2171 3
0.0698936 0.00316974 0.218 3
0.0641627 0.00549681 0.217 3
0.0661882 0.00535361 0.217455 3
0.0681202 0.00521109 0.2175 3
0.0695386 0.00482747 0.218 3
-0.0326055 0.00741158 0.2174 3
-0.0307087 0.00771665 0.218 3
-0.0284368 0.00790611 0.218 3
-0.0263069 0.00790611 0.218 3
-0.024177 0.00790611 0.218 3
-0.0220471 0.00743247 0.218 3
-0.0199813 0.00736373 0.217556 3
-0.018047 0.00756617 0.217333 3
-0.0161307 0.00695884 0.218 3
0.0627679 0.00788852 0.2175 3
0.0638841 0.00708816 0.2176 3
0.0660226 0.00685734 0.218 3
0.0681186 0.00672202 0.218 3
-0.0320755 0.00881277 0.217 3
-0.0304265 0.00881277 0.217 3
-0.0283064 0.00881277 0.217 3
-0.0261862 0.00881277 0.217 3
-0.0240661 0.00881277 0.217 3
-0.021946 0.00881277 0.217 3
0.061965 0.00944798 0.217167 3
0.0619656 0.0116952 0.218 3
0.0607391 0.0135274 0.217 3
0.0612102 0.0135274 0.217 3
-0.0304265 0.0163562 0.217 3
0.0600323 0.0165919 0.217 3
0.0612556 0.0154843 0.218 3
-0.0316043 0.018242 0.217 3
-0.0303451 0.01785 0.217143 3
-0.029316 0.0178126 0.2175 3
0.0600323 0.0177706 0.217 3
-0.032003 0.0201581 0.217091 3
-0.030633 0.0197151 0.217467 3
-0.0293834 0.0192734 0.218 3
0.0602537 0.0199664 0.2178 3
0.0636221 0.0206943 0.218 3
-0.0346667 0.0224853 0.217 3
-0.0327006 0.0219954 0.217333 3
-0.0312767 0.0216416 0.218 3
0.0594175 0.0215754 0.217333 3
0.0626756 0.0221152 0.218 3
0.0640225 0.0220893 0.21775 3
-0.0342486 0.0240157 0.217263 3
-0.032733 0.0241009 0.218 3
0.0581478 0.0234281 0.217 3
0.0605457 0.024957 0.218 3
0.0621121 0.024458 0.217778 3
0.0640079 0.024213 0.2177 3
0.0655154 0.0244834 0.218 3
-0.0339746 0.0261639 0.2174 3
-0.0328149 0.0263779 0.218 3
0.0581478 0.0257855 0.217 3
0.062388 0.0257855 0.217 3
0.0638015 0.0257855 0.217 3
-0.0336432 0.0280357 0.218 3
-0.0327642 0.028171 0.218 3
-0.03175 0.0330089 0.218 3
-0.0306486 0.0330883 0.217857 3
-0.0292486 0.0335647 0.217 3
-0.0297198 0.0345076 0.217 3
-0.0292486 0.0345076 0.217 3
0.0541751 -0.0252411 0.22 3
0.0681933 -0.0263159 0.219 3
0.0693821 -0.0263159 0.219 3
0.043428 -0.0233292 0.22 3
0.045243 -0.0237594 0.22 3
0.0472207 -0.0237931 0.219867 3
0.0493986 -0.0238072 0.22 3
0.0513465 -0.023746 0.219769 3
0.0533355 -0.024078 0.2192 3
0.0553893 -0.0246166 0.219 3
0.057495 -0.0248885 0.219 3
0.0369858 -0.0217995 0.219909 3
0.0388313 -0.0218628 0.219667 3
0.0410417 -0.0217641 0.219545 3
0.043218 -0.0223115 0.219818 3
0.0451231 -0.0222672 0.219286 3
0.0472304 -0.0223321 0.219231 3
0.0493245 -0.0223397 0.219667 3
0.0514062 -0.0227889 0.2194 3
0.0534534 -0.0227474 0.219 3
0.0160559 -0.0197708 0.219625 3
0.0178735 -0.0190274 0.22 3
0.0209782 -0.0190274 0.22 3
0.0219336 -0.0190274 0.22 3
0.0249245 -0.0196546 0.219 3
0.0261132 -0.0202256 0.219 3
0.0282859 -0.0206297 0.21925 3
0.0304745 -0.0206627 0.2196 3
0.034379 -0.0205896 0.219667 3
0.0367065 -0.0209203 0.2198 3
0.0387134 -0.0208441 0.219 3
0.0408531 -0.0208441 0.219 3
0.0161468 -0.0181293 0.21925 3
0.0175951 -0.0181504 0.2195 3
0.0209782 -0.0185494 0.22 3
0.0219336 -0.0185494 0.22 3
0.0781785 -0.0172755 0.219 3
0.0730425 -0.0159205 0.22 3
0.0744508 -0.01593 0.219545 3
0.0766408 -0.0156446 0.2195 3
0.0782102 -0.0156978 0.219636 3
0.0766249 -0.0142475 0.22 3
0.077819 -0.0142475 0.22 3
0.065816 -0.00918677 0.219 3
0.0704225 -0.005155 0.219545 3
0.0719677 -0.00468789 0.22 3
0.070967 -0.00313341 0.219 3
0.072326 -0.00301495 0.22 3
-0.0282121 -0.00100341 0.2192 3
-0.0272647 -0.00062504 0.22 3
0.0390112 -0.000623146 0.219333 3
0.0410397 -0.00062504 0.22 3
0.0431891 -0.00062504 0.22 3
0.0451325 -0.000622199 0.219 3
0.0472722 -0.000622199 0.219 3
0.0493986 -0.001581 0.22 3
0.0508316 -0.00158101 0.22 3
0.054414 -0.00158101 0.22 3
0.0548916 -0.00158101 0.22 3
0.0710462 -0.00109801 0.219 3
0.072326 -0.00158101 0.22 3
-0.0298502 0.00114988 0.219111 3
-0.0285236 0.000962328 0.219529 3
-0.0272647 0.000330925 0.22 3
0.035116 0.000900991 0.2194 3
0.0365491 0.000488524 0.219333 3
0.0387134 0.00032942 0.219 3
0.0403777 0.00032942 0.219 3
0.0710558 0.000938409 0.219111 3
0.0716095 0.00200386 0.22 3
-0.0305513 0.00362188 0.2196 3
-0.0286977 0.00248185 0.22 3
0.0709321 0.00319437 0.21975 3
0.0716095 0.00295983 0.22 3
-0.0322522 0.00580123 0.219 3
-0.0306542 0.00524712 0.219524 3
-0.0286977 0.00558873 0.22 3
-0.0263094 0.00582772 0.22 3
-0.02416 0.00582772 0.22 3
-0.0220227 0.00572967 0.219333 3
-0.0201089 0.00564388 0.219636 3
-0.0179505 0.00582772 0.22 3
-0.0153641 0.00599685 0.2192 3
0.0700969 0.00557244 0.219375 3
-0.030204 0.00680392 0.219273 3
-0.0283726 0.0067624 0.219333 3
-0.0262297 0.0067624 0.219333 3
-0.0240868 0.0067624 0.219333 3
-0.0196223 0.0063057 0.22 3
-0.0178961 0.0067624 0.219333 3
-0.0153641 0.00685374 0.2192 3
0.0642706 0.00806133 0.219 3
0.0661726 0.00782342 0.219 3
0.0682456 0.00771069 0.219167 3
0.0699467 0.00736103 0.219778 3
0.0627253 0.00984561 0.219 3
0.0640595 0.00943231 0.219333 3
0.0660521 0.00931062 0.219688 3
0.06829 0.00920209 0.219857 3
0.0699377 0.00869562 0.22 3
0.0627253 0.0115109 0.219 3
0.0639365 0.0114873 0.219688 3
0.0658777 0.0106075 0.22 3
0.062392 0.0136844 0.2195 3
0.0632505 0.0132365 0.22 3
0.0621733 0.0158225 0.2194 3
-0.028688 0.0180464 0.2192 3
0.0620106 0.0178222 0.219714 3
-0.0297559 0.0203134 0.219 3
-0.0286498 0.0197874 0.219636 3
0.0619782 0.0199338 0.219462 3
0.0635209 0.0201515 0.219833 3
0.0658777 0.0206452 0.22 3
-0.0318956 0.0226925 0.219 3
-0.0306624 0.0219645 0.21975 3
0.0602528 0.0225022 0.219 3
0.0618338 0.0219193 0.219 3
0.0640616 0.0210751 0.2195 3
0.0661254 0.0220998 0.219846 3
0.0674698 0.0228758 0.22 3
-0.0318335 0.0243534 0.219667 3
-0.0310381 0.0237161 0.219667 3
0.0599783 0.0241139 0.219545 3
0.0616088 0.0238523 0.2196 3
0.0665047 0.0238293 0.219143 3
0.0675495 0.0235131 0.22 3
-0.0321961 0.0261139 0.219308 3
-0.0310927 0.0261238 0.219571 3
-0.0321919 0.0285111 0.219222 3
-0.0309794 0.0282632 0.219769 3
-0.0322835 0.0305298 0.219667 3
-0.0308472 0.0304438 0.22 3
-0.0318024 0.0321168 0.22 3
-0.0308472 0.0316388 0.22 3
-0.028805 0.0350635 0.219 3
0.0411718 -0.0254706 0.222 3
0.0392438 -0.0235413 0.222 3
0.0411183 -0.0240565 0.221615 3
0.0428097 -0.0240114 0.221 3
0.0443451 -0.0241555 0.221 3
0.0179965 -0.0210821 0.2215 3
0.0250249 -0.0211297 0.222 3
0.0261692 -0.0210821 0.2215 3
0.0288368 -0.0218203 0.221667 3
0.0304654 -0.0217793 0.22125 3
0.0324772 -0.0213074 0.221333 3
0.0353878 -0.0213709 0.222 3
0.0392438 -0.023059 0.222 3
0.0408933 -0.0226581 0.221222 3
0.0424258 -0.0229551 0.221 3
0.0179964 -0.0201196 0.2215 3
0.0199487 -0.0196682 0.221833 3
0.0225803 -0.0198939 0.221667 3
0.0241058 -0.0199503 0.221143 3
0.0261692 -0.0206008 0.2215 3
0.0328293 -0.0205543 0.221 3
0.019918 -0.0186759 0.2215 3
0.0748139 -0.0147925 0.221 3
0.0757736 -0.0147925 0.221 3
0.0749544 -0.0136905 0.221545 3
0.0766323 -0.0133871 0.221118 3
0.0781727 -0.013352 0.221 3
0.0749997 -0.0114712 0.221769 3
0.076604 -0.0116951 0.221211 3
0.0782729 -0.0113697 0.221889 3
0.0668572 -0.00954088 0.221667 3
0.0676166 -0.00855044 0.221 3
0.074771 -0.00928639 0.221909 3
0.0765535 -0.00946372 0.22187 3
0.0782854 -0.00931262 0.222 3
0.0671367 -0.00759013 0.221 3
0.068311 -0.00736668 0.2215 3
0.0699326 -0.00700656 0.2215 3
0.0726614 -0.00701407 0.22175 3
0.0744295 -0.00738331 0.222 3
0.0760683 -0.00752801 0.222 3
0.069056 -0.00614966 0.221 3
0.0702556 -0.00614966 0.221 3
0.0727895 -0.00551409 0.221167 3
0.0745267 -0.00526753 0.22175 3
0.0758755 -0.00617749 0.222 3
0.0457507 -0.00256003 0.222 3
0.0471967 -0.00256004 0.222 3
0.0493657 -0.00256004 0.222 3
0.0515347 -0.00256004 0.222 3
0.0532217 -0.00256003 0.222 3
0.0733745 -0.00302865 0.221 3
0.0743829 -0.00327667 0.2215 3
-0.0262472 -0.000629302 0.2215 3
0.0312909 -0.000630722 0.222 3
0.0324959 -0.000630722 0.222 3
0.034702 -0.00105819 0.221556 3
0.0366679 -0.000627882 0.221 3
0.0385437 -0.00127288 0.221667 3
0.0409308 -0.00159537 0.222 3
0.0430505 -0.00159358 0.22175 3
0.0450648 -0.00158819 0.221 3
0.047224 -0.00158819 0.221 3
0.0484236 -0.00158819 0.221 3
0.0539416 -0.00158819 0.221 3
0.0726547 -0.000627881 0.221 3
0.0739475 -0.00111305 0.222 3
-0.0276286 0.00153282 0.221 3
-0.0262835 0.00105712 0.2218 3
-0.0231746 0.00202208 0.222 3
-0.0226926 0.00202208 0.222 3
-0.0200417 0.00202208 0.222 3
0.0342688 0.000332429 0.221 3
0.0727205 0.00105448 0.2212 3
-0.0297878 0.00345344 0.221 3
-0.0282636 0.00334046 0.221 3
-0.0262925 0.00322567 0.221875 3
-0.0241386 0.00346906 0.222 3
-0.0220252 0.00339486 0.222 3
-0.0200288 0.00332871 0.221857 3
-0.0178727 0.00346906 0.222 3
-0.0161128 0.00393359 0.221 3
0.0723393 0.003219 0.2215 3
-0.0297878 0.00441375 0.221 3
-0.0282007 0.00485697 0.221 3
-0.0262085 0.00489723 0.221167 3
-0.0242193 0.00486465 0.221385 3
-0.0221501 0.00485388 0.2214 3
-0.019974 0.00477886 0.22125 3
-0.0178441 0.00501275 0.221294 3
-0.0161128 0.00513398 0.221 3
0.0719384 0.00515222 0.22175 3
-0.0180321 0.00633437 0.221 3
-0.0161128 0.00633437 0.221 3
0.0710556 0.00754409 0.22125 3
0.0720195 0.00636303 0.222 3
0.0671367 0.0101756 0.221 3
0.0683363 0.0101756 0.221 3
0.0706555 0.00967973 0.221636 3
0.0662228 0.011799 0.221 3
0.0681564 0.0115561 0.221 3
0.0703667 0.011463 0.221947 3
0.0642751 0.0139583 0.221333 3
0.0662355 0.0138391 0.222 3
0.0681635 0.0138391 0.222 3
0.0699469 0.0133729 0.222 3
0.0641638 0.0157329 0.2215 3
0.0681635 0.0152861 0.222 3
0.0696095 0.0152861 0.222 3
-0.0276286 0.0185783 0.221 3
0.0640943 0.0177868 0.221444 3
-0.0277894 0.0201728 0.221222 3
-0.0263076 0.0201094 0.222 3
-0.0243796 0.0205917 0.222 3
0.0644225 0.0195251 0.2214 3
0.0657535 0.0201093 0.222 3
0.0681635 0.0208329 0.222 3
-0.029832 0.0224534 0.221333 3
-0.0284437 0.0218938 0.22175 3
-0.0261469 0.0218779 0.222 3
-0.0242457 0.0220923 0.222 3
-0.0226926 0.022521 0.222 3
0.0671367 0.0219394 0.221 3
0.0683382 0.021917 0.221267 3
-0.0301819 0.0242301 0.221412 3
-0.0289586 0.0237268 0.222 3
-0.0243796 0.0234857 0.222 3
-0.0302568 0.0265172 0.221429 3
-0.0289586 0.026862 0.222 3
-0.0255846 0.026862 0.222 3
-0.0251026 0.026862 0.222 3
-0.02986 0.0283893 0.221286 3
-0.0289586 0.0283089 0.222 3
-0.0255846 0.0278266 0.222 3
-0.0251026 0.0278266 0.222 3
-0.0300968 0.0305686 0.221412 3
-0.0289586 0.0304794 0.222 3
-0.0303614 0.032549 0.221692 3
-0.0289586 0.0319264 0.222 3
-0.0301636 0.0338557 0.222 3
-0.029068 0.0344234 0.221 3
0.0384522 -0.0238895 0.223 3
0.0403889 -0.024374 0.223 3
0.0198118 -0.0215882 0.223 3
0.0220892 -0.02132 0.224 3
0.0239272 -0.0212248 0.223 3
0.0261758 -0.0220107 0.2236 3
0.0279252 -0.02205 0.224 3
0.0327875 -0.0219031 0.223 3
0.0343368 -0.0217093 0.223 3
0.0366793 -0.0225367 0.224 3
0.0200539 -0.0207403 0.223 3
0.0217978 -0.0204234 0.2235 3
0.0239272 -0.0207403 0.223 3
0.0742806 -0.0134728 0.223 3
0.066776 -0.010808 0.223 3
0.0672602 -0.010808 0.223 3
0.0742806 -0.0115348 0.223 3
0.0684479 -0.009372 0.2234 3
0.0700907 -0.00895851 0.224 3
0.0725326 -0.00874117 0.223833 3
0.0741403 -0.00942023 0.223125 3
0.0689548 -0.00814332 0.223 3
0.070715 -0.00774369 0.223429 3
0.072219 -0.00776019 0.223364 3
0.0735543 -0.00814332 0.223 3
0.0771855 -0.00717432 0.223 3
0.078352 -0.00748264 0.223 3
0.0767143 -0.00520857 0.223125 3
0.0782076 -0.00512531 0.2235 3
0.0306001 -0.00258309 0.224 3
0.0318159 -0.00258309 0.224 3
0.0349771 -0.00258309 0.224 3
0.0359498 -0.00258309 0.224 3
0.0395974 -0.00258309 0.224 3
0.0410563 -0.00258309 0.224 3
0.0431277 -0.00257618 0.2234 3
0.0453325 -0.003064 0.2235 3
0.0473788 -0.00355644 0.224 3
0.0493241 -0.00355644 0.224 3
0.0515126 -0.00355644 0.224 3
0.0537984 -0.00335947 0.2238 3
0.055643 -0.00300929 0.223444 3
0.057492 -0.00297013 0.2238 3
0.0752489 -0.00257156 0.223 3
0.0766883 -0.00306448 0.223667 3
0.0782612 -0.00306977 0.224 3
-0.0252157 -0.000633563 0.223 3
-0.0247315 -0.000633563 0.223 3
0.0306001 -0.00160975 0.224 3
0.032457 -0.00160544 0.2234 3
0.0338527 -0.00160256 0.223 3
0.0369997 -0.00160256 0.223 3
0.0752803 -0.00128051 0.223333 3
0.0763159 -0.0012853 0.224 3
-0.0252157 0.00106219 0.223 3
-0.0240655 0.00101196 0.223211 3
-0.0223039 0.0013278 0.223364 3
-0.0208582 0.00203119 0.223 3
0.0745132 0.000942833 0.223333 3
0.0758295 0.000336941 0.224 3
-0.0252157 0.00251569 0.223 3
-0.024109 0.00293098 0.223 3
-0.0218265 0.00251569 0.223 3
-0.0208582 0.00251569 0.223 3
0.0731794 0.00349062 0.223333 3
0.074044 0.00310516 0.2236 3
0.0733978 0.00496033 0.224 3
0.0738842 0.00496033 0.224 3
0.0723439 0.00760294 0.223 3
0.0726313 0.00961897 0.223273 3
0.0738842 0.00982705 0.224 3
0.0724945 0.0111744 0.223143 3
0.0738842 0.0108004 0.224 3
0.0662918 0.0158394 0.223 3
0.0680671 0.0161625 0.223 3
0.0662918 0.0177775 0.223 3
0.0682285 0.0177775 0.223 3
0.0664129 0.0194732 0.223 3
0.0682285 0.0197154 0.223 3
-0.0276365 0.0226224 0.223 3
-0.0269103 0.0226225 0.223 3
-0.0295732 0.0248027 0.223 3
-0.0281952 0.0241319 0.223 3
-0.0262916 0.0241298 0.223 3
-0.0247315 0.0245604 0.223 3
-0.0295732 0.0257717 0.223 3
-0.0282821 0.0261755 0.223 3
-0.0264389 0.0261797 0.223 3
-0.0281207 0.0284365 0.223 3
-0.0263656 0.0285576 0.223 3
-0.0281207 0.0303745 0.223 3
-0.0266682 0.0303745 0.223 3
-0.0295732 0.0330392 0.223 3
-0.0282821 0.0326355 0.223 3
-0.0268296 0.0322317 0.223 3
-0.0295732 0.0340082 0.223 3
-0.0282417 0.0346138 0.223 3
-0.0271524 0.0344927 0.223 3
-0.0283628 0.0359462 0.223 3
0.0289106 -0.0234744 0.226 3
0.0303826 -0.0234744 0.226 3
0.0318547 -0.0234744 0.226 3
0.0377428 -0.02372 0.226 3
0.0389695 -0.024211 0.226 3
0.0401962 -0.024702 0.226 3
0.0207223 -0.0221485 0.225 3
0.022236 -0.0221977 0.2255 3
0.0241418 -0.0221484 0.225 3
0.0289106 -0.0229834 0.226 3
0.0303826 -0.0229834 0.226 3
0.0325907 -0.0229834 0.226 3
0.0347051 -0.0226775 0.2254 3
0.0361103 -0.0226373 0.225 3
0.0698823 -0.0129176 0.226 3
0.0742985 -0.0129176 0.226 3
0.0685961 -0.0113938 0.225 3
0.0698823 -0.0114445 0.226 3
0.0730718 -0.0114445 0.226 3
0.0739436 -0.0114283 0.225667 3
0.0605595 -0.00874389 0.226 3
0.0618932 -0.00872454 0.2255 3
0.0706225 -0.00976684 0.225667 3
0.0726653 -0.00958273 0.2255 3
0.073834 -0.009942 0.225333 3
0.0605594 -0.00751634 0.226 3
0.0618429 -0.00760684 0.225571 3
0.0308733 -0.00457023 0.226 3
0.0453484 -0.00457023 0.226 3
0.0473111 -0.00457023 0.226 3
0.0492738 -0.00457023 0.226 3
0.0513895 -0.00456214 0.2256 3
0.0536951 -0.0048841 0.225333 3
0.0556515 -0.00499546 0.225444 3
0.0576477 -0.00512562 0.225714 3
0.059745 -0.00516103 0.225455 3
0.061323 -0.00528884 0.2252 3
0.0307367 -0.00357232 0.225 3
0.0325175 -0.00309141 0.2255 3
0.033912 -0.00259463 0.225 3
0.0370873 -0.00259463 0.225 3
0.038841 -0.00284302 0.22525 3
0.0409323 -0.0035882 0.226 3
0.0429867 -0.0035755 0.2252 3
0.0446592 -0.00357232 0.225 3
0.0583375 -0.00357232 0.225 3
0.059803 -0.00357232 0.225 3
0.0772672 -0.000883668 0.225 3
0.0786106 -0.00112809 0.225 3
0.0766279 0.00114452 0.225429 3
0.0787146 0.00033995 0.226 3
0.0750578 0.00352188 0.225333 3
0.0762613 0.00254953 0.226 3
0.0750178 0.00539214 0.2258 3
0.0746248 0.00719825 0.2255 3
0.0747321 0.00898753 0.225333 3
0.0762613 0.00868726 0.226 3
0.020751 -0.0234345 0.228 3
0.0219886 -0.0234345 0.228 3
0.0239797 -0.0235304 0.227333 3
0.0263278 -0.0235783 0.227 3
0.0280528 -0.0235783 0.227 3
0.0331266 -0.0239298 0.228 3
0.0346117 -0.0239298 0.228 3
0.0366777 -0.0238249 0.227 3
0.0383243 -0.0249206 0.228 3
0.0243564 -0.0230851 0.227 3
0.0263278 -0.0230851 0.227 3
0.0280528 -0.0230851 0.227 3
0.0620854 -0.0155087 0.228 3
0.0620854 -0.0135272 0.228 3
0.0709309 -0.0129747 0.227 3
0.0714237 -0.0129747 0.227 3
0.0608479 -0.0110504 0.228 3
0.0619369 -0.0114467 0.228 3
0.0709309 -0.0114951 0.227 3
0.072163 -0.0114951 0.227 3
0.0602349 -0.00946384 0.227556 3
0.0616571 -0.00978404 0.227333 3
0.072163 -0.0100156 0.227 3
0.0539176 -0.00659213 0.228 3
0.0558981 -0.00684917 0.227143 3
0.0579553 -0.0069031 0.227333 3
0.0595677 -0.00728049 0.22725 3
0.030899 -0.00560141 0.228 3
0.0321366 -0.00494092 0.228 3
0.0393144 -0.00461068 0.228 3
0.0409376 -0.00459855 0.2274 3
0.0430848 -0.00459045 0.227 3
0.0452059 -0.00534867 0.22775 3
0.0472348 -0.0056014 0.228 3
0.0492149 -0.0056014 0.228 3
0.0513058 -0.00558666 0.2274 3
0.0531882 -0.00557683 0.227 3
0.0332277 -0.00360408 0.227 3
0.0347063 -0.00360407 0.227 3
0.0366777 -0.00360408 0.227 3
0.0386491 -0.00360408 0.227 3
0.0773379 0.00206762 0.227 3
0.0788221 0.00162648 0.2273 3
0.0799194 0.00157747 0.227333 3
0.0769966 0.00345325 0.2273 3
0.0788948 0.00331443 0.227937 3
0.0801537 0.00306746 0.228 3
0.0769586 0.00528111 0.227333 3
0.0788667 0.00524706 0.228 3
0.0768451 0.00724613 0.227 3
0.0783735 0.0070144 0.2275 3
0.0349153 -0.025389 0.23 3
0.0368472 -0.0253449 0.2296 3
0.0404812 -0.026025 0.229 3
0.0229305 -0.0246395 0.23 3
0.0241519 -0.0246127 0.22975 3
0.0260626 -0.0245324 0.229 3
0.0283 -0.0245324 0.229 3
0.0303716 -0.0244494 0.229 3
0.0324018 -0.0241592 0.229 3
0.0349153 -0.0248893 0.23 3
0.0368472 -0.024846 0.2296 3
0.0603011 -0.0114726 0.2295 3
0.0613633 -0.012094 0.229 3
0.0561383 -0.00889865 0.23 3
0.0579559 -0.00910176 0.229714 3
0.0595019 -0.00974518 0.229333 3
0.0310345 -0.00662105 0.229 3
0.0317803 -0.00662105 0.229 3
0.0426554 -0.00664996 0.23 3
0.0451523 -0.00664996 0.23 3
0.0471497 -0.00664996 0.23 3
0.0493969 -0.00664996 0.23 3
0.0515307 -0.0066355 0.2295 3
0.053398 -0.0073066 0.229667 3
0.0555453 -0.00777268 0.2292 3
0.0577413 -0.00816484 0.229429 3
0.0593746 -0.00836242 0.229 3
0.0328694 -0.00531066 0.229667 3
0.0345149 -0.0046309 0.229 3
0.0367523 -0.0046309 0.229 3
0.0387981 -0.00497078 0.229333 3
0.0408352 -0.00564071 0.2296 3
0.0429672 -0.00562597 0.229 3
0.0444588 -0.00562597 0.229 3
0.0280355 -0.0277451 0.233 3
0.0391648 -0.0277451 0.233 3
0.0408287 -0.0276736 0.2324 3
0.0422708 -0.027626 0.232 3
0.0203595 -0.0258619 0.232 3
0.0219649 -0.0259733 0.233 3
0.024156 -0.0258841 0.2322 3
0.0264361 -0.0262061 0.231769 3
0.0283203 -0.0262353 0.231786 3
0.0304344 -0.0261149 0.232 3
0.0327971 -0.025935 0.231889 3
0.034484 -0.0263201 0.232333 3
0.03673 -0.0263659 0.232 3
0.0389288 -0.0264723 0.2316 3
0.0408714 -0.0267867 0.232 3
0.0422708 -0.0266179 0.232 3
0.0203157 -0.0242983 0.2315 3
0.0217764 -0.0247466 0.231 3
0.0310548 -0.0249975 0.231 3
0.0325594 -0.0249975 0.231 3
0.034064 -0.0249975 0.231 3
0.0618993 -0.0152109 0.231 3
0.0618993 -0.0142071 0.231 3
0.0545941 -0.0107865 0.233 3
0.0560105 -0.010989 0.233 3
0.0578073 -0.011269 0.2325 3
0.0595527 -0.0117845 0.231364 3
0.0515137 -0.00875408 0.2328 3
0.0534373 -0.00928085 0.231889 3
0.0555315 -0.00932948 0.231375 3
0.0578114 -0.0100049 0.2313 3
0.0591408 -0.010443 0.231 3
0.0311892 -0.00771589 0.232 3
0.0324485 -0.00721184 0.232 3
0.0346119 -0.0067367 0.233 3
0.0366354 -0.0067367 0.233 3
0.0388776 -0.00673091 0.2328 3
0.0409666 -0.00670056 0.23175 3
0.0433618 -0.00721401 0.232 3
0.0450889 -0.00772421 0.23225 3
0.047056 -0.00771589 0.232 3
0.0493227 -0.00771589 0.232 3
0.0514218 -0.00769094 0.23125 3
0.0526209 -0.00768263 0.231 3
0.0335625 -0.00567511 0.231 3
0.0348163 -0.00567511 0.231 3
0.0368225 -0.00567511 0.231 3
0.0385778 -0.00567511 0.231 3
0.0415419 -0.0297703 0.235 3
0.0425623 -0.0297703 0.235 3
0.0206228 -0.0274727 0.235 3
0.0221535 -0.0274727 0.235 3
0.0241418 -0.0274143 0.2345 3
0.025768 -0.0276608 0.234 3
0.0290415 -0.027728 0.235 3
0.0295517 -0.027728 0.235 3
0.0331232 -0.027728 0.235 3
0.034535 -0.0276336 0.2342 3
0.0367927 -0.02761 0.234 3
0.0387661 -0.0283694 0.234667 3
0.0408571 -0.0286268 0.234 3
0.0423812 -0.0286268 0.234 3
0.0206228 -0.0269621 0.235 3
0.0221535 -0.0269621 0.235 3
0.0241418 -0.0269048 0.2345 3
0.0256156 -0.0268474 0.234 3
0.0322202 -0.0265932 0.234 3
0.0582941 -0.0128363 0.235 3
0.0599609 -0.0129509 0.2346 3
0.0619507 -0.0134319 0.235 3
0.0632262 -0.0134319 0.235 3
0.0514911 -0.0108791 0.235 3
0.0535437 -0.0113124 0.234556 3
0.055828 -0.0119003 0.235 3
0.0581307 -0.0118496 0.234 3
0.0314581 -0.00879921 0.234 3
0.0325212 -0.00881174 0.234333 3
0.0336334 -0.00883681 0.235 3
0.0435827 -0.00883681 0.235 3
0.0452514 -0.00881425 0.2344 3
0.047308 -0.00932857 0.2345 3
0.0493445 -0.00932857 0.2345 3
0.051315 -0.00982439 0.2342 3
0.0332363 -0.00778241 0.234 3
0.0348358 -0.00779904 0.2345 3
0.0369499 -0.00781566 0.235 3
0.0389067 -0.00779904 0.2345 3
0.0408571 -0.00778241 0.234 3
0.0423812 -0.00778241 0.234 3
0.0428877 -0.0324879 0.237 3
0.0354634 -0.0300236 0.237 3
0.0366722 -0.0299603 0.2365 3
0.0386844 -0.0299286 0.23625 3
0.0407806 -0.0304752 0.2365 3
0.0426672 -0.0310535 0.237 3
0.0220847 -0.0284789 0.237 3
0.0240606 -0.0283827 0.2362 3
0.0271155 -0.0281023 0.236 3
0.0276279 -0.0278459 0.236 3
0.0307022 -0.027846 0.236 3
0.0325308 -0.0281329 0.23625 3
0.0345809 -0.028902 0.23625 3
0.0365947 -0.0288715 0.236 3
0.0378757 -0.0288715 0.236 3
0.0524439 -0.0130314 0.237 3
0.0536729 -0.0130176 0.23675 3
0.0555532 -0.0129764 0.236 3
0.0575991 -0.0132521 0.236333 3
0.0597776 -0.0135177 0.2365 3
0.0622143 -0.0134891 0.236 3
0.00201678 -0.0109717 0.237 3
0.00304591 -0.0109716 0.237 3
0.032581 -0.0110109 0.236 3
0.0452401 -0.0109716 0.237 3
0.047198 -0.0113347 0.2365 3
0.0493779 -0.0115233 0.236556 3
0.0513433 -0.0117559 0.2362 3
0.052735 -0.0119509 0.236 3
-4.14675e-05 -0.00942693 0.237 3
0.00124494 -0.00942693 0.237 3
0.00319293 -0.00935337 0.237 3
0.0045896 -0.00891202 0.237 3
0.0324956 -0.00989991 0.236 3
0.0345939 -0.00940114 0.236333 3
0.0365947 -0.00887442 0.236 3
0.0388247 -0.00933188 0.236429 3
0.0409128 -0.00934883 0.236444 3
0.0428641 -0.00958604 0.236667 3
0.0450865 -0.0099083 0.2362 3
-4.14675e-05 -0.00736727 0.237 3
0.00124494 -0.00736727 0.237 3
0.00330319 -0.00736727 0.237 3
0.00536144 -0.00736727 0.237 3
0.00703377 -0.00710981 0.237 3
0.0391356 -0.0315752 0.239 3
0.0410814 -0.0319646 0.239 3
0.0425084 -0.032354 0.239 3
0.0222711 -0.0297577 0.239 3
0.0238278 -0.0294981 0.239 3
0.0277197 -0.0294981 0.239 3
0.0303141 -0.0294981 0.239 3
0.0318708 -0.0294981 0.239 3
0.0344654 -0.030277 0.239 3
0.0391356 -0.0310559 0.239 3
0.0401734 -0.0310559 0.239 3
0.0207144 -0.0287192 0.239 3
0.0212333 -0.0287192 0.239 3
0.0247616 -0.0293747 0.238 3
0.0261642 -0.0291531 0.238 3
0.0277197 -0.0289788 0.239 3
0.0303142 -0.0289788 0.239 3
0.0324709 -0.0290704 0.238333 3
0.0541838 -0.0170358 0.239 3
0.0557404 -0.0175551 0.239 3
0.0578161 -0.0175551 0.239 3
0.0600474 -0.0175031 0.239 3
0.0619025 -0.0174074 0.23875 3
0.0635759 -0.0173474 0.239 3
0.0538771 -0.0155724 0.239 3
0.0556822 -0.015722 0.23875 3
0.0576957 -0.0157055 0.2385 3
0.0597347 -0.0156973 0.238375 3
0.0619393 -0.0156382 0.238105 3
0.0637835 -0.0165165 0.239 3
0.0339464 -0.0136606 0.239 3
0.0456218 -0.0131413 0.239 3
0.0474637 -0.0135629 0.238571 3
0.0491922 -0.0133051 0.2382 3
0.0516183 -0.0134508 0.238333 3
0.0535515 -0.0141502 0.2385 3
0.0555073 -0.0141205 0.238 3
0.0574019 -0.0142067 0.238 3
0.0596411 -0.0143791 0.238 3
0.0619664 -0.0143791 0.238 3
0.00409223 -0.011018 0.238 3
0.00549479 -0.0114612 0.238 3
0.007451 -0.0113627 0.238 3
0.00954875 -0.0115714 0.23875 3
0.0113741 -0.0115835 0.239 3
0.0335461 -0.011018 0.238 3
0.0345143 -0.0116379 0.238571 3
0.036541 -0.0110643 0.239 3
0.0386167 -0.0110643 0.239 3
0.0409517 -0.0110643 0.239 3
0.0433331 -0.0112442 0.2384 3
0.0450549 -0.0118554 0.2382 3
0.0464644 -0.0120522 0.238 3
0.00409223 -0.00998378 0.238 3
0.00549479 -0.00954057 0.238 3
0.007451 -0.0094667 0.238 3
0.00952334 -0.00947195 0.238125 3
0.0115159 -0.0095753 0.238857 3
0.0129308 -0.0100258 0.239 3
0.035613 -0.00998378 0.238 3
0.0369048 -0.00998378 0.238 3
0.0381967 -0.00998378 0.238 3
0.00783855 -0.0076569 0.238 3
0.00936291 -0.00770861 0.238 3
0.0113265 -0.00791545 0.238 3
0.041556 -0.0339338 0.241 3
0.0426025 -0.0339338 0.241 3
0.0250737 -0.0318394 0.241 3
0.0263818 -0.0318394 0.241 3
0.0331841 -0.0318394 0.241 3
0.0347538 -0.0318394 0.241 3
0.0368468 -0.0318394 0.241 3
0.0384165 -0.0318394 0.241 3
0.0410684 -0.0327277 0.2406 3
0.0426025 -0.0334102 0.241 3
0.0208011 -0.0298823 0.24 3
0.0220033 -0.0304282 0.2406 3
0.0243761 -0.0306177 0.241 3
0.0263638 -0.0307711 0.240833 3
0.0285554 -0.0303486 0.2408 3
0.0305678 -0.0305304 0.241 3
0.0327104 -0.0306368 0.2406 3
0.0347538 -0.0313158 0.241 3
0.0368468 -0.0313158 0.241 3
0.0384165 -0.0313158 0.241 3
0.0288778 -0.0291001 0.24 3
0.0455521 -0.0173678 0.24 3
0.0471154 -0.0173678 0.24 3
0.0484181 -0.0171071 0.24 3
0.0522826 -0.0171784 0.241 3
0.0533291 -0.0171784 0.241 3
0.0351306 -0.015282 0.24 3
0.0369709 -0.0156735 0.240667 3
0.043649 -0.0153457 0.241 3
0.0451238 -0.0158364 0.2405 3
0.0471154 -0.0158035 0.24 3
0.049303 -0.0158369 0.2405 3
0.0514667 -0.015748 0.240857 3
0.053148 -0.0160367 0.240444 3
0.0351306 -0.0137178 0.24 3
0.0367714 -0.0137463 0.2405 3
0.0384165 -0.0132513 0.241 3
0.041556 -0.0132513 0.241 3
0.0432398 -0.013582 0.240667 3
0.0448574 -0.0138916 0.24 3
0.0465944 -0.0142392 0.24 3
0.0497207 -0.0142392 0.24 3
0.0510235 -0.0142392 0.24 3
0.0124638 -0.011632 0.24 3
0.0137665 -0.011632 0.24 3
0.0150692 -0.011632 0.24 3
0.0366939 -0.0121535 0.24 3
0.0387782 -0.0121535 0.24 3
0.0408625 -0.0121535 0.24 3
0.0429468 -0.0121534 0.24 3
0.0124638 -0.00902482 0.24 3
0.013506 -0.00972007 0.24 3
0.0264913 -0.0340746 0.242 3
0.0285212 -0.034013 0.2425 3
0.0300301 -0.0339515 0.243 3
0.0408457 -0.0339515 0.243 3
0.0432198 -0.0350073 0.243 3
0.0225507 -0.0319715 0.242 3
0.0241566 -0.0326198 0.242308 3
0.0264913 -0.0330231 0.242 3
0.0285179 -0.0326475 0.242 3
0.0306125 -0.0325259 0.2426 3
0.0323776 -0.0327107 0.2428 3
0.0345146 -0.0328956 0.243 3
0.036625 -0.0328956 0.243 3
0.0389336 -0.0328414 0.2426 3
0.0209744 -0.0311828 0.242 3
0.0222879 -0.0313143 0.242 3
0.0241269 -0.0314457 0.242 3
0.028593 -0.0314457 0.242 3
0.0306947 -0.0314457 0.242 3
0.0322709 -0.0314457 0.242 3
0.0438301 -0.0175125 0.242 3
0.0503978 -0.0172496 0.242 3
0.0514487 -0.0172496 0.242 3
0.0388928 -0.0159571 0.242333 3
0.0408457 -0.016001 0.243 3
0.0429325 -0.0161001 0.2425 3
0.0517114 -0.0167239 0.242 3
0.0392765 -0.0140073 0.242 3
0.0410839 -0.0140271 0.242333 3
0.0427793 -0.0143578 0.242 3
0.0307261 -0.0362611 0.244333 3
0.0318731 -0.0363601 0.245 3
0.0419798 -0.0363601 0.245 3
0.0431497 -0.0364839 0.2444 3
0.0308159 -0.0348863 0.244 3
0.032588 -0.0346753 0.244375 3
0.0346035 -0.0346073 0.244429 3
0.0368142 -0.0341261 0.24425 3
0.0391812 -0.0344158 0.2448 3
0.0408878 -0.0349682 0.2442 3
0.0423382 -0.0351514 0.244 3
0.0345465 -0.0401451 0.247 3
0.0361553 -0.0401451 0.247 3
0.031469 -0.0378447 0.246 3
0.0326899 -0.0383028 0.246 3
0.0344949 -0.0387449 0.246625 3
0.0361553 -0.0388035 0.247 3
0.0424181 -0.0383791 0.246 3
0.031469 -0.0373102 0.246 3
0.0326899 -0.0368521 0.246 3
0.0344303 -0.036801 0.246167 3
0.0365725 -0.0365004 0.246714 3
0.0386794 -0.0357068 0.246 3
0.0409818 -0.0366569 0.247 3
0.0424182 -0.0373102 0.246 3
0.036543 -0.0351723 0.246 3
0.0386794 -0.0351723 0.246 3
0.0374791 -0.0387959 0.248667 3
0.0373785 -0.0376135 0.248 3
0.0386105 -0.0369537 0.249 3
0.0186077 -0.0255929 0.249 3
0.0198511 -0.0262421 0.249 3
0.0210405 -0.0266749 0.249 3
0.0395798 -0.0371021 0.25 3
0.0401225 -0.0371021 0.25 3
0.0205822 -0.0256957 0.25 3
0.021125 -0.0256957 0.25 3
0.018411 -0.0246094 0.25 3
0.019768 -0.0246094 0.25 3
0.021125 -0.0246094 0.25 3
0.0392307 -0.0400209 0.253 3
0.0414279 -0.0400209 0.253 3
0.0393972 -0.0390884 0.25275 3
0.0408977 -0.0389412 0.252833 3
0.0423585 -0.0390414 0.252 3
