-0.0487112 0.0248323 0.151 3
-0.047837 0.0246136 0.151 3
-0.049039 0.0263087 0.151 3
-0.0477529 0.026233 0.151 3
-0.049039 0.0284411 0.151 3
-0.0480555 0.0284411 0.151 3
-0.0490391 0.0295894 0.151 3
-0.0480555 0.0299174 0.151 3
-0.0506852 0.0123633 0.153 3
-0.0506852 0.013693 0.153 3
-0.049511 0.0139795 0.153 3
-0.0481938 0.014524 0.153 3
-0.0506852 0.0158536 0.153 3
-0.0493764 0.0157893 0.152645 3
-0.0480813 0.0159812 0.15225 3
-0.0506852 0.0178481 0.153 3
-0.0492549 0.017916 0.152171 3
-0.0480438 0.0178966 0.152 3
-0.0506852 0.0198426 0.153 3
-0.0492367 0.0199393 0.152077 3
-0.0482088 0.0197129 0.152 3
-0.0509343 0.0221047 0.1529 3
-0.049774 0.021913 0.1525 3
-0.0510435 0.0241667 0.152632 3
-0.0496755 0.0241712 0.152 3
-0.0510887 0.0262399 0.15228 3
-0.0501889 0.0263178 0.152 3
-0.0512362 0.0283648 0.1526 3
-0.0501889 0.0282992 0.152 3
-0.0509279 0.0305138 0.152846 3
-0.0494555 0.030666 0.152 3
-0.0482088 0.0309412 0.152 3
-0.0508512 0.0319758 0.153 3
-0.0497641 0.0323082 0.153 3
-0.0473818 0.0373129 0.153 3
-0.0451186 0.0376276 0.152333 3
-0.0469792 0.0386552 0.153 3
-0.0449823 0.0388101 0.152286 3
-0.0431951 0.0391083 0.152 3
-0.0413176 0.0395162 0.152364 3
-0.0464724 0.0404373 0.153 3
-0.0450807 0.0410175 0.153 3
-0.0430165 0.0409987 0.152684 3
-0.0409186 0.0408862 0.152368 3
-0.0389049 0.0410898 0.152 3
-0.0442075 0.0424469 0.153 3
-0.0428788 0.0429692 0.153 3
-0.0409708 0.0430264 0.152694 3
-0.0388362 0.0429701 0.152368 3
-0.0374994 0.042755 0.1522 3
-0.0408857 0.0444413 0.153 3
-0.0388051 0.0450362 0.153 3
-0.0372791 0.0449162 0.153 3
-0.04121 0.0539982 0.152692 3
-0.0398891 0.0544138 0.153 3
-0.0422144 0.0550786 0.153 3
-0.0414836 0.0553445 0.153 3
-0.0557786 0.00803477 0.155 3
-0.0526939 0.00764188 0.155 3
-0.0515466 0.00742758 0.155 3
-0.0558067 0.00940987 0.155 3
-0.0538296 0.00940987 0.155 3
-0.0515186 0.00862425 0.1545 3
-0.0554982 0.011335 0.155 3
-0.0537106 0.0116437 0.154618 3
-0.0519861 0.0122433 0.154 3
-0.0549654 0.0131142 0.155 3
-0.0535318 0.0136594 0.1545 3
-0.0518523 0.0136151 0.154 3
-0.0535045 0.0157037 0.154486 3
-0.0518523 0.01579 0.154 3
-0.0536083 0.0177686 0.154722 3
-0.0518523 0.0179648 0.154 3
-0.0534677 0.0198968 0.154975 3
-0.0517237 0.019908 0.154 3
-0.0533901 0.022145 0.154821 3
-0.0519131 0.0217822 0.154 3
-0.0532958 0.0241109 0.154792 3
-0.0521867 0.0241547 0.154 3
-0.0532094 0.0261882 0.154615 3
-0.0521867 0.025493 0.154 3
-0.0532612 0.02836 0.154615 3
-0.053165 0.0301038 0.155 3
-0.0520195 0.0305118 0.154 3
-0.0525256 0.0332357 0.155 3
-0.0515341 0.0327628 0.154095 3
-0.0501805 0.0335231 0.154 3
-0.0525256 0.034246 0.155 3
-0.0512737 0.0346302 0.154462 3
-0.0500551 0.0349033 0.154 3
-0.0512217 0.0367394 0.154538 3
-0.0496372 0.0368272 0.154 3
-0.0525256 0.0396341 0.155 3
-0.0513242 0.0390392 0.154929 3
-0.0493491 0.0388008 0.154061 3
-0.0480072 0.0395457 0.154 3
-0.0505064 0.0403076 0.155 3
-0.0492549 0.0408995 0.154864 3
-0.047489 0.0410848 0.154 3
-0.0461682 0.0418878 0.154 3
-0.0484872 0.0426649 0.155 3
-0.0473905 0.0430878 0.154828 3
-0.0451776 0.0431766 0.154 3
-0.0436606 0.0438953 0.154 3
-0.0469881 0.0448386 0.155 3
-0.04526 0.0450553 0.15475 3
-0.0429918 0.0451222 0.154 3
-0.0410902 0.0455892 0.154 3
-0.0398155 0.0459029 0.154 3
-0.0373078 0.0459029 0.154 3
-0.0448385 0.0465909 0.155 3
-0.0429238 0.0470689 0.15484 3
-0.0409891 0.0471577 0.154406 3
-0.0388402 0.0472133 0.154 3
-0.0368494 0.0473296 0.154286 3
-0.0407471 0.0487266 0.155 3
-0.0388962 0.0490634 0.155 3
-0.036877 0.0492077 0.155 3
-0.0423231 0.0561078 0.154 3
-0.0408515 0.0557831 0.154333 3
-0.0420932 0.0578192 0.155 3
-0.0414201 0.0578192 0.155 3
-0.036204 0.0584927 0.155 3
-0.046468 0.0605133 0.155 3
-0.0449148 0.0601506 0.155 3
-0.0431416 0.0597231 0.155 3
-0.0407751 0.0595591 0.155 3
-0.0389609 0.0600988 0.155 3
-0.0367929 0.0599239 0.155 3
-0.0355309 0.0598397 0.155 3
-0.0451219 0.0610184 0.155 3
-0.0434393 0.0610184 0.155 3
-0.040074 0.0610184 0.155 3
-0.0388961 0.0610184 0.155 3
-0.0372135 0.0610184 0.155 3
-0.0553994 0.00763804 0.156353 3
-0.0537281 0.00738066 0.156636 3
-0.0591686 0.0101282 0.157 3
-0.0576627 0.00983777 0.156 3
-0.0552353 0.00870798 0.156 3
-0.0540498 0.00870798 0.156 3
-0.0591686 0.0114927 0.157 3
-0.057761 0.0114894 0.156286 3
-0.0565901 0.0117584 0.156 3
-0.0578082 0.0135257 0.156903 3
-0.0559398 0.0136903 0.156 3
-0.0573279 0.0155518 0.157 3
-0.0558632 0.0158587 0.156333 3
-0.057396 0.0181101 0.157 3
-0.0557433 0.0178592 0.156 3
-0.0574642 0.0200203 0.157 3
-0.0556782 0.0199449 0.156 3
-0.0545579 0.0205707 0.156 3
-0.0574775 0.0221166 0.156909 3
-0.0556614 0.0218553 0.156 3
-0.0545579 0.0219264 0.156 3
-0.0572207 0.0239917 0.157 3
-0.0555939 0.0241593 0.156 3
-0.0545579 0.0242989 0.156 3
-0.0571233 0.0259896 0.157 3
-0.0556661 0.0263319 0.156357 3
-0.0545579 0.0263325 0.156 3
-0.0557135 0.0281883 0.156462 3
-0.0545579 0.0283661 0.156 3
-0.0554015 0.0299552 0.156818 3
-0.0540853 0.0305749 0.1562 3
-0.0536462 0.0324301 0.1568 3
-0.0532048 0.0349152 0.1565 3
-0.0526951 0.0361615 0.156 3
-0.0513402 0.0409066 0.156 3
-0.0499855 0.0417539 0.156 3
-0.050791 0.0428612 0.157 3
-0.0495849 0.0431111 0.156278 3
-0.0504763 0.0444093 0.157 3
-0.0491708 0.0451062 0.156458 3
-0.0478686 0.0458211 0.156 3
-0.0348612 0.0456908 0.156 3
-0.0491129 0.0471041 0.157 3
-0.0472858 0.0473564 0.156462 3
-0.0454318 0.0477794 0.156 3
-0.0433808 0.0481937 0.156 3
-0.0359294 0.0476853 0.156 3
-0.034865 0.0473948 0.156 3
-0.0469623 0.0492402 0.156947 3
-0.0451614 0.0493592 0.156429 3
-0.0430144 0.049321 0.156121 3
-0.0409464 0.0499095 0.156 3
-0.0388083 0.0502273 0.156 3
-0.0362305 0.0496624 0.156 3
-0.0349133 0.0493799 0.156 3
-0.0450224 0.0508903 0.157 3
-0.0431718 0.0514331 0.156941 3
-0.0409787 0.0515438 0.156813 3
-0.0387554 0.0512898 0.156138 3
-0.0367395 0.051495 0.156114 3
-0.0350094 0.0514292 0.156696 3
-0.0429772 0.0533065 0.157 3
-0.0410089 0.0532011 0.157 3
-0.0387249 0.0534653 0.156968 3
-0.03663 0.0534854 0.156849 3
-0.0350349 0.0533122 0.157 3
-0.0486868 0.056348 0.157 3
-0.0471889 0.0562151 0.156923 3
-0.0458985 0.0562318 0.156889 3
-0.0404206 0.0561774 0.157 3
-0.0383754 0.0546425 0.157 3
-0.0366711 0.0549836 0.157 3
-0.0353076 0.054813 0.157 3
-0.0484311 0.0572008 0.157 3
-0.0470725 0.0577027 0.156231 3
-0.0454522 0.058108 0.156571 3
-0.0434105 0.0582665 0.156571 3
-0.0406003 0.0579386 0.1566 3
-0.0395271 0.0586329 0.1565 3
-0.0364871 0.0585923 0.1568 3
-0.0465984 0.0597174 0.156 3
-0.0454318 0.0594538 0.156 3
-0.0427711 0.0598981 0.156 3
-0.0408406 0.0598869 0.156 3
-0.0387554 0.0593804 0.156417 3
-0.0373689 0.0592937 0.156 3
-0.0425341 0.0612426 0.156 3
-0.0411792 0.0612426 0.156 3
-0.0364375 0.0614121 0.156 3
-0.0553573 0.00579377 0.158429 3
-0.053582 0.00578429 0.158867 3
-0.051594 0.00585275 0.159 3
-0.0557719 0.00675995 0.158 3
-0.0543998 0.00675995 0.158 3
-0.051827 0.00675995 0.158 3
-0.0469106 0.00746215 0.158826 3
-0.0452507 0.00801181 0.159 3
-0.0433521 0.00818454 0.159 3
-0.0465098 0.00881962 0.158 3
-0.0453092 0.00881962 0.158 3
-0.0613771 0.0117377 0.159 3
-0.0602315 0.0115659 0.158 3
-0.0614757 0.0137118 0.159 3
-0.0598846 0.0136672 0.15808 3
-0.0586878 0.0144837 0.158 3
-0.0614129 0.0154233 0.159 3
-0.0599448 0.0157454 0.1586 3
-0.0584305 0.0159426 0.158 3
-0.0600202 0.0178347 0.1588 3
-0.0584305 0.0174874 0.158 3
-0.0599938 0.0198741 0.158793 3
-0.0586878 0.0198045 0.158 3
-0.0611305 0.0218298 0.159 3
-0.0598221 0.021963 0.158536 3
-0.0586878 0.0220358 0.158 3
-0.0597226 0.0239562 0.158722 3
-0.0583448 0.0243244 0.158 3
-0.0592318 0.026148 0.159 3
-0.0580589 0.0263268 0.158 3
-0.0579726 0.0283412 0.15848 3
-0.0566296 0.0292447 0.158 3
-0.0574494 0.0303356 0.158571 3
-0.0561282 0.0307498 0.158 3
-0.0571606 0.0315025 0.159 3
-0.0557385 0.0325268 0.158615 3
-0.0545713 0.0325058 0.158 3
-0.0550893 0.0344388 0.159 3
-0.0540567 0.0345655 0.158 3
-0.0540536 0.0368569 0.159 3
-0.0529144 0.0429715 0.159 3
-0.0517994 0.0432083 0.158077 3
-0.0525002 0.0446296 0.159 3
-0.0512642 0.0452557 0.158429 3
-0.0510982 0.0471045 0.158857 3
-0.0495972 0.048125 0.158 3
-0.0508173 0.0493796 0.159 3
-0.0492187 0.0493568 0.158308 3
-0.0478477 0.0499787 0.158 3
-0.0507248 0.0511685 0.159 3
-0.0494083 0.0514047 0.158929 3
-0.047261 0.0514394 0.158 3
-0.0454963 0.0519634 0.158 3
-0.048961 0.0533195 0.158846 3
-0.0472322 0.0535645 0.158324 3
-0.0452156 0.053451 0.158 3
-0.043937 0.053503 0.158 3
-0.0408496 0.054304 0.158 3
-0.0398205 0.054304 0.158 3
-0.0489797 0.0553682 0.158 3
-0.0471959 0.0551622 0.158 3
-0.0450872 0.0554651 0.158 3
-0.0432938 0.0550764 0.158 3
-0.0408347 0.0552443 0.158 3
-0.0390455 0.0557407 0.158 3
-0.0366645 0.0561577 0.158 3
-0.035361 0.0560204 0.158 3
-0.0449375 0.0573935 0.158 3
-0.043937 0.0572219 0.158 3
-0.0401635 0.0575651 0.158 3
-0.038942 0.0577117 0.158 3
-0.036823 0.0575897 0.158 3
-0.035361 0.0572219 0.158 3
-0.0387914 0.0591099 0.158 3
-0.0362221 0.0597535 0.158308 3
-0.0354889 0.0600108 0.158571 3
-0.035704 0.0611696 0.158 3
-0.035361 0.0611696 0.158 3
-0.0549084 0.00374014 0.161 3
-0.0545588 0.00374014 0.161 3
-0.0550627 0.00454009 0.160143 3
-0.0537179 0.00460187 0.160579 3
-0.0515921 0.00500868 0.160471 3
-0.049354 0.00542478 0.160417 3
-0.0475417 0.00559156 0.160706 3
-0.0411009 0.00583891 0.161 3
-0.0488355 0.00632408 0.16 3
-0.0469095 0.00655608 0.160273 3
-0.0450125 0.00699056 0.160214 3
-0.0430189 0.00703287 0.160333 3
-0.0410475 0.00684405 0.160727 3
-0.063822 0.0123101 0.161 3
-0.0622098 0.0113646 0.16 3
-0.0639681 0.0137485 0.160727 3
-0.0627308 0.013798 0.16 3
-0.0641673 0.0157042 0.160909 3
-0.0624474 0.0160941 0.16 3
-0.0636909 0.0178194 0.161 3
-0.0621157 0.0179158 0.160167 3
-0.0632977 0.0198308 0.161 3
-0.0620952 0.0200361 0.16024 3
-0.0632977 0.0219295 0.161 3
-0.0620904 0.0221315 0.16025 3
-0.0632977 0.0231538 0.161 3
-0.0618904 0.0239541 0.160733 3
-0.0607507 0.0246786 0.16 3
-0.0613501 0.0260022 0.161 3
-0.0604552 0.0263077 0.160455 3
-0.0612003 0.0273514 0.161 3
-0.0599035 0.0281897 0.160333 3
-0.0593529 0.03025 0.160375 3
-0.058587 0.0306081 0.16 3
-0.0592778 0.0320736 0.161 3
-0.0579349 0.0325672 0.160211 3
-0.0566516 0.0334387 0.16 3
-0.057517 0.0344446 0.1608 3
-0.0561439 0.0346688 0.16 3
-0.0558991 0.0365378 0.160889 3
-0.0536849 0.0429756 0.161 3
-0.0537453 0.0451786 0.160889 3
-0.052483 0.0457793 0.16 3
-0.0532472 0.0468758 0.160357 3
-0.0522225 0.0474306 0.16 3
-0.0528304 0.0483865 0.16 3
-0.0520363 0.0486845 0.16 3
-0.0550354 0.00263998 0.1622 3
-0.0537875 0.00320005 0.1625 3
-0.0516514 0.00378328 0.162857 3
-0.0493972 0.0037866 0.163 3
-0.0472738 0.0037866 0.163 3
-0.0460352 0.0037866 0.163 3
-0.0513804 0.00446731 0.162 3
-0.0494459 0.00446731 0.162 3
-0.0470558 0.00485668 0.16208 3
-0.0452003 0.00518044 0.162333 3
-0.0430856 0.00518044 0.162333 3
-0.0408841 0.00510192 0.162471 3
-0.039048 0.00512044 0.162889 3
-0.0280454 0.0078002 0.163 3
-0.0267477 0.0080363 0.163 3
-0.0278094 0.00874458 0.163 3
-0.0271017 0.00874458 0.163 3
-0.0641607 0.0121784 0.16275 3
-0.06612 0.013911 0.162444 3
-0.0645836 0.0128821 0.162333 3
-0.0661818 0.0157789 0.1625 3
-0.0663168 0.0179346 0.162833 3
-0.0649218 0.0178421 0.162 3
-0.0660305 0.0200771 0.163 3
-0.0645702 0.0199539 0.162 3
-0.0653227 0.0222019 0.163 3
-0.0642845 0.0220893 0.162167 3
-0.0653227 0.0234415 0.163 3
-0.0639863 0.0240139 0.162429 3
-0.0628115 0.0247055 0.162 3
-0.0635531 0.0260975 0.163 3
-0.0623719 0.0262014 0.162 3
-0.0631993 0.0275141 0.163 3
-0.0619658 0.0283813 0.162444 3
-0.0607012 0.0292811 0.162 3
-0.061937 0.0300993 0.163 3
-0.0606232 0.0304504 0.162091 3
-0.0612528 0.0319408 0.163 3
-0.0603464 0.0326081 0.162636 3
-0.0595497 0.0344412 0.1626 3
-0.0585029 0.0349126 0.162 3
-0.0593063 0.0358364 0.163 3
-0.0577889 0.0366183 0.162429 3
-0.0561287 0.0375524 0.162 3
-0.057183 0.0383154 0.163 3
-0.055759 0.0389586 0.162417 3
-0.054546 0.0389602 0.162 3
-0.0552955 0.0404992 0.163 3
-0.0553562 0.0431452 0.162889 3
-0.054546 0.0435359 0.162 3
-0.0556883 0.0450671 0.162909 3
-0.054546 0.0449437 0.162 3
-0.055216 0.00136737 0.164143 3
-0.0538106 0.00152055 0.164778 3
-0.0514363 0.00168214 0.165 3
-0.0388979 0.00168214 0.165 3
-0.0531542 0.0025271 0.164 3
-0.05148 0.00271796 0.164308 3
-0.0493155 0.00274816 0.1645 3
-0.0471726 0.00280791 0.1645 3
-0.0451149 0.00349449 0.164455 3
-0.0430659 0.00346296 0.1645 3
-0.0408636 0.00338112 0.164538 3
-0.0388581 0.00311222 0.164833 3
-0.0368559 0.00325948 0.165 3
-0.034599 0.00347457 0.165 3
-0.0324496 0.00347457 0.165 3
-0.0310166 0.00347457 0.165 3
-0.0385302 0.00452797 0.1642 3
-0.0365693 0.00478903 0.165 3
-0.0346478 0.00525492 0.164667 3
-0.0325027 0.00525492 0.164667 3
-0.0304469 0.0053914 0.164941 3
-0.0284094 0.00566533 0.165 3
-0.0263595 0.00598399 0.165 3
-0.0247474 0.00598398 0.165 3
-0.034603 0.0069454 0.164 3
-0.032609 0.00701666 0.164 3
-0.0306506 0.00689789 0.164 3
-0.028209 0.00676215 0.164 3
-0.0260929 0.00723045 0.164 3
-0.0241116 0.00738675 0.164333 3
-0.0221415 0.00750447 0.164937 3
-0.0200545 0.00784811 0.165 3
-0.0678598 0.014143 0.164 3
-0.0682159 0.0157464 0.164 3
-0.0695274 0.0179933 0.165 3
-0.0683204 0.0177339 0.16425 3
-0.0695274 0.0190688 0.165 3
-0.0682715 0.019883 0.164593 3
-0.0669696 0.0200221 0.164 3
-0.0677327 0.0219759 0.164933 3
-0.0664841 0.0220628 0.164 3
-0.0662106 0.0243684 0.164364 3
-0.0648332 0.0248323 0.164 3
-0.0657547 0.0261422 0.164714 3
-0.0644771 0.0263764 0.164 3
-0.0654076 0.0276724 0.165 3
-0.0641133 0.028513 0.164333 3
-0.0637825 0.0303827 0.164533 3
-0.0624832 0.0309966 0.164 3
-0.0632582 0.0317951 0.165 3
-0.0621758 0.0327596 0.164571 3
-0.0614907 0.0346329 0.164857 3
-0.0603467 0.0349873 0.164 3
-0.0598015 0.0370417 0.164643 3
-0.0593176 0.0387855 0.165 3
-0.0580679 0.0389068 0.164 3
-0.05791 0.0408991 0.16456 3
-0.0563523 0.041239 0.164 3
-0.0576359 0.0430458 0.164333 3
-0.0563766 0.0427371 0.164 3
-0.0572133 0.0444653 0.164 3
-0.0566436 0.0446078 0.164 3
-0.0549208 -0.000472568 0.166333 3
-0.0549917 0.000249697 0.166 3
-0.0535301 0.000551 0.1665 3
-0.0512938 0.000694282 0.166461 3
-0.0493483 0.00133412 0.166417 3
-0.0472992 0.00130208 0.166545 3
-0.0453123 0.00170107 0.166857 3
-0.0428657 0.00159886 0.167 3
-0.0409094 0.00115391 0.1665 3
-0.0465221 0.00241365 0.166 3
-0.0452606 0.00241365 0.166 3
-0.0430982 0.00241365 0.166 3
-0.0412961 0.00241365 0.166 3
-0.0301234 0.00349563 0.166 3
-0.0283213 0.00385629 0.166 3
-0.0267999 0.00363764 0.167 3
-0.029763 0.00457761 0.166 3
-0.0281411 0.00475794 0.166 3
-0.0262107 0.00494746 0.166333 3
-0.0241324 0.00525684 0.166462 3
-0.0220799 0.00567555 0.1665 3
-0.0200474 0.00572008 0.166818 3
-0.0177353 0.00557274 0.167 3
-0.0162366 0.00547599 0.167 3
-0.0214735 0.00674157 0.166 3
-0.0198517 0.0069219 0.166 3
-0.0179595 0.00737272 0.166 3
-0.016252 0.00700908 0.166667 3
-0.0695884 0.0144957 0.166 3
-0.069228 0.0144957 0.166 3
-0.0701645 0.0159167 0.166083 3
-0.069228 0.0148564 0.166 3
-0.0706719 0.0177332 0.166545 3
-0.0706089 0.0199683 0.166706 3
-0.069228 0.0209876 0.166 3
-0.0699547 0.0218915 0.166778 3
-0.0688225 0.0222048 0.166 3
-0.0684924 0.0241112 0.1664 3
-0.0679966 0.0263166 0.166625 3
-0.0668853 0.0265177 0.166 3
-0.0676508 0.0280079 0.167 3
-0.0665479 0.0284531 0.166571 3
-0.0659164 0.030366 0.1668 3
-0.064903 0.0303648 0.166 3
-0.0654753 0.031999 0.167 3
-0.0641643 0.0326365 0.166286 3
-0.0635322 0.0344963 0.1665 3
-0.0625604 0.0348129 0.166 3
-0.0632998 0.0359902 0.167 3
-0.0619878 0.0367219 0.166421 3
-0.0632998 0.0394371 0.167 3
-0.0619925 0.0387025 0.166828 3
-0.0603979 0.0388402 0.166 3
-0.0618068 0.040835 0.167 3
-0.0599028 0.040938 0.166187 3
-0.0613056 0.0424304 0.167 3
-0.059883 0.0427584 0.166714 3
-0.058776 0.0428075 0.166 3
-0.0555603 -0.00262773 0.169737 3
-0.0535382 -0.00248817 0.16975 3
-0.0515185 -0.00214506 0.17 3
-0.0551088 -0.00131181 0.168692 3
-0.0535257 -0.00101733 0.168643 3
-0.0514676 -0.00103205 0.168867 3
-0.049416 -0.000878883 0.169462 3
-0.0472224 -0.000817208 0.169455 3
-0.0454285 -0.000667661 0.17 3
-0.0429039 -0.000481565 0.1695 3
-0.0494535 0.000252706 0.168 3
-0.0470601 0.000344333 0.16825 3
-0.045115 0.000651577 0.168455 3
-0.043187 0.000545613 0.1686 3
-0.0275274 0.00173311 0.17 3
-0.0264201 0.00173311 0.17 3
-0.0275489 0.00245728 0.169 3
-0.0261249 0.00296255 0.168923 3
-0.0241819 0.00323518 0.169368 3
-0.0219916 0.00315801 0.169588 3
-0.019923 0.00350512 0.169417 3
-0.0179278 0.00323299 0.168875 3
-0.0164433 0.00390275 0.168 3
-0.023556 0.00463276 0.168 3
-0.022097 0.00463277 0.168 3
-0.0197782 0.00473705 0.168 3
-0.0183583 0.00481527 0.168 3
-0.0746398 0.0157156 0.17 3
-0.0725959 0.0157733 0.169462 3
-0.0744025 0.0177998 0.17 3
-0.0726496 0.0178258 0.1685 3
-0.0740704 0.0197943 0.17 3
-0.0726262 0.019926 0.168737 3
-0.0738489 0.0214933 0.17 3
-0.0724801 0.0220857 0.1693 3
-0.0707915 0.0222834 0.168 3
-0.0720034 0.0240172 0.17 3
-0.0707005 0.0241073 0.168714 3
-0.0700185 0.026243 0.168824 3
-0.070274 0.0283462 0.169643 3
-0.0685783 0.0284134 0.168077 3
-0.0697179 0.0302747 0.169909 3
-0.0683259 0.030547 0.169118 3
-0.0669616 0.0306089 0.168 3
-0.0679676 0.0324985 0.1696 3
-0.066615 0.0328234 0.168571 3
-0.0675374 0.0344206 0.17 3
-0.0659312 0.0347265 0.168889 3
-0.0646819 0.0347457 0.168 3
-0.0676358 0.0369445 0.17 3
-0.0661129 0.0368111 0.16925 3
-0.0641166 0.0368992 0.168 3
-0.0661158 0.0384286 0.16875 3
-0.0641449 0.0386188 0.168 3
-0.0556724 -0.00441247 0.172 3
-0.0539919 -0.00441247 0.172 3
-0.0553589 -0.00368138 0.171385 3
-0.0534654 -0.003509 0.171444 3
-0.0514021 -0.00300052 0.17156 3
-0.0493521 -0.00253979 0.171667 3
-0.0473021 -0.00253979 0.171667 3
-0.0455252 -0.00239325 0.1719 3
-0.0439091 -0.0021703 0.172 3
-0.0114199 -0.0021703 0.172 3
-0.0505222 -0.00178616 0.171 3
-0.0494084 -0.00178616 0.171 3
-0.0473664 -0.00178616 0.171 3
-0.0450343 -0.00133577 0.171389 3
-0.0435082 -0.00134529 0.1716 3
-0.0113934 -0.00104807 0.1716 3
-0.0100507 -0.000737799 0.172 3
-0.0261626 0.000789232 0.171429 3
-0.0242136 0.001251 0.171583 3
-0.0220942 0.00140822 0.171455 3
-0.0199702 0.00137641 0.171667 3
-0.018025 0.00115151 0.1716 3
-0.0109823 0.000257219 0.171 3
-0.00989626 0.000257971 0.1715 3
-0.020264 0.00248636 0.171 3
-0.00488479 0.00399567 0.172 3
-0.00376447 0.00399567 0.172 3
-0.0780786 0.0138363 0.172 3
-0.0765361 0.0138125 0.171333 3
-0.0745016 0.0139995 0.171308 3
-0.0726827 0.0143404 0.171857 3
-0.0780253 0.0156069 0.172 3
-0.0766405 0.0157489 0.171158 3
-0.0735407 0.0151182 0.171 3
-0.0731695 0.0151182 0.171 3
-0.0777052 0.0168882 0.172 3
-0.0764931 0.0179065 0.171688 3
-0.0753971 0.0179045 0.171 3
-0.0761199 0.0199841 0.171923 3
-0.0748908 0.0200324 0.171 3
-0.0760247 0.0213725 0.172 3
-0.0747531 0.0221882 0.171286 3
-0.0741663 0.0239776 0.17175 3
-0.0727518 0.0243598 0.171 3
-0.0737841 0.0254832 0.172 3
-0.0724112 0.0263252 0.1714 3
-0.0722063 0.0284405 0.1718 3
-0.0713132 0.0288645 0.171 3
-0.0717302 0.0309018 0.172 3
-0.0708676 0.0304992 0.171 3
-0.0702633 0.0325135 0.171632 3
-0.0690855 0.0327655 0.171 3
-0.0701701 0.0347357 0.171957 3
-0.0685905 0.0347056 0.171 3
-0.0694568 0.0359234 0.171 3
-0.0683961 0.0361357 0.171 3
-0.057453 -0.00503084 0.174 3
-0.0555114 -0.00535081 0.173444 3
-0.0535961 -0.00508192 0.173571 3
-0.0515923 -0.00473876 0.173667 3
-0.0493308 -0.00446378 0.174 3
-0.047253 -0.00446378 0.174 3
-0.0457419 -0.00446378 0.174 3
-0.0529912 -0.00406225 0.173 3
-0.0512331 -0.00392717 0.17325 3
-0.0493922 -0.00369422 0.173333 3
-0.0471938 -0.00367119 0.173294 3
-0.045042 -0.00327563 0.17352 3
-0.0432034 -0.00256936 0.173667 3
-0.0136159 -0.00296328 0.173571 3
-0.0115333 -0.00260576 0.173 3
-0.0101717 -0.00218291 0.173 3
-0.0430375 -0.00180705 0.173 3
-0.0274497 -0.000491509 0.173 3
-0.0262101 -0.000870969 0.1735 3
-0.0244379 -0.000682305 0.173625 3
-0.0221306 -0.00049435 0.174 3
-0.0198932 -0.000827526 0.173333 3
-0.0186229 -0.000491509 0.173 3
-0.0131766 -0.00180705 0.173 3
-0.0114863 -0.00180705 0.173 3
-0.00976541 -0.00136175 0.1738 3
-0.0240693 0.000260227 0.173 3
-0.0220034 0.000260227 0.173 3
-0.0199376 0.000260227 0.173 3
-0.0186229 0.000260227 0.173 3
-0.00890828 0.000261731 0.174 3
-0.00739716 0.00101781 0.174 3
-0.00548128 0.00155787 0.174 3
-0.00324158 0.00177389 0.174 3
-0.00116379 0.00177389 0.174 3
-0.0052888 0.0028913 0.173 3
-0.00316684 0.0030011 0.17337 3
-0.00116184 0.00309287 0.1738 3
-0.00265953 0.00458271 0.173 3
-0.00115847 0.00459331 0.1734 3
-0.0806694 0.0122388 0.174 3
-0.07893 0.0122405 0.173667 3
-0.0767198 0.0125481 0.174 3
-0.074642 0.0125481 0.174 3
-0.0721865 0.0125481 0.174 3
-0.0702976 0.0125481 0.174 3
-0.0806865 0.0136822 0.174 3
-0.0791634 0.013408 0.173067 3
-0.0765838 0.0129764 0.173833 3
-0.0745448 0.0130944 0.173538 3
-0.0724113 0.0134722 0.1735 3
-0.0706631 0.013416 0.173625 3
-0.0802818 0.0156264 0.174 3
-0.0792289 0.015894 0.173385 3
-0.0801199 0.0170845 0.174 3
-0.0786495 0.0178265 0.173474 3
-0.0784198 0.0199198 0.174 3
-0.0772179 0.0201812 0.173 3
-0.0778532 0.0223771 0.174 3
-0.0768688 0.0221239 0.1732 3
-0.0764156 0.0241902 0.173667 3
-0.0751521 0.0244411 0.173 3
-0.0748371 0.0264069 0.1734 3
-0.0742167 0.0283283 0.173571 3
-0.073274 0.0284503 0.173 3
-0.0738865 0.030694 0.174 3
-0.0727106 0.0305176 0.173 3
-0.0738865 0.0320171 0.174 3
-0.0725577 0.0327721 0.173381 3
-0.071396 0.0333366 0.173 3
-0.0719594 0.0340884 0.173 3
-0.071396 0.0340884 0.173 3
0.110848 0.049785 0.174 3
0.111793 0.0501631 0.174 3
0.11047 0.0514862 0.174 3
0.111793 0.0514862 0.174 3
0.110659 0.0526204 0.174 3
0.111793 0.0526204 0.174 3
-0.0577313 -0.0066182 0.176 3
-0.0554174 -0.00659314 0.175333 3
-0.0541011 -0.0066182 0.176 3
-0.0590687 -0.00585344 0.176 3
-0.0577589 -0.0058368 0.1755 3
-0.0566434 -0.00582017 0.175 3
-0.0534138 -0.00582017 0.175 3
-0.0513556 -0.00560868 0.1755 3
-0.0493745 -0.00545659 0.1755 3
-0.0472787 -0.00545659 0.1755 3
-0.0451762 -0.00503405 0.175556 3
-0.043194 -0.00489576 0.175933 3
-0.0141081 -0.004781 0.17525 3
-0.0444849 -0.00391911 0.175 3
-0.0432612 -0.00380667 0.175364 3
-0.0277347 -0.00222077 0.176 3
-0.0263473 -0.00259895 0.175667 3
-0.0242481 -0.00221656 0.175667 3
-0.0220029 -0.00222077 0.176 3
-0.0200922 -0.00222077 0.176 3
-0.013608 -0.00392694 0.175333 3
-0.0121891 -0.00303194 0.175 3
-0.0277347 -0.001456 0.176 3
-0.0262473 -0.00182794 0.175 3
-0.0239792 -0.00150502 0.175286 3
-0.0220435 -0.0014754 0.175375 3
-0.0203708 -0.00164479 0.175667 3
-0.00887556 -0.000957759 0.1756 3
-0.00755068 -0.000608474 0.175714 3
-0.0059537 -0.000500032 0.176 3
-0.00261012 -0.000691225 0.176 3
-0.0013196 -0.000786112 0.17575 3
-0.00705972 0.000263235 0.175 3
-0.00501891 0.000568008 0.1754 3
-0.00307768 0.000644051 0.1754 3
-0.000907431 0.000731191 0.175 3
0.00089815 0.00136163 0.175 3
-3.06194e-05 0.00311483 0.175 3
0.0010618 0.00305392 0.175261 3
0.002453 0.00294144 0.176 3
-3.06194e-05 0.00425547 0.175 3
0.000732784 0.00427168 0.175667 3
-0.0827603 0.010398 0.176 3
-0.0812318 0.010398 0.176 3
-0.0826682 0.0114634 0.1755 3
-0.0809784 0.0112608 0.175222 3
-0.0787143 0.0116258 0.1755 3
-0.0766186 0.0117019 0.1755 3
-0.0746708 0.0119017 0.175625 3
-0.0721417 0.0117975 0.1755 3
-0.0703315 0.0117019 0.1755 3
-0.0690395 0.011799 0.1758 3
-0.082732 0.0135487 0.175533 3
-0.0817202 0.0137608 0.175 3
-0.0731713 0.0128103 0.175 3
-0.0695617 0.0128103 0.175 3
-0.0691818 0.0128103 0.175 3
-0.0823473 0.0158269 0.175889 3
-0.0812136 0.0157464 0.175 3
-0.0823782 0.0170897 0.176 3
-0.0810318 0.0179466 0.1754 3
-0.0802851 0.0197597 0.1756 3
-0.0794405 0.0196541 0.175 3
-0.0799971 0.0216373 0.175667 3
-0.0789655 0.0220304 0.175 3
-0.0781107 0.0238365 0.175 3
-0.0773508 0.0249771 0.175 3
-0.0779838 0.0258846 0.176 3
-0.0768323 0.0262631 0.175333 3
-0.0779838 0.0289437 0.176 3
-0.0765363 0.0285218 0.175545 3
-0.0750711 0.0293496 0.175 3
-0.0764595 0.0303512 0.175667 3
-0.075071 0.0304902 0.175 3
-0.0750711 0.0316308 0.175 3
0.106964 0.048063 0.176 3
0.108309 0.0477352 0.175818 3
0.106964 0.0492101 0.176 3
0.108175 0.0495083 0.175556 3
0.110101 0.0494009 0.175207 3
0.108559 0.0509837 0.175 3
0.109911 0.0511303 0.175 3
-0.0868299 -0.00955919 0.177077 3
-0.0850702 -0.00948815 0.177759 3
-0.0832757 -0.00947789 0.178 3
-0.0785801 -0.00930386 0.178 3
-0.0767831 -0.00932319 0.178 3
-0.0746189 -0.0090138 0.178 3
-0.0724933 -0.0090138 0.178 3
-0.0703678 -0.0090138 0.178 3
-0.0682422 -0.0090138 0.178 3
-0.0665997 -0.00882044 0.178 3
-0.0866892 -0.00742493 0.177 3
-0.0854798 -0.00749135 0.177235 3
-0.0782903 -0.0078536 0.178 3
-0.0765512 -0.0078536 0.178 3
-0.0746189 -0.0078536 0.178 3
-0.0723967 -0.00766024 0.178 3
-0.0704955 -0.00758843 0.177833 3
-0.0680013 -0.00772384 0.17725 3
-0.0661166 -0.00746688 0.178 3
-0.0615954 -0.00751675 0.177857 3
-0.0598849 -0.0072503 0.1774 3
-0.0578065 -0.00766895 0.177625 3
-0.0556785 -0.00758568 0.177375 3
-0.0534362 -0.00714245 0.1776 3
-0.0514786 -0.00706134 0.1775 3
-0.0495702 -0.00692616 0.177333 3
-0.0471942 -0.00666835 0.177333 3
-0.0452475 -0.00669341 0.178 3
-0.0435084 -0.00669341 0.178 3
-0.0866723 -0.00531996 0.17736 3
-0.0856815 -0.00519483 0.178 3
-0.0449933 -0.00588669 0.177 3
-0.042959 -0.00589778 0.177333 3
-0.0415762 -0.00591995 0.178 3
-0.0303686 -0.00456639 0.178 3
-0.0282431 -0.00456639 0.178 3
-0.0266972 -0.00456639 0.178 3
-0.0202645 -0.00455356 0.1775 3
-0.0129778 -0.00456639 0.178 3
-0.0885316 -0.002246 0.178 3
-0.0870232 -0.00318164 0.178 3
-0.0854399 -0.00321283 0.178 3
-0.0303407 -0.00348658 0.177783 3
-0.0283927 -0.00328843 0.177167 3
-0.0261864 -0.00359955 0.177333 3
-0.0242108 -0.00324077 0.177545 3
-0.0220968 -0.00316902 0.177455 3
-0.020218 -0.00338941 0.1771 3
-0.0129778 -0.00417966 0.178 3
-0.0108522 -0.0028261 0.178 3
-0.00962169 -0.00240814 0.177714 3
-0.00737398 -0.002246 0.178 3
-0.00524842 -0.002246 0.178 3
-0.00302454 -0.00249256 0.177222 3
-0.00195244 -0.00223339 0.177 3
-0.0885316 -0.00185927 0.178 3
-0.087179 -0.00185927 0.178 3
-0.0854399 -0.00185927 0.178 3
-0.0296216 -0.00146427 0.177 3
-0.028853 -0.00146427 0.177 3
-0.00928408 -0.00185509 0.1776 3
-0.00723024 -0.00149787 0.177385 3
-0.00510485 -0.00111589 0.1775 3
-0.00333382 -0.00126191 0.177118 3
-0.00195244 -0.00184883 0.177 3
0.00169835 0.00391955 0.177 3
0.00246694 0.00391955 0.177 3
-3.09694e-05 0.00488095 0.177 3
0.00102584 0.00459253 0.177 3
0.00246694 0.00430411 0.177 3
-0.0865993 0.00819574 0.178 3
-0.0852467 0.00819574 0.178 3
-0.0865993 0.00935593 0.178 3
-0.0849742 0.0094592 0.17764 3
-0.0830752 0.0096472 0.177444 3
-0.080856 0.0100328 0.177667 3
-0.0787163 0.0100893 0.177706 3
-0.0766061 0.0101314 0.177625 3
-0.0753525 0.010457 0.177 3
-0.0720861 0.010457 0.177 3
-0.0705488 0.010457 0.177 3
-0.0659373 0.010457 0.177 3
-0.064764 0.00916256 0.178 3
-0.0862128 0.0107095 0.178 3
-0.0848563 0.0113144 0.177462 3
-0.0803484 0.0108416 0.177 3
-0.0788112 0.0108416 0.177 3
-0.0766976 0.0108416 0.177 3
-0.0745619 0.011015 0.177526 3
-0.0728219 0.0110459 0.1772 3
-0.0701685 0.0107756 0.1775 3
-0.0685318 0.0111848 0.177875 3
-0.0659373 0.0108416 0.177 3
-0.0845431 0.0134294 0.177333 3
-0.0850534 0.0149635 0.178 3
-0.0830023 0.0181831 0.177333 3
-0.082799 0.0194109 0.178 3
-0.000417609 0.0209579 0.178 3
0.00112825 0.0209579 0.178 3
0.00286734 0.0209579 0.178 3
-0.0813091 0.0218015 0.177 3
-0.000753665 0.0221853 0.178 3
0.00112825 0.0221181 0.178 3
0.00295517 0.0221005 0.178 3
0.00421997 0.0219247 0.178 3
-0.0802226 0.0238583 0.178 3
-0.0790033 0.0250703 0.177 3
-0.0802226 0.0265655 0.178 3
-0.0789113 0.026432 0.177286 3
-0.0786397 0.0278782 0.177333 3
0.10586 0.0458053 0.178 3
0.106242 0.0473497 0.177786 3
0.107524 0.0472304 0.177133 3
0.104701 0.0491892 0.178 3
0.106066 0.0491894 0.177437 3
0.107187 0.0492975 0.177 3
-0.0869876 -0.0113881 0.179714 3
-0.0850823 -0.0114691 0.179545 3
-0.0830326 -0.0113861 0.179833 3
-0.0808656 -0.0114845 0.179667 3
-0.0787546 -0.0114308 0.1795 3
-0.0767531 -0.0110602 0.179833 3
-0.0744803 -0.0110704 0.18 3
-0.0723308 -0.0110705 0.18 3
-0.0703768 -0.0110705 0.18 3
-0.0692044 -0.0110704 0.18 3
-0.0845596 -0.00867554 0.179 3
-0.0825387 -0.00945334 0.179 3
-0.0809872 -0.00951318 0.179 3
-0.0797017 -0.0102312 0.179 3
-0.0763983 -0.00971261 0.179 3
-0.0746494 -0.0102311 0.179 3
-0.0725119 -0.0102312 0.179 3
-0.0703744 -0.0102312 0.179 3
-0.0682037 -0.0102556 0.179429 3
-0.0660015 -0.00959499 0.179385 3
-0.0641455 -0.00947239 0.179333 3
-0.0620603 -0.0093815 0.179353 3
-0.0598531 -0.00909085 0.1795 3
-0.0578016 -0.00905309 0.179455 3
-0.0558161 -0.00882882 0.179857 3
-0.0537675 -0.008724 0.18 3
-0.0515345 -0.00851493 0.179714 3
-0.0492732 -0.00852847 0.18 3
-0.0473192 -0.00852847 0.18 3
-0.0451697 -0.00852847 0.18 3
-0.0436065 -0.00852847 0.18 3
-0.0863999 -0.00657308 0.18 3
-0.0847715 -0.00748559 0.18 3
-0.0826165 -0.00789773 0.179 3
-0.0808676 -0.00789773 0.179 3
-0.0797017 -0.00789773 0.179 3
-0.0653222 -0.00770328 0.179 3
-0.0641563 -0.00770328 0.179 3
-0.0629904 -0.00770328 0.179 3
-0.0550233 -0.00809218 0.179 3
-0.0536631 -0.00809218 0.179 3
-0.0515345 -0.00812447 0.179714 3
-0.0491239 -0.00779454 0.179455 3
-0.0472708 -0.0076937 0.179294 3
-0.0451343 -0.00774454 0.179375 3
-0.0429349 -0.00735092 0.1794 3
-0.0411578 -0.00689271 0.179833 3
-0.0389168 -0.00676862 0.18 3
-0.037549 -0.00676862 0.18 3
-0.0408708 -0.00598647 0.18 3
-0.0389168 -0.00598647 0.18 3
-0.0367674 -0.00598647 0.18 3
-0.0346179 -0.00598647 0.18 3
-0.0323309 -0.00538371 0.179417 3
-0.0304297 -0.00558093 0.1795 3
-0.0285591 -0.00553587 0.179444 3
-0.0261509 -0.0049322 0.179556 3
-0.0241941 -0.00480096 0.1795 3
-0.0221446 -0.00483762 0.179545 3
-0.0203535 -0.00520431 0.18 3
-0.0138279 -0.0051754 0.179 3
-0.0119168 -0.00440988 0.1795 3
-0.00687062 -0.00442216 0.18 3
-0.00530739 -0.0046177 0.18 3
-0.0320938 -0.00361978 0.179 3
-0.011516 -0.00362653 0.179333 3
-0.00938473 -0.003241 0.1795 3
-0.00743612 -0.003241 0.1795 3
-0.00528311 -0.0031592 0.179154 3
-0.00372336 -0.00323088 0.179 3
-0.0882517 -0.00089746 0.179 3
-0.0870858 -0.00089746 0.179 3
-0.0857255 -0.00089746 0.179 3
-0.0052779 -0.00186972 0.179 3
-0.0885493 0.000270757 0.18 3
-0.0868537 0.00104751 0.179077 3
-0.0857823 0.00104823 0.1792 3
-0.0882517 0.00376939 0.179 3
-0.0869315 0.00328501 0.179083 3
-0.0857964 0.00304546 0.17925 3
-0.0882517 0.005325 0.179 3
-0.087043 0.00530472 0.179257 3
-0.0860091 0.00515921 0.18 3
0.0013337 0.00494989 0.1795 3
-0.0882517 0.00726952 0.179 3
-0.0870531 0.0072249 0.179048 3
-0.0851277 0.00751684 0.179538 3
-0.0828826 0.00828782 0.18 3
-0.0809286 0.00828782 0.18 3
-0.0784665 0.00805318 0.18 3
-0.0766297 0.00828782 0.18 3
-0.0752619 0.00828782 0.18 3
-0.084405 0.0086548 0.1795 3
-0.0827188 0.00900822 0.179385 3
-0.0808879 0.00903566 0.179333 3
-0.0787465 0.00903566 0.179333 3
-0.0765121 0.00914815 0.179294 3
-0.0746783 0.00949579 0.179538 3
-0.0724296 0.0096617 0.179455 3
-0.0703756 0.00962868 0.1795 3
-0.0682936 0.00986145 0.179778 3
-0.0663823 0.00982422 0.1795 3
-0.0867445 0.0119686 0.1795 3
-0.0857256 0.0123253 0.179 3
-0.0678483 0.0107696 0.179 3
-0.0856608 0.0137728 0.179 3
-0.0844949 0.0165384 0.179 3
-0.0236753 0.0165004 0.18 3
-0.0228937 0.0165004 0.18 3
-0.0239749 0.0176215 0.18 3
-0.022782 0.0180089 0.18 3
0.00387658 0.0188469 0.18 3
0.005049 0.0188469 0.18 3
-0.0219167 0.019238 0.18 3
-0.00266944 0.0204112 0.18 3
-0.00100663 0.0201679 0.179583 3
0.00113776 0.0201584 0.1795 3
0.003124 0.0201146 0.179524 3
0.00502846 0.0199391 0.17928 3
-0.00236314 0.0212701 0.179 3
-0.00158586 0.02127 0.179 3
0.00385504 0.0220479 0.179 3
0.00507647 0.0220478 0.179 3
-0.082101 0.0249086 0.18 3
-0.0813194 0.0249086 0.18 3
-0.000490632 0.0244116 0.179091 3
0.00113586 0.0242147 0.1792 3
0.0030171 0.0241899 0.179391 3
0.00504584 0.0239133 0.179867 3
-0.082101 0.0256907 0.18 3
-0.0813194 0.0256907 0.18 3
0.10236 0.0435825 0.18 3
0.103473 0.0438429 0.179333 3
0.102201 0.0450793 0.179909 3
0.103858 0.0451478 0.179194 3
0.105483 0.045771 0.179 3
0.100797 0.0464178 0.18 3
0.102137 0.0466412 0.18 3
0.104015 0.0470892 0.179242 3
0.105484 0.0473267 0.179 3
0.104706 0.0486878 0.179 3
0.105483 0.0488823 0.179 3
-0.0887429 -0.0129729 0.182 3
-0.0871408 -0.0133999 0.18175 3
-0.0850349 -0.0133168 0.181625 3
-0.0829922 -0.0133445 0.181667 3
-0.0811107 -0.0132338 0.1815 3
-0.0787183 -0.0129491 0.181667 3
-0.0766908 -0.0129729 0.182 3
-0.0745175 -0.0129729 0.182 3
-0.0725418 -0.0129729 0.182 3
-0.0890653 -0.0121161 0.18175 3
-0.0874039 -0.0123117 0.181 3
-0.0851115 -0.0125083 0.181 3
-0.0829501 -0.0125083 0.181 3
-0.0807887 -0.0125083 0.181 3
-0.078499 -0.0123954 0.1815 3
-0.0766719 -0.0121381 0.181333 3
-0.0745065 -0.0121381 0.181333 3
-0.0723974 -0.0121067 0.181286 3
-0.0705005 -0.0119733 0.181833 3
-0.0682043 -0.0115581 0.1815 3
-0.0660949 -0.0112713 0.181429 3
-0.0641562 -0.0111781 0.18175 3
-0.0619434 -0.0110386 0.1814 3
-0.059858 -0.0110019 0.181706 3
-0.0579196 -0.0108085 0.1815 3
-0.0558357 -0.0108639 0.182 3
-0.0543649 -0.0106003 0.182 3
-0.0456716 -0.0106003 0.182 3
-0.0350026 -0.0107981 0.182 3
-0.0613363 -0.0101488 0.181 3
-0.0597644 -0.0101488 0.181 3
-0.0576551 -0.0101582 0.181167 3
-0.0556704 -0.00974895 0.181294 3
-0.0535128 -0.00959238 0.181625 3
-0.0514381 -0.00939755 0.181667 3
-0.0493469 -0.00936107 0.181437 3
-0.0471569 -0.00945406 0.181412 3
-0.0451515 -0.00958645 0.1815 3
-0.0431725 -0.00915064 0.181556 3
-0.0409298 -0.00862323 0.182 3
-0.0387565 -0.00862323 0.182 3
-0.0365549 -0.0087927 0.182 3
-0.0345369 -0.0093717 0.182 3
-0.0327854 -0.00906258 0.182 3
-0.018999 -0.00901865 0.182 3
-0.0180291 -0.00894675 0.182 3
-0.0867671 -0.00763467 0.182 3
-0.0852425 -0.00746164 0.181 3
-0.0426698 -0.0081826 0.181 3
-0.0409121 -0.00783088 0.181375 3
-0.0388765 -0.00780442 0.181333 3
-0.0367034 -0.00741903 0.181185 3
-0.0346123 -0.00743678 0.181231 3
-0.0325743 -0.00743146 0.181481 3
-0.0304743 -0.00718279 0.181455 3
-0.0285875 -0.00696937 0.181833 3
-0.0265069 -0.00684383 0.182 3
-0.0217651 -0.00684383 0.182 3
-0.0197477 -0.00716641 0.182 3
-0.0181175 -0.00774113 0.182 3
-0.0153854 -0.00734309 0.181333 3
-0.0146524 -0.00684383 0.182 3
-0.0348102 -0.00601972 0.181 3
-0.0277366 -0.00601973 0.181 3
-0.0263612 -0.00601973 0.181 3
-0.0242875 -0.0060419 0.181667 3
-0.0220385 -0.00601972 0.181 3
-0.0200736 -0.00601973 0.181 3
-0.0149648 -0.00601972 0.181 3
-0.0135094 -0.0057331 0.18125 3
-0.0112951 -0.00502503 0.181571 3
-0.00950584 -0.00446639 0.1818 3
-0.00722712 -0.00524453 0.181364 3
-0.00592634 -0.00562647 0.181 3
-0.0318629 -0.00287374 0.181 3
-0.0312605 -0.00258511 0.1815 3
-0.0310511 -0.00190105 0.182 3
-0.0890412 0.00184526 0.181 3
-0.0865696 0.00383256 0.182 3
-0.0865696 0.00561196 0.182 3
-0.080308 0.00530779 0.182 3
-0.0788821 0.00568385 0.182 3
-0.0774811 0.00600738 0.182 3
-0.0009538 0.00579903 0.181667 3
0.0011532 0.00580328 0.1818 3
-0.0864115 0.00687731 0.182 3
-0.0848139 0.00727646 0.181625 3
-0.0828256 0.00746347 0.181375 3
-0.0808232 0.00728383 0.18152 3
-0.0786047 0.00704543 0.181304 3
-0.0768032 0.00744618 0.181579 3
-0.0744549 0.00794769 0.181706 3
-0.0723427 0.00796914 0.181667 3
-0.0706068 0.00812885 0.1817 3
-0.0683927 0.00837991 0.182 3
-0.0666415 0.00833387 0.181 3
-0.0743046 0.00872712 0.181 3
-0.0723397 0.00872712 0.181 3
-0.0703705 0.00875122 0.1815 3
-0.0685242 0.00910866 0.181385 3
-0.0666415 0.00912037 0.181 3
-0.0865696 0.0166838 0.182 3
-0.0856223 0.0156877 0.181 3
-0.0219446 0.0161893 0.181231 3
-0.0203952 0.0160775 0.182 3
0.00174633 0.0166838 0.182 3
0.00321716 0.0164202 0.182 3
0.0043148 0.0166838 0.182 3
-0.086372 0.0174746 0.182 3
-0.0857793 0.0176723 0.182 3
-0.0218478 0.0177765 0.18105 3
-0.0202503 0.0175675 0.181765 3
-0.00714453 0.0184632 0.182 3
-0.00508098 0.0181117 0.182 3
-0.00336239 0.0182372 0.182 3
-0.000878567 0.0183357 0.181857 3
0.00120461 0.0179317 0.181545 3
0.00311783 0.0178061 0.18136 3
0.00465566 0.0179 0.181077 3
-0.00700118 0.0193498 0.181667 3
-0.00514039 0.0195415 0.181 3
-0.00326282 0.0194978 0.181 3
-0.00101411 0.0191482 0.181 3
0.00114727 0.0191482 0.181 3
0.00291567 0.0191482 0.181 3
0.00389811 0.0248503 0.181 3
0.00468407 0.0248503 0.181 3
-0.000386757 0.0259593 0.1816 3
0.00115043 0.0263002 0.1815 3
0.00315777 0.0262499 0.181476 3
0.00469442 0.0260889 0.1814 3
0.00135118 0.0275579 0.182 3
0.00312935 0.0275579 0.182 3
0.00470995 0.0275579 0.182 3
-0.00510293 0.0365208 0.182 3
-0.00378577 0.0362571 0.182 3
0.100731 0.0419908 0.182 3
0.101324 0.0419908 0.182 3
0.100731 0.0423862 0.182 3
0.101793 0.0431884 0.181538 3
0.100534 0.0451541 0.182 3
0.101449 0.0451261 0.181455 3
0.100534 0.0463404 0.182 3
0.101324 0.0463404 0.182 3
-0.0893446 -0.0193623 0.183273 3
-0.0914674 -0.0176646 0.1835 3
-0.0892527 -0.0177995 0.183333 3
-0.0916742 -0.0157064 0.183917 3
-0.0891916 -0.0158796 0.183182 3
-0.0872999 -0.0154572 0.183882 3
-0.0853522 -0.0148858 0.184 3
-0.0825273 -0.0147145 0.184 3
-0.0809292 -0.0147145 0.184 3
-0.0914492 -0.0136485 0.184 3
-0.0894954 -0.0139056 0.183 3
-0.0869795 -0.0144247 0.183091 3
-0.0851239 -0.0143147 0.184 3
-0.082899 -0.0143752 0.1835 3
-0.0806361 -0.0138652 0.183333 3
-0.0787874 -0.0136902 0.183667 3
-0.0766216 -0.0136591 0.18325 3
-0.0744455 -0.0136618 0.183286 3
-0.0721711 -0.0134666 0.183714 3
-0.0703492 -0.0128804 0.1835 3
-0.0683453 -0.0129155 0.184 3
-0.0661481 -0.0129155 0.184 3
-0.0639509 -0.0129155 0.184 3
-0.0621531 -0.0129155 0.184 3
-0.0913161 -0.0117163 0.184 3
-0.0900251 -0.011255 0.183 3
-0.0659872 -0.0120502 0.183 3
-0.0640006 -0.0120502 0.183 3
-0.062014 -0.0120502 0.183 3
-0.0599906 -0.0120831 0.1835 3
-0.0577302 -0.0117333 0.183556 3
-0.0556867 -0.0117282 0.183286 3
-0.0538832 -0.011087 0.1835 3
-0.0513261 -0.0109876 0.1835 3
-0.0494794 -0.0110972 0.183667 3
-0.047467 -0.0106935 0.1836 3
-0.0447306 -0.0106586 0.183 3
-0.0430851 -0.0110551 0.184 3
-0.0409801 -0.0114592 0.184 3
-0.0388245 -0.0112704 0.18325 3
-0.0367842 -0.0111755 0.183 3
-0.0322493 -0.0108693 0.1832 3
-0.0303936 -0.0109167 0.184 3
-0.0534716 -0.010261 0.183 3
-0.051485 -0.010261 0.183 3
-0.0492998 -0.010261 0.183 3
-0.0476406 -0.0102891 0.1835 3
-0.0428102 -0.00992966 0.183 3
-0.040956 -0.0096646 0.183 3
-0.0389694 -0.0096646 0.183 3
-0.0369431 -0.00974412 0.183 3
-0.0323224 -0.00971489 0.183111 3
-0.030462 -0.00945731 0.183643 3
-0.0284656 -0.00946539 0.184 3
-0.0267182 -0.00907778 0.184 3
-0.0216048 -0.00901781 0.184 3
-0.0201341 -0.00908508 0.183333 3
-0.0172145 -0.0091572 0.1832 3
-0.0159534 -0.00907142 0.183692 3
-0.0114177 -0.00871799 0.184 3
-0.0102192 -0.00871799 0.184 3
-0.0304271 -0.00827301 0.183 3
-0.0282932 -0.00789049 0.183333 3
-0.0261414 -0.00774016 0.183444 3
-0.0241351 -0.0073 0.1835 3
-0.0221281 -0.00765647 0.183556 3
-0.0202954 -0.00797481 0.183 3
-0.0168108 -0.00831822 0.184 3
-0.0153461 -0.00805171 0.184 3
-0.0135849 -0.00730376 0.1836 3
-0.0115842 -0.00748537 0.184 3
-0.00966576 -0.00740242 0.183818 3
-0.00807776 -0.00708023 0.183 3
-0.0127463 -0.00608625 0.183 3
-0.0115543 -0.00608624 0.183 3
-0.00956772 -0.00568865 0.183 3
-0.00807776 -0.00588745 0.183 3
-0.0908198 0.00186564 0.183 3
-0.0909166 0.00327503 0.184 3
-0.0875209 0.00327503 0.184 3
-0.0833263 0.00387468 0.184 3
-0.0866512 0.00519991 0.183429 3
-0.0851022 0.00566263 0.183667 3
-0.0831799 0.00529841 0.183571 3
-0.0816814 0.0052452 0.183 3
-0.0781761 0.00518389 0.183167 3
-0.0769785 0.00591523 0.18375 3
-0.00242914 0.00587352 0.184 3
-0.00109522 0.00585223 0.183333 3
-0.0864493 0.00643798 0.183 3
-0.0848316 0.00660838 0.183 3
-0.0832991 0.00660838 0.183 3
-0.0816814 0.00643798 0.183 3
-0.0765556 0.0067479 0.183333 3
-0.0745296 0.00703437 0.183 3
-0.0723412 0.0070536 0.1835 3
-0.0702611 0.00740915 0.183556 3
-0.0684165 0.00773368 0.183429 3
-0.0669471 0.00787234 0.184 3
-0.00242914 0.00667304 0.184 3
-0.000887242 0.00677172 0.183571 3
0.000764705 0.00705468 0.1835 3
-0.0663846 0.00862475 0.183 3
-0.0191034 0.0143899 0.183 3
-0.0177316 0.0141933 0.183889 3
-0.019444 0.0157814 0.183 3
-0.0178908 0.015854 0.183563 3
-0.0160119 0.0162675 0.184 3
-0.0135359 0.0163136 0.183909 3
-0.0115964 0.0164368 0.183667 3
-0.00946363 0.0164168 0.183706 3
-0.00757433 0.016406 0.183727 3
-0.00501674 0.0164368 0.183667 3
-0.00327988 0.0164126 0.183714 3
-0.000910606 0.016369 0.1838 3
0.00118188 0.0160017 0.183476 3
0.00255057 0.0157815 0.183 3
-0.0867219 0.0186661 0.184 3
-0.0191034 0.0175706 0.183 3
-0.017782 0.0175114 0.183118 3
-0.0155236 0.0174223 0.184 3
-0.0136515 0.0177748 0.183296 3
-0.0115543 0.0175706 0.183 3
-0.0094542 0.0178546 0.183 3
-0.00740076 0.0175775 0.183261 3
-0.00550336 0.0172956 0.18325 3
-0.0029479 0.0174535 0.183167 3
-0.00122678 0.0174534 0.183316 3
0.000762621 0.017173 0.183 3
-0.084264 0.0207514 0.183 3
-0.0838667 0.0207514 0.183 3
-0.0863224 0.0226637 0.184 3
-0.0850458 0.0222353 0.183909 3
-0.0838667 0.021149 0.183 3
-0.0846827 0.0237092 0.183333 3
-0.0834694 0.0241309 0.183 3
-0.00242914 0.0262617 0.184 3
-0.00128232 0.0265937 0.183143 3
-0.000642333 0.0281534 0.183529 3
0.00106657 0.0285957 0.183059 3
0.00314655 0.0287033 0.183 3
0.00473583 0.0287033 0.183 3
-3.21941e-05 0.0304592 0.184 3
0.00116356 0.0304071 0.18368 3
0.00315342 0.0303612 0.1834 3
0.00475337 0.030405 0.183667 3
0.00136602 0.032458 0.184 3
0.00316374 0.032458 0.184 3
0.00462855 0.0321915 0.184 3
0.00140234 0.0345659 0.184 3
0.00313619 0.0346223 0.184 3
0.00436222 0.0344569 0.184 3
-0.00462635 0.0374551 0.184 3
-0.00382737 0.0374551 0.184 3
0.00176551 0.0360559 0.184 3
0.002964 0.0360559 0.184 3
-3.21941e-05 0.0408531 0.184 3
0.00116628 0.0408531 0.184 3
0.0986423 0.0416527 0.184 3
0.099752 0.0413862 0.184 3
-3.21941e-05 0.0424522 0.184 3
0.00116628 0.0424522 0.184 3
0.0984925 0.0433017 0.184 3
0.099809 0.0429925 0.183629 3
0.101036 0.0431658 0.183 3
0.0984026 0.0446909 0.184 3
0.0997527 0.0450035 0.183296 3
0.101086 0.0442095 0.183 3
-0.0890007 -0.0196177 0.185 3
-0.0954725 -0.0176472 0.1854 3
-0.093776 -0.0175187 0.185 3
-0.0886547 -0.0180537 0.185444 3
-0.0876083 -0.0171268 0.185727 3
-0.0954273 -0.0155983 0.185 3
-0.0938207 -0.0155983 0.185 3
-0.0868845 -0.0162188 0.1852 3
-0.0851057 -0.0158836 0.185545 3
-0.083058 -0.0156945 0.185333 3
-0.0808187 -0.0153707 0.185714 3
-0.0787729 -0.0152519 0.185667 3
-0.0767574 -0.0152519 0.185667 3
-0.0748635 -0.0150689 0.1854 3
-0.0723894 -0.0148478 0.185667 3
-0.0702997 -0.0148744 0.186 3
-0.0682805 -0.0148744 0.186 3
-0.0662613 -0.0148744 0.186 3
-0.0640403 -0.0148744 0.186 3
-0.0953106 -0.0136167 0.1854 3
-0.0934362 -0.0136338 0.185167 3
-0.0801641 -0.0143925 0.185 3
-0.0787583 -0.0143925 0.185 3
-0.07675 -0.0143925 0.185 3
-0.0745408 -0.0143925 0.185 3
-0.0721741 -0.0142807 0.1855 3
-0.0703155 -0.0140165 0.185333 3
-0.0683035 -0.0140165 0.185333 3
-0.0661516 -0.0139898 0.185294 3
-0.0639506 -0.0140449 0.185375 3
-0.0617949 -0.0136352 0.185625 3
-0.0599488 -0.0131413 0.185571 3
-0.0577808 -0.013056 0.186 3
-0.0557617 -0.013056 0.186 3
-0.0545501 -0.013056 0.186 3
-0.0515214 -0.013056 0.186 3
-0.0444543 -0.01346 0.186 3
-0.0432231 -0.0131438 0.185333 3
-0.0933855 -0.0119783 0.186 3
-0.0550602 -0.0121818 0.185 3
-0.0533127 -0.0119432 0.185444 3
-0.0514452 -0.0120211 0.185 3
-0.0493008 -0.0121046 0.185571 3
-0.047252 -0.0117733 0.185455 3
-0.0451638 -0.0118394 0.185421 3
-0.043171 -0.0121416 0.185 3
-0.0283496 -0.0109761 0.185 3
-0.0275462 -0.0101721 0.185 3
-0.0259396 -0.00974788 0.185 3
-0.0241528 -0.00957805 0.18516 3
-0.0225564 -0.00969292 0.185 3
-0.0150947 -0.00936828 0.185 3
-0.0136889 -0.00916731 0.185 3
-0.0121396 -0.00928215 0.185 3
-0.0255379 -0.00836343 0.185 3
-0.0241321 -0.00836343 0.185 3
-0.0229272 -0.00836343 0.185 3
-0.0136889 -0.00836343 0.185 3
-0.0124839 -0.00836343 0.185 3
-0.0910091 0.00108216 0.185 3
-0.0884722 0.00149212 0.186 3
-0.0926156 0.00268992 0.185 3
-0.0914107 0.00268992 0.185 3
-0.0884722 0.00270446 0.186 3
-0.0870804 0.00390276 0.185333 3
-0.0860492 0.00391679 0.186 3
-0.0785783 0.00411885 0.186 3
-0.0865908 0.00469961 0.185 3
-0.0853857 0.00469961 0.185 3
-0.0780947 0.00470808 0.185333 3
-0.0768645 0.00545576 0.185667 3
-0.0745402 0.0057243 0.185667 3
-0.0723317 0.0061064 0.185 3
-0.0703104 0.00612291 0.1855 3
-0.0686843 0.00613941 0.186 3
-0.0759467 0.00650834 0.185 3
-0.0745408 0.00650834 0.185 3
-0.0723317 0.00650834 0.185 3
-0.0703104 0.00652593 0.1855 3
-0.0684003 0.00698024 0.185231 3
-0.0667628 0.00729509 0.1856 3
-0.00244675 0.00772878 0.185333 3
-0.00116273 0.00774202 0.185062 3
0.000770957 0.0081161 0.185 3
-0.00245555 0.0089682 0.186 3
-0.000969209 0.00932078 0.185821 3
0.000542576 0.00912165 0.185571 3
-0.0143686 0.0122011 0.186 3
-0.0169022 0.0141452 0.185 3
-0.0156778 0.0138403 0.185609 3
-0.0140392 0.0138601 0.186 3
-0.0115418 0.0146258 0.186 3
-0.00932073 0.0146258 0.186 3
-0.00730156 0.0146258 0.186 3
-0.00528239 0.0146258 0.186 3
-0.00317348 0.0143564 0.186 3
-0.00091592 0.014242 0.185938 3
0.00113276 0.0139724 0.185526 3
-0.0169022 0.015351 0.185 3
-0.015579 0.0155711 0.185105 3
-0.0137136 0.015378 0.185333 3
-0.0116286 0.0153562 0.185375 3
-0.00942711 0.0153984 0.185294 3
-0.00717934 0.015493 0.185294 3
-0.00536379 0.0155128 0.185529 3
-0.00325152 0.015378 0.185333 3
-0.00103838 0.0153735 0.185278 3
0.000943099 0.0151214 0.185 3
-0.0868646 0.0203935 0.185 3
-0.0857874 0.0209782 0.185 3
-0.0867916 0.0217821 0.185 3
-0.0857874 0.0217821 0.185 3
-0.00284401 0.0270073 0.185 3
-0.00204068 0.0270073 0.185 3
-0.00467663 0.0289718 0.186 3
-0.00320624 0.0283898 0.185696 3
-0.00177291 0.0284811 0.185 3
-0.00467663 0.02978 0.186 3
-0.00307683 0.0300131 0.186 3
-0.0011965 0.0303791 0.185407 3
-0.00245555 0.0315985 0.186 3
-0.000885455 0.032507 0.185423 3
0.000369294 0.0326344 0.185 3
-0.000884797 0.0346934 0.185741 3
0.000369294 0.0346441 0.185 3
-0.00649389 0.0376602 0.186 3
-0.00516837 0.0362297 0.185111 3
-0.00333052 0.0365152 0.186 3
-0.000405287 0.0366976 0.185846 3
0.00105814 0.0367973 0.185143 3
0.00289977 0.0369754 0.185 3
-0.00609006 0.0380643 0.186 3
-0.000378625 0.0389991 0.185643 3
0.00117269 0.0388713 0.185033 3
0.00257844 0.0380606 0.185 3
0.0983011 0.0396807 0.186 3
-0.000838068 0.0410574 0.185375 3
0.098004 0.0410535 0.185857 3
0.0991165 0.0411182 0.185364 3
-0.00280169 0.0432023 0.186 3
-0.00112483 0.0430692 0.185583 3
0.0012621 0.0436915 0.185111 3
0.0979928 0.0429479 0.1858 3
0.0987767 0.0430849 0.185 3
-0.00245555 0.044126 0.186 3
-0.000895914 0.0451711 0.186 3
0.00114789 0.0452917 0.186 3
0.0978972 0.044126 0.186 3
-0.000436378 0.0467528 0.186 3
0.000775125 0.0467527 0.186 3
-0.0891002 -0.0197059 0.18775 3
-0.0887574 -0.0183647 0.1878 3
-0.0871366 -0.0177723 0.187471 3
-0.0848539 -0.0173766 0.187375 3
-0.0828927 -0.0172809 0.188 3
-0.0808518 -0.0172809 0.188 3
-0.079015 -0.0172809 0.188 3
-0.0765647 -0.017189 0.187 3
-0.0659534 -0.0172809 0.188 3
-0.0643207 -0.0172809 0.188 3
-0.0824518 -0.0163764 0.187 3
-0.0808278 -0.0163764 0.187 3
-0.0787977 -0.0163764 0.187 3
-0.0766997 -0.0164056 0.187333 3
-0.0744372 -0.0160548 0.187545 3
-0.0722909 -0.0160139 0.1875 3
-0.0702554 -0.0160139 0.1875 3
-0.0683847 -0.01574 0.187714 3
-0.0660531 -0.0159811 0.187125 3
-0.0641632 -0.0159567 0.187273 3
-0.0622707 -0.0153141 0.187667 3
-0.0608512 -0.0150344 0.188 3
-0.0620575 -0.014574 0.187333 3
-0.0596636 -0.014003 0.187231 3
-0.0575858 -0.0140132 0.188 3
-0.0555449 -0.0140132 0.188 3
-0.0535647 -0.0135697 0.1875 3
-0.0513498 -0.0138654 0.187833 3
-0.0495627 -0.0133567 0.187375 3
-0.0473318 -0.0131823 0.1878 3
-0.045521 -0.013481 0.1874 3
-0.0967707 -0.0123794 0.188 3
-0.0956148 -0.0123355 0.187333 3
-0.0894235 -0.000942582 0.188 3
-0.0891174 0.00099759 0.188 3
-0.0887728 0.00264347 0.187857 3
-0.0873456 0.00366731 0.187364 3
-0.0856998 0.00393785 0.187 3
-0.0802395 0.00355045 0.188 3
-0.0788664 0.0038067 0.187714 3
-0.0767701 0.00416314 0.188 3
-0.0767677 0.00475042 0.187 3
-0.0745275 0.00487105 0.18775 3
-0.0722909 0.00516941 0.1875 3
-0.0703105 0.00531886 0.187375 3
-0.0682601 0.00558063 0.187611 3
-0.0668972 0.00588258 0.1875 3
-0.0678356 0.0065787 0.187 3
-0.0668206 0.0065787 0.187 3
-0.00307776 0.00779756 0.187 3
-0.00297626 0.00952428 0.187 3
-0.00206275 0.0100321 0.187 3
-0.0130249 0.011962 0.187 3
-0.0113391 0.0116258 0.187905 3
-0.00973493 0.0118296 0.188 3
-0.00656372 0.0123323 0.188 3
-0.00506707 0.01206 0.188 3
-0.00318523 0.0117409 0.187 3
-0.00104773 0.0114541 0.187 3
0.000705473 0.0116757 0.187 3
-0.0131264 0.0133332 0.187 3
-0.011408 0.0134937 0.18712 3
-0.00939656 0.0135218 0.18752 3
-0.0073225 0.0136774 0.187524 3
-0.0053238 0.0135161 0.18744 3
-0.00331943 0.0133695 0.187 3
-0.00114923 0.0131808 0.187 3
0.00061689 0.0129168 0.187 3
-0.00876183 0.0313621 0.187 3
-0.00734081 0.0309558 0.187 3
-0.00554279 0.031188 0.187 3
-0.00348377 0.0309558 0.187 3
-0.00876183 0.0321747 0.187 3
-0.00735372 0.0326377 0.18732 3
-0.00531079 0.0325809 0.187 3
-0.0033146 0.0326148 0.187 3
-0.00206275 0.0327841 0.187 3
-0.00697189 0.0341848 0.188 3
-0.0050865 0.0344066 0.187125 3
-0.00328076 0.0346124 0.187 3
-0.00206275 0.0346124 0.187 3
-0.00693481 0.0372532 0.187 3
-0.00541229 0.0365422 0.187 3
-0.00291987 0.0362826 0.187 3
-0.00168797 0.0367688 0.187 3
-0.00732577 0.0388407 0.187 3
-0.00538404 0.0392636 0.187222 3
-0.00317666 0.0389307 0.187667 3
-0.00144512 0.0386952 0.187095 3
0.0961528 0.0392478 0.1878 3
0.097242 0.0395578 0.187333 3
-0.00693481 0.0403004 0.187 3
-0.00515115 0.0403068 0.187571 3
-0.0029779 0.0410341 0.187778 3
-0.00176008 0.0408439 0.187167 3
0.0942558 0.0417412 0.188 3
0.0960903 0.0411129 0.187565 3
0.0973408 0.0409775 0.187 3
-0.00334409 0.0424249 0.187286 3
-0.00206275 0.0425349 0.187 3
0.0942558 0.0421497 0.188 3
0.0957925 0.0423868 0.187385 3
0.0972055 0.0429412 0.187 3
-0.0884629 -0.0198366 0.189 3
-0.0870267 -0.0198366 0.189 3
-0.0851118 -0.0195628 0.189 3
-0.0828625 -0.0194602 0.189333 3
-0.0808869 -0.0193223 0.19 3
-0.0788243 -0.0193223 0.19 3
-0.0773393 -0.0191572 0.19 3
-0.072224 -0.0189095 0.19 3
-0.0706146 -0.0189759 0.190667 3
-0.0689239 -0.0189095 0.19 3
-0.0870267 -0.0186047 0.189 3
-0.0848724 -0.0185021 0.189 3
-0.0829233 -0.0183994 0.189 3
-0.0810147 -0.0183031 0.189417 3
-0.0786455 -0.0179942 0.189357 3
-0.0765878 -0.01793 0.189187 3
-0.0747163 -0.0179888 0.189 3
-0.0725558 -0.0179046 0.189074 3
-0.0703595 -0.01789 0.189727 3
-0.0681798 -0.0177699 0.189333 3
-0.0633751 -0.0177197 0.1892 3
-0.0619899 -0.0170604 0.190429 3
-0.068356 -0.0165516 0.189 3
-0.0634318 -0.0165516 0.189 3
-0.0618372 -0.016165 0.189706 3
-0.0598961 -0.0153613 0.1895 3
-0.057839 -0.0153612 0.1895 3
-0.0556974 -0.0153959 0.189917 3
-0.0534751 -0.0153295 0.189667 3
-0.051484 -0.0154398 0.19 3
-0.0495296 -0.015225 0.190375 3
-0.0470471 -0.0151657 0.1905 3
-0.0456927 -0.0156695 0.19075 3
-0.0490696 -0.0140878 0.189 3
-0.047223 -0.0140878 0.189 3
-0.0978811 -0.0114027 0.1908 3
-0.0961501 -0.0116855 0.19 3
-0.0903748 -0.00281022 0.19 3
-0.0966562 -0.000957624 0.191 3
-0.0958268 -0.000957624 0.191 3
-0.0942937 -0.000952609 0.19 3
-0.0904155 -0.00102331 0.190667 3
-0.0900211 -0.000542648 0.191 3
-0.0966562 0.000287302 0.191 3
-0.0954313 0.000709778 0.190474 3
-0.0939206 0.00122874 0.189 3
-0.0890623 0.000788964 0.19016 3
-0.0873368 0.00105178 0.189929 3
-0.0857957 0.0017215 0.189 3
-0.0948233 0.00213213 0.189 3
-0.094413 0.00213213 0.189 3
-0.0885752 0.00248893 0.189429 3
-0.0869873 0.00271383 0.189176 3
-0.0857957 0.00274807 0.189 3
-0.0808941 0.00276988 0.1905 3
-0.0786986 0.00308821 0.1898 3
-0.0767581 0.00325826 0.190217 3
-0.0746939 0.00338321 0.1902 3
-0.0725832 0.00341406 0.190154 3
-0.0705126 0.00357769 0.190048 3
-0.0689749 0.00379983 0.190333 3
-0.0702025 0.00459591 0.189 3
-0.0679919 0.00457862 0.189615 3
-0.0667879 0.00471018 0.1895 3
-0.00666846 0.00837933 0.191 3
-0.00541433 0.00836178 0.1906 3
-0.00393137 0.00788096 0.189 3
-0.00885554 0.0101394 0.189 3
-0.0072796 0.00983681 0.190412 3
-0.00552695 0.00947659 0.190429 3
-0.00393137 0.00911285 0.189 3
-0.00912911 0.0112345 0.189 3
-0.00746988 0.0115666 0.189417 3
-0.00578339 0.011381 0.189167 3
-0.0076245 0.0128085 0.189 3
0.093568 0.0370719 0.191 3
0.0945159 0.0374276 0.191 3
0.0936693 0.0386818 0.190792 3
0.0952761 0.0387657 0.189767 3
-0.00520447 0.0416755 0.1905 3
-0.00393137 0.0409367 0.189 3
0.0939062 0.0406596 0.190706 3
0.0951638 0.0407421 0.189448 3
-0.00507882 0.0428915 0.191 3
-0.0636049 -0.0193172 0.192 3
-0.0636049 -0.0184828 0.192 3
-0.0622883 -0.017968 0.192444 3
-0.059917 -0.0174713 0.192625 3
-0.0577603 -0.0175012 0.192667 3
-0.0556687 -0.0175012 0.192667 3
-0.0535772 -0.0175012 0.192667 3
-0.0515379 -0.017443 0.192385 3
-0.0498986 -0.0171115 0.193 3
-0.0598532 -0.0166057 0.192 3
-0.0575604 -0.0166057 0.192 3
-0.0554761 -0.0166057 0.192 3
-0.0533918 -0.0166057 0.192 3
-0.0513601 -0.016623 0.1922 3
-0.0492558 -0.0161742 0.192273 3
-0.0475557 -0.01598 0.192 3
-0.0974645 -0.0110085 0.1926 3
-0.0959921 -0.0110313 0.193 3
-0.0991349 -0.0101927 0.193 3
-0.0976683 -0.0101927 0.193 3
-0.0964112 -0.0101927 0.193 3
-0.097207 -0.00333202 0.192857 3
-0.0960104 -0.00333202 0.192857 3
-0.0969537 -0.00200551 0.192 3
-0.09612 -0.00200551 0.192 3
-0.0911732 -0.00138697 0.193 3
-0.0896821 -0.00054691 0.1925 3
-0.082623 0.0010852 0.1928 3
-0.0810387 0.00111552 0.192737 3
-0.0788146 0.00133558 0.192667 3
-0.0767231 0.00133558 0.192667 3
-0.0749176 0.00147333 0.192444 3
-0.0724832 0.00175186 0.192333 3
-0.0710597 0.00175793 0.193 3
-0.0823637 0.00216597 0.192 3
-0.0809046 0.00216597 0.192 3
-0.0788203 0.00216597 0.192 3
-0.076736 0.00216597 0.192 3
-0.0746517 0.00216597 0.192 3
-0.0724832 0.00216973 0.192333 3
-0.0702919 0.00269171 0.192333 3
-0.068368 0.00321612 0.1925 3
-0.0669398 0.003626 0.192 3
0.0900581 0.0353036 0.193 3
0.0913205 0.0351219 0.192538 3
0.0925095 0.0353293 0.192 3
0.0897826 0.0369834 0.192818 3
0.0911862 0.0367106 0.192344 3
0.0929264 0.0367893 0.192 3
0.0898 0.0380407 0.192 3
0.0915796 0.0385541 0.192 3
0.0928506 0.0389509 0.192 3
-0.00670337 0.0417951 0.192 3
-0.00628651 0.0417951 0.192 3
0.0931349 0.0403351 0.192 3
-0.00670337 0.0422122 0.192 3
-0.00628651 0.0422122 0.192 3
-0.0631169 -0.0213137 0.195 3
-0.0626935 -0.0213137 0.195 3
-0.0633634 -0.0200452 0.1942 3
-0.0621238 -0.0198183 0.194875 3
-0.0597299 -0.019619 0.195 3
-0.0579517 -0.0194919 0.195 3
-0.0563429 -0.0189835 0.195 3
-0.0541586 -0.0195183 0.194 3
-0.0617402 -0.0186754 0.194 3
-0.0598448 -0.0186753 0.194 3
-0.0576504 -0.0186648 0.194091 3
-0.0553732 -0.0186588 0.194143 3
-0.0537374 -0.0186754 0.194 3
-0.0508391 -0.0179244 0.195 3
-0.0493438 -0.017683 0.194667 3
-0.0474193 -0.0172002 0.194 3
-0.0488935 -0.0167787 0.194 3
-0.0474193 -0.0167787 0.194 3
-0.0990167 -0.00919179 0.194 3
-0.0976254 -0.00919969 0.194167 3
-0.0965635 -0.00923917 0.195 3
-0.0990167 -0.0083488 0.194 3
-0.0977371 -0.00759819 0.19464 3
-0.0964686 -0.00739184 0.194667 3
-0.0975425 -0.00539835 0.194 3
-0.0962789 -0.00539835 0.194 3
-0.0916947 -0.00246051 0.195 3
-0.091249 -0.0017155 0.1945 3
-0.0895396 -0.00139416 0.194 3
-0.0830155 -0.000554013 0.195 3
-0.0808986 -0.000554013 0.195 3
-0.0796285 -0.000554013 0.195 3
-0.0828004 0.000291815 0.194 3
-0.0806944 0.000291815 0.194 3
-0.078857 0.000292818 0.194667 3
-0.0766649 0.00029332 0.195 3
-0.0744717 0.000667312 0.194556 3
-0.0725194 0.00101626 0.194429 3
-0.0704463 0.00142703 0.194727 3
-0.0684091 0.00177615 0.195 3
-0.0700966 0.00219305 0.1944 3
-0.0680231 0.0025103 0.1945 3
-0.0667947 0.00282077 0.194 3
0.0895286 0.0350607 0.194529 3
0.0907115 0.0346085 0.194143 3
0.0879975 0.0365402 0.194 3
0.089239 0.0363263 0.194125 3
-0.0621228 -0.0219282 0.196824 3
-0.0617384 -0.0205713 0.196 3
-0.0598734 -0.0205888 0.196167 3
-0.0576662 -0.0203175 0.196625 3
-0.0561353 -0.0197699 0.1965 3
-0.0530147 -0.0190808 0.196 3
-0.0514856 -0.0191457 0.196667 3
-0.0496496 -0.0191782 0.197 3
-0.0530147 -0.018655 0.196 3
-0.0514856 -0.0187185 0.196667 3
-0.0491408 -0.0183308 0.196429 3
-0.0473667 -0.0177124 0.1964 3
-0.0930109 -0.00380941 0.1968 3
-0.0915191 -0.00314698 0.1965 3
-0.089987 -0.00269555 0.196667 3
-0.0849363 -0.00248575 0.197 3
-0.0830115 -0.00248575 0.197 3
-0.0908883 -0.00204729 0.196 3
-0.0898392 -0.00205252 0.1965 3
-0.0872887 -0.00141571 0.197 3
-0.0852323 -0.00119986 0.1965 3
-0.0830143 -0.00162493 0.196333 3
-0.0808794 -0.00141212 0.1965 3
-0.0787473 -0.000986284 0.1965 3
-0.0766141 -0.000986284 0.1965 3
-0.074481 -0.000900682 0.1965 3
-0.0723186 -0.000559695 0.197 3
-0.0710355 -0.000559695 0.197 3
-0.072377 0.000294824 0.196 3
-0.0701235 0.000579385 0.196444 3
-0.0681112 0.000870308 0.1964 3
-0.0666322 0.0011465 0.196 3
-0.0466556 0.00115235 0.197 3
-0.0451002 0.00132745 0.197 3
-0.0434783 0.00161094 0.197 3
-0.0410953 0.00179437 0.197 3
-0.0389567 0.00179437 0.197 3
-0.0376735 0.00179437 0.197 3
-0.0327548 0.00179437 0.197 3
-0.0674832 0.0022111 0.196 3
-0.0449447 0.00222238 0.197 3
-0.0431023 0.00261747 0.197 3
-0.0410953 0.00265039 0.197 3
-0.0389567 0.00265039 0.197 3
-0.0373069 0.00277268 0.197 3
-0.0342518 0.00372042 0.197 3
-0.0328617 0.0031854 0.197 3
0.0889171 0.0331688 0.1965 3
0.0878934 0.0348283 0.196833 3
0.0891049 0.0344482 0.196273 3
0.0876281 0.0360653 0.196 3
0.0884792 0.0360653 0.196 3
-0.0613244 -0.0222254 0.198 3
-0.0601007 -0.0220199 0.1985 3
-0.0582764 -0.0216211 0.199 3
-0.0564186 -0.0211023 0.199 3
-0.0570666 -0.02067 0.199 3
-0.0555245 -0.0202954 0.1985 3
-0.0534472 -0.0199611 0.1984 3
-0.0514498 -0.0200214 0.199 3
-0.0493699 -0.0198723 0.1988 3
-0.0479672 -0.0192755 0.198 3
-0.0488269 -0.0188454 0.198 3
-0.0479672 -0.0188454 0.198 3
-0.0948718 -0.00661837 0.199 3
-0.0934213 -0.00680367 0.199 3
-0.0920634 -0.00661837 0.199 3
-0.09461 -0.00550965 0.198 3
-0.0932453 -0.0053363 0.198091 3
-0.0913216 -0.00479852 0.198526 3
-0.0893802 -0.00423615 0.1988 3
-0.0873107 -0.00424041 0.199 3
-0.0851505 -0.00424041 0.199 3
-0.0838543 -0.00424041 0.199 3
-0.0909252 -0.00360455 0.198 3
-0.089241 -0.00322908 0.19825 3
-0.0873041 -0.00314842 0.19825 3
-0.0851518 -0.00336511 0.198333 3
-0.0829364 -0.00314954 0.198357 3
-0.0811311 -0.00279221 0.198444 3
-0.0784007 -0.00279221 0.198444 3
-0.0765244 -0.00293914 0.198667 3
-0.0747511 -0.00279502 0.198667 3
-0.0726207 -0.00251098 0.199 3
-0.0711085 -0.00251098 0.199 3
-0.0348155 -0.00251098 0.199 3
-0.0890214 -0.00206818 0.198 3
-0.0873019 -0.00206818 0.198 3
-0.0821432 -0.00206818 0.198 3
-0.0808536 -0.00206818 0.198 3
-0.0787041 -0.00206818 0.198 3
-0.0765547 -0.00206818 0.198 3
-0.0742015 -0.00178371 0.198222 3
-0.0725284 -0.00167511 0.198385 3
-0.0704889 -0.00117161 0.198364 3
-0.0685163 -0.000887869 0.198375 3
-0.0670972 -0.000562536 0.198 3
-0.0488575 -0.000997734 0.199 3
-0.0472913 -0.000889645 0.199 3
-0.045617 -0.000565378 0.199 3
-0.0358957 -0.000565378 0.199 3
-0.0345347 -0.00106259 0.199 3
-0.0473223 0.000297832 0.198 3
-0.0450698 0.000298584 0.1985 3
-0.043024 0.000776482 0.198444 3
-0.0409772 0.000728768 0.1985 3
-0.0388223 0.000728768 0.1985 3
-0.0367229 0.000946051 0.1988 3
-0.0346382 0.000885663 0.198545 3
-0.0331574 0.000904547 0.198364 3
-0.0363406 0.00258563 0.198 3
-0.0346407 0.00266384 0.198 3
-0.0335659 0.00266384 0.198 3
0.0857289 0.0309966 0.199 3
0.0868671 0.0312065 0.198571 3
0.0852969 0.0325099 0.199 3
0.08708 0.0325668 0.1984 3
0.0885223 0.0327767 0.198 3
0.0855129 0.0341312 0.199 3
0.0871052 0.034291 0.1983 3
0.0885223 0.0336371 0.198 3
0.0876625 0.035788 0.198 3
-0.0626588 -0.0234979 0.201 3
-0.062877 -0.0230612 0.201 3
-0.0594546 -0.0227861 0.2005 3
-0.0575241 -0.0219257 0.2006 3
-0.055584 -0.0217158 0.200667 3
-0.053744 -0.0216767 0.200615 3
-0.0512742 -0.0212084 0.2 3
-0.049249 -0.021272 0.2006 3
-0.0553994 -0.0207738 0.2 3
-0.0534453 -0.0207738 0.2 3
-0.0512742 -0.0207738 0.2 3
-0.0490832 -0.0206321 0.200429 3
-0.0478086 -0.0198147 0.2004 3
-0.0475832 -0.0183839 0.2 3
-0.0926954 -0.00780221 0.20025 3
-0.0912849 -0.00728579 0.200786 3
-0.0892792 -0.00733994 0.201 3
-0.0873154 -0.00733994 0.201 3
-0.0851334 -0.00733994 0.201 3
-0.0833878 -0.00733994 0.201 3
-0.0910786 -0.00563773 0.2 3
-0.0892469 -0.00540275 0.200222 3
-0.0873153 -0.0053625 0.2005 3
-0.0850589 -0.00532392 0.200545 3
-0.0829557 -0.00515217 0.2008 3
-0.0809584 -0.00465582 0.200929 3
-0.0783349 -0.0046718 0.2008 3
-0.0766413 -0.00471263 0.200667 3
-0.0749243 -0.004607 0.200833 3
-0.0724778 -0.00428303 0.201 3
-0.070514 -0.00428303 0.201 3
-0.0467301 -0.00428303 0.201 3
-0.0458573 -0.00428303 0.201 3
-0.082973 -0.00382719 0.2 3
-0.0807282 -0.00346157 0.200357 3
-0.0789463 -0.00350608 0.20025 3
-0.0766766 -0.00382719 0.2 3
-0.0745204 -0.00350767 0.200333 3
-0.0725269 -0.00339904 0.200333 3
-0.0703376 -0.00318399 0.2005 3
-0.0683837 -0.00286164 0.200833 3
-0.0469366 -0.00310863 0.200333 3
-0.0450391 -0.00302751 0.201 3
-0.0434571 -0.00253622 0.201 3
-0.0385632 -0.00291053 0.201 3
-0.0367742 -0.00252675 0.20025 3
-0.0356419 -0.0025236 0.2 3
-0.0701632 -0.00208907 0.2 3
-0.0681271 -0.00183253 0.2004 3
-0.046861 -0.00180054 0.200111 3
-0.044961 -0.00135578 0.200391 3
-0.0430659 -0.00107185 0.2005 3
-0.040995 -0.00100691 0.2007 3
-0.0387673 -0.00114942 0.200739 3
-0.036831 -0.00129381 0.200167 3
-0.0356419 -0.00165454 0.2 3
0.0831928 0.0289687 0.201 3
0.0843453 0.0292457 0.200333 3
0.0833175 0.0304347 0.201 3
0.0846963 0.0305677 0.200182 3
0.0831416 0.0321937 0.200579 3
0.084397 0.0323527 0.200111 3
-0.0631898 -0.0253703 0.202 3
-0.0627512 -0.0253703 0.202 3
-0.0631898 -0.0244926 0.202 3
-0.0621372 -0.0241415 0.202 3
-0.0599403 -0.0238276 0.202875 3
-0.0577151 -0.0232678 0.2028 3
-0.0555692 -0.0232907 0.203 3
-0.0535859 -0.0232907 0.203 3
-0.0588041 -0.0227371 0.202 3
-0.0577151 -0.0228271 0.2028 3
-0.0555692 -0.0228496 0.203 3
-0.0532346 -0.0224642 0.2025 3
-0.0513483 -0.0220788 0.202 3
-0.0493002 -0.0221443 0.2026 3
-0.0473391 -0.0214721 0.202833 3
-0.0473573 -0.0201038 0.202 3
-0.0471216 -0.0180716 0.203 3
-0.0825545 -0.00727518 0.202 3
-0.0806989 -0.00687006 0.202 3
-0.0787591 -0.00737646 0.202 3
-0.0769108 -0.00725106 0.202 3
-0.0745378 -0.00699244 0.202 3
-0.0723998 -0.00715702 0.202 3
-0.0706455 -0.00715702 0.202 3
-0.0820484 -0.0058404 0.202 3
-0.0805447 -0.00558961 0.202 3
-0.0788907 -0.00566485 0.202 3
-0.0767855 -0.0058404 0.202 3
-0.0744282 -0.00551124 0.202 3
-0.0723998 -0.00540153 0.202 3
-0.0701471 -0.00530178 0.202 3
-0.0682051 -0.00497791 0.202158 3
-0.0670286 -0.00476669 0.203 3
-0.0695491 -0.00386546 0.202 3
-0.0679536 -0.003575 0.202111 3
-0.0670286 -0.0038846 0.203 3
-0.042851 -0.00287799 0.202 3
-0.0408226 -0.00276827 0.202 3
-0.0395069 -0.00276827 0.202 3
0.0815021 0.0269887 0.203 3
0.0819428 0.0269887 0.203 3
0.0810952 0.0284476 0.203 3
0.0822916 0.0285394 0.202692 3
0.0797391 0.0298555 0.203 3
0.0810143 0.0302876 0.2025 3
0.0824163 0.0303668 0.202 3
0.0813199 0.0316834 0.202 3
0.0824163 0.0316834 0.202 3
-0.0585646 -0.0253017 0.205 3
-0.0621545 -0.0244027 0.204 3
-0.0596638 -0.0244935 0.204444 3
-0.057773 -0.0242013 0.204167 3
-0.0554535 -0.0240938 0.2042 3
-0.0533822 -0.024117 0.204909 3
-0.0514138 -0.0234054 0.204 3
-0.0492944 -0.0234513 0.2044 3
-0.0478827 -0.0235201 0.205 3
-0.0527426 -0.0229622 0.204 3
-0.0514138 -0.0229622 0.204 3
-0.0492944 -0.0230072 0.2044 3
-0.0474331 -0.0224966 0.2046 3
0.0780768 0.0250277 0.205 3
0.0785886 0.0265197 0.205 3
0.0805064 0.0269884 0.20425 3
0.0771866 0.0281454 0.205 3
0.0788785 0.0284517 0.20452 3
0.0804686 0.0282572 0.204077 3
-0.0638275 -0.0263316 0.206667 3
-0.0619914 -0.0259225 0.206143 3
-0.0599787 -0.0258297 0.207 3
-0.0575888 -0.0257935 0.206556 3
-0.055888 -0.0258604 0.206545 3
-0.0535182 -0.0255486 0.207 3
-0.0514957 -0.0255486 0.207 3
-0.0501475 -0.0255486 0.207 3
-0.0575086 -0.0249776 0.206 3
-0.0554959 -0.0249776 0.206 3
-0.0535182 -0.0250988 0.207 3
-0.0514778 -0.0245327 0.206286 3
-0.0494256 -0.024458 0.206333 3
-0.0476756 -0.0238246 0.207 3
0.0767976 0.0247057 0.2065 3
0.0777867 0.0251497 0.206 3
0.0754677 0.026621 0.207 3
0.0766242 0.026248 0.206429 3
0.0777867 0.0262686 0.206 3
0.0754677 0.0275205 0.207 3
0.0764908 0.027572 0.206125 3
0.0777867 0.0273876 0.206 3
-0.0653795 -0.0282928 0.209 3
-0.0645854 -0.0280658 0.209 3
-0.0599343 -0.0278387 0.209 3
-0.0583461 -0.0278388 0.209 3
-0.0551697 -0.0276117 0.209 3
-0.054489 -0.0276117 0.209 3
-0.0515395 -0.0276117 0.209 3
-0.0616797 -0.0268018 0.208 3
-0.0598733 -0.0268018 0.208 3
-0.0579324 -0.0269204 0.208333 3
-0.0553283 -0.026673 0.2084 3
-0.0537696 -0.0264959 0.208556 3
-0.0515247 -0.0265807 0.208286 3
-0.0493932 -0.0258696 0.208286 3
-0.0479093 -0.0255684 0.209 3
-0.0479093 -0.0246602 0.209 3
0.0752893 0.0227915 0.209 3
0.0757431 0.0227915 0.209 3
0.0748705 0.0242935 0.209 3
0.075937 0.0242217 0.208385 3
0.0734743 0.025743 0.209 3
0.0748236 0.0259309 0.208429 3
0.0760581 0.0256198 0.208 3
-0.0632565 -0.0317726 0.211 3
-0.0617804 -0.0321801 0.211 3
-0.0595371 -0.0323064 0.21 3
-0.0577591 -0.032231 0.211 3
-0.0564219 -0.0323838 0.212 3
-0.0640009 -0.0302827 0.211 3
-0.0620385 -0.0303613 0.21075 3
-0.0597271 -0.0304434 0.21 3
-0.0577313 -0.0303831 0.2109 3
-0.0559616 -0.0305414 0.212 3
-0.0513587 -0.0298505 0.212 3
-0.0496315 -0.0300104 0.2115 3
-0.0478306 -0.0298036 0.211667 3
-0.0638463 -0.0286434 0.210143 3
-0.062082 -0.0284454 0.210125 3
-0.0597651 -0.0288845 0.21 3
-0.057553 -0.0285767 0.21025 3
-0.0557514 -0.0286943 0.211059 3
-0.0536224 -0.0286026 0.211062 3
-0.0514442 -0.0286391 0.210533 3
-0.0493549 -0.0283458 0.210773 3
-0.0473786 -0.0283131 0.211435 3
-0.0458353 -0.0277778 0.212 3
-0.0536099 -0.0272876 0.21 3
-0.0506463 -0.0272876 0.21 3
-0.0491075 -0.0267743 0.21 3
-0.0471934 -0.0263637 0.211333 3
-0.0458353 -0.0268566 0.212 3
-0.0474966 -0.0242306 0.2112 3
-0.0476765 -0.0229415 0.212 3
0.0713069 0.0201247 0.212 3
0.0721124 0.020355 0.212 3
0.0713069 0.0219671 0.212 3
0.0726424 0.0220851 0.211696 3
0.0741739 0.0224118 0.210692 3
0.0713069 0.023349 0.212 3
0.0726083 0.0240453 0.211 3
0.0741085 0.0240791 0.2102 3
-0.0550957 -0.0315269 0.214 3
-0.0532372 -0.0315269 0.214 3
-0.054924 -0.0305025 0.213333 3
-0.0534197 -0.0304609 0.213636 3
-0.0514509 -0.0305017 0.213333 3
-0.0465603 -0.0256412 0.213 3
-0.0454991 -0.0259072 0.213667 3
-0.0467765 -0.0241519 0.213308 3
-0.0456357 -0.0243308 0.213909 3
-0.048707 -0.0217631 0.214 3
-0.0472566 -0.0221854 0.213875 3
-0.0460354 -0.0224605 0.214 3
-0.0488232 -0.0206007 0.214 3
-0.047894 -0.0206007 0.214 3
0.069037 0.0203921 0.214 3
0.0704017 0.0202094 0.213444 3
0.0687837 0.0212504 0.2136 3
0.0704009 0.0218151 0.213067 3
-0.044928 -0.0238111 0.215 3
-0.046484 -0.0216312 0.215 3
-0.0448544 -0.0220669 0.215238 3
-0.043476 -0.0217905 0.216 3
-0.0489847 -0.0196626 0.215 3
-0.047103 -0.0199354 0.215 3
-0.0449927 -0.0200028 0.2155 3
-0.0430154 -0.0197541 0.216 3
-0.0485778 -0.0181009 0.2158 3
-0.0470632 -0.0179382 0.215706 3
-0.0451403 -0.017804 0.216 3
-0.0428943 -0.0181038 0.216 3
-0.0409944 -0.0171171 0.216 3
-0.0443553 -0.0149271 0.216 3
-0.0428814 -0.0155305 0.216 3
-0.0410725 -0.015631 0.216 3
-0.0443553 -0.0144578 0.216 3
-0.0431829 -0.0141058 0.216 3
-0.041307 -0.0141058 0.216 3
0.0689006 0.0186272 0.216 3
0.0696223 0.0185698 0.215333 3
0.0684699 0.0199452 0.215533 3
0.0697486 0.0194752 0.215 3
-0.0570459 -0.0326761 0.217 3
-0.0557502 -0.0323225 0.217 3
-0.0549258 -0.0314974 0.217 3
-0.0492721 -0.0171177 0.217 3
-0.0478587 -0.0171177 0.217 3
-0.0443251 -0.0171177 0.217 3
-0.0432482 -0.0171514 0.217 3
-0.0417338 -0.0180607 0.217 3
-0.0489134 -0.0157406 0.2175 3
-0.0471519 -0.0157034 0.217 3
-0.0450991 -0.0158044 0.217 3
-0.0436184 -0.0164106 0.217 3
-0.0466808 -0.0145247 0.217 3
-0.0455029 -0.0145247 0.217 3
0.0690653 0.0166684 0.218 3
0.0686834 0.0179431 0.217667 3
0.0696907 0.0177706 0.217 3
0.0681513 0.0192496 0.2172 3
-0.0563829 -0.0329773 0.219 3
-0.0509149 -0.0182272 0.219 3
-0.0499639 -0.0182272 0.219 3
0.0688779 0.0163179 0.219667 3
0.066833 0.0180163 0.22 3
0.0678839 0.0176964 0.219429 3
0.0677179 0.0191239 0.219 3
0.0667175 0.0143215 0.222 3
0.0676815 0.0143215 0.222 3
0.0647896 0.0152861 0.222 3
0.0663356 0.0158139 0.221889 3
0.0680464 0.0156485 0.221286 3
0.0666569 0.0171378 0.221 3
0.0676166 0.0171378 0.221 3
0.0642963 0.0118433 0.224 3
0.0655424 0.0118818 0.22375 3
0.0642063 0.0136407 0.223176 3
0.0658939 0.0135848 0.223111 3
0.0672602 0.0134169 0.223 3
0.0644708 0.0099813 0.225667 3
0.0629783 0.0115819 0.225 3
0.0640657 0.0112745 0.225143 3
0.0623643 0.00985442 0.227857 3
0.0638305 0.00970207 0.22775 3
0.0625524 0.0109451 0.227 3
0.0635381 0.0109451 0.227 3
0.0621306 0.00809145 0.23 3
0.0636288 0.00759175 0.23 3
0.0622063 0.00874456 0.229667 3
0.0634904 0.00882125 0.2295 3
0.0621672 0.0061456 0.232 3
0.063447 0.00617209 0.233 3
0.0623561 0.00721671 0.232 3
0.0634367 0.00704202 0.2325 3
0.0639915 0.00418278 0.235 3
0.0620761 0.00564405 0.23475 3
0.0638002 0.00526774 0.235 3
0.061687 0.00670698 0.234 3
0.0619633 0.003446 0.237 3
0.0635071 0.003446 0.237 3
0.0624705 0.00445695 0.236 3
0.0634953 0.00445695 0.236 3
0.0622268 -0.000679021 0.239 3
0.0637835 -0.000679021 0.239 3
0.0622257 0.000949608 0.238429 3
0.0637801 0.000772577 0.2386 3
0.0622248 0.00242636 0.238 3
0.063775 0.00242636 0.238 3
0.0622266 -0.00276761 0.24 3
0.0640557 -0.00277913 0.241 3
0.0622266 -0.00172474 0.24 3
0.0637898 -0.00172474 0.24 3
0.0643234 -0.00544196 0.243 3
0.0653786 -0.00544196 0.243 3
0.0640587 -0.00384223 0.242 3
0.0651096 -0.00384223 0.242 3
0.0645868 -0.0110759 0.245 3
0.0656508 -0.011342 0.245 3
0.0644111 -0.00945393 0.244333 3
0.0654721 -0.00945393 0.244333 3
0.0643232 -0.00758486 0.244 3
0.0653828 -0.00758486 0.244 3
0.0647147 -0.0130187 0.2465 3
0.0659185 -0.0130445 0.247 3
0.0645834 -0.01219 0.246 3
0.0651175 -0.01219 0.246 3
0.066182 -0.0153141 0.249 3
0.0659162 -0.014175 0.248 3
0.0664411 -0.0168005 0.251 3
0.067531 -0.0168005 0.251 3
0.0664411 -0.0162551 0.251 3
0.067531 -0.0162551 0.251 3
0.0666837 -0.0192087 0.254 3
0.0677867 -0.0192087 0.254 3
0.0666934 -0.0179384 0.2532 3
0.0677911 -0.0181437 0.253429 3
0.0680425 -0.0201942 0.256 3
0.068294 -0.0237153 0.258 3
0.0694143 -0.0237153 0.258 3
0.0683083 -0.0219482 0.257 3
0.0671299 -0.0275709 0.26 3
0.0682589 -0.0275709 0.26 3
0.0696701 -0.0275709 0.26 3
0.0671299 -0.0264411 0.26 3
0.0683338 -0.0261343 0.25975 3
0.069672 -0.0262658 0.259857 3
0.0685587 -0.0246513 0.259 3
0.0696834 -0.0246513 0.259 3
0.0667931 -0.0320522 0.262 3
0.0682151 -0.0320522 0.262 3
0.069743 -0.0319706 0.261333 3
0.0682381 -0.0305122 0.261 3
0.0699381 -0.0305122 0.261 3
0.0682381 -0.028811 0.261 3
0.0699381 -0.028811 0.261 3
0.0669317 -0.0342618 0.263667 3
0.0681111 -0.0341202 0.263556 3
0.0696029 -0.0340706 0.263667 3
0.0667625 -0.0330317 0.263 3
0.06819 -0.0330317 0.263 3
0.0696175 -0.0330317 0.263 3
0.0682628 -0.0365183 0.2655 3
0.0701229 -0.0365871 0.266 3
0.0683058 -0.0354707 0.265 3
0.0698593 -0.035298 0.265 3
0.0689373 -0.0381748 0.267 3
0.0700966 -0.0381748 0.267 3
0.0689373 -0.0375947 0.267 3
0.0700966 -0.0375947 0.267 3
-0.026523 -0.183724 0.541 3
-0.026523 -0.181374 0.541 3
-0.0241738 -0.181373 0.541 3
-0.026523 -0.17961 0.541 3
-0.0241738 -0.17961 0.541 3
-0.026523 -0.177848 0.541 3
-0.0241738 -0.177847 0.541 3
-0.0224119 -0.177848 0.541 3
-0.029405 -0.175173 0.54 3
-0.0282326 -0.175173 0.54 3
-0.026474 -0.175173 0.54 3
-0.0241738 -0.175496 0.541 3
-0.0224119 -0.175496 0.541 3
-0.029405 -0.172826 0.54 3
-0.0282326 -0.172826 0.54 3
-0.026474 -0.172825 0.54 3
-0.0241291 -0.172825 0.54 3
-0.0224119 -0.173146 0.541 3
-0.0294595 -0.170795 0.541 3
-0.0282849 -0.170795 0.541 3
-0.026523 -0.170795 0.541 3
-0.0241738 -0.170795 0.541 3
-0.0224119 -0.170795 0.541 3
-0.0219053 -0.192072 0.543 3
-0.0219053 -0.190302 0.543 3
-0.0242632 -0.187353 0.543 3
-0.0219053 -0.187943 0.543 3
-0.0195475 -0.187353 0.543 3
-0.017779 -0.187353 0.543 3
-0.0242632 -0.186173 0.543 3
-0.0219053 -0.186173 0.543 3
-0.0195475 -0.185583 0.543 3
-0.017779 -0.185583 0.543 3
-0.0242185 -0.184064 0.542 3
-0.021865 -0.184064 0.542 3
-0.0195475 -0.183814 0.543 3
-0.017779 -0.183814 0.543 3
-0.021865 -0.181709 0.542 3
-0.0195289 -0.181876 0.5425 3
-0.017779 -0.182044 0.543 3
-0.0216688 -0.17955 0.542 3
-0.0195289 -0.179519 0.5425 3
-0.017779 -0.179684 0.543 3
-0.0212766 -0.176998 0.542 3
-0.0195289 -0.177162 0.5425 3
-0.017779 -0.177325 0.543 3
-0.0160106 -0.176735 0.543 3
-0.0212766 -0.175232 0.542 3
-0.0193386 -0.175054 0.542667 3
-0.017779 -0.174966 0.543 3
-0.0160106 -0.174966 0.543 3
-0.0212766 -0.173466 0.542 3
-0.0197192 -0.173376 0.542333 3
-0.017779 -0.173196 0.543 3
-0.0160106 -0.173196 0.543 3
-0.0212766 -0.171111 0.542 3
-0.0195289 -0.171268 0.5425 3
-0.017779 -0.171426 0.543 3
-0.0160106 -0.171426 0.543 3
-0.026572 -0.168756 0.542 3
-0.0242185 -0.168756 0.542 3
-0.0218845 -0.168911 0.5425 3
-0.0195475 -0.169067 0.543 3
-0.017779 -0.169067 0.543 3
-0.0266211 -0.166707 0.543 3
-0.0242632 -0.166707 0.543 3
-0.0219053 -0.166707 0.543 3
-0.0201369 -0.166707 0.543 3
-0.0266211 -0.164938 0.543 3
-0.0242632 -0.164938 0.543 3
-0.0266211 -0.163758 0.543 3
-0.0248526 -0.163758 0.543 3
-0.0196194 -0.194556 0.545 3
-0.0178445 -0.194556 0.545 3
-0.0160696 -0.194556 0.545 3
-0.0195835 -0.191835 0.544 3
-0.0178118 -0.191835 0.544 3
-0.0160696 -0.192187 0.545 3
-0.0137031 -0.192187 0.545 3
-0.0195835 -0.190062 0.544 3
-0.0178118 -0.190062 0.544 3
-0.0160696 -0.189819 0.545 3
-0.0137031 -0.189819 0.545 3
-0.0195835 -0.18888 0.544 3
-0.0178118 -0.18888 0.544 3
-0.0160402 -0.187698 0.544 3
-0.0137031 -0.188043 0.545 3
-0.0160402 -0.185925 0.544 3
-0.0137031 -0.186267 0.545 3
-0.0160402 -0.183561 0.544 3
-0.0137031 -0.183899 0.545 3
-0.0160402 -0.181197 0.544 3
-0.0137031 -0.181531 0.545 3
-0.0113365 -0.180938 0.545 3
-0.00956158 -0.180938 0.545 3
-0.0083783 -0.180938 0.545 3
-0.0160402 -0.179425 0.544 3
-0.013678 -0.179425 0.544 3
-0.0113365 -0.179162 0.545 3
-0.00956158 -0.179162 0.545 3
-0.00778666 -0.179162 0.545 3
-0.00542011 -0.179162 0.545 3
-0.00364519 -0.179162 0.545 3
-0.0160402 -0.178243 0.544 3
-0.013678 -0.177652 0.544 3
-0.0113156 -0.177061 0.544 3
-0.00956158 -0.177386 0.545 3
-0.00778666 -0.177386 0.545 3
-0.00601174 -0.177386 0.545 3
-0.013678 -0.175288 0.544 3
-0.0113156 -0.175288 0.544 3
-0.0095528 -0.175449 0.5445 3
-0.00778282 -0.17553 0.54475 3
-0.00601174 -0.17561 0.545 3
-0.013678 -0.172924 0.544 3
-0.0113156 -0.172924 0.544 3
-0.00954403 -0.172924 0.544 3
-0.00777568 -0.173004 0.54425 3
-0.00600623 -0.173083 0.5445 3
-0.0136905 -0.170716 0.5445 3
-0.0113156 -0.171151 0.544 3
-0.00954403 -0.171151 0.544 3
-0.00777237 -0.171151 0.544 3
-0.00600071 -0.171151 0.544 3
-0.0160402 -0.169378 0.544 3
-0.0137031 -0.169098 0.545 3
-0.0113156 -0.169378 0.544 3
-0.0189929 -0.167014 0.544 3
-0.0178118 -0.167014 0.544 3
-0.0160402 -0.167014 0.544 3
-0.0137031 -0.167321 0.545 3
-0.0237173 -0.16406 0.544 3
-0.0219457 -0.164651 0.544 3
-0.0195835 -0.164651 0.544 3
-0.0178118 -0.164651 0.544 3
-0.0160696 -0.164953 0.545 3
-0.0137031 -0.164953 0.545 3
-0.02667 -0.162878 0.544 3
-0.0243079 -0.162878 0.544 3
-0.0217619 -0.162583 0.544333 3
-0.0196102 -0.16251 0.54475 3
-0.0178445 -0.162585 0.545 3
-0.0160696 -0.162585 0.545 3
-0.0243079 -0.161105 0.544 3
-0.0221556 -0.161006 0.544333 3
-0.0196194 -0.160809 0.545 3
-0.0178445 -0.160809 0.545 3
-0.0160696 -0.160809 0.545 3
-0.0137282 -0.195506 0.546 3
-0.0113573 -0.195506 0.546 3
-0.00900285 -0.195864 0.547 3
-0.00723463 -0.196222 0.548 3
-0.00604484 -0.196222 0.548 3
-0.0137282 -0.194319 0.546 3
-0.0113573 -0.194319 0.546 3
-0.00900285 -0.194081 0.547 3
-0.00723463 -0.194436 0.548 3
-0.00604484 -0.194436 0.548 3
-0.0113573 -0.19254 0.546 3
-0.00900285 -0.191704 0.547 3
-0.00723463 -0.192055 0.548 3
-0.00604484 -0.192055 0.548 3
-0.0113573 -0.190168 0.546 3
-0.00900285 -0.189921 0.547 3
-0.00723463 -0.189673 0.548 3
-0.00604484 -0.189673 0.548 3
0.00763776 -0.189078 0.548 3
-0.0113573 -0.187795 0.546 3
-0.00900285 -0.188139 0.547 3
-0.00723463 -0.187887 0.548 3
-0.00604484 -0.187887 0.548 3
0.00763776 -0.187887 0.548 3
-0.0113573 -0.185422 0.546 3
-0.00900285 -0.185762 0.547 3
-0.00722143 -0.185762 0.547 3
-0.00544443 -0.185932 0.5475 3
-0.00307035 -0.186101 0.548 3
-0.000690776 -0.186101 0.548 3
0.00109391 -0.186101 0.548 3
0.0028786 -0.186101 0.548 3
0.00525818 -0.186101 0.548 3
0.00763776 -0.186101 0.548 3
0.00942244 -0.186101 0.548 3
0.0106122 -0.186101 0.548 3
-0.0113573 -0.183643 0.546 3
-0.00957912 -0.183643 0.546 3
-0.00761218 -0.183471 0.546667 3
-0.00544 -0.183385 0.547 3
-0.00306476 -0.183385 0.547 3
-0.000689606 -0.183553 0.5475 3
0.00109391 -0.18372 0.548 3
0.0028786 -0.18372 0.548 3
0.00525818 -0.18372 0.548 3
0.00763776 -0.18372 0.548 3
0.00942244 -0.18372 0.548 3
0.0112071 -0.18372 0.548 3
0.0129918 -0.18372 0.548 3
-0.0113573 -0.182457 0.546 3
-0.00957912 -0.182457 0.546 3
-0.00780095 -0.181864 0.546 3
-0.00543005 -0.18127 0.546 3
-0.00305915 -0.18127 0.546 3
-0.000688344 -0.181436 0.5465 3
0.00109191 -0.181602 0.547 3
0.0028786 -0.181339 0.548 3
0.00525818 -0.181339 0.548 3
0.00763776 -0.181339 0.548 3
0.00942244 -0.181339 0.548 3
0.0112071 -0.181339 0.548 3
0.0129918 -0.181339 0.548 3
-0.00246643 -0.179491 0.546 3
-0.000688344 -0.179656 0.5465 3
0.00109191 -0.17982 0.547 3
0.0028786 -0.179553 0.548 3
0.00525818 -0.179553 0.548 3
0.00763776 -0.179553 0.548 3
0.00942244 -0.179553 0.548 3
0.0112071 -0.179553 0.548 3
0.0129918 -0.179553 0.548 3
-0.00483733 -0.177118 0.546 3
-0.00305916 -0.177118 0.546 3
-0.000688344 -0.177281 0.5465 3
0.00109191 -0.177443 0.547 3
0.00287859 -0.177768 0.548 3
0.00763776 -0.177767 0.548 3
0.00942244 -0.177768 0.548 3
0.0112071 -0.177768 0.548 3
0.0129918 -0.177768 0.548 3
-0.00483733 -0.175339 0.546 3
-0.00286459 -0.175157 0.546667 3
-0.000689606 -0.175226 0.5475 3
0.00109391 -0.175386 0.548 3
0.00942244 -0.175386 0.548 3
0.0112071 -0.175386 0.548 3
0.0129918 -0.175386 0.548 3
-0.00484176 -0.173718 0.5465 3
-0.00326047 -0.173573 0.546667 3
-0.000491698 -0.173098 0.547667 3
0.00109391 -0.173005 0.548 3
-0.00484619 -0.172095 0.547 3
-0.00306476 -0.172095 0.547 3
-0.00128333 -0.172095 0.547 3
-0.0113573 -0.165256 0.546 3
-0.0137282 -0.162883 0.546 3
-0.0113573 -0.163476 0.546 3
-0.0137282 -0.161104 0.546 3
-0.00486391 -0.195983 0.549 3
-0.00307822 -0.196162 0.5495 3
-0.00129037 -0.196341 0.55 3
-0.00486391 -0.194194 0.549 3
-0.00288031 -0.194032 0.549667 3
-0.000892266 -0.194032 0.549667 3
0.0010959 -0.194194 0.549 3
-0.00486391 -0.192405 0.549 3
-0.00327462 -0.192206 0.549 3
-0.000493378 -0.192206 0.549 3
0.0010959 -0.192405 0.549 3
0.00288385 -0.191809 0.549 3
-0.00486391 -0.190019 0.549 3
-0.00307596 -0.190019 0.549 3
-0.000692039 -0.190019 0.549 3
0.0010959 -0.190019 0.549 3
0.00288385 -0.19002 0.549 3
0.00526777 -0.189423 0.549 3
-0.00486391 -0.18823 0.549 3
-0.00307596 -0.18823 0.549 3
-0.000692039 -0.18823 0.549 3
0.0010959 -0.18823 0.549 3
0.00288385 -0.18823 0.549 3
0.00526777 -0.18823 0.549 3
0.00526777 -0.178688 0.549 3
0.00526777 -0.177495 0.549 3
0.00288385 -0.175707 0.549 3
0.00526777 -0.175706 0.549 3
0.0076517 -0.175707 0.549 3
0.00288385 -0.173321 0.549 3
0.00526777 -0.173321 0.549 3
0.0076517 -0.173321 0.549 3
0.00943964 -0.173321 0.549 3
0.0112276 -0.17332 0.549 3
0.0130155 -0.173321 0.549 3
-9.60575e-05 -0.170935 0.549 3
0.0010959 -0.170935 0.549 3
0.00288385 -0.170935 0.549 3
0.00527736 -0.171246 0.55 3
0.0076517 -0.170935 0.549 3
0.00943964 -0.170935 0.549 3
0.0112276 -0.170935 0.549 3
0.0130155 -0.170935 0.549 3
0.00527736 -0.168857 0.55 3
0.00766564 -0.168857 0.55 3
0.00943964 -0.169146 0.549 3
0.0112276 -0.169146 0.549 3
0.0130155 -0.169146 0.549 3
0.00766564 -0.167064 0.55 3
0.00944823 -0.167508 0.5495 3
0.0110354 -0.167657 0.549333 3
0.0130155 -0.167953 0.549 3
0.00766564 -0.165869 0.55 3
0.00945683 -0.165869 0.55 3
0.010651 -0.165869 0.55 3
