-0.040806 0.030577 0.14 3
-0.039633 0.0304756 0.14 3
-0.0409073 0.0326048 0.14 3
-0.0398434 0.0318443 0.14 3
-0.0409073 0.0347339 0.14 3
-0.0412113 0.0359506 0.14 3
-0.0424936 0.0269002 0.142 3
-0.0417999 0.0264375 0.142 3
-0.0425707 0.0276716 0.142 3
-0.0417999 0.0276715 0.142 3
-0.0428232 0.0325601 0.141538 3
-0.042893 0.0347078 0.141467 3
-0.0429202 0.0368304 0.141625 3
-0.0418117 0.036667 0.141 3
-0.0430331 0.0381611 0.142 3
-0.038469 0.049489 0.142 3
-0.0369596 0.0499772 0.142 3
-0.0381312 0.050841 0.142 3
-0.0366471 0.0513707 0.141868 3
-0.0347051 0.0517959 0.141 3
-0.0324747 0.0521373 0.141 3
-0.0310971 0.0519841 0.141 3
-0.0364117 0.0534372 0.14187 3
-0.0344832 0.0535494 0.141 3
-0.0326082 0.0535936 0.141195 3
-0.031071 0.0537103 0.142 3
-0.0359422 0.054821 0.142 3
-0.034627 0.0553725 0.141895 3
-0.0324896 0.0552772 0.141786 3
-0.0310436 0.0552151 0.142 3
-0.0430922 0.0245416 0.144 3
-0.0429471 0.0259468 0.143125 3
-0.0441082 0.0286869 0.144 3
-0.043483 0.0286869 0.144 3
-0.0445772 0.0313463 0.144 3
-0.0436467 0.031284 0.143 3
-0.0444003 0.0324665 0.143429 3
-0.0436467 0.0319054 0.143 3
-0.044533 0.0347523 0.143857 3
-0.0462968 0.0374471 0.144 3
-0.0448907 0.036971 0.143714 3
-0.0449808 0.0388301 0.143697 3
-0.0436467 0.0390512 0.143 3
-0.0450462 0.0402405 0.144 3
-0.0442646 0.0458943 0.144 3
-0.0435611 0.0457379 0.144 3
-0.0442646 0.0471458 0.144 3
-0.043014 0.0473022 0.144 3
-0.0412012 0.0476071 0.14363 3
-0.0397658 0.0480611 0.143 3
-0.0427374 0.0488425 0.144 3
-0.0409406 0.0492673 0.143485 3
-0.0395174 0.0494592 0.143 3
-0.0406549 0.0511987 0.144 3
-0.0388734 0.0516671 0.143091 3
-0.0402002 0.0526209 0.144 3
-0.0387181 0.0534102 0.1436 3
-0.0374372 0.0538089 0.143 3
-0.0383972 0.0554157 0.144 3
-0.0368546 0.0557747 0.143259 3
-0.0354191 0.0561391 0.143 3
-0.0448793 0.0202353 0.146 3
-0.0437772 0.0207488 0.1456 3
-0.0450045 0.0220651 0.146 3
-0.0434068 0.0221081 0.145029 3
-0.0449649 0.0241288 0.145762 3
-0.0437849 0.0239402 0.145 3
-0.0449083 0.0262224 0.145632 3
-0.0440997 0.0262084 0.145 3
-0.0448882 0.0281148 0.145947 3
-0.0440997 0.0293587 0.145 3
-0.0452578 0.0305418 0.145828 3
-0.0440997 0.0296738 0.145 3
-0.0455164 0.0325091 0.145 3
-0.0464643 0.0346365 0.146 3
-0.0455164 0.0347143 0.145 3
-0.04641 0.0366376 0.145556 3
-0.0456738 0.036447 0.145 3
-0.0464609 0.0389673 0.145 3
-0.044572 0.0488908 0.145 3
-0.0434526 0.0498009 0.145 3
-0.0444039 0.0520829 0.146 3
-0.0431063 0.0513425 0.145195 3
-0.0415287 0.0519887 0.145 3
-0.0444039 0.0530345 0.146 3
-0.0431639 0.0535569 0.146 3
-0.0409677 0.0536361 0.145167 3
-0.0396923 0.0542464 0.145 3
-0.0427793 0.0547394 0.146 3
-0.0409497 0.0554654 0.14575 3
-0.0393048 0.0559428 0.145 3
-0.0403781 0.0572216 0.146 3
-0.0389052 0.0569242 0.145 3
-0.047873 0.0162258 0.1488 3
-0.0487131 0.0178671 0.149 3
-0.0473656 0.0178801 0.148161 3
-0.045825 0.018266 0.147 3
-0.048713 0.0199713 0.149 3
-0.0471805 0.0199623 0.147743 3
-0.0458516 0.0197299 0.147 3
-0.048713 0.0219137 0.149 3
-0.0471702 0.0220916 0.147774 3
-0.0459846 0.0220986 0.147 3
-0.048713 0.0243416 0.149 3
-0.0473196 0.024225 0.148118 3
-0.0459846 0.0241745 0.147 3
-0.0487131 0.0262839 0.149 3
-0.0471461 0.0263215 0.147727 3
-0.0459846 0.0262505 0.147 3
-0.048713 0.0283882 0.149 3
-0.0471728 0.0283772 0.147625 3
-0.0458649 0.0285261 0.147 3
-0.0488748 0.0304924 0.149 3
-0.0472404 0.0304263 0.147759 3
-0.0457931 0.0296359 0.147 3
-0.0491778 0.0325832 0.148938 3
-0.0474918 0.0326039 0.147714 3
-0.0490365 0.0347008 0.149 3
-0.0478195 0.0346377 0.147789 3
-0.0489152 0.0363599 0.149 3
-0.0476903 0.0365988 0.148167 3
-0.0431736 0.0559037 0.147 3
-0.041676 0.0565915 0.147 3
-0.0432227 0.0575898 0.147923 3
-0.0415483 0.0573581 0.147 3
-0.0496913 0.0144022 0.15 3
-0.0506783 0.0159745 0.151 3
-0.0493656 0.0157057 0.15 3
-0.0508422 0.0177789 0.151 3
-0.0496914 0.0178241 0.15 3
-0.0506783 0.0199113 0.151 3
-0.0496913 0.0199424 0.15 3
-0.0506783 0.0220438 0.151 3
-0.0496913 0.0220608 0.15 3
-0.0506783 0.0241762 0.151 3
-0.0495466 0.023998 0.15 3
-0.0506657 0.026233 0.151 3
-0.0496913 0.0262974 0.15 3
-0.0508422 0.0286052 0.151 3
-0.0497999 0.0285243 0.15 3
-0.0508097 0.0301663 0.150143 3
-0.050017 0.030534 0.15 3
-0.050017 0.0316747 0.15 3
-0.0493003 0.0374605 0.1502 3
-0.0493 0.038215 0.1506 3
-0.0533426 0.0166847 0.153 3
-0.0520039 0.0162454 0.152 3
-0.0531765 0.0178632 0.153 3
-0.0520039 0.0178306 0.152 3
-0.0528029 0.0198011 0.153 3
-0.0516739 0.0200432 0.152 3
-0.0526451 0.0217374 0.153 3
-0.0516739 0.0220246 0.152 3
-0.0525122 0.024164 0.153 3
-0.0517137 0.02412 0.152154 3
-0.0525122 0.0261585 0.153 3
-0.0518444 0.0262382 0.1525 3
-0.0527336 0.0282084 0.153 3
-0.0517451 0.0282073 0.152294 3
-0.0520039 0.0296202 0.152 3
-0.0506839 0.0325924 0.152 3
-0.0550495 0.0180815 0.155 3
-0.0540674 0.0182576 0.154 3
-0.0550495 0.0199336 0.155 3
-0.053954 0.0200201 0.154 3
-0.0550495 0.0221226 0.155 3
-0.0537972 0.0221045 0.154143 3
-0.055035 0.0242212 0.154923 3
-0.0538169 0.0242316 0.154276 3
-0.0548615 0.0261622 0.154 3
-0.0538354 0.0263007 0.154 3
-0.0550495 0.0275108 0.155 3
-0.0539228 0.0282725 0.154556 3
-0.0537034 0.0300364 0.155 3
-0.0533669 0.0325622 0.155 3
-0.0571233 0.0186559 0.157 3
-0.0562618 0.0182554 0.1565 3
-0.0571233 0.0200203 0.157 3
-0.0560821 0.0198928 0.156 3
-0.0574155 0.0218477 0.157 3
-0.056082 0.0219264 0.156 3
-0.0571233 0.023943 0.157 3
-0.0562618 0.0240384 0.1565 3
-0.0564415 0.0253074 0.157 3
-0.0529499 0.0330798 0.15625 3
-0.0530763 0.0342531 0.156375 3
-0.0525216 0.0372461 0.157 3
-0.0521807 0.0372461 0.157 3
-0.0525216 0.03844 0.157 3
-0.0521807 0.03844 0.157 3
-0.0590308 0.0201478 0.158 3
-0.0583817 0.0200458 0.158333 3
-0.0581733 0.021006 0.158 3
-0.0564701 0.0289116 0.159 3
-0.0571606 0.0304661 0.159 3
-0.0561633 0.030351 0.159 3
-0.0552619 0.032107 0.159 3
-0.0540567 0.0321626 0.158 3
-0.0550893 0.0344388 0.159 3
-0.0533707 0.035252 0.158 3
-0.0533694 0.0363042 0.1584 3
-0.0537084 0.0382387 0.159 3
-0.0376053 0.00164136 0.161 3
-0.042624 0.00324043 0.161 3
-0.0411883 0.003128 0.161 3
-0.039091 0.0029531 0.161 3
-0.0376053 0.00269075 0.161 3
-0.0590833 0.0188385 0.16 3
-0.0587359 0.0188385 0.16 3
-0.0597121 0.0193935 0.160444 3
-0.0587359 0.0191862 0.16 3
-0.0578796 0.0291004 0.161 3
-0.0575484 0.0299155 0.160286 3
-0.0566516 0.031353 0.16 3
-0.056999 0.0317006 0.16 3
-0.0560648 0.0324592 0.160308 3
-0.0554358 0.0355245 0.16 3
-0.0555168 0.03666 0.16 3
-0.0543589 0.0374016 0.16 3
-0.0553396 0.0386247 0.160769 3
-0.0543137 0.038793 0.160571 3
-0.054384 0.039944 0.161 3
-0.0366861 0.00133869 0.162 3
-0.0344582 0.00140141 0.162727 3
-0.0326166 0.00113054 0.163 3
-0.0366861 0.00266836 0.162 3
-0.0345869 0.00236172 0.162429 3
-0.032941 0.00237003 0.163 3
-0.0617837 0.0186606 0.163 3
-0.0598218 0.018546 0.162 3
-0.0578873 0.0181941 0.162 3
-0.0612288 0.01925 0.162 3
-0.060877 0.01925 0.162 3
-0.0591184 0.030865 0.162 3
-0.0587667 0.030865 0.162 3
-0.057183 0.0342427 0.163 3
-0.0561287 0.0375524 0.162 3
0.014178 0.0371518 0.163 3
0.0155167 0.0371923 0.162733 3
0.0144813 0.0383154 0.163 3
0.0156216 0.0387876 0.163 3
0.0173821 0.0398402 0.162 3
0.0159786 0.0408625 0.163 3
0.0172501 0.0409883 0.162625 3
0.0162508 0.0427422 0.163 3
0.0173125 0.0427422 0.163 3
-0.0423012 -0.000468781 0.165 3
-0.0410473 -0.000468781 0.165 3
-0.0388979 -0.000468781 0.165 3
-0.0369276 -0.000468781 0.165 3
-0.0347781 -0.000468781 0.165 3
-0.0320749 -0.000465939 0.164 3
-0.0302261 -0.000468212 0.1648 3
-0.0288672 -0.000468781 0.165 3
-0.0423012 0.000248194 0.165 3
-0.0408533 0.000571431 0.164545 3
-0.0390021 0.000516327 0.164875 3
-0.0372379 0.000246689 0.164 3
-0.0319859 0.000424846 0.164 3
-0.0303942 0.00088047 0.164222 3
-0.0287607 0.000889826 0.1646 3
-0.0299385 0.00238458 0.164 3
-0.0292263 0.00238458 0.164 3
-0.0636612 0.0161561 0.165 3
-0.0618253 0.0165593 0.165 3
-0.0605714 0.0165593 0.165 3
-0.0631213 0.0174433 0.164333 3
-0.0617553 0.0175426 0.16425 3
-0.0598859 0.0177189 0.164524 3
-0.0581988 0.0176831 0.164625 3
-0.0591361 0.0291081 0.164 3
-0.05878 0.0291081 0.164 3
-0.0598521 0.030268 0.1645 3
-0.0578899 0.0356999 0.164 3
-0.0578899 0.0360563 0.164 3
0.0133239 0.0373034 0.164 3
0.0125095 0.0386063 0.165 3
0.0136419 0.0387919 0.164267 3
0.0149262 0.0394413 0.164 3
0.0140407 0.0407974 0.164636 3
0.0150597 0.0410892 0.164 3
0.0143215 0.0427367 0.164923 3
0.0154785 0.0431459 0.1642 3
0.0174187 0.0438952 0.164 3
0.014659 0.0447006 0.165 3
0.0158438 0.0448909 0.164696 3
0.0172948 0.0447789 0.164333 3
-0.0437204 -0.0042842 0.167 3
-0.0429952 -0.00295382 0.167 3
-0.041001 -0.00271193 0.167 3
-0.0386701 -0.00285879 0.167 3
-0.0368972 -0.00286586 0.167 3
-0.0349278 -0.00237933 0.167 3
-0.0333868 -0.00210721 0.167 3
-0.0303048 -0.00210721 0.167 3
-0.0284919 -0.00210721 0.167 3
-0.042505 -0.00146865 0.1665 3
-0.0408361 -0.00149399 0.166048 3
-0.0387732 -0.0015536 0.166 3
-0.036572 -0.00134633 0.166077 3
-0.0345019 -0.00128868 0.1667 3
-0.032829 -0.00113035 0.167 3
-0.0301839 -0.00137675 0.166333 3
-0.0282754 -0.00109935 0.166385 3
-0.0267459 -0.00095729 0.166667 3
-0.021059 0.000251202 0.167 3
-0.0203338 0.000251202 0.167 3
-0.0654329 0.0141302 0.1668 3
-0.0641547 0.0142664 0.16675 3
-0.0623934 0.0145831 0.167 3
-0.0652635 0.0148564 0.166 3
-0.0637731 0.0153672 0.166143 3
-0.0619372 0.0156811 0.166448 3
-0.0598823 0.0160149 0.166667 3
-0.0578561 0.0160158 0.166385 3
-0.0562678 0.0161286 0.166538 3
-0.0598573 0.0170204 0.166 3
-0.057875 0.0170204 0.166 3
-0.0564334 0.0170204 0.166 3
0.015829 0.0188237 0.166 3
0.0169103 0.0188237 0.166 3
0.0137877 0.0197794 0.167 3
0.0156314 0.019902 0.166467 3
0.0169103 0.0197253 0.166 3
0.0141115 0.021114 0.167 3
0.0155618 0.021114 0.167 3
-0.0616002 0.0243115 0.167 3
-0.0605804 0.0234725 0.167 3
-0.0614869 0.025468 0.167 3
-0.0585863 0.0356273 0.167 3
-0.0583523 0.036688 0.166333 3
0.0104857 0.039437 0.167 3
0.0117079 0.039115 0.166476 3
0.0129458 0.0397419 0.166 3
0.0119861 0.0407427 0.1667 3
0.0131414 0.0413067 0.1662 3
0.0121173 0.0421583 0.167 3
0.0133134 0.0432272 0.166429 3
0.0134955 0.0452708 0.166687 3
0.014928 0.0458731 0.166 3
0.0137346 0.0471006 0.166833 3
0.0156677 0.0470125 0.1662 3
0.0170905 0.0467748 0.166 3
0.0080258 0.0489779 0.16675 3
0.00898988 0.0494684 0.166167 3
0.0141892 0.049104 0.167 3
0.0157005 0.0491802 0.167 3
0.0138665 0.0516764 0.166857 3
0.0152085 0.0512802 0.1667 3
0.0121634 0.0544056 0.166571 3
0.0134967 0.0536388 0.166324 3
0.014928 0.0527256 0.166 3
0.0120509 0.0553141 0.166267 3
0.0135636 0.0555079 0.166 3
-0.0452439 -0.00657726 0.17 3
-0.0430294 -0.00657726 0.17 3
-0.0413685 -0.00657726 0.17 3
-0.0451973 -0.00574636 0.169667 3
-0.0430325 -0.00530407 0.168824 3
-0.0410316 -0.00517269 0.16903 3
-0.0388589 -0.00507803 0.1692 3
-0.0367286 -0.00509173 0.169214 3
-0.0347728 -0.00494743 0.169615 3
-0.0325548 -0.00470422 0.169875 3
-0.0304814 -0.00474469 0.169706 3
-0.0282889 -0.00470432 0.169737 3
-0.02642 -0.00436116 0.17 3
-0.0428879 -0.00394485 0.168 3
-0.0409502 -0.00360266 0.168 3
-0.0391492 -0.0036711 0.168 3
-0.0364135 -0.00367109 0.168 3
-0.0345378 -0.00336096 0.168417 3
-0.0325818 -0.00307205 0.168629 3
-0.0304796 -0.0031437 0.168321 3
-0.0283071 -0.00321383 0.168469 3
-0.0262773 -0.00299993 0.169088 3
-0.0241575 -0.00287912 0.169667 3
-0.0220069 -0.00253242 0.169706 3
-0.0199857 -0.00248659 0.169625 3
-0.0179247 -0.00251371 0.169944 3
-0.015947 -0.00228357 0.17 3
-0.0136863 -0.00214506 0.17 3
-0.0114453 -0.00246165 0.17 3
-0.00944168 -0.00251441 0.17 3
-0.00722711 -0.00251441 0.17 3
-0.00515823 -0.0027088 0.17 3
-0.00316706 -0.00251441 0.17 3
-0.00118317 -0.00228357 0.17 3
0.00107754 -0.00214506 0.17 3
-0.0324924 -0.00175482 0.168 3
-0.0313982 -0.00175482 0.168 3
-0.0273859 -0.00175482 0.168 3
-0.0259115 -0.00123413 0.168071 3
-0.024241 -0.0010269 0.1682 3
-0.022088 -0.00100144 0.168172 3
-0.0199397 -0.00102738 0.168267 3
-0.017839 -0.00123331 0.169136 3
-0.0156963 -0.00107208 0.169071 3
-0.013666 -0.000990785 0.168741 3
-0.01161 -0.00103396 0.169333 3
-0.00942687 -0.00103625 0.169733 3
-0.00727745 -0.00107557 0.169643 3
-0.00526698 -0.000994919 0.16963 3
-0.00316706 -0.00103701 0.17 3
-0.000950977 -0.00103606 0.169667 3
0.00107585 -0.00103633 0.16976 3
0.00309843 -0.000850915 0.1695 3
0.00532214 -0.000852336 0.17 3
0.00675853 -0.000480145 0.169 3
-0.0195437 0.000252706 0.168 3
-0.0155314 0.000252706 0.168 3
-0.0137076 0.000252706 0.168 3
-0.0118839 0.000252706 0.168 3
-0.00721002 0.000527212 0.1685 3
-0.00526969 0.00094004 0.168177 3
-0.0032973 0.000681246 0.168833 3
-0.00094688 0.00025421 0.169 3
0.0010712 0.00025421 0.169 3
0.00319413 0.000778749 0.169 3
0.00529828 0.000988899 0.169222 3
0.0072565 0.00104102 0.169 3
0.00840969 0.00135574 0.169 3
-0.0677525 0.0115432 0.1698 3
-0.0664117 0.0121165 0.169529 3
-0.0640679 0.0122596 0.17 3
-0.0622223 0.0122596 0.17 3
-0.0659697 0.0131204 0.1685 3
-0.0638956 0.0133097 0.168839 3
-0.0618673 0.0136763 0.169279 3
-0.0598262 0.0137199 0.1698 3
-0.0578022 0.0140779 0.169667 3
-0.055892 0.0144615 0.169833 3
-0.0613801 0.0149799 0.1682 3
-0.0598436 0.0148966 0.1685 3
-0.0577243 0.0149973 0.1684 3
-0.055547 0.0153133 0.169 3
-0.0600217 0.0347689 0.169 3
-0.0596666 0.0360232 0.168 3
0.0100013 0.0396732 0.168 3
0.00965681 0.0410372 0.16835 3
0.0109393 0.0411071 0.168 3
0.00796733 0.0435312 0.17 3
0.00935499 0.0431666 0.169533 3
0.0114359 0.0430416 0.168429 3
0.00785931 0.0459678 0.169 3
0.00949118 0.04514 0.169923 3
0.0115044 0.0450827 0.168667 3
0.00741222 0.0475128 0.168645 3
0.00931335 0.0470433 0.169936 3
0.0115139 0.0472004 0.168813 3
0.0129193 0.0478858 0.168 3
0.00744805 0.0486158 0.168 3
0.00951986 0.049243 0.168842 3
0.0115498 0.0494304 0.169333 3
0.0132436 0.0494269 0.168 3
0.00981768 0.0514143 0.169 3
0.0115238 0.0514565 0.168941 3
0.0131017 0.0511709 0.168 3
0.00991004 0.0531738 0.169222 3
0.0114114 0.0534933 0.168421 3
0.0110956 0.0548209 0.168 3
-0.0682862 -0.0110144 0.172 3
-0.0682092 -0.00943066 0.172 3
-0.0661286 -0.00927051 0.172 3
-0.0642105 -0.00906667 0.172 3
-0.061847 -0.00891296 0.171882 3
-0.0597625 -0.00886107 0.17175 3
-0.058025 -0.00874734 0.172 3
-0.0560458 -0.00852312 0.172 3
-0.0678838 -0.0079252 0.172 3
-0.0661286 -0.00777573 0.172 3
-0.0640747 -0.00777573 0.172 3
-0.061659 -0.00746678 0.171136 3
-0.0597508 -0.00753218 0.171091 3
-0.0577548 -0.00736847 0.1712 3
-0.0556873 -0.00729485 0.171407 3
-0.0535983 -0.00731503 0.1717 3
-0.0513822 -0.00742064 0.171944 3
-0.0493746 -0.00737751 0.1714 3
-0.0473585 -0.00740377 0.171414 3
-0.045174 -0.00753203 0.171455 3
-0.0431325 -0.00760378 0.171545 3
-0.0410129 -0.00725196 0.171381 3
-0.0388525 -0.00699047 0.171625 3
-0.0368054 -0.00703894 0.171706 3
-0.0348707 -0.00684089 0.171545 3
-0.0325192 -0.00665464 0.172 3
-0.0304653 -0.00665464 0.172 3
-0.0284114 -0.00665464 0.172 3
-0.0271043 -0.00665464 0.172 3
-0.0218762 -0.00665464 0.172 3
-0.0203824 -0.00665464 0.172 3
-0.0611033 -0.00624443 0.171 3
-0.0590613 -0.00624443 0.171 3
-0.0575298 -0.00610511 0.171 3
-0.0558313 -0.00602152 0.171 3
-0.0540492 -0.00624443 0.171 3
-0.0505222 -0.00624443 0.171 3
-0.0494084 -0.00624443 0.171 3
-0.0475521 -0.00624443 0.171 3
-0.040498 -0.00624443 0.171 3
-0.0388273 -0.00624443 0.171 3
-0.0367853 -0.00624443 0.171 3
-0.0344166 -0.00599284 0.171154 3
-0.0325168 -0.00586179 0.171294 3
-0.0304706 -0.00590982 0.171375 3
-0.0284258 -0.00586179 0.171294 3
-0.0262812 -0.00533249 0.1715 3
-0.0241146 -0.00517921 0.171759 3
-0.0220495 -0.00527929 0.1718 3
-0.0200324 -0.00528722 0.171824 3
-0.0178507 -0.00512986 0.171 3
-0.0159009 -0.00509894 0.171286 3
-0.0135812 -0.00475834 0.171 3
-0.0117513 -0.00454604 0.171 3
-0.00986849 -0.00438681 0.171 3
-0.0254617 -0.00401529 0.171 3
-0.0241623 -0.00401529 0.171 3
-0.0221203 -0.00364377 0.171 3
-0.0198927 -0.00364377 0.171 3
-0.0178507 -0.00364377 0.171 3
-0.0157425 -0.00331205 0.171 3
-0.0135812 -0.00327225 0.171 3
-0.0116266 -0.0035345 0.171 3
-0.00959004 -0.00359733 0.171 3
-0.00726962 -0.00345801 0.171 3
-0.00578455 -0.00345801 0.171 3
-0.0676576 0.0100849 0.1715 3
-0.0668755 0.0101616 0.172 3
-0.0673324 0.0107833 0.1715 3
-0.0660824 0.0112671 0.171474 3
-0.0640741 0.0114351 0.1715 3
-0.0618476 0.0116352 0.17148 3
-0.0597881 0.0120061 0.171667 3
-0.0579897 0.0121 0.171933 3
-0.0556724 0.0124038 0.172 3
-0.0536184 0.0124038 0.172 3
-0.0612889 0.0127032 0.171 3
-0.0595917 0.0128624 0.171 3
-0.0577075 0.0131668 0.171286 3
-0.0556131 0.0135791 0.171484 3
-0.0538801 0.0132991 0.171778 3
-0.0546061 0.0149324 0.171 3
0.00943739 0.0479979 0.171 3
0.00993242 0.0488029 0.171 3
-0.067764 -0.0113316 0.1738 3
-0.0661405 -0.0112476 0.173667 3
-0.0640072 -0.0111124 0.17387 3
-0.0619864 -0.0110795 0.174 3
-0.0599086 -0.0110795 0.174 3
-0.0580197 -0.0107014 0.174 3
-0.0674521 -0.010452 0.173 3
-0.0661375 -0.010452 0.173 3
-0.0640572 -0.0100183 0.173 3
-0.0620058 -0.00988818 0.173 3
-0.0599399 -0.00988818 0.173 3
-0.057691 -0.00956209 0.173273 3
-0.055639 -0.00945709 0.17348 3
-0.0535688 -0.00935432 0.173533 3
-0.0514566 -0.00934728 0.1734 3
-0.0494615 -0.00899902 0.1736 3
-0.0473008 -0.00914776 0.17355 3
-0.0450774 -0.00903719 0.173412 3
-0.0431614 -0.00908836 0.1735 3
-0.0410196 -0.00881124 0.174 3
-0.0387529 -0.00881124 0.174 3
-0.0366751 -0.00881124 0.174 3
-0.0355418 -0.00881124 0.174 3
-0.0240195 -0.00881124 0.174 3
-0.0653863 -0.00688126 0.173 3
-0.064635 -0.00688126 0.173 3
-0.0552448 -0.0081968 0.173 3
-0.0535546 -0.0081968 0.173 3
-0.0516765 -0.0081968 0.173 3
-0.0407839 -0.00800887 0.173 3
-0.0389058 -0.00800887 0.173 3
-0.0366522 -0.00800887 0.173 3
-0.0344974 -0.00773132 0.1735 3
-0.03252 -0.00761987 0.173455 3
-0.0304476 -0.00769242 0.173545 3
-0.0283775 -0.00761987 0.173455 3
-0.0262639 -0.00727935 0.1735 3
-0.0242182 -0.0072351 0.173562 3
-0.0229866 -0.00727256 0.173333 3
-0.0675727 0.00923677 0.1736 3
-0.0662585 0.00975508 0.173526 3
-0.0640667 0.00988207 0.173667 3
-0.0622182 0.0100352 0.1737 3
-0.0599086 0.0102798 0.174 3
-0.0578308 0.0102798 0.174 3
-0.0561308 0.0102798 0.174 3
-0.0661375 0.0105966 0.173 3
-0.0640716 0.0105966 0.173 3
-0.061774 0.0108405 0.1733 3
-0.0599295 0.0109929 0.173333 3
-0.0575707 0.0112473 0.173217 3
-0.0557102 0.0113921 0.173462 3
-0.0536027 0.0115373 0.173545 3
-0.0675137 -0.0150689 0.176 3
-0.0665201 -0.0152219 0.176 3
-0.0680979 -0.0136129 0.175826 3
-0.0661897 -0.0135934 0.175565 3
-0.0641743 -0.0131081 0.175857 3
-0.0619347 -0.0131188 0.176 3
-0.059833 -0.0131188 0.176 3
-0.0583045 -0.0131188 0.176 3
-0.0680419 -0.0122838 0.175 3
-0.0661422 -0.0122838 0.175 3
-0.0640525 -0.0122838 0.175 3
-0.0619627 -0.0122838 0.175 3
-0.0597373 -0.0121752 0.175 3
-0.0577025 -0.0117751 0.1755 3
-0.0556616 -0.0111761 0.1755 3
-0.0535659 -0.0111761 0.1755 3
-0.0514702 -0.0111761 0.1755 3
-0.0493745 -0.0111761 0.1755 3
-0.0474196 -0.0110293 0.1756 3
-0.0451213 -0.0108245 0.176 3
-0.0433744 -0.0107971 0.176 3
-0.0409179 -0.0106333 0.176 3
-0.0388162 -0.0106333 0.176 3
-0.0367146 -0.0106333 0.176 3
-0.0353772 -0.0106333 0.176 3
-0.0505642 -0.0100025 0.175 3
-0.0494243 -0.0100025 0.175 3
-0.0469546 -0.0100025 0.175 3
-0.0452068 -0.0100405 0.175 3
-0.0426955 -0.00998197 0.1753 3
-0.0408879 -0.00980719 0.175294 3
-0.0387971 -0.00985803 0.175375 3
-0.0367014 -0.00980719 0.175294 3
-0.0346738 -0.00938534 0.175583 3
-0.0325141 -0.00923252 0.175455 3
-0.0304173 -0.00930665 0.175545 3
-0.0282848 -0.00913369 0.175333 3
-0.0262781 -0.00910933 0.175571 3
-0.0248541 -0.00911536 0.175 3
-0.0680486 -0.00700059 0.176 3
-0.0669022 -0.00700059 0.176 3
-0.0260573 -0.00810145 0.175 3
-0.0679924 0.0076808 0.175714 3
-0.0661149 0.00773366 0.17575 3
-0.0640363 0.00810365 0.176 3
-0.0616799 0.00784873 0.176 3
-0.059833 0.00810365 0.176 3
-0.0583045 0.00810365 0.176 3
-0.0678519 0.00843782 0.175 3
-0.0661175 0.0088003 0.175125 3
-0.0639962 0.00883591 0.175368 3
-0.0619135 0.00918221 0.175625 3
-0.059849 0.00922848 0.1756 3
-0.057807 0.00932972 0.175545 3
-0.0557384 0.00973627 0.175571 3
-0.0535532 0.0099959 0.175667 3
-0.0520681 0.00995302 0.17575 3
-0.0551236 0.0107191 0.175 3
-0.0536038 0.0107191 0.175 3
-0.052274 0.0107191 0.175 3
-0.0715272 -0.0169418 0.178 3
-0.0701404 -0.0175333 0.178 3
-0.0686158 -0.0174059 0.178 3
-0.0715272 -0.015975 0.178 3
-0.0704684 -0.0158087 0.177842 3
-0.068522 -0.0158845 0.177182 3
-0.0658748 -0.015407 0.177727 3
-0.0641319 -0.0149961 0.177857 3
-0.0618655 -0.0150081 0.178 3
-0.0599332 -0.0150081 0.178 3
-0.0587738 -0.0150081 0.178 3
-0.0702078 -0.0137252 0.1774 3
-0.0690117 -0.0145393 0.177 3
-0.0655915 -0.0143085 0.177 3
-0.0640586 -0.0142009 0.177316 3
-0.06189 -0.0141821 0.177333 3
-0.0598312 -0.0141562 0.177294 3
-0.0576208 -0.0136586 0.177625 3
-0.0556369 -0.0130236 0.177625 3
-0.0535246 -0.0130763 0.177706 3
-0.0514627 -0.0130507 0.177667 3
-0.0494664 -0.0130236 0.177625 3
-0.0472829 -0.012664 0.177667 3
-0.0452475 -0.0126877 0.178 3
-0.0435084 -0.0126877 0.178 3
-0.0701645 -0.0122319 0.177 3
-0.0569064 -0.0122319 0.177 3
-0.0555614 -0.0122319 0.177 3
-0.0534478 -0.0122319 0.177 3
-0.0515263 -0.0122319 0.177 3
-0.0494127 -0.0122319 0.177 3
-0.0470989 -0.0119665 0.177333 3
-0.0452037 -0.0118451 0.177294 3
-0.0430174 -0.0116167 0.177381 3
-0.0409537 -0.0114718 0.1775 3
-0.0387704 -0.0115996 0.177444 3
-0.0369048 -0.0114877 0.177375 3
-0.0345711 -0.0111741 0.17775 3
-0.0324978 -0.011094 0.177625 3
-0.0303103 -0.010734 0.177667 3
-0.0282431 -0.0107541 0.178 3
-0.0263108 -0.0107541 0.178 3
-0.0344253 -0.0103091 0.177 3
-0.0325038 -0.0103091 0.177 3
-0.0303103 -0.010348 0.177667 3
-0.0282264 -0.010021 0.177455 3
-0.0261603 -0.010021 0.177455 3
-0.0695948 0.00606871 0.178 3
-0.0682422 0.00606871 0.178 3
-0.0668896 0.00606871 0.178 3
-0.0637979 0.00606871 0.178 3
-0.0619023 0.00603462 0.177 3
-0.0603258 0.00584286 0.177857 3
-0.0682431 0.00680374 0.177 3
-0.0659602 0.0069246 0.177286 3
-0.0640274 0.00723374 0.177273 3
-0.0619503 0.00709216 0.177 3
-0.0598723 0.00719791 0.17725 3
-0.0578314 0.0075592 0.1776 3
-0.0558221 0.00818806 0.177833 3
-0.0535565 0.00819574 0.178 3
-0.0520106 0.00819574 0.178 3
-0.0574828 0.00853425 0.177 3
-0.0555391 0.00890984 0.177313 3
-0.0534886 0.00891286 0.177375 3
-0.0519356 0.00897893 0.17725 3
-0.0736986 -0.0196742 0.18 3
-0.0722246 -0.0195927 0.17925 3
-0.0703036 -0.0196103 0.179091 3
-0.0688938 -0.0193967 0.1796 3
-0.0739614 -0.0180108 0.179286 3
-0.0724472 -0.0177824 0.179 3
-0.0709574 -0.0183982 0.179 3
-0.067971 -0.0179975 0.179304 3
-0.0665245 -0.0174115 0.18 3
-0.0742044 -0.0157036 0.179333 3
-0.072734 -0.0155647 0.179 3
-0.0674597 -0.0164536 0.179 3
-0.0659258 -0.0163688 0.179286 3
-0.0641401 -0.0161107 0.1795 3
-0.0620188 -0.0156758 0.179 3
-0.059852 -0.0157196 0.1795 3
-0.0580419 -0.0151456 0.179625 3
-0.0557215 -0.0149813 0.18 3
-0.0535721 -0.0149813 0.18 3
-0.0514226 -0.0149813 0.18 3
-0.0492732 -0.0149813 0.18 3
-0.0465376 -0.0149812 0.18 3
-0.0450809 -0.0153368 0.18 3
-0.0430854 -0.0152419 0.18 3
-0.0740461 -0.0136994 0.18 3
-0.0721638 -0.0135439 0.1791 3
-0.0567722 -0.0141202 0.179 3
-0.0556063 -0.0141201 0.179 3
-0.0536631 -0.0141202 0.179 3
-0.0515256 -0.0141202 0.179 3
-0.0491878 -0.0140316 0.179286 3
-0.0472818 -0.0137318 0.179455 3
-0.0452143 -0.0137628 0.1794 3
-0.0429808 -0.0136463 0.179296 3
-0.0410911 -0.0133154 0.179706 3
-0.0389104 -0.0132234 0.179706 3
-0.0367854 -0.0129796 0.1799 3
-0.0346179 -0.0130259 0.18 3
-0.0324685 -0.0130259 0.18 3
-0.0312961 -0.0130259 0.18 3
-0.0736987 -0.0124392 0.18 3
-0.0722306 -0.0121287 0.17975 3
-0.0423926 -0.0123701 0.179 3
-0.0408381 -0.0123701 0.179 3
-0.0392836 -0.0123701 0.179 3
-0.0363688 -0.0121757 0.179 3
-0.0346199 -0.0121757 0.179 3
-0.0323688 -0.0120743 0.179143 3
-0.0304297 -0.0118208 0.1795 3
-0.0283817 -0.0118592 0.179545 3
-0.0264525 -0.0116332 0.179625 3
-0.0250432 -0.0114616 0.18 3
-0.069986 -0.00657308 0.18 3
-0.0692044 -0.00657308 0.18 3
-0.0701814 -0.00598647 0.18 3
-0.0701814 0.00398598 0.18 3
-0.0697522 0.0048634 0.1792 3
-0.0683866 0.00510821 0.1796 3
-0.0660887 0.00572878 0.1795 3
-0.0642729 0.00536389 0.179 3
-0.0595163 0.005789 0.179333 3
-0.0581889 0.00589034 0.179778 3
-0.0563077 0.00594137 0.18 3
-0.0575526 0.0068109 0.179294 3
-0.0556578 0.00705467 0.179571 3
-0.0536426 0.00712936 0.179583 3
-0.0519807 0.0073891 0.179385 3
-0.0275834 0.0102432 0.18 3
-0.026411 0.0102432 0.18 3
-0.027896 0.0111036 0.18 3
-0.026411 0.0110254 0.18 3
-0.0196891 0.0121204 0.18 3
-0.018204 0.0121986 0.18 3
-0.0193764 0.0129807 0.18 3
-0.018204 0.0129807 0.18 3
0.112326 0.0374231 0.18 3
0.110762 0.0387918 0.18 3
0.111935 0.0387918 0.18 3
0.110763 0.039965 0.18 3
0.111935 0.039965 0.18 3
-0.0697853 -0.0211598 0.181 3
-0.0697853 -0.0207666 0.181 3
-0.0683306 -0.0197832 0.181529 3
-0.0668121 -0.0189042 0.182 3
-0.0555504 -0.0191019 0.182 3
-0.0535746 -0.0191019 0.182 3
-0.0673834 -0.0185847 0.1812 3
-0.0658803 -0.0179034 0.181467 3
-0.064116 -0.0174526 0.181769 3
-0.0620161 -0.0172629 0.181625 3
-0.059858 -0.0173184 0.181706 3
-0.0576837 -0.0174052 0.181944 3
-0.0556991 -0.017703 0.18184 3
-0.0535746 -0.0177179 0.182 3
-0.0515005 -0.0176843 0.18165 3
-0.0494599 -0.0175928 0.181143 3
-0.0477392 -0.01707 0.181 3
-0.0633012 -0.0164408 0.181 3
-0.0619258 -0.0164408 0.181 3
-0.0597644 -0.0164408 0.181 3
-0.0577163 -0.0161362 0.181357 3
-0.0555986 -0.0160298 0.181059 3
-0.0535134 -0.0161062 0.181375 3
-0.0514762 -0.016026 0.181071 3
-0.0492522 -0.0159493 0.181 3
-0.0473752 -0.0156957 0.181 3
-0.0422769 -0.0154577 0.181 3
-0.041042 -0.0154474 0.1818 3
-0.0393492 -0.0151477 0.182 3
-0.0338171 -0.01495 0.182 3
-0.0324341 -0.01495 0.182 3
-0.0304584 -0.01495 0.182 3
-0.0284826 -0.01495 0.182 3
-0.0409014 -0.0142779 0.181 3
-0.0388454 -0.0143174 0.1815 3
-0.0368362 -0.0140583 0.181588 3
-0.0346114 -0.0141359 0.181375 3
-0.0325773 -0.014108 0.181333 3
-0.0304093 -0.0137175 0.181185 3
-0.0283819 -0.0137164 0.18136 3
-0.0264696 -0.0133502 0.18175 3
-0.0738133 -0.0117218 0.181 3
-0.0731256 -0.0115252 0.181 3
-0.0259682 -0.0123117 0.181 3
-0.0249858 -0.0123117 0.181 3
-0.0701709 0.00185545 0.182 3
-0.0700523 0.00330136 0.181375 3
-0.0689242 0.00382518 0.181667 3
-0.0609433 0.00400813 0.181 3
-0.0602085 0.00402473 0.18175 3
-0.0678988 0.00468953 0.181286 3
-0.066417 0.00482112 0.182 3
-0.0609433 0.00479463 0.181 3
-0.0598092 0.00485524 0.181438 3
-0.0576892 0.00517948 0.181714 3
-0.0556144 0.00537862 0.1815 3
-0.0534515 0.00540095 0.181583 3
-0.051533 0.00567786 0.182 3
-0.0528872 0.00636762 0.181 3
-0.0516241 0.00653616 0.181 3
-0.0321575 0.00723319 0.182 3
-0.030638 0.00760704 0.182 3
-0.0288778 0.0081822 0.182 3
-0.0253214 0.0081822 0.182 3
-0.024136 0.0081822 0.182 3
-0.0302045 0.00931129 0.181588 3
-0.0284454 0.00946665 0.181435 3
-0.0263 0.00935126 0.181522 3
-0.024177 0.00957335 0.181357 3
-0.0221956 0.00945912 0.181947 3
-0.0200124 0.0099216 0.181706 3
-0.0178506 0.00996497 0.181625 3
-0.0164305 0.00976389 0.182 3
-0.029505 0.0106934 0.181 3
-0.0287191 0.0106934 0.181 3
-0.0255753 0.0106934 0.181 3
-0.0241998 0.0106934 0.181 3
-0.0212525 0.0106934 0.181 3
-0.0199526 0.0110564 0.181 3
-0.0179122 0.0110866 0.181 3
0.108387 0.0351698 0.182 3
0.10988 0.0352696 0.181667 3
0.108288 0.0368001 0.181917 3
0.110107 0.0366484 0.181118 3
0.111896 0.0368623 0.181 3
0.108579 0.0381747 0.18125 3
0.110179 0.0383978 0.181 3
0.111967 0.0378276 0.181 3
-0.0697073 -0.0218709 0.18325 3
-0.0681792 -0.0217466 0.183556 3
-0.0669471 -0.0217104 0.184 3
-0.0697618 -0.020996 0.183 3
-0.068079 -0.0204883 0.183286 3
-0.0663408 -0.019795 0.183769 3
-0.0638429 -0.0197502 0.183944 3
-0.0619441 -0.0193918 0.183154 3
-0.0597437 -0.0195193 0.183 3
-0.0576435 -0.0196045 0.183 3
-0.0658879 -0.0185111 0.183 3
-0.0640006 -0.0184117 0.183 3
-0.062014 -0.0184117 0.183 3
-0.0598288 -0.0184117 0.183 3
-0.0580408 -0.0184117 0.183 3
-0.042148 -0.0170201 0.183 3
-0.0409317 -0.0174358 0.183786 3
-0.0395819 -0.0171131 0.184 3
-0.042148 -0.0166225 0.183 3
-0.0406643 -0.0164112 0.1833 3
-0.038839 -0.015848 0.183474 3
-0.0367847 -0.0156322 0.183455 3
-0.0347702 -0.0157434 0.183556 3
-0.0326269 -0.0158962 0.1835 3
-0.0304118 -0.0160308 0.183455 3
-0.0283648 -0.0159787 0.183526 3
-0.026343 -0.0152035 0.183941 3
-0.0248007 -0.0149144 0.184 3
-0.0274471 -0.0146345 0.183 3
-0.0261669 -0.0141044 0.183 3
-0.0247652 -0.0138393 0.183 3
-0.0697618 -0.00668263 0.183 3
-0.0705564 -0.00608625 0.183 3
-0.0717409 0.00107631 0.184 3
-0.0702857 0.00141897 0.184 3
-0.0683453 0.00187585 0.184 3
-0.0617536 0.00187585 0.184 3
-0.0697618 0.00266083 0.183 3
-0.0683147 0.00317598 0.183444 3
-0.0667832 0.00341306 0.183786 3
-0.0614996 0.00298764 0.1836 3
-0.0599898 0.00339181 0.183526 3
-0.0577249 0.00364477 0.183706 3
-0.0555933 0.00366741 0.183667 3
-0.0535995 0.00366741 0.183667 3
-0.0518975 0.00383249 0.1839 3
-0.0503682 0.00407456 0.184 3
-0.0305934 0.00407456 0.184 3
-0.0679738 0.00445001 0.183 3
-0.0666083 0.00453969 0.1834 3
-0.0592328 0.00445001 0.183 3
-0.0576435 0.00445001 0.183 3
-0.0556569 0.00445001 0.183 3
-0.0536703 0.00445001 0.183 3
-0.0514485 0.00483036 0.183313 3
-0.0501857 0.00485571 0.183333 3
-0.0320164 0.00584159 0.183 3
-0.0305153 0.0053828 0.183538 3
-0.0285958 0.00587352 0.184 3
-0.023802 0.00587351 0.184 3
-0.0298973 0.00690184 0.183 3
-0.0282571 0.00717979 0.183435 3
-0.0262598 0.00717345 0.183462 3
-0.0241351 0.00705251 0.1835 3
-0.0220889 0.00730032 0.183643 3
-0.0199919 0.00766661 0.183867 3
-0.0180111 0.00744427 0.183579 3
-0.0165209 0.00802836 0.183 3
-0.0278445 0.00842595 0.183 3
-0.0264538 0.00842595 0.183 3
-0.0217655 0.00866451 0.183 3
-0.0199194 0.00883276 0.1832 3
-0.0179183 0.00882662 0.183067 3
-0.0165208 0.00882355 0.183 3
0.106832 0.0332576 0.184 3
0.107831 0.0332576 0.184 3
0.10655 0.0348783 0.183895 3
0.107742 0.0344807 0.18328 3
0.10651 0.0361904 0.183333 3
0.107443 0.0362576 0.183 3
-0.0659051 -0.0214264 0.185 3
-0.0656039 -0.0204216 0.185 3
-0.0644992 -0.0206226 0.185 3
-0.040214 -0.0193197 0.186 3
-0.0394064 -0.0189156 0.186 3
-0.0405038 -0.0183866 0.18525 3
-0.0389434 -0.0176243 0.185545 3
-0.0367831 -0.0174143 0.185455 3
-0.0346688 -0.0174552 0.1855 3
-0.0325529 -0.0174961 0.185545 3
-0.0304515 -0.0176632 0.185571 3
-0.0283686 -0.0175902 0.185474 3
-0.0265189 -0.0171442 0.185778 3
-0.0250703 -0.016895 0.186 3
-0.0275462 -0.0164022 0.185 3
-0.0259593 -0.0160975 0.185273 3
-0.0245077 -0.0157626 0.185636 3
-0.0725207 -0.0053778 0.186 3
-0.0722745 -0.000829563 0.1855 3
-0.0709054 -0.000528443 0.186 3
-0.0616172 -0.000528443 0.186 3
-0.0721309 0.000278277 0.185 3
-0.070163 0.000479812 0.185375 3
-0.0682652 0.000841445 0.1853 3
-0.0670097 0.00128313 0.185 3
-0.0615076 0.00108314 0.185333 3
-0.0599807 0.00169035 0.185625 3
-0.0577808 0.00189623 0.186 3
-0.0557617 0.00189623 0.186 3
-0.0535406 0.00189624 0.186 3
-0.0667084 0.00268992 0.185 3
-0.0596793 0.00268992 0.185 3
-0.0578718 0.00268992 0.185 3
-0.0556627 0.00268992 0.185 3
-0.0534535 0.00268992 0.185 3
-0.0513824 0.00301874 0.1855 3
-0.0498382 0.00302019 0.1856 3
-0.0299563 0.00369477 0.185 3
-0.0283992 0.00329876 0.185333 3
-0.0262818 0.00371474 0.186 3
-0.0245178 0.00384698 0.185889 3
-0.0220209 0.00411516 0.185833 3
-0.0206281 0.00411885 0.186 3
-0.0299563 0.00449864 0.185 3
-0.0282171 0.00508549 0.185091 3
-0.0262252 0.00531842 0.1856 3
-0.0241955 0.00519231 0.18519 3
-0.0221001 0.00527628 0.185192 3
-0.0201017 0.00553336 0.185048 3
-0.0199147 0.00670931 0.185 3
0.106185 0.0327402 0.185692 3
0.107404 0.0326251 0.185333 3
0.104493 0.0340906 0.186 3
0.105928 0.034404 0.185333 3
-0.0390285 -0.0198853 0.187522 3
-0.0369392 -0.019102 0.187833 3
-0.0347279 -0.0191189 0.188 3
-0.032687 -0.0191189 0.188 3
-0.0304541 -0.0195215 0.187706 3
-0.0285739 -0.0190986 0.1878 3
-0.0386032 -0.018611 0.187 3
-0.0369392 -0.0186939 0.187833 3
-0.0347279 -0.0187105 0.188 3
-0.032687 -0.0187105 0.188 3
-0.0304831 -0.018611 0.187 3
-0.0281283 -0.0184485 0.187 3
-0.0261129 -0.0181222 0.1874 3
-0.0243439 -0.0173187 0.187667 3
-0.024037 -0.016615 0.1874 3
-0.0708515 -0.00686522 0.188 3
-0.0735046 -0.0046187 0.188 3
-0.0730965 -0.0046187 0.188 3
-0.0735046 -0.00339333 0.188 3
-0.0726034 -0.00283719 0.187857 3
-0.0708515 -0.00237219 0.188 3
-0.072125 -0.00165205 0.187333 3
-0.0703096 -0.00110799 0.187545 3
-0.068514 -0.000882608 0.187429 3
-0.0633002 -0.00135104 0.188 3
-0.0618539 -0.00111723 0.187857 3
-0.0599765 -0.000650827 0.188 3
-0.0575858 -0.000534125 0.188 3
-0.0611365 0.000281286 0.187 3
-0.0596253 0.000642428 0.187 3
-0.0576299 0.00065091 0.187182 3
-0.0556001 0.000688323 0.1875 3
-0.0536309 0.000891821 0.187375 3
-0.0515072 0.0013009 0.187667 3
-0.0497204 0.00126431 0.187727 3
-0.0515954 0.00210957 0.187 3
-0.0499714 0.00210957 0.187 3
0.104256 0.0290791 0.188 3
0.102215 0.0309171 0.188 3
0.104082 0.0305633 0.187714 3
0.105479 0.0308659 0.1872 3
0.102645 0.0319486 0.187667 3
0.103927 0.032435 0.187154 3
0.105461 0.0324455 0.187 3
-0.0381928 -0.0217424 0.1895 3
-0.0370341 -0.0218942 0.190571 3
-0.0348674 -0.0217064 0.191 3
-0.0294764 -0.0210839 0.191 3
-0.0282323 -0.0210839 0.191 3
-0.0384006 -0.0206578 0.189 3
-0.0368315 -0.0202882 0.189375 3
-0.0345936 -0.0203019 0.1895 3
-0.0326371 -0.0203536 0.189556 3
-0.0304611 -0.0207583 0.190091 3
-0.0283062 -0.0200911 0.189937 3
-0.0262084 -0.019867 0.189789 3
-0.0243832 -0.0198336 0.190471 3
-0.0240456 -0.0182397 0.189353 3
-0.0228414 -0.0179716 0.191 3
-0.0719699 -0.00650256 0.189333 3
-0.0703882 -0.0069897 0.190688 3
-0.0692866 -0.00697477 0.191 3
-0.0655544 -0.00655979 0.191 3
-0.0643103 -0.00655979 0.191 3
-0.0616148 -0.00655979 0.191 3
-0.0722829 -0.00519385 0.189217 3
-0.0706652 -0.00528927 0.190607 3
-0.0692866 -0.00517654 0.191 3
-0.065915 -0.0052427 0.191 3
-0.0639497 -0.0052427 0.191 3
-0.0617091 -0.00525828 0.191 3
-0.0598002 -0.00468012 0.1905 3
-0.0577802 -0.00468422 0.190667 3
-0.0721476 -0.00351656 0.189125 3
-0.0703666 -0.00328339 0.19 3
-0.0682576 -0.00332823 0.190704 3
-0.0659969 -0.00338397 0.1909 3
-0.064028 -0.00320978 0.190273 3
-0.0619799 -0.00322374 0.18996 3
-0.0598714 -0.0031903 0.189923 3
-0.0577394 -0.00325926 0.190414 3
-0.0556383 -0.00320758 0.190962 3
-0.0536666 -0.00241004 0.191 3
-0.0511785 -0.00268669 0.191 3
-0.0497418 -0.00239742 0.19 3
-0.0699973 -0.00197417 0.189 3
-0.0685611 -0.00197417 0.189 3
-0.0654175 -0.00198462 0.19 3
-0.0641799 -0.00198462 0.19 3
-0.0619955 -0.00197417 0.189 3
-0.0599453 -0.00159182 0.18925 3
-0.0577513 -0.0015433 0.189412 3
-0.0556704 -0.00116076 0.189967 3
-0.0536039 -0.00109171 0.190565 3
-0.0515661 -0.00114521 0.190478 3
-0.0496843 -0.00106616 0.189778 3
-0.0531731 0.000284294 0.189 3
-0.0513265 0.000284294 0.189 3
-0.0494799 0.000284294 0.189 3
0.102602 0.0270532 0.191 3
0.100736 0.0289206 0.191 3
0.102037 0.0286365 0.1905 3
0.103614 0.028688 0.189778 3
0.101915 0.0300411 0.189286 3
0.103375 0.0299524 0.189 3
-0.0374114 -0.0239464 0.193 3
-0.0365089 -0.0226543 0.192 3
-0.0345832 -0.0225743 0.1925 3
-0.0326335 -0.0222962 0.1925 3
-0.0306281 -0.0222433 0.192444 3
-0.0284975 -0.021911 0.1928 3
-0.0263871 -0.0216872 0.192667 3
-0.0242623 -0.0216572 0.1924 3
-0.0230805 -0.0215144 0.193 3
-0.0269211 -0.0207772 0.192 3
-0.0235491 -0.0201662 0.192429 3
-0.0230566 -0.0200269 0.1928 3
-0.0233778 -0.0186914 0.192 3
-0.0229609 -0.0186914 0.192 3
-0.068323 -0.00693544 0.192 3
-0.0669398 -0.00701129 0.192 3
-0.0698578 -0.00555126 0.192 3
-0.0683988 -0.00534269 0.192 3
-0.0669398 -0.00617699 0.192 3
-0.0546424 -0.00304838 0.192 3
-0.0534265 -0.00294409 0.192 3
-0.0519328 -0.00304838 0.192 3
-0.0536003 -0.00200551 0.192 3
0.100324 0.0248206 0.193 3
0.101163 0.0248206 0.193 3
0.100002 0.0263398 0.192783 3
0.101523 0.0263424 0.19224 3
0.10018 0.0278623 0.192 3
0.101453 0.0279533 0.192 3
-0.0364852 -0.0242874 0.194571 3
-0.0346617 -0.0242182 0.1945 3
-0.0325503 -0.0242182 0.1945 3
-0.0305025 -0.0238514 0.194714 3
-0.0283517 -0.0236041 0.194667 3
-0.0262384 -0.0236041 0.194667 3
-0.0242491 -0.0235654 0.194615 3
-0.0226259 -0.0231607 0.1945 3
-0.0297288 -0.0226796 0.194 3
-0.0282546 -0.0226796 0.194 3
-0.0261486 -0.0226796 0.194 3
-0.0239021 -0.0226094 0.194 3
-0.0221625 -0.0219928 0.194556 3
-0.0224222 -0.0204247 0.1942 3
0.0996706 0.0229595 0.195 3
0.0982737 0.0245161 0.19475 3
0.099749 0.0242746 0.194591 3
0.101055 0.0245277 0.194 3
0.098317 0.0253707 0.194 3
0.09937 0.0256868 0.194 3
-0.0342518 -0.0275244 0.197 3
-0.032602 -0.027769 0.197 3
-0.0382179 -0.0261749 0.1965 3
-0.0367247 -0.0261749 0.1965 3
-0.0345915 -0.0261749 0.1965 3
-0.0324584 -0.0261749 0.1965 3
-0.0305857 -0.026057 0.197 3
-0.0291192 -0.0258124 0.197 3
-0.0304608 -0.0248297 0.196 3
-0.0285458 -0.0248297 0.196 3
-0.0262706 -0.024893 0.1965 3
-0.0238954 -0.0247933 0.196833 3
-0.0220687 -0.0242653 0.196429 3
-0.0201286 -0.0243047 0.19692 3
-0.0213333 -0.0220834 0.1962 3
-0.0203173 -0.0222855 0.196789 3
-0.0221008 -0.0197808 0.196467 3
-0.020736 -0.0206334 0.197 3
0.0982442 0.0227277 0.196667 3
0.0991911 0.022612 0.1964 3
0.0979638 0.0236232 0.196533 3
0.0993306 0.023503 0.196 3
-0.0322232 -0.0321274 0.199 3
-0.0363052 -0.0300551 0.198875 3
-0.0346277 -0.0304405 0.198333 3
-0.032738 -0.0305048 0.1985 3
-0.0311431 -0.0297495 0.199 3
-0.0378648 -0.0280943 0.198 3
-0.0365624 -0.028292 0.198125 3
-0.0347328 -0.028586 0.198 3
-0.0324023 -0.0288322 0.198214 3
-0.0305642 -0.0281271 0.198789 3
-0.0222309 -0.027734 0.1985 3
-0.0301268 -0.0268038 0.198 3
-0.028375 -0.0264816 0.198444 3
-0.0263241 -0.0264413 0.1985 3
-0.0241693 -0.0264413 0.1985 3
-0.0219589 -0.0263736 0.198 3
-0.0204544 -0.0259434 0.198 3
-0.0189497 -0.0231472 0.198 3
-0.0185198 -0.0231472 0.198 3
-0.0193366 -0.0219427 0.198 3
-0.0182425 -0.0216951 0.1985 3
-0.021584 -0.0192156 0.1985 3
-0.0198023 -0.0198821 0.198393 3
-0.018223 -0.0199992 0.198786 3
-0.0218538 -0.0185082 0.199 3
-0.0198135 -0.01822 0.199 3
-0.0176163 -0.01771 0.199 3
-0.0162371 -0.0172111 0.199 3
-0.0175332 -0.0163464 0.199 3
-0.0162371 -0.0163464 0.199 3
-0.0134286 -0.00661837 0.199 3
-0.0125645 -0.00661837 0.199 3
-0.0134286 -0.00575366 0.199 3
-0.0121325 -0.00575366 0.199 3
0.0981146 0.0201157 0.199 3
0.0992132 0.0204858 0.19875 3
0.097611 0.022042 0.198364 3
0.0992831 0.0215703 0.1982 3
-0.0318396 -0.0321793 0.200667 3
-0.0314039 -0.0321793 0.200667 3
-0.0317338 -0.030768 0.2 3
-0.0306275 -0.030211 0.200533 3
-0.0297798 -0.0288127 0.2 3
-0.0284874 -0.028233 0.200286 3
-0.026013 -0.0283128 0.200857 3
-0.0241951 -0.0284501 0.2005 3
-0.0234834 -0.0190357 0.2 3
-0.0230492 -0.0190357 0.2 3
-0.0238556 -0.0180425 0.2 3
-0.0221586 -0.0176358 0.200211 3
-0.0200638 -0.0174062 0.2 3
-0.0187069 -0.0175149 0.2 3
-0.0200544 -0.0157273 0.200636 3
-0.0179832 -0.0154871 0.2 3
-0.0157397 -0.0156319 0.2 3
-0.0194231 -0.0141575 0.200667 3
-0.0178276 -0.0139767 0.200545 3
-0.0160291 -0.0141835 0.2 3
-0.017273 -0.0125804 0.201 3
-0.017273 -0.00865005 0.201 3
-0.0164002 -0.00865005 0.201 3
-0.017273 -0.00733994 0.201 3
-0.0159818 -0.00730849 0.200875 3
-0.0143646 -0.00665163 0.2 3
0.0964095 0.0199539 0.201 3
0.0973004 0.0199715 0.200182 3
0.0970155 0.0213755 0.2 3
-0.0302265 -0.0338758 0.203 3
-0.0305842 -0.0324198 0.202778 3
-0.0298595 -0.0307514 0.20275 3
-0.0283661 -0.0302492 0.202833 3
-0.0261129 -0.0304209 0.203 3
-0.0248147 -0.0299785 0.202 3
-0.028104 -0.0291008 0.202 3
-0.0267883 -0.0291008 0.202 3
-0.021731 -0.0158549 0.202556 3
-0.0207505 -0.0149108 0.203 3
-0.0211912 -0.0140287 0.203 3
-0.020095 -0.0134212 0.202538 3
-0.0184554 -0.0128624 0.202 3
-0.0196642 -0.0114026 0.202875 3
-0.0179194 -0.0115945 0.202 3
-0.0164818 -0.0115458 0.202 3
-0.0196243 -0.00934349 0.202923 3
-0.0179014 -0.00961703 0.202 3
-0.0164818 -0.00979027 0.202 3
-0.021632 -0.0076335 0.203 3
-0.0200031 -0.00780338 0.202727 3
-0.0184554 -0.00781533 0.202 3
0.0960354 0.0179902 0.202667 3
0.0975278 0.0177789 0.2026 3
0.096012 0.0192852 0.202 3
0.0975471 0.018956 0.202 3
-0.0296341 -0.0339869 0.205 3
-0.028744 -0.0339869 0.205 3
-0.029711 -0.0324914 0.204 3
-0.0284927 -0.0326188 0.2048 3
-0.0269636 -0.0322053 0.205 3
-0.0281608 -0.0311618 0.204 3
-0.026832 -0.0311618 0.204 3
-0.0219599 -0.0149842 0.204 3
-0.021921 -0.0135877 0.204667 3
-0.0208527 -0.0129898 0.204 3
-0.0218103 -0.0114759 0.204667 3
-0.0206629 -0.0111852 0.204 3
-0.0231803 -0.00882219 0.205 3
-0.0218815 -0.00942464 0.204692 3
-0.0206312 -0.00966558 0.204 3
-0.0231803 -0.0083768 0.205 3
-0.0220415 -0.00836658 0.20475 3
-0.0208527 -0.00833593 0.204 3
0.0940998 0.0136701 0.205 3
0.0956576 0.0136701 0.205 3
0.0969929 0.0136701 0.205 3
0.0942025 0.0155232 0.2045 3
0.0956481 0.0156425 0.2046 3
0.097132 0.0156585 0.204273 3
0.0958553 0.0171492 0.204 3
-0.0234065 -0.0170035 0.207 3
-0.0229571 -0.0170035 0.207 3
-0.0234065 -0.0156543 0.207 3
-0.0229571 -0.0156543 0.207 3
-0.0234065 -0.0136305 0.207 3
-0.0229571 -0.0136305 0.207 3
-0.0234065 -0.0116067 0.207 3
-0.0229571 -0.0116067 0.207 3
-0.0234065 -0.00980774 0.207 3
-0.0229571 -0.00980774 0.207 3
0.0938191 0.00958824 0.206 3
0.095604 0.00955822 0.206348 3
0.0939327 0.0113647 0.206 3
0.095677 0.011499 0.206 3
0.0943352 0.0126179 0.206 3
0.095677 0.0126179 0.206 3
-0.0254477 -0.0160327 0.209 3
-0.0244029 -0.0156404 0.2086 3
-0.0254477 -0.0135352 0.209 3
-0.0245035 -0.0136344 0.208385 3
-0.0254477 -0.0114918 0.209 3
-0.0244247 -0.0116139 0.208286 3
-0.0257502 -0.00914569 0.209 3
-0.0244936 -0.00942946 0.2086 3
0.0950284 0.00417409 0.209 3
0.0952099 0.00544552 0.209 3
0.0970634 0.00597609 0.2085 3
0.0943479 0.00754344 0.208 3
0.0955048 0.00735702 0.208444 3
0.0970614 0.00725317 0.208333 3
-0.0273932 -0.01725 0.21 3
-0.0261166 -0.0176606 0.21 3
-0.0246576 -0.0177062 0.21 3
-0.0276972 -0.015577 0.21 3
-0.0263294 -0.0158559 0.21 3
-0.02484 -0.0161549 0.21 3
-0.0279383 -0.0136431 0.210667 3
-0.0264814 -0.0135999 0.21 3
-0.02826 -0.0115981 0.210937 3
-0.0265134 -0.0115603 0.21025 3
-0.0277464 -0.0101621 0.2106 3
-0.0264956 -0.00995538 0.210111 3
0.0977733 -0.00106291 0.212 3
0.0991542 -0.00106291 0.212 3
0.0975411 0.00100503 0.211 3
0.0989155 0.00100503 0.211 3
0.096167 0.00396593 0.21 3
0.0975202 0.00327168 0.210667 3
0.0989155 0.00306796 0.211 3
0.096167 0.00510657 0.21 3
0.0975348 0.00510657 0.21 3
0.098231 -0.00456004 0.214 3
0.099625 -0.00456004 0.214 3
0.0980358 -0.00308703 0.213143 3
0.0994492 -0.00321304 0.21325 3
0.0984567 -0.00644982 0.215 3
0.0999717 -0.00647232 0.21575 3
0.101259 -0.00647982 0.216 3
0.0984567 -0.00551559 0.215 3
0.0998899 -0.00548819 0.215214 3
0.101259 -0.00601053 0.216 3
0.100777 -0.0153021 0.218 3
0.101724 -0.0153021 0.218 3
0.100777 -0.0131707 0.218 3
0.101896 -0.0132138 0.218 3
0.103144 -0.0134075 0.218 3
0.100351 -0.0113709 0.218 3
0.101605 -0.011513 0.218 3
0.100304 -0.00938164 0.218 3
0.101724 -0.00938164 0.218 3
0.100079 -0.00745275 0.217 3
0.101493 -0.00745275 0.217 3
0.102179 -0.0192664 0.22 3
0.103612 -0.0192664 0.22 3
0.10205 -0.017719 0.219429 3
0.103519 -0.0178964 0.2196 3
0.101953 -0.0163239 0.219 3
0.103379 -0.0158481 0.219 3
0.101953 -0.0144207 0.219 3
0.103379 -0.0144207 0.219 3
0.102626 -0.021612 0.222 3
0.103934 -0.0217843 0.222 3
0.105036 -0.0220943 0.222 3
0.102478 -0.0202652 0.221333 3
0.103837 -0.0203608 0.2215 3
0.105036 -0.0206473 0.222 3
0.105739 -0.0252134 0.224 3
0.103948 -0.0236631 0.2236 3
0.105557 -0.0241792 0.224 3
0.103815 -0.0226783 0.223 3
0.10423 -0.0283846 0.226 3
0.105702 -0.0283846 0.226 3
0.10415 -0.0261304 0.225235 3
0.105568 -0.0262535 0.2254 3
0.104502 -0.0248371 0.225 3
0.105479 -0.0248371 0.225 3
0.10639 -0.0344563 0.228 3
0.107628 -0.0345802 0.228 3
0.104445 -0.0324557 0.227 3
0.105991 -0.0328046 0.227308 3
0.107627 -0.0335894 0.228 3
0.104445 -0.0307296 0.227 3
0.105923 -0.0307296 0.227 3
0.1081 -0.0359757 0.229 3
0.116034 -0.0422793 0.235 3
0.116034 -0.0417687 0.235 3
0.11908 -0.0444413 0.237 3
0.117296 -0.0432283 0.236 3
0.117809 -0.0432283 0.236 3
0.120615 -0.0466972 0.238 3
0.122506 -0.0472396 0.239 3
0.120874 -0.045663 0.238 3
0.121908 -0.0456631 0.238 3
0.125275 -0.0506893 0.241 3
0.123453 -0.0483932 0.24 3
0.124773 -0.0492733 0.240769 3
0.123453 -0.0478718 0.24 3
0.124495 -0.0478718 0.24 3
0.127196 -0.0515678 0.242667 3
0.128426 -0.0508459 0.243 3
0.126846 -0.049848 0.242 3
0.128954 -0.0531757 0.244 3
0.130546 -0.0533937 0.245 3
0.129219 -0.0521155 0.244 3
0.130808 -0.0521155 0.244 3
0.133577 -0.0552755 0.246667 3
0.134562 -0.0554394 0.247 3
0.13188 -0.0536115 0.246 3
0.133085 -0.0538936 0.246375 3
0.135098 -0.0538295 0.247 3
0.135914 -0.0556639 0.248 3
0.137543 -0.0558883 0.249 3
0.166832 -0.0509694 0.275 3
0.168325 -0.0509695 0.275 3
0.16743 -0.0497745 0.275 3
0.168325 -0.0497745 0.275 3
0.169536 -0.0511548 0.276 3
0.170135 -0.0511548 0.276 3
0.169536 -0.0499555 0.276 3
0.170135 -0.0499555 0.276 3
0.171066 -0.0491095 0.278 3
0.0889173 -0.179016 0.503 3
0.0911015 -0.179016 0.503 3
0.0932856 -0.179016 0.503 3
0.0954698 -0.179016 0.503 3
0.0889173 -0.177923 0.503 3
0.0911015 -0.177376 0.503 3
0.0932856 -0.177376 0.503 3
0.0954698 -0.177376 0.503 3
0.0911015 -0.175191 0.503 3
0.0932856 -0.17519 0.503 3
0.0954698 -0.175191 0.503 3
0.0911015 -0.173552 0.503 3
0.0932856 -0.173552 0.503 3
0.0954698 -0.173552 0.503 3
0.0847169 -0.179372 0.504 3
0.0869055 -0.179372 0.504 3
0.120758 -0.179534 0.506 3
0.122405 -0.179534 0.506 3
0.124054 -0.179534 0.506 3
0.0828559 -0.177335 0.506 3
0.084829 -0.177415 0.504667 3
0.0869055 -0.17773 0.504 3
0.089094 -0.177182 0.504 3
0.120758 -0.177335 0.506 3
0.122792 -0.177101 0.505333 3
0.124905 -0.176985 0.505 3
0.126001 -0.176985 0.505 3
0.0828559 -0.175137 0.506 3
0.0849691 -0.174963 0.5055 3
0.0869055 -0.175539 0.504 3
0.089094 -0.175539 0.504 3
0.0980422 -0.175339 0.505 3
0.121067 -0.175339 0.505 3
0.12326 -0.175339 0.505 3
0.124905 -0.175339 0.505 3
0.126001 -0.175339 0.505 3
0.0828559 -0.173487 0.506 3
0.0850531 -0.173487 0.506 3
0.0871065 -0.173201 0.505167 3
0.089094 -0.173349 0.504 3
0.0912825 -0.172802 0.504 3
0.0934711 -0.172802 0.504 3
0.0958494 -0.173145 0.505 3
0.0980422 -0.173693 0.505 3
0.100235 -0.173145 0.505 3
0.11911 -0.172937 0.506 3
0.121067 -0.173694 0.505 3
0.12326 -0.173694 0.505 3
0.124905 -0.173694 0.505 3
0.126001 -0.173694 0.505 3
0.0872504 -0.171289 0.506 3
0.0892708 -0.171498 0.505 3
0.0914636 -0.171499 0.505 3
0.0937183 -0.171062 0.505333 3
0.0959127 -0.171062 0.505333 3
0.0978647 -0.171393 0.5055 3
0.0997708 -0.171094 0.505429 3
0.101432 -0.170569 0.5055 3
0.102976 -0.17095 0.505 3
0.11911 -0.170739 0.506 3
0.120913 -0.171393 0.5055 3
0.122792 -0.171245 0.505333 3
0.124905 -0.172047 0.505 3
0.126001 -0.172047 0.505 3
0.093842 -0.16909 0.506 3
0.0960392 -0.16909 0.506 3
0.0976871 -0.16909 0.506 3
0.099335 -0.16909 0.506 3
0.101581 -0.169233 0.505333 3
0.102976 -0.169304 0.505 3
0.11911 -0.16909 0.506 3
0.120758 -0.16909 0.506 3
0.122792 -0.169599 0.505333 3
0.0976871 -0.167441 0.506 3
0.099335 -0.167441 0.506 3
0.101432 -0.167276 0.5055 3
0.102976 -0.16711 0.505 3
0.11911 -0.167991 0.506 3
0.120758 -0.167991 0.506 3
0.121856 -0.167991 0.506 3
0.112411 -0.180795 0.508 3
0.114065 -0.180795 0.508 3
0.11572 -0.180795 0.508 3
0.112411 -0.17914 0.508 3
0.114065 -0.17914 0.508 3
0.11629 -0.179329 0.5076 3
0.118181 -0.179628 0.5072 3
0.119896 -0.179888 0.507 3
0.112411 -0.177484 0.508 3
0.114065 -0.177484 0.508 3
0.116271 -0.177484 0.508 3
0.118505 -0.177618 0.507333 3
0.119896 -0.177685 0.507 3
0.112411 -0.175828 0.508 3
0.114065 -0.175828 0.508 3
0.116157 -0.175655 0.5075 3
0.118244 -0.175483 0.507 3
0.119896 -0.175483 0.507 3
0.0830197 -0.172729 0.507 3
0.0852212 -0.172729 0.507 3
0.114942 -0.17328 0.507 3
0.116593 -0.173279 0.507 3
0.117694 -0.173279 0.507 3
0.0830197 -0.171077 0.507 3
0.0852212 -0.171076 0.507 3
0.0874228 -0.170526 0.507 3
0.0896243 -0.170526 0.507 3
0.0918259 -0.170526 0.507 3
0.116593 -0.171077 0.507 3
0.117694 -0.171077 0.507 3
0.0830197 -0.169424 0.507 3
0.0853053 -0.169039 0.5075 3
0.0874228 -0.168873 0.507 3
0.0896243 -0.168874 0.507 3
0.0918259 -0.168873 0.507 3
0.093477 -0.168323 0.507 3
0.0951282 -0.168323 0.507 3
0.0967794 -0.168323 0.507 3
0.0853893 -0.167551 0.508 3
0.0874228 -0.167221 0.507 3
0.0896243 -0.167221 0.507 3
0.0918259 -0.167221 0.507 3
0.093477 -0.167221 0.507 3
0.0951282 -0.167221 0.507 3
0.0967794 -0.167221 0.507 3
