-0.0542552 -0.000392071 0.138 3
-0.0535436 0.000994621 0.138 3
-0.0524574 0.00125697 0.138 3
-0.0548544 0.00320583 0.138 3
-0.0537629 0.00305592 0.138 3
-0.0522471 0.00295402 0.137091 3
-0.0548544 0.00485487 0.138 3
-0.0538979 0.00478568 0.138 3
-0.0534831 -0.00479105 0.1395 3
-0.0534831 -0.00373026 0.1395 3
-0.0541956 -0.000394912 0.139 3
-0.055101 0.000964078 0.139 3
-0.055101 0.00217207 0.139 3
-0.0552519 0.00594705 0.139 3
-0.0541956 0.00594705 0.139 3
-0.0552519 0.00655104 0.139 3
-0.0532072 0.0202672 0.142 3
-0.0522823 0.0207299 0.142 3
-0.0531517 0.0218899 0.142 3
-0.0516387 0.0221247 0.141188 3
-0.0529649 0.0238812 0.142 3
-0.0514837 0.024194 0.1415 3
-0.0514895 0.0256221 0.142 3
-0.0551343 -0.0064647 0.143 3
-0.0551343 -0.00584333 0.143 3
-0.0555482 -0.00309891 0.143 3
-0.0571523 0.0160602 0.143 3
-0.0562985 0.0162156 0.143 3
-0.0572695 0.0178583 0.143364 3
-0.0558085 0.0178249 0.143053 3
-0.0543581 0.0187011 0.143 3
-0.0572915 0.019249 0.144 3
-0.0555186 0.0198445 0.143471 3
-0.0541887 0.0197743 0.143 3
-0.0554879 0.0219481 0.143917 3
-0.054265 0.0223051 0.143 3
-0.0550899 0.0237203 0.144 3
-0.0540611 0.0240476 0.1432 3
-0.0533803 0.0261405 0.1435 3
-0.0516062 0.0266943 0.143 3
-0.052706 0.0277484 0.144 3
-0.0513489 0.0282991 0.143813 3
-0.0501528 0.0287391 0.144 3
-0.0506738 0.0296255 0.144 3
-0.0497359 0.0296255 0.144 3
-0.0489248 0.0452649 0.143 3
-0.0569249 -0.0108826 0.146 3
-0.0560796 -0.0110941 0.146 3
-0.0558361 -0.00938419 0.145839 3
-0.0544887 -0.00876036 0.145 3
-0.0569249 -0.00707613 0.146 3
-0.0555072 -0.00744219 0.145222 3
-0.0544887 -0.00750022 0.145 3
-0.0569249 -0.00564871 0.146 3
-0.0561152 -0.00529498 0.145 3
-0.0577471 0.020333 0.145 3
-0.0566924 0.0206953 0.145 3
-0.057322 0.022113 0.145 3
-0.0565875 0.022323 0.145 3
-0.0572027 0.0242456 0.1455 3
-0.0560106 0.0242649 0.14515 3
-0.0570042 0.0259926 0.146 3
-0.0556635 0.0261594 0.1456 3
-0.0543313 0.026996 0.145 3
-0.0554351 0.0275946 0.146 3
-0.0535142 0.0285216 0.14536 3
-0.0531408 0.030374 0.146 3
-0.0515774 0.0305673 0.145286 3
-0.0499239 0.0307764 0.145 3
-0.0510606 0.0320989 0.146 3
-0.0497399 0.0325747 0.146 3
-0.0493172 0.0338435 0.146 3
-0.0493172 0.0458973 0.146 3
-0.0492716 0.0475989 0.145867 3
-0.0474153 0.0480045 0.146 3
-0.0492596 0.0490261 0.146 3
-0.0473278 0.0492495 0.145706 3
-0.0454341 0.0497831 0.146 3
-0.0574989 -0.0134575 0.1478 3
-0.0565169 -0.0131928 0.147 3
-0.0576078 -0.0120072 0.147571 3
-0.0565169 -0.0122347 0.147 3
-0.0573148 -0.00967964 0.147 3
-0.0576709 -0.00704165 0.1475 3
-0.0581406 -0.00517837 0.1485 3
-0.0580945 -0.00414615 0.149 3
-0.057634 0.0268893 0.147 3
-0.0571127 0.0285771 0.147462 3
-0.0558689 0.0286177 0.1471 3
-0.0571424 0.0299662 0.148 3
-0.0556198 0.0303507 0.147706 3
-0.0539991 0.0308993 0.147 3
-0.0550428 0.0325109 0.147571 3
-0.0534355 0.0327617 0.147026 3
-0.0514962 0.0331711 0.147053 3
-0.0501337 0.0334366 0.147 3
-0.0546019 0.0340753 0.147 3
-0.0533162 0.0344771 0.147074 3
-0.0513802 0.0346459 0.14705 3
-0.0492132 0.0347296 0.147222 3
-0.0481026 0.034981 0.147875 3
-0.0532049 0.0362143 0.148571 3
-0.0512846 0.0365576 0.147433 3
-0.0492965 0.0365465 0.147062 3
-0.0477475 0.0366996 0.147548 3
-0.0510265 0.0388441 0.14875 3
-0.0496824 0.0387283 0.1488 3
-0.0475096 0.0386377 0.148182 3
-0.0511126 0.0408707 0.147537 3
-0.049451 0.0414371 0.147828 3
-0.046826 0.0418227 0.149 3
-0.0459633 0.0418227 0.149 3
-0.050772 0.0430179 0.147 3
-0.0493386 0.0430426 0.147909 3
-0.0469197 0.0430191 0.149 3
-0.0458752 0.0430346 0.148714 3
-0.0510949 0.045202 0.1484 3
-0.0492914 0.0451348 0.14825 3
-0.047783 0.0450195 0.149 3
-0.0453222 0.0453283 0.148727 3
-0.0433286 0.0457428 0.148545 3
-0.0514628 0.0465977 0.149 3
-0.0489474 0.046877 0.147815 3
-0.0472172 0.0475784 0.148152 3
-0.0451394 0.0473821 0.147902 3
-0.0436017 0.0471463 0.1482 3
-0.0391227 0.048128 0.147 3
-0.0317292 0.047326 0.149 3
-0.0314057 0.0476498 0.149 3
-0.0464483 0.0491886 0.147091 3
-0.045143 0.0493226 0.147105 3
-0.0432673 0.0494782 0.1485 3
-0.0407977 0.0498819 0.1488 3
-0.0393788 0.049223 0.1476 3
-0.0469428 0.0508543 0.1475 3
-0.0450885 0.0510884 0.147 3
-0.0431401 0.0514146 0.147955 3
-0.0416974 0.0520872 0.1485 3
-0.041596 0.0525056 0.149 3
-0.058973 -0.0106919 0.15 3
-0.0595865 -0.00917409 0.150421 3
-0.0584845 -0.00857359 0.15 3
-0.0595224 -0.00715903 0.1504 3
-0.0611693 -0.00436585 0.151 3
-0.0597706 -0.00496211 0.150519 3
-0.0611693 -0.00305356 0.151 3
-0.0600218 -0.00305357 0.151 3
-0.0610482 -0.00124667 0.1505 3
-0.0600356 -0.00108381 0.150625 3
-0.0601128 0.00022563 0.15 3
-0.0488771 0.0333042 0.15 3
-0.0487114 0.0344824 0.150875 3
-0.0480555 0.0354946 0.151 3
-0.0547763 0.037463 0.151 3
-0.0538912 0.0375943 0.151 3
-0.0480282 0.0366702 0.151 3
-0.0547763 0.0381192 0.151 3
-0.0534356 0.0387263 0.150917 3
-0.0511904 0.0393273 0.1505 3
-0.049408 0.0393163 0.15025 3
-0.0475638 0.0381192 0.151 3
-0.0529732 0.0400876 0.151 3
-0.0509982 0.040527 0.1502 3
-0.0493389 0.040882 0.150613 3
-0.0477777 0.0411357 0.150882 3
-0.0487257 0.0426623 0.150385 3
-0.0478124 0.0431664 0.150304 3
-0.047493 0.0452809 0.15 3
-0.0452296 0.0455905 0.15 3
-0.0475419 0.0467638 0.15 3
-0.0431625 0.0477292 0.150364 3
-0.032105 0.0482954 0.15 3
-0.0312908 0.0481325 0.15 3
-0.0427427 0.0491369 0.150667 3
-0.0414834 0.0500501 0.1505 3
-0.0321756 0.0490564 0.150333 3
-0.0314299 0.0491655 0.150667 3
-0.042038 0.0515544 0.15 3
-0.0412422 0.0514009 0.150095 3
-0.0411708 0.0530464 0.151 3
-0.0520139 -0.0192161 0.153 3
-0.0488581 -0.0192161 0.153 3
-0.0512114 -0.0180584 0.152609 3
-0.0493436 -0.0178321 0.152771 3
-0.047654 -0.0175956 0.153 3
-0.0507664 -0.0166963 0.152 3
-0.0492994 -0.0166093 0.152077 3
-0.0475294 -0.0165568 0.153 3
-0.061268 -0.0132823 0.1528 3
-0.0606597 -0.013497 0.152909 3
-0.061392 -0.0113907 0.152 3
-0.0603964 -0.0114877 0.152087 3
-0.0614094 -0.0100089 0.152 3
-0.0604193 -0.0100089 0.152 3
-0.0602543 -0.00802742 0.152 3
-0.0490274 0.0329555 0.152667 3
-0.0488629 0.0346897 0.1525 3
-0.0480277 0.0354661 0.153 3
-0.0470753 0.0368293 0.152542 3
-0.0458685 0.0367958 0.153 3
-0.0470537 0.0380414 0.152 3
-0.0424335 0.0479487 0.152 3
-0.0411135 0.0482789 0.152 3
-0.0330793 0.0482641 0.153 3
-0.0424335 0.0492696 0.152 3
-0.0410463 0.0493009 0.152129 3
-0.0393218 0.0499868 0.152909 3
-0.0375638 0.0500924 0.153 3
-0.0327151 0.0497058 0.152333 3
-0.0405713 0.0517229 0.152 3
-0.0387271 0.0513186 0.15275 3
-0.036962 0.0517622 0.152667 3
-0.0339098 0.0514221 0.153 3
-0.0326823 0.0509924 0.152143 3
-0.0407012 0.0527432 0.152417 3
-0.0392522 0.0526918 0.152667 3
-0.0368233 0.0525721 0.152 3
-0.052521 -0.0201782 0.154 3
-0.0512873 -0.0199556 0.154316 3
-0.0496465 -0.0195342 0.154571 3
-0.0473094 -0.0192989 0.155 3
-0.0452621 -0.0192709 0.155 3
-0.0429345 -0.0191306 0.155 3
-0.0417566 -0.0191306 0.155 3
-0.0469376 -0.0182107 0.154333 3
-0.0450888 -0.0178879 0.154179 3
-0.0429213 -0.0178777 0.15435 3
-0.0414738 -0.0178811 0.154867 3
-0.0448308 -0.016665 0.154 3
-0.0429919 -0.016665 0.154 3
-0.0416544 -0.016665 0.154 3
-0.0617158 -0.00880222 0.154 3
-0.0617158 -0.00679469 0.154 3
-0.0617158 -0.00612552 0.154 3
-0.0486555 0.0313835 0.155 3
-0.0479825 0.0313835 0.155 3
-0.0489439 0.0324849 0.154273 3
-0.0473795 0.0326949 0.154421 3
-0.0460071 0.0332229 0.154333 3
-0.0488431 0.0345269 0.154 3
-0.0473146 0.0346703 0.154 3
-0.0455767 0.0346942 0.154 3
-0.0471713 0.0358652 0.154 3
-0.0458339 0.0358652 0.154 3
0.060548 0.0416547 0.155 3
0.0613893 0.0416547 0.155 3
0.060548 0.0430017 0.155 3
0.0613893 0.0428333 0.155 3
0.060548 0.0441804 0.155 3
-0.0369734 0.048245 0.154 3
-0.034545 0.0481065 0.1542 3
-0.0366391 0.049416 0.154 3
-0.0346828 0.0493219 0.154056 3
-0.0332955 0.0492487 0.154 3
-0.040317 0.0519254 0.154 3
-0.03656 0.0511349 0.154182 3
-0.0347882 0.0514227 0.1545 3
-0.0332955 0.05226 0.154 3
-0.040317 0.0525946 0.154 3
-0.036204 0.0527678 0.155 3
-0.0349147 0.0526812 0.1545 3
-0.0332955 0.0525946 0.154 3
-0.0497946 -0.0231296 0.157 3
-0.0508322 -0.021796 0.156 3
-0.0494713 -0.0219622 0.156724 3
-0.0473155 -0.0215481 0.157 3
-0.0451928 -0.0210829 0.157 3
-0.0438294 -0.0210829 0.157 3
-0.0504935 -0.0207792 0.156 3
-0.0491952 -0.0203273 0.156 3
-0.0472403 -0.0204523 0.15604 3
-0.0450861 -0.0202415 0.156364 3
-0.0431254 -0.0200421 0.156476 3
-0.0408767 -0.0197941 0.156692 3
-0.0393128 -0.0197185 0.157 3
-0.0408406 -0.0184067 0.156 3
-0.0651338 -0.00914425 0.157 3
-0.0639969 -0.00901531 0.156909 3
-0.0627477 -0.00846203 0.157 3
-0.0651338 -0.00812093 0.157 3
-0.0637843 -0.00731487 0.156615 3
-0.0625634 -0.00767283 0.1562 3
-0.0638906 -0.00557267 0.157 3
-0.0627477 -0.00573319 0.157 3
0.0605999 0.0412455 0.156 3
0.0614467 0.0412456 0.156 3
-0.0491036 -0.0238225 0.158733 3
-0.047322 -0.0234242 0.159 3
-0.0486972 -0.0227209 0.158111 3
-0.0470761 -0.0224798 0.158478 3
-0.0451079 -0.0221464 0.1585 3
-0.0430198 -0.0219862 0.158414 3
-0.0410244 -0.0219987 0.158677 3
-0.0390144 -0.0216026 0.158444 3
-0.037656 -0.0210061 0.159 3
-0.0429079 -0.020874 0.158 3
-0.0401635 -0.0207024 0.158 3
-0.0388258 -0.0204829 0.158222 3
-0.037656 -0.0206606 0.159 3
-0.0646911 -0.0105756 0.158 3
-0.0646911 -0.00988904 0.158 3
-0.0488355 -0.0254835 0.16 3
-0.047293 -0.0261424 0.161 3
-0.0456452 -0.0256427 0.161 3
-0.0487197 -0.0245565 0.16 3
-0.0471254 -0.024358 0.160429 3
-0.0451157 -0.0241488 0.160361 3
-0.0431958 -0.0240451 0.1606 3
-0.0409733 -0.0238207 0.1605 3
-0.0391377 -0.0237529 0.160833 3
-0.0373723 -0.0234857 0.161 3
-0.0399772 -0.0227025 0.16 3
-0.0384779 -0.0223091 0.16 3
-0.0371624 -0.0222647 0.1606 3
-0.0380666 -0.0202691 0.16 3
-0.0218055 -0.0197312 0.161 3
-0.0198654 -0.019565 0.161 3
-0.0182749 -0.0197312 0.161 3
-0.0215258 -0.0188217 0.161 3
-0.0201276 -0.0188217 0.161 3
0.0649891 0.0359214 0.161 3
0.0660378 0.0359214 0.161 3
-0.0465661 -0.0275549 0.163 3
-0.0455044 -0.0275549 0.163 3
-0.0465111 -0.0268534 0.1625 3
-0.0450827 -0.026473 0.162333 3
-0.0431296 -0.0259707 0.1625 3
-0.0409373 -0.0257322 0.162667 3
-0.0389003 -0.0257059 0.162765 3
-0.0366569 -0.0254301 0.163 3
-0.0427631 -0.0249221 0.162 3
-0.0410045 -0.0249221 0.162 3
-0.0386714 -0.0246713 0.1622 3
-0.0367737 -0.0245277 0.162455 3
-0.0234181 -0.0219304 0.162 3
-0.0221847 -0.021928 0.162625 3
-0.0199623 -0.0216461 0.1625 3
-0.0179499 -0.0216437 0.162727 3
-0.0157769 -0.0213575 0.163 3
-0.0141844 -0.0213574 0.163 3
-0.0220113 -0.0205225 0.162 3
-0.0199009 -0.0205225 0.162 3
-0.017685 -0.0204169 0.162 3
-0.0159598 -0.0206463 0.162625 3
-0.0141844 -0.0208262 0.163 3
-0.00215191 -0.0190555 0.163 3
-0.000913264 -0.0190555 0.163 3
0.00140673 -0.0194884 0.163 3
0.00273831 -0.0195706 0.163 3
-0.00215191 -0.0187014 0.163 3
-0.000913264 -0.0187014 0.163 3
0.00147555 -0.0184358 0.163 3
0.0026611 -0.0184889 0.163 3
0.00554066 -0.00491853 0.162 3
0.0064786 -0.00503585 0.162 3
0.00542342 -0.00362798 0.162 3
0.00647859 -0.00362798 0.162 3
-0.000382417 0.0144108 0.163 3
0.0012029 0.0140497 0.1621 3
0.00243374 0.0143225 0.162 3
-0.000331861 0.0156251 0.163 3
0.00120303 0.0157465 0.162167 3
0.00243374 0.0157303 0.162 3
-2.85198e-05 0.0172439 0.163 3
0.00131791 0.0178813 0.16275 3
0.00243875 0.0178803 0.162333 3
0.00174097 0.0193688 0.163 3
0.00244876 0.0193688 0.163 3
0.00333351 0.0230873 0.163 3
0.00333351 0.0234415 0.163 3
-0.00215191 0.0289306 0.163 3
-0.00179801 0.0289306 0.163 3
-0.000840425 0.0307635 0.1624 3
-0.000555935 0.0317449 0.162 3
-0.000559366 0.0354823 0.163 3
-0.00034562 0.0362683 0.1624 3
0.00103192 0.0366535 0.1627 3
-0.0466737 -0.0282585 0.164 3
-0.0450455 -0.0281166 0.164556 3
-0.0431081 -0.0276578 0.164667 3
-0.0410473 -0.027893 0.165 3
-0.0388979 -0.0277138 0.165 3
-0.0376441 -0.0277137 0.165 3
-0.0425789 -0.0268332 0.164 3
-0.0407986 -0.0268332 0.164 3
-0.0387215 -0.0267144 0.164 3
-0.0368712 -0.026512 0.164385 3
-0.0350215 -0.0261769 0.1648 3
-0.0295837 -0.0259214 0.165 3
-0.0288672 -0.0259214 0.165 3
-0.0240309 -0.0253836 0.165 3
-0.022598 -0.0253836 0.165 3
-0.0238876 -0.0243694 0.164714 3
-0.0220704 -0.0241751 0.16463 3
-0.0200903 -0.0240094 0.165 3
-0.0177617 -0.0237705 0.165 3
-0.0155227 -0.023636 0.165 3
-0.0138808 -0.0234717 0.165 3
-0.0118508 -0.0232327 0.165 3
-0.00683543 -0.023412 0.165 3
-0.00611895 -0.023412 0.165 3
-0.0213928 -0.0229137 0.164 3
-0.0197905 -0.0229137 0.164 3
-0.0177135 -0.022795 0.164 3
-0.0159068 -0.0225178 0.164182 3
-0.0136334 -0.0222892 0.16425 3
-0.0119349 -0.0223335 0.164313 3
-0.00647719 -0.0223364 0.165 3
-0.0051872 -0.0221595 0.164828 3
-0.00316461 -0.021746 0.164857 3
-0.00092447 -0.0212611 0.165 3
0.00113061 -0.0214638 0.1645 3
-0.00501366 -0.0205977 0.164 3
-0.00304816 -0.0201986 0.164 3
-0.000918867 -0.0200632 0.164 3
0.00101408 -0.0203941 0.164 3
-0.000922754 0.0165091 0.1645 3
-0.000824177 0.0178382 0.164667 3
0.000327374 0.0182406 0.164 3
-0.000476644 0.0198577 0.16485 3
0.000910304 0.0200877 0.164136 3
0.00228575 0.0202002 0.164 3
-0.00038711 0.0221159 0.165 3
0.00103991 0.0220087 0.1642 3
0.00228575 0.0228726 0.164 3
-0.000335933 0.024062 0.165 3
0.00104061 0.0241694 0.164333 3
0.00289616 0.0243234 0.164 3
-0.000364698 0.0262852 0.164875 3
0.00101666 0.0262432 0.164769 3
0.00295716 0.0261205 0.164571 3
-0.00263216 0.0286802 0.1642 3
-0.000849822 0.0282958 0.164056 3
0.00104545 0.0282472 0.1648 3
0.00265793 0.0276724 0.165 3
-0.0027547 0.0301415 0.1641 3
-0.000951869 0.0304291 0.164185 3
0.000943496 0.0301648 0.165 3
-0.00083045 0.0328266 0.164333 3
0.00050849 0.0329302 0.165 3
-0.000441022 0.0345998 0.164211 3
0.000972768 0.0348264 0.164387 3
0.00229969 0.0344837 0.165 3
-2.86948e-05 0.0360563 0.164 3
0.00103951 0.0360563 0.164 3
-0.0484696 -0.029775 0.1665 3
-0.0472007 -0.0301757 0.166762 3
-0.0453968 -0.0300564 0.166722 3
-0.0427454 -0.0299046 0.166889 3
-0.0408584 -0.029986 0.166667 3
-0.0391279 -0.0298824 0.1669 3
-0.0377378 -0.0296824 0.167 3
-0.0483241 -0.029144 0.166 3
-0.0472429 -0.029144 0.166 3
-0.0449794 -0.0290628 0.166222 3
-0.0431063 -0.0288035 0.166235 3
-0.0408327 -0.0288349 0.166 3
-0.0388378 -0.0288322 0.166278 3
-0.0367966 -0.028188 0.166545 3
-0.0348327 -0.0277929 0.166857 3
-0.0319365 -0.0277776 0.167 3
-0.0302759 -0.027935 0.166368 3
-0.0285906 -0.0279444 0.166524 3
-0.026679 -0.0276869 0.167 3
-0.0139886 -0.0276869 0.167 3
-0.0358899 -0.0269801 0.166 3
-0.0345852 -0.0270884 0.166667 3
-0.0317452 -0.0267997 0.166 3
-0.0304838 -0.0267998 0.166 3
-0.0281247 -0.0264227 0.166 3
-0.0262219 -0.0263234 0.1664 3
-0.0241571 -0.0265599 0.166545 3
-0.0219742 -0.0264094 0.166552 3
-0.0200982 -0.0261713 0.1667 3
-0.0180148 -0.0258568 0.166952 3
-0.0157191 -0.0258397 0.167 3
-0.0137167 -0.0261448 0.167 3
-0.0121757 -0.0255099 0.167 3
-0.00932039 -0.025782 0.167 3
-0.00762796 -0.0258631 0.166632 3
-0.00579562 -0.0255375 0.166 3
-0.0276005 -0.0251768 0.166 3
-0.0261588 -0.0251768 0.166 3
-0.0216537 -0.0251768 0.166 3
-0.0197615 -0.0249063 0.166 3
-0.0179387 -0.0246774 0.166 3
-0.0157069 -0.0246358 0.166 3
-0.0134158 -0.024377 0.1662 3
-0.011427 -0.0243734 0.166667 3
-0.00942282 -0.0243345 0.1664 3
-0.00738471 -0.024521 0.166 3
-0.00524919 -0.0242344 0.166 3
-0.00315358 -0.0240255 0.166074 3
-0.00100456 -0.0238802 0.166923 3
0.000333363 -0.0236957 0.167 3
-0.0027922 -0.0227123 0.166 3
-0.000931194 -0.0223909 0.1662 3
0.000691778 -0.0224719 0.166 3
-0.0698263 -0.0138992 0.167 3
-0.0685927 -0.0135675 0.166889 3
-0.0670655 -0.013816 0.166 3
-0.00220471 0.020207 0.167 3
-0.0014481 0.0202493 0.166286 3
-0.0025673 0.0220211 0.167 3
-0.00149735 0.0220514 0.166375 3
-0.00219151 0.0231516 0.166 3
-0.00123145 0.0241334 0.166133 3
-0.00119084 0.0261559 0.166429 3
-0.00310294 0.0288284 0.1665 3
-0.00129049 0.0274795 0.166 3
0.00231363 0.0287418 0.166 3
0.0014126 0.0311762 0.166 3
0.00123239 0.0325287 0.166 3
0.00232757 0.0325433 0.167 3
0.00159281 0.0339714 0.166 3
0.00232757 0.0339946 0.167 3
-0.0528104 -0.0344632 0.17 3
-0.0516504 -0.0341994 0.17 3
-0.0500422 -0.0340938 0.17 3
-0.0531795 -0.0333552 0.17 3
-0.0513802 -0.0327872 0.169926 3
-0.0493553 -0.0326006 0.169333 3
-0.0472315 -0.0325985 0.169143 3
-0.0453379 -0.0325404 0.169304 3
-0.0430486 -0.0324934 0.169478 3
-0.0409679 -0.0324794 0.169455 3
-0.0388583 -0.0321364 0.169471 3
-0.0369854 -0.0318316 0.17 3
-0.0345402 -0.0316931 0.17 3
-0.0302956 -0.0316931 0.17 3
-0.0290038 -0.0316931 0.17 3
-0.0490684 -0.0309146 0.168 3
-0.0477513 -0.0311985 0.168 3
-0.0448941 -0.0309123 0.168 3
-0.0432071 -0.030864 0.168 3
-0.0410642 -0.0311377 0.168 3
-0.0386449 -0.0307479 0.168227 3
-0.0367413 -0.0304549 0.169267 3
-0.0346057 -0.0305143 0.1696 3
-0.0325059 -0.0302704 0.169455 3
-0.030404 -0.0303999 0.16896 3
-0.0284153 -0.030367 0.169345 3
-0.026195 -0.0304107 0.169739 3
-0.0241588 -0.0305258 0.169667 3
-0.0221009 -0.0301046 0.168765 3
-0.0199465 -0.0299194 0.168333 3
-0.0177199 -0.0294952 0.168 3
-0.0162609 -0.0294952 0.168 3
-0.03614 -0.0289477 0.168 3
-0.0345247 -0.0287391 0.168 3
-0.0328738 -0.0285661 0.168 3
-0.0309726 -0.0290085 0.168 3
-0.0280378 -0.0288709 0.168083 3
-0.0261741 -0.028653 0.1683 3
-0.024241 -0.0284349 0.1682 3
-0.0220702 -0.028381 0.168035 3
-0.0198723 -0.0282816 0.168059 3
-0.0177199 -0.0282177 0.168 3
-0.0157543 -0.0281163 0.168 3
-0.0129781 -0.0276702 0.168 3
-0.0115191 -0.0273052 0.168 3
-0.0100601 -0.0273052 0.168 3
-0.0195437 -0.0269401 0.168 3
-0.0174281 -0.0267211 0.168 3
-0.0157138 -0.0269401 0.168 3
-0.0129781 -0.0269401 0.168 3
-0.0114069 -0.0262943 0.168 3
-0.0100601 -0.0265751 0.168 3
-0.0718189 -0.0172884 0.17 3
-0.0718189 -0.016365 0.17 3
-0.0701347 -0.0156003 0.1691 3
-0.0683869 -0.0154553 0.168875 3
-0.0698797 -0.01453 0.168 3
-0.0684206 -0.01453 0.168 3
-0.0047226 0.024745 0.1695 3
-0.00311894 0.0244066 0.168923 3
-0.00186419 0.0244879 0.169 3
-0.00663421 0.026691 0.169 3
-0.00529602 0.026367 0.169 3
-0.0031444 0.02628 0.168722 3
-0.00185316 0.026168 0.168 3
-0.00503983 0.0278868 0.168833 3
-0.00321488 0.0279749 0.168091 3
-0.00185316 0.0276281 0.168 3
-0.0593134 -0.0361766 0.172 3
-0.0578012 -0.0364581 0.171842 3
-0.0555985 -0.0364225 0.171706 3
-0.0537518 -0.0360965 0.172 3
-0.0517512 -0.0359897 0.172 3
-0.0590333 -0.0352423 0.172 3
-0.057485 -0.0348535 0.171095 3
-0.0555343 -0.0347898 0.171 3
-0.0538922 -0.0345945 0.171 3
-0.0514504 -0.0350374 0.171 3
-0.0493662 -0.0348427 0.1715 3
-0.0474075 -0.0347253 0.171455 3
-0.0451769 -0.0342554 0.1715 3
-0.0433823 -0.0339536 0.171286 3
-0.0409698 -0.0340079 0.171429 3
-0.0388676 -0.0341213 0.172 3
-0.0276645 -0.0341212 0.172 3
-0.0546061 -0.0333656 0.171 3
-0.0542349 -0.0333656 0.171 3
-0.0447676 -0.0333656 0.171 3
-0.0388273 -0.0331798 0.171 3
-0.0368008 -0.0329479 0.171545 3
-0.0346582 -0.0329053 0.1715 3
-0.0326313 -0.0322243 0.171385 3
-0.0305464 -0.0325126 0.1714 3
-0.0282526 -0.0324536 0.171385 3
-0.0263899 -0.0323105 0.171 3
-0.0244222 -0.0321767 0.171 3
-0.0718704 -0.0175466 0.1718 3
-0.0707004 -0.0172948 0.171727 3
-0.0689294 -0.0171181 0.172 3
-0.0716844 -0.0166471 0.171 3
-0.0704321 -0.0167027 0.171571 3
-0.0684147 -0.0164318 0.171333 3
-0.0718087 -0.0407557 0.174 3
-0.070744 -0.0405495 0.174 3
-0.0718668 -0.0389527 0.174 3
-0.0706754 -0.0392435 0.174 3
-0.066142 -0.0382984 0.174 3
-0.0640642 -0.0382984 0.174 3
-0.0595938 -0.0384244 0.174 3
-0.0578742 -0.0383697 0.17375 3
-0.0556583 -0.038007 0.173286 3
-0.0534864 -0.0381094 0.174 3
-0.0521641 -0.0381094 0.174 3
-0.0719976 -0.0375424 0.174 3
-0.0659797 -0.0372659 0.173714 3
-0.0639721 -0.0369176 0.17316 3
-0.06203 -0.0368281 0.173375 3
-0.0602587 -0.0369524 0.173059 3
-0.0576863 -0.0375145 0.173 3
-0.0554851 -0.0375507 0.173167 3
-0.0535318 -0.0372109 0.173333 3
-0.0514018 -0.0369203 0.173529 3
-0.0494669 -0.0366377 0.173455 3
-0.0473495 -0.0363384 0.173667 3
-0.0452611 -0.0363566 0.174 3
-0.0430974 -0.0358411 0.174 3
-0.0410196 -0.0358411 0.174 3
-0.0606911 -0.0354472 0.173 3
-0.046418 -0.0354473 0.173 3
-0.045024 -0.0354487 0.173091 3
-0.0431576 -0.0349764 0.173333 3
-0.0410434 -0.0351325 0.1733 3
-0.0387911 -0.0351295 0.17375 3
-0.0366626 -0.0347535 0.173455 3
-0.0345923 -0.0348403 0.173545 3
-0.0325752 -0.0342705 0.173588 3
-0.0304455 -0.0342938 0.173706 3
-0.0288413 -0.0343275 0.17375 3
-0.0323327 -0.03338 0.173 3
-0.0304546 -0.03338 0.173 3
-0.02914 -0.03338 0.173 3
-0.0736976 -0.0210976 0.174 3
-0.0733198 -0.0210976 0.174 3
-0.0736976 -0.0199634 0.174 3
-0.072742 -0.0197411 0.174 3
-0.0723408 -0.018551 0.173167 3
-0.0703845 -0.0182402 0.173455 3
-0.0682256 -0.0175455 0.173364 3
-0.0668976 -0.0178842 0.174 3
-0.0714877 -0.0417977 0.176 3
-0.070152 -0.041235 0.175526 3
-0.0683585 -0.0410293 0.175571 3
-0.0663418 -0.0404695 0.175933 3
-0.0644184 -0.0402682 0.176 3
-0.0720314 -0.0382334 0.175 3
-0.0702408 -0.0388101 0.175087 3
-0.0683158 -0.0389955 0.175063 3
-0.0662113 -0.0393308 0.175 3
-0.0638574 -0.03924 0.17525 3
-0.0620352 -0.0389562 0.175444 3
-0.0602529 -0.0392789 0.175 3
-0.0578666 -0.039466 0.175833 3
-0.0556528 -0.0391947 0.175471 3
-0.0535739 -0.0390283 0.175385 3
-0.0514707 -0.0386296 0.1755 3
-0.0494204 -0.0382836 0.175667 3
-0.0472229 -0.0383562 0.176 3
-0.0456944 -0.0383562 0.176 3
-0.0724924 -0.0366817 0.175313 3
-0.070712 -0.0376754 0.1755 3
-0.068428 -0.0376754 0.1755 3
-0.0486644 -0.0373779 0.175 3
-0.0473346 -0.0373779 0.175 3
-0.0449602 -0.0372679 0.175375 3
-0.0429948 -0.0371488 0.175545 3
-0.040985 -0.0370211 0.175667 3
-0.0387421 -0.0365812 0.175412 3
-0.0367044 -0.036679 0.175455 3
-0.0346098 -0.0367673 0.175545 3
-0.0325809 -0.0367543 0.175818 3
-0.0307916 -0.0364443 0.176 3
-0.0737805 -0.0347236 0.176 3
-0.0727805 -0.0347059 0.175913 3
-0.0325164 -0.0354768 0.175 3
-0.0304267 -0.0354768 0.175 3
-0.0289069 -0.0354768 0.175 3
-0.0737805 -0.0326204 0.176 3
-0.0726341 -0.0326204 0.176 3
-0.0741332 -0.0303997 0.176 3
-0.0727433 -0.0306266 0.176 3
-0.0743537 -0.0276494 0.176 3
-0.0742581 -0.0262155 0.176 3
-0.0733983 -0.0257375 0.176 3
-0.0739312 -0.0217891 0.175 3
-0.0728096 -0.0218378 0.175556 3
-0.072056 -0.0203108 0.1752 3
-0.070372 -0.019778 0.175526 3
-0.0680944 -0.01964 0.17575 3
-0.0662915 -0.0197124 0.1758 3
-0.0695617 -0.0185573 0.175 3
-0.0682319 -0.0185573 0.175 3
-0.0663321 -0.0185573 0.175 3
-0.0715272 -0.0430462 0.178 3
-0.0703678 -0.0430462 0.178 3
-0.0683663 -0.0428229 0.177727 3
-0.0661877 -0.0422686 0.177909 3
-0.064764 -0.0422727 0.178 3
-0.0676667 -0.0418429 0.177 3
-0.0660441 -0.0413302 0.177 3
-0.0638514 -0.0411286 0.1774 3
-0.0618839 -0.0409981 0.1775 3
-0.0598874 -0.0409357 0.177429 3
-0.0575361 -0.0405351 0.177167 3
-0.0556821 -0.0407257 0.178 3
-0.0536112 -0.0403591 0.177357 3
-0.0514294 -0.0401879 0.177333 3
-0.0493054 -0.040339 0.178 3
-0.0477595 -0.040339 0.178 3
-0.0429287 -0.0403391 0.178 3
-0.0413829 -0.040339 0.178 3
-0.0715272 -0.0378253 0.178 3
-0.0711407 -0.0378253 0.178 3
-0.0507577 -0.0393433 0.177 3
-0.0494127 -0.0393433 0.177 3
-0.0472991 -0.0393433 0.177 3
-0.045133 -0.0391246 0.1774 3
-0.0430967 -0.038981 0.1771 3
-0.0409697 -0.0389532 0.177308 3
-0.0390118 -0.0387502 0.177762 3
-0.036793 -0.0383929 0.177429 3
-0.0344251 -0.0385856 0.177412 3
-0.0325951 -0.0386069 0.1775 3
-0.0303835 -0.0382715 0.178 3
-0.0284363 -0.0378253 0.178 3
-0.0718753 -0.036806 0.177538 3
-0.0711407 -0.0374385 0.178 3
-0.0401896 -0.0376128 0.177 3
-0.0390368 -0.0376128 0.177 3
-0.0315431 -0.0374205 0.177 3
-0.0302514 -0.037188 0.177231 3
-0.0286753 -0.0370117 0.177636 3
-0.0723492 -0.0355001 0.177333 3
-0.0743918 -0.029537 0.177 3
-0.073239 -0.029537 0.177 3
-0.0742458 -0.0285509 0.177111 3
-0.0733492 -0.0289448 0.1775 3
-0.0740075 -0.0268451 0.177 3
-0.0728797 -0.0231295 0.178 3
-0.0675079 -0.0233615 0.178 3
-0.0666577 -0.0233615 0.178 3
-0.0721206 -0.0219806 0.1775 3
-0.0705293 -0.0214654 0.177714 3
-0.0681054 -0.0218314 0.177619 3
-0.0661645 -0.0218293 0.177556 3
-0.0699724 -0.0204999 0.177 3
-0.0690117 -0.0204999 0.177 3
-0.0657452 -0.0204999 0.177 3
-0.0649766 -0.0204999 0.177 3
-0.0715492 -0.0509603 0.18 3
-0.0703768 -0.0509603 0.18 3
-0.0715492 -0.049396 0.18 3
-0.0703768 -0.049396 0.18 3
-0.07194 -0.047245 0.18 3
-0.0703768 -0.0472451 0.18 3
-0.072244 -0.0450072 0.18 3
-0.0703754 -0.04514 0.1794 3
-0.068502 -0.0448489 0.1798 3
-0.0660779 -0.044312 0.18 3
-0.0441927 -0.0441164 0.18 3
-0.0438019 -0.0441164 0.18 3
-0.0725119 -0.0432879 0.179 3
-0.0703744 -0.0438713 0.179 3
-0.0680426 -0.0434824 0.179 3
-0.0660994 -0.0432879 0.179 3
-0.0641401 -0.0430978 0.1795 3
-0.0619966 -0.0429548 0.1795 3
-0.059825 -0.0427477 0.18 3
-0.057871 -0.0427477 0.18 3
-0.0557215 -0.0427477 0.18 3
-0.0531813 -0.042161 0.18 3
-0.0514226 -0.042161 0.18 3
-0.0494686 -0.0423566 0.18 3
-0.044349 -0.0429432 0.18 3
-0.0431984 -0.0427083 0.179882 3
-0.0592335 -0.0416675 0.179 3
-0.0577438 -0.0417324 0.179 3
-0.0556063 -0.0417323 0.179 3
-0.0536377 -0.0416366 0.179273 3
-0.0514373 -0.0413258 0.179 3
-0.0493881 -0.0413435 0.179 3
-0.0471999 -0.0411247 0.1794 3
-0.0452391 -0.0410701 0.1795 3
-0.0430866 -0.0414268 0.179 3
-0.0407771 -0.0411384 0.179375 3
-0.0389527 -0.040674 0.179667 3
-0.0370569 -0.0402965 0.17975 3
-0.0348133 -0.0402057 0.18 3
-0.0323978 -0.0402276 0.1794 3
-0.0305145 -0.0404012 0.18 3
-0.029342 -0.0404012 0.18 3
-0.0715492 -0.0380547 0.18 3
-0.0710244 -0.0384323 0.179333 3
-0.0387006 -0.0395934 0.179 3
-0.0366534 -0.0395621 0.179444 3
-0.0353987 -0.0396112 0.179667 3
-0.0317051 -0.0393989 0.179 3
-0.0302154 -0.0392693 0.179 3
-0.0283951 -0.0391136 0.179636 3
-0.0717347 -0.03726 0.179 3
-0.0740665 -0.0279263 0.179 3
-0.0743769 -0.0266756 0.17975 3
-0.0736987 -0.023976 0.18 3
-0.0721688 -0.0233374 0.1796 3
-0.0702465 -0.0235849 0.18 3
-0.0688637 -0.0237968 0.17975 3
-0.0657004 -0.0241352 0.179421 3
-0.064424 -0.0233569 0.17975 3
-0.0721688 -0.0229472 0.1796 3
-0.0704309 -0.0224903 0.179286 3
-0.0690142 -0.0228705 0.179 3
-0.0654887 -0.0223149 0.179 3
-0.0644693 -0.0222395 0.17955 3
-0.0735186 -0.0506535 0.181 3
-0.0726204 -0.0509906 0.181 3
-0.0695888 -0.0506535 0.181 3
-0.0690275 -0.0507192 0.1818 3
-0.0738814 -0.0493528 0.181 3
-0.0727327 -0.0494738 0.181 3
-0.0695888 -0.0494738 0.181 3
-0.0690556 -0.0493924 0.181667 3
-0.0743807 -0.0473154 0.181286 3
-0.0731256 -0.0473109 0.181 3
-0.0695888 -0.0475075 0.181 3
-0.0685724 -0.0471531 0.181478 3
-0.0668121 -0.0465837 0.182 3
-0.074095 -0.0453315 0.181 3
-0.0731256 -0.0455413 0.181 3
-0.0678151 -0.045703 0.18125 3
-0.0659366 -0.0453628 0.181333 3
-0.0640666 -0.0450767 0.1815 3
-0.0622536 -0.044847 0.181714 3
-0.059897 -0.0448043 0.182 3
-0.0577237 -0.0448043 0.182 3
-0.0558357 -0.0447384 0.182 3
-0.0537722 -0.0442112 0.182 3
-0.0515989 -0.0442112 0.182 3
-0.0474498 -0.0445077 0.182 3
-0.0452242 -0.0443615 0.181 3
-0.0434558 -0.0443615 0.181 3
-0.0741081 -0.0437717 0.181 3
-0.0611398 -0.0437717 0.181 3
-0.0597644 -0.0437716 0.181 3
-0.0577995 -0.0437716 0.181 3
-0.0555858 -0.043654 0.181077 3
-0.0535752 -0.043262 0.181333 3
-0.0515367 -0.0432225 0.181286 3
-0.0491443 -0.0430412 0.1814 3
-0.0471516 -0.043032 0.181 3
-0.0454862 -0.0432473 0.181 3
-0.0426377 -0.043387 0.1812 3
-0.0409732 -0.0428393 0.181571 3
-0.0389941 -0.0422663 0.1815 3
-0.0373735 -0.0422341 0.182 3
-0.0338171 -0.0422341 0.182 3
-0.0325409 -0.0421181 0.1815 3
-0.0388099 -0.0416854 0.181333 3
-0.0366689 -0.0410934 0.181091 3
-0.034481 -0.0411555 0.181167 3
-0.0326843 -0.0413795 0.1812 3
-0.0303959 -0.0414643 0.1814 3
-0.0284938 -0.040887 0.1814 3
-0.0270996 -0.0406524 0.182 3
-0.0715539 -0.0382799 0.182 3
-0.0711588 -0.0382799 0.182 3
-0.0275402 -0.0396425 0.181 3
-0.0270996 -0.0398615 0.182 3
-0.0725393 -0.03697 0.1814 3
-0.0745175 -0.0281966 0.182 3
-0.0743199 -0.0261536 0.182 3
-0.0723442 -0.0252309 0.182 3
-0.0705661 -0.0252309 0.182 3
-0.0646388 -0.0252309 0.182 3
-0.0738655 -0.024684 0.18125 3
-0.0723412 -0.0243513 0.181333 3
-0.0706871 -0.0243997 0.1814 3
-0.0652661 -0.0245025 0.181 3
-0.0642472 -0.0241431 0.1814 3
-0.0425104 -0.0236493 0.182 3
-0.0417201 -0.0236493 0.182 3
-0.0425104 -0.0228584 0.182 3
-0.0417201 -0.022463 0.182 3
-0.0344098 -0.0191019 0.182 3
-0.0332244 -0.0191019 0.182 3
-0.036188 -0.018311 0.182 3
-0.0346327 -0.0179168 0.181556 3
-0.0325738 -0.0178436 0.181348 3
-0.0305131 -0.0176433 0.18137 3
-0.0289112 -0.0182124 0.181857 3
-0.0318629 -0.0164408 0.181 3
-0.0312735 -0.0164408 0.181 3
-0.0689446 -0.0510933 0.184 3
-0.0687947 -0.0493879 0.1836 3
-0.0680837 -0.0477292 0.183143 3
-0.066167 -0.0472344 0.1835 3
-0.0640916 -0.0468533 0.183833 3
-0.0619116 -0.0472637 0.183875 3
-0.060214 -0.0470638 0.183875 3
-0.0577587 -0.0468957 0.184 3
-0.0554694 -0.0467574 0.184 3
-0.0535641 -0.0466959 0.184 3
-0.0518739 -0.0467881 0.184 3
-0.049769 -0.0462961 0.184 3
-0.062014 -0.0458457 0.183 3
-0.0598288 -0.0458457 0.183 3
-0.0576435 -0.0458457 0.183 3
-0.0555427 -0.0456127 0.183231 3
-0.0535875 -0.0452775 0.183312 3
-0.0515404 -0.045314 0.183684 3
-0.0494752 -0.0452481 0.1838 3
-0.0429186 -0.0452357 0.18375 3
-0.0413225 -0.0450397 0.184 3
-0.0389826 -0.0442973 0.184 3
-0.0528757 -0.0440565 0.183 3
-0.0506904 -0.0440565 0.183 3
-0.0494984 -0.0440565 0.183 3
-0.04096 -0.0438657 0.1832 3
-0.0388414 -0.0433408 0.183333 3
-0.0367369 -0.0428019 0.183381 3
-0.0348661 -0.0429114 0.183625 3
-0.0324803 -0.0431506 0.183857 3
-0.0305919 -0.0424425 0.183143 3
-0.0282953 -0.0426611 0.183714 3
-0.0267981 -0.0422984 0.184 3
-0.0280431 -0.0416709 0.183 3
-0.0266014 -0.0414278 0.183429 3
-0.0715412 -0.0383008 0.184 3
-0.0706215 -0.0386459 0.183111 3
-0.0725431 -0.0374962 0.183 3
-0.0747538 -0.030346 0.183444 3
-0.0740992 -0.0283596 0.183636 3
-0.0729394 -0.0277069 0.184 3
-0.0735363 -0.0263636 0.183 3
-0.0723426 -0.0263669 0.183273 3
-0.0705486 -0.0258618 0.183667 3
-0.0641368 -0.0258227 0.183909 3
-0.0697618 -0.024972 0.183 3
-0.0681725 -0.0243756 0.183 3
-0.0636455 -0.0248268 0.183889 3
-0.0408416 -0.0241398 0.183545 3
-0.042148 -0.0215924 0.183 3
-0.040784 -0.0220602 0.18352 3
-0.0394107 -0.0216819 0.184 3
-0.034788 -0.0211108 0.184 3
-0.0335895 -0.0211108 0.184 3
-0.0289954 -0.0211108 0.184 3
-0.0405551 -0.0205171 0.183467 3
-0.0387639 -0.0198924 0.184 3
-0.0367261 -0.0196801 0.1837 3
-0.0346619 -0.0202384 0.183333 3
-0.0325535 -0.0197849 0.183524 3
-0.0304118 -0.019618 0.183455 3
-0.0284422 -0.0197877 0.1834 3
-0.0271976 -0.0201113 0.184 3
-0.0688863 -0.0511098 0.186 3
-0.0658575 -0.0504363 0.186 3
-0.0638787 -0.0506788 0.186 3
-0.062223 -0.0504363 0.186 3
-0.0682266 -0.049336 0.185375 3
-0.0661075 -0.0491669 0.1854 3
-0.06402 -0.0493294 0.185524 3
-0.0618639 -0.0491427 0.185053 3
-0.0599447 -0.0492139 0.1852 3
-0.0579346 -0.0492139 0.1852 3
-0.0560644 -0.0487584 0.185 3
-0.0651018 -0.0479545 0.185 3
-0.0638968 -0.0479545 0.185 3
-0.0596793 -0.0479545 0.185 3
-0.0578718 -0.0479545 0.185 3
-0.0556627 -0.0479545 0.185 3
-0.0536544 -0.0479545 0.185 3
-0.0510436 -0.0471506 0.185 3
-0.0502402 -0.0471506 0.185 3
-0.0425082 -0.0466482 0.185 3
-0.0406792 -0.0469882 0.18525 3
-0.0394064 -0.0470687 0.186 3
-0.0406673 -0.0456768 0.185 3
-0.0389553 -0.0453551 0.1853 3
-0.0368494 -0.0444169 0.185333 3
-0.0347623 -0.0445766 0.186 3
-0.0325412 -0.0445766 0.186 3
-0.0307239 -0.0445766 0.186 3
-0.0262818 -0.0443746 0.186 3
-0.0305588 -0.0435331 0.185 3
-0.0281548 -0.043672 0.185375 3
-0.0261023 -0.0430812 0.1853 3
-0.0250029 -0.0428458 0.1855 3
-0.0753476 -0.0362924 0.186 3
-0.0753476 -0.0354842 0.186 3
-0.0749425 -0.0320779 0.185 3
-0.0742522 -0.0303913 0.185571 3
-0.0729246 -0.0294225 0.186 3
-0.0735367 -0.0288624 0.185 3
-0.0723486 -0.0282973 0.185316 3
-0.0636311 -0.0279177 0.1854 3
-0.0620884 -0.0276713 0.186 3
-0.0606077 -0.0274019 0.186 3
-0.0717292 -0.0270537 0.185 3
-0.0709792 -0.0266123 0.185667 3
-0.0635453 -0.0265512 0.185 3
-0.0622403 -0.0264991 0.185333 3
-0.0606077 -0.0269978 0.186 3
-0.0401987 -0.0256468 0.185 3
-0.0395366 -0.0257393 0.185667 3
-0.0401987 -0.0240391 0.185 3
-0.039113 -0.0240299 0.1858 3
-0.0371853 -0.0235629 0.186 3
-0.0347623 -0.0235629 0.186 3
-0.0387142 -0.0222068 0.1853 3
-0.03685 -0.0220773 0.185519 3
-0.0346688 -0.0222915 0.1855 3
-0.0327012 -0.0219287 0.185762 3
-0.0304378 -0.0219245 0.185706 3
-0.0287322 -0.021755 0.1854 3
-0.0383912 -0.0208236 0.185 3
-0.0369854 -0.0208236 0.185 3
-0.0325671 -0.0208236 0.185 3
-0.0305588 -0.0208236 0.185 3
-0.0283496 -0.0208236 0.185 3
-0.069627 -0.0532251 0.188 3
-0.0683514 -0.053072 0.188 3
-0.0659534 -0.0526125 0.188 3
-0.0682022 -0.0515972 0.187087 3
-0.0662768 -0.0515766 0.187118 3
-0.0647905 -0.051317 0.187 3
-0.0678356 -0.0503012 0.187 3
-0.0670236 -0.0503012 0.187 3
-0.0387159 -0.0471914 0.187111 3
-0.037381 -0.0466898 0.188 3
-0.0367762 -0.0456289 0.187 3
-0.0345432 -0.0456289 0.187 3
-0.032547 -0.0456777 0.1872 3
-0.0303001 -0.0456088 0.18775 3
-0.0283251 -0.0453447 0.1875 3
-0.0262262 -0.0451817 0.187471 3
-0.0242004 -0.0447473 0.187692 3
-0.0228908 -0.0446476 0.188 3
-0.024596 -0.0435975 0.187 3
-0.0749332 -0.0319854 0.188 3
-0.0738389 -0.0309065 0.1874 3
-0.0727874 -0.0300763 0.187556 3
-0.0653411 -0.0299431 0.188 3
-0.0633002 -0.0299431 0.188 3
-0.0628921 -0.0299431 0.188 3
-0.0718877 -0.0286842 0.187333 3
-0.0703907 -0.028344 0.187696 3
-0.0690147 -0.0276966 0.188 3
-0.0653411 -0.0291262 0.188 3
-0.0641166 -0.0291261 0.188 3
-0.0618387 -0.0286962 0.187556 3
-0.0714896 -0.027143 0.187 3
-0.0700923 -0.0264566 0.187292 3
-0.0690147 -0.0268796 0.188 3
-0.0386032 -0.0263304 0.187 3
-0.0369768 -0.026213 0.18725 3
-0.0353482 -0.0258924 0.1875 3
-0.0324829 -0.0254501 0.188 3
-0.0384408 -0.0248677 0.187 3
-0.0367024 -0.0245206 0.187 3
-0.0345142 -0.0244731 0.187 3
-0.0325822 -0.0241482 0.1874 3
-0.0306571 -0.0239217 0.187 3
-0.0292651 -0.0236895 0.187 3
-0.0323101 -0.0228769 0.187 3
-0.0306184 -0.0228769 0.187 3
-0.0282474 -0.0219945 0.1878 3
-0.0384493 -0.0492379 0.18975 3
-0.0370623 -0.0492585 0.190714 3
-0.0354894 -0.0490948 0.191 3
-0.0323792 -0.0490948 0.191 3
-0.0307205 -0.0490948 0.191 3
-0.0280941 -0.0486798 0.191 3
-0.0265736 -0.0488873 0.191 3
-0.0381954 -0.0477595 0.189 3
-0.0366622 -0.0475193 0.18935 3
-0.0345936 -0.0474752 0.1895 3
-0.0325364 -0.0474752 0.1895 3
-0.0304792 -0.0474752 0.1895 3
-0.0284921 -0.0473522 0.189625 3
-0.0262836 -0.0474042 0.189826 3
-0.0243314 -0.0470011 0.1905 3
-0.0256798 -0.0459116 0.189 3
-0.0238422 -0.0458366 0.189444 3
-0.074885 -0.0391354 0.191 3
-0.0769584 -0.0360231 0.191 3
-0.076644 -0.0346232 0.190455 3
-0.075507 -0.0341557 0.191 3
-0.0759474 -0.0329768 0.189 3
-0.0745345 -0.032887 0.1899 3
-0.0727379 -0.0322793 0.190476 3
-0.0709454 -0.0321845 0.191 3
-0.0654175 -0.0317064 0.19 3
-0.0645925 -0.0317064 0.19 3
-0.0595414 -0.0320808 0.191 3
-0.05809 -0.0320808 0.191 3
-0.0722212 -0.0305539 0.189429 3
-0.0708238 -0.0307362 0.190077 3
-0.0653711 -0.0307589 0.189667 3
-0.0641457 -0.0308317 0.190111 3
-0.0618904 -0.0306303 0.190217 3
-0.0599019 -0.0304965 0.190048 3
-0.0579921 -0.0310872 0.19 3
-0.0611749 -0.0290758 0.189 3
-0.0603542 -0.0290758 0.189 3
-0.0316298 -0.0255854 0.189 3
-0.0312195 -0.0255854 0.189 3
-0.0299408 -0.0248952 0.19 3
-0.0289096 -0.02376 0.19 3
-0.028311 -0.0227919 0.189667 3
-0.027116 -0.0223004 0.189 3
-0.0379679 -0.0508119 0.192 3
-0.0367904 -0.0513598 0.19275 3
-0.0349531 -0.0508669 0.193 3
-0.0333468 -0.0506572 0.193 3
-0.0365089 -0.0501861 0.192 3
-0.0346247 -0.0497242 0.192286 3
-0.0324356 -0.0501991 0.19225 3
-0.0304644 -0.0498524 0.192 3
-0.028662 -0.0494803 0.1925 3
-0.026071 -0.0493906 0.1928 3
-0.0244467 -0.04899 0.192625 3
-0.022871 -0.0487703 0.193 3
-0.0235862 -0.0476833 0.192 3
-0.0225123 -0.0473688 0.192625 3
-0.076199 -0.038276 0.192273 3
-0.0754596 -0.0384969 0.193 3
-0.0762937 -0.0367934 0.192238 3
-0.0751802 -0.03654 0.193 3
-0.0761108 -0.0351688 0.192 3
-0.0746782 -0.0348562 0.192364 3
-0.0726847 -0.0343555 0.1927 3
-0.0706407 -0.0338843 0.193 3
-0.061841 -0.0338843 0.193 3
-0.0605839 -0.0338843 0.193 3
-0.0724832 -0.0333494 0.192333 3
-0.0706661 -0.0330654 0.1925 3
-0.0659415 -0.0328061 0.193 3
-0.0641103 -0.0326087 0.192714 3
-0.0620332 -0.0327001 0.192412 3
-0.0601723 -0.0330712 0.192769 3
-0.0580697 -0.0332553 0.193 3
-0.0310898 -0.025783 0.192 3
-0.0310898 -0.0249487 0.192 3
-0.0363501 -0.0533747 0.1945 3
-0.0349625 -0.053018 0.195 3
-0.0325399 -0.0530651 0.195 3
-0.0311521 -0.0528768 0.195 3
-0.0360468 -0.0521841 0.194 3
-0.034632 -0.0518523 0.194333 3
-0.0325224 -0.0518523 0.194333 3
-0.0304457 -0.0514149 0.194375 3
-0.0283702 -0.050918 0.1948 3
-0.0262833 -0.0509703 0.195 3
-0.0241665 -0.0509703 0.195 3
-0.022473 -0.0509703 0.195 3
-0.0236213 -0.0498659 0.194 3
-0.0218558 -0.0495346 0.1946 3
-0.020063 -0.0490312 0.195 3
-0.0186626 -0.048852 0.195 3
-0.0233197 -0.0465218 0.195 3
-0.021722 -0.046998 0.194294 3
-0.0199905 -0.0474847 0.195 3
-0.0186626 -0.047581 0.195 3
-0.0233197 -0.0460981 0.195 3
-0.0220496 -0.0460981 0.195 3
-0.0205678 -0.0460981 0.195 3
-0.0748001 -0.040229 0.194714 3
-0.0746769 -0.0387451 0.194482 3
-0.0732779 -0.0382603 0.195 3
-0.0743903 -0.0369828 0.194222 3
-0.0724598 -0.036679 0.194714 3
-0.0707376 -0.0362479 0.195 3
-0.0660805 -0.0359301 0.195 3
-0.0637327 -0.0362768 0.195 3
-0.061794 -0.0367498 0.194954 3
-0.0601889 -0.036624 0.194933 3
-0.0722044 -0.0352119 0.19425 3
-0.0702992 -0.0349181 0.194375 3
-0.0680689 -0.0347006 0.194833 3
-0.0661135 -0.0345893 0.1946 3
-0.0640209 -0.0345338 0.194391 3
-0.0619591 -0.0349118 0.194214 3
-0.0598241 -0.0347559 0.194524 3
-0.0325409 -0.0589833 0.197 3
-0.0308301 -0.0589833 0.197 3
-0.0344656 -0.0570572 0.197 3
-0.0325409 -0.0576992 0.197 3
-0.0304582 -0.0576248 0.197 3
-0.0359503 -0.055192 0.196 3
-0.0346434 -0.0557166 0.1968 3
-0.0324432 -0.0556033 0.1964 3
-0.0303364 -0.0555215 0.196455 3
-0.0357801 -0.0542125 0.196 3
-0.0344751 -0.0539712 0.196 3
-0.0322984 -0.0541545 0.196 3
-0.0304432 -0.0535202 0.196533 3
-0.0282638 -0.0525631 0.197 3
-0.0269806 -0.0525631 0.197 3
-0.0220619 -0.0525631 0.197 3
-0.0198927 -0.0527465 0.197 3
-0.018854 -0.0529911 0.197 3
-0.0298225 -0.0520834 0.196 3
-0.0285875 -0.0521203 0.196714 3
-0.0261337 -0.0520907 0.196143 3
-0.0242904 -0.0520834 0.196 3
-0.0220372 -0.0517634 0.1964 3
-0.0200605 -0.0512979 0.19625 3
-0.0187822 -0.0512979 0.19625 3
-0.0197917 -0.0499846 0.196 3
-0.0187583 -0.0499541 0.196 3
-0.0196094 -0.0465474 0.196 3
-0.0182477 -0.0468881 0.196 3
-0.0220171 -0.0451936 0.1966 3
-0.0200554 -0.0451021 0.1962 3
-0.0179255 -0.0451021 0.1962 3
-0.0165015 -0.0444309 0.197 3
-0.0220619 -0.0440029 0.197 3
-0.0198081 -0.0434761 0.197 3
-0.0179986 -0.0431468 0.197 3
-0.0165015 -0.0431468 0.197 3
-0.0720366 -0.0405005 0.196 3
-0.0702493 -0.0401599 0.196 3
-0.0682552 -0.0403648 0.197 3
-0.0177372 -0.0411019 0.197 3
-0.0160738 -0.0414348 0.197 3
-0.0738664 -0.0393082 0.196 3
-0.0723365 -0.0388317 0.196 3
-0.0700952 -0.0387023 0.196167 3
-0.0682381 -0.0388571 0.19695 3
-0.0661742 -0.0384155 0.196235 3
-0.0638661 -0.0382436 0.196 3
-0.071526 -0.0373919 0.196 3
-0.0700053 -0.0369248 0.196063 3
-0.0681795 -0.036785 0.196167 3
-0.0659939 -0.0369661 0.196 3
-0.0641093 -0.0372094 0.196 3
-0.069611 -0.0356886 0.196 3
-0.0683343 -0.0356886 0.196 3
-0.0585468 -0.034624 0.196 3
-0.0299118 -0.0590676 0.198 3
-0.029052 -0.0590676 0.198 3
-0.0342107 -0.0582072 0.198 3
-0.0290521 -0.0575619 0.198 3
-0.0295805 -0.0553101 0.198667 3
-0.0290059 -0.0557403 0.198667 3
-0.0261744 -0.0548262 0.199 3
-0.0242301 -0.0548262 0.199 3
-0.021897 -0.0552153 0.199 3
-0.0207737 -0.0554747 0.199 3
-0.0298124 -0.0543472 0.1982 3
-0.0284596 -0.0535587 0.198091 3
-0.026234 -0.0537377 0.198286 3
-0.024149 -0.0537814 0.198333 3
-0.0219332 -0.0538124 0.19825 3
-0.0202394 -0.0539054 0.198 3
-0.0215657 -0.0432227 0.198333 3
-0.0200961 -0.0426489 0.198 3
-0.0195245 -0.041023 0.198375 3
-0.0176123 -0.0401634 0.198 3
-0.0157256 -0.0403546 0.198 3
-0.0146508 -0.0405697 0.198 3
-0.0192614 -0.038829 0.199 3
-0.01766 -0.0388489 0.198 3
-0.0157256 -0.0388489 0.198 3
-0.0192614 -0.0368834 0.199 3
-0.0177284 -0.036858 0.198222 3
-0.0157255 -0.0369131 0.198 3
-0.0144359 -0.0362678 0.198 3
-0.0175588 -0.0348579 0.1983 3
-0.0157255 -0.0347622 0.198 3
-0.0144359 -0.0347622 0.198 3
-0.0170152 -0.0334716 0.198 3
-0.0157255 -0.0334716 0.198 3
-0.0144359 -0.0330414 0.198 3
-0.0286195 -0.057779 0.201 3
-0.0236881 -0.0572987 0.201 3
-0.0222184 -0.0569345 0.200333 3
-0.0280843 -0.0556202 0.2003 3
-0.0262193 -0.0560322 0.201 3
-0.0240338 -0.0561095 0.200636 3
-0.0225691 -0.0560731 0.200143 3
-0.0228321 -0.0442384 0.2 3
-0.0224521 -0.0430978 0.2 3
-0.020878 -0.0422831 0.2 3
-0.0202941 -0.0404614 0.200667 3
-0.0203278 -0.0387825 0.201 3
-0.0200732 -0.0365411 0.2002 3
-0.0197925 -0.0355478 0.2 3
-0.0281112 -0.0595101 0.202636 3
-0.0264802 -0.059236 0.203 3
-0.0249376 -0.0590155 0.203 3
-0.027742 -0.0580847 0.202273 3
-0.0262713 -0.0577576 0.202588 3
-0.0248761 -0.0577713 0.2025 3
-0.0214116 -0.0422557 0.203 3
-0.0214116 -0.0413736 0.203 3
-0.0213061 -0.0380977 0.202 3
-0.0217203 -0.0367242 0.202222 3
-0.0259462 -0.0599711 0.204 3
-0.0220149 -0.041014 0.2045 3
-0.022086 -0.0390898 0.204571 3
-0.0326947 -0.0424887 0.207 3
-0.0236312 -0.0421889 0.207 3
-0.0226775 -0.0432075 0.2065 3
-0.0328445 -0.0417391 0.207 3
-0.0236312 -0.0407272 0.207 3
-0.0226225 -0.0406424 0.206 3
-0.0238533 -0.0384681 0.206333 3
-0.0239643 -0.0375094 0.206 3
-0.0318742 -0.0442003 0.208 3
-0.0305916 -0.0447595 0.2085 3
-0.0237454 -0.0442003 0.208 3
-0.0318742 -0.0430705 0.208 3
-0.0305495 -0.0430595 0.208556 3
-0.0243292 -0.0430262 0.208571 3
-0.0321322 -0.0411015 0.208 3
-0.0306014 -0.0411961 0.208375 3
-0.0290779 -0.0414613 0.209 3
-0.024539 -0.0410649 0.2086 3
-0.0261284 -0.0391908 0.209 3
-0.0242873 -0.0391389 0.208 3
-0.0277527 -0.0485053 0.211 3
-0.0266075 -0.0488491 0.211 3
-0.0299465 -0.0467241 0.21 3
-0.028311 -0.0470107 0.210857 3
-0.0262743 -0.0471508 0.211 3
-0.0248303 -0.0469048 0.2105 3
-0.0298684 -0.0453423 0.21 3
-0.0284504 -0.0450705 0.210762 3
-0.0263477 -0.0450142 0.21075 3
-0.0248856 -0.0450816 0.21 3
-0.029673 -0.0430284 0.21 3
-0.0283521 -0.0430919 0.210818 3
-0.0263747 -0.0430149 0.210556 3
-0.0281424 -0.0408958 0.210111 3
-0.0262169 -0.0408958 0.210111 3
