-0.079817 0.00409871 0.143 3
-0.07879 0.00381192 0.143 3
-0.0801384 0.0048095 0.1438 3
-0.0792002 0.00463168 0.143444 3
-0.0762111 0.0225855 0.145 3
-0.0755814 0.0225855 0.145 3
-0.0763008 0.0236136 0.146 3
-0.0754687 0.0236929 0.146 3
-0.0660592 -0.012961 0.148 3
-0.0645513 -0.0130135 0.1486 3
-0.065616 -0.0120085 0.147571 3
-0.0641767 -0.0121069 0.147 3
-0.0749166 0.0206188 0.149 3
-0.074778 0.0220062 0.149 3
-0.0761984 0.0247068 0.147 3
-0.0753473 0.0244939 0.147 3
-0.07594 0.0259083 0.147 3
-0.0748568 0.0263679 0.147706 3
0.0306936 0.0543254 0.148667 3
0.0321624 0.0536387 0.149 3
0.0284922 0.0559315 0.148 3
0.0302623 0.0557681 0.148667 3
0.0318388 0.0549335 0.149 3
0.0287332 0.0571373 0.148 3
-0.0673983 -0.0138799 0.151 3
-0.0661404 -0.0136939 0.15075 3
-0.0747957 0.0202714 0.150714 3
-0.0745417 0.0215998 0.1502 3
-0.0747089 0.0240767 0.150375 3
-0.0757583 0.0254885 0.151 3
-0.074648 0.0263445 0.150846 3
-0.0757583 0.028113 0.151 3
-0.0749059 0.0279162 0.151 3
-0.0728806 0.0369891 0.151 3
0.0332466 0.0539443 0.15 3
0.0340066 0.0535098 0.15 3
0.0312383 0.0556282 0.15 3
0.0326847 0.0557144 0.15 3
0.0340066 0.0554652 0.15 3
0.0327039 0.0567688 0.15 3
-0.0722772 -0.0192161 0.153 3
-0.0720398 -0.0179944 0.1525 3
-0.0704832 -0.0173021 0.152909 3
-0.0689554 -0.0170554 0.153 3
-0.0718049 -0.0167788 0.152 3
-0.0701232 -0.016084 0.152154 3
-0.0683168 -0.0155947 0.152471 3
-0.0661326 -0.0153515 0.1528 3
-0.0639726 -0.0153934 0.153 3
-0.0621124 -0.0153269 0.153 3
-0.0598756 -0.015061 0.153 3
-0.0576611 -0.0150609 0.153 3
-0.0563323 -0.0148947 0.153 3
-0.0510173 -0.0148947 0.153 3
-0.0680097 -0.0144671 0.152 3
-0.0659884 -0.0143433 0.152 3
-0.0647095 -0.0142194 0.152 3
-0.0616473 -0.0145623 0.153 3
-0.0598203 -0.0142299 0.153 3
-0.0575248 -0.0138133 0.15275 3
-0.0557095 -0.0136274 0.153 3
-0.0534755 -0.0135704 0.152935 3
-0.0513673 -0.0136343 0.152944 3
-0.0569967 -0.0125678 0.153 3
-0.0556679 -0.0125678 0.153 3
-0.0536173 -0.0121502 0.152187 3
-0.0518418 -0.0123616 0.1525 3
-0.07428 0.0206211 0.152 3
-0.0743246 0.022125 0.152353 3
-0.0744022 0.024059 0.152786 3
-0.0743158 0.026061 0.152111 3
-0.0747357 0.0285225 0.152684 3
-0.0762129 0.0312006 0.152 3
-0.0750844 0.0306077 0.152444 3
-0.075897 0.0324708 0.1522 3
-0.0750158 0.0322119 0.152478 3
-0.0757652 0.0336379 0.153 3
-0.075433 0.0336379 0.153 3
-0.0739218 0.0365622 0.152429 3
-0.072361 0.0370573 0.1525 3
-0.0705383 0.0370316 0.152833 3
-0.0724596 0.0387586 0.152222 3
-0.0705484 0.0384131 0.1525 3
-0.0726356 0.0407233 0.152857 3
-0.0696198 0.041782 0.153 3
-0.0719138 -0.0191744 0.154 3
-0.0700304 -0.0195277 0.154583 3
-0.0688135 -0.0197031 0.155 3
-0.0715794 -0.0185053 0.154 3
-0.070153 -0.0183166 0.1541 3
-0.0683006 -0.0178763 0.154619 3
-0.0660075 -0.0178773 0.154733 3
-0.064194 -0.0175807 0.154923 3
-0.0621353 -0.0174281 0.155 3
-0.0596844 -0.0175845 0.155 3
-0.05791 -0.0174468 0.155 3
-0.0677343 -0.0164977 0.154 3
-0.0660625 -0.0164977 0.154 3
-0.0640564 -0.0164977 0.154 3
-0.0617781 -0.0163444 0.154273 3
-0.0598083 -0.0160509 0.154154 3
-0.0576405 -0.0161728 0.154148 3
-0.0558371 -0.0157299 0.154667 3
-0.0535888 -0.0156351 0.154321 3
-0.0521867 -0.0153267 0.154 3
-0.0553392 -0.0145141 0.154 3
-0.0535241 -0.0146575 0.154 3
-0.0521867 -0.0146575 0.154 3
-0.0742696 0.0246156 0.1548 3
-0.0746147 0.0262314 0.1544 3
-0.074349 0.0284999 0.15456 3
-0.0742699 0.0303531 0.154267 3
-0.072603 0.0307858 0.154923 3
-0.0712029 0.0308784 0.155 3
-0.0747032 0.0326029 0.1545 3
-0.072549 0.0325621 0.155 3
-0.0702354 0.0331515 0.155 3
-0.068763 0.0330673 0.155 3
-0.0745796 0.0346731 0.154392 3
-0.0724462 0.0349084 0.154824 3
-0.0705073 0.034552 0.154923 3
-0.068763 0.0340776 0.155 3
-0.0743657 0.0359767 0.154 3
-0.0724153 0.0361998 0.154 3
-0.0708157 0.0367538 0.154444 3
-0.0717983 0.039044 0.1544 3
-0.070507 0.0392118 0.154276 3
-0.0692389 0.0392111 0.154 3
-0.0720542 0.0409859 0.154727 3
-0.070389 0.0409694 0.15432 3
-0.0692389 0.0408841 0.154 3
-0.0722729 0.0429473 0.154516 3
-0.0709457 0.0432188 0.154421 3
-0.0715794 0.0442299 0.154 3
-0.0706506 0.044453 0.154 3
-0.0668381 -0.0231296 0.157 3
-0.0679664 -0.0216595 0.156238 3
-0.0665654 -0.0216116 0.157 3
-0.064452 -0.0210829 0.157 3
-0.0681375 -0.0201293 0.156029 3
-0.0662396 -0.0199873 0.156568 3
-0.0639919 -0.0196952 0.156447 3
-0.0620094 -0.0195603 0.15675 3
-0.0597356 -0.0196118 0.156769 3
-0.0580959 -0.0194839 0.156842 3
-0.0675979 -0.0185761 0.156 3
-0.0662431 -0.0185761 0.156 3
-0.0640415 -0.0185761 0.156 3
-0.0618399 -0.0182372 0.156 3
-0.0598077 -0.0185761 0.156 3
-0.057612 -0.0182088 0.156211 3
-0.0559735 -0.0175902 0.1565 3
-0.055574 -0.0165425 0.156 3
-0.0744476 0.0264173 0.15625 3
-0.0743202 0.0279978 0.1565 3
-0.0741461 0.0304562 0.156 3
-0.0716103 0.0314473 0.157 3
-0.0712694 0.0314473 0.157 3
-0.0687129 0.0305946 0.157 3
-0.0741783 0.032748 0.156 3
-0.0723109 0.0324603 0.156103 3
-0.0707642 0.0326047 0.156556 3
-0.0686064 0.0328757 0.157 3
-0.0738638 0.0338738 0.156 3
-0.073017 0.0339585 0.156 3
-0.0687129 0.0338351 0.157 3
0.0412936 0.0492795 0.157 3
0.0422405 0.0500375 0.157 3
0.0413883 0.0507197 0.157 3
-0.0658657 -0.0233569 0.15825 3
-0.0649279 -0.0235969 0.159 3
-0.0658868 -0.0223684 0.158103 3
-0.0641254 -0.0220407 0.158724 3
-0.0620402 -0.0214944 0.158778 3
-0.0599223 -0.0211788 0.159 3
-0.0581962 -0.0211788 0.159 3
-0.0636619 -0.020874 0.158 3
-0.0618323 -0.0205307 0.158 3
-0.0607461 -0.0203591 0.158 3
-0.0576271 -0.0200249 0.158471 3
-0.0561528 -0.019137 0.1584 3
-0.0569726 -0.0188143 0.158 3
-0.0555775 -0.0182344 0.158286 3
-0.0700485 0.0206783 0.159 3
-0.0688978 0.0207935 0.159 3
-0.0702787 0.0220026 0.159 3
-0.0686216 0.0218644 0.159 3
-0.073896 0.0291303 0.158 3
-0.072581 0.0290731 0.158 3
-0.0709164 0.0290787 0.1585 3
-0.0743147 0.0299086 0.158143 3
-0.072483 0.03025 0.158 3
-0.0704876 0.030326 0.158273 3
-0.0684645 0.0307894 0.158 3
-0.0705342 0.032277 0.158 3
-0.0685674 0.0320939 0.158 3
-0.0240201 0.0434205 0.159 3
0.047439 0.0434205 0.159 3
0.0446773 0.0460114 0.159 3
0.0446773 0.0463569 0.159 3
0.0395937 0.0501847 0.158 3
0.0406228 0.0498414 0.158 3
0.0395937 0.0508712 0.158 3
0.0406228 0.0512145 0.158 3
-0.0641716 -0.0254678 0.161 3
-0.0641228 -0.0240747 0.160421 3
-0.0625287 -0.0236839 0.161 3
-0.0634256 -0.0227025 0.16 3
-0.0618729 -0.0225365 0.1603 3
-0.0599643 -0.0224258 0.1605 3
-0.0578402 -0.0220995 0.160667 3
-0.0566561 -0.0214452 0.161 3
-0.0572596 -0.0204429 0.16 3
-0.0562008 -0.0200207 0.1608 3
-0.0405266 -0.0196212 0.161 3
-0.0392033 -0.0194713 0.161 3
-0.0369063 -0.0191715 0.161 3
-0.0351585 -0.0191715 0.161 3
-0.040227 -0.0184719 0.161 3
-0.0388765 -0.0183129 0.161 3
-0.0369062 -0.0181221 0.161 3
-0.0348963 -0.0184282 0.161 3
-0.0715891 0.0235314 0.16 3
-0.070547 0.0235315 0.16 3
0.053279 0.0373206 0.161 3
0.0534149 0.0383506 0.161 3
-0.0229241 0.0404687 0.161 3
-0.0255607 0.0438674 0.16 3
-0.0245553 0.0431855 0.1607 3
-0.0196033 0.0437918 0.161 3
-0.0183798 0.043442 0.161 3
-0.0256672 0.0447491 0.160667 3
-0.0243999 0.0447018 0.160857 3
-0.0194722 0.0445789 0.161 3
-0.0183798 0.0446663 0.161 3
0.0459136 0.0456055 0.16 3
0.0473552 0.0450378 0.16 3
0.0456282 0.0467477 0.16 3
0.0468996 0.0471586 0.161 3
-0.0635149 -0.025802 0.162 3
-0.0623327 -0.0258492 0.162667 3
-0.0600141 -0.0254301 0.163 3
-0.0582446 -0.0254301 0.163 3
-0.0635149 -0.0249221 0.162 3
-0.0619929 -0.0243976 0.16216 3
-0.060001 -0.0242489 0.1622 3
-0.0578937 -0.0241453 0.162364 3
-0.0559712 -0.0238347 0.162852 3
-0.054014 -0.023595 0.163 3
-0.0572191 -0.0225991 0.162 3
-0.0558514 -0.0220414 0.162659 3
-0.0540708 -0.0223261 0.163 3
-0.0406304 -0.0219109 0.1625 3
-0.0390854 -0.0216146 0.1628 3
-0.0359491 -0.0213575 0.163 3
-0.0345335 -0.0213575 0.163 3
-0.0327641 -0.0213575 0.163 3
-0.0558903 -0.0207411 0.162333 3
-0.0406527 -0.0205225 0.162 3
-0.0386595 -0.0203366 0.1622 3
-0.0367204 -0.0202338 0.1625 3
-0.0345119 -0.02001 0.1624 3
-0.0324601 -0.019865 0.162368 3
-0.0311715 -0.020295 0.163 3
-0.0337941 -0.0184107 0.162 3
-0.0327389 -0.0184107 0.162 3
-0.0234182 0.0247055 0.162 3
-0.0227147 0.0247055 0.162 3
-0.0238169 0.0256766 0.1628 3
-0.0224561 0.0261637 0.162909 3
-0.022619 0.0277502 0.163 3
-0.0214394 0.0308784 0.163 3
-0.0207315 0.0312326 0.163 3
-0.0214394 0.0315867 0.163 3
-0.0207315 0.0319408 0.163 3
-0.0235627 0.0354823 0.163 3
-0.022855 0.0351281 0.163 3
-0.0233858 0.0361905 0.163 3
-0.0225718 0.0362614 0.163 3
-0.0207315 0.0376071 0.163 3
0.0543134 0.0372004 0.162 3
0.0550169 0.0372004 0.162 3
-0.023594 0.0398402 0.162 3
-0.021551 0.038923 0.162923 3
-0.020314 0.0388395 0.163 3
0.0543134 0.0382563 0.162 3
0.0550168 0.0382563 0.162 3
-0.0239593 0.0411668 0.162 3
-0.0220332 0.0410993 0.162667 3
-0.0202003 0.0412903 0.162889 3
-0.0181378 0.0415707 0.16275 3
-0.0237503 0.042871 0.162 3
-0.0221266 0.043214 0.162645 3
-0.0199626 0.0430075 0.162364 3
-0.0181423 0.0426559 0.162 3
-0.0253526 0.0459996 0.162 3
-0.0239163 0.0456347 0.162053 3
-0.0220678 0.045218 0.162778 3
-0.0205245 0.0454561 0.1622 3
-0.023857 0.0470749 0.162529 3
-0.0224074 0.046919 0.163 3
-0.0612553 -0.0279244 0.164692 3
-0.0601305 -0.0279757 0.165 3
-0.0613684 -0.0265947 0.164067 3
-0.059818 -0.0265436 0.164409 3
-0.0577094 -0.0261067 0.164375 3
-0.0557443 -0.0257842 0.1645 3
-0.0535857 -0.0255629 0.165 3
-0.0519737 -0.0255629 0.165 3
-0.0553974 -0.0246953 0.164 3
-0.0534033 -0.0244498 0.164091 3
-0.0519273 -0.0245581 0.164667 3
-0.0410697 -0.0238494 0.1648 3
-0.0388712 -0.0238741 0.164889 3
-0.0368604 -0.0235688 0.165 3
-0.034599 -0.0232327 0.165 3
-0.0324496 -0.0232327 0.165 3
-0.0311957 -0.0232327 0.165 3
-0.0242101 -0.0232327 0.165 3
-0.0407985 -0.0230919 0.164 3
-0.0387211 -0.0226116 0.164053 3
-0.0369606 -0.0221372 0.164231 3
-0.0346966 -0.0224255 0.164333 3
-0.0323625 -0.0222619 0.164333 3
-0.0305234 -0.0218892 0.164739 3
-0.0276133 -0.0210818 0.165 3
-0.0260013 -0.0214915 0.165 3
-0.0242101 -0.0219253 0.165 3
-0.022598 -0.0217987 0.165 3
-0.0304726 -0.0207758 0.164 3
-0.0276133 -0.0207233 0.165 3
-0.0260908 -0.0204544 0.165 3
-0.0242101 -0.0203648 0.165 3
-0.022598 -0.0203648 0.165 3
-0.0174761 -0.0191724 0.164 3
-0.0167639 -0.0191724 0.164 3
-0.0176635 -0.018141 0.164 3
-0.0167639 -0.0181035 0.164 3
-0.0184782 0.0165593 0.165 3
-0.0194345 0.0184188 0.164 3
-0.0184782 0.0172763 0.165 3
-0.0198103 0.0198649 0.164167 3
-0.021165 0.0224744 0.165 3
-0.0200997 0.0220345 0.164833 3
-0.021165 0.0235499 0.165 3
-0.0208068 0.0235499 0.165 3
-0.0238518 0.0269555 0.165 3
-0.0214897 0.0263255 0.1642 3
-0.0208068 0.026597 0.165 3
-0.0237549 0.0283384 0.164857 3
-0.0218497 0.0284798 0.16412 3
-0.0208068 0.0276724 0.165 3
-0.0237165 0.0304 0.164167 3
-0.0220536 0.0304235 0.164172 3
-0.0204237 0.0307939 0.164273 3
-0.0234433 0.0320731 0.1644 3
-0.0222085 0.0322219 0.164154 3
-0.0201466 0.0321368 0.164 3
-0.0218011 0.0354294 0.1644 3
-0.0199704 0.0354045 0.164923 3
-0.0182991 0.0353799 0.165 3
-0.0234229 0.0374171 0.1645 3
-0.0217489 0.0368464 0.164 3
-0.0198535 0.0367819 0.164743 3
-0.0183503 0.036609 0.165 3
-0.0234699 0.0389245 0.164833 3
-0.0224067 0.0386987 0.16425 3
-0.0196398 0.0386883 0.164462 3
-0.0233512 0.0399757 0.164 3
-0.022461 0.0399757 0.164 3
-0.0195263 0.0407978 0.164444 3
-0.0183055 0.0407501 0.16425 3
-0.060157 -0.0300461 0.166667 3
-0.05964 -0.0286379 0.1662 3
-0.0579379 -0.0279322 0.166461 3
-0.055681 -0.0275349 0.166444 3
-0.0532835 -0.0276416 0.167 3
-0.0516247 -0.0277232 0.167 3
-0.0571542 -0.0269801 0.166 3
-0.0553656 -0.0267981 0.166091 3
-0.0535368 -0.0266736 0.166333 3
-0.0512265 -0.0264065 0.166357 3
-0.0499649 -0.0263049 0.166667 3
-0.0448081 -0.0256913 0.167 3
-0.0430988 -0.025795 0.167 3
-0.0408197 -0.0258727 0.167 3
-0.0386701 -0.02608 0.167 3
-0.03665 -0.0254192 0.167 3
-0.0346558 -0.0255099 0.167 3
-0.0322386 -0.0259937 0.167 3
-0.0307037 -0.0260179 0.167 3
-0.0290421 -0.0255375 0.166 3
-0.0445491 -0.0241881 0.167 3
-0.0431094 -0.0242082 0.166308 3
-0.0409357 -0.0249964 0.166 3
-0.0386702 -0.0249192 0.166 3
-0.0364306 -0.0244555 0.166 3
-0.0345671 -0.0243349 0.166182 3
-0.0325633 -0.0243493 0.1665 3
-0.0304044 -0.024098 0.166111 3
-0.0283664 -0.0241624 0.166 3
-0.0261589 -0.0237342 0.166 3
-0.0444455 -0.0227886 0.167 3
-0.0437204 -0.0227886 0.167 3
-0.0300633 -0.0227724 0.166 3
-0.0283213 -0.0222915 0.166 3
-0.0264792 -0.0224919 0.166 3
-0.0178562 0.0118013 0.167 3
-0.017977 0.013676 0.167 3
-0.0185813 0.0155506 0.167 3
-0.0191308 0.018463 0.166 3
-0.0187022 0.0183928 0.167 3
-0.0191308 0.020086 0.166 3
-0.0187509 0.0198865 0.166286 3
-0.019518 0.0222933 0.167 3
-0.0188835 0.0216583 0.167 3
-0.0212933 0.0245942 0.166 3
-0.0202116 0.0241994 0.166522 3
-0.0212933 0.0256762 0.166 3
-0.0203518 0.0262409 0.166211 3
-0.0254891 0.0289795 0.166333 3
-0.0248165 0.0290376 0.166667 3
-0.0212933 0.0289221 0.166 3
-0.0206115 0.028498 0.166769 3
-0.025438 0.0298238 0.166 3
-0.0247172 0.0298238 0.166 3
-0.0212933 0.0296434 0.166 3
-0.0204861 0.0300359 0.166364 3
-0.0148951 0.0310919 0.167 3
-0.0140974 0.0308016 0.167 3
-0.0234558 0.03325 0.166 3
-0.0228255 0.0333835 0.166667 3
-0.0197109 0.0324753 0.166333 3
-0.0152059 0.0318953 0.167 3
-0.0142217 0.0318953 0.167 3
-0.0234558 0.0339714 0.166 3
-0.0225853 0.0344699 0.166667 3
-0.0198807 0.0346123 0.1664 3
-0.0185833 0.0344863 0.16675 3
-0.0182298 0.0375779 0.166 3
-0.0192461 0.0390742 0.167 3
-0.0180801 0.0388194 0.166923 3
-0.0191692 0.0401824 0.166333 3
-0.0182956 0.0401458 0.166455 3
-0.0603768 -0.0318777 0.17 3
-0.0595657 -0.03059 0.169053 3
-0.0579157 -0.0303668 0.169414 3
-0.0556967 -0.0298604 0.1698 3
-0.053511 -0.0301919 0.169714 3
-0.051506 -0.03015 0.169737 3
-0.0494886 -0.029754 0.17 3
-0.047274 -0.029477 0.17 3
-0.0452439 -0.029477 0.17 3
-0.0430294 -0.029477 0.17 3
-0.0384157 -0.029477 0.17 3
-0.0373084 -0.029754 0.17 3
-0.0591194 -0.0291302 0.168 3
-0.0575539 -0.0289784 0.168273 3
-0.0557262 -0.0286586 0.16855 3
-0.0535728 -0.0286341 0.168235 3
-0.0513678 -0.0287074 0.1683 3
-0.0494854 -0.0282703 0.168667 3
-0.0472311 -0.0281385 0.168759 3
-0.0451426 -0.0281555 0.168786 3
-0.0430548 -0.0282805 0.1688 3
-0.0410949 -0.0280297 0.169231 3
-0.0388059 -0.0282141 0.169556 3
-0.0367607 -0.0282966 0.169308 3
-0.0349721 -0.0282727 0.169 3
-0.0330395 -0.0274877 0.168 3
-0.0489671 -0.0265143 0.168 3
-0.0472649 -0.0262101 0.168 3
-0.0452588 -0.0265751 0.168 3
-0.0430703 -0.0267576 0.168 3
-0.0410642 -0.0267576 0.168 3
-0.0387074 -0.026689 0.168333 3
-0.0367919 -0.0265245 0.168526 3
-0.0347367 -0.0266177 0.168267 3
-0.0332219 -0.0266664 0.168 3
-0.0469407 -0.0245879 0.168 3
-0.0456236 -0.0241418 0.168 3
-0.0454412 -0.0229251 0.168 3
-0.0171728 0.0102903 0.168 3
-0.0158239 0.0103638 0.1692 3
-0.01715 0.0114538 0.168 3
-0.0158511 0.0115753 0.169071 3
-0.0171065 0.0139736 0.168 3
-0.0162137 0.0137029 0.168727 3
-0.0175205 0.0158358 0.168583 3
-0.0163981 0.0154552 0.1698 3
-0.0177975 0.0176692 0.168909 3
-0.0166391 0.0172458 0.17 3
-0.0189966 0.0194155 0.168 3
-0.0181991 0.0198839 0.168889 3
-0.0191789 0.022518 0.168 3
-0.0181242 0.0219653 0.169692 3
-0.0192931 0.0241207 0.169 3
-0.0183738 0.0242634 0.17 3
-0.0260402 0.0267081 0.168333 3
-0.025015 0.026898 0.168 3
-0.0195392 0.0261155 0.1686 3
-0.0179358 0.0263057 0.169625 3
-0.0278491 0.0285436 0.169 3
-0.0264427 0.0282215 0.168652 3
-0.025015 0.0279931 0.168 3
-0.0196469 0.0283276 0.1689 3
-0.0179924 0.0281108 0.17 3
-0.0277586 0.029812 0.169 3
-0.0267625 0.0299357 0.168667 3
-0.0197546 0.0301781 0.168778 3
-0.0155087 0.0311425 0.16975 3
-0.0194953 0.0326742 0.168375 3
-0.0177223 0.0325319 0.1694 3
-0.0160654 0.0321017 0.1685 3
-0.023556 0.0352932 0.168 3
-0.0218578 0.0344986 0.1684 3
-0.0201516 0.0340765 0.168 3
-0.0184494 0.0338331 0.168 3
-0.0577262 -0.0339344 0.172 3
-0.0614607 -0.0330001 0.172 3
-0.0597082 -0.0325846 0.171556 3
-0.0576508 -0.0324939 0.171581 3
-0.055743 -0.0321788 0.1717 3
-0.0535814 -0.0320337 0.171706 3
-0.0513671 -0.0319978 0.171737 3
-0.0495106 -0.0316922 0.172 3
-0.057205 -0.0311364 0.171 3
-0.0555343 -0.030818 0.171 3
-0.0534923 -0.0311364 0.171 3
-0.0512455 -0.0311355 0.17125 3
-0.0492791 -0.0306948 0.171368 3
-0.0473182 -0.0306697 0.1715 3
-0.045174 -0.0306277 0.171455 3
-0.0431325 -0.0307116 0.171545 3
-0.0411172 -0.0302879 0.171545 3
-0.0390649 -0.0303464 0.171125 3
-0.0410549 -0.0292788 0.171 3
-0.0395699 -0.0292788 0.171 3
-0.0135812 0.00397244 0.171 3
-0.0135812 0.00508701 0.171 3
-0.0148806 0.0104741 0.171 3
-0.0145093 0.0104741 0.171 3
-0.0149154 0.0116171 0.1714 3
-0.0142299 0.0112963 0.171769 3
-0.0156172 0.0159137 0.171478 3
-0.0145942 0.0157671 0.172 3
-0.017331 0.0184247 0.171 3
-0.0157773 0.0179266 0.171903 3
-0.0145942 0.0178224 0.172 3
-0.0174671 0.0199647 0.171143 3
-0.0160301 0.0195474 0.171833 3
-0.0145942 0.0191303 0.172 3
-0.0177684 0.0228673 0.172 3
-0.0174688 0.0242612 0.171125 3
-0.0167369 0.0240347 0.171 3
-0.016966 0.0259747 0.171714 3
-0.0164614 0.0264174 0.172 3
-0.0172938 0.0288645 0.171 3
-0.0165513 0.0284929 0.171 3
-0.0192773 0.0307924 0.1718 3
-0.0178651 0.0304489 0.171812 3
-0.0160527 0.0306665 0.171636 3
-0.0195286 0.0319483 0.1714 3
-0.0179727 0.0322192 0.171118 3
-0.0190754 0.0338914 0.172 3
-0.0183286 0.0338913 0.172 3
-0.0593419 -0.0358411 0.174 3
-0.0580197 -0.0358411 0.174 3
-0.0631326 -0.0339437 0.173 3
-0.0619961 -0.0344199 0.1735 3
-0.0598764 -0.0344749 0.17336 3
-0.0577066 -0.0345896 0.17325 3
-0.0556191 -0.0344363 0.173583 3
-0.0535722 -0.0344836 0.174 3
-0.0514086 -0.0341399 0.174 3
-0.0502752 -0.0341399 0.174 3
-0.0554326 -0.0331921 0.173 3
-0.0535546 -0.0331921 0.173 3
-0.0514887 -0.0331921 0.173 3
-0.049342 -0.0328435 0.173379 3
-0.0472405 -0.032441 0.1734 3
-0.0451426 -0.0325779 0.173545 3
-0.0430647 -0.0324924 0.173455 3
-0.0410546 -0.0320625 0.17375 3
-0.0392814 -0.0318765 0.173 3
-0.0411595 -0.0311247 0.173 3
-0.0392814 -0.0311247 0.173 3
-0.0171205 0.020745 0.173 3
-0.0156181 0.0205571 0.173 3
-0.0171205 0.0218726 0.173 3
-0.0156181 0.0211209 0.173 3
-0.0164166 0.024385 0.1735 3
-0.0155329 0.0262049 0.173375 3
-0.0169327 0.0276986 0.173 3
-0.0155963 0.0283719 0.173926 3
-0.0154948 0.0298918 0.173733 3
-0.0144702 0.0306276 0.1732 3
-0.0197497 0.032209 0.173 3
-0.0655649 -0.0364443 0.176 3
-0.0640516 -0.036785 0.175667 3
-0.0620356 -0.0365728 0.175588 3
-0.0599472 -0.0367153 0.175857 3
-0.057645 -0.0366968 0.175833 3
-0.0556509 -0.0365668 0.175667 3
-0.0536461 -0.0362465 0.175556 3
-0.0513124 -0.0360606 0.175909 3
-0.0497067 -0.0360619 0.176 3
-0.0653823 -0.0350966 0.175 3
-0.0641158 -0.0352867 0.175 3
-0.0619627 -0.0356669 0.175 3
-0.0606328 -0.0356669 0.175 3
-0.0572133 -0.0356669 0.175 3
-0.0556935 -0.0356669 0.175 3
-0.0534771 -0.0354768 0.175 3
-0.0516226 -0.0351781 0.175 3
-0.0493711 -0.0347874 0.175182 3
-0.0474344 -0.0344524 0.1755 3
-0.0449506 -0.0339572 0.175333 3
-0.0430589 -0.0341765 0.175714 3
-0.0409179 -0.03415 0.176 3
-0.0397715 -0.03415 0.176 3
-0.0475245 -0.0333856 0.175 3
-0.0422052 -0.0331955 0.175 3
-0.0410654 -0.0331955 0.175 3
-0.0165585 0.0209849 0.175 3
-0.0168442 0.0228255 0.176 3
-0.0165344 0.0220154 0.17525 3
-0.0174173 0.0235903 0.176 3
-0.0154337 0.024239 0.175167 3
-0.0697881 -0.0378253 0.178 3
-0.0683388 -0.0382603 0.178 3
-0.0659773 -0.0387112 0.177625 3
-0.0639252 -0.0382512 0.177286 3
-0.0617965 -0.0383314 0.177556 3
-0.0599197 -0.0380832 0.177143 3
-0.0574369 -0.0380034 0.177286 3
-0.0556821 -0.0380187 0.178 3
-0.0537498 -0.0380187 0.178 3
-0.0697881 -0.0374385 0.178 3
-0.0681109 -0.0370907 0.177615 3
-0.0665778 -0.0369718 0.177 3
-0.0630551 -0.0376128 0.177 3
-0.0619023 -0.0376128 0.177 3
-0.0597887 -0.0376128 0.177 3
-0.057675 -0.0376128 0.177 3
-0.0534478 -0.0370359 0.177 3
-0.0515263 -0.0370359 0.177 3
-0.0492715 -0.0369307 0.1776 3
-0.0473121 -0.0365473 0.177647 3
-0.0454408 -0.0358916 0.178 3
-0.0430944 -0.0362231 0.178 3
-0.0417694 -0.036085 0.178 3
-0.0469793 -0.0354023 0.1771 3
-0.0453084 -0.0351302 0.177308 3
-0.0431039 -0.0352734 0.177 3
-0.0411111 -0.0352454 0.177667 3
-0.0396438 -0.0353115 0.178 3
-0.0159792 0.0223784 0.177 3
-0.0169399 0.0237243 0.177 3
-0.0162674 0.0234359 0.177 3
-0.07194 -0.0404012 0.18 3
-0.070475 -0.0403451 0.17975 3
-0.0683675 -0.0403691 0.179857 3
-0.0660779 -0.0404012 0.18 3
-0.0647101 -0.0404012 0.18 3
-0.0613882 -0.0404012 0.18 3
-0.0600204 -0.0404012 0.18 3
-0.0570893 -0.0402057 0.18 3
-0.0565031 -0.0402057 0.18 3
-0.0723308 -0.039228 0.18 3
-0.0703764 -0.0391279 0.179286 3
-0.068237 -0.0393989 0.179 3
-0.0653222 -0.0393989 0.179 3
-0.0641563 -0.039399 0.179 3
-0.0620696 -0.0395562 0.179714 3
-0.0598536 -0.0393148 0.1795 3
-0.0577812 -0.0392467 0.179294 3
-0.0557435 -0.0392495 0.179714 3
-0.0537341 -0.0388961 0.179667 3
-0.0513044 -0.0384812 0.17925 3
-0.0493307 -0.0387301 0.1795 3
-0.0475217 -0.0384966 0.179714 3
-0.0453093 -0.0380268 0.18 3
-0.0430203 -0.0378592 0.18 3
-0.0467454 -0.0372989 0.179 3
-0.0451637 -0.0370009 0.179294 3
-0.0428161 -0.0370226 0.179417 3
-0.0411453 -0.0366838 0.179692 3
-0.0555261 -0.0157633 0.18 3
-0.0539629 -0.0157633 0.18 3
-0.0763615 -0.0426954 0.182 3
-0.0744207 -0.0427572 0.181545 3
-0.0722087 -0.0422375 0.181167 3
-0.0703685 -0.0424318 0.182 3
-0.0681951 -0.0424318 0.182 3
-0.066417 -0.0424318 0.182 3
-0.0632558 -0.0424318 0.182 3
-0.0620703 -0.0424318 0.182 3
-0.0600946 -0.0424318 0.182 3
-0.0763699 -0.0414379 0.1818 3
-0.0744255 -0.0408374 0.181 3
-0.0724707 -0.0412811 0.181 3
-0.0703748 -0.0414122 0.181 3
-0.0682134 -0.0414122 0.181 3
-0.0659754 -0.0414884 0.181333 3
-0.063977 -0.0411897 0.181556 3
-0.0620593 -0.0412201 0.181143 3
-0.0595101 -0.0412441 0.181125 3
-0.0578229 -0.0412116 0.181556 3
-0.0557759 -0.0407669 0.18145 3
-0.0541673 -0.0404547 0.182 3
-0.0514013 -0.0404547 0.182 3
-0.0494255 -0.0404547 0.182 3
-0.0472522 -0.0408501 0.182 3
-0.0458692 -0.0404547 0.182 3
-0.0745011 -0.0396425 0.181 3
-0.0532802 -0.0394459 0.181 3
-0.0519048 -0.0394459 0.181 3
-0.0471891 -0.0394459 0.181 3
-0.0452067 -0.0391676 0.181364 3
-0.0431288 -0.0390343 0.181476 3
-0.0408418 -0.0386005 0.181842 3
-0.0394678 -0.0383589 0.182 3
-0.0420804 -0.0376763 0.181 3
-0.0404079 -0.0371788 0.181231 3
-0.039448 -0.0371924 0.182 3
-0.06128 -0.0234515 0.182 3
-0.0608849 -0.0234515 0.182 3
-0.0619574 -0.0219546 0.182 3
-0.0607155 -0.0218416 0.182 3
-0.0618244 -0.0200119 0.18128 3
-0.0599922 -0.0199258 0.181636 3
-0.0580894 -0.019254 0.181909 3
-0.0555504 -0.0191019 0.182 3
-0.0539698 -0.0191019 0.182 3
-0.0611791 -0.0185644 0.181 3
-0.0596403 -0.0182001 0.181 3
-0.0577822 -0.0177594 0.181222 3
-0.0556773 -0.0176144 0.181357 3
-0.053476 -0.0176941 0.181296 3
-0.0516996 -0.0175213 0.18175 3
-0.057603 -0.0164408 0.181 3
-0.0556381 -0.0164408 0.181 3
-0.0533894 -0.0161786 0.181 3
-0.0521013 -0.0164408 0.181 3
-0.0769344 -0.0462961 0.184 3
-0.0806724 -0.0447256 0.184 3
-0.0786684 -0.0452824 0.183 3
-0.0768059 -0.0451755 0.183261 3
-0.0746551 -0.0447018 0.1838 3
-0.0697436 -0.0444972 0.184 3
-0.0683453 -0.0444972 0.184 3
-0.0805964 -0.0435644 0.184 3
-0.0785841 -0.0432166 0.183273 3
-0.0769798 -0.0437914 0.183 3
-0.0744899 -0.0438179 0.183 3
-0.0723412 -0.0435788 0.1835 3
-0.0702558 -0.0435195 0.18325 3
-0.0683712 -0.0434601 0.183 3
-0.0660837 -0.043364 0.1836 3
-0.0642567 -0.043255 0.183571 3
-0.0621492 -0.0435551 0.1834 3
-0.0597925 -0.0433801 0.1835 3
-0.0578723 -0.0431239 0.183444 3
-0.055595 -0.0426402 0.183647 3
-0.0536062 -0.0429086 0.184 3
-0.0516393 -0.0425528 0.184 3
-0.0494089 -0.0423597 0.1834 3
-0.0475191 -0.0424521 0.1838 3
-0.044975 -0.0424983 0.184 3
-0.0785324 -0.0418987 0.184 3
-0.0552596 -0.0415119 0.183 3
-0.053558 -0.0412023 0.183125 3
-0.051485 -0.0414722 0.183 3
-0.0494985 -0.0414722 0.183 3
-0.0451492 -0.0412137 0.183455 3
-0.0430372 -0.0411277 0.183636 3
-0.040973 -0.0406585 0.183706 3
-0.0389366 -0.0405953 0.183786 3
-0.0423466 -0.039683 0.183 3
-0.040956 -0.039683 0.183 3
-0.038773 -0.0391096 0.183238 3
-0.0374632 -0.0391779 0.1838 3
-0.0387708 -0.037695 0.183 3
-0.0599578 -0.021599 0.1834 3
-0.0569597 -0.0211108 0.184 3
-0.0555616 -0.0211108 0.184 3
-0.0537639 -0.0211108 0.184 3
-0.0596301 -0.0206552 0.183 3
-0.0575589 -0.0200557 0.1833 3
-0.0556251 -0.0202384 0.183333 3
-0.0534793 -0.0199957 0.1833 3
-0.0519822 -0.0195253 0.183857 3
-0.0513416 -0.0184318 0.1832 3
-0.0503682 -0.0185123 0.184 3
-0.0769629 -0.0465972 0.186 3
-0.0676747 -0.0465972 0.186 3
-0.0668671 -0.0465972 0.186 3
-0.0742809 -0.0455687 0.185571 3
-0.0723253 -0.045264 0.1855 3
-0.0704249 -0.0454539 0.185571 3
-0.0680296 -0.045532 0.1855 3
-0.0662841 -0.0451832 0.1855 3
-0.0639667 -0.0447873 0.1852 3
-0.0618885 -0.0447389 0.185 3
-0.0597854 -0.0448196 0.185333 3
-0.0575924 -0.0449756 0.185857 3
-0.0556013 -0.0449844 0.185308 3
-0.0533608 -0.0445998 0.185 3
-0.0517188 -0.044941 0.185625 3
-0.0821324 -0.0427478 0.185667 3
-0.0808294 -0.0427146 0.185375 3
-0.0572693 -0.0437341 0.185 3
-0.0556627 -0.0437341 0.185 3
-0.0530519 -0.0437341 0.185 3
-0.0514452 -0.0435331 0.185 3
-0.0496498 -0.0437214 0.1858 3
-0.0464244 -0.0427293 0.185 3
-0.0449849 -0.0433231 0.185571 3
-0.043066 -0.0431404 0.185571 3
-0.0408805 -0.0426823 0.185667 3
-0.0390329 -0.0425813 0.185667 3
-0.0375891 -0.0423541 0.186 3
-0.042207 -0.0417244 0.185 3
-0.041002 -0.0417244 0.185 3
-0.0386936 -0.0416301 0.18525 3
-0.0370285 -0.0409298 0.185444 3
-0.08403 -0.038313 0.186 3
-0.0836262 -0.038313 0.186 3
-0.0367846 -0.0397147 0.185 3
-0.08403 -0.0373027 0.186 3
-0.0836262 -0.0373027 0.186 3
-0.0849185 -0.0280485 0.186 3
-0.0836262 -0.0274019 0.186 3
-0.0799917 -0.0274019 0.186 3
-0.0795879 -0.0274019 0.186 3
-0.0847567 -0.0265272 0.185684 3
-0.0832192 -0.025871 0.185412 3
-0.0799917 -0.0269978 0.186 3
-0.0795879 -0.0269978 0.186 3
-0.0614153 -0.0237649 0.186 3
-0.0600203 -0.0236914 0.186 3
-0.0585885 -0.0233608 0.186 3
-0.0614153 -0.0229567 0.186 3
-0.0597146 -0.0223622 0.185474 3
-0.0579251 -0.0220145 0.185579 3
-0.0556875 -0.0220645 0.1855 3
-0.0534636 -0.0219269 0.185529 3
-0.0517817 -0.0215969 0.185889 3
-0.0528511 -0.0208236 0.185 3
-0.0511939 -0.0202453 0.185316 3
-0.0500623 -0.0197212 0.185333 3
-0.0679943 -0.0487322 0.188 3
-0.0762801 -0.0472747 0.1874 3
-0.0745299 -0.0473815 0.1875 3
-0.0723828 -0.0473222 0.187444 3
-0.0702612 -0.0473305 0.1873 3
-0.0683705 -0.047432 0.187167 3
-0.0662492 -0.0471911 0.187556 3
-0.0642443 -0.0466163 0.187182 3
-0.0620212 -0.0467298 0.187571 3
-0.0596478 -0.0470492 0.187762 3
-0.0577732 -0.0472537 0.187632 3
-0.0562644 -0.0468477 0.187 3
-0.0508732 -0.0463208 0.187333 3
-0.0497138 -0.0468357 0.188 3
-0.0656026 -0.0458321 0.187 3
-0.0641815 -0.0458321 0.187 3
-0.0619485 -0.0458321 0.187 3
-0.0597155 -0.0458321 0.187 3
-0.0580915 -0.0458321 0.187 3
-0.0509487 -0.0453176 0.187111 3
-0.0495541 -0.0451689 0.187619 3
-0.0472973 -0.044773 0.187667 3
-0.0449887 -0.0453392 0.187667 3
-0.0430381 -0.0450633 0.187556 3
-0.0410832 -0.0446709 0.187667 3
-0.0388096 -0.0444433 0.188 3
-0.0369729 -0.0444433 0.188 3
-0.0831285 -0.0424464 0.187 3
-0.0808387 -0.0422883 0.1875 3
-0.0485504 -0.0438006 0.187 3
-0.0471293 -0.0438006 0.187 3
-0.0424603 -0.0438006 0.187 3
-0.0409076 -0.0438787 0.187333 3
-0.0386277 -0.0436599 0.187556 3
-0.0367877 -0.0430792 0.187462 3
-0.0355442 -0.0430137 0.188 3
-0.0830412 -0.0410395 0.187519 3
-0.0808387 -0.0418809 0.1875 3
-0.0362269 -0.0410602 0.1871 3
-0.0350941 -0.0415352 0.187778 3
-0.0832376 -0.0388043 0.1874 3
-0.0842788 -0.0364875 0.187 3
-0.083328 -0.0369678 0.187375 3
-0.0843331 -0.0345876 0.187222 3
-0.0836283 -0.0351213 0.187667 3
-0.0845902 -0.0324195 0.187167 3
-0.083709 -0.0323938 0.188 3
-0.0845713 -0.0304257 0.1872 3
-0.083709 -0.0305558 0.188 3
-0.0843664 -0.0287411 0.187231 3
-0.0830789 -0.0280602 0.1875 3
-0.0815227 -0.0276475 0.187667 3
-0.0826363 -0.0268106 0.187 3
-0.0815695 -0.0269573 0.1874 3
-0.057822 -0.0256084 0.187667 3
-0.0537081 -0.0252458 0.188 3
-0.0593095 -0.0245021 0.187 3
-0.0577345 -0.0242638 0.18748 3
-0.0555817 -0.0239786 0.187667 3
-0.0536805 -0.0240603 0.187667 3
-0.0517842 -0.0240844 0.187444 3
-0.0576855 -0.0230801 0.187 3
-0.0556554 -0.0230801 0.187 3
-0.0534732 -0.0229277 0.187 3
-0.0513247 -0.022413 0.1872 3
-0.0500601 -0.0218329 0.187333 3
-0.0497684 -0.0204392 0.187 3
-0.076143 -0.0548234 0.19 3
-0.0753179 -0.0548234 0.19 3
-0.0806905 -0.0530371 0.191 3
-0.0788653 -0.0535688 0.1898 3
-0.0765858 -0.0536395 0.189571 3
-0.075453 -0.0537259 0.190714 3
-0.0805209 -0.0515281 0.191 3
-0.0788063 -0.0516382 0.190227 3
-0.0766855 -0.0516452 0.19 3
-0.0752305 -0.0511005 0.191 3
-0.070116 -0.0505472 0.191 3
-0.0688719 -0.0505472 0.191 3
-0.0637851 -0.0511005 0.191 3
-0.0618829 -0.0510603 0.190333 3
-0.080244 -0.0495203 0.189889 3
-0.0788234 -0.0494058 0.1898 3
-0.0767852 -0.0494981 0.1896 3
-0.074723 -0.0494462 0.189789 3
-0.0726257 -0.0495445 0.190333 3
-0.0705647 -0.0494273 0.1902 3
-0.0680766 -0.0496284 0.190429 3
-0.0660114 -0.0491603 0.190353 3
-0.0639865 -0.0493369 0.190471 3
-0.0619347 -0.0494432 0.189727 3
-0.0599849 -0.0492664 0.18919 3
-0.0585076 -0.0489913 0.189 3
-0.0466075 -0.0483754 0.189 3
-0.0448558 -0.0486902 0.189625 3
-0.0433313 -0.0489874 0.190769 3
-0.0800508 -0.0479648 0.189 3
-0.0788198 -0.0479648 0.189 3
-0.0773836 -0.0479648 0.189 3
-0.0710232 -0.0479648 0.189 3
-0.0658959 -0.0481171 0.1896 3
-0.0639152 -0.047832 0.189556 3
-0.0619955 -0.0477595 0.189 3
-0.0603542 -0.0479648 0.189 3
-0.0488644 -0.0469382 0.189 3
-0.0472127 -0.0470771 0.189182 3
-0.0451406 -0.0473839 0.189174 3
-0.0431013 -0.0473076 0.190048 3
-0.0411387 -0.0470187 0.1906 3
-0.0390143 -0.046605 0.191 3
-0.0488644 -0.0459116 0.189 3
-0.047223 -0.0459116 0.189 3
-0.045992 -0.0459116 0.189 3
-0.0427092 -0.0459116 0.189 3
-0.0408903 -0.0457458 0.189444 3
-0.0390982 -0.0453915 0.1894 3
-0.0366015 -0.0451503 0.18925 3
-0.0346375 -0.0452472 0.190364 3
-0.0324875 -0.0451643 0.190714 3
-0.0311352 -0.0447376 0.191 3
-0.0804707 -0.0421581 0.189667 3
-0.0795418 -0.0422239 0.1895 3
-0.0344643 -0.0431287 0.189087 3
-0.0325684 -0.0435358 0.189947 3
-0.0307205 -0.0437001 0.191 3
-0.0823954 -0.0406021 0.1895 3
-0.0810631 -0.0409786 0.190071 3
-0.0794431 -0.0416137 0.19 3
-0.0827581 -0.038898 0.190407 3
-0.0815718 -0.0390835 0.191 3
-0.0830046 -0.0367951 0.19025 3
-0.0817273 -0.0374755 0.191 3
-0.0842733 -0.03399 0.1895 3
-0.0835459 -0.0347801 0.19 3
-0.0842446 -0.0330232 0.189667 3
-0.0836319 -0.0325666 0.1905 3
-0.0831406 -0.0303822 0.190067 3
-0.0817273 -0.0300059 0.191 3
-0.0827158 -0.0289109 0.189533 3
-0.0811141 -0.0288561 0.190462 3
-0.0792301 -0.0282545 0.189 3
-0.0572765 -0.025996 0.189 3
-0.0558067 -0.0261284 0.189154 3
-0.0556352 -0.0249695 0.189 3
-0.0512406 -0.0241414 0.1896 3
-0.0494977 -0.0238036 0.190727 3
-0.050773 -0.0230376 0.19 3
-0.0493744 -0.0221407 0.189385 3
-0.0480917 -0.0224184 0.19 3
-0.075054 -0.0553356 0.1925 3
-0.0750788 -0.0535767 0.192444 3
-0.0685455 -0.0529635 0.193 3
-0.0668694 -0.0529635 0.193 3
-0.0745408 -0.051721 0.1922 3
-0.0725469 -0.0514888 0.1925 3
-0.0704312 -0.0514958 0.193 3
-0.0681648 -0.0516821 0.192813 3
-0.0662489 -0.0514643 0.192235 3
-0.0648554 -0.0518548 0.192 3
-0.042356 -0.0508668 0.193 3
-0.041937 -0.0508668 0.193 3
-0.0713168 -0.0503947 0.192 3
-0.0679819 -0.0503947 0.192 3
-0.0663145 -0.0503947 0.192 3
-0.0425375 -0.0494412 0.192273 3
-0.0412589 -0.0489733 0.192846 3
-0.0402607 -0.0476833 0.192 3
-0.0388311 -0.0477512 0.192833 3
-0.036813 -0.0473903 0.1925 3
-0.0347232 -0.0473903 0.1925 3
-0.0325898 -0.0473347 0.192476 3
-0.0308833 -0.046887 0.192615 3
-0.031715 -0.0458061 0.192 3
-0.0303356 -0.0452452 0.192118 3
-0.0290054 -0.0447632 0.192 3
-0.0827845 -0.0363437 0.192333 3
-0.082995 -0.034633 0.1925 3
-0.0828414 -0.0324622 0.192364 3
-0.0822971 -0.0310511 0.192333 3
-0.0811943 -0.0304123 0.19275 3
-0.0794456 -0.0295373 0.192 3
-0.0802794 -0.0291201 0.192 3
-0.0794456 -0.0291201 0.192 3
-0.0530414 -0.0261269 0.193 3
-0.0515159 -0.0255744 0.192 3
-0.0509949 -0.0244273 0.192 3
-0.0500569 -0.0239058 0.192 3
-0.0749127 -0.055395 0.194667 3
-0.0741537 -0.0537992 0.194286 3
-0.0724754 -0.0533436 0.194714 3
-0.0703385 -0.0536359 0.194609 3
-0.0683869 -0.0536118 0.194333 3
-0.0718491 -0.0521841 0.194 3
-0.0703749 -0.0521841 0.194 3
-0.0414713 -0.0510111 0.19475 3
-0.0407847 -0.0497683 0.194167 3
-0.0388846 -0.049573 0.1945 3
-0.0369083 -0.0494355 0.194375 3
-0.0345726 -0.049023 0.194 3
-0.0325749 -0.0493372 0.194286 3
-0.0305989 -0.0489545 0.194692 3
-0.0288236 -0.0486401 0.195 3
-0.0300483 -0.0474695 0.194077 3
-0.0285915 -0.0473405 0.194789 3
-0.0295182 -0.0458617 0.194 3
-0.0287736 -0.0460193 0.194667 3
-0.0824845 -0.036062 0.194 3
-0.0817474 -0.0357459 0.194 3
-0.0824147 -0.0345761 0.194333 3
-0.081592 -0.0344183 0.194727 3
-0.082309 -0.0327252 0.194 3
-0.081429 -0.0324255 0.194625 3
-0.0807941 -0.030912 0.19475 3
-0.0260716 -0.0274568 0.195 3
-0.0243076 -0.0274568 0.195 3
-0.0228963 -0.0274568 0.195 3
-0.02586 -0.0267154 0.195 3
-0.0240292 -0.0262028 0.194789 3
-0.0221343 -0.0260164 0.195 3
-0.0207795 -0.0255504 0.195 3
-0.073174 -0.0568432 0.197 3
-0.0740465 -0.055834 0.196 3
-0.0724117 -0.0557154 0.196044 3
-0.0707812 -0.055703 0.196 3
-0.0736537 -0.0544255 0.196 3
-0.0725898 -0.0544255 0.196 3
-0.0413091 -0.0527771 0.197 3
-0.0406709 -0.0516352 0.1964 3
-0.0388248 -0.0515328 0.196333 3
-0.036748 -0.0513461 0.196786 3
-0.0346208 -0.051193 0.196667 3
-0.0324046 -0.0512854 0.196769 3
-0.0302993 -0.0511328 0.196824 3
-0.0282638 -0.050637 0.197 3
-0.0267668 -0.050637 0.197 3
-0.0362057 -0.0501671 0.196 3
-0.0345035 -0.0501671 0.196 3
-0.0319502 -0.0501671 0.196 3
-0.0303331 -0.0499116 0.196 3
-0.0283635 -0.049285 0.196 3
-0.0269228 -0.0492483 0.196583 3
-0.0278366 -0.0468313 0.196 3
-0.0269342 -0.0473467 0.196667 3
-0.0282465 -0.045259 0.19688 3
-0.0262603 -0.0450842 0.197 3
-0.024842 -0.0448589 0.197 3
-0.0295469 -0.0440029 0.197 3
-0.0282638 -0.0440029 0.197 3
-0.0260802 -0.0433496 0.197 3
-0.024842 -0.0435749 0.197 3
-0.0815145 -0.0380107 0.197 3
-0.0821646 -0.0365402 0.196 3
-0.0812761 -0.0366077 0.196667 3
-0.0821646 -0.0356886 0.196 3
-0.0809208 -0.0347583 0.196476 3
-0.0807386 -0.032663 0.196444 3
-0.0795898 -0.0318045 0.197 3
-0.0802497 -0.0310043 0.196 3
-0.0793986 -0.0307914 0.196 3
-0.0302802 -0.0301842 0.197 3
-0.0285928 -0.0299773 0.197 3
-0.0261252 -0.0294505 0.197 3
-0.0244143 -0.0294505 0.197 3
-0.0304024 -0.0290225 0.197 3
-0.0284045 -0.0284421 0.196313 3
-0.0263798 -0.0284421 0.196313 3
-0.0241938 -0.0283677 0.196647 3
-0.0220246 -0.0281195 0.196667 3
-0.020859 -0.0282382 0.19675 3
-0.0276948 -0.0271718 0.196 3
-0.0272692 -0.0271718 0.196 3
-0.0240776 -0.0271718 0.196 3
-0.0218222 -0.0270015 0.196 3
-0.020886 -0.0267459 0.196 3
-0.0382721 -0.0569879 0.199 3
-0.0367598 -0.0574203 0.199 3
-0.0352476 -0.0574203 0.199 3
-0.0402163 -0.0550423 0.199 3
-0.0387689 -0.0555396 0.199 3
-0.0367598 -0.0556909 0.199 3
-0.0352476 -0.0556909 0.199 3
-0.0404441 -0.0534752 0.198 3
-0.0387246 -0.0534752 0.198 3
-0.0366114 -0.0535296 0.1982 3
-0.0346567 -0.053686 0.198778 3
-0.0325456 -0.0530332 0.1986 3
-0.0309271 -0.0528805 0.199 3
-0.0257716 -0.0528637 0.198667 3
-0.0249681 -0.0528299 0.198 3
-0.0365751 -0.0523997 0.198 3
-0.0346406 -0.0523997 0.198 3
-0.032921 -0.0523997 0.198 3
-0.0294148 -0.0520158 0.199 3
-0.0283347 -0.0520158 0.199 3
-0.0260413 -0.051463 0.198167 3
-0.0245884 -0.0512374 0.198187 3
-0.0259196 -0.0492964 0.1985 3
-0.0247407 -0.0494413 0.199 3
-0.0258674 -0.0471782 0.198308 3
-0.0247702 -0.0472599 0.199 3
-0.0258707 -0.0460243 0.198333 3
-0.0244775 -0.0447888 0.1982 3
-0.0281445 -0.0430313 0.198 3
-0.026336 -0.0424273 0.198 3
-0.0243377 -0.0427349 0.198 3
-0.0823421 -0.040126 0.199 3
-0.0278746 -0.0409487 0.1988 3
-0.0263223 -0.0408828 0.19848 3
-0.0241273 -0.0408172 0.19816 3
-0.0823421 -0.0392613 0.199 3
-0.081478 -0.0381804 0.199 3
-0.0261871 -0.0390833 0.199 3
-0.0243536 -0.0389525 0.199 3
-0.0805793 -0.0368192 0.198385 3
-0.0795337 -0.0358025 0.199 3
-0.0801277 -0.0346766 0.198333 3
-0.0795337 -0.0345054 0.199 3
-0.0802087 -0.0330414 0.198 3
-0.0790182 -0.0324376 0.19825 3
-0.0296969 -0.0323962 0.198 3
-0.0290169 -0.0322618 0.1985 3
-0.0235821 -0.0321274 0.199 3
-0.0222858 -0.0325598 0.199 3
-0.0280958 -0.0308712 0.198333 3
-0.0263241 -0.030754 0.1985 3
-0.0241051 -0.0306491 0.198454 3
-0.0220726 -0.0304589 0.198348 3
-0.0206693 -0.0300302 0.198 3
-0.0234636 -0.0291698 0.198 3
-0.0219589 -0.0291698 0.198 3
-0.0206693 -0.0291698 0.198 3
-0.0342063 -0.0576353 0.2005 3
-0.0342394 -0.0558139 0.200267 3
-0.0332758 -0.0550372 0.2004 3
-0.032465 -0.0541504 0.2005 3
-0.0300462 -0.0532349 0.200333 3
-0.0283461 -0.0533057 0.2006 3
-0.0265665 -0.053526 0.200333 3
-0.024569 -0.048801 0.2 3
-0.024569 -0.0471353 0.2 3
-0.024569 -0.0457593 0.2 3
-0.0821045 -0.0392414 0.2 3
-0.0810142 -0.0387925 0.2006 3
-0.0794602 -0.0379091 0.201 3
-0.0263059 -0.038155 0.2 3
-0.0235933 -0.0382796 0.2002 3
-0.0225582 -0.0387191 0.200412 3
-0.0800813 -0.0370597 0.200273 3
-0.0793889 -0.0366144 0.2006 3
-0.025501 -0.0371603 0.2005 3
-0.0240007 -0.0366774 0.200448 3
-0.0222916 -0.036599 0.201 3
-0.0787922 -0.0345439 0.200364 3
-0.0358201 -0.0341972 0.201 3
-0.0353837 -0.0341972 0.201 3
-0.0255646 -0.0341972 0.201 3
-0.0241962 -0.0345477 0.2005 3
-0.0223979 -0.0344615 0.2 3
-0.0781964 -0.033158 0.2 3
-0.077328 -0.033158 0.2 3
-0.0382203 -0.0333237 0.201 3
-0.0365787 -0.0330281 0.200714 3
-0.0356419 -0.0322888 0.2 3
-0.0281979 -0.0327855 0.2 3
-0.026079 -0.0327847 0.200667 3
-0.0242795 -0.0328683 0.2 3
-0.0324301 -0.0590155 0.203 3
-0.0327889 -0.0577697 0.2025 3
-0.0325319 -0.0558141 0.202267 3
-0.0303968 -0.0553967 0.202667 3
-0.0283233 -0.0547749 0.202 3
-0.0270076 -0.0547749 0.202 3
-0.0316126 -0.0543361 0.202 3
-0.0302968 -0.0543361 0.202 3
-0.0283233 -0.0543361 0.202 3
-0.0270076 -0.0543361 0.202 3
-0.0822342 -0.0426968 0.203 3
-0.0798101 -0.0422557 0.203 3
-0.0793694 -0.0422557 0.203 3
-0.0826235 -0.0410187 0.202333 3
-0.0808033 -0.0410766 0.20284 3
-0.0789286 -0.0409326 0.203 3
-0.0803243 -0.0393618 0.202077 3
-0.0789199 -0.0387119 0.202647 3
-0.027582 -0.0380658 0.203 3
-0.0267005 -0.0380658 0.203 3
-0.0789802 -0.036764 0.202444 3
-0.0408043 -0.0360811 0.203 3
-0.0390413 -0.0360811 0.203 3
-0.0295653 -0.0363016 0.203 3
-0.0291246 -0.0363016 0.203 3
-0.0262766 -0.0364153 0.202 3
-0.0782294 -0.0350091 0.202333 3
-0.0406444 -0.0348813 0.20275 3
-0.0389173 -0.0348177 0.2027 3
-0.0368563 -0.0347098 0.2025 3
-0.035295 -0.0347579 0.203 3
-0.0294925 -0.0348934 0.2025 3
-0.0282465 -0.0348864 0.202526 3
-0.0264667 -0.0347915 0.202 3
-0.0276654 -0.0332701 0.202 3
-0.0272268 -0.0332701 0.202 3
-0.0319256 -0.0590846 0.204 3
-0.0304985 -0.059326 0.204833 3
-0.0289665 -0.0593743 0.205 3
-0.0319256 -0.057755 0.204 3
-0.0305132 -0.0579569 0.204609 3
-0.0284057 -0.0575209 0.204857 3
-0.0265927 -0.0572215 0.205 3
-0.0319256 -0.0566469 0.204 3
-0.0305968 -0.0566469 0.204 3
-0.028493 -0.0560929 0.204 3
-0.0262625 -0.0557323 0.204167 3
-0.0819749 -0.0429071 0.204 3
-0.0810891 -0.0429071 0.204 3
-0.0782101 -0.0420207 0.204 3
-0.0782101 -0.0409126 0.204 3
-0.0775458 -0.040691 0.204 3
-0.0782102 -0.0389181 0.204 3
-0.0772529 -0.0388408 0.204308 3
-0.0452121 -0.0382181 0.205 3
-0.0429867 -0.0382181 0.205 3
-0.0409838 -0.0382181 0.205 3
-0.0396485 -0.0382181 0.205 3
-0.0781409 -0.0367737 0.2044 3
-0.0449016 -0.0370247 0.2048 3
-0.0430497 -0.036741 0.204417 3
-0.040997 -0.0372502 0.204385 3
-0.0388089 -0.0369103 0.204333 3
-0.0369127 -0.0363422 0.204286 3
-0.0351408 -0.0361553 0.204667 3
-0.0277178 -0.0369236 0.204 3
-0.0782428 -0.035488 0.204667 3
-0.0348045 -0.0353724 0.204 3
-0.0279896 -0.0594401 0.206 3
-0.0266479 -0.0594401 0.206 3
-0.0279896 -0.058545 0.206 3
-0.0266479 -0.0583212 0.206 3
-0.0445296 -0.0421889 0.207 3
-0.0438555 -0.0421889 0.207 3
-0.044825 -0.0408314 0.2065 3
-0.0435987 -0.0406469 0.207 3
-0.044693 -0.0389554 0.206 3
-0.0430966 -0.0391897 0.2066 3
-0.0409342 -0.0392656 0.207 3
-0.0389363 -0.0385423 0.206333 3
-0.0371141 -0.0383661 0.207 3
-0.0290244 -0.0381412 0.207 3
-0.0362639 -0.0372856 0.206 3
-0.0351458 -0.0372856 0.206 3
-0.0290244 -0.0372417 0.207 3
-0.0427641 -0.0428326 0.208571 3
-0.0415566 -0.0423694 0.209 3
-0.042648 -0.0411015 0.208 3
-0.0408893 -0.0408705 0.208556 3
-0.0388339 -0.0405531 0.209 3
-0.0376995 -0.0405532 0.209 3
-0.0283972 -0.0405532 0.209 3
-0.0384223 -0.0394552 0.208 3
-0.0366868 -0.0391696 0.2084 3
-0.0348095 -0.0385514 0.208 3
-0.0295317 -0.0391909 0.209 3
-0.0287376 -0.0395314 0.209 3
-0.0384708 -0.0466624 0.212 3
-0.0375502 -0.0466624 0.212 3
-0.0409833 -0.0446205 0.210333 3
-0.0389965 -0.0450594 0.211455 3
-0.0373968 -0.0448968 0.212 3
-0.0409244 -0.0431684 0.210125 3
-0.039052 -0.0431573 0.211 3
-0.0368341 -0.0428566 0.211579 3
-0.0350187 -0.042517 0.212 3
-0.032257 -0.0427473 0.212 3
-0.0307699 -0.0426813 0.2119 3
-0.0293561 -0.0420873 0.211 3
-0.0401596 -0.0416597 0.21 3
-0.0387918 -0.0416596 0.21 3
-0.036607 -0.041006 0.210706 3
-0.034706 -0.0410969 0.211588 3
-0.0326252 -0.0415497 0.212 3
-0.0303542 -0.0410103 0.211077 3
-0.0293561 -0.0409412 0.211 3
-0.0362841 -0.0396065 0.21 3
-0.0351993 -0.0396694 0.210333 3
-0.0303568 -0.0389221 0.21 3
-0.0365712 -0.0473453 0.213 3
-0.0347853 -0.0474342 0.2134 3
-0.0332582 -0.0471027 0.214 3
-0.0365357 -0.0454052 0.213 3
-0.0347214 -0.0452628 0.213 3
-0.0326404 -0.0452628 0.213 3
-0.0311058 -0.0450104 0.213 3
-0.0361088 -0.0438745 0.213 3
-0.0344748 -0.0432883 0.213 3
-0.0329872 -0.043296 0.213 3
-0.0310218 -0.0438745 0.213 3
