-0.0891292 -0.0107335 0.144 3
-0.0906143 -0.00924744 0.144 3
-0.0892856 -0.00948209 0.144 3
-0.0874578 -0.00934972 0.144 3
-0.0849085 -0.00885637 0.144 3
-0.0828763 -0.00885637 0.144 3
-0.0906925 -0.00838708 0.144 3
-0.0892855 -0.00838708 0.144 3
-0.0869407 -0.00838708 0.144 3
-0.0849661 -0.00809069 0.144 3
-0.0835016 -0.00823065 0.144 3
-0.0875311 -0.0130229 0.145909 3
-0.0889297 -0.0115012 0.145 3
-0.0873172 -0.0115666 0.145462 3
-0.0849942 -0.0114922 0.145667 3
-0.0829343 -0.0114861 0.145588 3
-0.0816062 -0.0114792 0.1455 3
-0.0886463 -0.00860284 0.145 3
-0.0869935 -0.00981047 0.145 3
-0.0850259 -0.00986297 0.145 3
-0.0829796 -0.00986297 0.145 3
-0.0815629 -0.00986297 0.145 3
-0.0906926 -0.00797277 0.145 3
-0.089276 -0.00797277 0.145 3
-0.0762106 -0.0175807 0.149 3
-0.0747899 -0.0177136 0.14875 3
-0.0865833 -0.0151732 0.148667 3
-0.0852867 -0.0151348 0.149 3
-0.0830042 -0.0149909 0.149 3
-0.0808367 -0.0150233 0.149 3
-0.0787561 -0.015255 0.149 3
-0.076814 -0.0158536 0.1486 3
-0.0748637 -0.0162408 0.148 3
-0.0867037 -0.0136957 0.14725 3
-0.0851316 -0.0135698 0.147611 3
-0.082932 -0.0135459 0.14735 3
-0.0811308 -0.0136475 0.147385 3
-0.0653734 -0.0111062 0.149 3
-0.0640471 -0.0112249 0.149 3
-0.0622131 -0.0109942 0.149 3
-0.0637328 -0.0100194 0.149 3
-0.0625913 -0.0101027 0.149 3
-0.0927093 -0.00754526 0.149 3
-0.0908732 -0.0074605 0.147333 3
-0.0927093 0.00621303 0.149 3
-0.092224 0.00621303 0.149 3
-0.0928736 0.00742015 0.148875 3
-0.0915837 0.00772613 0.148762 3
-0.0899595 0.00815537 0.149 3
-0.0927297 0.00842219 0.148 3
-0.0910285 0.00926798 0.148204 3
-0.0898301 0.00957975 0.149 3
-0.0912535 0.0109071 0.149 3
-0.089636 0.0109071 0.149 3
-0.0782171 -0.0189649 0.151 3
-0.0742069 -0.0193654 0.150636 3
-0.0732995 -0.019457 0.151 3
-0.0850814 -0.0172428 0.150545 3
-0.0830938 -0.0170375 0.151 3
-0.0808399 -0.0169965 0.151 3
-0.0784159 -0.0176522 0.150857 3
-0.0774438 -0.0177245 0.150667 3
-0.0740976 -0.0183674 0.150059 3
-0.0864923 -0.0163951 0.15 3
-0.0850268 -0.0160692 0.15 3
-0.0828799 -0.016147 0.150286 3
-0.0808942 -0.0161436 0.150409 3
-0.0789644 -0.0163115 0.150182 3
-0.0775363 -0.0165581 0.15 3
-0.0569073 -0.0147 0.151 3
-0.0661777 -0.0133706 0.150595 3
-0.0639824 -0.0134939 0.1506 3
-0.0620303 -0.013438 0.150897 3
-0.0597387 -0.0132088 0.151 3
-0.0576831 -0.0134719 0.150886 3
-0.0559517 -0.0131497 0.1509 3
-0.0660509 -0.0120607 0.15 3
-0.0637604 -0.0121259 0.15 3
-0.0617761 -0.0118443 0.150143 3
-0.0598013 -0.011686 0.1502 3
-0.0577774 -0.0115881 0.150032 3
-0.055729 -0.0116059 0.150318 3
-0.0541206 -0.0115834 0.151 3
-0.0913309 -0.00846671 0.151 3
-0.0571818 -0.010366 0.15 3
-0.0562048 -0.010366 0.15 3
-0.0931148 -0.00698074 0.151 3
-0.0915885 -0.00749812 0.151 3
-0.0928062 -0.00617022 0.151 3
-0.0921505 -0.00617022 0.151 3
-0.0928496 0.00537112 0.150938 3
-0.0916241 0.00606609 0.150923 3
-0.0891999 0.00629642 0.151 3
-0.0878886 0.00629642 0.151 3
-0.0925076 0.00683601 0.15025 3
-0.0912396 0.00710515 0.150414 3
-0.0892057 0.00739907 0.150512 3
-0.0874035 0.00772894 0.150167 3
-0.0890292 0.00942794 0.15 3
-0.087249 0.00936992 0.15 3
-0.0857596 0.0098396 0.15 3
-0.0911506 0.011995 0.150091 3
-0.0893559 0.0114993 0.150714 3
-0.091167 0.0130219 0.151 3
-0.0901835 0.0130219 0.151 3
-0.0827555 -0.0196991 0.152875 3
-0.0810381 -0.0198709 0.15292 3
-0.0793952 -0.0190905 0.152 3
-0.0741043 -0.0203796 0.153 3
-0.0734399 -0.0203796 0.153 3
-0.0843218 -0.0180055 0.152 3
-0.0830008 -0.018141 0.152161 3
-0.0808786 -0.018071 0.152091 3
-0.0793952 -0.0184301 0.152 3
-0.0661318 -0.0170554 0.153 3
-0.0636404 -0.0170554 0.153 3
-0.0661995 -0.015775 0.152706 3
-0.0640264 -0.0156221 0.1523 3
-0.0619521 -0.0156785 0.152526 3
-0.0600195 -0.0154114 0.152923 3
-0.05792 -0.0154516 0.152333 3
-0.0557878 -0.014984 0.1525 3
-0.0545053 -0.0148947 0.153 3
-0.0513495 -0.0148947 0.153 3
-0.0498547 -0.0148947 0.153 3
-0.0660296 -0.0144671 0.152 3
-0.0615508 -0.0143256 0.152 3
-0.0601718 -0.0142195 0.152 3
-0.0579772 -0.0144671 0.152 3
-0.0554024 -0.0139371 0.152308 3
-0.0536182 -0.0135783 0.152454 3
-0.051541 -0.0137393 0.152529 3
-0.0493896 -0.0137313 0.153 3
-0.0479447 -0.0138975 0.153 3
-0.0548091 -0.0124857 0.152 3
-0.053654 -0.0122875 0.152 3
-0.0520039 -0.0124857 0.152 3
-0.0491903 -0.0125678 0.153 3
-0.0909457 -0.00852278 0.152 3
-0.0924308 -0.00654133 0.152 3
-0.0912466 -0.00724067 0.152 3
-0.0927715 -0.00553267 0.152364 3
-0.0917677 -0.00555471 0.152571 3
-0.093205 0.0035543 0.153 3
-0.091378 0.00388671 0.153 3
-0.0900492 0.00388671 0.153 3
-0.0927608 0.00485203 0.152 3
-0.0912499 0.00508582 0.152263 3
-0.0892861 0.00519972 0.15255 3
-0.0879185 0.00564678 0.152667 3
-0.0879756 0.00650324 0.152 3
-0.0911369 0.0140643 0.152478 3
-0.0911288 0.0155628 0.153 3
-0.04155 0.0215047 0.153 3
-0.037896 0.0419482 0.153 3
-0.0375638 0.0419482 0.153 3
-0.0822788 -0.021182 0.154 3
-0.0816101 -0.021182 0.154 3
-0.0759142 -0.0213195 0.155 3
-0.0759142 -0.020646 0.155 3
-0.0680059 -0.019299 0.155 3
-0.0664915 -0.019299 0.155 3
-0.0602657 -0.019299 0.155 3
-0.0673999 -0.0185053 0.154 3
-0.0660015 -0.0180334 0.15425 3
-0.0640904 -0.0180788 0.154429 3
-0.0619454 -0.0179245 0.154476 3
-0.0600746 -0.0178079 0.154571 3
-0.0505149 -0.0171669 0.154 3
-0.0494609 -0.0170966 0.1545 3
-0.0481507 -0.01711 0.155 3
-0.0612143 -0.0164977 0.154 3
-0.0600441 -0.0164977 0.154 3
-0.0551959 -0.0156613 0.154 3
-0.0534608 -0.0157788 0.154 3
-0.0513269 -0.0159481 0.154 3
-0.0492988 -0.0159432 0.15427 3
-0.0473737 -0.0157535 0.154697 3
-0.045795 -0.0159314 0.155 3
-0.0536913 -0.0146575 0.154 3
-0.0490103 -0.0146575 0.154 3
-0.0473385 -0.0146575 0.154 3
-0.0934137 0.0015955 0.155 3
-0.0913946 0.00174857 0.155 3
-0.0894806 0.00176962 0.155 3
-0.0881976 0.00208533 0.155 3
-0.0931649 0.00274775 0.154429 3
-0.0912555 0.00299811 0.154207 3
-0.0891735 0.00324554 0.154167 3
-0.0878322 0.0033204 0.154091 3
-0.0884645 0.00458128 0.154 3
-0.0877957 0.00458128 0.154 3
-0.0898496 0.0110554 0.155 3
-0.0907632 0.0158913 0.154167 3
-0.0900087 0.0155061 0.1545 3
-0.0909173 0.0177351 0.154667 3
-0.0900485 0.0177447 0.155 3
-0.0907215 0.0190917 0.155 3
-0.0412142 0.0225507 0.154143 3
-0.0409165 0.0241543 0.154914 3
-0.0394268 0.0242079 0.155 3
-0.040723 0.0256105 0.155 3
-0.0397375 0.0256586 0.155 3
-0.0386452 0.0418878 0.154 3
-0.0386452 0.042557 0.154 3
-0.076212 -0.0231296 0.157 3
-0.076066 -0.0220576 0.157 3
-0.0744671 -0.0216027 0.157 3
-0.0724625 -0.0217652 0.157 3
-0.0705468 -0.0218061 0.157 3
-0.0683065 -0.0215552 0.157 3
-0.0664663 -0.021269 0.157 3
-0.0639407 -0.0210829 0.157 3
-0.0624068 -0.0210829 0.157 3
-0.0743373 -0.0207418 0.157 3
-0.0724625 -0.0207418 0.157 3
-0.0700704 -0.0204102 0.1562 3
-0.068245 -0.0204523 0.15604 3
-0.0660164 -0.0201423 0.156448 3
-0.063936 -0.0199217 0.156267 3
-0.061961 -0.0198903 0.156259 3
-0.0484311 -0.0190363 0.157 3
-0.0477494 -0.0190363 0.157 3
-0.0504935 -0.0178983 0.156 3
-0.0494092 -0.0180128 0.156786 3
-0.0473843 -0.0176593 0.1565 3
-0.045319 -0.0173686 0.156636 3
-0.0431476 -0.0171603 0.157 3
-0.0417842 -0.0171602 0.157 3
-0.0450743 -0.016373 0.156 3
-0.0926178 -0.000785738 0.1565 3
-0.0914451 -0.000671562 0.156333 3
-0.0901214 -0.000443211 0.156 3
-0.0930004 0.000573589 0.156 3
-0.0913068 0.000573589 0.156 3
-0.0898674 0.000743056 0.156 3
-0.0906295 0.0120973 0.156 3
-0.0893395 0.0115826 0.156588 3
-0.0891652 0.0126865 0.157 3
-0.0906295 0.0165034 0.156 3
-0.089672 0.016206 0.1564 3
-0.0897867 0.0179279 0.1566 3
-0.0907988 0.0198928 0.156 3
-0.0895303 0.0201236 0.156684 3
-0.0879721 0.0207025 0.157 3
-0.0363958 0.0205582 0.157 3
-0.0905287 0.0213847 0.157 3
-0.0896196 0.0216122 0.157 3
-0.0365006 0.0217259 0.157 3
-0.0386912 0.0244623 0.156444 3
-0.042026 0.026502 0.156 3
-0.0409252 0.0267562 0.156 3
-0.0389851 0.026048 0.156533 3
-0.0421607 0.0277775 0.1565 3
-0.0407929 0.0280874 0.156769 3
-0.0393128 0.0276952 0.157 3
-0.0400798 0.0396339 0.157 3
-0.0389213 0.0393249 0.156 3
-0.0400583 0.0404637 0.15675 3
-0.0387225 0.0409022 0.1562 3
-0.0375554 0.0411001 0.15625 3
-0.0386141 0.0426324 0.1565 3
-0.0370378 0.042548 0.156647 3
-0.0344128 0.0454753 0.157 3
-0.0330919 0.0461149 0.157 3
-0.0345406 0.0468397 0.157 3
-0.0332283 0.0466607 0.157 3
-0.0764862 -0.0244157 0.1587 3
-0.0744794 -0.0238517 0.158393 3
-0.0726092 -0.0237144 0.158625 3
-0.0703177 -0.0235043 0.158462 3
-0.0681999 -0.0235068 0.158583 3
-0.0661361 -0.0234242 0.159 3
-0.0642374 -0.0234242 0.159 3
-0.0760114 -0.0229336 0.158 3
-0.0748353 -0.0226394 0.158 3
-0.072581 -0.0229336 0.158 3
-0.0700346 -0.022696 0.158 3
-0.068103 -0.0226237 0.158105 3
-0.0660275 -0.0222939 0.15825 3
-0.0640698 -0.0223071 0.158586 3
-0.0621363 -0.0219409 0.158696 3
-0.0617752 -0.020874 0.158 3
-0.0488059 -0.0194773 0.1585 3
-0.0471 -0.0199207 0.158833 3
-0.0451846 -0.0194589 0.158857 3
-0.0430068 -0.0194515 0.159 3
-0.0409356 -0.0196243 0.159 3
-0.0504548 -0.0181277 0.158 3
-0.0492885 -0.0185397 0.158 3
-0.0468528 -0.0186426 0.158 3
-0.0449661 -0.0184138 0.158 3
-0.0430794 -0.0182994 0.158 3
-0.0415357 -0.0182993 0.158 3
-0.0259955 -0.013195 0.159 3
-0.0248832 -0.012888 0.159 3
-0.0278175 -0.0111607 0.159 3
-0.026264 -0.0115062 0.159 3
-0.0248832 -0.0115062 0.159 3
-0.0262642 -0.00954789 0.158882 3
-0.0248832 -0.0101244 0.159 3
-0.0259681 -0.0073114 0.159 3
-0.0248832 -0.0070153 0.159 3
-0.0258421 -0.00551835 0.159 3
-0.0248832 -0.00597895 0.159 3
-0.0886782 0.0120278 0.1582 3
-0.0877756 0.0119789 0.158667 3
-0.0890031 0.0136857 0.158687 3
-0.0877859 0.0135884 0.159 3
-0.0890584 0.0158057 0.158706 3
-0.0878845 0.0149208 0.159 3
-0.0890403 0.0177538 0.158529 3
-0.0892532 0.0195401 0.158333 3
-0.035704 0.0201478 0.158 3
-0.0349876 0.0198353 0.1588 3
-0.0904736 0.0228662 0.159 3
-0.089548 0.0221016 0.158765 3
-0.035704 0.0216926 0.158 3
-0.0351122 0.0216282 0.158308 3
-0.0904736 0.0232117 0.159 3
-0.0901284 0.0232117 0.159 3
-0.0381053 0.0246104 0.158 3
-0.0372105 0.0246048 0.158333 3
-0.0884023 0.026148 0.159 3
-0.0875393 0.026148 0.159 3
-0.0383111 0.0266014 0.158 3
-0.0374997 0.0262076 0.158667 3
-0.0408986 0.0291957 0.158 3
-0.0387594 0.0285485 0.1582 3
-0.0375392 0.0279784 0.1588 3
-0.0421438 0.0306389 0.159 3
-0.0409893 0.0303227 0.158385 3
-0.038863 0.0302943 0.158257 3
-0.0376229 0.0295947 0.1585 3
-0.0402451 0.0316752 0.159 3
-0.0386342 0.0319055 0.159 3
0.0997387 0.0335752 0.159 3
0.0983579 0.034957 0.159 3
0.0997918 0.0348507 0.159 3
0.101327 0.0347842 0.159 3
-0.0392095 0.0370297 0.159 3
-0.0349518 0.0369721 0.159 3
0.0983579 0.0359933 0.159 3
0.0995661 0.0359933 0.159 3
-0.0390369 0.0391024 0.159 3
-0.0385191 0.0403114 0.159 3
-0.0363901 0.041946 0.158 3
-0.0382768 0.043834 0.158 3
-0.0366279 0.0433069 0.158346 3
-0.0354122 0.0434205 0.159 3
-0.0400725 0.0448023 0.159 3
-0.0387331 0.0452238 0.159 3
-0.0365737 0.0451968 0.158353 3
-0.0347265 0.0452597 0.15855 3
-0.0326016 0.0452522 0.158765 3
-0.0305366 0.0451531 0.1586 3
-0.0291983 0.0444569 0.159 3
-0.0381492 0.0468504 0.159 3
-0.0368589 0.0471655 0.158793 3
-0.035361 0.0465803 0.158 3
-0.036793 0.0484296 0.159 3
-0.0760565 -0.0275666 0.161 3
-0.0744585 -0.0278664 0.161 3
-0.0781547 -0.0258659 0.16 3
-0.076533 -0.0261604 0.160069 3
-0.0746692 -0.0262861 0.16065 3
-0.0726762 -0.0259339 0.16087 3
-0.0704636 -0.0258176 0.161 3
-0.068541 -0.0254678 0.161 3
-0.0781894 -0.024962 0.16 3
-0.0761051 -0.024962 0.16 3
-0.0745419 -0.024962 0.16 3
-0.0723894 -0.024692 0.160235 3
-0.0704034 -0.0246664 0.160333 3
-0.0682874 -0.0245959 0.160524 3
-0.0662475 -0.0243687 0.160667 3
-0.0639613 -0.0241452 0.160286 3
-0.0620874 -0.0240059 0.1605 3
-0.0607048 -0.0237946 0.1608 3
-0.0616887 -0.0227025 0.16 3
-0.0608202 -0.0227025 0.16 3
-0.0466938 -0.021795 0.161 3
-0.0452606 -0.0214452 0.161 3
-0.0429942 -0.0216637 0.160889 3
-0.041005 -0.0217451 0.160625 3
-0.0389821 -0.0218758 0.160778 3
-0.0368298 -0.0215761 0.160667 3
-0.0349772 -0.0215513 0.160857 3
-0.0327116 -0.0212703 0.161 3
-0.0464038 -0.0206167 0.16 3
-0.045123 -0.0204931 0.160389 3
-0.0429451 -0.0204502 0.160056 3
-0.0407464 -0.0204926 0.16 3
-0.0387613 -0.0204429 0.16 3
-0.0365507 -0.0202849 0.16 3
-0.034577 -0.0199879 0.160118 3
-0.0326201 -0.0199915 0.160556 3
-0.0306346 -0.019725 0.160875 3
-0.0287158 -0.0197195 0.160571 3
-0.0342453 -0.0187048 0.16 3
-0.0325747 -0.0187438 0.160333 3
-0.0303518 -0.0184008 0.160188 3
-0.0285135 -0.0183572 0.16 3
-0.025387 -0.0152286 0.16 3
-0.0247721 -0.015425 0.160727 3
-0.0256476 -0.0141857 0.16 3
-0.024381 -0.0137634 0.160571 3
-0.0242457 -0.0116147 0.1605 3
-0.025387 -0.00914517 0.16 3
-0.0243591 -0.00946855 0.160429 3
-0.025387 -0.00810229 0.16 3
-0.0243067 -0.00748189 0.160462 3
-0.025387 -0.00497368 0.16 3
-0.0243591 -0.0052859 0.160429 3
-0.0256848 -0.0034342 0.16 3
-0.024518 -0.00335497 0.160615 3
-0.0255457 -0.0018566 0.161 3
-0.0248466 -0.0018566 0.161 3
-0.0869064 0.0123658 0.160429 3
-0.0860188 0.0123101 0.161 3
-0.0871207 0.013559 0.1602 3
-0.0860188 0.0128348 0.161 3
-0.0884373 0.0160575 0.16 3
-0.0876603 0.0156681 0.160545 3
-0.0885153 0.0179851 0.1603 3
-0.0881161 0.017732 0.161 3
-0.0341295 0.018433 0.16 3
-0.0328346 0.0184578 0.160143 3
-0.088711 0.0198697 0.160231 3
-0.0881161 0.0198308 0.161 3
-0.0341759 0.0201943 0.16 3
-0.0326384 0.0199615 0.160647 3
-0.0903479 0.02301 0.16 3
-0.0892254 0.021795 0.160571 3
-0.0343254 0.0219671 0.160556 3
-0.0329738 0.0216234 0.161 3
-0.0906403 0.0242976 0.16075 3
-0.0894678 0.024245 0.160613 3
-0.0873951 0.024922 0.16 3
-0.0363341 0.0247366 0.160571 3
-0.0350659 0.0239769 0.161 3
-0.0905429 0.0254349 0.1605 3
-0.0891187 0.026259 0.16 3
-0.0872257 0.0263908 0.160231 3
-0.0365985 0.0262866 0.160593 3
-0.0355081 0.0254275 0.161 3
-0.088915 0.0283247 0.160214 3
-0.0874669 0.0282325 0.160926 3
-0.084271 0.0287506 0.161 3
-0.0828127 0.0282505 0.160238 3
-0.0378929 0.0287458 0.16 3
-0.0368486 0.0283454 0.160462 3
-0.0887864 0.0301475 0.160857 3
-0.0876167 0.0303369 0.160923 3
-0.084271 0.0294502 0.161 3
-0.0831906 0.0298318 0.161 3
-0.0378929 0.0306577 0.16 3
-0.036813 0.0304754 0.160485 3
-0.0356828 0.0306744 0.161 3
-0.0886405 0.0318987 0.161 3
-0.0874753 0.0324234 0.161 3
-0.0422352 0.0318744 0.16 3
-0.0410952 0.0323511 0.160444 3
-0.0387273 0.0326442 0.160412 3
-0.0370925 0.0322461 0.1609 3
-0.0356828 0.0315489 0.161 3
-0.0872422 0.0336477 0.161 3
-0.0388288 0.0336477 0.161 3
-0.0367315 0.0349595 0.161 3
-0.0348089 0.0353967 0.161 3
-0.0335855 0.0353967 0.161 3
0.0998451 0.0339601 0.16 3
-0.0403742 0.0374116 0.16 3
-0.0388886 0.0375114 0.160429 3
-0.0365599 0.0367299 0.160538 3
-0.0345373 0.0364081 0.16029 3
-0.0332317 0.0367016 0.160875 3
-0.0405298 0.0387479 0.16 3
-0.0385254 0.0386426 0.160333 3
-0.0369115 0.0387623 0.160706 3
-0.0350116 0.0386537 0.16065 3
-0.0328864 0.0382826 0.161 3
-0.0314881 0.0395943 0.161 3
-0.0408456 0.0400436 0.16 3
-0.0380666 0.0409126 0.16 3
-0.0368457 0.0409747 0.160829 3
-0.0348486 0.0410813 0.160778 3
-0.0327422 0.0408894 0.160903 3
-0.0314881 0.0404687 0.161 3
-0.0380666 0.0421293 0.16 3
-0.0364165 0.04239 0.16 3
-0.0345662 0.0430166 0.160242 3
-0.0326133 0.0430046 0.16041 3
-0.0306446 0.0436221 0.1607 3
-0.0292145 0.043667 0.1608 3
-0.0343986 0.0446445 0.16 3
-0.0327255 0.0443455 0.16 3
-0.0304241 0.0442151 0.16 3
-0.0292083 0.0442151 0.16 3
-0.070631 -0.0298568 0.163 3
-0.073715 -0.0279138 0.162 3
-0.0721419 -0.0282463 0.162111 3
-0.0705501 -0.0281962 0.162846 3
-0.0674461 -0.027732 0.163 3
-0.0667382 -0.027732 0.163 3
-0.0723081 -0.0268579 0.162 3
-0.069952 -0.0267199 0.162111 3
-0.0680085 -0.0263611 0.1624 3
-0.066107 -0.0262602 0.162375 3
-0.0641146 -0.0262092 0.162333 3
-0.0621959 -0.0259721 0.162429 3
-0.0599949 -0.0258858 0.162692 3
-0.0582952 -0.0258854 0.163 3
-0.0612288 -0.0249221 0.162 3
-0.0599641 -0.024661 0.162133 3
-0.0582446 -0.0250759 0.163 3
-0.0465661 -0.0233052 0.163 3
-0.0449027 -0.0237538 0.163 3
-0.0430717 -0.0239746 0.162643 3
-0.0409678 -0.0239573 0.162688 3
-0.0388181 -0.0239861 0.162724 3
-0.0367145 -0.0238229 0.162643 3
-0.0345336 -0.0237656 0.163 3
-0.0324101 -0.0239882 0.163 3
-0.0465111 -0.0226167 0.1625 3
-0.0453076 -0.0223842 0.162263 3
-0.0433962 -0.0225991 0.162 3
-0.0410045 -0.0228103 0.162 3
-0.0381906 -0.0226343 0.162 3
-0.0367838 -0.0226343 0.162 3
-0.0344975 -0.0223997 0.162 3
-0.0325267 -0.0222226 0.162154 3
-0.0305406 -0.0218424 0.162 3
-0.0306285 -0.0205225 0.162 3
-0.0238422 -0.0174083 0.1625 3
-0.0239008 -0.0157897 0.1625 3
-0.0234422 -0.0134979 0.162167 3
-0.0234422 -0.0113821 0.162167 3
-0.0235049 -0.00947171 0.1626 3
-0.0230319 -0.00843128 0.163 3
-0.0234181 -0.00749964 0.162 3
-0.0230319 -0.007723 0.163 3
-0.0869103 -0.00506694 0.163 3
-0.0801864 -0.0047128 0.163 3
-0.0235425 -0.00557103 0.16225 3
-0.0865564 -0.00400451 0.163 3
-0.0854947 -0.00329623 0.163 3
-0.0823098 -0.00258795 0.163 3
-0.080793 -0.00309386 0.163 3
-0.0789123 -0.00287126 0.163 3
-0.0766473 -0.00258795 0.163 3
-0.0754087 -0.00258795 0.163 3
-0.0238633 -0.00300165 0.1624 3
-0.0805403 -0.00187966 0.163 3
-0.0787707 -0.00187966 0.163 3
-0.0764593 -0.00159347 0.1626 3
-0.0746735 -0.00161226 0.16275 3
-0.0724005 -0.00117138 0.163 3
-0.0711619 -0.00117138 0.163 3
-0.0243676 -0.00110924 0.162667 3
-0.0279906 0.0100988 0.162 3
-0.0269355 0.0100988 0.162 3
-0.0862013 0.0123866 0.162 3
-0.0854979 0.0123866 0.162 3
-0.0279906 0.0115067 0.162 3
-0.0269354 0.0115067 0.162 3
-0.0864651 0.0134425 0.162 3
-0.0849106 0.0136283 0.162111 3
-0.0831764 0.0137328 0.162889 3
-0.0281275 0.0136861 0.162792 3
-0.0270463 0.013676 0.162667 3
-0.0871341 0.0159882 0.162571 3
-0.0850397 0.0156251 0.163 3
-0.0830176 0.0154733 0.163 3
-0.0281633 0.0149421 0.163 3
-0.0271017 0.0149421 0.163 3
-0.0883117 0.0178421 0.162 3
-0.087742 0.0177742 0.162545 3
-0.0316837 0.018722 0.162 3
-0.0312518 0.0187798 0.1625 3
-0.0883117 0.019954 0.162 3
-0.0878401 0.0199148 0.162727 3
-0.0316837 0.0199539 0.162 3
-0.0311649 0.0201341 0.1626 3
-0.0889401 0.0221674 0.162273 3
-0.087968 0.0214497 0.162667 3
-0.0337941 0.0229457 0.162 3
-0.032258 0.0223931 0.162308 3
-0.031107 0.0216264 0.162667 3
-0.0892824 0.0239082 0.162167 3
-0.0343041 0.0244063 0.162 3
-0.0327975 0.0240448 0.162556 3
-0.0868399 0.026239 0.162615 3
-0.0851409 0.0268058 0.163 3
-0.0832116 0.0271693 0.162 3
-0.0359044 0.0266414 0.162 3
-0.0346246 0.0262164 0.1625 3
-0.0331179 0.0259204 0.163 3
-0.0866526 0.0283503 0.16232 3
-0.0852766 0.0281247 0.162552 3
-0.0832116 0.0284012 0.162 3
-0.0360187 0.0284717 0.1622 3
-0.0351847 0.0278944 0.162857 3
-0.0867289 0.030513 0.162 3
-0.0850781 0.0306209 0.162 3
-0.0835282 0.0304778 0.162 3
-0.0360187 0.0297396 0.1622 3
-0.0349826 0.0306884 0.1625 3
-0.086697 0.0325448 0.162 3
-0.0850582 0.0325368 0.162 3
-0.0837392 0.0317449 0.162 3
-0.0422355 0.0335047 0.162 3
-0.0409605 0.0333727 0.162 3
-0.0363935 0.0328922 0.162125 3
-0.0348007 0.0323792 0.16263 3
-0.0302867 0.032472 0.163 3
-0.0422355 0.0338567 0.162 3
-0.0408808 0.0345165 0.1627 3
-0.0387972 0.0347498 0.162333 3
-0.0367378 0.0345805 0.162579 3
-0.0345802 0.0345247 0.162667 3
-0.0331627 0.0350488 0.1625 3
-0.0406064 0.0369591 0.1628 3
-0.0389041 0.0366517 0.1625 3
-0.0374872 0.0363205 0.162 3
-0.0325417 0.0366982 0.162391 3
-0.0240936 0.03743 0.163 3
-0.0230319 0.0376071 0.163 3
-0.0342337 0.0392682 0.162 3
-0.0324324 0.0388827 0.162135 3
-0.0311193 0.0395656 0.1625 3
-0.0255091 0.0381384 0.163 3
-0.0243295 0.0381384 0.163 3
-0.0343217 0.0403681 0.162 3
-0.0320941 0.041248 0.162 3
-0.0304704 0.0410897 0.162525 3
-0.0288711 0.0416797 0.163 3
-0.0318596 0.04248 0.162 3
-0.0303626 0.0428348 0.162185 3
-0.0286689 0.0428686 0.163 3
-0.0668406 -0.0318364 0.165 3
-0.0699729 -0.0301656 0.164632 3
-0.0682736 -0.0304024 0.165 3
-0.0665719 -0.0303576 0.165 3
-0.0646912 -0.0296855 0.165 3
-0.069922 -0.0287216 0.164133 3
-0.0683638 -0.0286147 0.16425 3
-0.0660255 -0.0285129 0.164214 3
-0.0640073 -0.0284108 0.164533 3
-0.0620181 -0.0279171 0.164667 3
-0.0598504 -0.0279763 0.164381 3
-0.0579057 -0.0278268 0.164722 3
-0.0566308 -0.0275345 0.165 3
-0.0618066 -0.0270113 0.164 3
-0.0598482 -0.0270113 0.164 3
-0.0576316 -0.0266337 0.164111 3
-0.0566308 -0.027176 0.165 3
-0.0485704 -0.0255629 0.165 3
-0.0470828 -0.0262217 0.164933 3
-0.0451141 -0.026167 0.164562 3
-0.0431095 -0.0262282 0.164667 3
-0.0409644 -0.0262282 0.164667 3
-0.0388717 -0.0258835 0.164545 3
-0.0370017 -0.0257335 0.164579 3
-0.0345416 -0.0259577 0.164684 3
-0.0333211 -0.0255861 0.164 3
-0.0470878 -0.0243691 0.1642 3
-0.0455343 -0.0245528 0.164 3
-0.0365257 -0.0248735 0.164 3
-0.0347454 -0.0246597 0.164 3
-0.0333211 -0.0248735 0.164 3
-0.0231732 -0.0172127 0.164 3
-0.022618 -0.0171755 0.1645 3
-0.0231732 -0.0157875 0.164 3
-0.0225516 -0.0158516 0.164667 3
-0.0231732 -0.0136496 0.164 3
-0.0225516 -0.013705 0.164667 3
-0.0231732 -0.0115117 0.164 3
-0.0226716 -0.0116184 0.164538 3
-0.0231732 -0.00955195 0.164 3
-0.0226449 -0.00928998 0.164786 3
-0.0863754 -0.00634512 0.164 3
-0.0854691 -0.00638381 0.165 3
-0.0231732 -0.00670144 0.164 3
-0.0226747 -0.00740806 0.165 3
-0.0863738 -0.00515368 0.164143 3
-0.0849947 -0.00498785 0.164471 3
-0.082888 -0.00464964 0.164222 3
-0.0808837 -0.00483764 0.164 3
-0.0791695 -0.00451632 0.164143 3
-0.0770201 -0.00457925 0.164556 3
-0.074641 -0.00421823 0.164429 3
-0.0727516 -0.00423289 0.165 3
-0.023335 -0.00501704 0.164 3
-0.0227771 -0.00512911 0.165 3
-0.0863754 -0.00385092 0.164 3
-0.0847476 -0.00354551 0.164 3
-0.0830181 -0.00354551 0.164 3
-0.080975 -0.00385092 0.164 3
-0.0786705 -0.00358564 0.164083 3
-0.076813 -0.00349722 0.164111 3
-0.0745801 -0.00317405 0.164152 3
-0.0727002 -0.00311289 0.164704 3
-0.0705303 -0.00278198 0.164 3
-0.06875 -0.00260382 0.164 3
-0.0234082 -0.00314465 0.1644 3
-0.0227771 -0.0038744 0.165 3
-0.0739129 -0.0018912 0.164 3
-0.0724887 -0.0018912 0.164 3
-0.0702098 -0.00160614 0.164 3
-0.0683939 -0.00165365 0.164 3
-0.066406 -0.0014209 0.164667 3
-0.0235496 -0.00108292 0.164857 3
-0.0243395 0.000606179 0.164667 3
-0.0821025 0.014143 0.164 3
-0.0863754 0.016459 0.164 3
-0.0821026 0.0152119 0.164 3
-0.0280246 0.0158354 0.164 3
-0.0270899 0.0159245 0.164 3
-0.0872636 0.017762 0.164333 3
-0.0302688 0.0181538 0.164833 3
-0.0283298 0.017814 0.165 3
-0.0272551 0.0178141 0.165 3
-0.0874665 0.0201346 0.164704 3
-0.0855459 0.0205539 0.165 3
-0.0301706 0.0198727 0.164588 3
-0.0286284 0.019487 0.165 3
-0.08874 0.0226439 0.164455 3
-0.0873152 0.0219955 0.164647 3
-0.0849559 0.0221248 0.164243 3
-0.0835883 0.0226536 0.165 3
-0.0305064 0.0221484 0.164273 3
-0.0894665 0.0242171 0.164667 3
-0.0863754 0.0241198 0.164 3
-0.0849511 0.0241198 0.164 3
-0.0835268 0.0237635 0.164 3
-0.0319958 0.0245354 0.164 3
-0.0307455 0.024143 0.164448 3
-0.0890515 0.0257007 0.165 3
-0.0863754 0.0259013 0.164 3
-0.0848494 0.026054 0.164 3
-0.0322556 0.0257191 0.1642 3
-0.0308522 0.0257975 0.1647 3
-0.0345524 0.0284513 0.1645 3
-0.031554 0.0289272 0.165 3
-0.0311957 0.0289272 0.165 3
-0.0343647 0.0300641 0.164273 3
-0.0325176 0.0304045 0.164318 3
-0.0306403 0.0308242 0.164462 3
-0.0340333 0.0328494 0.164 3
-0.032609 0.0326713 0.164 3
-0.0303755 0.0325916 0.164091 3
-0.028659 0.0328318 0.164583 3
-0.0420448 0.0355217 0.164 3
-0.0413327 0.0355217 0.164 3
-0.0324055 0.0347074 0.164 3
-0.0304167 0.0348072 0.164211 3
-0.0283299 0.0346611 0.164933 3
-0.0263595 0.0346629 0.165 3
-0.0241891 0.0348111 0.164857 3
-0.0229363 0.0348111 0.164857 3
-0.0420448 0.0365907 0.164 3
-0.0411023 0.0366222 0.164 3
-0.0318344 0.0369037 0.1646 3
-0.0302513 0.0368953 0.165 3
-0.0284492 0.0371724 0.165 3
-0.0262983 0.0367261 0.164611 3
-0.024102 0.0365675 0.164 3
-0.0228171 0.0364126 0.164 3
-0.0317826 0.0379147 0.164333 3
-0.0303718 0.0387496 0.1642 3
-0.0283892 0.0387609 0.164375 3
-0.0263093 0.0388027 0.164125 3
-0.0247755 0.0387286 0.164 3
-0.0297928 0.0404647 0.164273 3
-0.0284023 0.0410698 0.164867 3
-0.0264267 0.0403159 0.164143 3
-0.0297605 0.0430044 0.164 3
-0.0283362 0.0422917 0.164 3
-0.0659843 -0.031849 0.166 3
-0.0645648 -0.0322208 0.166857 3
-0.0659843 -0.030767 0.166 3
-0.0640734 -0.0305392 0.1665 3
-0.0620272 -0.0299099 0.16675 3
-0.0598553 -0.0298638 0.167 3
-0.0577834 -0.0299675 0.167 3
-0.0558669 -0.0298638 0.167 3
-0.0361062 -0.0296824 0.167 3
-0.0618395 -0.0289637 0.166 3
-0.0594969 -0.0289637 0.166 3
-0.0576289 -0.0288463 0.166118 3
-0.0556793 -0.0286951 0.166692 3
-0.0535798 -0.0290963 0.167 3
-0.0509274 -0.0285089 0.166947 3
-0.0492461 -0.0281264 0.166538 3
-0.0473281 -0.0283245 0.166522 3
-0.0452157 -0.0283285 0.1665 3
-0.0430467 -0.0283286 0.1665 3
-0.040844 -0.028289 0.16648 3
-0.0389873 -0.027973 0.166636 3
-0.0366287 -0.0281958 0.166786 3
-0.0351691 -0.0277014 0.166 3
-0.0504866 -0.0269801 0.166 3
-0.049081 -0.0267637 0.166 3
-0.0479637 -0.0269801 0.166 3
-0.0400347 -0.0269801 0.166 3
-0.0387732 -0.0269801 0.166 3
-0.0364048 -0.026671 0.166 3
-0.0351691 -0.0266194 0.166 3
-0.0219654 -0.0157134 0.167 3
-0.0220671 -0.0136699 0.1664 3
-0.021975 -0.0114317 0.166353 3
-0.0218986 -0.00969756 0.1665 3
-0.0867079 -0.0064225 0.166 3
-0.022221 -0.00715156 0.1662 3
-0.0867079 -0.00606184 0.166 3
-0.0222834 -0.00518019 0.166667 3
-0.0676508 -0.00265145 0.167 3
-0.0658855 -0.00259982 0.166385 3
-0.0645689 -0.00247004 0.167 3
-0.0232345 -0.00210721 0.167 3
-0.0228045 -0.00308362 0.166273 3
-0.0676962 -0.00137327 0.166 3
-0.0659883 -0.00159388 0.16613 3
-0.0645689 -0.00138154 0.167 3
-0.0232345 -0.00138154 0.167 3
-0.0228719 -0.00138154 0.167 3
-0.023968 0.00121372 0.166222 3
-0.0246186 0.00314643 0.166556 3
-0.0245639 0.00557274 0.167 3
-0.0245438 0.0072458 0.167 3
-0.0248661 0.00841492 0.167 3
-0.0872302 0.0167601 0.167 3
-0.0883298 0.0182827 0.166 3
-0.0872197 0.0181546 0.166636 3
-0.0268797 0.0186433 0.166 3
-0.0868922 0.0196262 0.166461 3
-0.0848598 0.0203627 0.16632 3
-0.0836444 0.0209876 0.166 3
-0.028081 0.0203264 0.166 3
-0.0266833 0.019919 0.166778 3
-0.0241409 0.0203884 0.167 3
-0.0844733 0.0216368 0.166 3
-0.0834728 0.0218156 0.166429 3
-0.0284919 0.0218397 0.167 3
-0.0270416 0.021114 0.167 3
-0.0236575 0.0214769 0.167 3
-0.0226906 0.022384 0.167 3
-0.0888799 0.0242715 0.166 3
-0.0879693 0.0242335 0.166 3
-0.029799 0.0242696 0.166 3
-0.0887932 0.0256246 0.166 3
-0.0879693 0.0253155 0.166 3
-0.0324713 0.0267788 0.166286 3
-0.0302432 0.0264238 0.166167 3
-0.0290816 0.0266639 0.166917 3
-0.0339077 0.0283811 0.166 3
-0.0327127 0.0284161 0.166444 3
-0.0304139 0.0283222 0.166097 3
-0.0285393 0.0283852 0.166926 3
-0.0263824 0.0285026 0.167 3
-0.0301229 0.0302225 0.166263 3
-0.0288264 0.0305851 0.166895 3
-0.0264804 0.0304958 0.167 3
-0.0217036 0.030467 0.167 3
-0.0280636 0.0321795 0.166318 3
-0.0262547 0.0324661 0.166611 3
-0.0241642 0.0326428 0.166348 3
-0.0230954 0.0328894 0.166 3
-0.0274203 0.0336107 0.166 3
-0.0261588 0.0336107 0.166 3
-0.0241766 0.0336107 0.166 3
-0.0230954 0.0336107 0.166 3
-0.0283213 0.036496 0.166 3
-0.0295828 0.0410042 0.166 3
-0.0285015 0.0407157 0.166 3
-0.0631406 -0.0338933 0.169 3
-0.0616729 -0.0338933 0.169 3
-0.0598383 -0.0338933 0.169 3
-0.0580531 -0.0342887 0.169636 3
-0.0634292 -0.0325538 0.168125 3
-0.0618339 -0.0324875 0.168706 3
-0.0598932 -0.032506 0.168963 3
-0.0577861 -0.0326317 0.168938 3
-0.0555226 -0.0325515 0.169333 3
-0.0536625 -0.0323536 0.169583 3
-0.0515505 -0.0321533 0.1695 3
-0.0493352 -0.0321754 0.169769 3
-0.0473926 -0.0320622 0.169857 3
-0.0453758 -0.0317459 0.17 3
-0.0430294 -0.0316931 0.17 3
-0.0407544 -0.0319614 0.169818 3
-0.0391721 -0.0318083 0.169875 3
-0.0633141 -0.0313202 0.168 3
-0.0618551 -0.0309552 0.168 3
-0.0597826 -0.0308225 0.168 3
-0.0578656 -0.030978 0.168 3
-0.0555813 -0.0307362 0.168 3
-0.0534658 -0.0304077 0.168 3
-0.0513874 -0.0304575 0.168091 3
-0.0494476 -0.0302759 0.168345 3
-0.0472646 -0.0303335 0.168531 3
-0.0451426 -0.0303558 0.168786 3
-0.0430928 -0.0304208 0.168857 3
-0.0409857 -0.0303258 0.16869 3
-0.0388327 -0.0303652 0.168767 3
-0.0371613 -0.0299697 0.168 3
-0.0385109 -0.0289477 0.168 3
-0.037599 -0.0289477 0.168 3
-0.0231458 -0.0181047 0.169 3
-0.0218539 -0.0175656 0.168706 3
-0.0213687 -0.0158743 0.169294 3
-0.0215919 -0.0136445 0.168333 3
-0.0206987 -0.0135338 0.169571 3
-0.0214544 -0.0117458 0.1684 3
-0.020681 -0.0117351 0.169429 3
-0.0213872 -0.00935285 0.16925 3
-0.0206578 -0.00957383 0.169667 3
-0.0216299 -0.00727771 0.169111 3
-0.0205145 -0.00750063 0.17 3
-0.0216155 -0.00527288 0.169 3
-0.0695149 -0.00266733 0.168 3
-0.0687854 -0.00266733 0.168 3
-0.0221932 -0.00296694 0.169 3
-0.0233736 -0.000477304 0.168 3
-0.022425 -0.00109339 0.169111 3
-0.0233514 0.00117032 0.1685 3
-0.0227778 0.000622112 0.169 3
-0.0236941 0.00319163 0.169 3
-0.023863 0.00502432 0.1689 3
-0.0242855 0.00810031 0.168 3
-0.0253474 0.0103516 0.169 3
-0.0241817 0.00948393 0.168486 3
-0.0253474 0.0114531 0.169 3
-0.0242174 0.0114655 0.16937 3
-0.0229137 0.0113362 0.17 3
-0.0254973 0.0128136 0.17 3
-0.0247592 0.0128136 0.17 3
-0.0258134 0.0200994 0.168286 3
-0.0248428 0.0201171 0.168429 3
-0.0278601 0.0224815 0.168 3
-0.0263422 0.0220262 0.168545 3
-0.024466 0.0220391 0.168714 3
-0.0295744 0.024343 0.168 3
-0.0282404 0.0242458 0.168944 3
-0.0268453 0.0241382 0.169857 3
-0.0295744 0.025438 0.168 3
-0.0282319 0.0261903 0.168706 3
-0.026389 0.0264834 0.169613 3
-0.0242055 0.026812 0.17 3
-0.0220589 0.0264698 0.17 3
-0.0278549 0.0278627 0.168 3
-0.0259869 0.0277548 0.1684 3
-0.024285 0.028311 0.169571 3
-0.0220649 0.028306 0.169406 3
-0.0282023 0.030383 0.168 3
-0.0259707 0.0302332 0.168286 3
-0.0236931 0.0300522 0.169077 3
-0.0222892 0.0301127 0.168333 3
-0.0254973 0.0320198 0.17 3
-0.0241091 0.0321376 0.169333 3
-0.0225638 0.032443 0.16825 3
-0.0574189 -0.0359871 0.171889 3
-0.0556724 -0.0359897 0.172 3
-0.054552 -0.0359898 0.172 3
-0.0573069 -0.035029 0.171308 3
-0.0555376 -0.034688 0.171273 3
-0.0535723 -0.0344698 0.171364 3
-0.051402 -0.0342423 0.171667 3
-0.0493521 -0.0342423 0.171667 3
-0.0475432 -0.0341324 0.171692 3
-0.0455895 -0.0339344 0.172 3
-0.0533067 -0.0333656 0.171 3
-0.0514504 -0.0333656 0.171 3
-0.0494084 -0.0333656 0.171 3
-0.0471361 -0.0331074 0.1712 3
-0.0452417 -0.0327453 0.17125 3
-0.0431325 -0.0329479 0.171545 3
-0.0411405 -0.0331396 0.17175 3
-0.0390147 -0.0329574 0.171556 3
-0.0206353 -0.0170186 0.171 3
-0.0206352 -0.0157183 0.171 3
-0.0206353 -0.0144179 0.171 3
-0.0206353 -0.0108884 0.171 3
-0.0213777 -0.00865933 0.171 3
-0.0207559 -0.00945736 0.172 3
-0.0213777 -0.00791628 0.171 3
-0.0206353 -0.00661595 0.171 3
-0.0213777 -0.0052537 0.171 3
-0.0207157 -0.00589508 0.171667 3
-0.0213986 -0.00308859 0.171167 3
-0.0207559 -0.00291769 0.172 3
-0.0216792 -0.000888244 0.171714 3
-0.0207559 -0.00104921 0.172 3
-0.0224109 0.00100221 0.171333 3
-0.0231833 0.00362198 0.172 3
-0.0228363 0.00305417 0.1715 3
-0.0231833 0.00511676 0.172 3
-0.0228098 0.00511676 0.172 3
-0.0254617 0.0140036 0.171 3
-0.0243586 0.0138302 0.1716 3
-0.0256106 0.0157671 0.172 3
-0.0248637 0.0155802 0.172 3
-0.0256106 0.0174487 0.172 3
-0.0248637 0.0170751 0.172 3
-0.0262043 0.0227343 0.171 3
-0.0258667 0.0241191 0.171 3
-0.0244156 0.0248853 0.172 3
-0.0226231 0.0251095 0.172 3
-0.0256473 0.0256136 0.171 3
-0.0242128 0.0260377 0.17125 3
-0.0226637 0.02579 0.17125 3
-0.0239767 0.0288645 0.171 3
-0.0256106 0.0310886 0.172 3
-0.0246276 0.0309054 0.1714 3
-0.0256106 0.031836 0.172 3
-0.0245686 0.0319758 0.17125 3
-0.0574609 -0.0369883 0.173 3
-0.0556204 -0.0369507 0.173 3
-0.0535856 -0.0363484 0.173714 3
-0.0514086 -0.0364082 0.174 3
-0.0493308 -0.0364082 0.174 3
-0.0473789 -0.0360301 0.174 3
-0.0453641 -0.0358411 0.174 3
-0.053179 -0.0354473 0.173 3
-0.0514887 -0.0354473 0.173 3
-0.0494229 -0.0354473 0.173 3
-0.0471429 -0.0350753 0.17325 3
-0.04508 -0.0347186 0.173478 3
-0.0430444 -0.0345845 0.1735 3
-0.0409049 -0.0347419 0.173474 3
-0.0391396 -0.0346326 0.173625 3
-0.0202417 -0.0171282 0.174 3
-0.0201254 -0.0157142 0.173 3
-0.0201642 -0.0136725 0.173333 3
-0.0201254 -0.0115796 0.173 3
-0.0201254 -0.0102641 0.173 3
-0.0210644 -0.00481399 0.173 3
-0.0203907 -0.00516858 0.173667 3
-0.0210644 -0.00406225 0.173 3
-0.0202391 -0.00374679 0.173286 3
-0.02169 0.000918726 0.173125 3
-0.0207486 0.000639019 0.1735 3
-0.0220659 0.00308814 0.1735 3
-0.0234528 0.00612136 0.174 3
-0.0222315 0.00519102 0.173474 3
-0.0234528 0.0064994 0.174 3
-0.0226973 0.0064994 0.174 3
-0.0236141 0.0118076 0.173333 3
-0.0236417 0.0136822 0.174 3
-0.0228861 0.0138712 0.174 3
-0.0240457 0.0157969 0.173455 3
-0.0256759 0.0186615 0.1732 3
-0.0247318 0.0177106 0.173556 3
-0.0253417 0.0197308 0.174 3
-0.0244774 0.0202358 0.173846 3
-0.0223195 0.0205814 0.174 3
-0.0241354 0.0220811 0.173333 3
-0.0223195 0.0220936 0.174 3
-0.0242892 0.0242642 0.173727 3
-0.0225839 0.0239271 0.174 3
-0.0257595 0.0305176 0.173 3
-0.0579223 -0.0383562 0.176 3
-0.0550564 -0.0383562 0.176 3
-0.0539101 -0.0383562 0.176 3
-0.0508531 -0.0383562 0.176 3
-0.0493246 -0.0383562 0.176 3
-0.0472229 -0.0383562 0.176 3
-0.0455034 -0.0383562 0.176 3
-0.0549336 -0.0373779 0.175 3
-0.0536038 -0.0373779 0.175 3
-0.051514 -0.0373779 0.175 3
-0.0494243 -0.0373779 0.175 3
-0.047297 -0.0370711 0.175182 3
-0.0450551 -0.0369739 0.175231 3
-0.0431522 -0.0367868 0.175762 3
-0.040902 -0.0365344 0.175625 3
-0.0390607 -0.0365448 0.175846 3
-0.0442949 -0.0356669 0.175 3
-0.0429651 -0.0356669 0.175 3
-0.0416353 -0.0356669 0.175 3
-0.0385957 -0.0354768 0.175 3
-0.0376458 -0.0354768 0.175 3
-0.0196728 -0.015767 0.175667 3
-0.0196146 -0.0137879 0.176 3
-0.0187548 -0.0142659 0.176 3
-0.0196541 -0.0115579 0.1755 3
-0.0200976 -0.00951669 0.175571 3
-0.0199198 -0.00716454 0.175333 3
-0.0187548 -0.00700059 0.176 3
-0.0198514 -0.00531323 0.175 3
-0.020358 -0.00258836 0.175 3
-0.020358 -0.00182794 0.175 3
-0.0216207 0.00179429 0.176 3
-0.0213079 0.00292473 0.175 3
-0.0209279 0.00292473 0.175 3
-0.0218778 0.00526938 0.175 3
-0.0224707 0.00694404 0.175667 3
-0.0234495 0.0113812 0.176 3
-0.0227671 0.0119275 0.176 3
-0.0233072 0.0134363 0.17575 3
-0.0224326 0.0139214 0.17525 3
-0.0232077 0.0156619 0.175 3
-0.0224224 0.0156365 0.175 3
-0.0239332 0.0175148 0.175385 3
-0.022639 0.0172566 0.17575 3
-0.0236636 0.0201103 0.175 3
-0.0228277 0.0204145 0.175 3
-0.0214979 0.0219354 0.175 3
-0.0568415 -0.0401457 0.178 3
-0.0556821 -0.0401457 0.178 3
-0.0534687 -0.0403215 0.178 3
-0.0508512 -0.040339 0.178 3
-0.0493054 -0.040339 0.178 3
-0.0471799 -0.040339 0.178 3
-0.045634 -0.040339 0.178 3
-0.0591603 -0.0393722 0.178 3
-0.0575793 -0.0391964 0.178 3
-0.0556891 -0.0391553 0.177143 3
-0.0532575 -0.0391363 0.177222 3
-0.0517359 -0.0391981 0.1775 3
-0.0494127 -0.0393433 0.177 3
-0.0472991 -0.0393433 0.177 3
-0.0450211 -0.0391116 0.177111 3
-0.0430348 -0.0389633 0.177643 3
-0.0409876 -0.0389062 0.177769 3
-0.0387803 -0.0384386 0.177909 3
-0.0366487 -0.0381153 0.178 3
-0.0428797 -0.0376128 0.177 3
-0.0409582 -0.0376128 0.177 3
-0.0385619 -0.0372327 0.17725 3
-0.0368319 -0.0369803 0.177765 3
-0.0678557 -0.0213892 0.178 3
-0.0676073 -0.0197594 0.178 3
-0.0663274 -0.0195786 0.178 3
-0.067276 -0.0188754 0.178 3
-0.0659977 -0.0185184 0.178 3
-0.064764 -0.0182953 0.178 3
-0.0191893 -0.0156887 0.177667 3
-0.018235 -0.0154103 0.177857 3
-0.0192457 -0.0131933 0.177 3
-0.018287 -0.0136855 0.1774 3
-0.0192457 -0.0120397 0.177 3
-0.0188614 -0.0120397 0.177 3
-0.0196299 -0.00896316 0.177 3
-0.0188614 -0.00896316 0.177 3
-0.0196299 -0.00819405 0.177 3
-0.0188614 -0.00819405 0.177 3
-0.022158 0.00777638 0.17725 3
-0.0236651 0.00949564 0.177 3
-0.0221278 0.00949564 0.177 3
-0.022384 0.0112903 0.177 3
-0.0238815 0.0184717 0.178 3
-0.0225546 0.0181831 0.177333 3
-0.0590434 -0.042161 0.18 3
-0.057871 -0.042161 0.18 3
-0.0557215 -0.042161 0.18 3
-0.0535721 -0.042161 0.18 3
-0.050641 -0.042161 0.18 3
-0.0494686 -0.0423565 0.18 3
-0.0595357 -0.0408198 0.1796 3
-0.0578505 -0.0408812 0.179304 3
-0.0555887 -0.0413086 0.179222 3
-0.0535424 -0.0414522 0.179545 3
-0.0516952 -0.0411095 0.17925 3
-0.0493881 -0.0413434 0.179 3
-0.0473372 -0.0414205 0.179333 3
-0.0450213 -0.0412382 0.179667 3
-0.0429959 -0.0410242 0.179455 3
-0.0409097 -0.0410183 0.179476 3
-0.0390077 -0.0407611 0.179522 3
-0.0367762 -0.0405025 0.179688 3
-0.0345968 -0.0405719 0.179889 3
-0.0325587 -0.0405366 0.18 3
-0.0400608 -0.0395934 0.179 3
-0.0388949 -0.0395934 0.179 3
-0.0367038 -0.039152 0.179056 3
-0.0346357 -0.0388333 0.17908 3
-0.0325967 -0.0390023 0.179308 3
-0.0311007 -0.0396191 0.18 3
-0.0357858 -0.0376489 0.179 3
-0.0346199 -0.0376489 0.179 3
-0.0332597 -0.0376489 0.179 3
-0.0695972 -0.0232594 0.179 3
-0.0689152 -0.0235836 0.17925 3
-0.0695972 -0.0228705 0.179 3
-0.0681798 -0.0222263 0.179364 3
-0.0665664 -0.0213362 0.18 3
-0.0678483 -0.0207315 0.179 3
-0.0660132 -0.0201646 0.179143 3
-0.0645875 -0.0195564 0.179429 3
-0.0198617 -0.0174915 0.179667 3
-0.0185948 -0.0171322 0.18 3
-0.0192688 -0.0166481 0.179 3
-0.0180078 -0.0162902 0.179333 3
-0.0177143 -0.0137312 0.179 3
-0.0192688 -0.0112034 0.179 3
-0.0192688 -0.0100367 0.179 3
-0.0201581 -0.00442216 0.18 3
-0.0200461 -0.00361978 0.179 3
-0.021661 0.00689875 0.1795 3
-0.025434 0.0202156 0.18 3
-0.0242615 0.0199028 0.18 3
-0.0228301 0.0197706 0.1795 3
-0.059897 -0.0442112 0.182 3
-0.0577237 -0.0442112 0.182 3
-0.0557479 -0.0442112 0.182 3
-0.0545625 -0.0442112 0.182 3
-0.0614776 -0.0428272 0.182 3
-0.0599684 -0.0430404 0.181455 3
-0.0577742 -0.043262 0.181333 3
-0.0556704 -0.0432295 0.181294 3
-0.0534545 -0.0431041 0.1815 3
-0.051593 -0.0430323 0.18175 3
-0.0490428 -0.0430521 0.181556 3
-0.0474329 -0.0428851 0.181286 3
-0.0450133 -0.0428851 0.181286 3
-0.0430811 -0.0430583 0.181455 3
-0.0409732 -0.0428393 0.181571 3
-0.0387073 -0.0426368 0.181769 3
-0.0370145 -0.0423321 0.1814 3
-0.0346138 -0.042002 0.181 3
-0.0324814 -0.0420407 0.181167 3
-0.0304584 -0.0422341 0.182 3
-0.0290095 -0.0423659 0.182 3
-0.0385435 -0.0416088 0.181 3
-0.0367752 -0.0416088 0.181 3
-0.0346138 -0.0416088 0.181 3
-0.0323759 -0.0415392 0.181125 3
-0.0304236 -0.0408938 0.181185 3
-0.0285419 -0.0411071 0.182 3
-0.0272972 -0.0410478 0.182 3
-0.0300945 -0.0396425 0.181 3
-0.028285 -0.0398615 0.182 3
-0.0685903 -0.0256264 0.182 3
-0.0682217 -0.0240208 0.181286 3
-0.0668121 -0.0234515 0.182 3
-0.0673541 -0.0225777 0.181333 3
-0.0661257 -0.0219715 0.181667 3
-0.0640534 -0.0216255 0.181812 3
-0.0620703 -0.0216721 0.182 3
-0.0603101 -0.0216002 0.182 3
-0.065659 -0.0207666 0.181 3
-0.0639686 -0.020224 0.181222 3
-0.0621049 -0.0204116 0.181333 3
-0.0601824 -0.0206177 0.182 3
-0.0213699 -0.0189042 0.182 3
-0.0201845 -0.0189042 0.182 3
-0.0213699 -0.0185088 0.182 3
-0.0197143 -0.0181495 0.181636 3
-0.0181428 -0.0173257 0.181333 3
-0.0185264 -0.0113434 0.18125 3
-0.0184691 -0.00970837 0.181333 3
-0.02027 -0.00287374 0.181 3
-0.0213112 -0.000908907 0.1815 3
-0.0209172 -0.000908907 0.1815 3
-0.0212916 0.00106071 0.181333 3
-0.0203773 0.00151485 0.181714 3
-0.0215057 0.00346123 0.181714 3
-0.0200492 0.00328076 0.181929 3
-0.0186039 0.00363485 0.182 3
-0.0217329 0.00520802 0.181733 3
-0.0200477 0.00512529 0.182 3
-0.0186039 0.00521654 0.182 3
-0.0213699 0.00699593 0.182 3
-0.0205423 0.00698385 0.181667 3
-0.0255753 0.0195414 0.181 3
-0.0242653 0.0195414 0.181 3
-0.0613541 -0.0462961 0.184 3
-0.0607549 -0.0462961 0.184 3
-0.0585577 -0.0462961 0.184 3
-0.0443758 -0.0462961 0.184 3
-0.0439763 -0.0462961 0.184 3
-0.0636313 -0.0449769 0.184 3
-0.0620082 -0.0451064 0.183571 3
-0.0599 -0.0451156 0.183077 3
-0.0577959 -0.0451915 0.183167 3
-0.0557099 -0.0452557 0.183833 3
-0.0535995 -0.0450158 0.183667 3
-0.051536 -0.0449807 0.183625 3
-0.0495885 -0.0449726 0.183615 3
-0.0471917 -0.0447194 0.183857 3
-0.0449088 -0.0449534 0.183538 3
-0.04306 -0.0451747 0.1835 3
-0.0409801 -0.0448969 0.184 3
-0.0383834 -0.0442973 0.184 3
-0.0367854 -0.0442973 0.184 3
-0.034788 -0.0442973 0.184 3
-0.0325908 -0.0442973 0.184 3
-0.0303936 -0.0442973 0.184 3
-0.0291951 -0.0442973 0.184 3
-0.0634046 -0.0434601 0.183 3
-0.0624114 -0.0437583 0.183 3
-0.0536703 -0.0440565 0.183 3
-0.051485 -0.0440565 0.183 3
-0.0494985 -0.0440565 0.183 3
-0.0471145 -0.0438577 0.183 3
-0.0457239 -0.0438577 0.183 3
-0.040956 -0.0438577 0.183 3
-0.039039 -0.043871 0.183333 3
-0.0365401 -0.0433837 0.183385 3
-0.0346619 -0.0433408 0.183333 3
-0.0326042 -0.0433756 0.183375 3
-0.0304172 -0.0433081 0.183294 3
-0.0281658 -0.0429129 0.183313 3
-0.0261805 -0.0429368 0.183769 3
-0.02423 -0.0424697 0.184 3
-0.0275796 -0.0414059 0.183 3
-0.0261712 -0.0415045 0.183583 3
-0.0240017 -0.0418987 0.184 3
-0.0669471 -0.0277069 0.184 3
-0.0679738 -0.0261648 0.183 3
-0.0669213 -0.0261716 0.183706 3
-0.0678149 -0.0247334 0.183 3
-0.0662061 -0.0242498 0.183645 3
-0.063901 -0.0240091 0.184 3
-0.0618863 -0.0240833 0.1838 3
-0.0600226 -0.0239091 0.184 3
-0.0581868 -0.0232809 0.184 3
-0.0655899 -0.0227852 0.183 3
-0.0640006 -0.0227852 0.183 3
-0.062014 -0.0227852 0.183 3
-0.0597763 -0.0224234 0.183111 3
-0.0581184 -0.0223609 0.183818 3
-0.0235623 -0.0201513 0.184 3
-0.0219571 -0.0199624 0.183455 3
-0.0199219 -0.020018 0.183571 3
-0.0184542 -0.0196651 0.183727 3
-0.0220833 -0.0186105 0.183 3
-0.0191034 -0.0186105 0.183 3
-0.0176406 -0.0178729 0.183353 3
-0.0164114 -0.017313 0.184 3
-0.0180093 -0.0130155 0.184 3
-0.0177097 -0.0116663 0.184 3
-0.0192078 -0.00871799 0.184 3
-0.0180111 -0.00894094 0.183111 3
-0.0165209 -0.00867061 0.183 3
-0.0193576 -0.00706895 0.184 3
-0.0182896 -0.0074097 0.1838 3
-0.0165209 -0.00827301 0.183 3
-0.0195499 -0.00510582 0.183467 3
-0.0184088 -0.00512008 0.184 3
-0.0196893 -0.00306067 0.183375 3
-0.0184088 -0.00332113 0.184 3
-0.0202364 -0.00126851 0.183375 3
-0.0199516 0.000833957 0.1835 3
-0.0187572 0.00147098 0.1835 3
-0.0191034 0.00266083 0.183 3
-0.0187061 0.00266083 0.183 3
-0.0198071 0.00587351 0.184 3
-0.0198071 0.00707281 0.184 3
-0.0214051 0.0104708 0.184 3
-0.0206061 0.00907165 0.184 3
-0.0214051 0.0108706 0.184 3
-0.0654537 -0.0465972 0.186 3
-0.0639542 -0.04709 0.18575 3
-0.06182 -0.0471775 0.1855 3
-0.0598803 -0.0471604 0.185714 3
-0.0577495 -0.0471604 0.185714 3
-0.0557245 -0.0470838 0.185625 3
-0.0533206 -0.0465873 0.1858 3
-0.0513195 -0.0465973 0.186 3
-0.0493003 -0.0465973 0.186 3
-0.0480888 -0.0465972 0.186 3
-0.0449804 -0.0471438 0.185429 3
-0.0430932 -0.0471963 0.1851 3
-0.0411734 -0.0467431 0.185778 3
-0.0388006 -0.0463952 0.186 3
-0.0367814 -0.0463952 0.186 3
-0.0347623 -0.0463952 0.186 3
-0.0325412 -0.0463952 0.186 3
-0.0303201 -0.0463952 0.186 3
-0.063696 -0.0461458 0.185 3
-0.0624909 -0.0461458 0.185 3
-0.060081 -0.0461458 0.185 3
-0.057671 -0.0461458 0.185 3
-0.0556627 -0.0461458 0.185 3
-0.054056 -0.0461458 0.185 3
-0.0488344 -0.0455429 0.185 3
-0.0473884 -0.045583 0.185 3
-0.0454203 -0.0458778 0.185 3
-0.042207 -0.0459448 0.185 3
-0.0410744 -0.0459602 0.185333 3
-0.0389293 -0.0454243 0.185333 3
-0.0367836 -0.045391 0.185294 3
-0.0346377 -0.0454243 0.185333 3
-0.0325574 -0.0454597 0.185375 3
-0.0304792 -0.0454243 0.185333 3
-0.0283275 -0.0448864 0.185455 3
-0.0263326 -0.0449522 0.1856 3
-0.0241388 -0.0446615 0.185769 3
-0.0224453 -0.0443746 0.186 3
-0.0253371 -0.0437341 0.185 3
-0.0240281 -0.0433995 0.185154 3
-0.0225463 -0.0433138 0.186 3
-0.0658551 -0.0279931 0.185385 3
-0.0640403 -0.0282101 0.186 3
-0.061973 -0.0281717 0.186 3
-0.0606077 -0.0274019 0.186 3
-0.0658549 -0.026344 0.18504 3
-0.063989 -0.0261838 0.185643 3
-0.0617402 -0.0260892 0.18528 3
-0.0599608 -0.0258552 0.185579 3
-0.0585885 -0.0255834 0.186 3
-0.0555597 -0.0255834 0.186 3
-0.0644992 -0.024642 0.185 3
-0.0594785 -0.024642 0.185 3
-0.0578398 -0.0242776 0.185348 3
-0.0561311 -0.0242977 0.185533 3
-0.0570685 -0.0228333 0.185 3
-0.0566668 -0.0228333 0.185 3
-0.0317335 -0.0227547 0.186 3
-0.0301687 -0.0224516 0.186 3
-0.0282166 -0.0221434 0.185667 3
-0.0262347 -0.0217061 0.185667 3
-0.0241419 -0.0220503 0.185609 3
-0.0220537 -0.0221334 0.1855 3
-0.0199047 -0.0218948 0.185478 3
-0.017869 -0.0218758 0.185778 3
-0.0165897 -0.0215423 0.186 3
-0.0279479 -0.0208236 0.185 3
-0.0259798 -0.0205422 0.185 3
-0.0246342 -0.0207231 0.185 3
-0.0175249 -0.0201583 0.185105 3
-0.0165362 -0.0200643 0.1854 3
-0.0172735 -0.0180934 0.185286 3
-0.0162054 -0.0183533 0.185571 3
-0.0175993 -0.0164909 0.186 3
-0.0175047 -0.0133877 0.185 3
-0.0169936 -0.0118436 0.186 3
-0.0165897 -0.0118436 0.186 3
-0.0175993 -0.00982303 0.186 3
-0.0175047 -0.00635373 0.185 3
-0.0175678 -0.00556913 0.185667 3
-0.0191114 -0.00233433 0.185 3
-0.0176654 -0.00313821 0.185 3
-0.0193409 -0.000956251 0.185 3
-0.0183081 -0.00112851 0.185 3
-0.0191114 0.000278277 0.185 3
-0.018407 0.000279782 0.186 3
-0.0215213 0.0081161 0.185 3
-0.0203163 0.0081161 0.185 3
-0.0215213 0.00932192 0.185 3
-0.0202159 0.00937216 0.185 3
-0.0218396 0.0115949 0.186 3
-0.0203787 0.010902 0.1852 3
-0.062688 -0.0505702 0.188 3
-0.0662603 -0.0493623 0.187882 3
-0.0641175 -0.049394 0.187409 3
-0.0621013 -0.0493261 0.187667 3
-0.0600905 -0.0487259 0.187889 3
-0.0576855 -0.0486761 0.187 3
-0.0555255 -0.0487209 0.1878 3
-0.053504 -0.0487322 0.188 3
-0.0516672 -0.0487322 0.188 3
-0.040573 -0.0489858 0.187667 3
-0.0388607 -0.0490385 0.188 3
-0.0370749 -0.0488342 0.188 3
-0.0345918 -0.0485279 0.188 3
-0.032687 -0.0485279 0.188 3
-0.0310543 -0.0485279 0.188 3
-0.0659274 -0.0477822 0.187 3
-0.0641815 -0.0482698 0.187 3
-0.0619485 -0.0482698 0.187 3
-0.0589035 -0.0482698 0.187 3
-0.0576855 -0.0482698 0.187 3
-0.0555539 -0.0479651 0.187 3
-0.0536254 -0.0476603 0.187 3
-0.0515954 -0.0476603 0.187 3
-0.0493624 -0.0476603 0.187 3
-0.047332 -0.0474125 0.187444 3
-0.0459113 -0.0476604 0.187 3
-0.0408884 -0.0477685 0.187125 3
-0.0389427 -0.0475425 0.187333 3
-0.036774 -0.0475086 0.187294 3
-0.0345544 -0.0474537 0.187231 3
-0.0325711 -0.0475425 0.187333 3
-0.0304984 -0.0475282 0.1876 3
-0.0283251 -0.0469741 0.1875 3
-0.0262654 -0.0465243 0.187333 3
-0.0243194 -0.0466898 0.188 3
-0.0214621 -0.0464856 0.188 3
-0.0202376 -0.0464856 0.188 3
-0.0254081 -0.0456289 0.187 3
-0.023901 -0.0456596 0.187125 3
-0.0218597 -0.0452765 0.187263 3
-0.020031 -0.0451463 0.187667 3
-0.018809 -0.045056 0.188 3
-0.021348 -0.0435975 0.187 3
-0.0198609 -0.0436168 0.187667 3
-0.018809 -0.0434222 0.188 3
-0.0611365 -0.028565 0.187 3
-0.0598078 -0.0283495 0.187538 3
-0.0578084 -0.0280308 0.188 3
-0.0594633 -0.0268625 0.187167 3
-0.0576655 -0.0263594 0.1872 3
-0.0564675 -0.0261273 0.187 3
-0.0339115 -0.0246332 0.188 3
-0.0325195 -0.0242138 0.187556 3
-0.0304607 -0.0242042 0.187545 3
-0.0283251 -0.0241614 0.1875 3
-0.0264064 -0.0238967 0.187714 3
-0.023882 -0.0240434 0.187375 3
-0.0220157 -0.0241614 0.1875 3
-0.0200011 -0.0237783 0.1877 3
-0.0178749 -0.0238148 0.187545 3
-0.0158644 -0.0239022 0.187824 3
-0.0262201 -0.0228769 0.187 3
-0.019724 -0.0230801 0.187 3
-0.0176649 -0.022906 0.187 3
-0.0162032 -0.0222013 0.187133 3
-0.0160985 -0.0197312 0.187333 3
-0.0171763 -0.0170767 0.188 3
-0.0167681 -0.0170767 0.188 3
-0.0176216 -0.0156656 0.188 3
-0.0167681 -0.0157151 0.188 3
-0.0173759 -0.0140234 0.187222 3
-0.0167146 -0.0137662 0.1874 3
-0.0171458 -0.0116083 0.187667 3
-0.0167384 -0.0116083 0.187667 3
-0.021957 0.0122667 0.187 3
-0.020739 0.0122667 0.187 3
-0.0237751 0.013898 0.188 3
-0.0220688 0.0134588 0.187348 3
-0.020739 0.0130793 0.187 3
-0.023378 0.0149076 0.187 3
-0.022566 0.0149076 0.187 3
-0.0699501 -0.0528711 0.191 3
-0.0683109 -0.0530615 0.191 3
-0.0659691 -0.0532446 0.191 3
-0.0640339 -0.0532445 0.191 3
-0.0621332 -0.0530371 0.191 3
-0.0305131 -0.0526221 0.191 3
-0.0699086 -0.0517921 0.191 3
-0.068351 -0.0514314 0.190294 3
-0.0661082 -0.0515369 0.189476 3
-0.0640517 -0.051632 0.189526 3
-0.061937 -0.0513799 0.189682 3
-0.059838 -0.0512934 0.1903 3
-0.057932 -0.0512155 0.190286 3
-0.0557233 -0.0509018 0.19 3
-0.0536977 -0.0512432 0.1905 3
-0.051455 -0.0511697 0.191 3
-0.0497962 -0.0511697 0.191 3
-0.0475154 -0.0505472 0.191 3
-0.0357333 -0.0504286 0.189 3
-0.0345379 -0.050482 0.1892 3
-0.0323692 -0.0511442 0.190133 3
-0.0304048 -0.0513963 0.190706 3
-0.0289479 -0.0507428 0.1908 3
-0.0679456 -0.049402 0.189 3
-0.0611749 -0.0498126 0.189 3
-0.0599438 -0.0498126 0.189 3
-0.0578921 -0.0498126 0.189 3
-0.0556352 -0.0498126 0.189 3
-0.0533782 -0.0498126 0.189 3
-0.0513052 -0.0497286 0.189571 3
-0.0494051 -0.0495338 0.1895 3
-0.0473805 -0.0494806 0.19 3
-0.046064 -0.0497173 0.191 3
-0.036554 -0.0496073 0.189 3
-0.0346412 -0.0494051 0.189053 3
-0.0325078 -0.0496955 0.189333 3
-0.0303652 -0.0494517 0.189524 3
-0.0284236 -0.0493325 0.19 3
-0.0264866 -0.0492454 0.190375 3
-0.0242489 -0.0490091 0.190667 3
-0.022012 -0.0490948 0.191 3
-0.0199385 -0.0490948 0.191 3
-0.0178651 -0.0490948 0.191 3
-0.0159471 -0.0489392 0.191 3
-0.0142711 -0.0486106 0.191 3
-0.0262953 -0.0477595 0.189 3
-0.0239856 -0.0477143 0.189286 3
-0.0220963 -0.0475577 0.189556 3
-0.0197204 -0.0474546 0.1895 3
-0.0177078 -0.0472244 0.18932 3
-0.0157338 -0.047307 0.19032 3
-0.0143403 -0.0474349 0.191 3
-0.017689 -0.0451185 0.18912 3
-0.0157268 -0.04522 0.19024 3
-0.0175788 -0.0438354 0.190364 3
-0.016178 -0.0438302 0.190667 3
-0.0593283 -0.029897 0.189 3
-0.0587128 -0.0294864 0.189 3
-0.0593283 -0.0290758 0.189 3
-0.0587128 -0.0290758 0.189 3
-0.0348674 -0.0275161 0.191 3
-0.028025 -0.0275161 0.191 3
-0.0342813 -0.0262261 0.189667 3
-0.0324929 -0.0261604 0.189909 3
-0.0304146 -0.0260436 0.189667 3
-0.028422 -0.0260659 0.1895 3
-0.0263202 -0.0261723 0.19 3
-0.0241291 -0.0261596 0.190455 3
-0.0219544 -0.0262034 0.1905 3
-0.0199898 -0.0258817 0.190167 3
-0.0177715 -0.0257208 0.19 3
-0.0157759 -0.0258291 0.1908 3
-0.0144714 -0.0257208 0.19 3
-0.0260901 -0.0247642 0.189 3
-0.0248591 -0.0247642 0.189 3
-0.0199349 -0.0247642 0.189 3
-0.0178319 -0.0248155 0.189 3
-0.015403 -0.0248124 0.189143 3
-0.0144206 -0.0246029 0.189333 3
-0.0154374 -0.0221176 0.1892 3
-0.0156906 -0.0201457 0.189429 3
-0.0162418 -0.0175781 0.189 3
-0.0170625 -0.0161409 0.189 3
-0.0163063 -0.0159978 0.18975 3
-0.016259 -0.013487 0.1892 3
-0.0172431 -0.0107096 0.191 3
-0.0172431 -0.0102946 0.191 3
-0.0178832 -0.00751769 0.189 3
-0.0679819 -0.0551919 0.192 3
-0.066054 -0.0553938 0.192286 3
-0.06446 -0.0553745 0.193 3
-0.0683988 -0.0543576 0.192 3
-0.0663145 -0.0543576 0.192 3
-0.0642711 -0.054104 0.192333 3
-0.0615755 -0.0535584 0.1925 3
-0.0601761 -0.0532869 0.1925 3
-0.0578602 -0.0531731 0.193 3
-0.055765 -0.0533827 0.193 3
-0.0536699 -0.0533827 0.193 3
-0.0517319 -0.0532255 0.193 3
-0.0492401 -0.0529335 0.193 3
-0.0473844 -0.0531731 0.193 3
-0.0459178 -0.0531731 0.193 3
-0.0299946 -0.0529635 0.193 3
-0.0716883 -0.0512862 0.193 3
-0.0707669 -0.0513341 0.192286 3
-0.0613122 -0.0524804 0.192 3
-0.0606868 -0.0524804 0.192 3
-0.057352 -0.0522719 0.192 3
-0.0556845 -0.0522719 0.192 3
-0.0531834 -0.0522719 0.192 3
-0.0515298 -0.0522875 0.19225 3
-0.0491123 -0.0518453 0.192455 3
-0.0471945 -0.0516908 0.192529 3
-0.0458479 -0.051589 0.193 3
-0.0284088 -0.0514073 0.1922 3
-0.0264328 -0.0512861 0.193 3
-0.0243376 -0.0512861 0.193 3
-0.0221028 -0.0514259 0.193 3
-0.0201473 -0.0517055 0.193 3
-0.0180522 -0.0512861 0.193 3
-0.0160618 -0.0509717 0.193 3
-0.0144904 -0.0506572 0.193 3
-0.0701004 -0.0501504 0.192667 3
-0.0465136 -0.0503947 0.192 3
-0.0256705 -0.0501861 0.192 3
-0.0242115 -0.0501862 0.192 3
-0.0221272 -0.0501861 0.192 3
-0.0200429 -0.0501862 0.192 3
-0.0179586 -0.0501862 0.192 3
-0.0157833 -0.0499167 0.192167 3
-0.013585 -0.0491902 0.192526 3
-0.0134126 -0.0470957 0.192583 3
-0.0185839 -0.0441375 0.192 3
-0.015249 -0.0441375 0.192 3
-0.0136907 -0.0451987 0.192714 3
-0.0180155 -0.0427723 0.192 3
-0.0158319 -0.0428123 0.192182 3
-0.0143507 -0.0432492 0.193 3
-0.0176009 -0.0411418 0.193 3
-0.0159302 -0.0409444 0.19268 3
-0.0144904 -0.0410128 0.193 3
-0.0172141 -0.0389162 0.193 3
-0.015957 -0.0389162 0.193 3
-0.0145802 -0.0390959 0.193 3
-0.0172141 -0.0376582 0.193 3
-0.0157974 -0.0368595 0.193 3
-0.0144205 -0.03654 0.193 3
-0.015538 -0.0349326 0.193 3
-0.0142809 -0.0349326 0.193 3
-0.0360705 -0.0296911 0.193 3
-0.035442 -0.0296911 0.193 3
-0.0362676 -0.0286055 0.192143 3
-0.0347059 -0.0285499 0.192571 3
-0.0326335 -0.0281515 0.1925 3
-0.0305438 -0.0281515 0.1925 3
-0.0286423 -0.0284791 0.192833 3
-0.0263643 -0.0281515 0.1925 3
-0.0242746 -0.0281515 0.1925 3
-0.0223356 -0.0281769 0.193 3
-0.0201473 -0.0278042 0.193 3
-0.0180522 -0.0278042 0.193 3
-0.0160967 -0.0278042 0.193 3
-0.0146999 -0.0278042 0.193 3
-0.0198345 -0.0268259 0.192 3
-0.0179586 -0.0268259 0.192 3
-0.0158743 -0.0268259 0.192 3
-0.0146237 -0.0268258 0.192 3
-0.0161235 -0.0156033 0.1925 3
-0.0173334 -0.00972275 0.192 3
-0.0164996 -0.00972275 0.192 3
-0.0217259 -0.0570313 0.194 3
-0.0198501 -0.0570901 0.1942 3
-0.0186626 -0.0573253 0.195 3
-0.0639428 -0.0558107 0.194571 3
-0.0619661 -0.0551662 0.194429 3
-0.0597299 -0.0552069 0.195 3
-0.057613 -0.0552069 0.195 3
-0.0554962 -0.0552069 0.195 3
-0.0534536 -0.0550659 0.1945 3
-0.0510818 -0.0551929 0.1948 3
-0.0492312 -0.0554888 0.1945 3
-0.0476299 -0.0550292 0.194 3
-0.0235549 -0.0556071 0.195 3
-0.02196 -0.0556134 0.1942 3
-0.0198663 -0.0556594 0.19436 3
-0.0186626 -0.0558425 0.195 3
-0.0596342 -0.0540809 0.194 3
-0.0578324 -0.0541043 0.194 3
-0.0556328 -0.0542916 0.194 3
-0.0535268 -0.0542916 0.194 3
-0.0511921 -0.0540688 0.194333 3
-0.0494832 -0.0539122 0.194 3
-0.0474193 -0.0542916 0.194 3
-0.0456643 -0.0527461 0.194 3
-0.0296703 -0.0535123 0.195 3
-0.0282316 -0.053612 0.19481 3
-0.0262384 -0.0532101 0.194667 3
-0.0240659 -0.0536099 0.194783 3
-0.0220119 -0.05357 0.194174 3
-0.0197997 -0.0536357 0.194095 3
-0.0179059 -0.0535124 0.194667 3
-0.0159106 -0.0528768 0.195 3
-0.0724809 -0.0509963 0.194 3
-0.0712173 -0.0504982 0.194 3
-0.028044 -0.0521841 0.194 3
-0.0261486 -0.0521841 0.194 3
-0.0240425 -0.0521841 0.194 3
-0.0223577 -0.0521841 0.194 3
-0.0189881 -0.0521841 0.194 3
-0.0177245 -0.0521841 0.194 3
-0.015702 -0.0518094 0.194286 3
-0.0136118 -0.0512208 0.194571 3
-0.0737445 -0.049023 0.194 3
-0.0724819 -0.0493179 0.194571 3
-0.0710029 -0.0497748 0.1948 3
-0.0128806 -0.0500767 0.194 3
-0.0116964 -0.049281 0.194556 3
-0.0737445 -0.0471262 0.194 3
-0.0729341 -0.0472838 0.19465 3
-0.0120382 -0.0477584 0.194 3
-0.0743015 -0.0450874 0.194941 3
-0.0731248 -0.045539 0.194875 3
-0.0128806 -0.0443865 0.194 3
-0.0744774 -0.0434855 0.195 3
-0.0135013 -0.0431561 0.194286 3
-0.013723 -0.0416468 0.194 3
-0.0170927 -0.0361674 0.194 3
-0.0164609 -0.0357459 0.194 3
-0.0141443 -0.0372211 0.194 3
-0.0171458 -0.0345878 0.1946 3
-0.0158129 -0.0340923 0.194 3
-0.0141443 -0.0338491 0.194 3
-0.0362326 -0.0316935 0.195 3
-0.0347508 -0.0316935 0.195 3
-0.0205678 -0.0316935 0.195 3
-0.0169691 -0.0325408 0.195 3
-0.0156605 -0.0324598 0.19452 3
-0.0141807 -0.0326675 0.1945 3
-0.0384065 -0.0303843 0.19475 3
-0.0367909 -0.0303018 0.194222 3
-0.0345685 -0.0303836 0.194391 3
-0.0325503 -0.0301343 0.1945 3
-0.0304388 -0.0301343 0.1945 3
-0.0284134 -0.0300787 0.194444 3
-0.0262012 -0.0296953 0.1944 3
-0.0241644 -0.0300438 0.194222 3
-0.0218673 -0.0300438 0.194222 3
-0.0203259 -0.0302409 0.195 3
-0.0172513 -0.03014 0.195 3
-0.0156859 -0.030398 0.19484 3
-0.0213047 -0.0287912 0.194 3
-0.0198305 -0.0287913 0.194 3
-0.0177245 -0.0287912 0.194 3
-0.0156787 -0.0285504 0.194 3
-0.0142026 -0.028276 0.1948 3
-0.0141443 -0.0268945 0.194 3
-0.0158291 -0.0150927 0.194 3
-0.0158291 -0.0146712 0.194 3
-0.0169691 -0.0111457 0.195 3
-0.0165457 -0.0111457 0.195 3
-0.065689 -0.0591973 0.197 3
-0.062695 -0.0591973 0.197 3
-0.0655223 -0.0577673 0.1965 3
-0.064029 -0.0577673 0.1965 3
-0.0621484 -0.0578657 0.197 3
-0.0599148 -0.0574852 0.197 3
-0.0534991 -0.0568432 0.197 3
-0.0512587 -0.0575746 0.196333 3
-0.0500359 -0.0571934 0.196 3
-0.01812 -0.0574063 0.196 3
-0.0619512 -0.0563418 0.196 3
-0.0600362 -0.0563417 0.196 3
-0.0579085 -0.0563417 0.196 3
-0.0557808 -0.0563417 0.196 3
-0.0536632 -0.0563078 0.196625 3
-0.0516199 -0.0561762 0.196 3
-0.0262585 -0.055011 0.196 3
-0.0248578 -0.0554191 0.196 3
-0.0177804 -0.055723 0.196286 3
-0.0165015 -0.0549171 0.197 3
-0.0264181 -0.0544255 0.196 3
-0.0251415 -0.0544255 0.196 3
-0.0172689 -0.0544255 0.196 3
-0.0156503 -0.0536905 0.196167 3
-0.0136999 -0.0535521 0.1967 3
-0.0122244 -0.0525631 0.197 3
-0.0130135 -0.0520833 0.196 3
-0.0117664 -0.0513629 0.1965 3
-0.0717813 -0.0487192 0.196 3
-0.0703881 -0.0491931 0.19645 3
-0.0688969 -0.048711 0.197 3
-0.0719255 -0.0472423 0.196421 3
-0.0702896 -0.0475059 0.196958 3
-0.0688969 -0.047855 0.197 3
-0.0736277 -0.0443181 0.1965 3
-0.0727974 -0.0453293 0.196529 3
-0.0759942 -0.042289 0.196 3
-0.0741448 -0.042784 0.196227 3
-0.073174 -0.0431468 0.197 3
-0.0763133 -0.0406389 0.196 3
-0.0743794 -0.0408472 0.196233 3
-0.073174 -0.0410068 0.197 3
-0.0765616 -0.0390243 0.196 3
-0.0746872 -0.0390649 0.196 3
-0.0182124 -0.0390807 0.197 3
-0.0135076 -0.0369407 0.197 3
-0.0414517 -0.0342299 0.197 3
-0.0359627 -0.0337306 0.197 3
-0.0346795 -0.0338911 0.197 3
-0.0329687 -0.0337306 0.197 3
-0.01812 -0.0341981 0.196 3
-0.0405096 -0.0328337 0.19675 3
-0.039 -0.0322938 0.1965 3
-0.0367365 -0.0325097 0.196385 3
-0.0345053 -0.0327073 0.196313 3
-0.0325475 -0.0325257 0.196611 3
-0.0304191 -0.0323084 0.196714 3
-0.0282638 -0.0318045 0.197 3
-0.0264378 -0.0318217 0.196667 3
-0.0249287 -0.031856 0.196 3
-0.0194618 -0.032107 0.196667 3
-0.0181366 -0.0325815 0.1964 3
-0.01429 -0.031856 0.196 3
-0.0400356 -0.0314302 0.196 3
-0.0387589 -0.0314302 0.196 3
-0.0372695 -0.0314302 0.196 3
-0.0336524 -0.0314302 0.196 3
-0.0323758 -0.0314302 0.196 3
-0.0304608 -0.0314302 0.196 3
-0.0276948 -0.0307914 0.196 3
-0.0263117 -0.0308979 0.196 3
-0.0249287 -0.0314302 0.196 3
-0.0195668 -0.0307488 0.196 3
-0.0181808 -0.0306393 0.196 3
-0.01429 -0.0314302 0.196 3
-0.0151411 -0.0150354 0.196 3
-0.063873 -0.0631543 0.198 3
-0.0625335 -0.0632365 0.1988 3
-0.0653776 -0.0616487 0.198 3
-0.0640521 -0.0618279 0.198 3
-0.0622875 -0.0617573 0.198471 3
-0.0653776 -0.059928 0.198 3
-0.0641835 -0.0599758 0.198 3
-0.0617686 -0.0599129 0.198273 3
-0.0601273 -0.0592501 0.198714 3
-0.0579307 -0.0591497 0.199 3
-0.0557704 -0.0591497 0.199 3
-0.053692 -0.0590011 0.1985 3
-0.0522661 -0.0592827 0.198 3
-0.0612937 -0.0584223 0.198 3
-0.0596719 -0.0583644 0.198429 3
-0.0577367 -0.0580905 0.198333 3
-0.0555836 -0.0580905 0.198333 3
-0.0536011 -0.0580413 0.198167 3
-0.0522661 -0.0584223 0.198 3
-0.0171906 -0.0574595 0.198455 3
-0.0156453 -0.0577775 0.199 3
-0.0136927 -0.0577566 0.199 3
-0.0123485 -0.0576365 0.199 3
-0.0168003 -0.0560563 0.198 3
-0.0155294 -0.0558044 0.19825 3
-0.013726 -0.0557041 0.198444 3
-0.0121757 -0.0556909 0.199 3
-0.0118782 -0.053792 0.198375 3
-0.0114266 -0.0523997 0.198 3
-0.0719461 -0.0464552 0.198333 3
-0.0713246 -0.0466114 0.199 3
-0.0723642 -0.0451579 0.198647 3
-0.0713246 -0.0457467 0.199 3
-0.0726527 -0.0430441 0.1985 3
-0.0726802 -0.0409724 0.198444 3
-0.0729007 -0.0394942 0.198 3
-0.0443209 -0.0379642 0.199 3
-0.0434136 -0.0382236 0.199 3
-0.0443209 -0.0375319 0.199 3
-0.0430642 -0.0368029 0.198562 3
-0.0415441 -0.0362706 0.198857 3
-0.0343835 -0.0360186 0.199 3
-0.0425935 -0.0356225 0.198 3
-0.0406094 -0.0347622 0.198 3
-0.0390485 -0.034487 0.198714 3
-0.0366637 -0.0346838 0.198625 3
-0.0345376 -0.0350051 0.1984 3
-0.0324987 -0.0345297 0.198429 3
-0.0304197 -0.0342403 0.198714 3
-0.0283347 -0.0338569 0.199 3
-0.0270385 -0.0338569 0.199 3
-0.0136446 -0.0338569 0.199 3
-0.0388201 -0.0332804 0.198 3
-0.037005 -0.0334716 0.198 3
-0.0320612 -0.0334716 0.198 3
-0.0304134 -0.0332565 0.198 3
-0.0284072 -0.0328264 0.198 3
-0.0262835 -0.0328595 0.1982 3
-0.0246622 -0.0329922 0.199 3
-0.0135761 -0.0328263 0.198 3
-0.0161555 -0.0175548 0.198 3
-0.0161555 -0.0166944 0.198 3
-0.0171012 -0.0128875 0.199 3
-0.0158358 -0.0138323 0.198778 3
-0.0171012 -0.0124552 0.199 3
-0.0162371 -0.0120228 0.199 3
-0.0615749 -0.0636347 0.2006 3
-0.0615464 -0.0623814 0.200545 3
-0.0605469 -0.0612551 0.2008 3
-0.0541489 -0.0612727 0.201 3
-0.0612615 -0.0607506 0.2 3
-0.0596963 -0.0602126 0.200182 3
-0.0576433 -0.0601739 0.20025 3
-0.0558106 -0.0603092 0.2007 3
-0.0538795 -0.0600988 0.2 3
-0.015016 -0.0590124 0.2 3
-0.011325 -0.0577088 0.2 3
-0.0100343 -0.0574902 0.20025 3
-0.011246 -0.0557732 0.2 3
-0.00984112 -0.0557445 0.20075 3
-0.0109016 -0.0534161 0.2002 3
-0.00998223 -0.053905 0.200667 3
-0.0109452 -0.0523203 0.201 3
-0.0117592 -0.0492356 0.2 3
-0.071605 -0.0462064 0.201 3
-0.0711686 -0.0462064 0.201 3
-0.071854 -0.0448939 0.2006 3
-0.0711686 -0.0451146 0.201 3
-0.0719979 -0.0430509 0.200692 3
-0.0709068 -0.0427128 0.201 3
-0.0718579 -0.0412885 0.200143 3
-0.0707617 -0.0412885 0.200636 3
-0.0425843 -0.0405293 0.201 3
-0.0417115 -0.0405293 0.201 3
-0.0428861 -0.0390972 0.200375 3
-0.0414621 -0.0385953 0.201 3
-0.0423725 -0.0377205 0.2 3
-0.0407656 -0.0368123 0.200375 3
-0.0387782 -0.0367269 0.2005 3
-0.0367083 -0.0367854 0.200556 3
-0.0347553 -0.0364467 0.2004 3
-0.0325717 -0.0362724 0.200571 3
-0.0304689 -0.0359482 0.200889 3
-0.0284013 -0.0359439 0.201 3
-0.0262193 -0.0359439 0.201 3
-0.0246918 -0.0359439 0.201 3
-0.013419 -0.036301 0.2008 3
-0.0120362 -0.035944 0.201 3
-0.0384644 -0.0353305 0.2 3
-0.0326023 -0.0355478 0.2 3
-0.0300837 -0.0350264 0.2 3
-0.02826 -0.034896 0.2 3
-0.0260488 -0.0345864 0.200444 3
-0.0244009 -0.0347794 0.201 3
-0.0132537 -0.0348393 0.200571 3
-0.0115998 -0.0346339 0.201 3
-0.0131771 -0.0326877 0.200667 3
-0.0120362 -0.0333237 0.201 3
-0.0609969 -0.0637719 0.202 3
-0.0599167 -0.0640244 0.2028 3
-0.0577729 -0.0640876 0.203 3
-0.055884 -0.0640245 0.203 3
-0.0609969 -0.0624553 0.202 3
-0.0597146 -0.0622025 0.202444 3
-0.0577439 -0.0622369 0.202556 3
-0.0557688 -0.062055 0.202125 3
-0.054199 -0.0624553 0.202 3
-0.0105611 -0.0528 0.202 3
-0.00961496 -0.0532557 0.2024 3
-0.0703425 -0.0448759 0.202111 3
-0.0692323 -0.0446815 0.203 3
-0.071742 -0.0435837 0.202 3
-0.0701608 -0.0431332 0.202 3
-0.0688912 -0.0433642 0.202 3
-0.0401647 -0.0420476 0.202 3
-0.0390413 -0.0422557 0.203 3
-0.0405406 -0.0408563 0.202 3
-0.0389412 -0.0408724 0.203 3
-0.0374987 -0.040271 0.203 3
-0.0404937 -0.03914 0.202 3
-0.0387902 -0.0388694 0.202333 3
-0.0368295 -0.0387165 0.202556 3
-0.0348543 -0.0383745 0.203 3
-0.0326505 -0.0378452 0.203 3
-0.0304468 -0.0378452 0.203 3
-0.0281452 -0.0380412 0.203 3
-0.0262598 -0.0380658 0.203 3
-0.0242764 -0.0380657 0.203 3
-0.0229542 -0.0380658 0.203 3
-0.0182361 -0.038756 0.202 3
-0.0129732 -0.0380977 0.202 3
-0.0345812 -0.0374343 0.202143 3
-0.0324166 -0.0372262 0.202714 3
-0.0303123 -0.0370189 0.2021 3
-0.0283233 -0.0370005 0.202 3
-0.0263497 -0.0370005 0.202 3
-0.0239924 -0.0366713 0.202 3
-0.0225671 -0.0368726 0.2025 3
-0.0129732 -0.0372199 0.202 3
-0.0113915 -0.0366767 0.202286 3
-0.0101225 -0.0361228 0.202 3
-0.011219 -0.0337089 0.202 3
-0.0149468 -0.031734 0.202 3
-0.0136311 -0.031734 0.202 3
-0.0115271 -0.0323893 0.2024 3
-0.0101225 -0.0326118 0.202 3
-0.0150208 -0.031009 0.203 3
-0.0136986 -0.031009 0.203 3
-0.0108871 -0.0526579 0.204 3
-0.00977981 -0.0526579 0.204 3
-0.0110081 -0.0514779 0.2046 3
-0.00980378 -0.0516751 0.2045 3
-0.0113855 -0.0502437 0.205 3
-0.0347526 -0.0444536 0.205 3
-0.0334173 -0.0444536 0.205 3
-0.0381264 -0.0422423 0.204 3
-0.0366992 -0.0426363 0.204 3
-0.0347526 -0.0431174 0.205 3
-0.0334173 -0.0431174 0.205 3
-0.019081 -0.0422423 0.204 3
-0.0186381 -0.0422423 0.204 3
-0.0381264 -0.0413558 0.204 3
-0.0366992 -0.0409618 0.204 3
-0.0347994 -0.0410077 0.205 3
-0.0327815 -0.0401906 0.205 3
-0.0303017 -0.0399997 0.205 3
-0.0282989 -0.0399997 0.205 3
-0.0262959 -0.0399997 0.205 3
-0.0237144 -0.0401779 0.205 3
-0.0220677 -0.0402224 0.205 3
-0.0200575 -0.0406007 0.204923 3
-0.0186381 -0.0415774 0.204 3
-0.0149463 -0.0406678 0.205 3
-0.0140561 -0.0402224 0.205 3
-0.0361332 -0.0395829 0.204 3
-0.0344759 -0.0392265 0.204067 3
-0.0325658 -0.0390264 0.204385 3
-0.0304984 -0.0389824 0.204333 3
-0.0284375 -0.0391283 0.2044 3
-0.026194 -0.0391783 0.2042 3
-0.0241746 -0.0391397 0.204 3
-0.0221064 -0.0387884 0.204222 3
-0.0201883 -0.0391397 0.204 3
-0.0135446 -0.0391397 0.204 3
-0.0117659 -0.0385882 0.204429 3
-0.0102728 -0.0384408 0.205 3
-0.0113855 -0.0315372 0.205 3
-0.0135667 -0.0301021 0.204333 3
-0.0118771 -0.03073 0.204714 3
-0.0149462 -0.0277514 0.205 3
-0.013611 -0.0284195 0.205 3
-0.0122757 -0.0288649 0.205 3
-0.0149462 -0.0266379 0.205 3
-0.0138335 -0.0267492 0.205 3
-0.0150948 -0.0156491 0.204 3
-0.0146519 -0.0156491 0.204 3
-0.0169491 -0.00926758 0.205 3
-0.016504 -0.00926758 0.205 3
-0.0169491 -0.0083768 0.205 3
-0.016504 -0.0083768 0.205 3
-0.0107702 -0.0507126 0.206 3
-0.00923677 -0.0509683 0.206 3
-0.0128988 -0.049379 0.206667 3
-0.0115807 -0.0494212 0.2065 3
-0.0094255 -0.0493617 0.20675 3
-0.00786304 -0.0498175 0.206 3
-0.0114967 -0.0480355 0.207 3
-0.0092495 -0.0480355 0.207 3
-0.0326241 -0.044763 0.206083 3
-0.0310468 -0.0451122 0.207 3
-0.0200358 -0.0446624 0.207 3
-0.0325008 -0.0431563 0.20625 3
-0.0305599 -0.0431258 0.207 3
-0.0285749 -0.0421889 0.207 3
-0.0211593 -0.0421889 0.207 3
-0.0201321 -0.0430884 0.207 3
-0.0148674 -0.0426386 0.207 3
-0.0134718 -0.042828 0.207 3
-0.0121708 -0.0428635 0.207 3
-0.0340276 -0.0417613 0.206 3
-0.0325864 -0.0413635 0.206 3
-0.0305421 -0.0411963 0.20625 3
-0.0283166 -0.0411156 0.206286 3
-0.026077 -0.0410249 0.2068 3
-0.024261 -0.0408787 0.206625 3
-0.0218392 -0.041231 0.206333 3
-0.0206099 -0.0413137 0.206 3
-0.0134169 -0.0411439 0.206429 3
-0.0116925 -0.040854 0.2065 3
-0.0103731 -0.0406148 0.207 3
-0.0111536 -0.0392997 0.206 3
-0.010323 -0.0390013 0.206 3
-0.0107702 -0.0375094 0.206 3
-0.010323 -0.0375094 0.206 3
-0.0115331 -0.0298749 0.206333 3
-0.0103731 -0.0302708 0.207 3
-0.0116927 -0.0282504 0.206 3
-0.010323 -0.0283343 0.206 3
-0.0154664 -0.0256489 0.206 3
-0.0133986 -0.0259225 0.206143 3
-0.0119446 -0.0266626 0.206429 3
-0.0155415 -0.0241993 0.207 3
-0.0138936 -0.0245741 0.207 3
-0.0158411 -0.0221006 0.207 3
-0.0170732 -0.0198798 0.2065 3
-0.0161765 -0.0198798 0.2065 3
-0.0170869 -0.0111397 0.206667 3
-0.0163484 -0.010946 0.2064 3
-0.0170318 -0.0102079 0.206 3
-0.015604 -0.00928517 0.206421 3
-0.0141932 -0.00913313 0.207 3
-0.012907 -0.0487194 0.208 3
-0.0115522 -0.0487194 0.208 3
-0.0104232 -0.0487194 0.208 3
-0.0300678 -0.0466858 0.208 3
-0.0281703 -0.0466832 0.209 3
-0.0272628 -0.0466832 0.209 3
-0.012907 -0.0473637 0.208 3
-0.0115522 -0.0472633 0.208 3
-0.0100063 -0.0472247 0.208 3
-0.0300678 -0.0453301 0.208 3
-0.0286223 -0.0450986 0.208545 3
-0.0272628 -0.0450939 0.209 3
-0.0213638 -0.0444128 0.209 3
-0.02091 -0.0444128 0.209 3
-0.0149392 -0.0442003 0.208 3
-0.0134124 -0.0450611 0.208 3
-0.0115522 -0.0451041 0.208 3
-0.00997159 -0.0451041 0.208 3
-0.028456 -0.0432794 0.208187 3
-0.0263563 -0.0430178 0.208563 3
-0.024118 -0.0430248 0.208714 3
-0.0220829 -0.0430259 0.208538 3
-0.0204372 -0.0431974 0.208143 3
-0.0149392 -0.0437484 0.208 3
-0.0144876 -0.0437484 0.208 3
-0.0113264 -0.0430706 0.208 3
-0.00997159 -0.0430706 0.208 3
-0.027584 -0.0419408 0.208 3
-0.0262292 -0.0419408 0.208 3
-0.024197 -0.0419408 0.208 3
-0.0223906 -0.0419408 0.208 3
-0.0108748 -0.0417149 0.208 3
-0.00997159 -0.0417149 0.208 3
-0.0108748 -0.0292873 0.208 3
-0.0104232 -0.0292873 0.208 3
-0.0126812 -0.0252201 0.208 3
-0.011649 -0.0256074 0.208 3
-0.0132884 -0.0238737 0.208083 3
-0.0117922 -0.0241184 0.20825 3
-0.015165 -0.0218308 0.208 3
-0.0136932 -0.0221663 0.208478 3
-0.0120161 -0.0227984 0.209 3
-0.0151796 -0.0198153 0.2082 3
-0.0143303 -0.0205734 0.209 3
-0.0157568 -0.0180219 0.208375 3
-0.0160682 -0.0166338 0.208 3
-0.0156916 -0.0130811 0.209 3
-0.0143303 -0.0130811 0.209 3
-0.0155735 -0.0115503 0.208286 3
-0.0139028 -0.011364 0.208429 3
-0.015165 -0.010307 0.208 3
-0.0135844 -0.00996808 0.208 3
-0.0252331 -0.0485053 0.211 3
-0.0240879 -0.0485053 0.211 3
-0.0224844 -0.0485053 0.211 3
-0.0259533 -0.0469723 0.210294 3
-0.0240878 -0.04713 0.211 3
-0.0220861 -0.0470502 0.211 3
-0.0262534 -0.0450816 0.21 3
-0.0242356 -0.0449182 0.2103 3
-0.0221581 -0.0451024 0.210625 3
-0.0128031 -0.0215844 0.21 3
-0.0118 -0.0219494 0.21 3
-0.0135996 -0.0198791 0.210238 3
-0.011957 -0.0201783 0.210538 3
-0.0153837 -0.0171029 0.211 3
-0.0137638 -0.0177698 0.21076 3
-0.012406 -0.0177905 0.211 3
-0.0153108 -0.0151968 0.21 3
-0.0141834 -0.015906 0.211333 3
-0.0153108 -0.0142843 0.21 3
-0.0137672 -0.0138149 0.210286 3
-0.0134871 -0.0122312 0.21 3
-0.010905 -0.0362388 0.213 3
-0.010905 -0.0353132 0.213 3
-0.0136797 -0.0154139 0.213 3
