-0.0845681 -0.0168892 0.153 3
-0.0850664 -0.0155596 0.153 3
-0.0852325 -0.0142299 0.153 3
-0.0746026 -0.0111385 0.153 3
-0.0726427 -0.010939 0.153 3
-0.070118 -0.0109058 0.153 3
-0.068291 -0.0107396 0.153 3
-0.0666301 -0.0107396 0.153 3
-0.0639726 -0.0107395 0.153 3
-0.0721414 -0.00971208 0.153 3
-0.0702841 -0.00940989 0.153 3
-0.068291 -0.00940989 0.153 3
-0.0661318 -0.00940989 0.153 3
-0.0639726 -0.00940989 0.153 3
-0.0619795 -0.00940989 0.153 3
-0.0598203 -0.00940989 0.153 3
-0.0583254 -0.0097423 0.153 3
-0.0716129 -0.00808023 0.153 3
-0.0681249 -0.00791403 0.153 3
-0.0659325 -0.00788079 0.153 3
-0.0644709 -0.00758161 0.153 3
-0.0619795 -0.00808023 0.153 3
-0.0829814 -0.019299 0.155 3
-0.0816353 -0.019299 0.155 3
-0.0947935 -0.0173121 0.155 3
-0.0937503 -0.0174468 0.155 3
-0.0887024 -0.01711 0.155 3
-0.0868205 -0.0174767 0.154467 3
-0.084954 -0.0178417 0.154421 3
-0.0834301 -0.0184009 0.155 3
-0.0966562 -0.0149921 0.154 3
-0.095249 -0.0157768 0.154484 3
-0.0934453 -0.0158329 0.154667 3
-0.0913747 -0.0157193 0.154774 3
-0.0893 -0.0158154 0.154733 3
-0.0870854 -0.0157895 0.154061 3
-0.0855221 -0.0162635 0.154 3
-0.0759479 -0.0149547 0.155 3
-0.0753254 -0.0150053 0.155 3
-0.0966562 -0.0143229 0.154 3
-0.0954263 -0.0140242 0.154 3
-0.0936014 -0.0141708 0.154 3
-0.0912522 -0.013925 0.154 3
-0.0891332 -0.0136537 0.154 3
-0.0871805 -0.0136617 0.154095 3
-0.0799383 -0.0128173 0.154 3
-0.0786009 -0.0130403 0.154 3
-0.0766469 -0.0135529 0.154053 3
-0.0747551 -0.0134598 0.15445 3
-0.072603 -0.0132049 0.154923 3
-0.0705451 -0.0131454 0.155 3
-0.0681741 -0.0129005 0.155 3
-0.0661549 -0.0129005 0.155 3
-0.0644723 -0.0129005 0.155 3
-0.0584148 -0.0129005 0.155 3
-0.0887024 -0.012227 0.155 3
-0.0872982 -0.0121954 0.1546 3
-0.0823084 -0.0115534 0.155 3
-0.0808873 -0.0115181 0.154533 3
-0.0787681 -0.0114789 0.154 3
-0.0768664 -0.0115207 0.154 3
-0.0747001 -0.0118507 0.154 3
-0.0723393 -0.0118439 0.154 3
-0.070476 -0.0118804 0.154 3
-0.0682929 -0.0118621 0.154333 3
-0.0660136 -0.0115922 0.154375 3
-0.0640443 -0.0115922 0.154375 3
-0.0620997 -0.0113448 0.154438 3
-0.0597295 -0.0114057 0.154588 3
-0.0581326 -0.0118108 0.154571 3
-0.0799383 -0.0101406 0.154 3
-0.0787681 -0.0101406 0.154 3
-0.0768455 -0.00997329 0.154 3
-0.0746494 -0.00977558 0.154 3
-0.07285 -0.00920372 0.154 3
-0.0792231 -0.023357 0.157 3
-0.0821773 -0.0210829 0.157 3
-0.0808138 -0.021552 0.157 3
-0.0791221 -0.0219673 0.157 3
-0.0916956 -0.0191661 0.156667 3
-0.0869495 -0.0190363 0.157 3
-0.0854601 -0.019337 0.156667 3
-0.082165 -0.0202294 0.1562 3
-0.0807412 -0.020365 0.1562 3
-0.0794515 -0.0203758 0.156429 3
-0.0945245 -0.0184067 0.156 3
-0.0931455 -0.0178256 0.156 3
-0.0913457 -0.017832 0.1563 3
-0.0894079 -0.0178527 0.156333 3
-0.0869495 -0.0186952 0.157 3
-0.0855489 -0.0182372 0.156 3
-0.0748486 -0.0169897 0.157 3
-0.052692 -0.0169897 0.157 3
-0.0511581 -0.0171034 0.157 3
-0.0498161 -0.0170509 0.156 3
-0.0757008 -0.0161369 0.157 3
-0.0745751 -0.0156309 0.156667 3
-0.0725216 -0.0154523 0.15676 3
-0.0707825 -0.0150892 0.157 3
-0.0678607 -0.014943 0.157 3
-0.0654747 -0.014943 0.157 3
-0.064452 -0.014943 0.157 3
-0.055419 -0.0151135 0.157 3
-0.0533518 -0.0156069 0.156375 3
-0.0515078 -0.0158156 0.156154 3
-0.0740331 -0.0143395 0.156 3
-0.0723397 -0.0143395 0.156 3
-0.070198 -0.014118 0.156273 3
-0.0683237 -0.0140465 0.1565 3
-0.0661964 -0.0140761 0.156538 3
-0.0638421 -0.0137724 0.156389 3
-0.0619843 -0.0134449 0.156857 3
-0.0597688 -0.0137168 0.156615 3
-0.0577866 -0.0137808 0.156375 3
-0.0558797 -0.0140586 0.156222 3
-0.0543886 -0.0143395 0.156 3
-0.0828394 -0.0109501 0.156 3
-0.0618399 -0.0123058 0.156 3
-0.0606545 -0.0123059 0.156 3
-0.0804709 -0.0232769 0.158 3
-0.0782329 -0.02367 0.158333 3
-0.0771829 -0.0237697 0.159 3
-0.0909915 -0.0211788 0.159 3
-0.0828081 -0.0220156 0.1588 3
-0.0809283 -0.0225903 0.158 3
-0.0781743 -0.0226791 0.158182 3
-0.0771829 -0.0230788 0.159 3
-0.0910944 -0.0199805 0.15864 3
-0.0894987 -0.0196606 0.158667 3
-0.0874551 -0.0199667 0.158647 3
-0.0832153 -0.020874 0.158 3
-0.0737308 -0.0191061 0.159 3
-0.0892185 -0.0188143 0.158 3
-0.0881894 -0.0188143 0.158 3
-0.0741145 -0.0178076 0.1582 3
-0.0726616 -0.0175202 0.158714 3
-0.0709691 -0.0170334 0.159 3
-0.0682074 -0.0170334 0.159 3
-0.0661361 -0.0170334 0.159 3
-0.0649279 -0.0170334 0.159 3
-0.0525131 -0.0176128 0.158 3
-0.0515983 -0.01767 0.158 3
-0.0499403 -0.0177844 0.158 3
-0.0742962 -0.0167546 0.158 3
-0.0724666 -0.0164113 0.158 3
-0.0703664 -0.0158766 0.158364 3
-0.0681406 -0.0158467 0.158444 3
-0.0661496 -0.0158778 0.158462 3
-0.0640389 -0.0157826 0.158571 3
-0.062074 -0.0154563 0.158765 3
-0.0600294 -0.0155834 0.158455 3
-0.0577695 -0.0154902 0.1584 3
-0.0559972 -0.0157434 0.158429 3
-0.0543998 -0.0164113 0.158 3
-0.0619467 -0.0145233 0.158 3
-0.0607461 -0.0145233 0.158 3
-0.0988738 0.00116037 0.159 3
-0.0984135 0.00127552 0.159 3
-0.0987587 0.0024846 0.159 3
-0.0984135 0.0024846 0.159 3
-0.0865037 0.0038664 0.159 3
-0.0858133 0.0038664 0.159 3
-0.0867799 0.00462639 0.159 3
-0.0851759 0.00500905 0.159 3
-0.0830515 0.00542093 0.159 3
-0.0809803 0.00576638 0.159 3
-0.0788161 0.00579296 0.159 3
-0.0770103 0.00611184 0.159 3
-0.080635 0.00680274 0.159 3
-0.0785072 0.00704112 0.158727 3
-0.0764618 0.00736115 0.158937 3
-0.0744212 0.00783908 0.159 3
-0.0723499 0.00783908 0.159 3
-0.0704513 0.00801181 0.159 3
-0.0682074 0.00818453 0.159 3
-0.0663087 0.00818454 0.159 3
-0.0737308 0.00887544 0.159 3
-0.07235 0.00887544 0.159 3
-0.0703177 0.00921507 0.158462 3
-0.0679785 0.00927733 0.158 3
-0.0660632 0.00950618 0.158 3
-0.0506015 0.0144027 0.159 3
-0.0491456 0.0143302 0.1582 3
-0.047294 0.0143423 0.158333 3
-0.0505152 0.0156117 0.159 3
-0.0492128 0.0157915 0.158625 3
-0.0473687 0.0155945 0.158467 3
-0.0504289 0.0169935 0.159 3
-0.0492207 0.0169935 0.159 3
-0.0476672 0.0169935 0.159 3
-0.08899 -0.023544 0.161 3
-0.0831641 -0.0237772 0.161 3
-0.0769736 -0.024093 0.16 3
-0.0906456 -0.0218086 0.16 3
-0.0892874 -0.0221121 0.1605 3
-0.0873621 -0.0216418 0.1609 3
-0.0850846 -0.0219292 0.160556 3
-0.0839214 -0.0228444 0.161 3
-0.07326 -0.0214452 0.161 3
-0.0903479 -0.0206167 0.16 3
-0.0893057 -0.0206168 0.16 3
-0.0867003 -0.0206168 0.16 3
-0.0853108 -0.0206168 0.16 3
-0.0736734 -0.0195739 0.16 3
-0.0726307 -0.019782 0.160625 3
-0.0706384 -0.0195213 0.161 3
-0.0678419 -0.0193464 0.161 3
-0.0662689 -0.0193464 0.161 3
-0.0641716 -0.0193464 0.161 3
-0.0629481 -0.0193464 0.161 3
-0.0594411 -0.0192863 0.1605 3
-0.0581126 -0.0195796 0.161 3
-0.0721536 -0.0182703 0.16 3
-0.0703527 -0.0179721 0.160118 3
-0.0683276 -0.0182413 0.1605 3
-0.0662368 -0.0182413 0.1605 3
-0.064226 -0.0178991 0.160556 3
-0.062008 -0.0178017 0.160059 3
-0.0599038 -0.0178932 0.1602 3
-0.0580296 -0.0177959 0.160812 3
-0.055957 -0.0172476 0.161 3
-0.0541542 -0.0177362 0.160667 3
-0.0523672 -0.0178937 0.16 3
-0.0634256 -0.0164452 0.16 3
-0.0622098 -0.0164452 0.16 3
-0.0597781 -0.0164452 0.16 3
-0.0580411 -0.0165032 0.16 3
-0.0561305 -0.0166191 0.16 3
-0.0994767 -0.013225 0.161 3
-0.0404018 -0.0128752 0.161 3
-0.0393532 -0.0128752 0.161 3
-0.0994767 -0.0125254 0.161 3
-0.0404018 -0.0125254 0.161 3
-0.0393532 -0.0125254 0.161 3
-0.0983215 -0.000735247 0.1606 3
-0.0993799 0.000240672 0.16 3
-0.0976797 0.000906461 0.160261 3
-0.0956265 0.00102539 0.160625 3
-0.093583 0.00131769 0.160923 3
-0.0914369 0.00129157 0.161 3
-0.0895143 0.00140816 0.161 3
-0.0881161 0.00164136 0.161 3
-0.0993799 0.0035431 0.16 3
-0.0976953 0.00304527 0.160139 3
-0.095422 0.00304601 0.160263 3
-0.0934311 0.00298083 0.160471 3
-0.0911895 0.00297627 0.160091 3
-0.0891551 0.00298737 0.160158 3
-0.0872056 0.00291904 0.160515 3
-0.0850282 0.00330115 0.160357 3
-0.0830054 0.00338426 0.16075 3
-0.0809471 0.00352074 0.160684 3
-0.0788651 0.00358109 0.160895 3
-0.076974 0.00378386 0.161 3
-0.0746582 0.00391504 0.161 3
-0.07326 0.00391504 0.161 3
-0.0992354 0.00455331 0.160571 3
-0.0980015 0.00452387 0.160875 3
-0.0956315 0.00426483 0.161 3
-0.093709 0.00426483 0.161 3
-0.0911573 0.00424364 0.1602 3
-0.089132 0.00458597 0.16 3
-0.0877425 0.00423834 0.16 3
-0.0849634 0.00423834 0.16 3
-0.0826012 0.00444692 0.16 3
-0.0807948 0.00458597 0.16 3
-0.078643 0.00472775 0.160217 3
-0.0766737 0.00505249 0.160444 3
-0.0745814 0.00514286 0.160579 3
-0.0727006 0.00533448 0.160897 3
-0.0707432 0.00580393 0.161 3
-0.0683662 0.00601381 0.161 3
-0.0671428 0.00601381 0.161 3
-0.0761051 0.00649789 0.16 3
-0.0745419 0.00667171 0.16 3
-0.072488 0.00666173 0.160211 3
-0.0703306 0.00699056 0.160214 3
-0.06839 0.00703579 0.1604 3
-0.0669265 0.00710098 0.160111 3
-0.0464038 0.0144932 0.16 3
-0.0457045 0.0141676 0.16075 3
-0.0465775 0.0160575 0.16 3
-0.0458296 0.0155513 0.160846 3
-0.0507461 0.017448 0.16 3
-0.0493565 0.0179695 0.16 3
-0.047278 0.017813 0.160417 3
-0.0459947 0.0172073 0.161 3
-0.0507137 0.019481 0.161 3
-0.0494903 0.0198308 0.161 3
-0.047859 0.0193644 0.161 3
-0.0493155 0.02123 0.161 3
-0.084787 -0.0298568 0.163 3
-0.0863795 -0.0280861 0.163 3
-0.0851408 -0.0284403 0.163 3
-0.0839023 -0.0287944 0.163 3
-0.086812 -0.0261187 0.163 3
-0.0857223 -0.0262143 0.163 3
-0.0884901 -0.0239793 0.162167 3
-0.0872189 -0.0241085 0.16273 3
-0.0853286 -0.0241179 0.1625 3
-0.077886 -0.0245447 0.163 3
-0.0775321 -0.0245447 0.163 3
-0.0884876 -0.0228103 0.162 3
-0.0873444 -0.0225463 0.162 3
-0.0854979 -0.0228103 0.162 3
-0.0736392 -0.0224198 0.163 3
-0.0724864 -0.0215714 0.162545 3
-0.0704835 -0.0213856 0.162692 3
-0.0678707 -0.0213929 0.163 3
-0.0658649 -0.0216837 0.162909 3
-0.0552365 -0.0211804 0.163 3
-0.0541749 -0.0211804 0.163 3
-0.0723081 -0.0206985 0.162 3
-0.0700777 -0.0202254 0.16213 3
-0.0681953 -0.0202968 0.1623 3
-0.0660564 -0.0204004 0.16225 3
-0.0645702 -0.0201705 0.162 3
-0.0573598 -0.0196426 0.162 3
-0.0557844 -0.0198237 0.162622 3
-0.0537569 -0.0198097 0.162806 3
-0.0518029 -0.0192168 0.162727 3
-0.0501051 -0.0190555 0.163 3
-0.0572593 -0.018285 0.162 3
-0.055777 -0.0182347 0.162 3
-0.0536666 -0.0185867 0.162 3
-0.0518503 -0.0185417 0.162375 3
-0.0400189 -0.0171077 0.163 3
-0.0394882 -0.0171077 0.163 3
-0.0403017 -0.0156649 0.162714 3
-0.0388183 -0.0156606 0.162667 3
-0.0366621 -0.0156297 0.162737 3
-0.0352414 -0.015337 0.163 3
-0.0992152 -0.0131312 0.162 3
-0.0979453 -0.0134252 0.162375 3
-0.0406527 -0.0138351 0.162 3
-0.0388941 -0.0138351 0.162 3
-0.0367912 -0.0139083 0.162167 3
-0.0352414 -0.0142746 0.163 3
-0.0990394 -0.0120752 0.162 3
-0.0982855 -0.0121125 0.1625 3
-0.0989912 -0.00258001 0.1625 3
-0.0990393 -0.00186814 0.162 3
-0.0975795 -0.00130988 0.1625 3
-0.0953904 -0.000788686 0.162538 3
-0.0936777 -0.000563875 0.162857 3
-0.091511 -0.000817239 0.163 3
-0.0897415 -0.000463098 0.163 3
-0.0951703 0.000243681 0.162 3
-0.0934117 0.000243681 0.162 3
-0.0913014 0.000243681 0.162 3
-0.0891291 0.000623186 0.162308 3
-0.0872429 0.00094994 0.162632 3
-0.0851689 0.00115147 0.162571 3
-0.0831184 0.00140141 0.162727 3
-0.0808941 0.00166175 0.163 3
-0.0761165 0.00166175 0.163 3
-0.0747009 0.00166175 0.163 3
-0.0937634 0.00393935 0.162 3
-0.0862013 0.0023555 0.162 3
-0.0849703 0.0023555 0.162 3
-0.0827923 0.00239611 0.162 3
-0.0807496 0.00253148 0.162 3
-0.0787109 0.0026034 0.162545 3
-0.0765763 0.00288926 0.1624 3
-0.0744342 0.00288965 0.162419 3
-0.0725004 0.00342361 0.162615 3
-0.0703452 0.00374574 0.163 3
-0.0681539 0.0037866 0.163 3
-0.0667382 0.00396367 0.163 3
-0.0993207 0.00562881 0.162 3
-0.0975166 0.00547827 0.162143 3
-0.0956975 0.00506952 0.1625 3
-0.0939644 0.00457017 0.1625 3
-0.0720677 0.00457466 0.162067 3
-0.0702137 0.00500056 0.1622 3
-0.0680484 0.00502502 0.162303 3
-0.0661681 0.0054043 0.16271 3
-0.064539 0.00578497 0.163 3
-0.0991319 0.00723454 0.162875 3
-0.0976826 0.00709845 0.162867 3
-0.0672081 0.0067551 0.162 3
-0.0662148 0.00653803 0.162444 3
-0.0644379 0.00644266 0.163 3
-0.098943 0.00856751 0.163 3
-0.0982351 0.00856751 0.163 3
-0.0423546 0.0101257 0.163 3
-0.0415672 0.00976274 0.163 3
-0.0446976 0.0121226 0.162 3
-0.0430069 0.0116329 0.162474 3
-0.0416114 0.0114006 0.163 3
-0.0448735 0.0136185 0.162 3
-0.0432166 0.0136383 0.162514 3
-0.0417884 0.0128172 0.163 3
-0.0449572 0.0158545 0.162161 3
-0.0435143 0.0155561 0.162714 3
-0.0467577 0.0184706 0.162 3
-0.0454311 0.0177553 0.162692 3
-0.0439118 0.0170669 0.163 3
-0.0485666 0.0206579 0.162 3
-0.0471807 0.0200501 0.1624 3
-0.0493378 0.0223875 0.162143 3
-0.0480594 0.0218031 0.162667 3
-0.0506359 0.0236185 0.163 3
-0.0493972 0.0236185 0.163 3
-0.0843944 -0.0296855 0.165 3
-0.0843944 -0.0289685 0.165 3
-0.0786625 -0.0253836 0.165 3
-0.0768714 -0.0253836 0.165 3
-0.0766469 -0.0246332 0.164778 3
-0.0745218 -0.0240972 0.164778 3
-0.0725115 -0.0239785 0.1647 3
-0.0703283 -0.0238096 0.164818 3
-0.0684169 -0.0236988 0.165 3
-0.0664824 -0.023412 0.165 3
-0.074269 -0.0230919 0.164 3
-0.0724887 -0.0227356 0.164 3
-0.0702929 -0.022409 0.164 3
-0.0683939 -0.0223199 0.164 3
-0.0661388 -0.0222605 0.164 3
-0.0648332 -0.0216666 0.164 3
-0.0530707 -0.0217704 0.164333 3
-0.0522423 -0.0217987 0.165 3
-0.0474957 -0.021261 0.165 3
-0.0651893 -0.020954 0.164 3
-0.0648332 -0.020954 0.164 3
-0.0530829 -0.0206868 0.164 3
-0.0514058 -0.0201641 0.164333 3
-0.0492898 -0.0199612 0.164414 3
-0.0474107 -0.019993 0.16415 3
-0.0401517 -0.0192893 0.165 3
-0.0388979 -0.0192893 0.165 3
-0.0374291 -0.019146 0.165 3
-0.0399895 -0.018141 0.164333 3
-0.0387953 -0.0178496 0.16425 3
-0.0368456 -0.0177082 0.164484 3
-0.0348975 -0.0174371 0.165 3
-0.0344184 -0.0159001 0.164294 3
-0.0332019 -0.0157403 0.165 3
-0.0973523 -0.0133338 0.1645 3
-0.0344711 -0.013784 0.165 3
-0.0992547 -0.0115292 0.16425 3
-0.0981857 -0.0119129 0.164625 3
-0.0358529 -0.0114026 0.165 3
-0.0346613 -0.0115887 0.164886 3
-0.0343815 -0.00949497 0.165 3
-0.0342408 -0.00781776 0.165 3
-0.0989594 -0.00457747 0.1645 3
-0.0981601 -0.0045342 0.164786 3
-0.0992182 -0.00328317 0.1641 3
-0.0977407 -0.00316628 0.164324 3
-0.0955373 -0.00292244 0.164714 3
-0.0933504 -0.00297819 0.165 3
-0.09138 -0.00279894 0.165 3
-0.089768 -0.0026197 0.165 3
-0.0968794 -0.0018912 0.164 3
-0.0956332 -0.0018912 0.164 3
-0.0936392 -0.00160614 0.164 3
-0.0911823 -0.00171304 0.164 3
-0.0891863 -0.00130094 0.164333 3
-0.0872494 -0.000908684 0.164538 3
-0.085249 -0.000557692 0.16475 3
-0.0829614 -0.000468781 0.165 3
-0.0817076 -0.000468781 0.165 3
-0.0849511 0.000246689 0.164 3
-0.0827081 0.000506236 0.164273 3
-0.0807088 0.000686373 0.164538 3
-0.0788961 0.000961224 0.164588 3
-0.0767568 0.000756353 0.164429 3
-0.0745532 0.000851494 0.164538 3
-0.0726002 0.00134966 0.164846 3
-0.0705663 0.00139535 0.165 3
-0.0682736 0.00168214 0.165 3
-0.0724166 0.00250819 0.164333 3
-0.0703497 0.00277593 0.164182 3
-0.0681512 0.00274964 0.164148 3
-0.0660887 0.00308193 0.164541 3
-0.0640658 0.00339533 0.164741 3
-0.0620393 0.0035808 0.164588 3
-0.0968165 0.00614455 0.1645 3
-0.0958325 0.00573098 0.164462 3
-0.0942089 0.00487878 0.164 3
-0.0657072 0.00463583 0.164 3
-0.0638429 0.00515714 0.164 3
-0.0619162 0.0049747 0.164 3
-0.097174 0.0076384 0.16435 3
-0.0963186 0.00722406 0.164667 3
-0.063587 0.00648219 0.164 3
-0.0989933 0.0097017 0.1642 3
-0.0977457 0.00951074 0.164385 3
-0.0406303 0.00969154 0.16404 3
-0.0396005 0.0097017 0.1642 3
-0.0989031 0.0108236 0.165 3
-0.097908 0.0110626 0.165 3
-0.0409651 0.0116009 0.164375 3
-0.0397935 0.0108236 0.165 3
-0.0422228 0.0139648 0.164 3
-0.0415018 0.0135032 0.164571 3
-0.0426538 0.0158687 0.164444 3
-0.0417638 0.0153047 0.165 3
-0.0445966 0.0181812 0.164 3
-0.0433033 0.0175225 0.1645 3
-0.046477 0.020321 0.16425 3
-0.0453731 0.019594 0.164565 3
-0.0439133 0.019248 0.165 3
-0.048454 0.0228726 0.164 3
-0.0471696 0.0220467 0.164621 3
-0.0458836 0.0212197 0.165 3
-0.0507685 0.0244761 0.164 3
-0.0491929 0.0245385 0.164091 3
-0.0478427 0.0240869 0.164737 3
-0.0505407 0.0264178 0.165 3
-0.0493835 0.0261036 0.164815 3
-0.0478539 0.0255215 0.165 3
-0.0505407 0.0273139 0.165 3
-0.0500033 0.0273139 0.165 3
-0.0469116 0.0368061 0.165 3
-0.0457045 0.0371724 0.165 3
-0.046421 0.0382478 0.165 3
-0.0406891 0.0389647 0.165 3
0.0900685 0.0393232 0.165 3
0.091188 0.0394129 0.165 3
0.0898894 0.0408647 0.165 3
0.0912029 0.0405182 0.165 3
-0.0845109 -0.0285335 0.167 3
-0.0830087 -0.0277906 0.167 3
-0.0812476 -0.0276869 0.167 3
-0.0841483 -0.0269612 0.167 3
-0.082793 -0.0265231 0.166727 3
-0.0809197 -0.026307 0.166385 3
-0.0788349 -0.0265198 0.1665 3
-0.0766003 -0.0264107 0.166444 3
-0.0744883 -0.0263234 0.1664 3
-0.0724351 -0.0263937 0.166774 3
-0.0703954 -0.0258594 0.166857 3
-0.068521 -0.0258002 0.167 3
-0.0669256 -0.0253285 0.167 3
-0.0834041 -0.0250566 0.166 3
-0.0760758 -0.0251768 0.166 3
-0.0742737 -0.0250566 0.166 3
-0.0724266 -0.0250415 0.166 3
-0.0706696 -0.0249363 0.166 3
-0.0680427 -0.0245894 0.166154 3
-0.0669606 -0.0245209 0.16675 3
-0.0519889 -0.0237273 0.166857 3
-0.0514262 -0.0220447 0.1664 3
-0.0493438 -0.0218038 0.1664 3
-0.0470424 -0.0219642 0.16625 3
-0.0456526 -0.0219896 0.166667 3
-0.0406125 -0.0216483 0.167 3
-0.0388255 -0.0217001 0.167 3
-0.0371939 -0.0213373 0.167 3
-0.0406074 -0.0206412 0.1665 3
-0.0387886 -0.020504 0.166294 3
-0.0367202 -0.0200083 0.1665 3
-0.0346417 -0.0198783 0.166933 3
-0.0327652 -0.0197823 0.167 3
-0.0362504 -0.0186849 0.166 3
-0.034534 -0.0182691 0.166222 3
-0.0327366 -0.0178627 0.166735 3
-0.0324848 -0.0156277 0.166444 3
-0.0970759 -0.0130332 0.1666 3
-0.0962948 -0.0129922 0.167 3
-0.0339077 -0.0130947 0.166 3
-0.0327296 -0.0135605 0.166647 3
-0.0995024 -0.0109308 0.166 3
-0.0974964 -0.0115884 0.166389 3
-0.0961135 -0.0122665 0.167 3
-0.0340879 -0.0125537 0.166 3
-0.032776 -0.01157 0.166437 3
-0.0991634 -0.00994378 0.1664 3
-0.0977902 -0.00978304 0.166933 3
-0.0961135 -0.00954526 0.167 3
-0.0327213 -0.00951004 0.166389 3
-0.0991726 -0.00675561 0.166571 3
-0.0980898 -0.00724827 0.166957 3
-0.0340879 -0.00678316 0.166 3
-0.0327213 -0.00734161 0.166389 3
-0.0991421 -0.00570118 0.166 3
-0.0975702 -0.00529947 0.166394 3
-0.0957027 -0.004884 0.16664 3
-0.0935045 -0.00459529 0.166647 3
-0.091549 -0.00427992 0.166833 3
-0.0338622 -0.00548147 0.166667 3
-0.0327738 -0.005498 0.166818 3
-0.0969796 -0.00389789 0.166 3
-0.095538 -0.00389789 0.166 3
-0.0934031 -0.00390124 0.166143 3
-0.0912249 -0.003546 0.166389 3
-0.0892279 -0.00303822 0.166455 3
-0.0873767 -0.00274058 0.1669 3
-0.0850547 -0.00210721 0.167 3
-0.0828792 -0.00210721 0.167 3
-0.0808851 -0.00210721 0.167 3
-0.0788908 -0.00210721 0.167 3
-0.0767154 -0.00210721 0.167 3
-0.0883298 -0.00191426 0.166 3
-0.0869878 -0.00178694 0.166143 3
-0.0849555 -0.00137675 0.166333 3
-0.082907 -0.00139973 0.166375 3
-0.0809316 -0.000989538 0.166172 3
-0.0788013 -0.0010147 0.1662 3
-0.0767284 -0.00102853 0.166562 3
-0.0744969 -0.000835873 0.1665 3
-0.0723335 -0.00083611 0.166583 3
-0.0706195 -0.000577722 0.166857 3
-0.0739133 0.000249697 0.166 3
-0.0724717 0.000249697 0.166 3
-0.0702847 0.000466395 0.1662 3
-0.0682802 0.000694282 0.166462 3
-0.0663404 0.00116591 0.166533 3
-0.0640949 0.00136712 0.166455 3
-0.0625604 0.00169234 0.166 3
-0.064002 0.00241365 0.166 3
-0.0625604 0.00241365 0.166 3
-0.0954443 0.00563514 0.166625 3
-0.0969232 0.00816699 0.1664 3
-0.0960727 0.00707531 0.166571 3
-0.0969499 0.00934391 0.16621 3
-0.0961623 0.00966478 0.166667 3
-0.0987817 0.0121514 0.166 3
-0.0974051 0.0116353 0.166344 3
-0.0961623 0.0111147 0.166667 3
-0.0401144 0.0118145 0.166333 3
-0.0395507 0.0118618 0.167 3
-0.0978902 0.0132406 0.167 3
-0.0964761 0.0129503 0.167 3
-0.0408556 0.0135732 0.166545 3
-0.0421971 0.0164794 0.166 3
-0.0413596 0.0158057 0.1665 3
-0.0427258 0.0182349 0.166111 3
-0.0416422 0.0176319 0.166667 3
-0.0450312 0.0205155 0.166267 3
-0.0433339 0.0197349 0.166706 3
-0.0467023 0.0226106 0.166 3
-0.0452652 0.0219849 0.166647 3
-0.0468635 0.0241976 0.166231 3
-0.0459322 0.024053 0.167 3
-0.0486672 0.0267987 0.16625 3
-0.0475865 0.026256 0.1667 3
-0.0504281 0.028915 0.167 3
-0.0494313 0.0282505 0.166565 3
-0.0482527 0.0278265 0.167 3
-0.0491436 0.0303826 0.1667 3
-0.0473941 0.0307642 0.166621 3
-0.0460772 0.0310919 0.167 3
-0.0488467 0.0323602 0.166118 3
-0.0471237 0.0325572 0.166323 3
-0.0460772 0.0325433 0.167 3
-0.0485043 0.0345124 0.166 3
-0.0472033 0.0346158 0.1665 3
-0.0457664 0.0349276 0.167 3
-0.0371939 0.0347203 0.167 3
-0.0471078 0.0359099 0.166 3
-0.0452695 0.0366923 0.166567 3
-0.0466422 0.0391408 0.166 3
-0.0451172 0.03879 0.166059 3
-0.0433286 0.0389115 0.166143 3
-0.0410644 0.0392782 0.166 3
0.0895331 0.0393812 0.166 3
-0.0464397 0.0401627 0.167 3
-0.0450683 0.0404203 0.166143 3
-0.0432521 0.0403881 0.16625 3
-0.0412961 0.0401026 0.166 3
0.0895331 0.0404632 0.166 3
0.0904341 0.0408239 0.166 3
-0.0810463 -0.0318777 0.17 3
-0.0844698 -0.0298602 0.168 3
-0.0828582 -0.0302854 0.168515 3
-0.0810088 -0.0304956 0.169563 3
-0.0790113 -0.0299435 0.169952 3
-0.0766171 -0.0296617 0.17 3
-0.0745871 -0.0296616 0.17 3
-0.0731107 -0.0296616 0.17 3
-0.0844698 -0.0291302 0.168 3
-0.0829692 -0.0287935 0.168053 3
-0.0806851 -0.0285408 0.168286 3
-0.078723 -0.0283428 0.16852 3
-0.0765762 -0.0283437 0.168545 3
-0.0745732 -0.0282618 0.168455 3
-0.0724021 -0.0283264 0.168828 3
-0.0703041 -0.0282376 0.1692 3
-0.0682724 -0.0280597 0.169333 3
-0.0665723 -0.0278193 0.1698 3
-0.0715211 -0.0269401 0.168 3
-0.0702444 -0.0269401 0.168 3
-0.0679913 -0.0266279 0.168154 3
-0.0665229 -0.0265092 0.169037 3
-0.051248 -0.0255751 0.1696 3
-0.0493041 -0.0255988 0.17 3
-0.047274 -0.0255988 0.17 3
-0.0450963 -0.0258943 0.17 3
-0.0432139 -0.0257835 0.17 3
-0.0409994 -0.0255988 0.17 3
-0.0389319 -0.0255739 0.169833 3
-0.0372724 -0.0254482 0.169 3
-0.0665969 -0.0251151 0.168 3
-0.0512257 -0.024251 0.168333 3
-0.04935 -0.0241898 0.168938 3
-0.0472315 -0.0241463 0.169143 3
-0.0451417 -0.0241028 0.168769 3
-0.0431465 -0.0242566 0.169226 3
-0.0409708 -0.0241276 0.168926 3
-0.0387907 -0.0241117 0.168875 3
-0.0368291 -0.0240206 0.1689 3
-0.0354105 -0.0234726 0.168 3
-0.0509125 -0.0229251 0.168 3
-0.0494535 -0.0229251 0.168 3
-0.0472649 -0.0229251 0.168 3
-0.0448941 -0.0227426 0.168 3
-0.0429892 -0.0224182 0.168 3
-0.0412465 -0.0225601 0.168 3
-0.0387454 -0.0226383 0.168 3
-0.0365777 -0.0221586 0.168 3
-0.0350978 -0.021804 0.168 3
-0.0317629 -0.0194575 0.168 3
-0.0306189 -0.0192975 0.169 3
-0.0317629 -0.017815 0.168 3
-0.0306051 -0.0178727 0.169297 3
-0.0317629 -0.0158075 0.168 3
-0.0308749 -0.0156979 0.169214 3
-0.0957125 -0.0127698 0.168857 3
-0.0317629 -0.0136175 0.168 3
-0.0309145 -0.0136442 0.169143 3
-0.0968714 -0.0112449 0.168 3
-0.0956701 -0.0114619 0.168829 3
-0.0317629 -0.0114274 0.168 3
-0.0308856 -0.0115091 0.1692 3
-0.0971632 -0.00912791 0.168 3
-0.0957237 -0.00989286 0.168444 3
-0.0317629 -0.00941991 0.168 3
-0.0308555 -0.00940845 0.169259 3
-0.0972361 -0.00741239 0.168 3
-0.0954722 -0.00731027 0.168171 3
-0.0937291 -0.00718235 0.169467 3
-0.0914835 -0.00674142 0.17 3
-0.0892982 -0.00663002 0.17 3
-0.0871363 -0.00657726 0.17 3
-0.0858444 -0.00657726 0.17 3
-0.0317629 -0.00741239 0.168 3
-0.0309145 -0.00739686 0.169143 3
-0.0970538 -0.00613488 0.168 3
-0.0952984 -0.00579269 0.168 3
-0.0933384 -0.0056678 0.168692 3
-0.0913702 -0.00532031 0.168875 3
-0.089196 -0.00524884 0.168778 3
-0.0871342 -0.00523007 0.169132 3
-0.0851722 -0.00514795 0.169765 3
-0.0829026 -0.00512091 0.169828 3
-0.0809686 -0.00480404 0.169667 3
-0.0787994 -0.00472196 0.169667 3
-0.0766131 -0.00470702 0.169842 3
-0.0747007 -0.0047021 0.17 3
-0.0732953 -0.00436116 0.17 3
-0.0339515 -0.00430985 0.168 3
-0.0321903 -0.0048058 0.168333 3
-0.0310984 -0.00546669 0.169294 3
-0.0906706 -0.00394485 0.168 3
-0.0892116 -0.00394485 0.168 3
-0.0869075 -0.00344008 0.16813 3
-0.0850067 -0.00324833 0.168231 3
-0.0830011 -0.00319371 0.168172 3
-0.0809734 -0.00322493 0.168467 3
-0.078654 -0.00321953 0.1682 3
-0.0765817 -0.00326345 0.168656 3
-0.0745841 -0.0029958 0.168606 3
-0.0726248 -0.00295233 0.169111 3
-0.0705347 -0.00265634 0.16956 3
-0.0680229 -0.00270487 0.169762 3
-0.0662426 -0.00274601 0.169727 3
-0.0641156 -0.00249431 0.169947 3
-0.0619686 -0.00249133 0.17 3
-0.0599052 -0.00239129 0.17 3
-0.0339515 -0.00394485 0.168 3
-0.0324789 -0.00312594 0.168914 3
-0.0312183 -0.00399181 0.17 3
-0.0758981 -0.00175482 0.168 3
-0.0746215 -0.00175482 0.168 3
-0.072433 -0.00175482 0.168 3
-0.0701565 -0.00124763 0.16844 3
-0.0682618 -0.00102978 0.1686 3
-0.0662485 -0.00102978 0.1686 3
-0.0640724 -0.00102099 0.168939 3
-0.0618659 -0.00104614 0.169438 3
-0.0598292 -0.00103587 0.1696 3
-0.0577606 -0.000822831 0.169615 3
-0.0562061 -0.000778466 0.17 3
-0.0323064 -0.00103597 0.1699 3
-0.0660498 0.000252706 0.168 3
-0.0638612 0.000435208 0.168 3
-0.0618756 0.00086244 0.168444 3
-0.0597957 0.00103128 0.168688 3
-0.0579505 0.000792937 0.169133 3
-0.0561323 0.000625064 0.17 3
-0.03614 0.00171273 0.168 3
-0.0352281 0.00171273 0.168 3
-0.0324487 0.000501948 0.17 3
-0.0602137 0.00244274 0.168 3
-0.03614 0.00317274 0.168 3
-0.0352281 0.00317274 0.168 3
-0.0950147 0.00564912 0.168667 3
-0.0939646 0.00579596 0.17 3
-0.036171 0.00512931 0.168455 3
-0.0351102 0.0053419 0.16875 3
-0.096689 0.0079178 0.168 3
-0.0954201 0.00724277 0.169091 3
-0.0939645 0.00653467 0.17 3
-0.0383285 0.0077353 0.168 3
-0.0367002 0.00732449 0.168581 3
-0.0351825 0.00725462 0.169542 3
-0.096689 0.00901282 0.168 3
-0.0957959 0.00940229 0.1691 3
-0.0381517 0.00930682 0.168462 3
-0.0366906 0.00942249 0.169132 3
-0.0351993 0.00905436 0.169917 3
-0.096689 0.0119329 0.168 3
-0.0958817 0.0115435 0.169059 3
-0.03859 0.0117108 0.16875 3
-0.0367445 0.0114491 0.169714 3
-0.0972592 0.0139754 0.168609 3
-0.0962441 0.0134209 0.1695 3
-0.0403711 0.0140499 0.168 3
-0.0389649 0.0136917 0.169056 3
-0.0372161 0.0132291 0.17 3
-0.0974456 0.0153007 0.169583 3
-0.0405144 0.0158542 0.168571 3
-0.0391108 0.0155775 0.169929 3
-0.0408303 0.0178572 0.1688 3
-0.0397076 0.0174305 0.17 3
-0.0427332 0.0203507 0.168263 3
-0.0411492 0.0197679 0.169063 3
-0.0443834 0.022445 0.168 3
-0.0430539 0.022092 0.16875 3
-0.041358 0.0214413 0.169833 3
-0.0450371 0.0243442 0.168828 3
-0.0436672 0.0239072 0.169714 3
-0.0469272 0.0264478 0.168286 3
-0.0452342 0.0254488 0.169286 3
-0.0486864 0.0288219 0.168222 3
-0.0473739 0.0283637 0.169267 3
-0.0461667 0.029065 0.17 3
-0.0484636 0.0294448 0.169 3
-0.0470655 0.0300501 0.168815 3
-0.0452062 0.0305173 0.169861 3
-0.0433984 0.0314658 0.17 3
-0.0462621 0.0320151 0.169 3
-0.0452935 0.0325837 0.169382 3
-0.0430701 0.0325268 0.169917 3
-0.0412385 0.0327984 0.169889 3
-0.0398921 0.0325738 0.17 3
-0.045063 0.0345923 0.168882 3
-0.0428491 0.034437 0.16975 3
-0.0412947 0.0344575 0.17 3
-0.0386398 0.035037 0.168882 3
-0.0364803 0.0351134 0.169316 3
-0.0350768 0.0350367 0.169667 3
-0.0444511 0.0366228 0.168 3
-0.043077 0.0368374 0.1694 3
-0.0409994 0.0368214 0.17 3
-0.03893 0.0368203 0.169606 3
-0.0367398 0.036806 0.16908 3
-0.0353591 0.0363687 0.169 3
-0.0427225 0.0386744 0.169107 3
-0.0409994 0.0386681 0.17 3
-0.0392769 0.0384219 0.17 3
-0.0424094 0.040093 0.169 3
-0.0803349 -0.0319538 0.171 3
-0.0784649 -0.0322835 0.171433 3
-0.0766249 -0.0324038 0.171962 3
-0.0748629 -0.032232 0.172 3
-0.0707966 -0.0316922 0.172 3
-0.080038 -0.0311364 0.171 3
-0.0784668 -0.0308729 0.171083 3
-0.0767171 -0.0308155 0.171278 3
-0.0744896 -0.0308256 0.171333 3
-0.072452 -0.0303713 0.1715 3
-0.0704602 -0.030443 0.171571 3
-0.0684488 -0.0301573 0.171889 3
-0.0665021 -0.0300106 0.172 3
-0.0679718 -0.0290931 0.171 3
-0.0660431 -0.0286061 0.1712 3
-0.0528716 -0.0275816 0.172 3
-0.0513778 -0.0275816 0.172 3
-0.0493239 -0.0279553 0.172 3
-0.0472603 -0.0279395 0.171765 3
-0.0451871 -0.0278718 0.171625 3
-0.0430922 -0.0279107 0.171722 3
-0.0411549 -0.0277217 0.172 3
-0.0390987 -0.0279671 0.171556 3
-0.0528107 -0.0268502 0.1715 3
-0.0514262 -0.0267309 0.171333 3
-0.0493802 -0.0267309 0.171333 3
-0.0473283 -0.0266657 0.171059 3
-0.0453709 -0.0269104 0.171 3
-0.0429288 -0.0267426 0.171071 3
-0.0410105 -0.0267309 0.171333 3
-0.0389599 -0.0266517 0.171 3
-0.0295317 -0.0189866 0.172 3
-0.0291583 -0.0189866 0.172 3
-0.0297029 -0.0175717 0.171556 3
-0.0291583 -0.0178655 0.172 3
-0.0297885 -0.0157489 0.171333 3
-0.0291583 -0.0158101 0.172 3
-0.0952598 -0.0129318 0.171 3
-0.0297724 -0.0136348 0.171375 3
-0.0291583 -0.013568 0.172 3
-0.0950339 -0.0116345 0.1716 3
-0.0941365 -0.0115127 0.172 3
-0.0913357 -0.0107653 0.172 3
-0.089095 -0.0107653 0.172 3
-0.0853606 -0.0107653 0.172 3
-0.0298036 -0.0115966 0.171294 3
-0.0291583 -0.0115127 0.172 3
-0.0946799 -0.00955395 0.1717 3
-0.0934832 -0.00925661 0.171724 3
-0.0912944 -0.0093083 0.171848 3
-0.089268 -0.00935355 0.172 3
-0.0873258 -0.00912624 0.171917 3
-0.0851739 -0.00919577 0.172 3
-0.0836802 -0.00889681 0.172 3
-0.0808794 -0.00852312 0.172 3
-0.0297885 -0.0094207 0.171333 3
-0.0291583 -0.00945736 0.172 3
-0.094703 -0.00810204 0.171 3
-0.0931894 -0.00781625 0.171 3
-0.09134 -0.00766095 0.1711 3
-0.0893114 -0.00753083 0.171217 3
-0.0870839 -0.00755265 0.171167 3
-0.0849624 -0.00742683 0.1714 3
-0.0829777 -0.00717685 0.1716 3
-0.0808794 -0.00734865 0.172 3
-0.0788255 -0.00709062 0.172 3
-0.0766608 -0.00683154 0.17175 3
-0.0750258 -0.00680171 0.171 3
-0.0298527 -0.00745959 0.171167 3
-0.0291583 -0.00796258 0.172 3
-0.08505 -0.00624443 0.171 3
-0.0830081 -0.00624443 0.171 3
-0.0807858 -0.00589823 0.171158 3
-0.0787841 -0.0058542 0.171214 3
-0.0766965 -0.00587291 0.171 3
-0.0742825 -0.0055775 0.171222 3
-0.072467 -0.00515473 0.1718 3
-0.0705722 -0.00503515 0.1718 3
-0.0681645 -0.00488853 0.171706 3
-0.0660741 -0.00478699 0.171235 3
-0.0641448 -0.00474957 0.1715 3
-0.0619471 -0.0045135 0.171111 3
-0.0601536 -0.00441247 0.172 3
-0.0304471 -0.00542002 0.171375 3
-0.072427 -0.00401529 0.171 3
-0.070247 -0.00369024 0.171118 3
-0.0683768 -0.00371132 0.171 3
-0.0659129 -0.00371132 0.171 3
-0.0640735 -0.00364377 0.171 3
-0.0616756 -0.00349941 0.171043 3
-0.0597413 -0.0032828 0.1715 3
-0.0578142 -0.0028181 0.171154 3
-0.0558313 -0.00238059 0.171 3
-0.0539919 -0.0021703 0.172 3
-0.0315876 -0.00290072 0.171 3
-0.0309287 -0.00304311 0.171588 3
-0.0590613 -0.00178616 0.171 3
-0.0577619 -0.00178616 0.171 3
-0.0553332 -0.00112051 0.171 3
-0.0536718 -0.000995826 0.172 3
-0.0521247 -0.000488668 0.172 3
-0.0315876 -0.00104311 0.171 3
-0.0310572 -0.00125541 0.171 3
-0.055163 0.000257219 0.171 3
-0.0504442 0.000258723 0.172 3
-0.0500708 0.000258723 0.172 3
-0.0321444 0.00133116 0.171111 3
-0.0312772 0.00100221 0.171333 3
-0.03241 0.00317964 0.171143 3
-0.0312163 0.00285788 0.171 3
-0.0936756 0.00584711 0.1715 3
-0.0948243 0.0078265 0.171333 3
-0.0939548 0.00715124 0.1715 3
-0.0951183 0.00943306 0.1715 3
-0.0941365 0.00885371 0.172 3
-0.0351942 0.0101557 0.171 3
-0.0952268 0.011591 0.1715 3
-0.0360194 0.0121507 0.1716 3
-0.0353918 0.0113716 0.171444 3
-0.09575 0.0135655 0.1715 3
-0.0378991 0.0145608 0.171 3
-0.0365003 0.0137833 0.171409 3
-0.0355067 0.0131512 0.172 3
-0.0971555 0.0160399 0.171636 3
-0.0961007 0.0155524 0.171579 3
-0.0383234 0.0162327 0.171 3
-0.0368954 0.0157536 0.171385 3
-0.0974144 0.0171373 0.172 3
-0.0954435 0.0178224 0.172 3
-0.0941365 0.0187566 0.172 3
-0.0401267 0.0184618 0.171 3
-0.0389165 0.017964 0.17156 3
-0.03732 0.0174906 0.171909 3
-0.0952212 0.0200201 0.172 3
-0.0935665 0.0201924 0.172 3
-0.0403283 0.0203598 0.171333 3
-0.039537 0.0196527 0.171667 3
-0.0945099 0.0226805 0.172 3
-0.0932729 0.0221433 0.172 3
-0.040942 0.0221696 0.171474 3
-0.0950514 0.0239323 0.172 3
-0.0934051 0.0243154 0.172 3
-0.0920825 0.0245489 0.172 3
-0.0428185 0.0241672 0.1715 3
-0.0418551 0.0238016 0.172 3
-0.0945099 0.0254832 0.172 3
-0.0933896 0.0254832 0.172 3
-0.0466239 0.0266353 0.171 3
-0.0451872 0.0264995 0.171217 3
-0.0433753 0.0261526 0.171913 3
-0.0466239 0.0281214 0.171 3
-0.0452151 0.0282847 0.171485 3
-0.0438717 0.0282858 0.172 3
-0.0408497 0.0288751 0.172 3
-0.0396145 0.0292201 0.172 3
-0.0447405 0.029944 0.171091 3
-0.0431408 0.0305132 0.171594 3
-0.0408908 0.0305028 0.171714 3
-0.0396017 0.0306093 0.171714 3
-0.0347598 0.031182 0.172 3
-0.0443963 0.0333228 0.171 3
-0.04254 0.0318367 0.171 3
-0.0408106 0.0322375 0.171 3
-0.0393636 0.0326559 0.1714 3
-0.0348221 0.0324588 0.172 3
-0.0443963 0.0344373 0.171 3
-0.0433825 0.0349089 0.171 3
-0.0408321 0.0346231 0.171 3
-0.0389919 0.0343306 0.1714 3
-0.0370824 0.0346974 0.171 3
-0.0349465 0.034265 0.172 3
-0.0430969 0.0358968 0.171 3
-0.0414262 0.0357376 0.171 3
-0.0742376 -0.0342309 0.1735 3
-0.0724612 -0.0344836 0.174 3
-0.0710531 -0.0341399 0.174 3
-0.0741853 -0.0328545 0.1732 3
-0.0725139 -0.0326173 0.1734 3
-0.070257 -0.0326295 0.173467 3
-0.0682316 -0.0320967 0.173727 3
-0.066142 -0.0318717 0.174 3
-0.0680155 -0.0309368 0.173 3
-0.065941 -0.0305682 0.173191 3
-0.064137 -0.0303317 0.173923 3
-0.0625531 -0.0299815 0.174 3
-0.0532975 -0.0294145 0.174 3
-0.0513456 -0.0301705 0.174 3
-0.0494657 -0.0300895 0.174 3
-0.047253 -0.0299815 0.174 3
-0.0451752 -0.0299815 0.174 3
-0.0432391 -0.0298398 0.174 3
-0.0412642 -0.0298583 0.173833 3
-0.0398448 -0.0298092 0.173 3
-0.0656117 -0.0290199 0.173 3
-0.0646887 -0.0287621 0.173 3
-0.0531304 -0.0286379 0.173455 3
-0.0514087 -0.028585 0.173125 3
-0.0494229 -0.0290575 0.173 3
-0.0471692 -0.0290575 0.173 3
-0.0451034 -0.0290575 0.173 3
-0.0432366 -0.0290532 0.1732 3
-0.0409358 -0.0286375 0.173111 3
-0.0398448 -0.0288695 0.173 3
-0.0284698 -0.0191522 0.1735 3
-0.0284698 -0.0178328 0.1735 3
-0.0284698 -0.0157596 0.1735 3
-0.0286234 -0.0138874 0.173667 3
-0.0933691 -0.0114929 0.173 3
-0.0913033 -0.0113111 0.173 3
-0.0894253 -0.0110158 0.173 3
-0.0879228 -0.0108279 0.173 3
-0.0289306 -0.0114575 0.174 3
-0.0933691 -0.010452 0.173 3
-0.0905521 -0.010452 0.173 3
-0.0890496 -0.010452 0.173 3
-0.0879228 -0.010452 0.173 3
-0.0851057 -0.00913648 0.173 3
-0.0826841 -0.00922549 0.173 3
-0.0815374 -0.00913648 0.173 3
-0.0761532 -0.00862222 0.174 3
-0.0289306 -0.00937831 0.174 3
-0.0830399 -0.0081968 0.173 3
-0.0761532 -0.00786614 0.174 3
-0.0740253 -0.00631746 0.173 3
-0.0727106 -0.00669333 0.173 3
-0.0689753 -0.00635398 0.174 3
-0.0297034 -0.00688126 0.173 3
-0.029063 -0.00741184 0.173667 3
-0.070215 -0.00576475 0.173333 3
-0.0689753 -0.00578692 0.174 3
-0.0595308 -0.00446378 0.174 3
-0.02996 -0.00515759 0.173714 3
-0.0595308 -0.00408574 0.174 3
-0.0304418 -0.0037077 0.174 3
-0.0308259 -0.000995061 0.173333 3
-0.031018 0.000636096 0.173 3
-0.0336529 0.00612136 0.174 3
-0.0328963 0.00530043 0.173158 3
-0.0933356 0.00750111 0.173474 3
-0.091885 0.00766052 0.174 3
-0.0336529 0.0064994 0.174 3
-0.0328973 0.0064994 0.174 3
-0.094869 0.00990698 0.173143 3
-0.0936871 0.0093916 0.173724 3
-0.0918311 0.00895667 0.174 3
-0.0948655 0.0115585 0.173333 3
-0.0940977 0.011603 0.174 3
-0.0349672 0.011677 0.1734 3
-0.0953126 0.0137261 0.1736 3
-0.0938549 0.0134661 0.174 3
-0.0359009 0.0141673 0.173 3
-0.0353507 0.0134555 0.173857 3
-0.0955111 0.0158411 0.173517 3
-0.0936491 0.0163521 0.174 3
-0.0918311 0.0167065 0.174 3
-0.0359009 0.0156708 0.173 3
-0.0988781 0.0182393 0.173 3
-0.0976528 0.0182214 0.173 3
-0.0956751 0.0178539 0.173086 3
-0.0933961 0.0179424 0.173167 3
-0.0916758 0.0179146 0.173333 3
-0.0381546 0.0186778 0.173 3
-0.0365587 0.0180088 0.173385 3
-0.0990033 0.0192416 0.173 3
-0.0975455 0.0199575 0.173 3
-0.0959984 0.0192416 0.173 3
-0.0930352 0.0197845 0.173 3
-0.0918026 0.0197563 0.173286 3
-0.0386047 0.0201505 0.17344 3
-0.037002 0.0197933 0.173765 3
-0.0974514 0.0218726 0.173 3
-0.0958543 0.0219979 0.17325 3
-0.0930937 0.0220288 0.173238 3
-0.0920133 0.0217667 0.173429 3
-0.0402972 0.0224797 0.173333 3
-0.0389477 0.0216708 0.173739 3
-0.0374307 0.021621 0.174 3
-0.093188 0.0236282 0.1732 3
-0.0922088 0.0231332 0.174 3
-0.0422863 0.0248796 0.173 3
-0.0410339 0.0241058 0.173444 3
-0.036864 0.0233222 0.174 3
-0.0423936 0.0263294 0.173 3
-0.0409254 0.0262488 0.173242 3
-0.0397711 0.0272132 0.1735 3
-0.0429436 0.0284503 0.173 3
-0.0408833 0.0279971 0.173 3
-0.0394828 0.0285854 0.173353 3
-0.0426619 0.0297659 0.173 3
-0.0387393 0.0306715 0.173643 3
-0.0365619 0.0305083 0.173714 3
-0.0346489 0.0305802 0.173 3
-0.031764 0.031261 0.174 3
-0.0313862 0.031261 0.174 3
-0.0389039 0.0323696 0.173714 3
-0.0362057 0.0323158 0.173429 3
-0.0341185 0.0328199 0.17325 3
-0.0326571 0.0325839 0.1736 3
-0.0311028 0.0322062 0.174 3
-0.0386044 0.0342156 0.173333 3
-0.036288 0.0341869 0.1735 3
-0.0323307 0.0337183 0.174 3
-0.0716514 -0.0360471 0.175 3
-0.0702985 -0.0360589 0.1758 3
-0.069004 -0.0360619 0.176 3
-0.0716514 -0.0352867 0.175 3
-0.0702843 -0.0348104 0.175296 3
-0.0683555 -0.0345908 0.175769 3
-0.0662291 -0.0343969 0.175706 3
-0.0643351 -0.0341148 0.175727 3
-0.0619347 -0.0339588 0.176 3
-0.0597765 -0.0339267 0.175833 3
-0.0695617 -0.0333856 0.175 3
-0.0682002 -0.0331005 0.175 3
-0.0660528 -0.0328936 0.175 3
-0.0640562 -0.0326743 0.175129 3
-0.0619571 -0.0326634 0.1752 3
-0.059794 -0.032589 0.175188 3
-0.0583726 -0.0324309 0.175714 3
-0.0549036 -0.0318939 0.176 3
-0.0535917 -0.0324293 0.176 3
-0.0514869 -0.0322389 0.175909 3
-0.0493982 -0.0319895 0.175846 3
-0.0472229 -0.0318557 0.176 3
-0.0451213 -0.0318557 0.176 3
-0.0428285 -0.0320469 0.176 3
-0.0412553 -0.0318648 0.175 3
-0.0631026 -0.0312945 0.175 3
-0.0619282 -0.0307414 0.175 3
-0.0598335 -0.0309109 0.175231 3
-0.0583045 -0.0312821 0.176 3
-0.0554386 -0.0308997 0.176 3
-0.053517 -0.0306176 0.17515 3
-0.051818 -0.0312565 0.175 3
-0.0495193 -0.0310093 0.175 3
-0.0473346 -0.0309142 0.175 3
-0.0450548 -0.0309143 0.175 3
-0.0429108 -0.030697 0.175 3
-0.0413978 -0.0310568 0.175 3
-0.0275771 -0.0191276 0.175 3
-0.0275771 -0.0177969 0.175 3
-0.0269704 -0.018281 0.176 3
-0.0275771 -0.0157057 0.175 3
-0.0269704 -0.0165602 0.176 3
-0.0279605 -0.0135206 0.175625 3
-0.0921689 -0.0111432 0.175 3
-0.0282741 -0.011678 0.175286 3
-0.0845698 -0.0096223 0.175 3
-0.0800854 -0.00910372 0.176 3
-0.0762642 -0.00872133 0.176 3
-0.028499 -0.00948611 0.176 3
-0.0800854 -0.00833894 0.176 3
-0.0760909 -0.00755826 0.1756 3
-0.075261 -0.00734103 0.175 3
-0.0716514 -0.0063905 0.175 3
-0.0705116 -0.0063905 0.175 3
-0.0286983 -0.00737044 0.175667 3
-0.0295692 -0.00505402 0.175714 3
-0.0290721 -0.00527986 0.176 3
-0.0302291 -0.00323983 0.175385 3
-0.0290721 -0.0041327 0.176 3
-0.0302812 -0.000907428 0.175571 3
-0.031747 0.00179429 0.176 3
-0.0309063 0.000876556 0.176 3
-0.0321365 0.00539611 0.175 3
-0.091029 0.00767739 0.175 3
-0.0898891 0.00767739 0.175 3
-0.0338463 0.00748729 0.175 3
-0.0328523 0.0073162 0.175444 3
-0.0931187 0.0100537 0.175 3
-0.091257 0.00950242 0.175 3
-0.0898891 0.00919825 0.175 3
-0.0338482 0.00958511 0.1758 3
-0.033139 0.00932571 0.175857 3
-0.0946385 0.0116696 0.175 3
-0.0936817 0.0114172 0.1752 3
-0.0914089 0.0107191 0.175 3
-0.0341324 0.0115123 0.1755 3
-0.0330844 0.0113539 0.176 3
-0.0948665 0.0138368 0.175 3
-0.0932691 0.0138117 0.175483 3
-0.0346853 0.0134634 0.1756 3
-0.0950185 0.0152817 0.175 3
-0.0931797 0.0155806 0.175414 3
-0.0919312 0.016325 0.176 3
-0.0357461 0.0156619 0.175 3
-0.0352761 0.0157066 0.1755 3
-0.0358482 0.0178054 0.1755 3
-0.035427 0.0176758 0.175571 3
-0.0364964 0.0201731 0.175455 3
-0.0355682 0.0191928 0.176 3
-0.0387857 0.0226958 0.175 3
-0.0368126 0.022119 0.175333 3
-0.0402301 0.0242864 0.1755 3
-0.0389298 0.0241723 0.175846 3
-0.036853 0.0242123 0.175091 3
-0.0400341 0.0261449 0.175 3
-0.039071 0.0261395 0.176 3
-0.036923 0.0258672 0.176 3
-0.0350587 0.0270955 0.176 3
-0.0387389 0.0284078 0.17548 3
-0.0366247 0.0286538 0.175571 3
-0.0351847 0.028421 0.175875 3
-0.0384057 0.0299199 0.175 3
-0.0366959 0.0299199 0.175 3
-0.034494 0.0304097 0.1752 3
-0.0325122 0.0309873 0.175667 3
-0.0311738 0.0308556 0.176 3
-0.0383249 0.0326755 0.1755 3
-0.0373039 0.0329236 0.175 3
-0.0340362 0.0316308 0.175 3
-0.0328964 0.0316308 0.175 3
-0.0381768 0.0343487 0.175571 3
-0.0372171 0.0344237 0.175667 3
-0.0679811 -0.0363192 0.177 3
-0.0661046 -0.0365474 0.177222 3
-0.0639911 -0.0358916 0.178 3
-0.0614791 -0.0358916 0.178 3
-0.060062 -0.0358916 0.178 3
-0.0587738 -0.0358916 0.178 3
-0.0678589 -0.0354977 0.177 3
-0.0661295 -0.0354977 0.177 3
-0.0640268 -0.0350762 0.1773 3
-0.0617747 -0.0350117 0.177636 3
-0.059663 -0.0349127 0.177143 3
-0.0577411 -0.034515 0.17768 3
-0.0555574 -0.0344613 0.1776 3
-0.0535614 -0.0344506 0.177727 3
-0.051431 -0.0341513 0.178 3
-0.0493054 -0.0341513 0.178 3
-0.0469866 -0.033958 0.178 3
-0.0574828 -0.0326135 0.177 3
-0.055771 -0.0327883 0.177 3
-0.0528714 -0.0331903 0.177 3
-0.0515263 -0.0331903 0.177 3
-0.0492547 -0.0331178 0.177125 3
-0.0472593 -0.0330609 0.177333 3
-0.0452699 -0.0328676 0.177333 3
-0.0434562 -0.0328058 0.177 3
-0.0574828 -0.0314598 0.177 3
-0.05633 -0.0314598 0.177 3
-0.0273158 -0.0174235 0.177 3
-0.0266109 -0.0173523 0.17775 3
-0.0273158 -0.0155006 0.177 3
-0.0266261 -0.0157013 0.177714 3
-0.0273673 -0.013602 0.177333 3
-0.0269822 -0.013602 0.177333 3
-0.0875654 -0.0109475 0.178 3
-0.0277949 -0.0115075 0.177231 3
-0.0270837 -0.0116565 0.178 3
-0.087179 -0.010174 0.178 3
-0.0794496 -0.00862707 0.178 3
-0.027734 -0.0094877 0.177375 3
-0.0270837 -0.00940054 0.178 3
-0.0794497 -0.0078536 0.178 3
-0.0759715 -0.00746688 0.178 3
-0.0281224 -0.00729927 0.177529 3
-0.0270837 -0.00804697 0.178 3
-0.0286932 -0.00531499 0.1772 3
-0.0299055 -0.00274823 0.177167 3
-0.0289886 -0.00355367 0.1776 3
-0.0298051 -0.00166003 0.177333 3
-0.0292373 -0.00127199 0.177 3
-0.0305192 0.0012342 0.17775 3
-0.0319145 0.00297487 0.178 3
-0.0311415 0.00258814 0.178 3
-0.0322091 0.00797989 0.1775 3
-0.0322359 0.00943214 0.177455 3
-0.0323225 0.011541 0.177545 3
-0.0926458 0.0143026 0.177 3
-0.0920309 0.0144565 0.177 3
-0.0341684 0.0141902 0.1772 3
-0.0328207 0.0136149 0.177789 3
-0.0926458 0.0154563 0.177 3
-0.0918772 0.0154563 0.177 3
-0.0344082 0.0157906 0.177565 3
-0.0324942 0.0151569 0.178 3
-0.034801 0.0177414 0.17755 3
-0.0361656 0.0203778 0.178 3
-0.0353098 0.0198805 0.178 3
-0.0360437 0.0220422 0.1774 3
-0.0353926 0.0225048 0.178 3
-0.0359625 0.0241089 0.177 3
-0.0353926 0.0240517 0.178 3
-0.0385756 0.0265316 0.177 3
-0.0363807 0.0264502 0.177 3
-0.0349234 0.0269246 0.178 3
-0.0382681 0.0277622 0.177 3
-0.0370385 0.0276083 0.177 3
-0.0342024 0.028232 0.177158 3
-0.032961 0.0284821 0.177824 3
-0.0343394 0.0301493 0.177222 3
-0.0326741 0.0300579 0.177455 3
-0.0313348 0.0296593 0.178 3
-0.0638503 -0.0381721 0.18 3
-0.0620582 -0.038362 0.18 3
-0.059825 -0.0382503 0.18 3
-0.0579612 -0.0383105 0.18 3
-0.0565031 -0.0378592 0.18 3
-0.0511993 -0.0381944 0.18 3
-0.0653222 -0.0370656 0.179 3
-0.0641064 -0.0368345 0.179478 3
-0.062168 -0.03682 0.1796 3
-0.0598625 -0.0369405 0.179333 3
-0.0576936 -0.0365525 0.179097 3
-0.0556863 -0.0364868 0.179417 3
-0.0536176 -0.0363902 0.1795 3
-0.0514638 -0.0366058 0.1796 3
-0.0493852 -0.0363521 0.1797 3
-0.0481008 -0.0360994 0.18 3
-0.0528858 -0.035121 0.179 3
-0.0515256 -0.035121 0.179 3
-0.0493881 -0.035121 0.179 3
-0.0473984 -0.0348349 0.179368 3
-0.0452391 -0.0344402 0.1795 3
-0.0437529 -0.0339542 0.179 3
-0.0266529 -0.0189815 0.179 3
-0.0262733 -0.0178732 0.1796 3
-0.0261106 -0.015612 0.179857 3
-0.0263365 -0.0135746 0.1795 3
-0.0276245 -0.0113978 0.179 3
-0.0268886 -0.0117617 0.1798 3
-0.0826165 -0.00906444 0.179 3
-0.0806733 -0.00867554 0.179 3
-0.0810619 -0.00789773 0.179 3
-0.0276245 -0.00711992 0.179 3
-0.0270188 -0.00694427 0.1795 3
-0.0278954 -0.00518986 0.1795 3
-0.0268018 -0.00520432 0.18 3
-0.0283631 -0.00304491 0.1795 3
-0.0268018 -0.00364001 0.18 3
-0.029762 -0.000508556 0.179 3
-0.0289107 -0.00158425 0.17975 3
-0.0299282 0.00105291 0.18 3
-0.0320912 0.00380033 0.179143 3
-0.03055 0.00301493 0.1796 3
-0.0321978 0.00512635 0.179647 3
-0.0312961 0.00476814 0.18 3
-0.031931 0.00732553 0.1794 3
-0.0312961 0.00770121 0.18 3
-0.0315812 0.00942995 0.1794 3
-0.0311918 0.00942995 0.1794 3
-0.0316565 0.0117905 0.179 3
-0.0310191 0.011808 0.17925 3
-0.0318995 0.013492 0.179 3
-0.0309848 0.0133215 0.179333 3
-0.0338427 0.0164088 0.179 3
-0.0330654 0.0164088 0.179 3
-0.0340523 0.0183203 0.179364 3
-0.0328764 0.0178977 0.179471 3
-0.0342537 0.020013 0.179478 3
-0.0330547 0.0194335 0.18 3
-0.0357858 0.0216589 0.179 3
-0.0344497 0.0219836 0.179517 3
-0.0343112 0.024148 0.179643 3
-0.0327942 0.0246478 0.18 3
-0.0357858 0.0259369 0.179 3
-0.0344842 0.0261195 0.179231 3
-0.0325399 0.0264136 0.179485 3
-0.0305145 0.0262773 0.18 3
-0.0321093 0.0282221 0.1796 3
-0.0308151 0.0279319 0.18 3
-0.0359858 0.0354676 0.18 3
-0.0348133 0.0354676 0.18 3
-0.0359858 0.0364453 0.18 3
-0.0353018 0.0364453 0.18 3
-0.0613363 -0.0403307 0.181 3
-0.0604897 -0.040257 0.182 3
-0.0615328 -0.0394459 0.181 3
-0.0597978 -0.0394678 0.1811 3
-0.0570135 -0.0386594 0.181 3
-0.0557605 -0.0386115 0.181588 3
-0.0537023 -0.0386129 0.181571 3
-0.0515118 -0.0392886 0.181 3
-0.0495839 -0.038421 0.1815 3
-0.047732 -0.0381104 0.182 3
-0.0554416 -0.0376763 0.181 3
-0.0536732 -0.0376763 0.181 3
-0.049154 -0.0373814 0.181 3
-0.0470611 -0.036696 0.181385 3
-0.0452942 -0.0363275 0.181875 3
-0.0467961 -0.0353168 0.181 3
-0.0444382 -0.0351202 0.181 3
-0.0440452 -0.0351202 0.181 3
-0.0257885 -0.0178548 0.1814 3
-0.0251823 -0.0178172 0.181 3
-0.0255753 -0.0156543 0.181 3
-0.0251823 -0.0156543 0.181 3
-0.0255753 -0.0136881 0.181 3
-0.0251823 -0.0136881 0.181 3
-0.0262359 -0.0117548 0.1815 3
-0.02704 -0.00939207 0.1816 3
-0.0270996 -0.00783238 0.182 3
-0.0270252 -0.00524985 0.1815 3
-0.0277366 -0.00267711 0.181 3
-0.0269507 -0.00267711 0.181 3
-0.029505 -0.000514238 0.181 3
-0.028279 -0.00127036 0.181333 3
-0.0269507 -0.00189061 0.181 3
-0.0296137 0.00106266 0.181667 3
-0.0290037 0.0007471 0.1818 3
-0.0301111 0.00349306 0.1815 3
-0.0292729 0.00304172 0.182 3
-0.0318629 0.00577775 0.181 3
-0.0306524 0.00525453 0.181455 3
-0.0318629 0.00656425 0.181 3
-0.0305704 0.00731487 0.1815 3
-0.0292729 0.00739136 0.182 3
-0.0309942 0.00941539 0.181667 3
-0.0308805 0.0114799 0.181 3
-0.0308805 0.0136428 0.181 3
-0.0324524 0.0163955 0.181 3
-0.0324524 0.0176407 0.181 3
-0.0328368 0.0200881 0.1815 3
-0.0327158 0.0221534 0.181462 3
-0.0304584 0.0228128 0.182 3
-0.0292729 0.0228128 0.182 3
-0.0324639 0.0238325 0.181 3
-0.0305791 0.0240814 0.181345 3
-0.0291925 0.0239321 0.1815 3
-0.0318629 0.0252436 0.181 3
-0.030684 0.0252436 0.181 3
-0.0308805 0.0289795 0.181 3
-0.032039 0.0297327 0.182 3
-0.0611544 -0.041299 0.184 3
-0.0599816 -0.040693 0.183667 3
-0.0573592 -0.0402996 0.184 3
-0.0555616 -0.0402996 0.184 3
-0.0534716 -0.0400806 0.183 3
-0.0506904 -0.0400806 0.183 3
-0.0492786 -0.0402266 0.183667 3
-0.0475717 -0.0402996 0.184 3
-0.0590342 -0.039683 0.183 3
-0.0573592 -0.0398998 0.184 3
-0.0555616 -0.0398998 0.184 3
-0.0534717 -0.039683 0.183 3
-0.0506904 -0.039683 0.183 3
-0.0490905 -0.0394571 0.183333 3
-0.0471642 -0.0390426 0.18335 3
-0.0454506 -0.0385583 0.183882 3
-0.0435768 -0.037901 0.184 3
-0.0448577 -0.0371496 0.18325 3
-0.0435871 -0.0370266 0.183625 3
-0.0256592 -0.0190081 0.183 3
-0.0256592 -0.0186105 0.183 3
-0.0245997 -0.017484 0.183 3
-0.0245713 -0.0160951 0.183143 3
-0.0258607 -0.01111 0.183429 3
-0.0264207 -0.00977537 0.1836 3
-0.0284405 -0.00051992 0.183 3
-0.0282847 0.00127327 0.1835 3
-0.0271976 0.00147608 0.184 3
-0.0296324 0.00405242 0.183 3
-0.028722 0.00309954 0.183714 3
-0.0296324 0.0052452 0.183 3
-0.028722 0.00520763 0.183714 3
-0.0296324 0.00710064 0.183 3
-0.0286545 0.00707314 0.183286 3
-0.0302324 0.0095734 0.183308 3
-0.0289691 0.00946374 0.183833 3
-0.0300297 0.0116067 0.183 3
-0.0289954 0.0108706 0.184 3
-0.0296324 0.0129983 0.183 3
-0.031592 0.0164673 0.184 3
-0.0311926 0.0164673 0.184 3
-0.0319451 0.0179092 0.183571 3
-0.0309929 0.0180664 0.184 3
-0.0319682 0.0200513 0.183867 3
-0.0304457 0.0201348 0.184 3
-0.0319315 0.0216892 0.1832 3
-0.0304118 0.0218345 0.183455 3
-0.06145 -0.0424417 0.1855 3
-0.0598 -0.0425562 0.186 3
-0.0579828 -0.0425562 0.186 3
-0.0557617 -0.0423541 0.186 3
-0.0535406 -0.0423541 0.186 3
-0.0513195 -0.0423541 0.186 3
-0.0495022 -0.0423541 0.186 3
-0.0618885 -0.0415234 0.185 3
-0.0596888 -0.0413144 0.185187 3
-0.0579032 -0.0412441 0.185176 3
-0.0556918 -0.0413652 0.185294 3
-0.053468 -0.0412596 0.185167 3
-0.0514033 -0.0413977 0.185333 3
-0.0494556 -0.0413582 0.185286 3
-0.0471747 -0.0408617 0.185187 3
-0.0450535 -0.0407353 0.185857 3
-0.0435024 -0.0406799 0.186 3
-0.0446839 -0.0392458 0.185 3
-0.0430917 -0.0389452 0.185263 3
-0.0238588 -0.0175011 0.186 3
-0.0254741 -0.0118436 0.186 3
-0.0259621 -0.0094253 0.185571 3
-0.0268008 -0.00757633 0.1854 3
-0.0279406 0.00345468 0.185625 3
-0.0279034 0.0053627 0.185375 3
-0.0268875 0.00512913 0.186 3
-0.0291529 0.0119345 0.185 3
-0.0317637 0.0145471 0.185 3
-0.0304404 0.0138724 0.185316 3
-0.0291086 0.0132114 0.186 3
-0.0321252 0.0155922 0.185 3
-0.0308306 0.0156126 0.185125 3
-0.032065 0.0176622 0.185 3
-0.0304985 0.0179033 0.185 3
-0.0299562 0.0191694 0.185 3
-0.0602389 -0.0446476 0.188 3
-0.0516672 -0.0444433 0.188 3
-0.061946 -0.0434653 0.187429 3
-0.0597155 -0.0435975 0.187 3
-0.0575365 -0.0435418 0.1874 3
-0.0556389 -0.0432973 0.187556 3
-0.0536463 -0.0431042 0.1875 3
-0.0514948 -0.043431 0.187375 3
-0.0493184 -0.0430048 0.1876 3
-0.0473814 -0.0426052 0.188 3
-0.0449465 -0.0427416 0.187571 3
-0.0430258 -0.0428641 0.1877 3
-0.0416669 -0.0426053 0.188 3
-0.0465203 -0.0415661 0.187 3
-0.0457083 -0.0415661 0.187 3
-0.0425551 -0.0411861 0.187222 3
-0.0410715 -0.040822 0.187909 3
-0.0424603 -0.0397378 0.187 3
-0.0413064 -0.0395377 0.187429 3
-0.0737087 -0.0238162 0.188 3
-0.0727904 -0.023612 0.188 3
-0.0722801 -0.0225908 0.188 3
-0.0241153 -0.0170767 0.188 3
-0.0254081 -0.0151575 0.187 3
-0.0241153 -0.0166682 0.188 3
-0.0256118 -0.0139742 0.187857 3
-0.0249317 -0.0144217 0.188 3
-0.0253404 -0.0115687 0.187 3
-0.024799 -0.0110947 0.187 3
-0.0258141 -0.00865699 0.187 3
-0.0263884 -0.00733036 0.187545 3
-0.026924 -0.00603758 0.187667 3
-0.0279186 -0.000941162 0.1875 3
-0.0282651 0.00736272 0.188 3
-0.0287582 0.011902 0.187667 3
-0.0286561 0.012673 0.187 3
-0.0636884 -0.0463975 0.191 3
-0.0617048 -0.0467737 0.19 3
-0.0600204 -0.0466483 0.190333 3
-0.0576753 -0.0463975 0.191 3
-0.0554636 -0.046605 0.191 3
-0.0535256 -0.0468353 0.19025 3
-0.0516358 -0.0468384 0.190846 3
-0.0502109 -0.0463975 0.191 3
-0.0637516 -0.0452945 0.1902 3
-0.0619427 -0.0455495 0.189625 3
-0.0597146 -0.0456493 0.189857 3
-0.0577543 -0.0452637 0.189824 3
-0.0556642 -0.045079 0.189947 3
-0.0535701 -0.0454554 0.189526 3
-0.0514454 -0.0453812 0.189706 3
-0.0494136 -0.0452024 0.190333 3
-0.0472103 -0.0448509 0.1906 3
-0.0449978 -0.0447097 0.19 3
-0.0430243 -0.0448038 0.1904 3
-0.0412951 -0.0449451 0.191 3
-0.038807 -0.0443226 0.191 3
-0.0369408 -0.0443226 0.191 3
-0.0350747 -0.0443226 0.191 3
-0.0558403 -0.0438585 0.189 3
-0.0488644 -0.0436531 0.189 3
-0.047223 -0.0436531 0.189 3
-0.0455816 -0.0436531 0.189 3
-0.0422989 -0.0436531 0.189 3
-0.0409231 -0.0433288 0.189455 3
-0.0389081 -0.0429348 0.189889 3
-0.0367861 -0.0428981 0.1902 3
-0.0347061 -0.0430346 0.1905 3
-0.0404523 -0.0413947 0.189 3
-0.0390156 -0.0410633 0.189095 3
-0.0370236 -0.0412676 0.189833 3
-0.0353036 -0.0416137 0.19 3
-0.0402471 -0.0397522 0.189 3
-0.0398368 -0.0397522 0.189 3
-0.0744441 -0.0282843 0.190455 3
-0.0731847 -0.0275576 0.191 3
-0.0745014 -0.0263904 0.189545 3
-0.0727858 -0.0261733 0.190348 3
-0.0708115 -0.0254493 0.190889 3
-0.0635611 -0.0255144 0.19 3
-0.0627361 -0.0255144 0.19 3
-0.0741008 -0.0249695 0.189 3
-0.0722845 -0.0243273 0.189227 3
-0.0704081 -0.0241112 0.19 3
-0.0691053 -0.024134 0.1905 3
-0.0635611 -0.0251016 0.19 3
-0.0627361 -0.0251016 0.19 3
-0.0714335 -0.022711 0.189 3
-0.0710232 -0.022711 0.189 3
-0.0257442 -0.0210839 0.191 3
-0.0244172 -0.0212499 0.191 3
-0.0276102 -0.020254 0.191 3
-0.0259544 -0.0199629 0.1898 3
-0.0242777 -0.0198474 0.190083 3
-0.0241726 -0.0180371 0.1904 3
-0.0241952 -0.0156619 0.19025 3
-0.0228414 -0.0163117 0.191 3
-0.0254746 -0.0132665 0.189 3
-0.0243674 -0.0135267 0.19025 3
-0.0255195 -0.0115742 0.189333 3
-0.0247698 -0.0116767 0.190182 3
-0.0255449 -0.00936642 0.190889 3
-0.0251969 -0.0102407 0.19 3
-0.0258152 -0.00705633 0.1895 3
-0.0251306 -0.00753648 0.1895 3
-0.0275264 -0.0050539 0.189 3
-0.0264468 -0.00528126 0.1898 3
-0.0275957 -0.00323873 0.1909 3
-0.0267118 -0.00351664 0.191 3
-0.0276075 -0.00111014 0.190625 3
-0.0270254 -0.00122029 0.190429 3
-0.0280338 0.000285297 0.189667 3
-0.0276159 0.00344718 0.190429 3
-0.0265736 0.00360711 0.191 3
-0.0275352 0.00512002 0.1902 3
-0.0263878 0.00531828 0.190417 3
-0.0276308 0.00746812 0.190667 3
-0.0267102 0.00706389 0.1902 3
-0.0285522 0.0109607 0.189 3
-0.0639362 -0.0485606 0.193 3
-0.0620505 -0.0485606 0.193 3
-0.0605839 -0.0485606 0.193 3
-0.0551365 -0.0485606 0.193 3
-0.0538794 -0.0485606 0.193 3
-0.0655937 -0.046792 0.192333 3
-0.0642509 -0.0473071 0.192375 3
-0.0620505 -0.0481413 0.193 3
-0.0598012 -0.047412 0.192167 3
-0.057679 -0.0473646 0.1924 3
-0.05585 -0.047608 0.19275 3
-0.0538794 -0.0481413 0.193 3
-0.0506822 -0.0472661 0.192 3
-0.0493471 -0.0471744 0.192688 3
-0.047286 -0.0470855 0.192762 3
-0.0453188 -0.0469358 0.192706 3
-0.0433491 -0.0466098 0.192444 3
-0.0410555 -0.0464158 0.1928 3
-0.0360705 -0.046464 0.193 3
-0.0352325 -0.046464 0.193 3
-0.0483895 -0.0458061 0.192 3
-0.0471389 -0.0458061 0.192 3
-0.0450546 -0.0458061 0.192 3
-0.0429703 -0.0458061 0.192 3
-0.0407022 -0.045634 0.192444 3
-0.0389216 -0.0453215 0.1926 3
-0.0367293 -0.0453445 0.192455 3
-0.0346334 -0.0451919 0.192412 3
-0.0328485 -0.0447506 0.192714 3
-0.0311469 -0.0444722 0.193 3
-0.0327242 -0.0431432 0.192263 3
-0.0307198 -0.0434642 0.193 3
-0.0737964 -0.030314 0.192625 3
-0.0733644 -0.0305298 0.193 3
-0.0738007 -0.0289869 0.1925 3
-0.072586 -0.0281286 0.192667 3
-0.0704312 -0.0275945 0.193 3
-0.068336 -0.0275945 0.193 3
-0.0662408 -0.0275945 0.193 3
-0.0640218 -0.0274516 0.192 3
-0.0621511 -0.0275469 0.192667 3
-0.0719968 -0.0268728 0.192333 3
-0.0703378 -0.0264348 0.192263 3
-0.068337 -0.0262428 0.192517 3
-0.0663355 -0.0263507 0.19281 3
-0.0642823 -0.0264608 0.192 3
-0.0623991 -0.0268404 0.1924 3
-0.0683988 -0.0247401 0.192 3
-0.0666951 -0.0248045 0.1925 3
-0.0339754 -0.0227723 0.193 3
-0.0325882 -0.0223744 0.192778 3
-0.030545 -0.0222762 0.192762 3
-0.0284984 -0.0221213 0.1928 3
-0.0264149 -0.022196 0.192455 3
-0.0242538 -0.0219284 0.192333 3
-0.0230805 -0.0219337 0.193 3
-0.0296307 -0.0207772 0.192 3
-0.0283801 -0.0207772 0.192 3
-0.0269211 -0.0207772 0.192 3
-0.0233778 -0.0197343 0.192 3
-0.0226216 -0.0200121 0.192667 3
-0.0234265 -0.0178948 0.1924 3
-0.0227051 -0.0178487 0.192727 3
-0.0233778 -0.0153543 0.192 3
-0.0225908 -0.0158699 0.192727 3
-0.0234752 -0.0137418 0.1928 3
-0.0230566 -0.0137418 0.1928 3
-0.0242457 -0.0116349 0.1926 3
-0.0249662 -0.00956373 0.193 3
-0.0249662 -0.00725747 0.193 3
-0.0256706 -0.00513412 0.192 3
-0.0260333 -0.00310607 0.192375 3
-0.0261543 -0.00117426 0.1925 3
-0.0249662 -0.00054833 0.193 3
-0.0277565 0.00107356 0.192375 3
-0.0264215 0.000919171 0.19292 3
-0.0249662 0.00175793 0.193 3
-0.0276865 0.00248165 0.19225 3
-0.0262856 0.00281574 0.192895 3
-0.0249662 0.0030159 0.193 3
-0.0256706 0.00446029 0.192 3
-0.0296307 0.0092575 0.192 3
-0.0283801 0.0092575 0.192 3
-0.0271296 0.00863178 0.192 3
-0.0296307 0.0105089 0.192 3
-0.0283801 0.0105089 0.192 3
-0.0652338 -0.0507585 0.195 3
-0.0641753 -0.0507585 0.195 3
-0.0471497 -0.0511216 0.195 3
-0.0455469 -0.0507585 0.195 3
-0.0656482 -0.049282 0.194556 3
-0.063969 -0.0496989 0.194375 3
-0.0618468 -0.0496993 0.195 3
-0.0596874 -0.0492114 0.194556 3
-0.057859 -0.0487844 0.194167 3
-0.0562646 -0.0486014 0.194 3
-0.052895 -0.0486014 0.194 3
-0.0514207 -0.0486014 0.194 3
-0.0495172 -0.0488019 0.1948 3
-0.0473133 -0.0493434 0.194429 3
-0.0453024 -0.0493792 0.194708 3
-0.0435076 -0.0489267 0.194875 3
-0.0417365 -0.0486401 0.195 3
-0.0667156 -0.0480046 0.195 3
-0.0451027 -0.0479692 0.194 3
-0.042935 -0.0476562 0.194308 3
-0.0409207 -0.047377 0.194286 3
-0.0389205 -0.0469771 0.194444 3
-0.0369547 -0.0471733 0.194625 3
-0.034526 -0.0471733 0.194625 3
-0.0325831 -0.0470854 0.1947 3
-0.0305171 -0.0467337 0.195 3
-0.0285061 -0.0466277 0.195 3
-0.0271301 -0.0465218 0.195 3
-0.032256 -0.0456509 0.194 3
-0.0302475 -0.0451504 0.194048 3
-0.0284349 -0.045246 0.194739 3
-0.0271301 -0.0456745 0.195 3
-0.0728777 -0.0316122 0.1945 3
-0.0725995 -0.030253 0.194538 3
-0.0700833 -0.0299218 0.195 3
-0.0684283 -0.0299218 0.195 3
-0.0660805 -0.0295751 0.195 3
-0.0639637 -0.0295751 0.195 3
-0.0620585 -0.0295751 0.195 3
-0.0722044 -0.0288813 0.19425 3
-0.0703547 -0.0286303 0.194333 3
-0.0682451 -0.0286303 0.194333 3
-0.0661354 -0.0286303 0.194333 3
-0.0640258 -0.0286303 0.194333 3
-0.0619816 -0.0285931 0.194286 3
-0.0389846 -0.024703 0.195 3
-0.0368186 -0.0242232 0.194952 3
-0.0347209 -0.0240831 0.194522 3
-0.0325503 -0.0242182 0.1945 3
-0.0304388 -0.0242182 0.1945 3
-0.0283274 -0.0242182 0.1945 3
-0.0262423 -0.0242426 0.1947 3
-0.0241251 -0.0236041 0.194667 3
-0.0226651 -0.023624 0.194833 3
-0.0358362 -0.0226796 0.194 3
-0.0349938 -0.0226796 0.194 3
-0.0242531 -0.0226796 0.194 3
-0.0221004 -0.0218603 0.194467 3
-0.0207795 -0.0215255 0.195 3
-0.0216783 -0.0201986 0.194091 3
-0.0207795 -0.0206782 0.195 3
-0.0219666 -0.0181034 0.194 3
-0.0225683 -0.0150927 0.194 3
-0.0225877 -0.0136282 0.194167 3
-0.0236 -0.0114523 0.194571 3
-0.0226846 -0.0122048 0.195 3
-0.0243531 -0.00965206 0.1948 3
-0.0253496 -0.00765776 0.194333 3
-0.0249277 -0.00765776 0.194333 3
-0.0253322 -0.00540478 0.1942 3
-0.0243355 -0.00517067 0.194765 3
-0.0253061 -0.00329088 0.194 3
-0.0241612 -0.00337398 0.194522 3
-0.0253061 -0.00160491 0.194 3
-0.0246322 -0.0017735 0.194 3
-0.0680414 -0.0525631 0.197 3
-0.066199 -0.0529582 0.197 3
-0.064192 -0.0527771 0.197 3
-0.0693246 -0.0519211 0.197 3
-0.0680893 -0.0513475 0.19675 3
-0.0661534 -0.0513381 0.196 3
-0.0637759 -0.0514895 0.196286 3
-0.062008 -0.0514254 0.196556 3
-0.0599755 -0.0513635 0.1965 3
-0.058144 -0.0510132 0.1968 3
-0.0485465 -0.0508059 0.196 3
-0.0481209 -0.0508059 0.196 3
-0.0445038 -0.0508059 0.196 3
-0.0432089 -0.0511959 0.1966 3
-0.0419507 -0.050637 0.197 3
-0.0675988 -0.0496839 0.196333 3
-0.0668449 -0.0495283 0.196 3
-0.0576957 -0.0499541 0.196 3
-0.0557808 -0.0499542 0.196 3
-0.053653 -0.0499541 0.196 3
-0.0515253 -0.0499542 0.196 3
-0.0496104 -0.0499542 0.196 3
-0.0431566 -0.0496769 0.196167 3
-0.040908 -0.0492902 0.196556 3
-0.038898 -0.0492785 0.1967 3
-0.0367247 -0.0492288 0.1965 3
-0.0345915 -0.0492288 0.1965 3
-0.0325621 -0.0491951 0.196556 3
-0.0308301 -0.048925 0.197 3
-0.0224896 -0.048711 0.197 3
-0.0387589 -0.0478249 0.196 3
-0.0315247 -0.0478249 0.196 3
-0.0303084 -0.0479226 0.1964 3
-0.028343 -0.0476847 0.196625 3
-0.0261176 -0.0473261 0.196577 3
-0.0239866 -0.047427 0.197 3
-0.0222452 -0.0474881 0.197 3
-0.0260182 -0.0457424 0.1962 3
-0.0244143 -0.0459289 0.197 3
-0.0676137 -0.0337306 0.197 3
-0.0669722 -0.0337306 0.197 3
-0.0719515 -0.0322818 0.196 3
-0.0702493 -0.0322818 0.196 3
-0.0682718 -0.0327275 0.196333 3
-0.0668296 -0.0323039 0.197 3
-0.0637643 -0.0319115 0.197 3
-0.062695 -0.0315905 0.197 3
-0.0718451 -0.0310043 0.196 3
-0.0703912 -0.0310753 0.196 3
-0.067962 -0.0308979 0.196 3
-0.0661986 -0.0306154 0.196429 3
-0.0639453 -0.0306154 0.196429 3
-0.0620999 -0.030525 0.1962 3
-0.0406676 -0.0275244 0.197 3
-0.0393844 -0.0275244 0.197 3
-0.0403548 -0.0263201 0.196 3
-0.0387978 -0.0261343 0.1962 3
-0.0367247 -0.0261749 0.1965 3
-0.0345915 -0.0261749 0.1965 3
-0.0324584 -0.0261749 0.1965 3
-0.0304283 -0.0262297 0.196556 3
-0.0284048 -0.0261749 0.1965 3
-0.0263617 -0.0259445 0.196375 3
-0.0239866 -0.0258124 0.197 3
-0.0222757 -0.0258124 0.197 3
-0.0242904 -0.0248297 0.196 3
-0.0219897 -0.0243579 0.196263 3
-0.0209926 -0.0243143 0.197 3
-0.0217734 -0.0227391 0.196333 3
-0.0209926 -0.0228163 0.197 3
-0.0219499 -0.0169516 0.196 3
-0.0219499 -0.0161 0.196 3
-0.0219947 -0.0135739 0.1964 3
-0.0231312 -0.011688 0.197 3
-0.0223267 -0.0119777 0.1965 3
-0.0236735 -0.00926239 0.196625 3
-0.0227035 -0.00954795 0.197 3
-0.0240245 -0.00719068 0.196364 3
-0.0227685 -0.00681503 0.196333 3
-0.023652 -0.00566692 0.196 3
-0.0681921 -0.0551504 0.199 3
-0.0663019 -0.0553126 0.199 3
-0.0644116 -0.0548262 0.199 3
-0.0697852 -0.0535622 0.1988 3
-0.0682324 -0.0537841 0.198133 3
-0.06618 -0.0542875 0.198182 3
-0.0639605 -0.0538141 0.198455 3
-0.0618365 -0.0535701 0.198474 3
-0.0599395 -0.0535032 0.1985 3
-0.0580927 -0.0531508 0.199 3
-0.0557704 -0.0526644 0.199 3
-0.0536101 -0.0526644 0.199 3
-0.0518819 -0.0526644 0.199 3
-0.0495056 -0.0526644 0.199 3
-0.0410804 -0.0526644 0.199 3
-0.0393522 -0.0526644 0.199 3
-0.0365751 -0.0528299 0.198 3
-0.0345995 -0.0528806 0.199 3
-0.0333034 -0.0528805 0.199 3
-0.0589293 -0.0521846 0.198 3
-0.0575801 -0.0519057 0.198167 3
-0.0555836 -0.0516269 0.198333 3
-0.0535766 -0.0516734 0.198385 3
-0.0516814 -0.0515338 0.198231 3
-0.0497432 -0.0516874 0.1984 3
-0.0423786 -0.0519695 0.198 3
-0.040936 -0.0514028 0.1983 3
-0.0386659 -0.051422 0.198 3
-0.0365751 -0.0515394 0.198 3
-0.0346407 -0.0513243 0.198 3
-0.0325718 -0.0514542 0.1985 3
-0.0304641 -0.0508732 0.199 3
-0.0283347 -0.0505026 0.199 3
-0.0263904 -0.0505026 0.199 3
-0.0242301 -0.0505026 0.199 3
-0.0227179 -0.0505026 0.199 3
-0.0686017 -0.0491734 0.198 3
-0.0318463 -0.0500337 0.198 3
-0.0303929 -0.0497774 0.198231 3
-0.0283865 -0.0494296 0.198286 3
-0.026302 -0.0494723 0.198333 3
-0.024149 -0.0494723 0.198333 3
-0.0218855 -0.0492147 0.198231 3
-0.019793 -0.0491057 0.198375 3
-0.0183973 -0.0492055 0.199 3
-0.0234636 -0.0463771 0.198 3
-0.0216709 -0.0469967 0.198385 3
-0.019845 -0.0473224 0.19836 3
-0.0183973 -0.0474761 0.199 3
-0.0235426 -0.0456693 0.198667 3
-0.0220698 -0.046179 0.199 3
-0.0199095 -0.046179 0.199 3
-0.0658142 -0.0342339 0.198857 3
-0.0644116 -0.0342892 0.199 3
-0.0660175 -0.032666 0.198176 3
-0.0645951 -0.0327442 0.198429 3
-0.0655925 -0.0313207 0.198 3
-0.0428087 -0.0297495 0.199 3
-0.0409364 -0.0297495 0.199 3
-0.0425507 -0.0290001 0.1986 3
-0.0408884 -0.0287074 0.198231 3
-0.0387755 -0.0282381 0.198571 3
-0.0365751 -0.0276641 0.198 3
-0.0346407 -0.0276641 0.198 3
-0.0325176 -0.0276874 0.198167 3
-0.0304575 -0.0277689 0.19875 3
-0.028375 -0.0281105 0.198444 3
-0.0265368 -0.028011 0.198714 3
-0.0242301 -0.0278038 0.199 3
-0.0220698 -0.0278038 0.199 3
-0.0258279 -0.0268038 0.198 3
-0.0241084 -0.0268038 0.198 3
-0.0217977 -0.0265869 0.198214 3
-0.0204136 -0.0261465 0.199 3
-0.0202665 -0.0242631 0.198571 3
-0.0204544 -0.022717 0.198 3
-0.0232486 -0.010887 0.198 3
-0.0228187 -0.010887 0.198 3
-0.0720414 -0.057124 0.201 3
-0.0703928 -0.0574151 0.201 3
-0.067241 -0.057124 0.201 3
-0.0668046 -0.057124 0.201 3
-0.071792 -0.0560634 0.201 3
-0.0703537 -0.0558864 0.20081 3
-0.0681892 -0.0559402 0.2002 3
-0.0657753 -0.0558869 0.200143 3
-0.0640098 -0.0556843 0.200643 3
-0.0621056 -0.0556561 0.200625 3
-0.0599434 -0.055135 0.200571 3
-0.0577609 -0.0548494 0.200667 3
-0.0556763 -0.0549405 0.201 3
-0.0537125 -0.0549405 0.201 3
-0.0521851 -0.0549405 0.201 3
-0.071605 -0.0542855 0.201 3
-0.0711686 -0.0542855 0.201 3
-0.0593074 -0.0542326 0.2 3
-0.0575572 -0.0539971 0.200333 3
-0.0556336 -0.0538445 0.200286 3
-0.0535344 -0.0538885 0.200333 3
-0.0515564 -0.0538109 0.200857 3
-0.0502213 -0.0538488 0.201 3
-0.0324251 -0.0536483 0.20025 3
-0.0309404 -0.053551 0.201 3
-0.0284013 -0.052757 0.201 3
-0.0259283 -0.0530481 0.201 3
-0.0240372 -0.052757 0.201 3
-0.022728 -0.052757 0.201 3
-0.051057 -0.0524945 0.2 3
-0.0303655 -0.0518861 0.200231 3
-0.0283071 -0.0517122 0.200333 3
-0.0261323 -0.0517122 0.200333 3
-0.0240972 -0.051759 0.200385 3
-0.0221734 -0.0514438 0.2005 3
-0.0200763 -0.0513623 0.200667 3
-0.0180341 -0.0513352 0.200692 3
-0.0166184 -0.0510102 0.201 3
-0.0217465 -0.0503218 0.2 3
-0.0202267 -0.0503218 0.2 3
-0.0173877 -0.0494015 0.200125 3
-0.0165633 -0.0493161 0.200333 3
-0.0178609 -0.0470271 0.2005 3
-0.0166184 -0.0477348 0.201 3
-0.0217715 -0.0453618 0.200538 3
-0.0200379 -0.0451697 0.20028 3
-0.0184076 -0.0452457 0.201 3
-0.0214188 -0.0440229 0.201 3
-0.0199434 -0.0431911 0.201 3
-0.0185822 -0.0430039 0.201 3
-0.0196005 -0.040966 0.201 3
-0.0185822 -0.040966 0.201 3
-0.0197823 -0.0388371 0.201 3
-0.0185822 -0.0387825 0.201 3
-0.0198914 -0.0374724 0.201 3
-0.0180003 -0.0364534 0.201 3
-0.0179276 -0.0341972 0.201 3
-0.041504 -0.0316371 0.2 3
-0.0273915 -0.0316371 0.2 3
-0.0261923 -0.0317637 0.2008 3
-0.0246918 -0.0317953 0.201 3
-0.0181458 -0.0333237 0.201 3
-0.0430207 -0.0307036 0.201 3
-0.0410406 -0.0303844 0.200333 3
-0.0388162 -0.0302223 0.2007 3
-0.0366929 -0.0302668 0.201 3
-0.0346979 -0.0300797 0.201 3
-0.0325471 -0.0298301 0.201 3
-0.0305833 -0.0298301 0.201 3
-0.0281226 -0.0301488 0.200471 3
-0.0261298 -0.0303829 0.20032 3
-0.0244424 -0.030298 0.201 3
-0.020546 -0.0298301 0.201 3
-0.0380302 -0.0288126 0.2 3
-0.0367275 -0.0288127 0.2 3
-0.0347734 -0.0288127 0.2 3
-0.0326023 -0.0288127 0.2 3
-0.0304311 -0.0288127 0.2 3
-0.0258717 -0.0288127 0.2 3
-0.0239407 -0.0288415 0.2002 3
-0.0220734 -0.0289566 0.201 3
-0.0202344 -0.0283366 0.200556 3
-0.0197277 -0.0262819 0.201 3
-0.0188004 -0.0254631 0.201 3
-0.0192368 -0.024808 0.201 3
-0.0188004 -0.024808 0.201 3
-0.0234834 -0.00860701 0.2 3
-0.0230492 -0.00860701 0.2 3
-0.0234834 -0.00817248 0.2 3
-0.0230492 -0.00817248 0.2 3
-0.0233949 -0.0590155 0.203 3
-0.0225134 -0.0590155 0.203 3
-0.071742 -0.0580665 0.202 3
-0.0696587 -0.0578471 0.202 3
-0.0684308 -0.0579518 0.20275 3
-0.0662964 -0.0575771 0.202333 3
-0.0641101 -0.0574247 0.202833 3
-0.06196 -0.0574719 0.203 3
-0.0601236 -0.0570308 0.203 3
-0.0577729 -0.0568103 0.203 3
-0.0555692 -0.0570308 0.203 3
-0.0535859 -0.0570308 0.203 3
-0.0520433 -0.0570308 0.203 3
-0.0280962 -0.0568838 0.203 3
-0.0261798 -0.0573893 0.202769 3
-0.0241056 -0.0577562 0.202217 3
-0.0225936 -0.0577726 0.203 3
-0.0738312 -0.0554755 0.2028 3
-0.0728158 -0.0556358 0.202286 3
-0.0609969 -0.056311 0.202 3
-0.0597005 -0.0561061 0.20225 3
-0.0577076 -0.0558722 0.202 3
-0.0557341 -0.0558721 0.202 3
-0.0535412 -0.0558722 0.202 3
-0.0514191 -0.0556654 0.202667 3
-0.0496192 -0.0552666 0.203 3
-0.0316126 -0.0554333 0.202 3
-0.0302761 -0.0553235 0.202286 3
-0.0282431 -0.0554871 0.203 3
-0.0262104 -0.055601 0.202611 3
-0.0241799 -0.0556196 0.2022 3
-0.0222815 -0.0553478 0.203 3
-0.0493748 -0.0541167 0.202 3
-0.0300776 -0.0538972 0.202 3
-0.0283233 -0.0536777 0.202 3
-0.0264959 -0.0538972 0.202 3
-0.0242195 -0.0538658 0.202 3
-0.0218899 -0.0533467 0.202222 3
-0.0199229 -0.0534353 0.202556 3
-0.0180609 -0.0532615 0.2025 3
-0.0167838 -0.0530614 0.203 3
-0.0171397 -0.0519223 0.202 3
-0.0162066 -0.051674 0.2024 3
-0.0157425 -0.0492696 0.202375 3
-0.0171397 -0.0468752 0.202 3
-0.0160837 -0.047215 0.202353 3
-0.0221833 -0.0444614 0.202 3
-0.0175706 -0.045053 0.202308 3
-0.0163706 -0.0451898 0.202923 3
-0.0213061 -0.0429253 0.202 3
-0.020429 -0.0420476 0.202 3
-0.0180338 -0.0436268 0.2022 3
-0.0167838 -0.0437994 0.203 3
-0.0213764 -0.041305 0.202667 3
-0.020429 -0.0408772 0.202 3
-0.0213061 -0.0391217 0.202 3
-0.020429 -0.038756 0.202 3
-0.0178856 -0.0385068 0.203 3
-0.0213483 -0.0368526 0.2024 3
-0.0199904 -0.0365616 0.202 3
-0.0186747 -0.0365616 0.202 3
-0.0366172 -0.0338758 0.203 3
-0.0214116 -0.0354195 0.203 3
-0.0200207 -0.0346374 0.2023 3
-0.018575 -0.0347862 0.202 3
-0.0448812 -0.032671 0.202875 3
-0.0431506 -0.0320549 0.202636 3
-0.0408384 -0.0319573 0.202273 3
-0.0388334 -0.0323113 0.202556 3
-0.0366824 -0.0323655 0.202304 3
-0.0348105 -0.0321826 0.20275 3
-0.0330913 -0.0318911 0.203 3
-0.0295653 -0.0318911 0.203 3
-0.0284836 -0.0321165 0.2022 3
-0.0238764 -0.0321811 0.2026 3
-0.0220727 -0.0318911 0.203 3
-0.0200207 -0.0324411 0.2023 3
-0.0184891 -0.0322573 0.202 3
-0.0445504 -0.0310757 0.202 3
-0.034244 -0.0308562 0.202 3
-0.0325528 -0.0309173 0.2024 3
-0.0303581 -0.0309174 0.2024 3
-0.0289811 -0.0308562 0.202 3
-0.0236086 -0.0306368 0.202 3
-0.0219859 -0.0304479 0.2022 3
-0.0198964 -0.0304801 0.202 3
-0.0184554 -0.0304174 0.202 3
-0.0193325 -0.0291007 0.202 3
-0.018894 -0.0291007 0.202 3
-0.0193325 -0.0264675 0.202 3
-0.018894 -0.0264675 0.202 3
-0.0210868 -0.0225177 0.202 3
-0.0206483 -0.0225177 0.202 3
-0.0217447 -0.0203233 0.202 3
-0.0227338 -0.0155724 0.203 3
-0.0227338 -0.012044 0.203 3
-0.0674664 -0.0609331 0.205 3
-0.0665762 -0.0609331 0.205 3
-0.0677178 -0.0597678 0.20425 3
-0.0662042 -0.0596275 0.204625 3
-0.064364 -0.0591819 0.204333 3
-0.0620438 -0.058863 0.204 3
-0.052556 -0.0591516 0.205 3
-0.0521109 -0.0591516 0.205 3
-0.021517 -0.058863 0.204 3
-0.0207324 -0.0591516 0.205 3
-0.0658086 -0.0584198 0.204 3
-0.0640369 -0.0584198 0.204 3
-0.0620438 -0.0584198 0.204 3
-0.0600039 -0.0579249 0.2046 3
-0.0579959 -0.0580628 0.205 3
-0.0558268 -0.0581897 0.20475 3
-0.0535921 -0.0582854 0.2045 3
-0.0513104 -0.0579371 0.20425 3
-0.0496538 -0.057524 0.2046 3
-0.0218123 -0.057755 0.204 3
-0.0207323 -0.0578154 0.205 3
-0.0751098 -0.0555389 0.204 3
-0.0728074 -0.0546976 0.205 3
-0.050528 -0.0564253 0.204 3
-0.0492672 -0.0562878 0.204455 3
-0.021517 -0.0562037 0.204 3
-0.0200878 -0.0555506 0.204222 3
-0.017821 -0.0553117 0.2048 3
-0.0162815 -0.0546976 0.205 3
-0.0758913 -0.0534887 0.205 3
-0.0746206 -0.0538539 0.204737 3
-0.0730423 -0.0540869 0.204857 3
-0.0170879 -0.0542092 0.204 3
-0.0157974 -0.053454 0.2045 3
-0.0153163 -0.0513283 0.204 3
-0.0153162 -0.0499986 0.204 3
-0.0216225 -0.0408905 0.205 3
-0.0179738 -0.0373669 0.204 3
-0.0465473 -0.0353231 0.205 3
-0.0453603 -0.0344688 0.204333 3
-0.0432092 -0.0344323 0.205 3
-0.0411745 -0.034146 0.205 3
-0.0385897 -0.0342004 0.2045 3
-0.0367639 -0.0347107 0.2048 3
-0.0348177 -0.0341539 0.204909 3
-0.0235102 -0.0340427 0.204 3
-0.0220451 -0.0344518 0.204 3
-0.0443272 -0.0333779 0.204 3
-0.0429984 -0.0333779 0.204 3
-0.0410053 -0.0331563 0.204 3
-0.0385693 -0.0335995 0.204 3
-0.0367977 -0.0335995 0.204 3
-0.0342287 -0.0330676 0.204 3
-0.0323723 -0.0327506 0.204429 3
-0.0305313 -0.0326304 0.204556 3
-0.0235102 -0.0331563 0.204 3
-0.0221814 -0.0331563 0.204 3
-0.0193025 -0.0285025 0.204 3
-0.0213304 -0.0216672 0.204333 3
-0.0208868 -0.0216672 0.204333 3
-0.0214 -0.0204024 0.205 3
-0.0205734 -0.0202751 0.205 3
-0.0220677 -0.0134988 0.205 3
-0.022217 -0.0113844 0.204333 3
-0.0209549 -0.0121626 0.205 3
-0.0231803 -0.00926758 0.205 3
-0.0225453 -0.00974828 0.204429 3
-0.0231803 -0.0083768 0.205 3
-0.0227353 -0.0083768 0.205 3
-0.0663269 -0.0655752 0.207 3
-0.0665266 -0.0638685 0.20675 3
-0.0662046 -0.0619188 0.206389 3
-0.0647539 -0.0613028 0.207 3
-0.0528441 -0.0613027 0.207 3
-0.0657828 -0.0607828 0.206 3
-0.0640551 -0.0601698 0.2062 3
-0.0619328 -0.0602054 0.206833 3
-0.0598893 -0.0598098 0.2065 3
-0.0577569 -0.0597438 0.206444 3
-0.0556306 -0.0598098 0.2065 3
-0.0535617 -0.060181 0.206769 3
-0.0516943 -0.0598877 0.206 3
-0.0194577 -0.0592539 0.2066 3
-0.018238 -0.0588292 0.207 3
-0.0195734 -0.0578215 0.2064 3
-0.0178944 -0.0574781 0.206667 3
-0.0159909 -0.0570302 0.207 3
-0.0192681 -0.0563071 0.206 3
-0.0179263 -0.0563071 0.206 3
-0.0157651 -0.0557769 0.206625 3
-0.0144179 -0.0550064 0.207 3
-0.0762934 -0.0527266 0.206 3
-0.0742736 -0.052966 0.2065 3
-0.0728705 -0.0531976 0.206714 3
-0.0150431 -0.0538581 0.206333 3
-0.0143831 -0.0535287 0.2065 3
-0.0765411 -0.0513877 0.206167 3
-0.0749027 -0.0515898 0.206571 3
-0.0147955 -0.0513839 0.206 3
-0.0143483 -0.0513839 0.206 3
-0.0779559 -0.0489277 0.206429 3
-0.0767835 -0.0495179 0.2069 3
-0.0147955 -0.0498175 0.206 3
-0.0143483 -0.0498175 0.206 3
-0.078174 -0.0472399 0.206765 3
-0.0771132 -0.0480355 0.207 3
-0.0782367 -0.0451122 0.207 3
-0.0779371 -0.043688 0.207 3
-0.0771132 -0.0439878 0.207 3
-0.0487871 -0.0405305 0.206 3
-0.0479003 -0.0406148 0.207 3
-0.0489578 -0.0390663 0.20625 3
-0.0474509 -0.0388158 0.207 3
-0.0173392 -0.038591 0.207 3
-0.0166651 -0.0381412 0.207 3
-0.0470971 -0.0371591 0.206714 3
-0.0452699 -0.0362996 0.206571 3
-0.0432551 -0.0362543 0.206692 3
-0.0409342 -0.0358925 0.207 3
-0.0389118 -0.0358925 0.207 3
-0.0367459 -0.0357538 0.2062 3
-0.0353163 -0.0361174 0.207 3
-0.0174515 -0.0373542 0.207 3
-0.0166651 -0.0376915 0.207 3
-0.0449854 -0.0352716 0.206 3
-0.0430136 -0.0353058 0.2062 3
-0.0408263 -0.0349832 0.206455 3
-0.0392091 -0.0350774 0.2065 3
-0.0345074 -0.0350818 0.2062 3
-0.0327453 -0.0345521 0.206375 3
-0.0305669 -0.0342853 0.2068 3
-0.0290244 -0.0343184 0.207 3
-0.0195864 -0.0280221 0.207 3
-0.0204852 -0.0244242 0.207 3
-0.0203862 -0.0213971 0.206 3
-0.021728 -0.019383 0.206 3
-0.0204522 -0.0199679 0.206667 3
-0.0217796 -0.0178598 0.2065 3
-0.0204852 -0.0185777 0.207 3
-0.0217357 -0.0157202 0.206556 3
-0.0204852 -0.0154295 0.207 3
-0.0214597 -0.0137884 0.206 3
-0.0204357 -0.0135987 0.2065 3
-0.0640182 -0.0675711 0.209 3
-0.0657441 -0.066118 0.208 3
-0.0646774 -0.0662996 0.20875 3
-0.0659004 -0.0639801 0.208 3
-0.0647005 -0.0639871 0.208667 3
-0.0551697 -0.0630302 0.209 3
-0.0542622 -0.0634843 0.209 3
-0.0655183 -0.0625027 0.208 3
-0.0640553 -0.0620417 0.208222 3
-0.0619763 -0.0618951 0.209 3
-0.06009 -0.061821 0.20875 3
-0.0578309 -0.0619359 0.208375 3
-0.0554271 -0.0619128 0.2086 3
-0.0540891 -0.0619246 0.208333 3
-0.0177843 -0.0596557 0.208 3
-0.0158039 -0.0595801 0.20825 3
-0.0136497 -0.0596246 0.209 3
-0.0120615 -0.0591705 0.209 3
-0.017423 -0.0586615 0.208 3
-0.015786 -0.0580401 0.208 3
-0.0136358 -0.0577529 0.2088 3
-0.011759 -0.0579596 0.209 3
-0.0149392 -0.056176 0.208 3
-0.0134839 -0.0558968 0.2089 3
-0.0134363 -0.0537043 0.208444 3
-0.0759051 -0.0505271 0.208 3
-0.0743192 -0.0513202 0.208421 3
-0.073011 -0.0518896 0.208333 3
-0.0138434 -0.05178 0.2085 3
-0.076117 -0.0490239 0.208444 3
-0.0749919 -0.0498355 0.208545 3
-0.0777115 -0.0471377 0.208 3
-0.0768899 -0.0472215 0.208375 3
-0.0777115 -0.0453301 0.208 3
-0.0769271 -0.0452383 0.2082 3
-0.04859 -0.0423694 0.209 3
-0.0475816 -0.042647 0.209 3
-0.0470774 -0.0407912 0.208667 3
-0.0464921 -0.0391445 0.20875 3
-0.0453342 -0.038361 0.208636 3
-0.0431448 -0.0380557 0.209 3
-0.0408759 -0.0380557 0.209 3
-0.0388339 -0.0380557 0.209 3
-0.036792 -0.0380557 0.209 3
-0.0168261 -0.0391909 0.209 3
-0.0156166 -0.0380995 0.208 3
-0.0452389 -0.0374577 0.2082 3
-0.0427519 -0.0372204 0.208556 3
-0.0408945 -0.0370737 0.208385 3
-0.0388625 -0.0369889 0.208286 3
-0.0367556 -0.037079 0.208429 3
-0.0343422 -0.0368224 0.208538 3
-0.0326759 -0.0364315 0.2088 3
-0.0306337 -0.0361744 0.209 3
-0.0290779 -0.0357852 0.209 3
-0.0175359 -0.0365178 0.208 3
-0.0158173 -0.036584 0.208167 3
-0.0143303 -0.0366934 0.209 3
-0.0318742 -0.035388 0.208 3
-0.0305486 -0.0353637 0.208429 3
-0.0284944 -0.0345527 0.209 3
-0.0176488 -0.035388 0.208 3
-0.016043 -0.0353502 0.208667 3
-0.0143303 -0.0353312 0.209 3
-0.0283972 -0.0335148 0.209 3
-0.0206831 -0.0223897 0.209 3
-0.0203584 -0.0174246 0.208 3
-0.0199068 -0.0162949 0.208 3
-0.019681 -0.0136964 0.208 3
-0.0634299 -0.0677393 0.211143 3
-0.0626357 -0.0676198 0.212 3
-0.0637209 -0.0661918 0.210667 3
-0.0621215 -0.0658466 0.211818 3
-0.059874 -0.0655471 0.212 3
-0.0576647 -0.0657313 0.212 3
-0.0561917 -0.0660077 0.212 3
-0.0637989 -0.0642589 0.210182 3
-0.0621104 -0.064101 0.210632 3
-0.0598781 -0.0639913 0.210667 3
-0.0578223 -0.0642335 0.211231 3
-0.0560314 -0.0640737 0.21075 3
-0.0634126 -0.0628756 0.21 3
-0.0620448 -0.0628756 0.21 3
-0.0599931 -0.0628756 0.21 3
-0.0574854 -0.0628756 0.21 3
-0.0563456 -0.0628756 0.21 3
-0.0114353 -0.0572864 0.21 3
-0.0117392 -0.0556515 0.21 3
-0.0130311 -0.0528379 0.21 3
-0.0120432 -0.0535983 0.21 3
-0.0738993 -0.0507848 0.21 3
-0.0729874 -0.0507848 0.21 3
-0.0134472 -0.0516644 0.2108 3
-0.012292 -0.0522856 0.211 3
-0.0757231 -0.0489597 0.21 3
-0.0744815 -0.049212 0.210667 3
-0.0729499 -0.0494626 0.211294 3
-0.0761563 -0.0473888 0.210235 3
-0.074479 -0.0472533 0.211 3
-0.0728678 -0.0473919 0.211692 3
-0.076179 -0.0455378 0.21 3
-0.0748763 -0.0454075 0.21 3
-0.0451449 -0.0441291 0.212 3
-0.0466441 -0.0430635 0.210273 3
-0.0452353 -0.0428879 0.211455 3
-0.0434879 -0.0425631 0.212 3
-0.0466779 -0.0416535 0.2102 3
-0.0452527 -0.0409228 0.2109 3
-0.0432009 -0.0409623 0.2115 3
-0.0410126 -0.0408833 0.211714 3
-0.0389485 -0.0407961 0.211615 3
-0.0368598 -0.040214 0.212 3
-0.0352489 -0.040214 0.212 3
-0.0283445 -0.0399837 0.212 3
-0.0269637 -0.0399837 0.212 3
-0.0232898 -0.0412034 0.21 3
-0.0228338 -0.0412034 0.21 3
-0.0449181 -0.0393443 0.210222 3
-0.0431141 -0.0392579 0.210385 3
-0.0410619 -0.0391716 0.210286 3
-0.0388534 -0.0392131 0.210333 3
-0.0366151 -0.0390334 0.2106 3
-0.0345142 -0.0388423 0.2108 3
-0.0325511 -0.0388792 0.211417 3
-0.03036 -0.0386031 0.211615 3
-0.0283726 -0.0387387 0.211706 3
-0.0265955 -0.0389704 0.212 3
-0.0351443 -0.0377815 0.21 3
-0.0326366 -0.0375534 0.21 3
-0.0305127 -0.0371206 0.210231 3
-0.0283716 -0.0368139 0.210294 3
-0.0285331 -0.0355002 0.21 3
-0.0176324 -0.0344403 0.2105 3
-0.0158407 -0.0345221 0.211 3
-0.0144674 -0.0349816 0.211 3
-0.0179553 -0.0328115 0.212 3
-0.0163772 -0.033305 0.212 3
-0.0191389 -0.0303111 0.212 3
-0.0182183 -0.0312323 0.212 3
-0.0191389 -0.0293899 0.212 3
-0.0211101 -0.0235209 0.211 3
-0.020257 -0.0235952 0.211667 3
-0.0633936 -0.0686329 0.213 3
-0.0618272 -0.0683876 0.213545 3
-0.0599508 -0.0680988 0.2135 3
-0.0578442 -0.0677074 0.213 3
-0.061775 -0.0667818 0.213 3
-0.0599252 -0.0667818 0.213 3
-0.0583066 -0.0667818 0.213 3
-0.0118854 -0.0529145 0.214 3
-0.0151378 -0.0508222 0.214 3
-0.0132793 -0.0517521 0.214 3
-0.0120597 -0.0519265 0.214 3
-0.0243161 -0.0487336 0.213 3
-0.0406923 -0.0464052 0.214 3
-0.0243162 -0.0478081 0.213 3
-0.044433 -0.0448001 0.213 3
-0.0430456 -0.0448001 0.213 3
-0.0408286 -0.0450456 0.213647 3
-0.0395307 -0.0450104 0.214 3
-0.044433 -0.0438745 0.213 3
-0.0427736 -0.0431667 0.213 3
-0.0408547 -0.0430538 0.213217 3
-0.039007 -0.0427837 0.213529 3
-0.0367429 -0.0424532 0.214 3
-0.0348844 -0.0424532 0.214 3
-0.0379586 -0.0413292 0.213 3
-0.0368025 -0.0413293 0.213 3
-0.0345678 -0.0410064 0.213125 3
-0.0326776 -0.040871 0.213625 3
-0.0302922 -0.0408719 0.213833 3
-0.0283269 -0.0412144 0.2136 3
-0.0262374 -0.040863 0.213583 3
-0.024175 -0.0407882 0.2138 3
-0.0224664 -0.0408665 0.213 3
-0.0178418 -0.0408665 0.213 3
-0.0165317 -0.0403609 0.214 3
-0.0319467 -0.0397095 0.213 3
-0.0305593 -0.0397095 0.213 3
-0.0259348 -0.0397095 0.213 3
-0.0241289 -0.0397841 0.2134 3
-0.0165317 -0.039896 0.214 3
-0.0151133 -0.0339712 0.213 3
-0.0143734 -0.0341563 0.213 3
-0.0173794 -0.0323052 0.213 3
-0.0158859 -0.0325301 0.213588 3
-0.0144184 -0.0328698 0.213667 3
-0.0178085 -0.0303823 0.213222 3
-0.0165317 -0.0303646 0.214 3
-0.0192592 -0.028647 0.213333 3
-0.0179841 -0.0287761 0.2136 3
-0.0202487 -0.0257151 0.214 3
-0.0197525 -0.0238942 0.213667 3
-0.0200164 -0.0223443 0.214 3
-0.0202487 -0.0192058 0.214 3
-0.0192292 -0.0147198 0.213 3
-0.0192292 -0.014257 0.213 3
-0.0135958 -0.0509042 0.215333 3
-0.0115787 -0.0509664 0.2152 3
-0.0156965 -0.0494931 0.2153 3
-0.0136379 -0.0494201 0.216 3
-0.0119965 -0.0496547 0.216 3
-0.0401822 -0.0466221 0.215 3
-0.0386584 -0.0470497 0.215533 3
-0.0365359 -0.0469833 0.2158 3
-0.0349759 -0.0470735 0.216 3
-0.0243094 -0.0472359 0.215667 3
-0.0170757 -0.0466221 0.215 3
-0.0157407 -0.0472859 0.2159 3
-0.0137482 -0.0476395 0.216 3
-0.0401822 -0.046155 0.215 3
-0.038659 -0.0451715 0.215 3
-0.0367331 -0.0451169 0.215 3
-0.0347086 -0.045155 0.2158 3
-0.0241254 -0.0453029 0.215889 3
-0.0191763 -0.0449871 0.215 3
-0.0177267 -0.045131 0.215182 3
-0.0159106 -0.0452505 0.216 3
-0.0380816 -0.0435858 0.215 3
-0.0366812 -0.0435858 0.215 3
-0.0343805 -0.0433189 0.215 3
-0.0325556 -0.0432201 0.2155 3
-0.0304501 -0.0432201 0.2155 3
-0.0283446 -0.0432201 0.2155 3
-0.026257 -0.0432499 0.21565 3
-0.0242084 -0.0433346 0.215571 3
-0.0191763 -0.0431187 0.215 3
-0.0177997 -0.0431792 0.2153 3
-0.0158724 -0.0430018 0.216 3
-0.0145758 -0.0423806 0.216 3
-0.0320132 -0.0417174 0.215 3
-0.0310796 -0.0417174 0.215 3
-0.0259449 -0.0419509 0.215 3
-0.0245445 -0.0419509 0.215 3
-0.0191763 -0.0419509 0.215 3
-0.0174647 -0.0416395 0.215 3
-0.0157355 -0.0410972 0.215833 3
-0.0145758 -0.0414421 0.216 3
-0.0150448 -0.0395649 0.216 3
-0.0145758 -0.0395649 0.216 3
-0.0154651 -0.0319573 0.215333 3
-0.0145758 -0.0320562 0.216 3
-0.0154857 -0.0303591 0.215143 3
-0.0145083 -0.0305065 0.215 3
-0.0194097 -0.0277038 0.215 3
-0.0175685 -0.0280479 0.215133 3
-0.0160012 -0.0283611 0.215769 3
-0.0194549 -0.0263625 0.2155 3
-0.0181452 -0.0262944 0.216 3
-0.0194097 -0.0249011 0.215 3
-0.0185621 -0.0240782 0.216 3
-0.0196325 -0.0216239 0.2154 3
-0.0185621 -0.0224357 0.216 3
-0.0200438 -0.0204453 0.2158 3
-0.0196893 -0.01337 0.2155 3
-0.0180931 -0.0135192 0.216 3
-0.0197345 -0.0122286 0.216 3
-0.0180931 -0.0121113 0.216 3
-0.03246 -0.0489304 0.218 3
-0.0312767 -0.0489304 0.218 3
-0.0277268 -0.049404 0.218 3
-0.0263842 -0.049095 0.217333 3
-0.03396 -0.0472915 0.217 3
-0.0325948 -0.0472983 0.217739 3
-0.0309217 -0.0469174 0.218 3
-0.0281213 -0.0470621 0.218 3
-0.0263068 -0.047281 0.217556 3
-0.0247728 -0.0468201 0.217 3
-0.0134655 -0.0468201 0.217 3
-0.0326559 -0.0453179 0.217176 3
-0.0304732 -0.04524 0.217333 3
-0.0283498 -0.04524 0.217333 3
-0.0261365 -0.0453346 0.217143 3
-0.0151144 -0.0449342 0.217 3
-0.013701 -0.0451699 0.217 3
-0.0151144 -0.0435198 0.217 3
-0.0135963 -0.0431007 0.217 3
-0.0151144 -0.040691 0.217 3
-0.0136239 -0.0411934 0.217444 3
-0.0172121 -0.0260586 0.217143 3
-0.0158502 -0.0263308 0.217579 3
-0.017518 -0.0240194 0.2176 3
-0.0162168 -0.0243227 0.218 3
-0.017825 -0.02179 0.21775 3
-0.016604 -0.021933 0.218 3
-0.0195902 -0.0194751 0.217 3
-0.0181777 -0.0201889 0.217429 3
-0.016604 -0.0205121 0.218 3
-0.0198982 -0.0180613 0.217429 3
-0.0200214 -0.0158889 0.2176 3
-0.0181768 -0.0154676 0.217 3
-0.0181768 -0.0145247 0.217 3
-0.0302315 -0.0493927 0.219 3
-0.028805 -0.0493927 0.219 3
-0.0302315 -0.0474895 0.219 3
-0.0284246 -0.0473943 0.219 3
-0.0135895 -0.0403523 0.219 3
-0.0135895 -0.0398765 0.219 3
-0.015016 -0.0275054 0.219 3
-0.014065 -0.0275054 0.219 3
-0.015016 -0.0263159 0.219 3
-0.014065 -0.0270296 0.219 3
-0.0152877 -0.0239709 0.219 3
-0.015967 -0.0220336 0.219 3
-0.0190576 -0.0189409 0.219 3
-0.0177661 -0.019413 0.2195 3
-0.0167564 -0.0195053 0.22 3
-0.0190576 -0.0177514 0.219 3
-0.0179325 -0.0178158 0.2192 3
-0.0167056 -0.0180174 0.219333 3
-0.0190576 -0.0165618 0.219 3
-0.0181066 -0.0165618 0.219 3
-0.0137137 -0.0395204 0.221 3
-0.0138688 -0.0385096 0.2235 3
-0.0138998 -0.0371368 0.224 3
-0.0134135 -0.0351902 0.224 3
-0.0138998 -0.0315401 0.224 3
-0.0139619 -0.036325 0.225 3
-0.014084 -0.0344307 0.225 3
-0.0139619 -0.0326586 0.225 3
-0.0154274 -0.0302144 0.225 3
-0.0141247 -0.0306218 0.225 3
-0.015496 -0.0291211 0.226 3
-0.0144504 -0.0289923 0.225 3
